,Demand_MW_Region1Beijing,Demand_MW_Region2Tianjin,Demand_MW_Region3Hebei,Demand_MW_Region4Shanxi,Demand_MW_Region5Inner_Mongolia,Demand_MW_Region6Liaoning,Demand_MW_Region7Jilin,Demand_MW_Region8Heilongjiang,Demand_MW_Region9Shanghai,Demand_MW_Region10Jiangsu,Demand_MW_Region11Zhejiang,Demand_MW_Region12Anhui,Demand_MW_Region13Fujian,Demand_MW_Region14Jiangxi,Demand_MW_Region15Shandong,Demand_MW_Region16Henan,Demand_MW_Region17Hubei,Demand_MW_Region18Hunan,Demand_MW_Region19Guangdong,Demand_MW_Region20Guangxi,Demand_MW_Region21Hainan,Demand_MW_Region22Chongqing,Demand_MW_Region23Sichuan,Demand_MW_Region24Guizhou,Demand_MW_Region25Yunnan,Demand_MW_Region26Tibet,Demand_MW_Region27Shaanxi,Demand_MW_Region28Gansu,Demand_MW_Region29Qinghai,Demand_MW_Region30Ningxia,Demand_MW_Region31Xinjiang
0,25599.06368202623,20195.64172275448,89897.38371506958,57617.96030420284,79457.6092529659,51173.03704501012,17632.28689606523,20570.56267555618,32488.2281091492,170297.7741322358,135989.828015018,66396.36930483519,45788.93594277891,32767.60776333397,149678.1034441617,59347.70406784654,50259.94988179334,41901.03188503395,145958.1298422087,40683.73705984127,7547.042451092329,26064.99650278617,71285.75774660388,31298.180934024,36453.77425033372,2625.470670913992,45428.99816785056,29911.9831075618,18017.55721879292,25000.83274441903,67368.71060070663
1,24289.4599465358,19328.21938354143,87811.87482048158,56437.23976156192,78692.02071225563,49344.04842444421,17085.52437998566,19553.71042537363,31635.82043130029,168878.7343005144,127613.2312528224,65727.91691224751,42269.04063040938,30655.61188443076,145631.3192831439,58691.01405663257,45751.22184295446,36470.3782063954,136231.4476465323,37731.02093585029,6608.732612387546,24109.68222432057,67635.33242295406,29272.44065608897,34395.05665155979,2426.995078008025,43813.59187155385,28347.93608876045,17791.94944494649,25521.10094236472,66613.79626052907
2,23769.26854311089,19076.57489945144,83768.44787748944,54680.24588654655,78542.38436344654,48939.26975889857,16413.12909986238,19174.39406829333,29632.14696408718,161034.6924355294,121355.5654809623,64420.81729290775,40751.78564969981,30343.95358714984,142917.2775546825,59307.66268264222,43584.09412930063,35696.37846577788,125829.7421576382,33993.65693547027,5889.501325350939,22778.5486093027,65211.65799028164,28629.07973456824,33380.93394152664,2326.830296923927,42371.98103110933,28242.41219618589,17437.35222251253,25338.84277527411,65549.31583399735
3,23582.62269855082,18864.10468870499,81142.71411743281,54713.51025770667,78505.07551120325,49073.14068634749,16568.47759460136,18807.54411142158,28311.3677119789,156094.7390014346,116368.986487753,63343.70368410635,38844.99104964559,30047.10092986879,140614.2595093409,58268.68721837995,41495.6094048655,33849.32057443846,114945.3308089259,31813.1319045215,5301.568056112053,21829.9899240525,62736.62185307877,27658.10888164721,32561.44654561007,2229.503351552629,42386.70100912944,28146.55600093858,17506.35712575851,25521.05402138354,65243.74791005899
4,23052.47220675026,18616.69623115201,79804.21424885155,54386.71053782527,79320.01287879783,49066.14779021604,16713.32538547923,19154.73431459439,28286.69121427404,154050.8459048915,112198.4497109678,63338.7024564344,38323.51804150729,31555.23808951429,137394.5600034641,57937.22657424054,41283.74776527441,33189.76475199152,109537.3791174019,30727.06750137734,4883.955963223428,21157.04573976324,61522.10930489405,27667.52851839595,31987.13809408032,2135.982126942567,41668.48271608925,27779.17562169546,17463.75953678952,25694.55736109423,65240.33368785277
5,23556.44161962118,18737.82256363949,79709.97876508076,54386.86582067863,80371.4951644963,49777.36932423893,17176.18258677736,20544.99319273369,30017.34652819718,153873.4845094756,109385.6272552954,63340.38791936396,38154.67998033677,34782.4367430011,141144.1274883113,57578.02442066419,42319.57349740034,31095.5403664364,102874.5273806092,29819.92786921303,4650.680451278717,20464.25430991933,61490.56556845459,28630.35651851912,33183.61300872681,2119.544221992547,42406.01397692171,28714.83974539649,18068.53988578482,25954.89784158959,65027.23903122099
6,24629.95746266162,19105.99160920716,82789.29179883967,54500.97233912168,81963.91960989573,51477.68659219383,19085.85813918976,24866.12011648412,32774.04141255271,156603.7795864335,112195.8368714015,66346.91146051648,39887.83857186305,37608.53346565575,148393.2478901142,60043.12878178062,42231.76200801457,33157.24739972234,98750.42260628699,31969.1038375415,4946.809251336399,22371.22238910588,65696.62194872831,34697.16746727853,36416.43292280481,2136.769025764557,45369.11210022357,30202.47499295306,18454.17932035711,26041.49673617696,65203.1956960958
7,25910.09881134587,20229.68032459233,98585.79817504289,55767.4274048666,83249.53560578592,50743.57443812799,20085.33603418933,26142.58258707954,33922.49955475589,149171.1031708328,104075.7181072973,71890.62625974495,44333.49310303297,39577.03978139926,152088.2465069691,62555.30235542276,47963.13536956767,46297.44141878274,93932.61632639646,36546.07925301378,5381.343032832332,24659.78592890675,66414.31444569657,40009.25966066461,41642.33173757636,2347.400844716503,50184.23808042813,31348.97652831045,18789.17563543656,25555.8990247685,65123.78400442624
8,27445.4268095702,20730.16163693652,95856.15700686075,57619.09029917296,82945.66006005649,49151.37658373672,20498.98815793578,25328.28955647806,35944.19508129871,121023.418580004,98208.81737184855,67774.79582339541,49083.56281920919,42751.90847482603,152361.3226890529,75376.27049172638,51809.45826339853,44531.83097778277,89347.41599582566,38615.7764844696,5806.093237499951,26612.38647292187,72085.90298081948,46181.99875308747,46869.1941428214,2624.742186078897,51550.47317055007,31091.46856117148,17785.68491718898,24836.99999839141,65639.34148998723
9,28593.48852061701,21536.84624652775,96640.71770170744,60849.1888537792,83671.90935789228,50382.43073075672,20543.33428296729,25411.6288088748,39649.82649581814,119595.9046497589,102463.5743098672,63302.29993833473,52737.19870356757,45495.36352990087,152361.3226696088,78439.05797302618,53784.29411691274,45257.55451221444,94147.29662145076,42331.22392175699,6897.021589816298,28702.80731269759,79700.49137417768,48081.74098936067,49993.38230959154,2920.920120048281,52479.36749528212,31744.22785477946,16978.14682925208,24076.72902643217,65766.15913806364
10,29292.14464467376,22101.53378773481,97524.58031508369,58919.38479989226,84178.16484955543,51621.39467112372,20669.86336181691,26518.57361599807,43591.73884479262,124596.0687838903,109956.8024455998,61926.0785221527,54824.08231753895,47304.27913022976,150865.6485893696,76890.9385672506,55709.8312516365,45252.94845283613,106555.6302649496,44844.41025778081,7906.191491601662,31165.12109400999,85664.31510713916,46131.96045656977,51241.22500046393,3095.693171860086,52769.49760894789,31059.42504478296,16334.43063012219,23699.13960662652,66373.49139792727
11,29632.33556559614,22275.48826154978,101992.8244885248,57617.9599758663,85703.32085678908,51296.07408035148,21125.05420687661,27796.12950909575,44592.87479422038,125465.6302271316,109119.7158698084,62108.80920895733,56885.98013360792,45016.45759907445,148615.5927125727,78222.64041787203,57005.25032405859,50442.62250063715,117632.3044577515,47323.28058136482,7835.458175869127,32576.90336534273,93963.1114304475,44144.4988647724,49331.88490541062,3145.41297395677,53192.61308215022,31349.10985268389,16353.3084359192,23785.04300594005,66199.35687167627
12,29301.39895074946,21812.69892998728,93770.08037077253,57618.4489977087,84459.96369602765,50451.39992464014,20297.77298323171,26151.49252239564,43925.06357028703,120514.5266634002,104082.1600334532,55855.31155716923,52708.10508795641,43068.58673698785,138070.1022172491,84423.72526057706,55471.86705793626,46913.60802376265,123028.2033334163,47362.6666981868,7519.626403090852,32614.22895854675,88475.08644709457,41922.98716184474,44080.23867574131,3093.436129364842,52573.1289513855,30936.078426164,17040.33731068114,24133.71911614215,66237.63493203993
13,28960.12629153653,21178.09689821757,81631.15414472991,54957.72071891243,83623.748651942,50057.83283381029,20419.06429108518,25046.72941189259,43866.34710594585,125723.2725559292,99818.84187492545,54329.85100444384,49955.25019597202,41794.25758743547,139580.6437102539,81702.9942530922,57026.95295678075,41900.95461510221,125551.8638467221,45247.69296051522,7598.813586481129,30932.44664039995,85825.35230163172,41412.0014609217,43458.10811057521,2856.112468474678,52221.86864847134,30734.95719551487,17392.93523005671,23787.0550592675,65468.48872099684
14,28455.84809554814,21003.177048023,85066.12444841594,53827.37058692659,83911.12436513168,49666.75406800176,19730.13904713693,25209.32789893996,43137.31733302728,126176.1164875607,94845.50329360906,55184.20935325415,50563.67502642789,38084.79600790182,145626.2799265736,77251.69239943466,57092.21569550694,40894.41534788895,131120.4941860509,45662.63683167403,7835.999708608541,30630.69821430633,87171.40612636828,41623.9868177524,43423.69466583686,2828.000587935263,52920.7930539924,30565.57956706207,17523.55027532682,23786.87365974258,65085.74125609153
15,28124.02617489897,20962.07027652591,89219.80639465088,53215.13091441007,84312.91125302481,49791.12542401118,20296.67871686741,25780.01269357837,42134.60242090844,128069.4084998153,93921.35166602586,57805.47983610433,50514.84514819324,37592.0407384659,152418.602223675,76969.25769002158,59170.38671295469,39887.59413928969,128422.9006508849,47322.41819215038,7908.235739132152,29476.67435963556,88373.32039516835,42243.09650129636,45325.80192644648,2769.090810253736,54357.69983367679,30075.278783864,17436.51129438315,24307.6840309259,65331.99639434729
16,28960.94279210133,21491.59296537103,93869.3433028487,54388.05665321397,84636.72721554057,51015.63792591785,21274.48415306783,27344.69267790265,42277.01573259677,132865.896932589,99879.04087355665,61924.70564444866,52036.13080197395,41688.72736037929,153854.8887280793,73734.35232537365,60046.31843592948,42569.40965465811,131121.2290106447,47748.59714479803,7976.974065481895,31018.79322782042,89595.64515473612,45457.58357479611,49060.78940257793,2828.668924065741,55686.27713427768,32143.28003308063,17407.13113564406,25252.10208209877,64417.08416516133
17,29937.07251376802,22149.5631253686,101736.1589011779,58200.57326625169,86536.0910519716,53012.64456249154,22211.78470530708,30562.25918106005,44568.03404005832,140147.9722639013,105760.3550793619,65079.24060435977,55842.58901555878,48522.81464238717,160571.1465352769,76500.22477920524,63473.83695281588,49981.49961406454,132356.6024271432,51871.84092707992,8491.116512628738,32910.42498977707,92035.34976820767,48405.41144407889,51858.27229744428,2922.92131636344,57411.10374166864,32682.52351463044,17783.62746064198,26475.6250801306,64378.87803602368
18,30657.58607873261,22974.08089799533,114583.0944748037,64219.02074707599,87734.4273292211,54498.41942573125,23094.57988387716,29814.74316676349,46451.10519189895,144544.245376927,109954.8908833578,67330.43657192978,58635.07186267278,51792.4286933896,168819.911493618,88710.32832253509,62586.48198168662,54106.93389091436,140564.1284009065,53128.22643941693,8702.466801476687,33970.93788100527,89745.24209929045,50683.86790248092,50347.7221507853,3016.117754539522,58646.3838021098,33056.82031005884,17069.61071496196,26306.53908118436,64802.67647276905
19,30976.75952587307,23354.79616600004,114072.3341468395,68797.46206614352,87407.16970594367,55197.34009283547,22696.19139407931,29782.39411012985,46306.93278997072,143740.6927011329,108338.884902187,74307.69230071965,57395.60336975299,52765.43850906438,160728.5085271533,86040.791321776,66138.24897089881,62029.88898964912,145961.3191206378,54378.84193125364,9288.897161184212,34913.72891305457,85966.23673765709,49095.09702954106,49668.65442851047,3046.17138875535,61879.31603116175,33024.01845134413,17906.79647871487,26805.08242710761,65913.26263085325
20,30976.75952782068,23004.86441657788,110162.8244995726,66136.51851537697,87503.956151744,54257.08317697262,22229.98502885056,28712.69766051435,45166.90528116153,142938.9240460809,108158.3570691463,76417.90448544858,55338.71751513104,53370.7803659683,155964.288472098,82729.19833810447,64057.92281291621,63368.94211038949,144610.8462806283,54377.05464194556,9277.00477716344,35045.96129746267,87154.64632536196,46784.7064168568,47505.16536090002,3299.288145704338,60375.54359511462,32503.60954863324,17411.02772281473,26138.71951816668,67680.67594032676
21,30639.20219723722,22999.85702564781,110211.8480324918,65549.2100174046,86269.3805815886,53516.73914716272,21252.02860879494,27065.40548095409,43863.99719324541,144420.4046037659,105216.2674643005,72999.17413241668,54633.73767697992,51605.55498292723,154604.8651378422,78479.17818148226,61835.48841665083,60731.05166638616,147306.9793587503,53419.52558884487,8991.80587841856,33616.38027444535,88855.62098465086,44188.76876911705,45321.26094190301,3330.511515291522,57672.93271880841,31579.84811246821,17147.47285813628,25781.79063984547,67875.6224764726
22,29438.10833711081,22515.53181010401,107376.6411326102,63974.09569604698,85228.2260936769,55986.52460417998,20077.39596667391,24497.75524770933,41302.24601213797,144448.056925264,99043.21656131587,69253.42587554746,52707.62280066298,46066.62393811505,150801.4714310943,72265.028826056,55920.72402537342,55062.71199567505,151401.4579868451,51435.07960197546,8703.026330010794,31851.01463884192,81473.74441385639,39048.38619177931,41593.57761859873,3246.483548300458,53482.6881910166,31917.57663146629,16957.65899110203,25860.13684255126,67310.63288961128
23,27456.94985875257,21403.45110697731,101306.6017003208,60311.01848430983,83171.77855501203,53949.80253319848,18486.9243202517,22855.70526716101,38024.89050476246,129564.8638866446,87383.1250137674,65151.36476250975,49413.61646749974,38089.52134137898,145461.6972830024,66056.7891740703,52594.84017459788,47965.99876160597,155123.3543990023,45779.74387836401,8125.025232212749,28473.6357156281,74954.32877315565,35513.42029818919,38788.05422767694,2896.700017510503,50888.13245251989,31974.15919703474,17835.30114527958,25788.72154376873,67507.54953420018
24,24723.58680423392,19835.15062157555,89524.12606201363,56680.97961370189,80076.56714160604,51875.02380227312,17533.32466337824,20417.30888726214,31569.73911263569,129538.7872514425,101052.5413241105,58679.79500537435,48707.69612394761,34051.76683572835,148017.1858500956,71145.5741893683,52018.43984501969,39833.95775669866,122819.5512523124,44284.57123646406,8339.087799215904,29656.32658475292,74048.03761452874,30788.9813489558,34638.9839243102,2428.253778679233,45660.7680392828,28132.81893144959,17129.58673539781,25167.36416686757,66731.10952720186
25,23706.73737809338,19187.18068324318,86803.26023834741,56389.51667113368,79910.1387392547,50382.82372463255,16939.77193368187,19544.61085033926,31586.25430482088,129108.5976213578,93943.91879054594,54867.95277075888,45891.68803588166,32785.84827440454,144861.6833076685,69360.92557870198,49447.91272299,37085.92625860004,116869.1194257949,38431.15967919134,7300.192520282226,27366.8803040849,69154.36136238239,28657.03833767318,33070.5464036542,2311.138206044277,44009.34509049023,27737.99225612843,16804.01168744958,25046.87715813575,65646.53916834424
26,22979.18339971105,18872.44887579973,85171.1636680443,55801.78716837736,79943.81585913432,49623.8937686698,16828.63860838009,18846.33803348951,30287.54891630873,126032.5437998367,90575.9401962917,53470.65345811038,43541.23942389419,31314.87625012243,141544.2487880163,65208.4071345521,49087.18686781656,34548.03793842188,109762.9743707656,35556.91479939769,6552.912292590039,25437.27579634706,65591.6255297667,28241.05033489538,32754.8806200363,2247.57556599831,42053.17193791237,27738.8833683386,17250.17008565707,24644.31899996079,64629.57269717799
27,22544.36101222431,18634.51205931673,83571.04952266088,55133.58785113667,79671.50789061359,49350.7943426136,16413.11327052677,18498.55460008598,29428.26451081569,122735.8004602008,87604.90604478498,51145.43858656604,40259.9841767624,30793.15831726805,136827.9111238427,60434.43961457422,48761.46198705982,33324.40808353434,105038.9362300124,32653.80095739073,5155.818507865364,24124.87952079748,63233.18333537677,27381.80367635177,32132.87619924218,2140.646574656428,41474.52039004229,27810.42839684258,17310.4617607867,24730.79939594754,63902.48365429835
28,22544.3656288415,18523.49765164373,80769.03796539931,54398.54450241382,79451.3096604079,49350.79435574122,16524.40040576483,18155.17187286709,28704.29695608519,120763.5385186726,88167.87470137482,50773.50114578183,39286.80046122053,30793.43924883985,134743.4419290095,59751.90939254745,45281.38846000089,32659.43473948782,93556.09043755563,30226.75520724738,4797.520319906494,22855.83069090989,61450.17581732861,27814.74073092581,32126.50507232381,2077.325171624843,41462.90483725033,27660.25930040429,17045.17839077839,24621.56177839725,63633.53951127691
29,22824.61535523045,18569.58861656831,81923.65551392043,54398.60258005863,80075.93693892114,49636.42885262612,17733.74312675259,20116.55162234018,29012.82658045827,123197.6647169104,93071.74071099161,54505.06406289641,38852.0272558051,35279.93533489954,138034.1053499972,58382.76250611991,44054.97906592633,31814.04241741059,91573.24571460126,29724.9919281373,4670.832354238674,21507.57725996304,61451.66963770737,30018.50889623717,34816.23857735222,2074.197441597833,42916.08092393413,28049.63118930989,17286.34509129691,25174.52065565409,63684.80766706762
30,24026.15421616771,19084.18829529853,89298.16477111887,55904.44057323155,82408.27377038432,50453.27227075949,19349.21625659932,25776.13864369273,29601.90634099255,132027.483322724,98061.38873673891,63835.61386018075,40571.87229332596,39864.7532657226,141803.5313069745,58384.76960986003,42390.29764012549,34089.22769160725,90060.85060065257,31660.91871878961,4853.23078689196,20939.02429752986,64383.53351648482,36149.06452657616,40650.15263090532,2074.228541044148,44764.21898129072,29416.21582206889,17901.32018155354,25110.13050265075,63636.2637137928
31,25746.25828890319,19913.868672382,94112.36272130568,60104.61974486756,83898.2189068415,49911.72603827397,20050.55665235591,26484.19214657175,31539.0853740057,146152.1289161893,114412.5153027229,61853.4517782887,41198.61887282453,43742.42529510376,140521.4183484036,59750.72309966433,44959.81653654795,40555.18136054453,94437.38236521994,35544.61823217094,4798.299224883389,20570.09480184182,66833.71736799002,40308.7177228364,43450.26344216978,2276.964036567884,47332.40358832088,30252.30133386057,18769.52030566844,25300.49829569363,64084.59080122849
32,27915.82358942138,20995.27220742664,95670.05860458317,59285.95134171984,82752.23713827675,50500.25337505592,20457.73064486391,25466.79367352596,35260.00471295349,152782.1102739634,130755.6176489357,60962.28643360762,44368.17582131873,47441.23583257494,148154.1600272732,59754.08015098011,47434.86628539997,50397.9851614776,113695.9587364077,36520.73684030387,5176.487772940751,22557.63261462757,73507.76619129366,45191.38070250405,48429.75826796587,2612.556425683815,51363.31619108676,29349.78494903304,18697.17029719906,24477.6015233512,65210.07996041399
33,29508.18900403133,22340.12019447806,102276.8183538684,59337.95680654371,83392.98908178917,52734.61391994755,21647.46134513817,25825.08043032465,41761.81446643153,158304.1682787068,137997.2036107543,62034.73349952589,51352.74396545107,49838.16957092797,154299.1605024067,69286.85164627091,53257.18839915674,56858.11252633486,152006.4888525863,46789.16936660782,6877.310625626057,26936.41033143515,83618.84481709689,47310.34416916745,50937.64190458801,2948.683224318876,54538.01127969471,30736.94825758203,18046.02020130259,23971.42190833576,65575.04865707322
34,30091.02449130146,23004.55110269172,103297.1328858047,56685.23704569468,83261.33032660637,54963.01356649501,22465.66503643627,26191.6134534966,44786.92649883137,165150.1912474275,136123.3655787354,58274.96626717824,55798.31151011541,51836.22855129794,160334.8068907965,74046.92159638151,57872.52105046388,58885.6558715697,161770.4644580779,51547.25641011793,7959.55110937777,29920.22699887152,89571.8183199973,48542.1502347412,52863.06113426994,3010.528751279785,56641.64885698247,31100.77844033686,17527.51179462571,24230.29277807611,65839.43702960423
35,30680.11514702828,23528.74758097765,108570.0120100403,56691.82226182027,84045.55995980381,56082.07288122107,23094.60490952764,27720.15767978518,46113.13387660577,167145.8648695047,128743.3256273235,63419.05970262118,59032.66267041218,49021.92025266639,165531.1606492168,82945.9291137004,61010.34960713721,61400.9081314764,170521.3394117092,52933.81494559586,8465.56990970377,32851.38179333376,96783.05366079095,46638.41383948526,49063.62349031951,3092.175336818301,56845.83481289264,31842.21130332091,17213.99508282752,24225.53540209968,66419.54404425678
36,30688.95928535973,23165.07860700596,103624.5163233307,57651.78855593794,82703.42869463399,56075.20687926602,21256.79185378041,25559.94222211593,46519.71339135755,152376.1930479773,138200.6528790437,53001.25887533457,56732.93349399268,44810.6553301248,163029.5422117962,87096.69655375666,61142.31713922497,60455.21967671213,156652.5573084902,50686.25783942143,8465.579435149471,34619.30623615255,92559.03666082083,43695.76157911858,43437.30149327721,2969.956680233677,58326.68006585354,30639.10693186953,17213.99508282752,24597.1634092089,66564.86578219694
37,29805.36187534264,22842.67383961727,102637.0861997448,54380.43701315991,81101.5937077776,55522.67158696005,21234.87269760117,24777.65665400826,46922.95607417508,137387.5531554345,141870.4837705754,55662.00274769695,56337.10179708553,45340.05940832158,164280.3842612157,88919.68047417304,64076.78720805369,57538.9663485564,148075.6634210916,49129.58342633374,8997.960872336815,36251.66205787169,93294.6953981827,43470.69788447992,44065.72204989845,2782.066061134492,58846.80284243943,30578.15128511624,17527.51179462571,24856.4591239223,66694.05559726899
38,29230.22319659423,23075.1365866356,106350.8578786151,53637.73240739393,80653.78584747943,55512.53846827563,21661.81984154017,25126.9333049986,47291.4271330911,152171.5129878851,139450.7620228718,59453.93364711563,57624.75887041099,46835.54402062645,169267.3346791307,87212.35774159775,64089.98652640927,56417.64632639169,162972.2313246016,51548.45823656108,9036.33352909295,36681.06008818654,94391.99781463828,45171.65452945446,44701.04404813611,2727.010935294887,60503.85533539606,30541.48107627591,17623.97847539518,25110.59657635685,66524.49655656629
39,29227.45252061509,23047.48672875475,111433.8292701866,55156.15422130597,81083.66369352661,55826.86143995055,21661.80316215224,25476.94399207241,47139.09610699603,162767.8806068752,138048.6076620185,64391.93278520083,57624.74134113086,47864.75570744093,171786.6654528184,85783.58004665001,64104.65456997706,55598.23756738889,164502.8156216224,51551.61170553229,8845.054113013504,36118.60774331402,95642.42628151791,46436.17704279011,46597.31405128333,2715.925611809639,61274.90814086394,30879.11637624383,17455.16178334604,25490.64487544106,66522.43912801295
40,29818.06143800409,23152.62095312278,113621.3899748138,57448.64968211253,82624.25026278218,56355.05752064474,22062.01896396041,27388.86448959608,47132.62572623998,165866.8296748154,130333.2240550776,68857.31272898968,57867.36165230375,49955.22377289853,171790.3547169145,83668.21581772453,63980.00879856983,56641.29049150401,164672.8119796523,52677.81569078307,8339.952525118213,35800.93092618352,95622.1956471218,49372.86215407478,49699.18060488152,2725.606350633762,62762.79705636202,31676.7595698154,17274.28675795715,26434.41726970971,66575.58901829757
41,30388.14903136051,23268.53557873936,114426.6877978053,63538.35372788804,85408.36741818691,56643.00827290335,22670.32569159472,30011.02411990136,46721.52813443428,169849.2253940537,118672.8423759089,70881.18899076337,59502.00114064653,52871.53370659117,170534.2591168448,80716.24665669548,62900.99976493476,62031.50020891707,164502.802637505,53973.29751877593,8339.085232030051,35555.56179027832,95642.4275671381,51391.25631618727,50332.89981359462,2843.201932306232,60295.64221737016,33203.55674733791,17334.57843308678,26501.49232759524,67253.56964961864
42,30680.12275719006,23074.93294847933,114951.1090318372,69109.27842074829,87660.17347970465,56354.39004789029,22570.39065444295,30359.36466623424,44498.37750319162,170960.7637859931,117676.8745307634,70316.90396698948,57159.54343291976,54355.40156658463,165533.9188903657,80718.76423433582,56466.81472136944,63491.84163445841,146617.0272850588,53948.75241857007,8086.785079854338,34244.21610390992,92147.16751932101,50532.82287411563,47853.98199369622,2994.910281672166,58956.12101346,32076.90408902006,17587.80346975534,26810.08239257736,67216.03276420478
43,30680.14748239601,22710.94582819639,112881.7647581177,68478.8088637337,88722.56082673855,55520.17182723494,21461.70822716163,29314.30490099237,43854.58304189962,159281.43379691,123001.0032971225,71624.31801138006,56682.83926754062,52902.30101784632,164280.857879559,78858.00978101368,51851.52117569902,64167.1476652834,146759.3780246208,51067.0115944726,7062.808491526402,32593.81633084582,88439.90779833305,51325.22464398942,46577.90387684553,3092.771478345323,59182.18861088283,31835.88277845432,17515.45345847567,26125.33670325581,67454.21655581988
44,30649.62051880637,22701.7346053578,109163.9945501814,67644.08773048958,87121.78941823445,54360.77645236073,22064.7106748111,28210.94092023232,42519.06905146316,162384.1700484685,123000.9999661281,77150.72218132176,57890.41898809611,48350.46471557446,166782.5631245419,84344.58150751483,57934.58368525583,62535.08627630536,149615.793777264,54030.98464039125,8464.622057732917,31416.78839493422,88456.9217806054,51325.81008758426,47836.00383858711,3313.008178055683,60432.9229662233,30943.64113137822,17515.45345847567,26432.20770456716,67452.60376551781
45,30386.12802368406,22637.91655282708,106896.6629417446,66571.01572986378,86838.74152298222,55510.24355136642,22019.74341778876,26539.79190900754,41611.44030359616,154458.2833144332,120062.7634308337,72797.6778914657,59223.43191709329,46185.9714731815,166673.6350086005,87096.69503796828,65824.88174436973,59028.67876328485,149615.9354786496,55427.40224561628,8965.076473231973,33869.85942819695,89674.94482378206,48094.95905254043,45522.48074517589,3324.419847725725,58947.55539088473,30608.3350064053,17117.52840205805,25869.59895337187,67279.02242902138
46,28914.01524569563,21926.31142271649,104225.5848583471,63656.7309660819,85475.28620070223,57204.81514586782,20344.52273453728,23864.92226132758,40589.42525513705,152702.4072732715,114567.2121578377,69209.41260409019,59734.2160125829,41721.06926544736,163040.0065498196,85701.20616502155,62065.59451332631,53140.24905133821,143637.2538132761,55427.39794220695,9349.150494759686,34113.04900050695,84844.90121073501,42342.00579848018,40948.45960449387,3107.033308508529,55560.88567385607,30612.57294647591,16828.12835974965,25612.56566697021,67512.51883128236
47,26602.07081099781,20869.17654377909,96587.32827419614,58839.14642923645,82795.6592771044,55347.9135585893,18677.95899791457,22388.79923249482,37869.9369909304,159102.5754433055,112594.7193152916,66222.1103326186,56465.9598214876,37299.6378352996,154329.4253958545,79992.43315251703,58701.38318160893,46774.05150192949,137648.9910186612,51067.55864780496,9236.586894736663,31775.26074081617,77630.4678714532,38562.13283349585,38548.99860876155,2765.530303312026,51952.19152267819,28802.28724391024,16372.07460595125,25367.5906304717,68014.83642858121
48,24329.68442143809,19682.72131952212,89608.5930602,56787.72773372193,80588.13026902334,52408.21436009751,17557.93932147259,20706.26016543639,31943.02208962704,133523.9859311585,105625.4715259491,58852.41321400039,50566.04927772039,34301.12428138741,148850.8657942462,71413.58193983555,52614.03820077293,40191.81098763428,136739.086160492,44414.45908827258,8484.096639571553,30639.80106824806,73110.48464595087,30764.197443277,35536.7742352606,2349.133601456775,45951.57322838627,28136.83917343671,17636.7689997181,25225.54348975967,66921.99334031735
49,23306.38210258516,19025.89092105445,86932.4747511888,56497.6754374757,80415.26053547839,50835.93989317815,16951.41156927873,19819.40571045139,31959.52337082137,133048.0047606757,97176.2198739558,54992.25353920975,47464.95555449239,33080.36115783848,145606.205005874,69789.91809989569,50020.12899795151,37498.58568618862,130488.5361230732,38391.31337817785,7381.105575533628,28368.68796800567,68052.55649333759,28661.06936143665,33954.70876313632,2230.797631174271,44279.06661056446,27753.50163449742,17433.55454385669,25104.9127245474,65999.1572093342
50,22574.2110908012,18706.85541297893,85327.21973424798,55912.79047630697,80450.24107160023,50036.28426400322,16837.84887700775,19109.80590362514,30661.91190108313,129644.5203527693,93173.06756603454,53577.24260005885,44876.55338750471,31661.85884822879,142195.0368768099,66011.97884498986,49656.12190095914,35011.31250868818,123023.9828713788,35433.72265555371,6587.721073562736,26454.53513864486,64370.2405942816,28250.70377205615,33636.30020020925,2166.572639447491,42297.91905191878,27754.36681606422,17712.03361248038,24701.87426277287,65133.84368133121
51,22136.62933487381,18465.66500469722,83753.4211574411,55247.82516508055,80167.39388148546,49748.52978593264,16413.24018339315,18756.38092243528,29803.35128356504,125996.8551283127,89641.72023478741,51222.55420271381,41263.11204324424,31158.75064460405,137345.4398069575,61668.64851715494,49327.43415495485,33812.0864855995,118061.6813715339,32446.4258437184,5104.43205356074,25152.64812811399,61932.6393806574,27403.07052517899,33008.89126317012,2058.529399278122,41711.87987647126,27823.82994220115,17749.66591886152,24788.45784098221,64515.18023203871
52,22136.63398078788,18353.13256559183,80997.49164220123,54516.33933961339,79938.67324940015,49748.52979976463,16526.96004787522,18407.42803321746,29079.9935374231,123814.6557404686,90310.86025864597,50845.90222655845,40191.40563565102,31159.02155531946,135202.0742510413,61047.68614139784,45815.70511270079,33160.37523839866,105999.6824628391,29949.00189613754,4724.028265427974,23893.76145025581,60089.78679761173,27830.15608624943,33002.46477835107,1994.54815836537,41700.11602825271,27678.03064480926,17584.08377113533,24679.08988892036,64286.34180733941
53,22418.66216263993,18399.85378684955,82133.12028460875,54516.39713616931,80587.47567540423,50049.49200520401,17762.73891889127,20400.62418485643,29388.26328272624,126507.8825314361,96139.55601331171,54624.76499422044,39712.61707532853,35485.48389115935,138585.7148681066,59802.0435662869,44578.14002869392,32331.84325357913,103916.8302399089,29432.68874909766,4589.524146594966,22556.30441738028,60091.33075674575,30004.13854722704,35715.56903113735,1991.387835965877,43171.84477201035,28056.07212719852,17734.61299665988,25232.7085171567,64329.964709391
54,23627.82594931352,18921.49019625088,89386.34794159421,56014.94705076921,83010.08167832177,50910.16884676596,19413.52618201568,26152.01785242948,29976.84685265794,136277.5912859687,102070.2115834101,64073.58523762587,41606.57493481885,39906.76092203064,142461.6453840328,59803.86961862363,42898.31629404251,34561.65268268599,102328.1553988732,31424.75252764529,4783.175850852966,21992.30425189621,63121.60004470585,36051.83477325957,41600.17321199565,1991.419259482595,45043.57795449843,29382.89025428675,18118.4625242032,25168.24153842859,64288.65976899976
55,25358.84574540992,19762.51577543603,94121.37131747679,60194.79784978983,84557.69263352611,50339.56217896604,20130.19783135438,26871.55700208778,31912.39417109481,151905.7349511504,121505.0292991165,62066.29803462065,42296.77177479762,43646.11601430076,141143.3065181927,61046.606858425,45491.20810021451,40898.65065057897,106925.423560635,35421.06951893143,4724.855225802777,21626.32902994056,65654.02214274953,40155.26690135797,44424.61382520584,2196.267351275519,47644.55050013636,30194.64635504243,18660.36773749482,25358.83646470519,64670.13104138439
56,27542.17903532438,20858.7066213505,95653.44924533788,59380.09170531435,83367.35756943615,50959.67104946641,20546.27261977968,25837.65486166705,35630.17932460142,159241.4447550626,140930.3094916479,61163.83662216509,45787.2067632638,47212.98962141266,148991.7101560339,61049.6610859058,47988.77144664554,50545.15151935702,127155.3327112809,36425.49310158804,5126.376531643054,23597.95125229195,72552.07949186364,44971.93675245465,49447.37483975921,2535.356766047369,51726.92564753067,29318.3924658371,18615.20897088991,24534.9578707954,65627.78404438571
57,29144.64954801002,22221.94430717094,102151.5538466437,59431.84546981217,84032.9087384586,53313.93177312204,21762.01075263684,26201.75354527287,42126.51250747556,165351.2982911768,149537.6004065962,62249.87761295206,53478.8751654322,49524.42450100835,155310.3366879773,69722.52602906908,53864.05468455957,56876.43938182616,167398.1070901215,46991.68423902131,6932.133517995809,27941.6650662669,83002.52749857577,47062.26071869073,51977.04915407037,2874.986159129127,54942.1519765249,30665.19044592169,18208.78005916709,24028.17431847008,65938.32756717732
58,29731.18368993998,22895.46076585019,103155.0882275437,56791.96456024516,83896.15435275412,55661.91172491146,22598.10032124788,26574.23226155981,45149.07644322877,172926.0462579367,147310.3715710732,58442.45302304858,58374.50088020537,51451.21252389722,161516.5193500341,74053.2124215536,58521.36941806638,58863.54580362025,177654.5422305574,51887.74379061178,8081.144016862868,30901.58824915942,89155.3072740819,48277.41793170218,53919.19810328062,2937.476144669856,57072.64663392616,31018.43346511645,17885.14222393852,24287.3540544153,66163.28959088634
59,30324.01269541799,23426.82520320973,108341.2492807033,56798.51790470017,84710.7362739503,56841.02196212174,23240.78877739621,28127.57167493286,46474.16673689654,175134.1493829497,138538.5153560582,63651.75100042281,61936.28968486764,48737.29087503988,166859.6952961035,82149.48225913741,61687.74035431391,61328.634369958,186846.7795947623,53314.50902197205,8618.382202763229,33809.27125913122,96608.58132941474,46399.41206939935,50086.74763533389,3019.973524843789,57279.43942603054,31738.29123246167,17689.45423005498,24282.59100227814,66656.88939156871
60,30332.91295835781,23058.18335278857,103477.0874983679,57753.83807499133,83316.66007713275,56833.78751700577,21362.80125263988,25932.31441376555,46880.40378370432,158792.3196650273,149779.4185729251,53101.89815281433,59403.74166260078,44676.24218044005,164287.3940089922,85925.82845980652,61820.90829213591,60401.80653868376,172278.506396855,51001.77843575048,8618.392315891748,35563.03870771838,92242.78894748192,43496.53212790182,44411.53925160989,2896.481294150897,58779.19058751097,30570.19622352101,17689.45423005498,24654.66240934311,66780.54033711886
61,29443.70826850048,22731.36996330201,102505.8967069611,54498.31948847532,81652.82876319383,56251.60209483495,21340.40294519012,25137.33904795293,47283.30680924079,142208.2138171111,154141.3500971275,55796.36858702308,58967.83695198019,45186.76236385788,165573.5784108836,87584.3695612208,64782.0709469491,57543.71439008635,163269.025073179,49399.96439594428,9183.619610484937,37182.32312695424,93003.13941749636,43274.5103506347,45045.42007345338,2706.632769161095,59305.95375654398,30511.0143367048,17885.14222393852,24914.26749715602,66890.46499818841
62,28864.91977878373,22967.01144868618,106158.5914848024,53759.20948554709,81187.68925337806,56240.925213084,21776.68312479836,25492.28146886775,47651.46749952925,158565.852433453,151265.2882612915,59636.36453822099,60385.85321574109,46628.90289509982,170701.4343568082,86031.05639502004,64795.3903292113,56444.75775265294,178916.921861401,51888.98046698665,9224.359710438857,37608.28267014204,94137.27181574964,44952.47719454515,45686.2623026501,2651.003943816386,60984.16179075738,30475.41120123329,17945.35391449914,25168.70816822048,66746.19108565027
63,28862.13152018674,22938.9835015623,111157.96803871,55270.28231667544,81634.20479791965,56572.11537326149,21776.66608080015,25847.96983298766,47499.2647841125,170290.1505323213,149598.6988490882,64636.95584651002,60385.83391184037,47621.40250129469,173291.9484395622,84731.16202660819,64810.19179653358,55641.69111986529,180524.7032819663,51892.22537859422,9021.279100729502,37050.33427035285,95429.66980441622,46199.90866613763,47599.00875145315,2639.803106207784,61765.05860509438,30803.22158750837,17839.98345557951,25549.20991375051,66744.44046671584
64,29456.48842216512,23045.5553506545,113309.5519951134,57551.68236939535,83234.41717734317,57128.6554938836,22185.63057294786,27790.90443243354,47492.79985345391,173718.9672714301,140428.2558583532,69158.93722210366,60653.01649817405,49637.30336824977,173295.7419432561,82806.61487134144,64684.41221973977,56663.94160277182,180703.2736400552,53051.08643527606,8485.01471568801,36735.20131129609,95408.76014673048,49096.90210938612,50727.82702375032,2649.584722742889,63271.9433553479,31577.65401035998,17727.08653643612,26494.10834973246,66789.66449364214
65,30030.1937724696,23163.05501418505,114101.6058441381,63611.91296465819,86126.28890123889,57432.05824951291,22807.23484447597,30455.59926550273,47082.04853523543,178125.2691513622,126568.8198423878,71208.46735782635,62453.14281120672,52449.58824395966,172004.1555524374,80120.92898632513,63595.58828231192,61946.65004373377,180524.6896429773,54384.1339646414,8484.093914000354,36491.79701583176,95429.67113318713,51088.01604634243,51367.05253699073,2768.405703975865,60773.29042187497,33060.02262695576,17764.71884281723,26561.26343677921,67366.54271789023
66,30324.02035387367,22966.8050259443,114617.4024166189,69155.875037987,88465.24732630333,57127.95220322908,22705.11523417598,30809.59039679541,44860.77049667949,179355.125260929,125385.0204605532,70637.02967499684,59873.54052769634,53880.52639357104,166862.5314709378,80123.21946510878,57102.87647463333,63377.8667087313,161736.8206180282,54358.87711851629,8216.2278268709,35190.95218168756,91817.0957837646,50241.18502466065,48866.59571965149,2921.694923490106,59416.66758949252,31966.15464823402,17922.77453031966,26870.22168935357,67334.60343998019
67,30324.04523598492,22597.84067882069,112582.0906969522,68528.45687938998,89568.75258747673,56248.96819308939,21572.19708407375,29747.57825821164,44217.51831299251,166432.5888493325,131713.2371526313,71961.01599493975,59348.57602160749,52479.25808224035,165574.0654112414,78430.31493319746,52445.60120247673,64039.70456964926,161886.3510128699,51393.57308813398,7129.075878438713,33553.76830150963,87985.40518028203,51022.8768454561,47579.42992451133,3020.575878437238,59645.62138539399,31732.14686254163,17877.61576196065,26184.65901045503,67537.26858468186
68,30293.32454929743,22588.50350002651,108925.4631500822,67697.77569814146,87906.02601589996,55027.35738345766,22188.38112441556,28626.31612582816,42883.12924576033,169865.5958988655,131713.233193438,77557.47073004916,60678.40810113258,48089.78622203334,168146.4559586494,83421.96878836743,58583.99658825206,62440.19269020055,164886.834021515,54443.49386709914,8617.375872024137,32386.16564266056,88002.99022177019,51023.45437630854,48848.46135466977,3243.107544941368,60912.32383007869,30865.86872454326,17877.61576196065,26491.89614829483,67535.89629827338
69,30028.15993954551,22523.81278770573,106695.4202067069,66629.89723964344,87612.02322826615,56238.50714642249,22142.43088619827,26928.05867268412,41976.2650070236,161096.0380551794,128220.8688454137,73149.24893175767,62146.37193426702,46002.50066337864,168034.4500953062,85925.82708075033,66546.06653613847,59003.71627507215,164886.9828698047,55880.40405633087,9148.706372265067,34819.59323889252,89261.89512744576,47836.2708990374,46514.83635727926,3254.638129410755,59407.99260986155,30540.3197361578,17629.24253949433,25928.61613258073,67388.19990617211
70,28546.70518272266,21802.47703814133,104068.2708259457,63729.71727095819,86195.79766259903,58024.01278358483,20430.58999219559,24209.79878990325,40955.11081696904,159153.2577674943,121688.9007386908,69515.50017925308,62708.86653758879,41696.86195013153,164298.1540153003,84656.21870602599,62752.5840005592,53232.72424060253,158606.7581740643,55880.39962813353,9556.476262324632,35060.83542403538,84269.73538699164,42161.07344859061,41901.07213643021,3034.98632337122,55978.08537849571,30544.43435560575,17448.60746781243,25671.27617244718,67586.87665840054
71,26220.08922536811,20730.88670240209,96555.63344560267,58935.44927599563,83412.46028906234,56067.46620715228,18727.59528508908,22709.73092124833,38237.9132179849,166234.6919161065,119344.4115877005,66490.33201777273,59109.7402413757,37433.14340762109,155341.4567114009,79462.40729943912,59357.77106169108,46993.49287592146,152316.469111655,51394.1360046314,9436.967927385655,32741.76745244384,76813.15599518962,38432.28851560823,39480.76253336145,2689.924701205198,52323.31913345063,28786.82650037648,17163.9520066346,25426.00884925806,68014.28722169883
72,24190.10199487373,19601.33259630904,89521.73044004211,57172.19129782766,81108.08030797489,52981.21185267438,17752.70490579377,20615.6569240692,31915.6304005524,140287.6947477675,108077.9379430251,58747.34913249491,52041.44856463598,33795.18928674538,148578.2380755318,71241.60618741279,52596.27088776692,40289.82513707811,141600.4223647121,43866.4242104727,8462.455334675875,30933.80469492106,72849.12570787987,30626.37948617034,36264.51117450102,2320.190691337969,46266.01754408921,27937.64242644824,17611.34305843124,25120.93347190655,66560.73916826269
73,23159.55058066147,18982.99722668616,86942.65211278919,56906.53157479494,80950.28319812145,51357.21152440949,17120.45655013281,19730.84927391162,31930.35928850064,139857.4048633477,100148.537150826,55100.77679485102,49017.59182230044,32585.84115524025,145571.2316913039,69700.61488764569,50131.97704706874,37714.14487875902,136074.2951991554,38212.12162088421,7370.479026082241,28823.48958993916,68191.50981349706,28620.263674515,34818.74519544389,2203.08785655466,44585.26849834928,27538.23451822401,17458.60082011285,25007.52742427961,65694.99822893267
74,22422.19285388042,18682.65951505025,85395.60600127581,56370.83377546357,80982.21375871162,50531.24822626897,17002.07808320684,19022.88717922856,30772.12353013556,136780.6341771943,96391.68383539209,53764.06013469094,46493.6573517311,31180.60283785479,142409.9137567667,66115.03800919867,49786.15906465332,35335.42802321194,129474.8647080803,35435.64672109079,6585.017467956884,27044.86146762651,64800.63265152697,28228.82726865656,34527.76844648403,2139.532129777879,42594.35747104332,27539.13597014234,17667.91425741778,24628.62740726437,64883.22101150813
75,21981.5112595008,18455.60461533446,83878.87567315983,55761.7901557681,80724.02819774029,50234.02698616192,16559.46330199337,18670.27788087543,30005.78042118172,133483.1225419311,93077.60710064195,51539.65951478775,42970.21370666046,30682.1990490594,137915.5242655018,61992.85823123655,49473.89555631221,34188.54187474372,125087.681346966,32631.2848623497,5116.540957630817,25835.14988478646,62555.956607468,27420.29331690738,33954.41259483923,2032.614768363577,42005.43018405746,27611.51114630125,17696.19985691105,24710.02539373029,64302.83381410928
76,21981.51593832663,18349.6673939587,81222.88021127836,55091.82020789696,80515.24986525385,50234.02700044905,16678.00560622381,18322.13035318474,29360.11811993762,131510.4009709835,93705.57744095303,51183.84815130026,41925.19961304207,30682.46742656947,135929.149007579,61403.51356826742,46137.64452654825,33565.27437735363,114423.6374722322,30286.79721855256,4739.93598059724,24665.39415071002,60858.95751558429,27827.67844213636,33948.53977018064,1969.300252363495,41993.60836137719,27459.59961540089,17571.74321940437,24607.20761620429,64088.15345418135
77,22265.54201380854,18393.65041253246,82317.32929059537,55091.87314392687,81107.48278879609,50544.89048561802,17966.189298288,20310.72633229004,29635.27678688759,133945.0944346472,99175.65534112198,54753.62183872045,41458.33593670749,34968.47430287848,139064.9556761564,60221.29572018336,44961.91948163763,32772.90343254623,112582.1825311359,29802.1018608671,4606.775054853914,23422.63095303389,60860.37927729895,29901.38028982041,36427.90228420273,1966.172862518073,43472.59006183832,27853.4894445078,17684.88561737742,25127.6693774345,64129.07743941609
78,23483.27154242678,18884.71514213147,89307.54425596943,56464.39927254405,83318.86021001695,51433.88251762969,19686.98035670423,26048.84614161382,30160.64092968336,142776.9708018118,104741.419850539,63679.62734776468,43305.12218512753,39348.40929027103,142656.9945875831,60223.02879490898,43366.03506199138,34905.39347089601,111177.6310686683,31672.17639065799,4798.492902861105,22898.56279090398,63650.81638395707,35670.11074798434,41805.53088100065,1966.203958581913,45353.54749831388,29235.93076293614,17973.39873405455,25067.06340144538,64090.3280052612
79,25226.55391952156,19676.45051793155,93870.86872733283,60292.73650674889,84731.53396672834,50844.50360490532,20434.0434056814,26766.72463974498,31888.29220936372,156904.9080993419,122980.4859049646,61783.40579092396,43978.12872874657,43052.79878782107,141435.2171369592,61402.48923944387,45829.36234445605,40965.81498637383,115242.0875283356,35423.76843246665,4740.754682730802,22558.49912835025,65982.80866602225,39584.26136263893,44386.63780760812,2168.917403966563,47967.33812699911,30081.71749983704,18380.71136781234,25246.24337471956,64448.19793101918
80,27425.35398883077,20708.39662375585,95347.39125853153,59546.54483202164,83644.98498548825,51485.01328081814,20867.76239028247,25735.20868104794,35206.7521699393,163536.4345533411,141210.6012443522,60930.87866777327,47381.62965956357,46586.31962316163,148708.7663256946,61405.38795398047,48202.12464649366,50191.29710115762,133127.4015958787,36366.68350339723,5138.266292451412,24390.52772996506,72334.91580953686,44178.74974936299,48976.67350696839,2504.473293017036,52069.83198874016,29168.7290825553,18346.76864921149,24471.70783318226,65346.60164814206
81,29039.17643666103,21991.73868635236,101609.8650396858,59593.94625211152,84252.50631833026,53916.72623455522,22135.05549044651,26098.46704757688,41005.31789329566,169059.7794562695,149288.3177346141,61956.8276875546,54881.72653941394,48876.14096426537,154564.5865671188,69636.65423750218,53783.82514695835,56246.25772711939,168706.1406477964,46285.82622151948,6925.990520203487,28426.70050901831,81958.25787190581,46172.65206865438,51288.40909956372,2840.563533462612,55300.9035592269,30571.9878542234,18041.2841725747,23995.27614040121,65637.93207192818
82,29629.86559890904,22625.78219194539,102577.0097894965,57176.07181928975,84127.67563581909,56341.95178689574,23006.60053191836,26470.08610619358,43703.22995247319,175907.3978690307,147198.1219610464,58360.07253831068,59655.41999946145,50784.91216675138,160316.1988630386,73746.83387486213,58208.41795826012,58146.63746105655,177773.8810085689,50882.06272878839,8063.526701589121,31177.05697597608,87624.0728088436,47331.75698466886,53063.23632795868,2902.402333912865,57441.89769594646,30940.03961294703,17798.02801666893,24238.93329889492,65848.9758609398
83,30226.89421765223,23126.00481645498,107575.1130231268,57182.07404611355,84871.23363332197,57559.85327456787,23676.5430335307,28019.84050898003,44885.99304988794,177903.5365765451,138965.9652582708,63281.13371277285,63128.49758208357,48096.3675901791,165268.0151636708,81430.86370504317,61216.56812291233,60504.13794641005,185900.7614121302,52221.4562501661,8595.399887331314,33878.87194758082,94487.45375413695,45540.37904279367,49560.96249630799,2984.040039316393,57649.70960191548,31690.07543221448,17650.94289877657,24234.45551151981,66312.03700554479
84,30235.85753024368,22778.96805419425,102887.3328936647,58057.05450698776,83598.70784027473,57552.38082526567,21718.91698891154,25829.64976479792,45248.59640609921,163130.4227296268,149515.2577334013,53315.01707476401,60659.0261323626,44073.292551274,162884.1214696918,85014.92864323594,61343.08177597172,59617.76124907525,173020.9140719349,50050.3517854715,8595.409899467504,35508.4701991976,90467.19419802616,42771.4020126931,44374.6896461517,2861.834675610599,59156.85181985684,30473.01126099064,17650.94289877657,24584.24312694261,66428.03775817636
85,29340.35369547875,22471.30830145243,101951.3589072716,55075.3157749916,82079.94705295161,56951.04223164919,21695.56885190797,25036.50915259936,45608.22384637143,148138.2897818754,153608.8159215243,55860.39917751797,60233.97822479613,44579.03901264901,164076.0996023958,86589.02134932231,64156.27773657977,56884.4097096969,165055.6087480372,48546.62902841849,9154.992687388449,37013.10700870325,91167.36634907006,42559.62156919409,44953.95981110101,2673.964492075862,59686.21097709358,30411.34833676093,17798.02801666893,24828.30016248325,66531.16146143716
86,28757.46505580872,22693.13948542842,105471.6016057645,54398.36282130092,81655.36335734214,56940.01409385693,22150.35006376029,25390.63238852105,45936.84060590302,162925.6949694928,150909.7074159666,59487.92347495834,61616.67685392734,46007.69451770314,168828.3669648439,85114.79865860945,64168.93156102164,55833.41671840627,178889.9540468598,50883.22367404279,9195.32594611546,37408.9080183511,92211.73727033543,44160.18781433528,45539.59163812753,2618.915354201898,61372.68953687996,30374.2526380087,17843.28497612184,25067.50208423342,66395.81366959408
87,28754.65704512862,22666.75417944221,110289.6934205181,55782.35872478136,82062.94692323531,57282.09999562716,22150.33229698902,25745.49984605744,45800.98589775108,173524.5320385042,149345.6570184053,64211.82597457663,61616.65803081672,46990.9135559568,171229.1394626005,83881.09137076765,64182.99341203622,55065.39969767063,180311.3976848237,50886.26987497973,8994.273352157417,36890.46314841048,93401.84777255192,45350.07825454486,47287.54947613571,2607.831236390695,62157.4347579348,30715.80557080676,17764.08529674964,25425.21513529279,66394.17136016356
88,29353.22438402342,22767.0801446435,112363.2577814581,57871.89952130716,83523.63575202289,57856.94958938397,22576.63946388923,27683.95027350062,45795.21536162475,176624.2033067416,140739.4370937809,68483.60061210491,61877.18606938195,48987.96433486982,171232.6551120229,82054.53691454013,64063.49893010088,56043.03435247146,180469.2721920095,51974.16503627186,8463.364242645612,36597.64204517964,93382.5930202018,48113.44031648695,50146.81105060497,2617.510922307742,63671.74572031951,31522.70393752574,17679.22849826984,26313.52249904883,66436.59740985646
89,29930.9938752136,22877.69347503931,113126.5905941959,63422.48195863908,86163.36331300004,58170.33391578846,23224.60367842671,30342.49515691653,45428.58260933238,180607.5271107302,127732.7203511799,70419.72774873665,63632.47777435281,51773.95237308357,170035.6706577798,79505.59883948212,63029.08256745815,61095.18050397906,180311.3856265585,53225.57990486825,8462.452636322936,36371.47111547949,93401.84899615658,50012.70892795455,50730.96544640722,2735.093713921297,61160.7789541377,33067.21677081109,17707.5140977631,26376.65558940612,66977.7846033049
90,30226.90193036051,22692.9451605575,113623.6836251269,68500.21258847803,88298.386442693,57856.22316134755,23118.15355234532,30695.66929873329,43445.89078398542,181719.3245431827,126621.7557187194,69879.90840900784,61117.12401412613,53191.51024663811,165270.6436035569,79507.77269332494,56860.80585997483,62463.93212956075,163700.9828971749,53201.86972794016,8197.26152956074,35162.72792147517,90075.19273307135,49204.94019667048,48445.93017934177,2886.785563018273,59797.47042868301,31927.49139337056,17826.31361616221,26667.10997096067,66947.82138499233
91,30226.92698873718,22345.60480224189,111662.1752987871,67925.55851265888,89305.67636759965,56948.32167783403,21937.19252474229,29636.10821799765,42871.72995220507,170037.2727231165,132560.6209008842,71130.63695302454,60605.23446711459,51803.34477755139,164076.5509325286,77901.0662490228,52436.25053817424,63096.88426752692,163833.1830990873,50418.1538650137,7120.966163047648,33641.45895798608,86546.76320251019,49950.57444266806,47269.65742147615,2984.636116005219,60027.5525520537,31683.67347652836,17792.37089624291,26022.60644254811,67137.94778647661
92,30195.98867605279,22336.81484989743,108138.1424392487,67164.73525631876,87787.92399943875,55686.52140212195,22579.50665609323,28517.43388875648,41680.66685721603,173140.7320575633,132560.6171852854,76417.43303019261,61901.94525973778,47454.91756015376,166460.5273489552,82638.55868622035,58267.91570381775,61567.18262369056,166485.9177487746,53281.30474805473,8594.403606072536,32556.52420624555,86562.9564670777,49951.12533340306,48429.35814208774,3204.848862091433,61300.49754518794,30781.07901631532,17792.37089624291,26311.44278894208,67136.66040241743
93,29928.94563457387,22275.91548286546,105988.9641294799,66186.66233916311,87519.5555046995,56937.5164758299,22531.60783786105,26823.09590800586,40871.20839157899,165212.9982206461,129283.1249565694,72253.12351397547,63333.34744570839,45387.14958651261,166356.7253283093,85014.92733439746,65832.12801720238,58280.69023262538,166486.0493459258,54630.22197420817,9120.428101839763,34817.66171307417,87722.22471314039,46910.95900991158,46296.78165359746,3216.259290593012,59788.752697117,30441.88228427773,17605.68593932366,25781.89827202747,66998.10187730072
94,28436.99622079098,21596.85524392154,103457.0790451914,63530.37925781149,86226.81156057463,58781.76301285596,20747.17408941078,24111.10959967568,39959.73579341829,163456.7129781164,123153.0444224137,68820.43450648009,63881.83235154719,41121.77161730932,162894.0933619087,83809.96395993797,62228.20246843779,52761.5714845125,160933.6867395682,54630.21781718314,9524.125895793572,35041.82361289834,83125.17195697904,41497.54484939837,42080.50649721096,2998.896395007698,56341.94223629958,30446.16939780013,17469.91506096492,25539.97070302079,67184.48664521612
95,26093.89846658263,20588.0678798175,96216.86093416506,59139.2955664577,83686.15516986694,56760.84850381497,18971.96166199448,22614.5037942012,37534.3908461191,169858.3726871374,120952.8029221171,65962.6525845513,60372.3472186721,36897.92183582298,154593.4272118628,78880.6072832023,59003.02534717411,46794.64957698832,155372.4262010736,50418.68230984348,9405.811002148746,32886.94890876889,76258.74727772758,37940.75985046838,39868.71353127027,2657.430532733518,52669.16461419249,28614.87867976076,17255.95925695703,25309.39272661508,67585.45363179834
96,24188.66994734721,19343.92989136068,88337.28989362912,57147.39330424058,80768.29814544735,53385.20062832949,17994.03964648571,20204.65900092595,31138.63915965385,140637.72384502,106870.8309774087,58808.37237443369,51825.47397218558,33192.17430525148,147266.5565190049,70416.78611165436,52108.65019270872,40127.73506715149,139621.8836316277,42823.4392197176,8403.844856607788,31098.52353646111,72980.05023845284,30215.42612070908,36538.32539776979,2328.652150993839,46306.69367697187,27704.7824350062,17647.32357737601,25048.75348502944,65936.27947555047
97,23154.33752999499,18750.48798127906,85749.41626212835,56872.37909347012,80618.56208167592,51909.39612052638,17387.68532531995,19335.2389925223,31152.42016311337,140250.3063040894,99445.53212870045,55074.96184983032,48878.95400490654,32010.00692361309,144404.7072953295,68843.49019770074,49659.66827252619,37603.02249148012,134448.9957885527,37177.99953260867,7383.779244145981,28896.4414911667,68240.85278057595,28211.56902437515,35147.10414434593,2218.068160564507,44726.97645924543,27271.55065549209,17507.61459486248,24933.54606358249,64997.25728770877
98,22414.27450210836,18462.24151501028,84197.09433518413,56317.81814680964,80648.8614734786,51158.80491838168,17274.15510525554,18639.58902814956,30068.72320994634,137480.0926030547,95927.51616142866,53706.41309078417,46419.57052634518,30636.35209340792,141395.9955998041,65182.74697813841,49315.99903445774,35271.3757974606,128271.4119697659,34405.8766507492,6650.043247266851,27040.46981937499,64790.58191445262,27820.57334252779,34867.10513809653,2158.050434310326,42855.74146627113,27272.52844689448,17699.06764461629,24548.62749124914,64116.76661883042
99,21971.97608544401,18244.32758027465,82675.19157606564,55687.32870534204,80403.86529035229,50888.70617620133,16849.66782458866,18293.11193893956,29351.69847102252,134511.131688145,92824.1277960328,51429.04137939605,42986.24086213479,30149.15019789949,137118.5636848154,60974.15176917781,49005.67577932045,34147.18428628657,124164.6647317547,31605.9105216808,5278.271369889083,25778.15399257354,62506.58872072634,27012.94973105618,34315.38040661319,2057.084915471717,42302.21530030459,27351.03271712635,17724.93967823644,24631.31842641477,63487.25214037859
100,21971.98078143603,18142.65526765842,80010.13850320704,54993.76758004109,80205.75237347872,50888.70618918468,16963.35517192219,17951.01902598084,28747.58806985445,132734.9641145396,93412.1756910921,51064.75684964602,41967.95357033786,30149.41254348064,135228.0766809863,60372.45236289321,45690.15458694195,33536.25003558302,114182.2844381101,29265.09777235958,4926.467229514757,24557.53149249814,60779.86544327137,27419.87617537612,34309.72914728001,1997.294972347396,42291.10410147312,27186.25655344623,17611.10273054898,24526.86746215367,63254.40001093887
101,22257.04892378468,18184.8675812925,81108.31992850776,54993.82238006999,80767.73115046285,51171.20227292251,18198.78068334454,19905.0314404952,29005.0387718015,134927.0745702245,98534.50008846984,54719.53986806765,41513.03018555654,34339.08910943726,138212.508615396,59165.45105790549,44521.73492426246,32759.55856446958,112458.5383872157,28781.16215606035,4802.075445365806,23260.72680314396,60781.31210818687,29491.24321162597,36695.55221575434,1994.34167707171,43681.18244948264,27613.5029551392,17714.59086502956,25055.59638559099,63298.78803558295
102,23479.24619569822,18656.16261861942,88122.37328092438,56414.67829949367,82866.14062623937,51979.07061223844,19849.09591904541,25543.35992008618,29496.59285890262,142878.9785025755,103746.427936109,63858.10612277288,43312.58387475116,38620.58270164898,141631.1491024923,59167.22046399156,42935.76655236263,34849.85078918423,111143.7682113762,30648.30541573886,4981.167960934377,22713.86956480438,63620.62577039517,35253.478571254,41870.29785596104,1994.371042089494,45449.07329299818,29113.0163601676,17978.48560964333,24994.02772709268,63256.7586284188
103,25228.92452359252,19416.02365322363,92701.2598337813,60377.82006223014,84206.6481166465,51443.47462677944,20565.56264272241,26248.75383227356,31113.06033057496,155599.265277639,120825.9677052013,61916.72861485729,43968.37791126082,42241.71405233563,140468.3504909192,60371.40656052372,45383.78792003331,40790.34839737008,114948.4177930876,34394.01698088696,4927.232017071708,22359.01825193705,65993.46461017162,39163.22218611709,44354.02680357231,2185.79989815258,47905.74585225479,30030.42857352645,18351.04289473817,25176.05384587395,63644.92070483398
104,27435.79179833321,20406.42481451448,94182.81767730605,59605.35326837106,83175.6053573917,52025.53551097498,20981.51845839163,25235.17691155056,34217.9592447296,161570.0532613904,137897.1257900012,61043.89971160924,47284.83246114117,45695.81710592083,147390.7837814928,60374.36604234355,47741.8070339125,49833.2762361796,131690.4725699344,35335.4540686025,5298.566010711695,24270.71252003851,72456.83357604367,43752.53757073783,48770.89323384244,2502.676165852913,51761.63391920667,29040.12370336674,18319.99645511755,24389.21536215329,64619.37043418457
105,29055.53521978831,21638.10102507948,100466.6480654572,59654.42380110591,83752.09153715378,54235.34598720966,22196.90896211973,25592.11787157056,39643.35555265456,166543.074421041,145461.3113479239,62094.28031934254,54593.11029838352,47934.17348049377,152963.9261265849,68778.18870668019,53288.8255686987,55768.42101518915,164994.9589126877,45239.04891089055,6968.561957458332,28482.39805812583,82248.7355431558,45744.1949260586,50995.41347799175,2820.057038840313,54798.48192726684,30562.21748831825,18040.5784900905,23905.21589325837,64935.36072585334
106,29648.39156898728,22246.61867992993,101437.0910215443,57151.41046775746,83633.63781481072,56439.26106055665,23032.75945861421,25957.27412333662,42167.64221651181,172708.4238349115,143503.997210604,58411.87331208566,59244.71396094187,49800.04402331365,158437.8909542936,72974.53220975574,57685.9261173808,57631.19594516171,173483.0740919331,49828.08099368947,8031.187155853925,31352.35363004459,88013.79139035867,46901.99478878672,52703.28141586414,2878.453416091184,56810.77835510045,30961.43772182359,17818.07900071608,24152.7433711535,65164.26846428299
107,30247.6106335937,22726.70292601804,106452.2390413438,57157.62404674482,84339.21124283646,57546.02469495015,23675.26414391401,27480.07683153454,43274.2880403259,174505.6753563228,135795.1897875209,63450.12290096542,62628.96570204826,47171.92593249643,163150.6683232002,80819.64641406569,60675.38510346526,59942.04609952356,181090.4706614022,51165.37506708518,8528.034516640413,34171.65688226177,94997.38949418771,45112.63378570448,49333.13862617134,2955.546538983738,57006.09843976146,31774.99034807297,17683.54442540896,24148.19445733393,65666.52574398139
108,30256.60683179629,22393.63745834122,101748.4724053651,58063.41457509395,83131.69227448864,57539.23413329038,21797.81361240484,25327.97557554599,43613.55588756371,161204.4948134057,145673.8239142426,53246.67667787251,60222.65232305918,43239.27166944467,160881.8522830275,84478.84599777202,60801.11266236335,59073.20906615529,169033.9247784147,48997.67372538209,8528.043869440242,35872.11812734173,90906.71213899739,42346.77438760021,44342.52941298603,2840.144065632337,58422.64454298782,30454.85905916966,17683.54442540896,24503.53819843232,65792.34546161162
109,29357.81747166659,22098.36372778672,100809.3065128204,54976.68198822514,81690.51719647,56992.76983046392,21775.42170954493,24548.62842862636,43950.03933532775,147706.1173468937,149507.1391543163,55852.67361188611,59808.47524609636,43733.65120701629,162016.2900785738,86085.93724030149,63596.82879478206,56393.9452161839,161577.7751383584,47496.30799608641,9050.776052173042,37442.18398863405,91619.14831955613,42135.23239081976,44899.94532719741,2662.732181313686,58920.18329046931,30387.97420825909,17818.07900071608,24751.4719051348,65904.19814300296
110,28772.7902644817,22311.26424747505,104341.5541222275,54275.8919694648,81287.62330708803,56982.74804956702,22211.57713885147,24896.59312659903,44257.50780924774,161020.1652991335,146979.6231661508,59566.58249297778,61155.81060839191,45130.19691099909,166539.1513312984,84580.8096410044,63609.40399452791,55363.74932386239,174527.8058685997,49829.24011920679,9088.453215992598,37855.19638417503,92681.812164617,43733.99653486598,45463.48289568552,2610.747501804755,60505.2856143252,30347.73705908946,17859.4742547495,24994.47337804253,65757.39374246902
111,28769.97195145565,22285.94118308025,109176.0768390428,55708.62154081326,81674.38551630368,57293.61739306503,22211.56009972683,25245.28910346872,44130.39609452609,170562.9771166496,145515.0053569768,64402.97833989798,61155.79226669247,46091.31757241095,168824.0313850832,83321.23949594943,63623.37847205583,54610.92986022052,175858.3884437291,49832.28154534052,8900.640682168509,37314.20696658707,93892.76832643776,44922.5472599143,47145.49515047089,2600.280411232442,61242.85886499639,30718.21441276096,17787.03255988953,25357.86844464464,65755.61241860584
112,29370.73538164349,22382.22814213963,111256.71257476,57871.73985799387,83060.45523469508,57816.00991171774,22620.40765224224,27150.02804488449,44124.99692395729,173353.8096784064,137455.9153232242,68776.47951135336,61409.65715947039,48043.48356068457,168827.3773236295,81456.39401432287,63504.62647057438,55569.21903428074,176006.1713474673,50918.47147268561,8404.693909611522,37008.65255322681,93873.17631295722,47682.79801183545,49896.88474541337,2609.421251390501,62666.14279089497,31593.44499308403,17709.41645902909,26260.28593447138,65801.62965100666
113,29950.62465863989,22488.38830909017,112022.6485439276,63617.77102483056,85565.33263566122,58100.79680094009,23241.83418175034,29762.33831872681,43781.95899431223,176940.2512117735,125276.0846670009,70758.71289645652,63120.05632775281,50766.85501891973,167688.1748766063,78854.02120468052,62476.63746690295,60521.39307903771,175858.3771562487,52167.92479646442,8403.842335951404,36772.64659265518,93892.76957147472,49579.92820881707,50459.00062204446,2720.458480561837,60306.11322923603,33268.7549443106,17735.28849264924,26324.42184873908,66388.62601370279
114,30247.61837459926,22311.0777458964,112521.4367868266,68874.3001882603,87591.28836956587,57815.3497728298,23139.74377161299,30109.37042823853,41926.86423084988,177941.2736454622,124235.7482503477,70206.03848944606,60669.03410321651,52152.55251664137,163153.1698804591,78856.24063016912,56346.68742367655,61863.05978278141,160309.739245244,52144.25178432945,8156.115048637633,35511.34126502651,90507.84448045172,48773.06895623753,48260.17337447171,2863.705994764104,59024.75480384073,32032.51188737845,17843.95103433621,26619.48989005683,66356.12653777831
115,30247.64352491292,21977.72090458717,110553.2392249049,68279.4112253294,88547.12101169862,56990.29753688478,22007.14956902806,29068.23611667,41389.65378855917,167423.1742129026,129797.0573524356,71486.55144169171,60170.23640880383,50795.58681328451,162016.7196216559,77215.85195041113,51949.62413155415,62483.48703393572,160433.4889883889,49364.89928926894,7150.697729972592,33923.92000141776,86917.61191496675,49517.86368166214,47128.27811322527,2956.109433459986,59241.00641659692,31768.04624256787,17812.90459350966,25964.74888483167,66562.34632175478
116,30216.59170226113,21969.28482545423,107017.1885290522,67491.79763833332,87106.90283787255,55843.64103538479,22623.15741721506,27969.01659188788,40275.24211740562,170217.4174132748,129797.0538730515,76899.2454152012,61433.78312011383,46544.89283698634,164285.6143910174,82052.65894273821,57745.05417295427,60984.05519850315,162916.6563873949,52223.56229309613,8527.103844203275,32791.80691959229,86934.08881645734,49518.41395214119,48244.22655404964,3164.063444570618,60437.4331692818,30789.01554205863,17812.90459350966,26258.17318965952,66560.94996616968
117,29948.56890318412,21910.83719578644,104860.6809819672,66479.28453203007,86852.2439149059,56980.47834809039,22577.22031804546,26304.14475087194,39517.87673078998,163079.5709068646,126727.9241985273,72635.76850153696,62828.57641938626,44523.5990609809,164186.8232032898,84478.84466149559,65262.26615878364,57762.596074153,162916.7795726352,53570.36514322548,9018.487672974947,35151.26987087129,88113.66249735362,46481.67059666312,46192.10623975475,3174.838680870821,59016.56110550767,30421.09392408324,17642.14917137554,25720.21723747084,66410.66305759412
118,28451.14565729509,21259.11512867396,102320.1615342313,63729.46763520651,85625.53963725863,58656.4308127991,20865.86890919013,23639.32244903143,38665.06237897235,161498.2748214341,120987.5560262519,69121.33464923773,63363.03352649017,40354.08775634472,160891.3428022859,83248.62100365458,61680.73364636696,52352.68990859602,157719.3333021641,53570.36099271636,9395.60046763743,35385.17943900953,83436.08898554878,41074.35147883614,42134.89940765511,2969.575875665657,55776.94252890105,30425.74409194936,17517.96340927529,25474.44682235262,66612.82449480625
119,26099.45128205092,20290.94036521951,95055.25246270403,59183.76382275481,83214.67236793032,56819.93195844607,19163.36115774526,22168.74403377831,36395.80164273205,167262.0990528279,118927.1921844968,66195.49851698538,59943.30537796059,36225.17127106505,152991.3745474473,78215.92762044087,58475.59620337293,46503.84173370385,152513.557870311,49365.42690578169,9285.077049226833,33136.60012276408,76449.39383452585,37521.57111649066,40006.55123307934,2647.118629301423,52324.939946345,28439.3704617644,17322.26411869335,25240.20627998277,67047.73161296113
120,24907.13373662045,19550.83789899202,89067.83057057804,58169.46352566568,81102.13172198445,52953.66383858855,18094.41719300454,20031.66459256707,31938.18262130282,175793.1161549319,147215.7642041231,65161.31678278538,49018.71434829348,32293.326526965,147341.6214048171,60611.6997716628,51016.59742324697,42398.70452023227,167249.6472352423,39398.65025265666,7696.172941086665,28400.48890845181,71917.50965894262,30435.92600908806,38440.21383807869,2473.324217152582,45707.55665759363,29740.98478241819,18342.76830301635,25344.62333949392,66991.69869882619
121,23636.68753697715,18632.81537795712,87082.11977826075,57073.33540341946,80415.02406312809,50928.72819228041,17535.76173799552,18974.44300526927,31186.72329760188,174544.9392107292,137691.3977514777,64378.17588571045,45327.61679907302,30265.21637842429,142728.7821414546,59981.44208931007,46961.0288748428,37390.69303774253,157242.2682182364,36456.40313387401,6801.871574951962,26113.57262610616,67776.54650534513,28477.494375698,36532.84785387586,2280.410186761438,44101.48812839069,27999.49184426575,18255.05566887087,25819.27445789594,66041.56295160527
122,23132.0500091063,18366.49147408073,83232.18342004994,55442.22090386909,80280.72701472322,50480.58393402097,16848.74081004935,18580.06767586575,29420.33950294972,167645.3779818116,130576.3003388444,62846.81302455936,43736.56489444418,29965.93674350351,139635.106336343,60573.27008610925,45011.71303229023,36676.93005121591,146540.3857924997,32732.29014765936,6116.373569888378,24556.69188745018,65027.18290187925,27855.51020817303,35593.28083308734,2183.052162335053,42668.21043998286,27881.99594323725,18117.19403445075,25652.99667426615,64701.80709900499
123,22950.98493004883,18141.62703412263,80732.09920625115,55473.10205769055,80247.24271244288,50628.79700103931,17007.4683772492,18198.65366647109,28255.97659381673,163300.2314651049,124906.4552902282,61584.89560575405,41737.02676886601,29680.87468781158,137009.9472863204,59576.11426381073,43133.13599475769,34973.61997548113,135341.8673714924,30559.49627912081,5556.015461950223,23447.26701087165,62219.55569702215,26916.80150292934,34834.04003950545,2088.452453512765,42682.84532998105,27775.26456937535,18144.02201883033,25819.2316509431,64317.21908380102
124,22436.68609346616,17879.78626099449,79457.65072921288,55169.71581990812,80978.64042412094,50621.05492736637,17155.46683387372,18559.62742409096,28234.22246752429,161502.4382090653,120164.4673810568,61579.03630153291,41190.19012416245,31129.11060030625,133339.8834267241,59257.99519119039,42942.56796875627,34365.39427603176,129777.8506601417,29477.28257256098,5157.990151142225,22660.19813447155,60841.83905698248,26925.90815632648,34301.95326590406,1997.551823856045,41968.77865821305,27366.20376213825,18127.46076886533,25977.52222985095,64312.92194120558
125,22925.58667305909,18007.97837236527,79367.92470712384,55169.8599775613,81922.33471059089,51408.47253099215,17628.39190241987,20005.07999366283,29759.92091623127,161346.4324369927,116966.229171124,61581.01094470166,41013.14004212966,34228.12911917407,137613.9320111141,58913.25122837208,43874.2857890929,32434.15351011362,122922.7194527257,28573.35925010441,4935.655693575529,21849.91611555089,60806.05652789563,27856.74456881911,35410.46642696502,1981.574531894524,42702.04666022703,28408.02184325748,18362.58953497738,26215.03607505688,64044.72084866834
126,23967.00407749012,18397.62417706713,82299.88301232505,55275.79136376157,83351.51889295729,53290.95173682222,19579.60588157505,24497.7569429665,32190.14782206486,163747.9798000394,120161.4965275922,65103.37329870696,42830.59677361598,36941.97695440285,145877.0431343594,61279.1330521609,43795.29998390046,34335.40759612534,118679.5994707826,30714.91520571878,5217.895503411662,24080.28716036698,65577.31547677131,33721.97546996877,38405.61774875782,1998.316672677189,45648.01675808109,30064.4338609422,18512.51987673824,26294.04198456777,64266.18003729628
127,25208.86882433519,19586.8621073379,97340.477312132,56451.51158119686,84505.3457204916,52478.19114747745,20600.82398227078,25824.89535373039,33202.59714797506,157210.2525789383,110928.7509455954,71598.24089008413,47492.48103108721,38832.29675867214,150088.8898797542,63690.18951282586,48950.62923508818,46452.96220809522,113722.7588437896,35275.66272204638,5632.048844231273,26756.96848980537,66391.45024794567,38857.56442198229,43247.32194466957,2203.046294731471,50435.30916784976,31341.00950310922,18642.76099708478,25851.02144684589,64166.23242339245
128,26698.29006504319,20116.53847756595,94741.45798362236,58170.51256243605,84232.62061593845,50715.414629855,21023.47368595565,24978.2746473461,34984.86869782645,132451.7573249024,104257.9615866169,66776.24432626914,52473.58675499619,41881.06379545578,150400.1633464096,75995.10282826875,52410.36910426086,44824.76091127667,109005.2368096761,37338.02173669242,6036.877476130295,29040.7108151206,72825.17702333079,44825.2038251874,48089.91889036544,2472.61614547707,51793.64681130693,31054.28646927474,18252.62012233841,25195.15543728511,64815.11345625723
129,27812.02439416015,20970.28019656393,95488.4750033186,61169.19153469425,84884.42171828919,52078.35663879163,21068.78440848835,25064.92249287849,38251.65212669782,131196.1266262923,109095.7095879906,61536.38808754417,56304.92980974756,44515.55238269301,150400.1633242456,78934.61052069505,54186.7197971351,45494.00480135254,113943.6344760836,41040.29586610361,7076.639264388096,31485.646398156,81463.00061129023,46661.82391480584,50984.42479107535,2760.494761272549,52717.1717135729,31781.10330180378,17938.66244411604,24501.54497146396,64974.72624197751
130,28489.79049516551,21567.90819937306,96330.04203516466,59377.64779720768,85338.78069463577,53450.05584956274,21198.06569247878,26215.81333845395,41726.73437293453,135594.2340295785,117615.6673589176,59924.04398287208,58493.31619895888,46252.62020726936,148695.2777044538,77448.80423153634,55918.72664587395,45489.75720987996,126710.0532036487,43544.5715721392,8038.477225156434,34365.54429525835,88228.23264404731,44776.82813564387,52140.52930177833,2930.370428779685,53005.62474610156,31018.60751791753,17688.39605255885,24157.06256582164,65739.11507369732
131,28819.80960776154,21752.01012686297,100584.4667949613,58169.46322085273,86707.59216162664,53089.88233436118,21663.1576495612,27544.08858091905,42609.3084780718,136359.0938458845,116663.8823408767,60138.12635519077,60655.50151989437,44055.66797278125,146130.4890524594,78726.90395534055,57083.94681481348,50275.54337112942,138106.3828734441,46014.65293490251,7971.061433185037,36016.75090638756,97642.2068380653,42855.40331434763,50371.55897202151,2978.697012780702,53426.29442362295,31341.15795354076,17695.73543650431,24235.43396103608,65519.94923008979
132,28498.76809477492,21262.22445999333,92755.2066180055,58169.91720685069,85591.69219392282,52154.71478428326,20817.88176684418,25834.15901613161,42020.58434554965,132004.1397575891,110936.0755509348,52811.69620820625,56274.42112589467,42185.16400877919,134109.9189719413,84678.38988370281,55704.67955957742,47021.17546849954,143657.998943538,46053.89940624396,7670.042756609882,36060.40655181839,91416.71056647888,40707.70509244389,45506.00024482945,2928.176631758365,52810.39118674518,30881.26684804784,17962.84109209396,24553.5381740573,65568.12602519114
133,28167.69958818055,20590.60357738194,81197.16585550898,55699.81612304899,84841.19799150291,51718.98324255903,20941.81135013634,24685.5364811818,41968.82151453519,136585.7141333967,106088.5932620306,51024.50753334889,53387.67165085908,40961.44955620624,135831.7516248891,82067.17060245825,57103.46817736351,42398.63326385541,146254.4883485408,43946.42441553796,7745.515914158819,34093.41055066961,88410.90973770867,40213.69775507794,44929.60711619569,2697.50311034864,52461.16132465904,30657.32779846837,18099.92542999313,24237.26959766722,64600.07803476653
134,27678.49945817593,20405.47995928335,84467.76212149448,54650.44963630773,85099.11466998237,51286.00661028519,20237.90090582729,24854.59017658107,41326.12878152543,136984.0323075236,100433.8028398257,52025.45086324069,54025.6893193643,37399.32296769175,142723.0378909773,77795.03741658488,57162.17154298692,41470.42820677195,151983.8206419341,44359.89708209537,7971.577567034097,33740.48856958168,89937.84394312334,40418.63954014029,44897.72365926494,2670.178963851182,53156.04563616169,30468.73375987121,18150.70643582617,24237.10410324005,64118.3517921849
135,27356.59911029,20361.97526693754,88422.6774373182,54082.07371807464,85459.71417378804,51423.70237795226,20816.76369847688,25447.9313274966,40442.16270601197,138649.3579633036,99383.02302926645,55096.46106558135,53974.48443175095,36926.13929689367,150465.4550140099,77523.970943316,59031.471475022,40541.96315047266,149208.3787803474,46013.79360333291,8040.425593684424,32390.75365866344,91301.2693688236,41017.1782580586,46659.99289393444,2612.919920179377,54584.64645537355,29922.80685278606,18116.86709526733,24712.24985716779,64428.28869143443
136,28168.49167513891,20922.38711222134,92849.71950932532,55170.96549320513,85750.3355925701,52779.40190859975,21815.83793053582,27074.72957310549,40567.71039131365,142868.3137255675,106157.0407878365,59922.43555617089,55569.76305512404,40860.11085256177,152102.6460569065,74419.27325804978,59819.36578038825,43015.06559626356,151984.5766724154,46438.4615168262,8105.939964977,34194.40066712894,92687.84801167584,44124.8585655671,50120.39371221052,2670.828572272542,55905.54398808719,32225.42917059924,18105.44456726362,25573.86139905771,63276.7794827012
137,29115.43483179229,21618.73927856592,100340.083456135,58710.33533150257,87454.9946484068,54990.35602763668,22773.52623412686,30420.03442451691,42587.40954777362,149273.5733464092,112844.2185653372,63618.20411912874,59561.36147965633,47422.75707318365,159758.3589595965,77073.81700421196,62902.39411485777,49850.30750682116,153255.601031773,50547.0861285481,8595.968177306047,36406.83450667299,95455.39590386125,46974.73987161354,52712.21287100876,2762.439881280046,57620.40033030464,32825.85147490017,18251.82021668666,26690.10598540665,63228.69322029419
138,29814.40482981074,22491.35443965529,112572.2531116831,64297.59268643757,88530.48884692187,56635.30802412966,23675.52358701788,29642.84180186866,44247.47363566847,153140.5026724454,117613.4938724997,66255.64494376216,62489.66635196347,50562.50630512483,169160.9426804231,88792.45354366546,62104.22467966856,53654.67866567224,161699.9833564963,51799.01706214476,8797.405745423834,37647.19991764431,92857.54753443475,49177.49076324567,51312.71447992987,2853.024825470967,58848.53992241505,33242.61338689894,17974.22211570011,26535.84543513114,63762.08624641351
139,30124.03489725613,22894.27833765779,112085.9342577296,68548.01275167905,88236.77857382344,57409.10691869188,23268.46952516633,29609.20847805428,44120.37518446413,152433.7036799451,115776.0611308642,74430.01064453278,61189.91203811365,51496.86943599641,159937.7323943552,86230.36766703849,65299.01362427273,60961.02748805968,167252.9285512542,53045.19843314227,9356.331433076466,38749.87900396234,88570.72598013851,47641.5094878247,50683.57006730696,2882.236315002701,62062.78436483755,33206.09005695861,18299.70632821595,26990.67653503061,65159.87080686629
140,30124.03489914555,22523.93368284277,108363.5068351505,66077.71181901215,88323.64339042737,56368.11643673397,22792.1224431417,28497.0447608709,43115.35807465576,151728.4738988989,115570.797193063,76902.27864999246,59032.98245263965,52078.16790138965,154507.1039113845,83052.06910433294,63427.77515877644,62195.86841166881,165863.4831792079,53043.41748075934,9344.996823933872,38904.53669571388,89918.83198909725,45407.88550815994,48679.13514276337,3128.26038792586,60567.70440250558,32626.63917208863,18106.95949699804,26382.74027976971,67384.33850614178
141,29796.57063176475,22518.63419096018,108410.1844391865,65532.48088771846,87215.62480788208,55548.45632532789,21792.8939430928,26784.35459127613,41966.74989569067,153031.573243999,112225.5795195162,72896.9858494582,58293.71349094489,50383.054975475,152957.5274866787,78973.11585679777,61428.71135170178,59763.27255583612,168637.4224372467,52089.28339562142,9073.174282757363,37232.51284027706,91848.38067584478,42898.20227629755,46655.78575087694,3158.608835214842,57880.71581946772,31598.07417482153,18004.49365094729,26057.10690076619,67629.69836080485
142,28631.38983038206,22006.05636667025,105710.6510283449,64070.21522786041,86281.19961124437,58282.83999202357,20592.71120588219,24114.76787921519,39708.38003339318,153055.8960215392,105206.6909899641,68508.56764252177,56273.91538089693,45064.12307022695,148622.1235890561,73009.09127341074,56108.42318398529,54536.07306247969,172850.061308761,50111.87336293784,8797.93903103144,35167.7586159469,83474.54032194843,37928.61759812366,43202.15210292773,3076.935448878113,53714.69276930432,31974.11902755146,17930.69710577041,26128.58371384775,66918.60204866128
143,26709.46857167493,20829.10359000457,99931.08190650222,60669.57824329212,84435.5595856739,56027.91556177921,18967.64431636336,22407.52802549411,36819.15294511212,139964.7494647948,91948.92200298765,63702.70284864288,52819.69369972126,37403.86061706694,142535.4337959416,67050.73852289817,53116.81450307572,47991.66359222515,176679.3658248528,44476.58891979462,8247.047257263323,31217.60956000604,76079.05690355704,34511.10692098044,40602.88356463169,2736.953339737344,51135.13471730521,32037.12105829321,18271.91010507257,26063.43010351372,67166.4414832688
144,24729.3753419852,19540.07797419507,89095.27421958397,58254.0198582267,80756.49914210365,52933.3308666568,18094.22796861758,20014.10753936268,32303.24890903526,177899.542775617,147273.7956233174,65390.3375081405,48999.51239709088,32481.96772366949,148217.7120169857,60822.37031420596,50848.54648887014,42172.36782236843,168462.3377669967,39248.65827334561,7542.654723865448,28443.28241893555,71808.74203168167,30374.87021392054,38324.5766121832,2470.603266838314,45620.16429461361,29937.11307175483,18422.64637672577,25724.93918699289,66372.21930225143
145,23501.90170177248,18550.3654158745,87071.88322802614,57139.48110742553,80008.28623805534,50839.14817285261,17535.47655899261,18937.14114796282,31507.9660981769,176545.7037653996,137556.7514882147,64602.17009395098,45164.23595823941,30404.20502428681,143101.8560523469,60152.30155715415,46765.6640632717,36974.73871016626,157823.2661239532,36167.47310965504,6676.355272879077,26232.68076205608,67704.82396060611,28324.84420994627,36350.27041403615,2269.280091048072,44010.21258467173,28317.89734213137,18330.27077499084,26191.52410221199,65729.76530094455
146,23014.33342576244,18263.24379716925,83148.89173530009,55480.97031854317,79862.04600437872,50375.6786538653,16848.33762838715,18535.4004150192,29638.57061001253,169062.0731884386,130297.715842341,63060.97832249933,43511.03557503592,30097.59837248796,139670.8239012931,60781.51316584624,44803.21975971517,36233.95061673749,146445.852152787,32267.50100745448,6012.321237008677,24727.7532896317,64980.05618129893,27673.77031196233,35377.72869520468,2167.678218823215,42573.46949225907,28208.65129987439,18185.08015838485,26028.07203695845,64823.86158056057
147,22839.39283263188,18020.81928682569,80601.36674026634,55512.37015393191,79825.58390600697,50528.96018679269,17007.09245862115,18146.86306933653,28406.30456708968,164349.0964852953,124513.1699777394,61790.96140394056,41433.39298787789,29805.55737720368,136759.3988943889,59721.37065407179,42911.99068045508,34466.14835276484,134540.4531892247,29992.10401963492,5469.508780665553,23655.35003233692,62197.54602714636,26691.15890848158,34591.84186642108,2068.954897505834,42588.13976675163,28109.41396412904,18213.33436856269,26191.48202271893,64563.81441367402
148,22342.49003952302,17738.53089464862,79302.73474530468,55203.88822412305,80622.02562633333,50520.9533561906,17155.11633544869,18514.57841851659,28383.28178706688,162399.1144305577,119675.2517780733,61785.06449231943,40865.19621947355,31289.24925708156,132689.1252484273,59383.15716210853,42720.13919651252,33834.89348977161,128625.2208077434,28858.7862927492,5083.946238452329,22894.54572319814,60832.15444886864,26700.69147319049,34041.08117142403,1974.091898652318,41872.34661202499,27729.07495790056,18195.89269159215,26347.08261750599,64560.90881154009
149,22814.85366602175,17876.73375960477,79211.30611153497,55204.03480305612,81649.64369100287,51335.29840528709,17628.12263356652,19987.02644312638,29997.95567897376,162229.9022839691,116412.3132933978,61787.05180955205,40681.2303396608,34464.13849464726,137429.2463962145,59016.63698292645,43658.1320497627,31830.53042816424,121337.3753175081,27912.17813312616,4868.573405737274,22111.30289643032,60796.69203051305,27675.06240272499,35188.49830203038,1957.418154644689,42607.38752231166,28697.74281029174,18443.52134242901,26580.56016139523,64379.55907750533
150,23821.04535895354,18296.80770918023,82198.90029963152,55311.74541867682,83205.92680577432,53282.15305298079,19579.67175307766,24563.60919545534,32569.90817691639,164834.7481113805,119672.2208243215,65332.02211919088,42569.67920560138,37244.42723187195,146593.4257471147,61531.96291609058,43578.61428251425,33803.7714284494,116826.4182126348,30154.86209924463,5141.975864423342,24267.24623602184,65525.26726670194,33814.60572998234,38288.76635125605,1974.890087324027,45560.48043848479,30237.85149233896,18601.42226141763,26658.22344746318,64529.30330329237
151,25020.90430763607,19578.91537805667,97524.90000293744,56507.21309789919,84462.36473114291,52441.59836003775,20601.06525811218,25915.53341106063,33641.40136406052,157743.5819179998,110252.6970423988,71868.57641499962,47413.66249645431,39181.02617943953,151264.5621263315,64095.31700286445,48768.66419700302,46380.13129505306,111556.6884997792,34930.97607449142,5543.161443873932,26854.60644132228,66332.11878307222,39190.38230438649,43300.39321403587,2188.543897815334,50359.34764804519,31424.79363523622,18738.58724317712,26222.73158403055,64461.72165018502
152,26459.94620697455,20149.95513301756,94876.56253277937,58255.08651467666,84165.3858809519,50618.539892486,21023.78755607613,25053.10110926703,35527.61114704369,130889.202925597,103446.9577904021,67015.63031407734,52589.33644372541,42304.43366926169,151609.7790589202,77177.4867276833,52251.7050925997,44690.28164305871,106541.3838117803,37090.72328184368,5935.314285005627,29062.14005643548,72708.28939809615,45437.1237021113,48312.94415821731,2469.86433023473,51720.96950414833,31158.202576347,18327.70575025204,25578.01133667021,64900.476025184
153,27536.00872073929,21070.36708533213,95637.75470338226,61304.13146477402,84875.15237731658,52028.09064684091,21069.10606117489,25141.36720092346,38984.90634032582,129527.2791774454,108382.5733064132,61742.14254473017,56570.33655306912,45003.42027136981,151609.7790343393,80302.6723794562,54040.01934227254,45384.86501979092,111791.5063948727,40967.82525830076,6942.519574445705,31425.48789410886,81268.83896169065,47359.64112827327,51309.0345717376,2770.291608937752,52646.72732116686,31833.98668204349,17997.05749498484,24896.1880609139,65008.40152229916
154,28190.84953450016,21714.66493863253,96495.2910362751,59482.49685960371,85369.91800071034,53446.69807445924,21198.40955050822,26313.75222951769,42662.64788878374,134297.7000711741,117074.8895986237,60119.44975916686,58844.20405337886,46783.01529721174,149718.9805978291,78723.0131364624,55783.69109614157,45380.45660236389,125363.7757410071,43590.35723461558,7874.240948139719,34209.28330985029,87973.54918596082,45386.48551804933,52505.71330046129,2947.572176881313,52935.87778051117,31125.02878735915,17733.48647423794,24557.55977626513,65525.25889234237
155,28509.70582419727,21913.14371826244,100830.4463703444,58254.0195482941,86860.45938765495,53074.20764807115,21663.58139174775,27666.83450843683,43596.69181236906,135127.3076532341,116103.8499947386,60334.90619930968,61090.84703889574,44532.27689011423,146874.5092052188,80081.84574937209,56956.75891460772,50347.44630745093,137479.4723303591,46177.08015107954,7808.936045582036,35805.38899093308,97303.30590739065,43375.19710686267,50674.65983966635,2998.005322394119,53357.56456057799,31424.93166236715,17741.21603355322,24634.59933094865,65377.06535937899
156,28199.52346880455,21385.10980375694,92852.62071017947,58254.48115946603,85645.32119977196,52107.06002402141,20818.16032451316,25924.97008279266,42973.63455808352,130403.6931370193,110260.1698243112,52961.45204086089,56538.63616184379,42615.97891771497,133543.1309295425,86409.26529583827,55568.20242261529,46969.85873368686,143381.521308821,46218.17990930597,7517.342714599213,35847.58784310207,91133.50296476332,41127.05265876135,45638.34125576407,2945.282751988394,52740.17218202102,30997.33135712671,18022.5215250856,24947.29769298567,65409.64109908098
157,27879.65328062713,20661.04083298541,81075.25834231781,55742.89212126895,84828.08471662948,51656.42770121792,20942.11119394057,24754.89572808029,42918.85303039629,135373.1120539367,105314.6230963892,51162.79246147712,53539.12663958546,41362.3052717934,135452.7244238693,83633.10483454601,56976.41175171988,42172.29386802144,146141.9080947404,44011.1862707502,7590.452694550874,33946.23069558334,88154.59204918866,40609.94097077192,45041.71924622001,2704.554144500566,52390.09794583176,30789.11596697946,18166.89352263464,24636.4037728402,64755.07536284337
158,27407.00023594262,20461.46057708123,84407.91637450563,54675.90041698849,85108.93821101316,51208.64449794296,20238.0798460303,24927.10669168003,42238.67984323162,135805.1491021423,99545.43641289473,52170.16025317032,54202.06607669302,37712.97007103023,143095.485408067,79091.116606601,57035.5104790541,41208.94431427967,152232.8912215541,44444.18383837642,7809.436018507288,33605.08575636325,89667.86629155924,40824.46772856919,45008.71681923003,2676.038935225885,53086.66236084503,30613.7638727392,18220.37414166098,24636.24109081909,64429.34616784545
159,27095.98809554951,20414.55852470895,88437.87887124626,54097.97802540266,85501.60622811828,51351.0490697545,20817.04206410654,25531.52915698724,41303.16277255983,137611.4497616624,98473.39935444613,55260.88144927799,54148.86106208719,37228.20183403448,151682.1905929158,78802.92785475012,58917.39997237351,40245.32491700851,149282.256019635,46176.18024037316,7876.128310331073,32300.39163465122,91019.09450479125,41450.99965094926,46832.83400577307,2616.283963068872,54518.71727624509,30106.168684834,18184.73583850331,25103.31223574648,64638.91643362889
160,27880.41857542074,21018.73394350337,92948.92704724665,55205.15888700186,85818.07293158582,52753.10967363424,21816.28789707514,27188.70969241982,41436.0321281115,142187.553269954,105384.4553138391,60117.83100892828,55806.45326495888,41258.48557610886,153497.912555868,75502.11776192876,59710.60067264891,42812.06609055523,152233.6949747086,46620.90171403794,7939.591328539112,34043.85076173834,92393.26880634844,44704.02382284903,50414.67977642153,2676.716860155155,55842.80849824652,32247.11464832485,18172.70606755917,25950.28158362869,63860.2995877139
161,28795.33159094096,21769.46550863755,100581.4256931235,58803.9761768236,87674.32920546121,55039.67214356964,22774.14069313211,30596.49188041459,43573.51578368324,149135.0380681175,112206.9145216328,63837.32051916701,59953.96851938463,47981.79966053571,161988.4586773993,78324.33933627066,62814.39291637288,49906.10979781856,153584.9498033985,50923.54275190205,8414.276023636112,36182.45546239481,95136.05819761354,47687.1919284019,53097.46046564006,2772.321516956409,57561.81105029068,32805.37889289442,18326.8633201206,27047.55675162752,63827.78506357173
162,29470.6590846263,22710.2247642356,113045.7090036656,64485.07741525645,88845.46829434505,56740.87682603687,23676.29297301585,29804.78431003153,45330.3912290818,153329.3150059006,117072.6721426327,66491.68951278395,62996.65664473786,51198.41678768565,172416.3667975152,90783.19932354044,62010.84788423027,53854.52532322307,162562.3642074407,52234.59204954207,8609.406279807712,37381.42975533085,92561.45019610508,49992.96381807802,51648.84579457649,2866.855069577344,58792.92005990857,33192.8782784115,18034.50758518082,26895.91769931839,64188.44982637209
163,29769.81598407881,23144.61371740747,112550.1619220253,68806.88777095368,88525.63804132529,57541.1374449022,23269.1689955914,29770.52284600697,45195.88067030436,152562.6832772232,115198.0681850334,74718.52162061972,61646.13230076412,52155.65516174552,162187.3922633572,88059.27584449154,65227.15343540959,61437.51339661807,168465.8262084832,53539.62028020059,9150.831167089762,38447.3123300619,88312.97857450446,48385.14585673321,50997.62116141297,2897.339891392366,62014.93595907908,33158.91939804969,18377.29514685068,27343.01941668095,65133.59086169716
164,29769.81598590429,22745.34817938548,108757.0989328349,66295.09552721892,88620.22784228754,56464.54804528062,22792.74009623031,28637.58821855366,44132.25313007674,151797.7535986374,114988.6517631773,77206.65764866321,59404.95034631337,52751.18507883188,156164.569543952,84680.21577575628,63343.31235278629,62719.10892728542,166988.67531491,53537.75522813735,9139.851461535009,38596.8090791446,89649.02441859397,46047.05696797949,48922.83932715332,3154.088182749477,60516.24116611737,32620.15408538576,18174.30153379008,26745.41440718578,66637.71085545319
165,29453.42812435274,22739.63484060702,108804.662275835,65740.70686705301,87413.67193987535,55616.85788621914,21793.33996877469,26892.91163069759,42916.66059920843,153211.1643620544,111575.7604242106,73175.65724827597,58636.80461378983,51014.57209889036,154446.016318402,80343.6099569338,61330.78503679093,60194.40803897745,169937.7130649117,52538.56526597163,8876.54009122511,36980.58082728249,91561.31135060478,43419.99774398706,46828.47921037263,3185.759522444845,57822.75593482215,31663.80876463931,18066.3884118273,26425.31482952887,66803.6160125314
166,28327.65930377554,22187.02888792903,106053.9034009579,64253.88091231156,86396.147275464,58444.74970759892,20592.95108827377,24173.46737950157,40526.58747695316,153237.5461384715,104414.8799645885,68759.07238664781,56538.11066181352,45565.42116335927,149637.849238979,74002.8597344238,55974.66522280412,54769.29183128644,174416.2650098465,50467.7784797963,8609.92286744425,34984.72765828426,83262.38342539458,38217.98933812145,43253.63810816794,3100.525983538862,53646.66020085219,32013.44999903345,17988.66870436343,26495.57696834794,66322.79348544794
167,26470.74660311192,20918.16574249862,100164.6630637104,60796.12664090185,84386.3724380558,56112.71326670575,18967.60507739682,22434.3428983079,37468.86689580473,139038.1932507956,90888.90666022584,63922.36159592887,52948.96275885959,37717.61881193885,142887.4236322746,67668.13961374486,52962.90833550906,47977.09231183643,178487.2855058721,44566.38606834809,8076.280340170791,31166.3954721024,75933.06004836601,34640.64426385114,40563.14659877292,2745.724014053777,51060.86524802328,32072.02840434324,18348.02122452646,26431.53057600768,66490.37526195821
168,23355.41941194051,19236.96262259741,88060.95598956708,56905.16335229302,79383.0383094655,53019.81770617082,17895.93153362779,20488.62698175678,31795.8845842371,139982.1770126774,105769.1156997048,60696.96836333977,51441.18896375802,33099.68642242937,148479.7949878423,73046.93087459901,52851.26498394808,39685.10302337288,138784.0538083073,43127.12413425501,8257.300100782702,31640.88451822285,73949.54558073686,30274.87636528244,36219.8301703039,2335.900275755631,45957.28173331132,28435.24285350409,17441.96931766624,25715.0280228935,65522.09132390215
169,22550.23914366202,18519.25188604689,85343.96205983503,56629.20800802593,79201.95334501534,51412.12366367775,17263.49387221131,19614.66491754584,31812.12575029675,139543.3606687155,97939.75352696901,56799.42335098395,48424.13768008898,31861.70625225444,144860.9607788558,71263.82259994672,50359.51661248693,37062.29450776155,133303.9184406865,37371.34694882273,7273.12610913536,29243.37085527086,68843.5863848704,28195.4045369119,34688.49358167112,2219.202140668065,44344.77703878665,28082.51510628015,17234.23050459791,25587.46374168267,64693.69803204334
170,21974.13407594872,18170.64559434536,83714.18802405582,56072.74928349649,79238.59624953178,50594.45370965921,17145.07996078807,18915.38071318554,30534.9689578766,136405.6218730955,94230.29728844587,55370.70814411483,45905.88354862968,30423.1980791545,141056.4176468589,67114.88820795722,50009.8458953529,34640.05331349596,126759.4124319015,34545.04421193304,6565.20705369234,27222.68436419262,65126.30251693811,27789.65479213042,34380.29478008209,2155.866058303278,42434.7040352952,28083.31120244605,17518.90961827135,25161.25976638573,63916.94049309791
171,21629.82507836301,17907.09971403799,82116.35090100842,55440.10222722422,78942.30740638715,50300.21681283976,16702.33265328994,18567.09354569353,29689.94211437246,133042.7680102653,90958.03148872442,52993.21477806075,42390.36972700425,29912.99428324608,135647.5663305436,62345.04111485607,49694.1034804162,33472.18212803987,122408.7418843014,31690.35404449135,5241.701793153036,25848.3398214068,62665.55338072723,26951.55583235196,33773.0036924173,2049.3181962586,41869.68927749692,28147.22764555048,17557.37976857391,25252.8199243562,63361.59092007442
172,21629.82873397704,17784.13686100231,79318.32671109783,54744.16764782007,78702.71735970379,50300.21682698336,16820.91045107329,18223.21345842673,28977.98689481714,131030.9557442503,91578.07925234211,52612.9149576556,41347.70753059068,29913.26901475382,133257.0284278113,61663.09998688148,46320.68350390677,32837.51045465232,111833.4506814431,29303.79119648546,4902.276092609453,24519.38882819069,60805.20072068267,27373.8374804448,33766.78327264772,1986.222491061932,41858.3474625971,28013.07053206201,17388.11110760129,25137.16581101523,63156.17176755548
173,21851.74118637946,17835.18858181129,80471.30119561942,54744.2226353816,79382.35260781135,50607.95898961511,18109.47984692759,20187.43409606583,29281.39728251278,133513.8941610654,96979.1457535629,56428.37570884242,40881.89457250203,34300.74966145588,137030.8695824348,60295.13481557985,45131.85978590731,32030.64118007863,110007.3214505632,28810.39728318694,4782.261108045313,23107.49458585284,60806.75934154495,29523.36670883997,36392.89191623504,1983.105909270142,43277.27727913007,28360.92511684733,17541.99170881151,25722.60487584763,63195.33031176252
174,22803.16561316844,18405.17446016956,87835.31625004909,56169.94090390329,81920.08731080889,51488.02481769032,19830.78613903081,25855.21853752411,29860.70281562181,142520.779607578,102474.6916660931,65968.70702022244,42724.52446413976,38784.38222332127,141353.7713763464,60297.14018698225,43518.19572603713,34202.15024607196,108614.4595213108,30714.03299123127,4955.052145962874,22512.10455331292,63865.80464032359,35503.03767475314,42088.80643465861,1983.136897868033,45081.86119616735,29581.79581539347,17934.387244408,25654.43251708978,63158.2525095483
175,24165.20980884526,19324.15307215671,92642.66341631293,60146.64504021497,83541.24486718889,50904.56374920002,20578.07287120723,26564.29759438761,31765.73946368031,156928.6706993802,120483.6506750806,63941.97940127672,43396.01634664717,42576.47535275269,139883.4020225344,61661.91471789155,46008.96677090503,40373.46173073691,112645.0890974098,34532.95275032805,4903.013970657185,22125.76069626464,66422.27509802286,39560.31387380628,44822.6814415011,2185.149778916889,47589.52268789484,30328.73257902777,18488.35741019934,25855.98230192388,63500.68409893962
176,25883.1545957635,20521.94772547461,94198.14264002953,59371.53476705081,82294.34190537916,51538.64218637894,21011.92171854233,25545.42550804338,35424.91994435051,163691.6049416157,138483.7718927174,63030.77772225536,46791.85739577008,46193.65440243404,148636.8814840353,61665.26887172549,48408.16385703335,49767.74620107164,130381.5506818357,35492.78978894991,5261.282354857526,24207.11508401517,73385.83770559485,44322.80520678897,49684.38776975816,2519.546008882646,51525.44080016961,29522.44822401554,18442.19323091216,24984.74949118818,64360.33111207677
177,27144.05043616276,22011.54127331616,100795.5007228397,59420.77322537005,82991.52184145409,53945.93876183786,22279.59426750309,25904.23121208198,41818.84928593224,169324.3983316149,146459.5785883707,64127.33693313446,54275.07464022104,48537.68863019757,155684.1703499625,71189.81260096742,54052.0497047035,55933.49687612938,165664.1817854076,45589.94579562377,6872.51849189186,28792.58166242847,83935.52514495212,46389.61694188405,52132.9481505291,2854.474743560228,54625.31944592032,30761.70336922132,18026.71560477551,24448.83745027481,64639.09368158806
178,27605.56186739163,22747.48466869688,101814.3633089974,56909.19426305277,82848.26852251933,56346.81307469321,23151.40026416928,26271.29512649426,44793.7675500643,176307.7065281012,144395.753067118,60283.03774074306,59038.0244783654,50491.65112992676,162606.0483487837,75945.77411923897,58525.93660482128,57868.6486221455,174656.4548849478,50268.66838045706,7897.754584897788,31917.24166791906,90146.73288198865,47591.1059112517,54012.82214999565,2916.099833182956,56679.38165417242,31086.73966680892,17695.87231181489,24722.91410611038,64841.03314310986
179,28072.02638025346,23328.10024709244,107079.7389288267,56915.42910569521,83701.56154968275,57552.48583965246,23821.54335779628,27802.05331629749,46097.97000865485,178343.399955692,136267.4546019739,65542.78735218667,62503.28559084748,47739.45365616425,168565.3979262689,84837.1008742574,61567.60036670425,60269.28524176154,182715.6984372075,51632.09924580502,8377.120073088861,34986.75403310981,97670.78463872957,45734.22409892,50303.25909518145,2997.455404045513,56878.7556623282,31749.11624829355,17495.82752952435,24717.87728717636,65284.11805279205
180,28079.02950725666,22925.28969720563,102141.2808676349,57824.31936407214,82241.2351329951,57545.08841982632,21863.33116712538,25638.70897421339,46497.80340698932,163277.5477431116,146683.6554749539,54890.76002393524,60039.37190636188,43621.1299150164,165696.4595377085,88984.2857734507,61695.5234998031,59366.69015360947,169943.0450356547,49422.03118752858,8377.129096804822,36838.12877053674,93263.53386585011,42863.99612202774,44810.02610372849,2875.672374039849,58324.70257980924,30674.2945071532,17495.82752952435,25111.3343088393,65395.11458878226
181,27379.36328199455,22568.18460732219,101155.2558940833,54727.02358694269,80498.33411639066,56949.7877553792,21839.97603929822,24855.29033342389,46894.35533932885,147988.3364310834,150725.5686623302,57611.32618869102,59615.28060693287,44138.85022565947,167130.9663833269,90805.6962705225,64540.06108605963,56583.32538211432,162044.0318367805,47891.32196192085,8881.468633946048,38547.5357212117,94031.1047678698,42644.47167408835,45423.58155539895,2688.451457504119,58832.56788444678,30619.83833865246,17695.87231181489,25385.86076456765,65493.78958511439
182,26923.94647814225,22825.66724581074,104863.7427368137,54023.83537588914,80011.089936209,56938.87034907102,22294.89342026848,25205.07288129865,47256.71259130262,163068.7631760965,148060.5125518721,61488.51219340467,60994.86734976432,45601.33000231982,172850.1653154212,89099.84713374464,64552.85588590253,55513.1019494885,175763.2392832703,50269.85016054461,8917.820104142895,38997.2023734574,95176.00710207935,44303.56453247397,46043.8751970977,2633.592565830342,60450.5694544989,30587.07814041114,17757.42455265761,25654.92596744543,65364.28063187312
183,26921.7525509286,22795.04144252694,109939.4808697926,55461.46792947802,80478.8250906032,57277.52142981577,22294.87564817752,25555.59052844438,47106.90909745824,173877.6227409509,146516.1944703638,66537.5338283734,60994.84856901679,46607.82733802217,175739.4167943823,87672.30262146742,64567.07439904685,54731.03221252732,177172.8528010405,50272.95102994046,8736.615867045866,38408.20092233022,96480.67794671001,45536.96473543709,47895.28948648019,2622.546754001344,61203.45124620011,30888.71262000677,17649.70813073455,26057.29787964036,65362.70917088105
184,27389.41928144531,22911.49123000018,112123.9285936366,57631.98871178885,82155.08383120682,57846.59906553264,22721.31045858932,27470.28027670452,47100.54607563263,177038.7159078182,138018.5520262603,71103.31023174626,61254.79026604904,48652.15948582956,175743.647763915,85558.76417028072,64446.24863718208,55726.55504168532,177329.4133803674,51380.3700352546,8258.11927934691,38075.52899379245,96459.56972695656,48401.37242616502,50923.7822915964,2632.192987560449,62656.27583176496,31601.30602957866,17534.29767982689,27056.50641148683,65403.30498120838
185,27840.83644268925,23039.88170987699,112928.0804476763,63397.68352578337,85184.38501411058,58156.83675810102,23369.46868447389,30096.2378774258,46696.26956583567,181100.9717306326,125175.9301529669,73172.68990283262,63006.13153084909,51504.10745333557,174303.1159734405,82609.34286342515,63400.3079119081,60871.14234264739,177172.8408431317,52654.24334430615,8257.29766881714,37818.57784330386,96480.67928809921,50370.09005906992,51542.51105728918,2749.369420779021,60247.26319033207,32965.30639368114,17572.76783012945,27127.5213834444,65921.14561958627
186,28072.03240627064,22825.44169014451,113451.7554106583,68672.20119845426,87634.4969832077,57845.87993142529,23262.98668544042,30445.08296477686,44510.00626518233,182234.8001151711,124078.981632318,72595.71789177063,60496.43879808023,52955.22685544838,168568.5611680322,82611.8582681361,57163.31085142791,62264.93856705741,160700.6800077686,52630.10765413697,8018.286814792587,36445.33348004064,92833.79823926218,49532.78430095534,49122.23131529698,2900.537032821538,58939.30980909811,31958.78459839183,17734.34246211745,27454.23768458408,65892.47500009148
187,28072.05198463438,22422.27875196024,111385.3558913149,68075.2764500698,88790.44375822908,56947.09451813983,22081.67205831033,29398.50952125793,43876.89387769657,170321.2612306431,129942.921118384,73932.5269132785,59985.70130404293,51534.1957405186,167131.5095444366,80752.70983802811,52689.46185847938,62909.47208478342,160831.7799590367,49796.43400461195,7048.245707932914,34717.03086002914,88965.72117643198,50305.68355224072,47876.33845405657,2998.049420732504,59160.04978512357,31743.46251094759,17688.17828103712,26729.27079736612,66074.39944011705
188,28047.87956726272,22412.07612813937,107672.876209575,67284.9675495222,87048.69998429104,55697.96374472073,22724.17850927873,28293.54741363004,42563.53922517438,173486.217526589,129942.9174496617,79583.18286467601,61279.4937336439,47082.8169139044,170000.5474867677,86234.54608664666,58586.09721073213,61351.78087492152,163462.4369343725,52710.96824998512,8376.222146920012,33484.44436876595,88983.47320880312,50306.25458695237,49104.67842820263,3217.501126050544,60381.30871280432,30946.35733588168,17688.17828103712,27054.16705895277,66073.16759318658
189,27839.23613151116,22341.38935892766,105408.7710989042,66268.98949499868,86740.7253998734,56936.39780916279,22676.26534933747,26619.97788824888,41670.97018635476,165401.3907524027,126706.7745998528,75132.26779100846,62707.67442162634,44966.09329958446,169875.6251370026,88984.2842589705,66234.58190114691,58005.15421117444,163462.5674362918,54084.09373669448,8850.316340749407,36053.30626699016,90254.33291378617,47154.92095679429,46845.88104868978,3228.872120861628,58930.94604824316,30646.80367984795,17434.27528868163,26458.51129735207,65940.58641615996
190,26673.56092823572,21553.19439516248,102741.4940596224,63509.76237612135,85257.19701724008,58762.12660912744,20891.29731151204,23941.2339242721,40665.91278639237,163610.3036341909,120654.0321660035,71463.32647260411,63254.92491337944,40599.7299616738,165708.4603850869,87589.9998370038,62590.50526195132,52385.04992825106,157956.4149751965,54084.0895050656,9214.160195389853,36307.97497322883,85214.76667937146,41543.5588526292,42380.05704380581,3012.260417148581,55624.08827355487,30650.58974382847,17249.61856615347,26186.38016245051,66118.93063488806
191,24842.87489712845,20382.28042568412,95114.10700056092,58948.50258890092,82341.5880265632,56761.50372745335,19115.55335573862,22462.97285947501,37991.54726880752,170138.8161800723,118481.5492729388,68408.85979954996,59753.33818907581,36275.87801610548,155718.8791262245,81886.15408503384,59329.3966608334,46308.94885145987,152441.438635978,49796.97193314449,9107.525609791806,33859.83747333429,77687.37819806037,37856.71576915695,40037.35459798239,2671.974638437908,52100.43840291891,29033.32820196746,16958.62554900893,25927.01556559939,66502.60009864083
192,21982.98948860302,19306.42977772051,87985.60551780734,56489.24706699478,79544.63853437504,53498.23591060239,17898.71992253685,20585.85692574406,32457.28413391642,143169.6743948315,106875.4383490567,61618.66954355498,51607.69169198548,33172.90961390091,150806.3507420152,73672.62416503562,53328.92619519481,39895.84141224404,141091.6942985189,43021.29280363516,8278.96703392644,31648.69710951341,73965.02506246249,29970.32135671298,35816.10716273305,2389.291262017497,46246.68384378293,28363.32323565656,17424.19367266893,25613.27828373772,65259.79758536274
193,21350.9959191497,18580.52185102913,85441.71588492775,56206.60303452506,79376.16951397267,52032.49071015096,17266.6303007923,19756.53582127236,32473.39459398899,142728.771514839,98923.80746370659,57769.67358447727,48638.78163682053,31920.91979651654,147251.3861259435,71891.89815284254,50730.1168729631,37292.34943620926,135810.032760785,37208.38709959618,7300.939122249573,29242.93189396023,68842.47973271707,27903.62495919091,34314.03211725659,2274.257431055282,44587.92569713933,28009.71367802255,17164.30788453191,25500.89920539135,64357.58645718918
194,20898.80563025611,18227.93402204266,83915.77752040443,55636.65669693308,79410.2595569938,51287.01565147778,17148.2815542721,19092.97023593626,31206.51613002231,139576.1130264093,95156.42180146064,56358.7549060583,46160.70973502038,30466.13269383551,143513.9902040796,67748.50680654934,50365.42213500027,34887.94763723863,129502.5488481982,34354.03211480136,6597.440959010887,27215.29078104628,65113.12068644231,27500.36797614612,34011.72253205559,2211.824623649294,42623.0637243442,28010.51176440865,17520.44766761056,25125.43038702929,63511.61232579962
195,20628.55425804559,17961.37810498691,82419.74131367219,54988.67535201728,79134.61275598904,51018.75794328844,16705.77789707668,18762.47316947767,30368.28991076504,136197.2690669312,91833.0540450489,54010.87634925741,42701.29080151045,29950.15515828425,138200.6008823624,62985.03230889141,50036.11346934223,33728.67762485321,125309.446351063,31471.00794222132,5282.200872355126,25836.21613954932,62644.37808356829,26667.41795618922,33416.03586532747,2106.796306421809,42041.84195447643,28074.58799699761,17568.57466508138,25206.09125908771,62906.7757466864
196,20628.55712737146,17837.01085623123,79799.98399608336,54275.87250204775,78911.71462314039,51018.75795618328,16824.29043976793,18436.15807474252,29662.06437893031,134175.8907971939,92462.78490163703,53635.31366368559,41675.26572337253,29950.43299880098,135852.254103588,62304.0022656623,46517.75046641409,33098.68020062423,115117.1600206033,29060.75745036199,4944.894855441949,24502.69127916639,60777.98227725138,27087.10527724177,33409.93430844069,2044.600448016798,42030.17480837341,27940.09549413253,17356.81587665845,25104.20456681884,62683.05176537951
197,20802.73829949554,17888.64565409503,80879.50051838878,54275.9288224142,79544.00060462585,51299.32850376987,18112.15071708429,20300.04862027059,29963.03297432647,136670.635384266,97948.19817763683,57403.24782911065,41216.88545566493,34387.56472835508,139559.4899139622,60937.86471869473,45277.84751465031,32297.75338131656,113357.167634529,28562.46639416718,4825.629353895103,23085.93770284934,60779.54596111815,29223.42867055922,35985.86195852347,2041.528313721354,43489.80553111269,28288.81970654555,17549.3238665417,25619.95319103678,62725.69971375602
198,21549.52028514585,18465.14151256726,87774.34166924133,55736.20407691594,81904.93477027188,52101.69028996039,19832.50974922223,25678.32926354019,30537.676360564,145720.3478386294,103529.5663205116,66824.74175653236,43030.11363738087,38921.93647968554,143806.0958728498,60939.86741088737,43594.85044730127,34453.26965158567,112014.7509266184,30484.996490313,4997.341326986482,22488.49850902716,63848.52822431829,35166.36296522764,41572.93610198792,2041.558860371723,45346.15254445875,29512.74255083225,18040.21924388462,25559.89604358776,62685.31792156308
199,22618.60159139717,19394.6160556228,92275.4045844309,59809.29675794862,83413.14847686305,51569.74500796897,20579.38523860749,26351.18939177326,32427.38161587499,160196.7472809113,121819.7656380929,64823.25969776382,43690.89093763062,42756.94296767346,142361.6773879197,62302.81858021153,46192.64045093304,40579.13047455608,115899.4033625263,34341.820640335,4945.628125506216,22100.82496751957,66413.30308862205,39198.71290617665,44254.57086191766,2240.690711050635,47925.74436986629,30261.5466374061,18733.24800925899,25737.45341972455,63058.26347004015
200,23967.03262079817,20606.09108185826,93731.78158552448,59015.39913006363,82253.1155544679,52147.83847690009,21012.99533259233,25384.3600995599,36057.11366932451,166991.8387255013,140100.9891472864,63923.40823502523,47032.54664333752,46415.05595442449,150960.664784433,62306.16825283995,48694.92191109715,49904.22763415725,132993.504270954,35311.18446680041,5301.659155174857,24189.34277856056,73399.48604572153,43931.94542552171,49023.37728130191,2570.317910006461,51974.56125419912,29453.24659198312,18675.49561363999,24969.93182695363,63994.51332765687
201,24956.72163116916,22112.69772553695,99908.81078224067,59065.83104486825,82901.72390928837,54342.58654978,22279.97026285487,25724.83842802453,42399.58581608784,172651.4155900065,148201.3515340961,65006.30835758516,54396.35880068883,48785.61652999948,157883.5745146979,71817.98703245893,54581.30406851228,56024.5686019394,166998.3058221767,45508.55900977587,6902.833264322262,28790.59121434454,83983.442957579,45986.0595082426,51425.14934931089,2900.470019295781,55163.35752543165,30695.59984357922,18155.72403736592,24497.8145488181,64298.11633217546
202,25318.96629644075,22857.04655173769,100862.7599029554,56493.37568017565,82768.45085493174,56531.4794037324,23151.29649196201,26073.15314713872,45350.56247240596,179667.9288490783,146105.2958919244,61209.89497169945,59083.30918275746,50761.69111677273,164683.2867815569,76567.59450664728,59247.41687340131,57945.46828377854,175664.9061487409,50233.71989158141,7921.666848148191,31926.00540104991,90214.82710400774,47180.16701707114,53269.10177897229,2961.216235483151,57276.33892214941,31021.44872365601,17741.83185866824,24739.26522518852,64518.05054843821
203,25685.09868209538,23444.29351524773,105792.6695011789,56499.76164479952,83562.29611336571,57630.69916933755,23821.07079606765,27525.72199953262,46644.26894387976,181713.3018333732,137850.0603191142,66404.12747857936,62493.27725864275,47978.34830111618,170537.4585007682,85447.04230050449,62419.76935891364,60328.42462212525,183432.2684195161,51610.68338389713,8398.038741049695,35006.0821451357,97763.31989620585,45334.69313287946,49630.42290483087,3041.411544340622,57481.43181978896,31685.48122977235,17491.5714709227,24734.82798723891,65000.61859935039
204,25690.59550238083,23036.88234494377,101168.84898881,57430.68185720705,82203.70865893984,57623.95489317599,21863.93623813433,25472.87875541588,47040.8845548453,166575.8127186897,148428.9277596859,55884.78517144792,60068.67872678358,43813.41940093778,167719.1546305062,89588.68649135306,62553.18886251751,59432.47699360965,171122.2016637976,49378.67946706992,8398.047708413347,36863.82878202936,93341.75266513463,42482.09867164142,44242.15734864993,2921.365337284903,58968.85460815654,30607.97246157578,17491.5714709227,25081.44803670494,65121.50599781589
205,25141.42089819589,22675.69865044575,100245.6453406422,54258.3128982932,80582.23319399857,57081.21537391661,21840.59396297474,24729.47622222942,47434.2451084648,151213.9024502042,152533.9622474973,58571.46310367247,59651.35439093346,44336.99851213353,169128.3435524587,91407.66355355641,65519.94541035752,56669.6112312661,163509.2666905037,47832.77730614527,8899.237689527037,38579.11901987317,94111.8169348554,42263.92289280441,44843.98867679255,2736.814493784259,59491.28763692579,30553.38015403679,17741.83185866824,25323.29496896228,65228.97388853662
206,24783.95996330366,22936.12207557459,103717.8581894295,53538.08060097996,80128.93465548534,57071.26190299819,22295.26099627331,25061.39228679033,47793.68617436386,166366.0353980369,149827.286785107,62400.35365334567,61008.92791808399,45816.02849389054,174746.6030973093,89704.09345973813,65533.28995408781,55607.26981258415,176731.6061835107,50234.91340133525,8935.36214799143,39030.33329543023,95260.43835546287,43912.82295809984,45452.42943826834,2682.737978621093,61155.70033272695,30520.53805613184,17818.83505507022,25560.33075380328,65087.92443779792
207,24782.23792918842,22905.14648578219,108470.2124271037,55010.55892255515,80564.08333559707,57380.01231390327,22295.24323396259,25394.00590261152,47645.08827212919,177226.2902111368,148258.8515686997,67386.48307806866,61008.90943700929,46833.91589296395,177584.8615478164,88278.4561707905,65548.11938266535,54830.95988650343,178090.1677883691,50238.04504816898,8755.289515409095,38439.30467068098,96569.34727651888,45138.6456508575,47268.46598017769,2671.849697931573,61930.17795730966,30822.92661426606,17684.07946080596,25914.8044686687,65086.21294446683
208,25149.31394679345,23022.92628129511,110515.4852771619,57233.68943702665,82123.55940158584,57898.84412592067,22721.4433710768,27210.89553864092,47638.77645876029,180402.4141189497,139628.5040869477,71895.38672662778,61264.70340453416,48901.38279919454,177589.0178440464,86167.74144230179,65422.10219734423,55819.15085898399,178241.0582198431,51356.45565465398,8279.781096792593,38105.48778102797,96548.17048908875,47985.4555834069,50239.08883457685,2681.358360600665,63424.67569435971,31537.30148926452,17539.69846839352,26795.06760203884,65130.42623324463
209,25503.63552456513,23152.78314745018,111268.4032510914,63139.13488706974,84941.8132767059,58181.68986451408,23369.24490603345,29702.72229738267,47237.75349369516,184483.9856378557,126585.322984384,73938.98955008664,62988.09959578714,51785.60493865173,176173.9103128017,83222.26061161119,64331.22137708317,60925.84914760973,178090.1562635393,52642.97269411659,8278.964617148276,37847.65227856803,96569.34862226536,49942.07821428476,50845.99462247769,2796.863668389057,60946.56238534887,32904.71181963648,17587.82546586433,26857.62897910799,65694.4114696734
210,25685.10341197301,22935.89394376929,111758.713992956,68541.49789727326,87221.2292655668,57898.18848663949,23262.82150559757,30033.74878580666,45069.08484737346,185623.2052841588,125471.2437600502,73369.2044848628,60518.45248371327,53253.14598577318,170540.5659137887,83224.77265569939,57826.24427379608,62309.38029938096,162214.5669776358,52618.5974470326,8041.446364874151,36469.68160309523,92910.62109072144,49109.9165228826,48471.96279269915,2945.87538582235,59601.09137126835,31895.67374542106,17789.95885613906,27145.45309769597,65663.18602130964
211,25685.11877921493,22528.12636043516,109823.968295838,67930.10470823236,88296.64279543373,57078.75993186543,22082.15697314138,29040.63308933359,44441.06763465807,173653.0184910538,131426.7585642571,74689.36179043082,60015.86451319893,51816.03372102095,169128.8771271997,81368.1080789692,53160.17100480309,62949.16693713868,162340.9188875362,49756.79839018255,7077.463079363147,34735.43066245466,89029.9790148237,49878.06739489064,47249.87707353176,3041.997089389037,59828.16310306881,31679.81335822661,17732.20645827677,26506.78598928691,65861.32168451555
212,25666.1456213534,22517.80720937967,106348.0169985945,67120.64006408576,86676.2439496307,55939.91921498623,22724.30984343609,27992.11115340187,43138.28262446541,176833.0238968098,131426.7548382416,80269.63138426955,61289.01269411654,47314.28070549903,171947.2787941859,86842.62050273198,59310.16235174209,61402.94785866721,164876.3014709111,52700.26061843322,8397.146422350757,33498.60196292985,89047.7887126744,49878.63492139681,48454.74531492437,3258.319058501764,61084.45290013426,30880.7154404667,17732.20645827677,26793.0067251287,65859.98006813624
213,25502.37942526225,22446.31310532097,104228.1618690862,66080.03642948711,86389.7255371096,57069.00767215105,22676.42305080577,26404.02560136783,42252.89682094064,168709.7544287773,128140.07415261,75874.15831636805,62694.40478277444,45173.60311211633,171824.5612261724,89588.68497889632,67287.27334017663,58080.96853231188,164876.4272464481,54087.01495532029,8868.279939660004,36076.30514510837,90322.77666240044,46746.66180592487,46239.11016211758,3269.527884538179,59592.48770239105,30580.41290790048,17414.56827452073,26268.25759578764,65715.58462882588
214,24587.42998901198,21649.115929861,101730.8215791445,63253.93033811721,85009.55256625994,58733.53659067857,20892.43730693306,23862.1087450477,41255.92794239765,166910.1508369713,121992.8079237382,72250.91849133368,63232.92313559606,40757.82766613957,167730.9436723163,88196.26334422258,63486.62458714259,52502.25536359258,159569.6908752093,54087.01068169074,9229.851621446494,36331.85034780158,85266.83996417098,41169.77363285585,41858.62134925964,3056.005414014834,56190.77526571965,30584.20843694478,17183.55868531484,26028.52084628918,65909.82103846759
215,23150.50729613292,20464.82859983831,94589.3883012938,58582.11337140474,82297.07010242196,56909.55559104768,19117.67056896547,22459.35552593413,38603.08523811003,173469.7059291041,119786.3980413925,69234.4992211387,59787.20907329648,36385.04469420865,157917.6707082103,82500.03802551574,60085.39855225788,46470.90374000106,154254.4501998667,49757.34165788297,9123.88295945167,33875.28706261648,77714.99960842846,37505.58101678577,39560.68442998975,2720.572660803507,52566.05221921738,28962.90378230184,16819.52007122058,25800.03091107258,66327.67915385783
216,21217.92133992192,19306.78976622872,87040.5384863001,56584.65840579974,80441.46231684033,53274.045775436,18140.23701425321,20358.27746866128,32660.92165346873,145482.2811590811,107105.4653890809,62244.11274351818,51576.7648349224,32510.5999480534,151272.0050860141,74312.03223870936,53212.72241440358,39706.52354527451,139044.364179249,42220.3513804133,8349.752008800431,31259.42785583258,73130.1911315823,29245.63445360917,34785.82727204706,2394.869823997885,46298.22627160503,28106.33246965702,17433.90859915417,25313.57026400055,66115.88123216075
217,20633.73358059766,18612.46055616837,84620.2515006784,56319.52323457263,80279.66330483159,51774.68809898436,17534.16784564811,19527.48440056181,32676.64812021577,145044.5820493327,99285.04209646709,58573.19911115085,48637.40336520373,31263.05975846039,147939.010262998,72560.89304524875,50646.59902777522,37161.49059761859,133793.4625871749,36628.0918137444,7368.89478650542,28956.54439652689,68375.54636833357,27188.3690357893,33315.48451944803,2281.671295308473,44641.90642470762,27779.41227364615,17242.37883415728,25225.66613504395,65529.91040673965
218,20215.74826488398,18275.21113406479,83168.4555120544,55784.88318402116,80312.403658322,51012.11780267327,17420.69101587357,18862.74105138856,31439.965744517,141914.8319924714,95579.82099024479,57227.55971172385,46183.99489812249,29813.44303419047,144434.9750321498,68486.34427656757,50286.49115527342,34811.07743940202,127522.7129221374,33882.08236802138,6663.361492367769,27015.61468728098,64914.02942348956,26786.95224002425,33019.56141695043,2220.234569423646,42679.93271049253,27780.15012292696,17504.84554866317,24931.97036965644,64980.46455689866
219,19965.93948324951,18020.25103165928,81745.10879355938,55177.04213627282,80047.67023754583,50737.70840742698,16996.40336046015,18531.65738504933,30621.71867371409,138560.5400153632,92311.29117706552,54988.31095881829,42759.00642361999,29299.29930587152,139453.350455104,63802.01505759601,49961.32429476719,33677.8377736344,123354.030695789,31108.49195886577,5344.316583070275,25695.51571813825,62622.59160635513,25957.80323057891,32436.45901079485,2116.881921933524,42099.56531044167,27839.39007859379,17540.31402341766,24995.0641750472,64587.63345734727
220,19965.9421355313,17901.29405321783,79252.64038640217,54508.39506091641,79833.59706499829,50737.70842061754,17110.03724361099,18204.76311302321,29932.32604977295,136553.849859145,92930.63102444359,54630.12451307193,41743.19303567402,29299.57615893063,137251.6329975191,63132.30034996725,46487.21270557648,33061.98636469596,113221.1033703378,28789.72969822844,5006.034782660717,24419.01860873824,60890.2401139974,26375.57538759923,32430.48635318691,2055.678364657103,42087.91531451778,27715.04865611407,17384.25273482851,24915.36730381499,64442.32852605226
221,20126.94774314798,17950.6826148992,80279.70530145575,54508.44789242281,80440.8496439411,51024.71301335344,18344.88176676328,20071.96188147518,30226.1210491763,139030.4666706073,98325.53106089738,58223.72685528801,41289.37487603159,33720.93812391973,140727.3912955949,61788.8612213353,45262.90435234255,32279.04362373007,111471.361029589,28310.35276217135,4886.424261154955,23062.85203199998,60891.69149428397,28502.15007153496,34951.99588956129,2052.655244595191,43545.40044585306,28037.45223773278,17526.12663384651,25318.79144858953,64470.02764517454
222,20817.24099293236,18502.09953610643,86839.53953705021,55878.2639336741,82708.30994321042,51845.47456389147,19994.42090242006,25459.78844543108,30787.06779212334,148014.4204266418,103814.8026403427,67209.31448986856,43084.55659393917,38239.19451529989,144708.8418035332,61790.83063873406,43601.0747993984,34386.15974989478,110136.762441922,30159.9075063521,5058.632975190973,22490.96212832225,63740.25983422551,34417.96490503243,40421.03953010106,2052.685303890352,45399.01871272067,29168.99715081042,17887.90507865696,25271.81409914153,64443.80035605738
223,21805.45391632438,19391.13973186848,91121.90456354163,59699.04201971078,84156.81060547827,51301.33071012996,20710.55069055664,26133.84283440341,32631.73186289082,162385.6287715699,121803.2005969544,65300.43543346318,43738.75739501764,42060.57121875426,143354.6119159061,63131.13633148756,46166.19168767567,40374.46997736055,113998.7909938534,33870.33441641431,5006.770173982208,22119.8673179989,66120.83288775479,38431.91397660804,43046.02304624068,2248.640114084024,47974.81865435915,29861.28380842908,18398.65111644434,25410.70139665981,64686.02216429492
224,23051.88574687373,20549.91272090005,92507.51904002948,58954.32371921528,83042.70558906138,51892.6810212765,21126.31089309699,25165.2975150147,36174.94913801527,169131.3444629881,139782.7708524318,64442.21759255277,47047.15470039675,45705.6831083846,151416.6838550156,63134.43034919978,48637.0012695574,49490.18061896708,130993.337318693,34802.90315365828,5363.831156232577,24119.07035344784,72605.26905646738,43143.54728095989,47714.08539000025,2573.008290173606,52017.68396027698,29113.9917639115,18356.08894773089,24810.33771633175,65294.1005671614
225,23966.71183584261,21990.97840197754,98384.41840759138,59001.63154400884,83665.63430758729,54137.75906754013,22341.12983049455,25506.38015912114,42366.24826050853,174749.7966608723,147749.471470431,65475.01494143581,54337.67725695237,48067.81860567875,157907.3313812565,72488.20996045622,54449.34878869096,55473.09493453851,164800.0978102218,44613.20599466892,6969.637258858334,28523.54791693549,82429.08750336344,45188.28780100206,50065.11849199265,2897.893001937504,55201.79284465071,30262.5760138511,17973.0294177371,24441.04248175129,65491.28556921105
226,24301.55527343526,22702.94628867763,99292.01699676352,56588.53126507461,83537.63778650117,56376.84762296762,23176.58724838615,25855.31310270205,45246.88829486552,181715.3252305357,145688.0022444319,61854.25103299853,58977.97996318265,50036.87013501408,164282.4738175498,77158.90255698969,59056.77461668114,57350.86257293476,173416.2245967467,49159.00933136624,7991.418198932915,31524.87714971175,88212.93441781963,46376.94622515057,51870.11625109597,2957.670045250249,57311.66825390816,30563.83082284837,17668.00053451775,24629.9078088623,65634.12911238779
227,24639.99235306668,23264.64661635237,103982.3918804277,56594.52164035061,84300.05320386185,57501.27470153477,23818.78978055557,27310.46012235348,46509.75923166375,183745.8357464678,137568.9839586909,66808.16086348858,62354.00974818441,47263.41944417637,169771.1146734855,85890.81804631378,62189.22755736514,59680.31180870872,181138.3504131107,50483.7060759747,8469.168175259949,34473.23542735697,95219.29539942759,44539.89381339364,48308.30678775314,3036.585881526624,57516.45967422785,31177.74419812492,17483.56446513306,24626.43695340883,65947.5488766589
228,24645.07337806625,22874.95879831706,99583.2338095371,57467.77443029529,82995.25480633731,57494.37576559976,21942.22216487286,25253.97328280365,46896.92149699449,168718.3414614727,147973.2925256471,56775.51923711449,59953.54244817808,43113.29288753631,167128.7839546925,89963.6486885929,62320.96900738285,58804.48186379795,168899.9764347062,48336.42451108596,8469.177168565038,36251.5361418344,91115.28457525975,41700.31662963033,43033.87177635411,2918.454946480956,59001.69601810707,30181.56247707865,17483.56446513306,24897.56690015291,66026.0631916012
229,24137.43991943138,22529.48745124069,98704.88683022663,54491.92321642902,81437.97663378496,56939.19014106928,21919.84079233855,24509.25128302733,47280.90628937403,153468.0567532682,152010.5910104912,59337.8920616231,59540.37160420464,43635.01117516002,168449.9839914763,91752.40338966415,65250.41184673184,56103.6537222708,161331.3785444333,46849.20166786003,8971.817028683548,37893.47255819855,91830.04292520187,41483.13645486181,43622.98903403479,2736.848511418178,59523.36109386033,30131.09062897379,17668.00053451775,25086.7421828989,66095.86176387037
230,23807.01835710236,22778.58183966417,102008.3916130642,53816.30692337364,81002.62504509969,56929.00841710777,22355.79110916683,24841.75646605137,47631.780066096,168510.0884636772,149348.5776277246,62989.63050590186,60884.43364848066,45108.78461822978,173717.4428833849,90077.13816656641,65263.5885524859,55065.16620738972,174476.712261627,49160.15753790502,9008.045990621404,38325.39080402958,92896.17049868262,43124.51207531601,44218.57609655598,2683.634757673577,61185.32717798289,30100.72735158861,17724.75009445561,25272.1541341677,66004.25253794352
231,23805.42658259722,22748.95376150038,106529.8382056534,55197.57009212924,81420.54536273907,57244.83909392359,22355.77407805524,25174.96043842072,47486.7239995622,179291.4284799115,147806.0227133678,67745.06560444909,60884.41535134196,46123.05439997389,176378.4822307679,88675.18788603971,65278.23146728452,54306.28760985439,175827.3617197408,49163.17031376228,8827.452430767651,37759.63732355191,94111.07374432718,44344.74095712601,45996.24770883182,2672.920193586637,61958.66635534878,30380.29255157394,17625.43836415106,25549.42730281936,66003.1409520535
232,24144.73591514608,22861.60985654025,108475.7352277023,57282.98503779131,82918.2788102632,57775.56875955442,22764.42936027185,26995.07487536916,47480.56262846458,182444.4734473756,139318.0821332797,72045.35483481058,61137.66348562646,48183.17343637678,176382.3790104307,86599.54274918958,65153.79923456811,55272.28965890611,175977.3733782305,50239.12831687144,8350.568426647138,37440.09600312345,94091.4178711283,47178.56000880767,48904.11426172133,2682.277150709093,63450.96724805461,31040.74860859451,17519.03293988755,26237.97863399335,66031.85673321679
233,24472.25559035055,22985.81764100311,109192.0703823369,62822.60771047963,85624.9526633852,58064.90071798831,23385.56364915431,29491.32438223076,47089.09805845869,186496.3866946433,126490.1228410296,73994.40584539597,62843.90728133066,51057.14492138768,175055.6299186601,83703.00117519581,64076.63872073231,60264.32171351798,175827.3502620307,51476.81177294719,8349.749585030839,37193.28675091622,94111.07499342236,49126.2539608826,49498.19877796296,2795.939634068081,60976.49665396552,32304.9510137093,17554.50141464206,26286.91481889992,66398.15557857082
234,24639.99672516274,22778.3636321335,109658.5578793208,67890.3122334632,87814.12224526853,57774.89808515009,23283.52124946375,29822.93841020744,44972.11969793058,187627.3283319566,125394.4267201434,73450.98314875305,60398.83975481425,52519.47026200927,169774.028061558,83705.47148159238,57653.47649354267,61616.78694013599,160044.2190521055,51453.36176091606,8111.544222598466,35874.24453705457,90715.11681673322,48297.88968260312,47174.31988398454,2942.573950510794,59633.00342166028,31372.07202929462,17703.46900927226,26512.05395342098,66377.87517947074
235,24640.01092998235,22388.33490588023,107817.817710919,67316.79282657176,88846.95811157618,56936.67839080915,22151.45967627687,28828.06003076939,44359.07129534832,175744.1215292367,131251.6712736014,74710.06045135448,59901.25387709322,51087.46555850383,168450.4842501402,81879.65544523433,53046.08970419489,62242.20775477714,160169.8350992752,48700.19080504908,7144.772255790278,34214.15826609733,87113.18197057986,49062.53524280494,45978.05150468885,3037.162084521933,59859.74136824495,31172.50412008775,17660.90683890555,26012.48164259558,66506.56093216054
236,24622.47295631591,22378.4646623722,104510.7561235615,66557.47183488926,87290.71393276627,55771.72177312238,22767.17783210219,27777.67707123142,43087.3382070888,178901.0197901838,131251.6676090679,80032.14650758833,61161.73083284388,46601.71197448665,171092.9066592905,87263.2086727921,59118.73092798033,60730.70760988427,162690.4518310457,51531.92516358614,8468.27327519626,33030.22213811768,87129.71257815276,49063.10017951079,47157.4661364035,3250.032754149546,61114.18447590637,30433.71965494513,17660.90683890555,26236.36659381348,66505.68957507725
237,24471.09450600933,22310.08072142074,102493.9006298958,65581.33014731128,87015.53932821593,56926.70249222803,22721.26233594752,26186.77282308829,42223.05560220135,170836.777128703,128019.2195037802,75840.03974072909,62553.13551620979,44468.64244498726,170977.8515003637,89963.6472012657,66995.51160982472,57483.32028746093,162690.5768740766,52866.04111211909,8940.769721975286,35497.6906935949,88313.13105239625,45945.41923337502,44988.6376886213,3261.062749456533,59624.41239978861,30156.08303373499,17426.81490519521,25825.90215671172,66411.9071863241
238,23625.35447495112,21547.56351400806,100117.9012452164,62930.2919637208,85690.01002584763,58629.40239593657,21010.71573085035,23640.34431363755,41249.84950841881,169050.2501501375,121973.3875612112,72384.43713462974,63086.29417295873,40068.56086238877,167139.8368960195,88594.3606958719,63242.66465561059,52029.87201467756,157414.746482186,52866.03700070786,9303.387384746857,35742.30758994984,83620.31109705784,40393.9801389539,40700.68949440576,3050.946913939327,56227.70032714712,30159.59208792301,17256.56622538166,25638.3774817131,66538.06043995889
239,22297.12474470031,20414.79549191602,93323.4563142456,58547.87857757026,83084.91989300444,56763.59385523236,19309.00862422312,22235.10134513002,38660.23739391384,175562.1409870081,119803.3850188723,69507.57918579779,59674.87416959023,35711.31895666102,157939.2986295231,82992.7783400968,59884.21677078009,46133.94886905784,152130.4613145321,48700.71345140693,9197.112168862317,33390.79842371158,76610.84297350171,36746.50837565563,38451.29795744258,2720.865808058116,52608.30546022422,28660.65852109386,16988.27825662784,25459.65018632939,66809.45219864829
240,19900.6610802654,19331.76010546833,86408.1952978429,56398.29058698971,81279.86297492258,52773.54977866148,18088.16720829884,20094.64250549523,32425.60941500255,145543.3866450519,106179.3653468671,60875.29003982303,51115.75782501949,31676.43716115468,151463.7524571232,74054.49762806586,52651.21995630467,39232.60256044503,137174.4939142737,41522.97018103435,8280.065552313992,30533.21758640696,72221.94047464705,29047.80072880518,35335.52593321435,2358.580844816417,46341.0091734197,27432.74645155066,17445.81016496026,25075.94183921966,64935.78849754283
241,19329.2633494435,18689.18901865671,83949.8253875029,56138.28259443576,81116.73033102142,51320.39007686341,17507.61846054688,19251.64303811696,32440.08703464211,145134.201971904,98686.99900458423,57356.25944050297,48299.19039632366,30437.68094750278,148273.4663927724,72362.85038090954,50243.96761094336,36716.83893292616,132202.7568071821,36123.98484663196,7329.610404906318,28404.5104659338,67614.51859945813,27054.98004596288,33961.26305861596,2248.527195161654,44731.87570743197,27093.21727942955,17316.19454502876,25004.81741532435,64540.61273785812
242,18920.42927665853,18377.07954011576,82475.18556355296,55613.98140255905,81149.74054759096,50581.31597747304,17398.91992441098,18577.13296958903,31301.61026562373,142208.3432586273,95137.20727742874,56066.2954978807,45948.27491727969,28998.27102741919,144919.4633535918,68426.72740811351,49906.15434554073,34393.4568570558,126265.3919085506,33472.88030671523,6645.945406741121,26610.38107752987,64260.18411451676,26666.13780610809,33684.67711783482,2188.797303044276,42825.79605207706,27093.98358679912,17493.81594978859,24767.18418510379,64170.06923689035
243,18676.08973224486,18141.12520070077,81029.4426555769,55017.89477291478,80882.82505580861,50315.36164167349,16992.49821580667,18241.18486759041,30548.34063088816,139072.5706794143,92005.78819118299,53919.69504084902,42666.36791797985,28487.74740382911,140151.1368754859,63901.540228454,49601.11886218632,33273.2500891923,122318.3379123965,30795.14802977979,5367.784839426034,25390.12650320993,62039.69841053618,25862.96225040757,33139.67766960946,2088.315996533849,42261.96255835937,27155.50836669797,17517.81884220275,24818.2342394419,63905.14593105613
244,18676.0923264584,18031.03575924649,78497.75555771195,54362.17798141624,80666.98738045813,50315.36165445759,17101.34719209965,17909.48771244028,29913.69304270193,137196.6087745505,92599.14750861432,53576.32845991684,41692.99090001297,28488.02230755574,138043.6903009922,63254.57792770093,46342.0926927104,32664.48132021003,112724.1282506784,28556.52457357218,5039.988223195485,24210.17600460222,60360.9874744217,26267.64751270492,33134.09529665679,2028.812795139724,42250.64445554558,27026.37122329092,17412.2061158042,24753.75041917165,63807.15302062548
245,18833.57292644252,18076.74269667016,79540.98121571602,54362.22979126802,81279.24525205357,50593.52310648809,18284.19475920887,19804.1202361507,30184.15762459229,139511.8833957229,97767.73825373204,57021.24650226568,41258.13133606756,32878.25330181446,141370.6271401465,61956.77983594482,45193.58238719455,31890.54286414173,111067.4110620569,28093.7153966075,4924.085079225885,22956.58176092265,60362.39391414841,28327.60631872377,35490.83622502858,2025.87366333289,43666.60774633399,27361.20957984275,17508.21768546085,25080.16637053978,63825.83316640551
246,19508.75310650094,18587.05475788339,86204.03365429345,55705.55635713061,83565.39514239217,51388.99548026466,19864.27493681873,25271.10726112855,30700.55928766347,147910.566644931,103026.7417739544,65635.05794150934,42978.31798454146,37364.69648527671,145181.6039780535,61958.68234577024,43634.63821881948,33973.42596160656,109803.7664850206,29879.34762986847,5090.956113015111,22427.94619095225,63122.75914350555,34058.10567672703,40602.50397832394,2025.902887521376,45467.41885897628,28536.39701776514,17753.04718965162,25042.15635945976,63808.14561533359
247,20475.33039776127,19409.82228160658,90553.78117959158,59452.44831245499,85025.83510302396,50861.6177019759,20550.24986058435,25955.06517159543,32398.73760125438,161345.5452829665,120260.5489936988,63805.15822644578,43605.18905403279,41159.16673609344,143885.358118747,63253.45345474963,46040.94637906126,39892.86723030749,113460.4700669857,33461.53837637748,5040.700820759105,22084.91877377494,65429.62009915383,37946.31604590166,43055.95735597127,2216.413685487579,47969.83763729598,29255.38446057197,18098.68884131058,25154.53195705249,63971.4987771803
248,21694.47323023674,20482.21561914924,91961.19813326921,58722.13135965755,83902.54705166184,51434.74741965443,20948.50319114962,24972.28953259761,35660.5861038132,167651.803186774,137485.8988233016,62982.44891059114,46775.3755681832,44778.61326006413,151602.2365187744,63256.63556386799,48358.78588433179,48903.74203735592,129551.5003595599,34361.87658058237,5386.69455032991,23932.91404233051,71713.27209413034,42510.35538547865,47418.98411554797,2531.770272042372,51897.52701107196,28479.27012960138,18069.88537108489,24668.769554332,64381.583775231
249,22589.27039602836,21815.85840335012,97930.56980577759,58768.5243466752,84530.61027376354,53610.65047164849,22112.16841186149,25318.38352200882,41360.23086265426,172904.2345374083,145118.4063406014,63972.51455571297,53761.3310495046,47124.11687523469,157814.974146984,72292.6365790808,53811.28566294644,54817.84945020494,161560.9224862274,43833.1252830477,6942.72802929864,28004.26325172003,81232.90568694277,44491.04351841965,49616.38843050026,2847.629043888734,54990.92480787558,29672.15409410377,17810.65413122184,24369.96776744671,64514.56434286831
250,22916.78287359611,22474.75330810586,98852.44934962626,56402.08855298883,84401.5587385551,55780.74858006304,22912.44630567581,25672.4431511561,44012.11773632844,179415.9853442973,143143.4131635548,60501.5587494093,58207.78161242486,49079.3042409906,163917.1522638865,76804.65041712704,58133.46155218921,56674.02169738953,169718.9723968621,48221.82098919582,7932.838446943968,30778.5898824829,86837.66148329388,45642.46669987192,51303.4382049044,2905.745362698747,57040.69263288857,29985.02799160057,17604.2292562363,24522.78126715393,64610.89730560646
251,23247.81031510069,22994.58220884452,103616.6267181431,56407.96308650679,85170.258381655,56870.52998702607,23527.60690972398,27148.96986957161,45174.70341884931,181314.2158028018,135364.9775136691,65250.50193512095,61442.77520838189,46325.3815175445,169170.7861171409,85239.91407582324,61071.98147195927,58976.68094779712,177030.5509503047,49500.734854228,8395.780365352293,33503.95196451449,93627.0774038375,43862.96075479352,47974.37598236288,2982.468760947169,57239.64981413643,30622.61937507935,17479.41421523514,24519.97295089528,64822.26600874454
252,23252.7800976897,22633.94330567864,99148.24842393471,57264.32893135026,83854.70515482419,56863.84362002811,21730.05798991356,25062.26816612963,45531.12092230938,167265.7057640919,145332.8383832223,55632.95807249016,59142.58923925227,42204.47615323957,166641.5920087793,89174.37729261069,61195.56668855056,58110.92354323075,165442.8308279659,47427.66554486253,8395.789079906186,35147.75264316105,89650.14322918786,41112.33456270632,43044.60011354949,2867.619736941067,58682.57372180689,29588.01594844441,17479.41421523514,24739.34787095693,64875.21566546366
253,22756.26061106307,22314.22479789205,98256.08076051186,54346.02466913018,82284.59108290217,56325.76428828741,21708.6190544408,24306.60436335802,45884.61327763903,153008.9192530954,149200.7772593908,58089.31343231294,58746.67891872483,42722.52100338624,167906.2222555666,90902.36212511575,63943.64504767034,55441.15645479612,158276.6178795985,45991.84265004871,8882.849409873574,36665.50280405385,90342.76979141866,40901.95765147592,43595.22137147361,2691.05868786341,59189.37724348414,29535.59745300859,17604.2292562363,24892.41215997555,64922.28746942514
254,22433.0731975715,22544.75067750182,101611.5657939142,53683.47343052602,81845.65109923301,56315.8962820151,22126.21233195275,24643.99486762764,46207.62398071471,167071.0196591009,146650.4319998721,61589.96221163143,60034.59175797703,44185.91755393223,172948.1444875938,89284.0111605019,63956.0059715433,54414.61213442624,170723.0791740784,48222.92951253779,8917.955440166652,37064.75333566348,91375.88577555386,42491.91646593974,44151.88966338523,2639.3233174551,60803.99609280106,29504.0630952073,17642.63388432272,25042.43148641485,64860.50667099758
255,22431.5162728916,22517.33119678579,106204.1568050071,55038.02575956871,82267.01613422378,56621.99563332301,22126.19601798889,24982.09442818158,46074.08689374795,177149.9962719914,145172.5853298121,66148.6425023677,60034.57422521513,45193.0458251784,175495.2461776478,87929.68973273678,63969.7423301204,53664.46107051158,172001.9212761118,48225.83816376816,8742.959452320369,36541.7900665242,92553.17073982437,43673.92114672099,45813.39892417482,2628.906425151989,61555.30385089489,29794.41083775467,17575.42578489179,25266.77697070624,64859.75702309792
256,22763.3968704744,22621.58944831383,108180.6722827351,57083.11299244692,83777.09468242021,57136.37253935167,22517.6436029223,26828.95083542758,46068.41480041359,180097.6323208136,137040.7032131992,70271.0084589346,60277.24272779714,47238.65948836571,175498.9761089903,85924.5610742393,63853.0138105153,54619.35354895732,172143.9575561546,49264.60995359042,8280.856664952207,36246.41694143926,92534.12349136284,46418.96958272124,48531.25028288589,2638.003427497443,63005.09104765786,30480.34000639834,17503.4171076493,25823.89319873105,64879.12280061423
257,23083.74592987244,22736.53827935295,108908.2788849003,62515.61055195826,86506.07835392751,57416.78964665157,23112.62310736807,29361.87640441614,45708.03664058603,183885.5787908421,124750.8607270254,72139.41802471966,61912.20690280703,50092.39523540983,174229.0344009692,83126.42452506123,62842.54128734156,59553.97440797927,172001.9104275516,50459.51779867912,8280.063203670145,36018.27486570844,92553.17195024261,48305.65117369215,49086.51421274271,2748.508142243359,60601.11487662431,31793.30139954479,17527.42000006346,25863.48813016864,65126.1528884695
258,23247.8145914754,22544.54873604798,109382.1065065616,67485.31590556721,88713.29221393117,57135.72252966236,23014.87751919649,29698.36266037277,43759.16866014436,184942.8438706803,123701.1276844099,71618.47929137816,59569.28391524846,51544.42429001418,169173.5747627467,83128.810907041,56817.04289680863,60890.88551859713,157057.8902956706,50436.87824314022,8049.241114870899,34798.99712001719,89262.36627082663,47503.23576711206,46914.4897079719,2891.068667331361,59295.89600511233,30824.44223106145,17628.23214865046,26045.65125980964,65112.4758899341
259,23247.82848529902,22183.59433734923,107512.4025129292,66922.88720557094,89754.64125243813,56323.32992968421,21930.48490736906,28688.86706372437,43194.80275800281,173833.7829125425,129312.6681738226,72825.4626199144,59092.48506263843,50122.50238381502,167906.7010946673,81365.02383445809,52494.90362929014,61509.11363969737,157176.8279584718,47778.85970222289,7112.434644636305,33264.46985103767,85771.96178646879,48243.92847220237,45796.39175508579,2983.028955883531,59516.17448486497,30617.17719261548,17599.42867730595,25641.44052223376,65199.26091040544
260,23230.67448267528,22174.45986193589,104153.3047091153,66178.24994813853,88185.56969697459,55194.2677734336,22520.27634182735,27623.05138779516,42024.05867219224,176785.0212273949,129312.6646630115,77927.34884217993,60300.30464344299,45668.3331542645,170435.9829674824,86565.68008801396,58191.58209170115,60014.9966024255,159563.4359568039,50512.726413952,8394.913203085845,32170.07957452079,85787.98054007387,48244.47571201993,46898.73727231874,3189.985657248888,60734.88015303456,29849.89856961641,17599.42867730595,25822.58887514068,65198.67327159744
261,23082.61026595741,22111.17353806973,102104.7142367512,65220.98486911981,87908.1269597326,56313.66140693275,22476.29425995316,26008.77283236318,41228.40920967355,169246.1333838289,126215.8137022576,73908.68932970303,61633.58234735134,43550.28264506129,170325.8541225104,89174.37585581283,65580.70409147354,56804.95607318862,159563.5543519148,51800.73394555019,8852.764427265241,34450.92355833734,86934.75562785272,45224.45747900712,44871.63140745056,3200.709217468824,59287.54973019045,29561.55378914639,17441.00958714873,25490.47652769004,65135.42690315595
262,22255.38660901033,21405.4974645582,99691.32878742926,62621.21240924978,86571.67195312175,57963.89798702638,20837.77552149612,23424.9310074735,40332.48593057566,167575.9918607766,120423.596828219,70596.06132267685,62144.46789933144,39181.18219724519,166652.171696585,87851.6085075244,62060.19931785718,51414.22554380167,154568.2137860822,51800.72997623355,9204.142605748504,34677.03909490717,82387.24421634294,39846.9196313989,40863.88015278895,2996.430815473204,55987.60553121804,29565.1981839495,17325.79570288947,25338.74776780414,65220.50401907888
263,20956.23673508389,20357.17057795373,92789.9740823919,58323.54604608598,83945.10930792769,56155.57844779642,19207.72406702795,21999.041553799,37948.51629450265,173663.6577123023,118344.6231713529,67838.23257329606,58875.56253805645,34854.61979057373,157845.5726543553,82440.33029089092,58909.67600722465,45586.10885318726,149564.8679431255,47779.364285386,9101.161434092373,32503.3840253022,75594.81736343857,36313.70650925011,38761.47561192932,2675.520015616619,52471.32247882365,28008.45228932416,17144.23482961862,25194.13708717488,65403.52924791206
264,19558.41384105498,19308.73466107287,85484.5121195572,56224.72352427163,81122.69284036108,52287.39761855758,17967.83494086156,20133.684988367,31665.6587118581,142689.0146456059,104319.722533962,60255.92141490596,50714.13433548677,31134.94516769332,149937.9792757514,73476.23848995604,51575.17658055527,38978.23137248776,133533.9417043878,40865.8098062171,8225.368492985437,30107.90199633675,71203.7808714589,28808.99878730192,34769.74375536937,2315.427959000888,46425.83418757078,26897.51556760075,17197.69638184539,25345.87182637014,63932.04173467926
265,19002.270591624,18669.75997706652,82963.61024435636,55963.34166917476,80960.86228039744,50888.01237386726,17373.9219668313,19296.54448438936,31679.59121281592,142303.4477458008,97168.5780650458,57230.57530668713,47943.87701903816,29948.88073580338,146887.0835446627,71803.47763659045,49186.87432449631,36517.30125968792,128790.2139696552,35642.57922871481,7313.45394378,28006.73478043973,66508.60446293828,26832.96636187546,33397.70144080553,2211.065348355223,44887.47726901829,26531.2676759186,17016.3717505617,25269.33073717959,63531.0558341133
266,18604.35107348085,18359.39734245806,81451.46096128644,55436.27010950412,80993.60901767958,50176.28785512381,17262.7211914973,18626.72235453491,30583.98094885342,139546.4669804486,93780.45309681064,56121.58029132432,45631.61538460269,28570.69761122571,143679.6239790023,67911.2995043028,48851.72035302245,34244.55955553689,123125.1432038073,33077.77687431446,6657.511303761936,26235.8167355215,63090.38217580767,26447.39987265544,33121.56241283677,2154.424178393955,43065.23511999472,26532.09428665345,17264.85365222745,25013.59993089956,63155.06435236608
267,18366.53460893306,18124.76361466969,79968.94362634604,54837.03380324886,80728.8239785537,49920.17521119425,16846.94365928774,18293.10913851225,29859.07380467063,136591.6883897462,90791.64698997478,54276.12622228712,42403.66962904021,28081.88964004736,139119.6357512847,63436.63377182758,48549.08613418889,33148.76878352531,119359.105477207,30487.21360344715,5431.179665983612,25031.34906500443,60827.60434143366,25650.99056446292,32577.44358506321,2059.138910695784,42526.20142620485,26598.46066331381,17298.43228741848,25068.53783476263,62886.24596518665
268,18366.53713388944,18015.29033224312,77372.85964175696,54177.85225387966,80514.70906551174,49920.17522350532,16958.29833790972,17963.71732466698,29248.3222895428,134824.0053280952,91357.98317898127,53980.93050858226,41446.29691421959,28082.15285045857,137104.2679667256,62796.89448095445,45315.71528791547,32553.26872186096,110204.8969008499,28321.46471476786,5116.675079064115,23866.66404083593,59116.92010250736,26052.26660865332,32571.8702322147,2002.712708941038,42515.38114178686,26459.16127346992,17150.68629289098,24999.14308161966,62786.8122968122
269,18519.81350842373,18060.74145274421,78442.62115586377,54177.90433749077,81122.08004800134,50188.04325695783,18168.37504400308,19845.18188915129,29508.60320174172,137005.6443690086,96291.18284254441,56942.56130388329,41018.58732829824,32285.64081095116,140285.843911779,61513.585654536,44176.24615039184,31796.19900705998,108624.1585981222,27873.72150100747,5005.471763923162,22629.28802911326,59118.35332976621,28094.87156091142,34924.80309386646,1999.925564040756,43869.06433267348,26820.34921315505,17285.0008336551,25350.41808784899,62805.7670907102
270,19176.96854953489,18568.19735101112,85275.15734837198,55528.32893920088,83389.98246205309,50954.07902098593,19784.82865125725,25274.17259487801,30005.56104733391,144919.5631331932,101310.6776479987,64347.94189923308,42710.49060035956,36581.2484752814,143930.3111261681,61515.46692379269,42629.57411927937,33833.68364191347,107418.4661614923,29601.22552320074,5165.576240150562,22107.49162128617,61931.29341966134,33777.0950759492,40028.21131739308,1999.953277002694,45590.66809811311,28088.01619676523,17627.50291479482,25309.51332561864,62787.81948531795
271,20117.74133631949,19386.35993141968,89735.54658721406,59295.01918787514,84838.76555641262,50446.21695984993,20486.59471080251,25953.37690285749,31639.7986892779,157579.0868210277,117759.6124100828,62774.75865312319,43327.05463111399,40214.31699413928,142690.700984999,62795.78256218027,45016.9396229221,39624.10493179535,110907.4692656029,33066.80416116949,5117.358781064963,21768.90208203259,64282.09163829707,37632.54972498977,42477.7003585094,2180.612476350573,47983.01983407104,28863.58323693706,18111.03526279777,25430.44717881716,62953.57437566265
272,21304.33697679943,20452.75119621638,91178.7630953532,58560.84329560406,83724.44330915947,50998.13790096916,20894.0158289935,24977.43169106956,34778.83041671086,163521.3531591987,134200.4749535953,62067.46715432318,46445.11681413028,43679.80660210158,150070.4126763909,62798.92914464495,47316.5329041531,48438.57895978826,126260.5470802827,33937.8333911122,5449.32259523339,23592.98912344708,70685.42421894064,42158.13991159054,46833.67725664326,2479.66150162512,51737.95269065942,28026.39379708268,18070.74090150764,24907.69027822324,63369.68872028528
273,22175.24593656931,21778.92972198925,97299.97381295248,58607.48141965186,84347.49348780309,53093.52123775556,22084.46861127023,25321.12027917793,40263.86925866316,168470.618870261,141485.3782034903,62918.63657778014,53316.20894114386,45925.54178563855,156011.7026817236,71734.04773667334,52726.11015413266,54223.78265039351,156801.9816421485,43100.76175000582,6942.259502769227,27611.66571872063,80386.37201003075,44122.14199619683,49027.53096399951,2779.186743437872,54695.2896693089,29313.14990787902,17708.09163894027,24586.13246491927,63504.62445802984
274,22494.01488449935,22434.13686124717,98245.3026103082,56228.54155843549,84219.47200965197,55183.31444402743,22903.16889407405,25672.71914471969,42815.90594200266,174606.5172449485,139600.3313586132,59934.6208541233,57689.55078933115,47797.56322669944,161847.2637542039,76195.6872012929,57014.26151776266,56039.49781841378,164585.8943448556,47346.59095454906,7892.221315941851,30350.09981643405,86097.87790278519,45263.86516352784,50711.8547713601,2834.297780383535,56654.89996993695,29650.64492960193,17419.31537598437,24750.58387373246,63602.37377303988
275,22816.20495813574,22951.05633428942,103130.6632761577,56234.44713254367,84982.0360845774,56232.768278286,23532.49048898103,27138.98379733561,43934.71735842177,176395.1835392421,132176.1459232873,64017.33522092117,60871.35449357053,45160.78146572345,166871.3552533022,84536.77536834663,59929.64916600181,58291.96837123497,171562.1558046922,48583.87196053034,8336.391113943435,33040.20283865754,93016.60736175478,43499.35043373351,47388.17171073917,2907.053696829105,56845.10616646304,30338.41057428866,17244.70647236495,24747.56168285262,63816.85016158888
276,22821.04206351598,22592.43588914266,98548.62573428977,57095.33794966108,83676.98327436936,56226.32934159786,21693.56201128902,25066.78496059946,44277.71484916846,163157.5409344128,141690.0444525086,55749.03573496154,58608.98827245573,41215.16308987075,164452.6669749942,88427.31227496985,60052.2615095599,57445.08099120798,160505.8613662247,46578.28788587789,8336.399475125447,34662.73703428413,88963.92713822117,40771.89653254281,42466.3614673355,2798.143687820022,58224.56413140387,29222.39064184811,17244.70647236495,24983.64366992534,63870.57831991796
277,22337.77805002204,22274.50681222511,97633.76457923882,54161.61358871479,82119.40146002865,55708.16174007481,21671.62955173937,24316.37312622757,44617.89733094659,149723.6433889864,145381.8273201348,57860.78921891194,58219.58752496271,41711.17236442482,165662.0428564995,90136.00502275334,62778.7067688448,54833.50407268394,153668.2988837513,45189.20575589292,8803.709692182492,36160.85147629415,89669.7457029184,40563.29191410852,43016.09302098097,2630.712874958435,58709.07627436674,29165.84715452836,17419.31537598437,25148.36496756151,63918.34220532893
278,22023.21870086983,22503.74246272698,101074.6009144599,53495.5614795391,81683.9649854589,55698.65890129191,22098.83582225936,24651.41871962506,44928.74587111012,162974.0919372666,142947.6314248393,60870.33229102928,59486.32445074563,43112.32182323249,170483.6728620533,88535.72213566613,62790.97038650401,53829.33428404078,165543.9516727301,47347.66339180469,8837.392186171208,36554.93674987611,90722.53876753846,42139.85632831966,43571.86183770169,2581.652818018305,60252.6773057126,29131.83124953817,17473.04119260305,25309.80940558181,63855.65306388228
279,22021.70334107069,22476.47644596129,105784.0106917268,54857.2711605118,82101.96679019225,55993.43098663082,22098.81913274823,24987.16844126724,44800.23679030858,172471.3190351041,141537.0897404501,64789.47572753634,59486.30720625807,44076.61084774886,172919.4863020046,87196.52102796,62804.59861133177,53095.53349204947,166764.1446590217,47350.47735685644,8669.492219713184,36038.73925813776,91922.24670401272,43311.903365135,45230.68640029431,2571.774598813603,60970.93934677731,29445.02745562059,17379.02101312909,25551.24050311754,63854.89239415296
280,22344.72379426237,22580.15117501849,107810.8015148699,56913.16447945958,83599.99226933312,56488.77327531069,22499.27783711201,26821.18893993321,44794.77826551094,175248.820167673,133775.5547108673,68333.51532917078,59724.98574379291,46035.21220978924,172923.0532647723,85213.77862611802,62688.78898827475,54029.61316034108,166899.6669978872,48355.43370320423,8226.127526304172,35747.18748903037,91902.83667514044,46033.82649931595,47944.14620319863,2580.401181546657,62356.95872410732,30184.93475221496,17278.28510755598,26150.78536497138,63874.54290040799
281,22656.52056424518,22694.45664953738,108556.9157754178,62374.36694468685,86307.19387613703,56758.81349307112,23107.95376370866,29336.51032436473,44447.96924704016,178818.1297555434,122045.4236542918,69939.80588245524,61333.06777364505,48767.56134376751,171708.5979909875,82446.88186930012,61686.27098826868,58856.67915906274,166764.1343079883,49511.44336190722,8225.36623957822,35521.99697527585,91922.24793748494,47904.61398777998,48498.51292705936,2685.191532032218,60058.71967003684,31601.21759794475,17311.86374274703,26193.39575128703,64125.20499143448
282,22816.20912034503,22503.54165151823,109042.7958437282,67370.33184504186,88496.79030749317,56488.14731935623,23007.9580730899,29670.65795410063,42572.48103280043,179814.3704406339,121043.498187944,69491.94959787505,59028.66721783621,50157.82683487651,166874.0220570943,82449.24160852104,55708.20581877367,60164.45099194392,152505.4634971588,49489.54079847583,8003.903899531842,34318.49349577891,88568.76444724428,47108.95842493102,46329.99802070569,2820.380038909295,58810.90988691039,30556.11556568876,17452.89401117539,26389.43198735698,64111.32690443049
283,22816.22264324823,22144.60747663392,107125.5333992954,66804.93131438596,89529.82755858557,55705.81746538465,21898.6027543492,28668.1784920795,42029.36492200814,169346.5145446078,126399.4745110046,70529.60534215244,58559.70791068095,48796.38785335468,165662.5007741093,80705.14633472876,51420.09078857877,60769.20422994813,152618.9465469621,46918.04951658218,7105.084578781421,32803.81899759662,85011.88052493586,47843.41126112284,45213.70671171187,2907.584923246519,59021.49958036852,30332.54012774913,17412.59964832011,25954.43753085202,64199.38789687883
284,22799.52659731505,22135.52412591897,103680.9923979594,66056.35945007464,87973.27993959775,54618.53647359807,22501.97118163993,27609.77038315209,40902.7022866402,172127.4100236336,126399.4711600852,74915.74839816587,59747.66847451634,44531.68133679618,168081.2729822566,85847.73986738351,57071.92452758668,59307.65292645945,154896.1020581563,49562.9198614837,8335.559114780239,31723.58726994464,85028.20437720233,47843.95389079004,46314.27103813694,3103.839583704013,60186.60137952663,29504.88170814811,17412.59964832011,26149.38170722912,64198.79161820824
285,22655.41521890357,22072.59200895279,101580.2932551736,65094.03625486961,87698.05168085091,55696.50672819617,22456.9766326876,26006.71128792228,40137.01102145671,165023.6600433129,123443.6588562909,71460.86627276524,61059.0243740696,42503.72430519714,167975.9558990179,88427.31085421311,64402.87874863371,56167.57835216499,154896.2150235366,50808.9985052298,8774.844644286268,33974.92309593937,86196.82133563918,44849.37740671772,44290.44060939718,3114.00861256838,58802.93071672865,29193.84608412509,17190.98065574627,25791.97648107339,64134.61535894757
286,21850.27577265664,21370.86553022147,99105.52008162133,62480.52679419536,86372.2639236381,57285.67598300958,20780.73920950892,23440.82752264101,39274.82150032235,163449.9175951294,117915.234621642,68612.96655544823,61561.50992574551,38320.4680814141,164462.7844139045,87119.31154049882,60910.08767938978,50894.34403688832,150129.9663108329,50808.9946651275,9111.974569992019,34198.11328865126,81562.69646598559,39517.14192395661,40289.16515527482,2920.293752609945,55648.1321269111,29197.77726890301,17029.80320589025,25628.69242326097,64220.94333608149
287,20585.80902137286,20328.40601896768,92028.62008208134,58160.1518874193,83766.6658441476,55544.27365967751,19113.16398711057,22024.84819874205,36980.6142987924,169186.2088187586,115930.9428387616,66242.03335705964,58346.35203476497,34177.94049902794,156040.9642757106,81768.44753343661,57784.36554849251,45193.25681710494,145356.0794518841,46918.53767390118,9013.169246054757,32052.57963256652,74640.89872740732,36013.69389402624,38190.15771957328,2615.977730719875,52286.51018841064,27518.52567991725,16775.81021940627,25473.06854052498,64406.65952542594
288,19636.28940701171,19659.63330586571,86770.34532569809,57242.4967794367,80654.55670581952,51889.57968093832,17973.29646053955,19748.08824161647,32192.57735012923,176253.5204845438,141254.336576846,64747.21386155389,47975.57583694768,30503.65840694709,149014.1017563666,63070.37412570146,50202.75163328776,41012.73687773367,155803.5916526984,37459.22206040135,7555.48689765484,27755.70535250933,69080.10305007556,29317.1691040986,36622.523857796,2431.04042491969,45685.94918385542,28577.06138896424,17569.33588249413,25226.22789001175,65675.54303574713
289,18892.17432055044,18735.69972526829,84803.92612825951,56242.1196490856,79929.2515777345,49900.98862812547,17402.44139513703,18710.94071947075,31469.96246258381,175040.7499746805,132436.246577304,64128.92031036824,44419.34886526356,28535.31611220926,144500.4996671201,62470.52609348921,46310.87296004863,36081.49930843899,147172.7993682189,34626.25484155601,6727.127652968005,25538.85423732462,65004.15132113675,27328.1048410986,34747.26230568456,2246.506031901783,44138.01916535878,26936.04707253803,17464.00312695767,25637.26876063088,64959.61384635183
290,18596.60226264779,18467.66098714474,80991.39270547064,54753.48925158204,79787.488730764,49460.88789506321,16700.41768223999,18324.05361784453,29771.38053422553,168336.9052767841,125848.7670161116,62919.90187561222,42886.43308042189,28244.85616663274,141473.3788896177,63033.79865521812,44440.23493125166,35378.6784648689,137943.0375981798,31040.4615402824,6092.1754643528,24029.67227542126,62297.95159963177,26696.39196499776,33823.50990351883,2153.376963443059,42756.6250851018,26825.33031251849,17298.44720701861,25493.27465148836,63950.10512683976
291,18490.5503440417,18241.34866647824,78515.59733171939,54781.67281827907,79752.1429798598,49606.44075720964,16862.61145470318,17949.88173230217,28651.71118405848,164115.0154389901,120599.3675761867,61923.6119294603,40959.95692576334,27968.1948120968,138904.6955481244,62084.7551535475,42637.48056496526,33701.48050576082,128284.9556746925,28948.36881170674,5573.135869174679,22954.23729170854,59534.40299140238,25743.00053323506,33077.04851079681,2062.886397195509,42770.73020274382,26724.75700057323,17330.66452152204,25637.23169044086,63660.31728675331
292,18189.31954547812,17977.82192555477,77253.53038768593,54504.78853095801,80524.20031921865,49598.83764228383,17013.84182017862,18304.0014767088,28630.79208035096,162368.2193185495,116209.0203160602,61918.98598024996,40433.10137695495,29373.75160661937,135313.5866976794,61781.98518332183,42454.60419945835,33102.57903953576,123486.3093536694,27906.35030316703,5204.459315260646,22191.28215870077,58178.31593806105,25752.24962751995,32553.91772353014,1975.934232624395,42082.51222428297,26339.29770512693,17310.77637073355,25774.30899805182,63657.07938119708
293,18475.67429010004,18106.83945371912,77164.67607263233,54504.92009588771,81520.35615666112,50372.12226703351,17497.09436611687,19722.00841955074,30097.92726407707,162216.6388870916,113247.9464729462,61920.54497064588,40262.52060289848,32381.44289362977,139495.6865972499,61453.87496189349,43348.71625086771,31200.94461766044,117574.1505922676,27036.00018045923,4998.518890352393,21405.82507348725,58143.09518001814,26697.64563278323,33643.77259572753,1960.650948831032,42789.23645882341,27321.006185692,17593.13889560533,25979.99248626571,63454.9893205539
294,19085.64455264086,18498.99415064,80068.14979083124,54601.59796956909,83028.99108902902,52220.81376132626,19490.91788237875,24129.38036669495,32434.87097730432,164550.0627125126,116206.2697653168,64701.46719875961,42013.56851268494,35015.31437216218,147581.0313275079,63705.60405014319,43272.91845160774,33073.05206200184,113914.7021852426,29098.01522360375,5259.947492107663,23567.8633501595,62839.44731852721,32654.61700764062,36588.51008346312,1976.665858585834,45628.5645853293,28881.84848104164,17773.18794087747,26048.41043909543,63621.8592629409
295,19813.01915042489,19695.88947065748,94962.62157718338,55674.61452059369,84246.96108855658,51422.64101988795,20534.43678197227,25431.3196486825,33408.45788043154,158197.7880513678,107658.1755808152,69829.19678426877,46505.11020569443,36849.9269665526,151702.2675519286,66000.32811932657,48220.16955259542,45004.84190702409,109639.7105249746,33489.36907172384,5643.56286112878,26162.53812508104,63640.80050740412,37870.53380542295,41348.71960826738,2172.502607535466,50242.56049749607,30084.76975560024,17929.59250247691,25664.76118500664,63546.54853559122
296,20685.39046029842,20228.97637657668,92388.85226401416,57243.45417882519,83959.07473721083,49691.50372797261,20966.31607729837,24600.77420922728,35122.31771948235,134141.6051101963,101482.0565467642,66022.20701987002,51304.20919670223,39808.84766897188,152006.8445140138,77711.53489313024,51540.26823939641,43401.60129279646,105571.1174693203,35475.12867861907,6018.541087089546,28376.31252502408,69973.52040877998,43931.51549557193,46109.80685625617,2430.363109865993,51551.72730783434,29814.58973186111,17461.07831652412,25096.79089034693,64035.48169407051
297,21337.71758508211,21088.21525717625,93128.61185741892,59980.18705177122,84647.11055799223,51029.98294799902,21012.61627045487,24685.77682303399,38263.70710096373,132921.5922829872,105961.0628390271,61885.31500766092,54995.55718395844,42365.69859494075,152006.8444923265,80509.21265945687,53244.92229598022,44060.58552741772,109830.2031304601,39039.89425417028,6981.635097890532,30746.3416404964,78475.73370595103,45796.8629106584,48955.59296805444,2705.737096511455,52441.82128144344,30499.47153727634,17084.05136150022,24496.13445304301,64155.75024793985
298,21734.6930579449,21689.69132976565,93962.00288986736,58345.14152503785,85126.7281132443,52377.06219106689,21144.72072798044,25814.81505219058,41605.39984117509,137194.9406913937,113849.225772475,60612.36148686472,57103.98119551648,44051.57550374776,150338.6365067294,79095.09585651137,54907.02230392201,44056.40305245306,120840.5094321465,41451.15703929108,7872.551065219122,33538.00695596703,85134.75436799982,43882.38314209655,50092.23814108349,2868.233847672483,52719.83252433797,29780.96934288936,16783.51029466642,24197.81776855928,64731.71876430883
299,21927.98908305184,21874.97867202921,98175.09502498082,57242.49650125034,86571.63410955132,52023.35325661468,21619.96910727744,27117.86958021182,42454.09672684725,137938.104097595,112968.0200785289,60781.38056213152,59187.16151073585,41919.36685335803,147829.0247996699,80311.52784260492,56025.21213871299,48768.82206336776,130669.1922489266,43829.49551532118,7810.106237745852,35138.62489093043,94400.93302475942,41930.9045298635,48353.04279331426,2914.461262169888,53125.27426599869,30084.90964091246,16792.32404815184,24265.6862413631,64566.57686199008
300,21739.95134224802,21382.03932190738,90421.89774505855,57242.91082983169,85393.69938771657,51104.97057795696,20756.23455499636,25440.40741667818,41887.97051162833,133706.6848948728,107664.9570323075,54997.12829027064,54966.16326983363,40103.98613181816,136067.0562740619,85975.85724758815,54701.61453426309,45564.34433366075,135457.1437258054,43867.2843081305,7531.283446003783,35180.9430409233,88273.17449359967,39749.61328228362,43569.38025229606,2866.135342960757,52531.66627759895,29651.55279427971,17113.08712859892,24541.15979993822,64602.87817363471
301,21546.0406748949,20706.09393641117,78976.14576139383,54988.58254124901,84601.48395160976,50677.05977156622,20882.87044432894,24313.5944284485,41838.19457415197,138158.2959565362,103176.9382955999,53586.13413003249,52184.89395719117,38916.33421093292,137751.8467070179,83490.62812402986,56043.94558475744,41012.66671373261,137696.467397403,41838.08440677193,7601.191521903947,33274.21068155682,85314.56350614673,39247.8789742478,43002.68886638464,2645.481623931926,52195.07828209987,29440.53431793913,17277.7096050812,24267.27587562237,63873.45207309324
302,21259.51048011969,20519.77832497042,82214.96750189479,54030.88223834863,84873.73865159546,50251.85442808447,20163.58839110513,24479.43820557104,41220.17131947613,138545.3152308205,97941.47711091372,54376.38376236035,52799.59882773259,35459.18252297932,144494.8789941515,79424.62344586606,56100.27957936027,40098.6912435279,142637.688956915,42236.20001805691,7810.584313997952,32932.10131210255,86817.52547023197,39456.02633753223,42971.34206591435,2619.344360725008,52864.80828776229,29262.82155749643,17338.69173525456,24267.13255988836,63510.47038403396
303,21070.96970974603,20475.99351005482,86131.4599898082,53512.15613461773,85254.38448769407,50387.07876081438,20755.09207086734,25061.51325194993,40370.13589359944,140163.4013956308,96968.61755271815,56800.96126919815,52750.26493720692,34999.94344610702,152070.731545507,79166.63580820324,57894.1312804337,39184.45975995228,140244.0290221511,43828.6681007402,7874.355769028516,31623.71876851247,88159.54567544293,40063.92704416667,44703.94911019155,2564.572487226029,54241.69479808096,28748.39290227632,17298.05459077333,24678.60177758021,63744.00845866425
304,21546.50460942098,21040.01379382584,90515.49242390895,54505.92904050366,85561.16203944602,51718.44549430212,21775.98353620672,26657.42255775287,40490.86448613196,144262.6800713487,103240.3101162666,60611.09162615301,54287.25299892554,38817.98193128929,153672.7012847098,76211.73839200848,58650.22478673828,41619.64900343533,142638.3409899831,44237.56314906636,7935.03937879937,33372.10672349931,89524.35560178431,43220.21584950727,48106.10510078406,2619.965752002211,55514.77680240888,30918.16121202486,17284.33745228417,25424.74466987181,62876.34396251112
305,22101.14020838205,21740.8497054353,97933.08592130808,57736.12136038633,87360.5859563512,53889.71626397458,22754.58530994732,29939.20821096822,42433.03837737218,150486.2447768631,109431.602290725,63528.91890051253,58133.00071709447,45187.2287548635,161163.7149054758,78738.20159450796,61608.81667852992,48350.10515802116,143734.5268359963,48193.58668129952,8388.934916938342,35516.75734421857,92248.45412612743,46114.67331383863,50654.29923802589,2707.597726032295,57167.55659434286,31483.9410528003,17460.11772210932,26391.39602453721,62840.11086743308
306,22510.53504986009,22619.08355242197,110046.417495099,62835.3103747224,88495.8686843985,55505.14381027536,23676.27998465379,29176.77258489496,44029.38163422931,154243.4827807576,113847.2134602712,65611.19127269411,60954.30701673749,48234.45043192439,170364.0184720262,89891.41918348138,60842.86276470279,52096.15447353532,151017.3238292513,49399.01883976663,8575.519303473282,36719.12118489584,89691.39091157407,48351.87833245478,49278.35694547794,2794.247917617324,58351.23842794143,31876.65712367724,17126.75442509436,26257.80866230598,63242.02358141704
307,22691.8889745464,23024.60183902135,109564.8233303343,66714.43995944606,88185.83056372883,56265.05416160353,23260.33690020491,29143.77787605175,43907.16180126228,153556.7332149312,112146.0349761793,72064.89279268547,59702.04497656148,49141.27813576553,161339.2294343068,87452.95279983252,63908.70441196032,59290.49536778118,155806.4216001671,50598.91498385131,9093.232099173372,37788.01705181741,85471.87069905865,46791.87214613291,48659.80217545009,2822.19054303942,61449.1295631852,31842.24107408979,17517.62341816378,26651.68568911409,64295.25704857273
308,22691.88897565305,22651.87257025286,105878.5600672491,64459.92927956246,88277.52434143737,55242.7479158425,22773.58761274099,28052.73144136311,42940.72183188546,152871.5083474935,111955.9923222989,74016.7604199383,57623.92835525835,49705.44589367706,156025.4314311242,84428.00571548255,62112.99242004357,60506.40590949914,154608.1044007902,50597.20017897074,9082.733257704795,37937.93643412188,86798.8119960936,44523.3111408961,46689.10552948001,3057.528029237896,60008.17040629608,31296.2226683268,17286.15670814079,26125.221855036,65971.39791732366
309,22500.08935304532,22646.53895544687,105924.7841886176,63962.32635946907,87107.90914420444,54437.79948853744,21752.53851059219,26372.56109018938,41836.20247348712,154137.643300955,108858.8382323069,70854.56225300519,56911.67185543681,48060.28748409291,154509.1914347406,80545.86013038439,60194.61434201564,58111.10228107593,157000.4684258972,49678.50420393747,8830.953797866734,36317.13904107578,88698.06755913506,41974.37292786966,44699.81278098926,3086.558226202594,57418.44885244289,30327.00261069,17163.10704695972,25843.22814972486,66156.27705945981
310,21817.62943226528,22130.66069137429,103251.4773084093,62627.79520847368,86121.5376808719,57123.10502131455,20526.14684323743,23753.66333324518,39664.5191466466,154161.276125977,102360.4332141806,67389.8847123621,54965.67600446667,42898.10305369432,150267.0561742608,74869.5970548506,55089.06235632183,52964.03690114144,160633.6286177695,47774.5384340173,8576.01326678347,34315.64351624006,80455.69306742551,36927.05694462181,41304.31005696212,3008.432499718073,53403.23280167001,30681.35086753846,17074.48590898706,25905.12601605045,65620.46456337816
311,20691.93784139263,20946.12962789565,97528.05790711194,59524.21689591574,84173.29542525036,54908.65314234815,18865.5926372738,22078.83980971025,36886.19377141653,141441.4798198023,90085.78999233956,63595.63105887013,51637.66959310343,35463.58644906312,144311.3108733132,69198.73214880205,52218.20026018236,46519.9546618325,163936.1848431553,42348.55772886864,8065.741997049086,30486.51675396672,73176.3157082372,33456.09158620406,38748.7919268028,2683.218247441895,50917.05287189714,30740.71788083268,17484.24336059601,25848.70395007945,65807.21207397095
312,19577.47975109571,19580.00444578152,87792.8449048932,57188.81557400516,80590.32991927493,51863.42619087471,17858.55206188045,19789.03889684896,32192.64090176161,176394.1920994176,141864.4429642947,65108.0196003552,48043.6703735675,30444.35847344675,147319.5605261385,62905.43815318056,49852.32331583234,40820.17014302684,157747.8379458379,37563.27385440886,7499.351266850119,28611.32774011866,68971.4260587686,29893.05544253589,37158.08802835691,2428.609511819327,45256.43688728581,28738.84624735874,18044.45487485268,24853.5981111021,64920.73103279299
313,18865.25160925576,18645.83767272319,85872.46921491147,56171.37654518431,79835.55270792212,49786.79974808136,17276.11748724831,18730.25371559081,31424.49570860755,175106.9128550695,132839.0638609297,64401.60061409687,44444.18462077092,28463.33460591116,142646.5499185907,62305.22506388542,45956.24347722821,35683.70992214398,148054.8956954579,34668.02093591193,6693.516786197158,26304.52111526119,64542.58379187535,27817.05046752127,35225.61926323832,2235.402374534361,43707.44812950068,27159.61909042356,17922.88744963826,25286.63652757843,64429.67846350499
314,18582.3454548046,18374.83022337214,82149.20587823149,54657.35686204953,79688.02946264688,49327.21565286121,16559.85357477072,18335.29511879038,29618.89003131697,167991.205417637,126096.730727732,63020.26067385302,42892.62208786499,28171.0032942849,139512.5192211797,62868.84042350175,44083.58615123405,34951.63987792562,137689.271674748,31003.39027884741,6075.830232405328,24734.09948252835,61602.08485903445,27157.72583032319,34273.68663182564,2137.896427698858,42325.10921571233,27053.07101683242,17731.81481688035,25134.93633068298,63737.26103203555
315,18480.83809082067,18146.01133991556,79731.3810038029,54686.02111261959,79651.2474708098,49479.21217418216,16725.33736671354,17953.31701134038,28428.67288512138,163509.9361948818,120723.9323084855,61881.96943269346,40942.71182426006,27892.55947482034,136853.1167605977,61919.2193504571,42278.88576611173,33204.64219662419,126842.6162058,28865.30073870661,5570.904374087885,23615.0254373481,58599.27184831067,26162.66227592074,33504.45349515834,2043.152987356614,42339.22398084615,26956.28447213442,17768.99770411762,25286.59747351462,63538.4968727713
316,18192.51568501351,17879.56586120067,78498.86523015266,54404.41443465718,80454.67662502568,49471.2724675843,16879.63536444621,18314.82463659408,28406.43571670017,161655.822517428,116230.3800290098,61876.68414652901,40409.44748066844,29307.17194571525,133135.1794193842,61616.26511969177,42095.81199109717,32580.81632851992,121453.4236338366,27800.37238093798,5212.252881685497,22821.11106789139,57125.77656209719,26172.31564213269,32965.36394504915,1952.114246432662,41650.53528122598,26585.33841689974,17746.04424323721,25431.01070457188,63536.27600810189
317,18466.5995080402,18010.01234619076,78412.09142993708,54404.54824348817,81491.31030641549,50278.7905831311,17372.69044636087,19762.41498024748,29966.01172116708,161494.9294699152,113199.6994634282,61878.46533996529,40236.7917219652,32334.24108997716,137464.9800544644,61287.95521608755,42990.88920943438,30600.04184232515,114813.6840177646,26910.88671512391,5011.912393647446,22003.78166074227,57087.50643716293,27159.03429511646,34088.46621132369,1936.112679127305,42357.74289466883,27530.0837961346,18071.92658582746,25647.70169176566,63397.66335621351
318,19050.43122247715,18406.51042295224,81247.58060345249,54502.87500338956,83061.24718278716,52209.32408130065,19406.95767453499,24261.73644251623,32450.20089430287,163971.7113790251,116227.5648203647,65055.75266162706,42009.13979027641,34985.08199145207,145835.8778303655,63541.0546675096,42915.00958874172,32550.06053072781,110703.8849508441,29018.2372809671,5266.232222724664,24253.55124863245,62190.46256482493,33376.38103461867,37123.03662104357,1952.880257338606,45199.01303935678,29032.15755370988,18279.72613246016,25719.78114680211,63512.11868945013
319,19746.6362418714,19616.66217224396,95793.29983304878,55594.19235207787,84328.70823353418,51375.81604633133,20471.64383261748,25590.83764483544,33485.13127374085,157229.1733149934,107478.5283929291,70914.33800293622,46555.31765260304,36831.5145692029,150102.6652458559,65837.17526586313,47867.60109772311,44978.41407112654,105902.7906922844,33506.13956248543,5639.416313622942,26953.5128830162,63061.1958584531,38820.28218094298,42028.46232645871,2157.920938487296,49816.16479105822,30189.78666481669,18460.23693129573,25315.60025544042,63460.46340467089
320,20581.62454990387,20155.65337801891,93279.79506912584,57189.78930228675,84029.1238944175,49568.04090251178,20912.28358324896,24742.96481586952,35306.97748781282,131695.0555684339,101157.2257443154,66564.73764740067,51412.79401222147,39809.49891131076,150417.9990627271,77555.50927648647,51191.2837306802,43308.45160759395,101333.4955188074,35535.55813784053,6004.198122857769,29257.11794550727,69942.19431691873,45146.18545932369,46934.79253110844,2427.900364324245,51126.22703356765,29929.77940803697,17919.51184561238,24717.2340719644,63795.82043053008
321,21205.99804321118,21024.40891329982,94002.23326615708,59973.19843061741,84745.11739565109,50965.77490996622,20959.52295264558,24829.74081055208,38646.29860449594,130400.0890619666,105741.5211865405,61838.21404720956,55149.04442439662,42382.82303466886,150417.9990402739,80354.88966085836,52897.77790978152,43994.86070059674,106116.7263036669,39178.69875299344,6941.103658700758,31723.31823619345,79180.51805498118,47093.06600304705,49867.39292867245,2716.216372914335,52016.92980566831,30588.87417374136,17484.37468504672,24084.43249175999,63878.31208369476
322,21585.96225645902,21632.5467422543,94816.11053151723,58310.26643994536,85244.22375358456,52372.48966548921,21094.30708296012,25982.33378366334,42198.54373483142,134935.9783050425,113815.1131897041,60383.82634740192,57283.11580141665,44079.56165731711,148690.8743495829,78939.91225101393,54561.67210443169,43990.50416413321,118482.0178810297,41642.97563182351,7807.793818124389,34628.26390439903,86416.06796466443,45094.90556246645,51038.71289277457,2886.350143624939,52295.13120019889,29897.42488756785,17137.51198806221,23770.15088647165,64273.36626500408
323,21770.97512784384,21819.88626778488,98930.55353861552,57188.81529107423,86747.84212925915,52003.12195396465,21579.19563772012,27312.57349901829,43100.71506344651,135724.7992898714,112913.1927674448,60576.93572656214,59391.6364118397,41933.6156812131,146092.6297777242,80157.08453646392,55681.06899134327,48899.03928408228,129520.2692721186,44073.60432674582,7747.046991866173,36293.83180426747,96484.5001779981,43058.12908269599,49246.46120275337,2934.750153363302,52700.85025226518,30189.92128319368,17147.68418295298,23841.6514551313,64160.09618657747
324,21590.99521188035,21321.48727927855,91358.89659212646,57189.23668622271,85522.04315159365,51044.0822598021,20697.94066243462,25600.11500787119,42498.91853470894,131233.4152485383,107485.4692577414,53968.25346177903,55119.29295578862,40106.53888280827,133915.2595534502,85824.86115383737,54356.04260329555,45561.20123510366,134897.4508370679,44112.2239450527,7475.805956024734,36337.86714253924,89826.2083755137,40781.49500597604,44316.86701735725,2884.153013424437,52106.8362531984,29772.8811062764,17517.88566107061,24131.86744607835,64184.99509084856
325,21405.39403700205,20638.05533915538,80181.14573838121,54896.45977740418,84697.63679556239,50597.22774215198,20827.14529738791,24449.7937001381,42446.00632965175,135958.5190311449,102891.9495132281,52356.15017786082,52304.19162922561,38911.23519610289,135659.5523397939,83338.11956304517,55699.82265957636,40820.09705902001,137412.3572689766,42038.40999565701,7543.813089883379,34353.76328987689,86611.44474141694,40257.83021595719,43732.88799773595,2653.129014658501,51770.01804126149,29569.80785754454,17707.88098110614,23843.32616135058,63684.68505169622
326,21131.1422822415,20449.6761556675,83344.13079403178,53922.42544922792,84980.95430605,50153.19845888521,20093.27296778964,24619.09742007365,41789.04284810873,136369.3155296555,97533.41699936175,53259.03416086463,52926.37391435716,35431.8098817984,142640.730738281,79269.6403851299,55756.2174650232,39868.08479443129,142961.6711261542,42445.27858834823,7747.512068257599,33997.77178712,88244.53117490294,40475.07556581982,43700.58492367833,2625.763352799564,52440.20612284547,29398.78630421878,17778.26213188405,23843.17517583324,63435.71756488705
327,20950.68089261571,20405.40639416341,87168.91900479679,53394.85222989733,85377.06732325986,50294.40920438196,20696.77500358696,25213.31610191662,40885.4486409429,138086.8117241837,96537.68818195313,56029.18691630038,52876.43991478652,34969.61203408601,150484.1424156299,79011.49574067642,57552.00557477459,38915.8058619976,140273.4350117898,44072.75872060381,7809.549448385434,32636.29762283004,89702.74172378256,41109.54721903054,45486.04732572049,2568.417311720676,53818.03438364824,28903.72681905933,17731.36168769186,24276.66486309874,63595.90026629448
328,21405.83809092791,20975.67358597725,91450.29976099815,54405.57439612503,85696.31048872364,51684.71585385896,21738.37474123884,26842.52032555522,41013.78406500966,142437.9369479032,102956.8110315407,60382.37549332951,54432.1242607029,38812.24925553685,152142.6894998092,76054.800025291,58308.91526116021,41452.34004914716,142962.403401786,44490.64374735244,7868.582948014357,34455.6317629347,91185.71509786363,44403.79536593917,48991.99036522792,2626.413948213453,55091.98713918543,30991.79942434562,17715.53036153935,25062.73885145012,63000.7731413956
329,21936.70635207948,21684.27173171005,98694.21105373093,57690.85915237779,87568.8522831395,53952.10928720881,22736.82696206828,30192.77276650138,43078.32987570151,149043.8575290093,109293.6434994659,63716.08094970597,58324.65255842383,45222.53165888602,159898.2659593569,78582.800789368,61270.70086345226,48462.89669352536,144193.4915511552,48533.64452800004,8310.136148021438,36687.30813758723,94145.66248834286,47424.7676933275,51617.92037063628,2718.164448269775,56745.8973846154,31536.27662997104,17918.40319722387,26081.12218466582,62975.92102655676
330,22328.55773707348,22572.23261554288,110523.910188736,62877.01721328791,88750.26614386175,55639.05218797259,23677.21775184753,29414.43070299285,44775.25505744513,153031.9281979057,113813.0535735609,66095.13978907037,61180.27789131175,48289.38587833143,169423.4999762368,89742.80603264493,60503.92012553218,52364.84484025718,152372.5472334253,49765.57935295522,8491.646927536167,37938.46156605382,91367.2121050063,49759.7594958396,50200.00322731261,2808.887024086375,57930.38882229646,31914.20622990556,17533.65946320965,25940.38566930487,63251.59112599497
331,22502.14025292997,22982.24229282264,110053.5925028345,66822.30716205623,88427.6299193669,56432.60394789241,23252.8374701532,29380.7476366622,44645.33443330663,152302.9869390581,112071.8850504211,73468.68796311112,59912.78304121582,49202.05606270663,160079.9791983152,87302.85564075262,63573.07125615856,59858.59165319972,157751.0161612883,50991.85644855483,8995.282064738147,39050.73114979265,86782.37138412178,48131.5664484349,49562.57866579049,2838.142896543201,61030.39882532958,31881.08600688317,17984.77209993508,26355.34168990319,63973.99916266662
332,22502.14025398918,22605.38479403501,106453.6427227864,64529.34475116806,88523.04958642484,55365.03996605853,22756.21471706148,28266.93906801911,43618.0012995119,151575.6640511828,111877.3750151221,75698.75545760524,57809.38772067252,49769.85862260923,154578.5118681759,84276.06762620185,61775.42084743618,61125.1045806188,156405.2278456447,50990.10394192428,8985.068708013328,39206.73396925384,88224.19751279491,45763.84810941423,47531.76343920347,3084.540769918682,59588.45409412229,31355.62618247088,17717.63001467359,25800.70325529248,65123.65654817432
333,22318.55966101244,22599.99210581944,106498.7845110086,64023.25498122237,87305.90818932172,54524.45628402785,21714.4541450164,26551.71588922615,42443.88871129597,152919.5862795672,108707.4153293889,72085.84890351101,57088.46716530361,48114.10083902867,153008.7222751655,80391.55943479956,59854.97193827119,58630.11592281386,159092.0085690032,50051.20949046976,8740.135641159719,37520.16776811367,90287.88812363062,43103.49745625501,45481.78481259169,3114.93532758698,56996.96124575157,30422.89901443516,17575.61502221366,25503.61818095355,65250.46430947038
334,21665.34462734206,22078.40013929736,103888.0728421539,62665.96277910699,86279.4564607674,57328.64091940397,20463.18573662537,23878.18095125893,40135.37260220814,152944.6710296404,102056.2506373927,68127.35056355623,55118.79976321117,42918.65765184537,148616.7659886101,74711.84188425119,54743.9086635645,53268.84581428443,163172.2842569637,48105.38307376784,8492.12745898442,35437.45544490522,81331.89969293601,37835.56655698409,41982.69800591697,3033.137849536817,52978.99890352232,30763.90541799075,17473.33493366914,25568.82861605338,64882.9529595284
335,20587.89136152414,20880.74958909042,98298.66672969413,59509.45149111866,84252.04923614154,55016.15473897469,18768.9480198731,22168.41614916731,37181.99132155089,139443.4111918525,89493.06422838353,63792.30159795259,51750.31069929605,35436.24218135632,142450.679475692,69037.52578842008,51869.94755858675,46556.58106995129,166881.2701433303,42560.10659905707,7995.731497599346,31452.95016075347,73422.28341947935,34212.88754845849,39349.22057997251,2692.639183358895,50491.11849870309,30821.03715577144,17946.24725900257,25509.38702800498,65011.04222623676
336,19346.30701143098,19098.63672319984,86217.47547786991,56011.89633825172,80316.89988104092,52107.19356824649,18022.56807363064,20184.17917928676,31663.59892744161,139509.0283583419,103190.657786688,59605.76839791073,50362.94344933449,31472.8022893068,145362.4679104537,73204.84356944982,51183.26419241148,38398.3076523991,130901.3522763302,41456.80554583522,8151.27386260873,31817.827163216,71236.65100612825,29776.08116954475,35741.07775153853,2287.518666920547,45568.42451451028,27237.09883108673,17467.82542462561,24759.31029694725,64090.42445344166
337,18806.88173908303,18450.26093003912,83806.72766933628,55742.49371339206,80148.1479274036,50421.83873601964,17403.70573877176,19323.26123748886,31679.21872938555,139078.2458399635,95823.61985841196,55877.58897800965,47509.92948831039,30231.23275863505,142364.4680537594,71541.53979851239,48756.48755898191,35723.83352755351,125880.8338038461,35618.49874287275,7224.670849100507,29389.60197900084,66109.96919562816,27595.42530515729,34293.34853268721,2178.623588984459,44044.8655150259,26853.97397249419,17302.68044680229,24691.90457144493,63589.43192410294
338,18420.9239041789,18135.33199088301,82360.65370422175,55199.24842342533,80182.29522253036,49564.67066065937,17287.83359172246,18634.41404079369,30450.92415523449,135997.9525943037,92333.20720415472,54510.95777445381,45128.59303793257,28788.55382049764,139212.6188377357,67671.36639532179,48415.93442149247,33253.87761592714,119885.2130561319,32751.67086465371,6558.162756364341,27343.03102390644,62377.59867343073,27169.9323754816,34001.97665952258,2119.522493494761,42240.15206270359,26854.8386740477,17528.99023080447,24466.69585397187,63119.66746808471
339,18190.25633554655,17897.24614309451,80942.91688095241,54581.62393776037,79906.18548987861,49256.2204439097,16854.58989169186,18291.32515436407,29638.22684739562,132696.6656757504,89254.16887049636,52236.77702473194,41804.21798751136,28276.87075586223,134731.690855203,63221.99853049184,48108.42491390058,32063.00102388318,115899.4316134005,29856.04852070547,5312.078249744754,25951.08148795589,59906.86254866325,26291.05275487617,33427.8422344154,2020.098987432971,41706.30349655184,26924.26326119416,17559.5726338939,24515.07678644391,62783.80527558448
340,18190.25878460138,17786.16220174303,78460.27214250204,53902.21472783909,79682.91301348819,49256.22045873651,16970.62240726702,17952.57757128412,28953.5100307852,130721.6855584789,89837.60278134825,51873.0029158168,40818.24541916225,28277.14628391778,132751.2651501468,62585.87605501366,44822.96604995557,31415.82721834457,106211.0861120189,27435.26577281255,4992.507848926313,24605.10698104032,58038.95961847782,26733.88200592612,33421.96143490935,1961.222196217174,41695.58729571241,26778.54485503255,17425.01006058551,24453.96446453781,62659.57266553495
341,18338.92758560231,17832.28203566223,79483.28904417386,53902.26840968913,80316.2608799283,49578.82832264764,18231.53255477475,19887.48167964492,29245.31236481296,133159.1664747936,94919.73602410386,55522.66499923603,40377.75874933117,32677.34785304914,135877.6795110625,61309.82251396833,43665.14062378054,30593.0637630119,104538.1136539032,26934.79729605468,4879.513350690159,23175.126743734,58040.5245650271,28988.00416022589,35904.69073388987,1958.314005637635,43036.24899980294,27156.37659539183,17547.33967294323,24763.31395114849,62683.25482025586
342,18976.32817868496,18347.20403299386,86017.26873408277,55294.13217253875,82681.16008756966,50501.40634857868,19915.89086536685,25470.67289092468,29802.45448496338,142001.1543560195,100090.7696640059,64648.42666237731,42120.20470452555,37173.98011716137,139458.9596168124,61311.69314732419,42093.55246522118,32807.3484789181,103262.0705315472,28865.72841909514,5042.196674777615,22572.10992102112,61111.98504662285,35258.63710702748,41289.62173966161,1958.342922173278,44741.29213949898,28482.45858758405,17859.28018645112,24727.29127099334,62660.83104872586
343,19888.82080940209,19177.40407891861,90282.75549837366,59176.40716691419,84191.90674521521,49889.76078343655,20647.13702621055,26169.16874927534,31634.60711669703,156145.2665670905,117036.2987046706,62709.76933456068,42755.18751899668,40977.06792131124,138240.8416104473,62584.77042255795,44519.37725561272,39100.22605036809,106954.6527188613,32739.4060287728,4993.202563507715,22180.81710048455,63678.83097934752,39513.33438938393,43874.23361237015,2146.848149008321,47110.63112273088,29293.76431614429,18299.66679207932,24833.79137699973,62867.92551675283
344,21039.74672136394,20259.4849491607,91662.90879528012,58419.70233591828,83029.92561972313,50554.46882480814,21071.67327225936,25165.50360698708,35153.79251109903,162784.385379746,133973.5118260249,61838.1634040745,45966.39641524867,44604.73450536807,145492.6052049188,62587.89921557595,46856.01585616056,48679.56460589069,123203.5639313915,33713.00575853728,5330.513412262297,24288.83309209716,70670.65531382702,44507.56153527472,48470.50222969379,2458.8848709005,50829.44414792787,28417.99658329488,18262.96790922731,24373.42677390202,63387.81955220996
345,21884.47567077549,21605.17527937756,97516.64529656646,58467.77159853924,83679.62327190852,53078.05155188074,22312.13512541541,25518.95403793359,41303.09913059993,168314.0538969699,141478.3467205056,62887.0722607373,53042.750532051,46955.56495173263,151330.8862064823,71472.50242588647,52352.73874107934,54966.77182766816,155527.0540152204,43954.94054947028,6847.497474755532,28933.0382948197,81263.15882337317,46674.94128489682,50785.37698268901,2771.418491411081,53758.33361043897,29764.0473434171,17932.67795358066,24090.24766153363,63556.40851370557
346,22193.66224586953,22270.02235271908,98420.66672992257,56015.83153270185,83546.12639375152,55594.90178444458,23165.22773446787,25880.53942320935,44164.20121615654,175169.5120695952,139536.3902038742,59209.82489410524,57546.73840174283,48915.19270844878,157065.27138417,75908.91766787013,56709.97011891937,56940.04331949243,163765.1485470831,48700.74932840324,7812.760590220085,32097.72437552384,87499.57484339977,47934.89293766892,52562.61429092608,2828.923000221352,55699.09382869412,30117.09437907207,17669.66928672645,24235.07139788435,63678.53668953139
347,22506.16710571805,22794.54716054491,103092.5552452797,56021.9183253962,84341.30486589094,56858.81541900498,23820.98615132541,27388.45062910991,45418.50672742075,177167.9361334452,131888.0681868407,64241.01509025472,60823.59298688674,46155.01560049682,162002.2561001114,84202.84885000397,59672.32323154864,59387.96907697893,171148.466369383,50083.72984347201,8264.084756169857,35206.55638911856,95054.16308095801,45987.65799161602,49055.58463886186,2904.838705497752,55887.47037446201,30836.55276053918,17510.64079009122,24232.40991277857,63946.50388795646
348,22510.85880500555,22430.65040315261,98710.7357578406,56909.22645840734,82980.43574838895,56851.06066161925,21904.80714681534,25257.39479195671,45803.04306364305,162377.9087177466,141689.1918552544,54051.86552571741,58493.64248897976,42024.75132192712,159625.5025985526,88071.39030632592,59796.9107997939,58467.59414525699,159447.0506116595,47841.97256831149,8264.093252027782,37081.64675140018,90629.02541242253,42977.76894933759,43862.26922622285,2791.198735726095,57253.65891728317,29669.10582497077,17510.64079009122,24440.31494502926,64013.63194881847
349,22042.12197800698,22108.04369810633,97835.8506437677,53885.47776261244,81356.23711631908,56227.00358052314,21881.95333873299,24485.66888826599,46184.42347813286,147368.611448756,145492.4298582035,56654.21104161724,58092.60906784795,42543.97269444188,160813.9105413403,89770.42282794643,62567.27775429959,55629.4010339176,152210.5246831838,46289.31516040459,8738.930566275623,38812.9507568133,91399.71151285965,42747.56276513045,44442.32599582048,2616.496404089643,57733.51039184554,29609.95677298794,17669.66928672645,24585.37635832071,64073.30823601291
350,21737.01845879745,22340.65204775635,101126.3351867237,53198.98716272468,80902.17729112208,56215.55880123642,22327.10588060502,24830.23083611785,46532.91745251812,162172.9465671456,142984.7454500025,60362.91614292516,59397.18756773858,44010.6927386479,165551.9440042291,88179.18726351816,62579.73893282138,54538.09571699322,164779.1073535878,48701.94805352797,8773.155593674965,39268.37752094707,92549.26045095989,44487.38463808989,45028.75306614651,2565.305669294943,59262.26305942109,29574.37339057064,17718.60113195465,24727.55201309847,63994.98430619115
351,21735.54865156126,22312.98487143578,105629.9612150586,54602.48229904495,81338.05677635991,56570.56866025602,22327.08848999347,25175.5169116834,46388.84522914672,172783.9181232811,141531.6194317154,65192.53542646166,59397.16980810177,45020.10828084814,167945.5257544981,86847.55743250593,62593.58670166348,53740.62031500413,166070.4971150236,48705.09338495861,8602.551215201684,38671.8311156994,93859.22632246015,45780.80027807761,46779.08449741656,2554.998439114416,59973.61592133161,29902.00190364119,17632.97040244894,24940.16772657106,63994.03392401778
352,22048.85892929129,22418.18494643986,107568.1887927817,56721.46280880782,82900.15188534548,57167.13599080382,22744.36984203293,27061.62939271187,46382.72564756517,175887.1381696389,133535.7632169348,69559.90862393906,59642.9784540136,47070.36770053804,167949.0308739152,84876.0246176712,62475.91144240855,54755.75353248022,166213.9270173613,49828.39119586403,8152.045121890765,38334.89774700184,93838.03243466913,48784.5858276404,49642.2287307575,2563.999674262006,61346.30276033763,30676.00466192955,17541.22319318065,25468.15546246326,64018.58530305031
353,22351.28291400616,22534.17217497782,108281.7006260768,62350.24786153043,85723.13884245088,57492.3599329777,23378.61529814719,29648.39385931678,45993.91618706086,179875.0224354116,121451.4988347702,71539.36458333085,61299.09915240488,49930.58451565578,166755.6316044261,82124.7707249524,61457.24336937252,60001.68190946091,166070.4861600201,51120.53002729264,8151.271572905246,38074.65511966207,93859.22766929341,50849.09836055661,50227.17636362054,2673.34106877559,59070.17116072788,32157.55084231861,17571.80559627008,25505.68019635342,64331.76298539635
354,22506.17114280898,22340.44828205169,108746.3495366164,67499.51905850564,88006.38296860238,57166.38211841836,23274.41894400422,29992.0323384992,43891.29623797127,180988.0927520061,120419.3251814517,70987.46456147586,58925.85861677733,51385.91124740401,162004.8766673452,82127.11712320572,55382.87450352013,61422.93394341775,150979.8392675554,51096.04826582599,7926.242076617069,36683.81985624527,90197.54569712517,49971.05053763964,47939.03819315824,2814.400811353566,57834.36443616363,31064.28975490653,17700.25168981589,25678.31903461376,64314.42367770326
355,22506.18425920617,21976.23317907774,106912.8643534885,66916.76863384718,89083.6025885629,56224.18024456759,22118.46133276505,28961.07928935497,43282.40583783254,169292.6662846586,125936.9987351669,72266.18331046362,58442.88996165569,49960.76003986572,160814.3605196577,80392.88222648631,51025.68004442906,62080.16385764666,151099.9439151473,48221.74378662037,7012.945220094254,34933.37813292696,86313.76998350833,50781.55792797868,46761.16814671305,2905.393003073944,58042.92840386027,30830.41179959062,17663.55280553837,25295.24221613258,64424.44724531616
356,22489.99010575041,21967.01618680597,103618.8370245933,66145.22607567383,87460.48238374604,54914.70933193013,22747.17632977779,27872.60904285455,42019.2982826732,172399.6787341392,125936.9952830828,77671.29323482813,59666.33879207457,45496.47502646316,163191.1964958955,85506.40171019075,56768.56205153564,60491.78833938882,153509.9686779437,51178.06828703644,8263.239355761976,33685.00253196227,86331.59406277836,50782.15674839821,47922.44365234314,3110.171001761611,59196.82273749325,29964.61428327958,17663.55280553837,25466.91933465956,64423.70225363708
357,22350.21079596363,21903.15816195059,101609.9306468091,65153.3730082316,87173.48278138306,56212.96682355159,22700.29162976594,26224.01799954919,41160.87767688382,164462.8685255846,122891.9468372616,73413.79013357607,61016.86918038271,43373.61425073548,163087.70538106,88071.38889360159,64217.61434767817,57079.23787509256,153510.0882347161,52570.8824304794,8709.600580928847,36286.77087740656,87607.61157159603,47477.48386584678,45786.97128783492,3120.781671462844,57826.46202002597,29639.24591344752,17461.70894486303,25152.17128466289,64343.52031605496
358,21569.27429171907,21191.10731922144,99243.29588666644,62459.66533468178,85790.99189592578,58126.88873532576,20953.63807807353,23585.25502057182,40194.27235605646,162704.5725322032,117196.6191596724,69904.28056467125,61534.36561857723,38994.59121725179,159635.4446231503,86770.78445483366,60668.55612827189,51348.42550577669,148465.734712616,52570.87813817502,9052.160753233306,36544.70182298408,82547.592179412,41593.08114747112,41564.97075176031,2918.653776788252,54702.01038912615,29643.35825005436,17314.91340917846,25008.37557315417,64451.37865111347
359,20342.81811809099,20133.31030571658,92475.6301822077,58006.71530174301,83073.95398660484,56029.62436040492,19216.01061275121,22129.05740575415,37622.22429270072,169113.5614280779,115152.4214946989,66982.54399635625,58223.1604480684,34658.20283229509,151359.6404682833,81450.17196990337,57492.48014768311,45152.63385224972,143413.297367737,48222.28942827919,8951.763944134584,34065.20432375157,74989.65367513512,37726.84171043582,39350.17433987466,2601.121312662453,51372.72490569887,27886.72553712179,17083.584296177,24871.32577634252,64683.41280320594
360,19346.72965602606,19080.13020602574,85746.01414534406,56043.78790845531,80946.25093297655,52617.62667449401,18113.11369160033,20163.04792762748,32340.9256558743,141423.6044330161,103704.7044924716,59943.52687155431,50402.31626788935,32222.6185943467,145648.6639215366,73336.96371844885,51862.24979880927,39040.9369336792,130750.1111407803,41543.53352783525,8060.890235265156,31384.5173918981,71133.44928161339,30338.02042869361,36045.03925846966,2297.573668757535,45920.11142232142,27183.63882098726,17276.46730045795,24718.0623283762,65056.01398264798
361,18807.102910235,18418.43707154119,83406.30229296137,55772.77374609617,80799.98256003001,51011.27746163955,17519.74402426237,19310.20526877115,32356.53597478843,141004.4942371731,96330.24673946667,56117.68881655957,47452.97605371441,31001.25498667244,142459.6153279126,71601.51738746195,49387.24093327139,36355.53436681784,125699.5382924451,35865.51777448673,7143.773431113606,29024.0233561859,66420.66794023557,28250.01632815958,34607.05767886958,2191.68441751811,44363.88070199268,26845.77223153307,17059.58091885912,24671.46880507607,64236.97341803853
362,18421.00092143623,18097.03963646075,82002.83885990389,55226.27882128779,80829.58025766285,50194.2914852683,17408.6449744809,18627.8193568823,31128.98711778151,138007.6634690591,92836.31866281318,54715.25908428925,44991.23858851851,29582.05492653089,139106.9132631573,67563.48275409793,49039.91929564626,33875.48571594548,119668.0259051723,33077.39882081902,6484.08879482365,27034.53796390599,62989.62876005988,27842.60175329701,34317.64762831002,2134.214687320505,42520.46635647335,26846.53478650235,17356.79558938428,24515.79556594434,63468.98562828352
363,18190.24719927784,17854.06361458986,80626.87757634667,54604.95977243986,80590.25786477089,49900.30071643656,16993.24779213009,18287.94859345553,30316.78321138567,134795.826990233,89754.1792286866,52381.50679496047,41554.62272993806,29078.69924779511,134340.436357257,62921.13222790491,48726.29803069631,32679.74296136762,115658.3843423764,30261.27595513761,5250.76122761995,25681.41445667008,60718.36646240296,27001.06399318128,33747.3788813868,2037.53556451699,41975.16975888178,26907.75829616865,17396.95973384746,24549.23839424446,62919.90606388466
364,18190.24964924736,17740.69806004709,78217.38733466875,53921.4864097665,80396.73298318309,49900.30073056839,17104.50060441008,17952.37841259518,29632.48209722948,132874.3601980072,90338.20075390954,52008.20372325735,40535.36078953675,29078.97029176944,132233.8072340488,62257.41917956332,45375.54060885146,32029.92467280999,105912.0414093217,27906.95593704681,4934.462467064018,24372.98358442304,59001.26787850938,27425.07830333853,33741.53767762239,1980.283947130944,41964.22375616234,26779.25350247974,17220.23749858392,24506.99512227554,62716.80613500517
365,18338.97397752287,17787.76517419571,79210.25965484948,53921.54041273559,80945.69706885208,50207.78546811148,18313.47034230876,19869.13340664287,29924.10727342576,135245.7960400314,95425.45254475441,55753.46770172423,40080.00197710582,33407.56078163152,135559.453597407,60926.0193026173,44194.70338013685,31203.79923964741,104229.0540208119,27420.22785114975,4822.624763540152,22982.89017657511,59002.70647976651,29583.4272561223,36207.55062574827,1977.456031225419,43333.6350688717,27112.45224602177,17380.89407643661,24720.82981368877,62755.52257135473
366,18976.61263748649,18313.263433112,85551.70676499205,55321.73015477378,82995.51013369944,51087.11512464024,19928.44523112936,25399.955110262,30480.91114374636,143848.2047136485,100601.6942701378,65118.27618312108,41881.27810014187,37831.01260515474,139368.952206659,60927.97107105005,42591.87987680028,33427.13197060061,102945.3721097908,29298.14514896828,4983.642597608016,22396.69346685439,61826.1939095494,35587.63338497116,41556.22459936697,1977.484149579026,45075.24173745409,28281.88510841697,17790.56835258193,24695.92950181417,62718.86338500152
367,19889.44608099366,19160.51540709336,89691.50517246779,59227.22850022021,84304.97322900187,50504.14211900094,20629.56932086883,26091.8991807873,32311.95144651851,157609.0733327378,117564.2902590994,63128.83625950495,42537.69982664383,41572.20705784512,138073.2091443662,62256.26559245418,45065.9179814016,39745.72351214054,106660.0592357731,33065.47071671386,4935.150069421667,22016.31508387005,64185.80663081491,39661.55697703076,44123.43414033319,2160.786073803701,47495.38963709299,28997.35186387707,18368.9320343493,24769.54661866432,63057.42885272253
368,21040.80185973799,20264.82172196337,91030.99037927654,58465.99714238809,83297.80806760993,51137.69015210236,21036.61773357974,25097.64826906514,35829.00028757489,164068.3010569048,134518.5619532451,62234.39885125856,45857.3287044614,45140.83518304233,145787.0942670103,62259.53009077287,47448.99731892634,49364.20518181105,123006.2414547595,34012.34020980957,5269.007657952707,24065.53160947653,70613.14901009778,44443.58926828703,48688.7558320855,2464.209657923452,51293.95016210643,28225.03795519757,18320.73506211678,24451.32426142193,63907.37027779715
369,21885.84631244282,21638.15191417493,96712.23858960513,58514.35395016321,83860.94358363835,53542.97303360091,22225.98149946552,25447.78338725403,41974.57356536203,169448.1397372762,142030.9554567732,63310.78358709525,53172.60162339796,47453.40703993135,151997.4220545994,71529.48565332052,53054.96767654965,55677.10320348317,155523.229944205,43973.08209103064,6770.461414373387,28580.19472758994,80350.47126716176,46518.88132996983,50988.04440797652,2768.116424787934,54285.64773308962,29412.08068906106,17886.96229891913,24255.57957546362,64182.98556170684
370,22195.14836763584,22316.6546413783,97589.62180444995,56047.74664281496,83745.23309412645,55941.83902469278,23043.93284200013,25805.97715510389,44833.93863040167,176117.8449707598,140087.0430689863,59537.21173650449,57828.65754520982,49381.14283524085,158097.233215487,76158.32176189008,57498.799111548,57658.43788159133,163810.6402570401,48588.59441653702,7725.842533056059,31656.60735478952,86083.39290003036,47725.30012370354,52753.31548114783,2824.03363882753,56268.02627797221,29723.42252757259,17541.55065616141,24355.68751264225,64382.64508600184
371,22507.76994695102,22851.95294811066,102123.8467838104,56053.869846048,84434.46636707525,57146.50324920475,23672.67873870036,27299.74437695293,46087.48263286877,178062.1204811265,132431.0179276592,64700.19257685704,61216.14850599687,46665.88622889983,163348.8292520778,84811.98604798733,60520.02904907615,60116.3663586597,171238.1569026435,49933.60512189257,8172.546213788848,34678.72386763405,93028.0646787308,45860.7993473724,49269.89884969989,2897.853845777091,56460.4424348868,30357.89179822638,17332.69710420406,24353.84778808824,64820.7274777384
372,22512.46339857169,22480.58191827336,97871.14355476608,56946.48576078779,83254.91195410513,57139.11201729072,21835.43249761929,25188.6775283129,46471.78551097394,163672.8381350169,142242.0129474186,54244.14104029361,58807.53193615456,42602.83993523564,160820.6161854187,88848.31795196714,60647.09279762852,59192.23058887969,159466.6928522788,47753.39542186684,8172.5546226694,36501.51182212841,88960.18861226832,42978.79455007026,44111.55031104595,2787.350675771058,57855.92799259676,29328.35454517966,17332.69710420406,24497.56003051561,64930.47084046313
373,22043.55150001595,22151.34901951384,97022.03811801161,53904.64932581571,81847.11260047245,56544.30931946928,21813.52010170281,24424.1902994402,46852.93438335696,149070.2271898229,146049.0814395899,56914.65428164354,58392.95843166755,43113.61123966126,162084.7558984796,90621.04269857908,63472.52084846018,56342.44004664384,152186.8468421618,46243.36631254091,8642.53073302772,38184.52409189166,89668.6536991321,42758.36937228646,44687.7015269933,2617.47064595352,58346.06956647847,29276.1927289605,17541.55065616141,24597.83225946614,65028.03177619606
374,21738.33402571443,22388.73503794753,100215.5640679198,53214.05221306337,81453.54920508388,56533.40104552777,22240.33556744848,24765.520307191,47201.21678151552,163473.4295624452,143538.87137875,60720.5078936229,59741.58338928759,44556.46114889704,167124.722434045,88960.79039213085,63485.22969314391,55246.67543554762,164830.6689344623,48589.76023059441,8676.40537760895,38627.24751286181,90725.39429406889,44424.26964764173,45270.18015208921,2567.692927065363,59907.60532969527,29244.81278639362,17605.81328767692,24696.10973714671,64899.98500514282
375,21736.86366951042,22360.49959051874,104586.4846428116,54625.94290619618,81831.35450885852,56871.76884599753,22240.31889320479,25107.56765044467,47057.23202667907,173796.8901887391,142084.2818224076,65676.63772671475,59741.56503003247,45549.4489581236,169670.836136277,87571.4037119332,63499.35268665726,54445.94138782751,166129.7893542899,48592.81920676941,8507.54758189848,38047.34073948407,91929.60062971548,45662.73060982004,47008.7265070205,2557.670206967683,60634.21268594045,29533.73877445337,17493.35368205677,24843.07819013537,64898.4312862621
376,22050.29096752785,22467.86042679876,106467.5997143097,56757.59892925003,83185.32467071005,57440.37045054744,22640.41126124727,26975.98867540684,47051.11616039274,176816.0265415056,134080.37245896,70158.41306458646,59995.67290832675,47566.34143143176,169674.5646208272,85514.35950286668,63379.33862936888,55465.22264487616,166274.0778723693,49685.27681156441,8061.653598687894,37719.80554529653,91910.1178214148,48538.89123976598,49852.59303514741,2566.422981363671,62036.33589152371,30216.3091331916,17372.86124866724,25208.044351261,64938.56876170774
377,22352.82790653796,22586.22997979719,107160.0869530272,62420.05476819251,85632.19239677253,57750.34863052638,23248.53037612429,29538.48967396565,46662.54275228708,180695.8565817736,121983.9372254207,72189.72032871706,61707.70917664541,50380.00964875084,168405.1155067796,82643.7753334812,62340.4245088544,60732.58694585942,166129.7783337065,50941.93989693742,8060.887969002782,37466.8219366647,91929.60186781269,50515.68670975811,50433.6021839129,2672.746229521072,59711.39414655512,31522.84130895768,17413.02539313042,25233.98294252773,65450.56287489404
378,22507.77398554979,22388.52708698877,107611.044352776,67600.12835112441,87611.2296533706,57439.65191799285,23148.62616073895,29878.90487504655,44561.19933716293,181778.7675599878,120950.7240026483,71623.36343749719,59254.34096840719,51811.65166598944,163351.616816004,82646.22350218677,56145.32744535355,62159.64650298459,150948.7941631247,50918.13028364225,7838.162239141107,36114.7816212543,88563.54422773256,49674.94540588865,48160.87017169638,2809.912305387001,58449.08635945497,30558.72638218448,17581.71480062459,25353.3177864604,65422.21595247267
379,22507.78710684591,22016.83117289764,105831.5852990553,67013.89197616148,88544.92646529822,56541.61833511211,22040.28567109809,28857.62201299812,43952.67860405675,170400.2360085047,126473.9547655267,72935.5778726176,58755.06585226832,50409.69408140003,162085.2345518451,80836.76954604924,51701.53366286499,62819.56199152589,151069.6177942717,48122.73999949884,6934.21536859876,34413.16544718016,84993.32348968294,50451.01593686006,46990.93078807675,2898.392843098359,58662.12284428622,30352.47626466038,17533.51782651993,25088.5198255361,65602.08642889874
380,22491.58690493077,22007.42486783325,102634.6209562039,66237.73413346538,87138.06185521217,55293.53245459064,22643.10214192582,27779.36145639645,42690.33790155518,173423.062006853,126473.9513099657,78482.27316568163,60019.82196101321,46018.06307326343,164613.535348915,86172.07797345903,57558.55555994812,61224.69604975286,153494.0697104446,50997.89844044529,8171.709468268921,33199.61112793432,85009.70854951614,50451.5893145818,48144.38736282344,3097.518362472812,59840.76168309759,29588.95479787654,17533.51782651993,25207.18989046859,65600.86848976843
381,22351.75538806313,21942.25522844471,100684.9097314169,65239.94790775146,86889.30049885971,56530.93057388932,22598.14875361593,26146.23395320721,41832.43845654924,165701.3046491105,123425.8359971108,74113.24594100456,61415.95027973781,43929.75079466709,164503.4492214983,88848.3164779686,65155.65791326745,57798.20121428878,153494.1899829208,52352.47279134145,8613.501016919628,35728.80763806409,86182.70732906018,47287.32546058342,46023.2932494198,3107.836146261642,58441.01448119984,29302.0219639297,17268.43447268858,24989.62349693309,65469.78418095566
382,21570.52720677928,21215.57918808703,98388.01107658197,62530.12676488893,85691.00508318782,58355.13215901252,20923.44473861279,23532.22218063006,40866.4199771641,163990.6507885273,117724.7721832949,70511.80573364442,61950.91893979706,39621.99417037984,160831.1917695003,87491.30085594978,61536.06209371858,52043.97158694082,148419.6394009933,52352.46861688256,8952.55418842184,35979.54404530472,81531.20644409138,41652.93940003317,41829.7196716521,2911.287580179934,55249.56103972946,29305.64851311565,17075.64657814208,24890.22617148766,65646.11485750442
383,20343.61295608153,20136.05550923045,91819.76382747728,58050.53966423443,83335.97033742953,56356.18279037997,19257.39500028011,22089.68348402936,38295.93344503756,170225.9841103532,115678.5156734325,67513.53507905602,58527.91761552034,35356.17833704343,152028.0086932053,81939.91717191502,58296.86154213332,45822.862676014,143336.9566040241,48123.27066053444,8853.18520368368,33569.20784726649,74583.45488102683,37950.96884612199,39629.83560397887,2602.519952590518,51848.8812184639,27756.52558274104,16771.83997779222,24795.49189107702,66025.45261567278
384,19346.45299125861,19159.18944256164,85208.65374188758,55970.35656836016,80500.64458263948,52831.69774146125,17965.47566811047,20207.65818113751,32851.22444743055,142175.4397076391,103095.5357397754,59566.48596898821,50504.05270317448,32008.94142041897,145630.9396016309,74484.02401095768,51452.26352170348,39158.19472860707,129910.2019756605,40832.67974017646,8023.84045008101,30693.63166469734,70158.69126239308,29529.01489398957,35966.78262365585,2271.922142438289,46411.8442091739,27011.41770624392,17220.5151248253,24669.04244478901,63407.30404483935
385,18806.8110123392,18495.68616039997,82826.53111875769,55706.72791039896,80330.7647510487,51270.91899367485,17372.17669287426,19338.14166248215,32865.52853004081,141794.0250783571,96257.74190780189,56072.93124488704,47512.72801024222,30854.82992421622,142265.798836947,72735.08894235163,49064.35959161149,36648.77830095909,125025.1190201959,35505.59776206293,7085.204241194285,28428.65161089043,65378.25819926659,27439.36836763637,34551.43792790134,2166.002703763776,44878.20097387502,26672.81953506481,16976.2428017913,24634.15200442362,62732.67501090305
386,18420.69812426385,18173.40950081166,81397.62781546537,55175.12571531162,80365.14027453377,50477.11006411216,17261.09087906652,18642.41447725813,31740.69819471214,139066.7349580522,93018.07864684345,54792.30594241331,45015.94719405656,29513.77547120209,138727.9680204126,68665.66872898197,48729.26151780698,34331.25805179247,119191.2385390041,32889.80047017261,6410.040637970535,26519.66787160522,61897.96663687491,27031.63332011918,34266.58380614586,2108.516589809284,43061.54236154453,26673.58374119253,17310.98635495388,24517.57983984563,62100.09723262856
387,18189.93788815651,17929.76878641387,79996.72517919651,54570.73845529638,80087.1851227714,50191.45950919791,16845.74318576357,18295.89892724579,30996.45768064084,136143.7771487762,90160.23679354014,52661.24570983966,41530.41038535361,29038.13613508818,133698.296860168,63987.23558411835,48426.67777293149,33213.87753365072,115312.9791327678,30247.73006783571,5147.774035990058,25221.29655278007,59594.10049154318,26189.43360567843,33705.29230035572,2011.809905239958,42524.16032223407,26734.93981797913,17356.22197001817,24542.6226982476,61647.83023622991
388,18189.94033819521,17816.09310564413,77543.55932927947,53905.89067101321,79862.42037267204,50191.45952292886,16956.98274375109,17953.76804015162,30369.41734142465,134395.1307271336,90701.7571217681,52320.36491694572,40496.63903668564,29038.39225453104,131475.3443618108,63318.36383337055,45193.84619490436,32606.64467090772,105885.9903197913,28038.92046182373,4824.053580602206,23965.80944601828,57852.35305017084,26613.78144585631,33699.5430495433,1954.541966277709,42513.37319227645,26606.15677316517,17157.18526415698,24510.98983906294,61480.54046484018
389,18338.66886481116,17863.28897800845,78554.42894272077,53905.94320232798,80500.00131067098,50490.22123662446,18165.80844898951,19907.99736045163,30636.63998014797,136553.2751281135,95418.79260860915,55740.34361884016,40034.79809571096,33128.63697388741,134984.6255212872,61976.61566544855,44054.56710038934,31834.65883948773,104258.1486367271,27582.27494915593,4709.591695735367,22631.96416021393,57853.81230247123,28773.82815778051,36126.73571689474,1951.713244175833,43862.90855913694,26940.07699115649,17338.12772441416,24671.11480966766,61512.43049957172
390,18976.32552468234,18390.22480579636,85010.82425014647,55267.97587018344,82880.70666230647,51344.60522064593,19780.59093503753,25546.95172453518,31146.85175753668,144381.966836703,100218.3419352305,64291.79572951549,41861.71576351016,37308.51966430774,139004.4761716136,61978.58260398002,42508.15302642231,33912.28688231117,103016.5285646922,29344.12624160736,4874.387683169524,22069.48705371107,60717.83074189031,34782.75720032825,41391.21020340831,1951.741370545562,45579.23715420447,28112.0420237555,17799.53100102186,24652.46880942973,61482.23498479135
391,19889.18473657314,19239.79454780753,89225.66268488893,59067.04407576133,84401.55061252679,50778.17055597043,20481.63149516939,26252.42393920394,32824.6747346109,156905.1568115824,115946.5131597954,62475.14349710051,42527.48179145954,40843.71221487159,137637.1850590867,63317.20128001829,44895.12036033145,39816.7935695413,106609.4981760508,32878.609590969,4824.757316993556,21704.50013261553,63111.31557639212,38859.88534418508,43918.00641432178,2135.095551395667,47964.25847926856,28829.0579776846,18450.92385963447,24707.59521849708,61761.10529266402
392,21040.5730169503,20347.12183630792,90589.42806105576,58326.55730740807,83231.80321905648,51393.74548690927,20888.63141347725,25238.73450604418,36047.42485544817,162783.4293334592,131666.9658762809,61658.39015101667,45894.36628510369,44215.84048124849,145777.0137629196,63320.49115161438,47194.33011066081,48804.93419648369,122420.0722520611,33766.95714606716,5166.448604066592,23670.79807118663,69630.92210856677,43645.67918614967,48411.46024745873,2438.605637021871,51707.68583676826,28055.07177953006,18396.64112282244,24469.30205258261,62461.18681154938
393,21885.64132442273,21724.20895197509,96373.65737786579,58373.59632642489,83885.84321894536,53730.79298182255,22077.8534824935,25595.71508841191,41678.75041237551,167679.3951110143,138632.6574135133,62641.2882572037,53313.77365383795,46401.0748775089,152330.2620394902,72662.49734234464,52603.00514020993,54704.12048502806,153871.5909219069,43112.06833791279,6703.132759635226,28002.78186673113,79508.0231009877,45722.60367435095,50674.55313826007,2742.599043140949,54655.96123183893,29244.68481421028,17908.09647675445,24322.72334789278,62688.20618123194
394,22194.9521109063,22404.56781168393,97266.94447350025,55974.20742182617,83751.45409520251,56061.60562687038,22895.70737700759,25960.91187446684,44298.85025327118,173749.2143954957,136830.2100227624,59195.46029066032,58036.10951175311,48222.66349291288,158766.8912070158,77327.31102892157,56890.44131712751,56555.60966257969,161887.4513163404,47442.31566321586,7680.931124274147,30954.71190021854,85323.24051441978,46929.97143814427,52412.03509590558,2798.532198338399,56609.56708567953,29556.70080046642,17519.07018677984,24397.68677123672,62852.66215302562
395,22507.58251521886,22941.33049659402,101883.3590506609,55980.1637594459,84551.94725702978,57232.09477380734,23524.37836699896,27483.88362187622,45447.50051887631,175518.6180758748,129731.3394017367,63910.02370029273,61471.82211940223,45656.91743266651,164308.468697468,86048.23582599842,59805.34273101282,58852.45936938104,169071.5938000645,48704.19703165755,8138.116345917389,33854.54283319872,92367.60268161404,45064.00404390071,48983.45483982617,2872.373450320195,56799.19047092657,30192.54388592743,17283.84498760211,24396.30913770968,63213.50276763269
396,22512.27609933107,22568.94353297719,97553.56922588075,56848.45467689941,83181.98257504923,57224.91322349496,21687.351009365,25331.54347118555,45799.64579829177,162423.535097426,138828.3555456423,54362.10564523622,59028.91838569694,41817.59521309347,161640.6533278837,90115.94007553843,59927.93462503184,57988.88624605093,157685.8401202108,46658.73673249123,8138.12495210553,35603.57430575806,88241.33247381083,42179.73225914918,43906.30966174465,2761.838777520135,58174.42163529214,29160.77737830808,17283.84498760211,24503.9245973067,63303.89640864994
397,22043.35096385702,22238.80997477924,96689.07248528626,53889.51242049191,81546.92837781583,56646.98446276424,21665.44122401898,24552.1098125816,46148.90099207532,149134.3106990304,142358.370948207,56800.6783229043,58608.44334010966,42300.24184728503,162974.5960245182,91902.44330584713,62653.92516216342,55325.85490382626,150644.5296133934,45242.03603912434,8619.128672130222,37218.48591479161,88959.96753875197,41959.13369473125,44473.39103400418,2591.910317457668,58657.44918339483,29108.50261623194,17519.07018677984,24579.01104659636,63384.25560289183
398,21738.12487356864,22476.84539355796,99940.48586128872,53217.73501800493,81089.83377847048,56636.38564526758,22092.20584038021,24900.1131364891,46468.03990412229,162242.0617103845,140030.8372574789,60275.98430142309,59976.26625787437,43663.64391451629,168292.8583035512,90229.28670651259,62666.18673447118,54301.90052549486,162874.0571639927,47443.40942331171,8653.798157874222,37643.29517195543,90031.87758788375,43626.3443686742,45046.70020855504,2542.118407689509,60196.32046298809,29077.05472674986,17591.44717130441,24652.60377432777,63278.78577247445
399,21736.65447585793,22448.53270438837,104390.6358978199,54591.14977012899,81528.62652693978,56965.15430134953,22092.18916812302,25248.84782046947,46336.10346905467,171637.0106921604,138682.1030414127,64801.66221637099,59976.24763727144,44601.95470011419,170979.5627419948,88829.10103354519,62679.81268635557,53553.64207131667,164130.6098780255,47446.27933730302,8480.978250432587,37086.85348860595,91253.37024047262,44865.77950530923,46757.87815177991,2532.092830264871,60912.38167554946,29366.6063255664,17464.78744785928,24762.65756896278,63277.50600207868
400,22050.09062161742,22556.18724020716,106305.848988681,56664.71526833352,83101.16212325999,57517.62526671435,22492.23387048265,27153.79819805293,46330.49936467507,174384.6001904942,131260.6648950274,68894.18447656998,60233.9727947006,46507.79074715523,170983.4971051699,86756.06847087081,62564.022378266,54506.12538327719,164270.1705578743,48471.21682799679,8024.621725209624,36772.57153299372,91233.60775751063,47744.20252567752,49556.97618135091,2540.848099945374,62294.15414746413,30050.65465228381,17329.0806026664,25035.95370924633,63310.56652124531
401,22352.63610094556,22674.88060852157,107010.8885925528,62172.86148693256,85943.01691971913,57818.8096864639,23100.28053605748,29766.39845224954,45974.44090358457,177915.4709523236,120044.5276549627,70749.06776924874,61970.38025966638,49166.52956637688,169643.9518342339,83863.17271743741,61561.67158027574,59428.29633463025,164130.5992185485,49650.21096352789,8023.83813064262,36529.82454070223,91253.37149634272,49722.55294468448,50128.83901224944,2647.201659263862,60002.9571333853,31360.01585907181,17374.31621773069,25055.37720005907,63732.2868961387
402,22507.58655393167,22476.6368737223,107470.0202684961,67211.77102184904,88241.52143638326,57516.92711818487,23000.38822293029,30113.4690841738,44048.93316938497,178900.9828615971,119086.5048092954,70231.90035013504,59482.08783857281,50519.34088330175,164311.4101844749,83865.63991450732,55584.60344479676,60761.83445665097,149447.0436604235,49627.87292020416,7795.88632150279,35232.49258390979,87838.99428054695,48881.15031298316,47891.88462841331,2784.406839117809,58758.97076731338,30393.81333653392,17564.30580184413,25144.73823053806,63708.93804418366
403,22507.59967559818,22103.9241370885,105658.3058625173,66641.51038515677,89325.94080860866,56644.36981884887,21892.17977731353,29072.21920115131,43491.33207972794,168545.8580363582,124207.7916222257,71430.14577321654,58975.70543606291,49194.57948104884,162975.1011080578,82042.12199729383,51297.20359525459,61378.5028058364,149563.9083169404,47005.25370755547,6870.729068075474,33599.72985068378,84217.52321653125,49657.83130170089,46740.36257524441,2872.912601301503,58968.91519236899,30187.11662611946,17510.02306292357,24946.45064011497,63857.09413191398
404,22491.3990163674,22094.49209985251,102403.3917675657,65886.50389894616,87691.97224645199,55431.69084335473,22494.92443057857,27972.8776571472,42334.62120212107,171296.8053265463,124207.7884181377,76495.09710301369,60258.46561423514,45044.7654521028,165643.0090523312,87418.89905107934,56948.09470979607,59888.15538323037,151908.9192865265,49702.71094971869,8137.259966839963,32435.28025423575,84234.1434830139,49658.40513044206,47875.66129395592,3072.094888370693,60130.44700021158,29421.94190811413,17510.02306292357,25035.31386681308,63856.09093728071
405,22351.56355219457,22029.14418043474,100418.3391157164,64915.90870448318,87403.05444096793,56633.98525835335,22449.97639786683,26307.82100648934,41548.50884912102,164269.5574828467,121381.4946371621,72505.53050842907,61674.46811344873,43071.44219828588,165526.8442137846,90115.9385900833,64277.82625920586,56686.21369468344,151909.0356180874,50973.56487583159,8589.417797191065,34862.13648048907,85423.9805967171,46491.65226377786,45787.95770637817,3082.41561360471,58751.01604612683,29134.38777918238,17211.46800307754,24872.39450074013,63748.11914145062
406,21570.31331761328,21300.48022320455,98079.80574326424,62279.93387206396,86011.3234788361,58406.43613202052,20775.47190156702,23642.70289517972,40663.32461885754,162712.7630776137,116095.316278365,69216.88413366546,62217.05216498985,39000.88416651312,161651.8128721987,88748.37557899005,60785.61772484701,51309.08382465338,147000.7605968513,50973.56095937805,8936.426577391385,35102.72720114805,80705.70766764334,40852.83419031213,41660.39988244537,2885.811014478943,55605.88408250111,29138.02218092666,16994.33704950383,24797.96320191793,63893.35955946353
407,20343.36443234188,20218.00336684342,91392.49920572242,57922.42161039429,83276.12585586084,56464.19488864939,19109.62065089572,22171.96123788979,38307.93060632145,168387.2786846879,114197.9726891268,66479.02057046625,58745.32369635224,34969.95753417956,152362.5376042568,83153.84382601165,57660.41690832173,45495.67130620433,142084.6198252769,47005.75157071089,8834.725979721245,32789.92177612683,73658.22150594674,37147.95166318307,39495.1466618012,2576.955361876544,52254.56249812866,27585.54493834444,16652.16921271548,24727.02371232547,64205.81327224235
408,19311.76989168728,19168.15072080303,84094.69461430734,55873.66866301503,79800.59273865806,52311.64527840639,17769.27503826692,20155.56362534132,31738.24708309317,140115.693340908,100891.9618140051,58236.19582802959,50315.79199375805,30918.83268472371,145839.5486657115,75495.98879073089,50836.86404814691,38217.30890935124,127403.3543498674,39679.12034329519,8019.225062564659,29674.40105349619,69054.48202518052,29104.94485108065,35646.61616450609,2245.916381431129,46225.99304500991,26762.62122528413,17210.70941213478,24458.67146467066,62742.04258679794
409,18772.12771546352,18516.846474028,81706.59690698642,55618.28816974234,79632.18789818967,50813.86163284824,17202.01186283022,19304.23485253012,31751.35582229926,139756.1756377343,94647.90365611196,55191.45629226268,47379.18413597989,29767.31321817936,142645.1405041586,73644.23747005341,48453.09387319201,35733.87056894137,122979.6513619302,34646.01409479003,7076.737537055483,27486.02343460023,64505.23976401484,27114.72157097209,34267.97838935237,2143.794619533017,44775.42860425101,26398.92362515019,16954.54436523655,24432.70543439475,61974.98814035747
410,18386.0146862172,18200.4951270648,80274.10948193031,55103.31824251147,79666.26495427282,50052.09188548132,17095.80083918658,18623.06024790727,30720.52372221445,137185.4586157203,91689.54511087116,54075.35226731484,44928.07403707132,28429.27065173529,139286.8038327377,69335.58451331191,48118.57589533124,33440.34185125026,117696.7616441518,32174.56992540667,6398.80367120672,25641.60220763782,61193.26169681089,26726.38614033777,33990.51195037232,2088.36963508093,43057.17997680439,26399.74447995193,17305.58535477525,24345.95054328239,61255.74604857594
411,18155.2543657391,17961.33394091725,78869.69295804118,54517.84048078369,79390.72316363422,49777.97056617071,16698.67989132124,18283.79279108171,30038.4768499062,134430.307141738,89079.85386006965,52218.06825271073,41506.29411288045,27954.69955839514,134512.3163067388,64382.11602256535,47816.51596010074,32334.52872712839,114184.7910430852,29678.30253068154,5131.357865291696,24387.14227084599,59000.81488414538,25924.25742763821,33443.77752230226,1995.130309616865,42548.90839226329,26465.64872805583,17353.02332609549,24364.58784371917,60741.51764583184
412,18155.25681577869,17849.74827792072,76410.37382602796,53873.79382662029,79167.90994602647,49777.97057934746,16805.03791237305,17948.81828283305,29463.83613351475,132782.0501088198,89574.35318342241,51920.98024090787,40491.43234517701,27954.955102617,132402.146747706,63673.92269392549,44589.28081079683,31733.58208619705,105648.1502205242,27591.3863774381,4806.309153057304,23174.11618673901,57343.30164968824,26328.41523123563,33438.17737813057,1939.915677625938,42538.70561056396,26327.31932074196,17144.29625272867,24341.0461580683,60551.30886955104
413,18303.9853967729,17896.07641664673,77423.77900627327,53873.8447143848,79799.9550519344,50064.67387366562,17960.81659516957,19862.17083376032,29708.72788759855,134816.2959363018,93881.80155587208,54901.59602840427,40038.03932518338,32036.01350361712,135733.3822474694,62253.29594421641,43451.97394839301,30969.588039263,104174.0528135999,27159.94090830452,4691.37761982654,21885.38202520937,57344.69032978217,28385.68912802997,35802.42087925391,1937.188377627196,43815.13546703759,26685.99220280952,17334.04813800963,24460.21375214592,60587.56789741295
414,18941.64228978466,18413.32411027992,83896.36890635251,55193.26338935172,82159.98979643651,50884.57378587877,19504.73741571453,25383.17474307907,30176.3030066675,142195.5442551873,98264.59897029042,62354.44746077722,41831.53930579366,36206.50855693493,139549.2831632316,62255.37851496975,41908.2369072168,33025.7079728902,103049.6996608252,28824.56420214664,4856.849781394728,21341.92809547464,60070.19941009174,34108.7194674577,40930.36138393192,1937.215495543118,45438.48904194995,27944.83204920563,17817.91544857167,24446.33709706124,60553.23554183719
415,19854.50183543589,19247.27383710074,88121.77943098423,58873.46993374011,83667.62893414852,50341.00117622384,20175.0141410232,26073.8905395945,31713.91603923446,153999.7807750413,112627.0700036028,60771.17961138173,42485.12724752978,39733.76138592993,138251.3624536696,63672.69179648164,44291.0721073521,38869.08977541442,106303.3251468683,32163.9966163648,4807.015776948238,20989.28516249486,62347.93078228961,37991.86202078259,43391.62521381723,2113.995624234487,47694.31167720279,28714.99858848024,18501.02223735203,24487.36306267977,60870.31159233842
416,21005.89053678464,20334.24203297844,89488.96554328785,58156.15081666669,82508.03793773048,50931.73068576093,20564.15364016001,25081.40452854305,34667.35192264756,159540.5830239556,126982.4927382207,60059.35414987236,45790.42522592303,43098.31615831851,145978.2116595182,63676.17507278061,46586.30164306861,47764.18299151552,120620.6426660751,33003.32059312704,5150.109056956539,22889.08220203955,68552.23678776775,42549.95268250835,47768.54146174908,2406.623541129343,51234.9543027968,27883.63874437565,18444.09667309444,24310.02143282698,61666.30556075478
417,21850.95915323172,21686.01030711738,95287.70345709973,58201.71812324285,83156.39919880439,53174.45184129827,21701.18895511396,25430.91811981387,39828.08680664469,164155.4725327232,133343.3430559127,60915.97983914307,53074.11797601516,45278.64271648501,152198.9766269314,73567.37836099,51985.61359150469,53602.29947341105,149101.6691672373,41832.72057718922,6693.098378654253,27074.55675739187,77951.66245886729,44528.05922603923,49972.94110891588,2699.717449356021,54023.51904277068,29161.43479476343,17931.76657929802,24200.93518903292,61924.42699962472
418,22160.27005280575,22353.86022824471,96183.23118701173,55877.39903461156,83023.17691613163,55411.18979378769,22483.15288326774,25788.47605578905,42229.23383886201,169876.8248886734,131697.4048175052,57912.83562880436,57710.07361807131,47096.14020920973,158309.0392315681,78506.42673384774,56265.62768954469,55434.62158612446,156360.4579945751,45924.00262617948,7674.908746089873,29926.65146214345,83485.64493821841,45677.98166548047,51665.36152610704,2753.645155438725,55871.29635995571,29496.57973960943,17523.80002550174,24256.72418165525,62111.41374057785
419,22472.90057142255,22880.75410441869,100811.2251285139,55883.16901596027,83816.7197513888,56534.43644490458,23084.23583970713,27279.59168261251,43281.89531888046,171544.64751088,125214.9395513291,62021.7214888594,61082.9407175636,44536.1565817144,163569.4611875102,87740.03654612407,59175.48305088924,57707.69374791622,162866.0819237384,47116.24690296561,8133.969843633689,32728.40907658681,90189.32840178275,43900.79509296094,48325.70139217937,2824.838874434123,56050.64768068321,30179.55627028173,17277.12257375204,24255.69892449318,62521.6901798761
420,22477.5941572508,22515.21377120867,96470.57488098253,56724.29366651378,82458.64986424633,56527.54475149646,21327.82294207716,25172.27220121462,43604.61301817577,159201.3502332058,133522.0484320078,53700.41958225409,58684.72219011835,40705.45713134002,161036.9991640628,92046.87266109425,59297.86272327521,56853.06054292224,152555.6751133187,45183.66560327832,8133.978485133875,34418.28767965009,86262.61244060352,41153.75401219466,43380.23181615394,2718.267354810975,57351.3813708516,29071.30751213592,17277.12257375204,24335.78809083186,62624.4679151711
421,22008.66885032793,22191.14998096373,95603.90972103052,53857.92800334668,80837.79211636752,55972.94196276181,21306.87462608931,24409.14201814098,43924.6821464396,146675.0571498346,136745.547416257,55825.7100754343,58271.93840713795,41187.01978500243,162303.2634112804,93938.40069749829,62019.13423580776,54217.59754677353,146179.3931520963,43845.14572666638,8616.955810699088,35978.58240090575,86946.49295197458,40943.65130203468,43932.60595068674,2554.431575889046,57808.24289448241,29015.15775371151,17523.80002550174,24391.66864135368,62715.83646611528
422,21703.44264844252,22424.80892930889,98863.47862541457,53207.16853833496,80384.66626640104,55962.77092760948,21714.91148700705,24749.86612897735,44217.1517079296,159030.2951915597,134620.1168919549,58854.54527262892,59614.74132580718,42547.35977495065,167351.7001981492,92166.88270455922,62031.37458182718,53204.24339241256,157253.8821750781,45925.03602697857,8651.767548750719,36389.0244571678,87966.56339983673,42531.53779588944,44491.04636965242,2506.424924631936,59263.75217180667,28981.37871145003,17599.70078005636,24446.43754012222,62595.91707587656
423,21701.97225019422,22397.01679144079,103324.7909845199,54537.61318565804,80819.64917233348,56278.2700442844,21714.89554638023,25091.30630197006,44096.2407508129,167885.8823139545,133388.4952473715,62798.81166088022,59614.72304580935,43483.5631996973,169902.0929412746,90684.38303052755,62044.97694551439,52463.73109115865,158391.7576310825,45927.74756438342,8478.238544242582,35851.40183041836,89128.98235299045,43712.00187534338,46157.8449662177,2496.758808162076,59941.02372260886,29292.39404043952,17466.87445903299,24528.34135485042,62594.46197459411
424,22015.40851055248,22502.69201302362,105244.8080092133,56546.3029231853,82378.53114054202,56808.44254806992,22097.38504602381,26956.41068172605,44091.10496232532,170475.7333313755,126611.4714674866,66365.56967977452,59867.73393568093,45385.11891197504,169905.8276919776,88489.4811987524,61929.38708467678,53406.35406495519,158518.1372651796,46896.12374292398,8020.009543341915,35547.74900286757,89110.17562115478,46453.47246995872,48884.34847557513,2505.200162996042,61247.94437197904,30027.14914539587,17324.56054507227,24731.73276460556,62632.05184540119
425,22317.95410049758,22619.20310938979,105951.6160657037,61882.115460421,85195.7113740667,57097.4707648095,22678.748737391,29514.36296961464,43764.80109260287,173803.8976151783,116369.2478856065,67982.15706467818,61572.3793116815,48037.88644515015,168634.2451207061,85426.51812587405,60928.77147909033,58277.56950929617,158391.747978358,48010.05492980502,8019.222733609385,35313.21180061177,89128.9835481243,48337.69499777141,49441.38006176607,2607.740480407613,59080.86350277808,31433.56999805109,17371.99851639252,24746.18804075645,63111.54868358067
426,22472.90461013683,22424.60424327619,106411.8993827892,66763.37234855843,87474.2589969367,56807.7725777419,22583.24000888914,29854.17389765979,42000.20147341266,174732.8315124946,115494.4115696934,67531.42987934945,59129.60233949315,49387.65947065586,163572.2534362627,85429.13036432395,54962.05038303695,59597.30252137678,145095.0057964549,47988.94961438214,7790.33561579156,34059.75607425728,85879.73208480574,47536.32544342908,47262.44102020042,2740.026252344997,57904.26496546496,30395.74531793945,17571.23799682198,24812.69196557379,63085.00099616954
427,22472.91773180812,22058.74412664514,104595.640648991,66210.95348856517,88549.26283741822,55970.43284934586,21523.6631881875,28834.70392085691,41489.1972052954,164972.1920208855,120171.009532279,68575.7373258707,58632.48260328906,48065.87336225994,162303.7428690786,83498.41162462244,50682.07254948507,60207.58697030729,145200.8329717417,45511.05999284745,6861.382351220866,32482.21396020925,82433.40222421479,48276.0527444198,46140.78365561405,2825.358694486319,58102.83651751301,30173.72670138424,17514.31243035323,24665.12313232479,63253.45473910689
428,22456.71706665404,22049.48550491308,101332.5622447957,65479.56893286588,86929.48129852902,54806.69920716024,22099.95753599499,27758.35739094315,40429.14871113197,167565.2080601032,120171.0066064065,72989.99694922204,59891.77873645907,43925.37943893219,164836.2927703778,89191.27820901228,56323.18127710592,58732.6679855377,147324.3653922707,48059.65769725426,8133.109950748744,31357.14646528088,82449.21870311453,48276.59927097587,47246.63843741688,3017.399422316347,59201.44713208559,29351.83151024199,17514.31243035323,24731.25658351356,63252.31410497255
429,22316.88155135447,21985.33905895121,99342.53048036694,64539.34080498701,86643.0720380216,55960.46742349764,22056.98196241419,26128.12886203872,39708.72908668355,160941.3928982269,117590.1240625103,69512.96793424593,61281.87994334218,41956.48809001899,164726.0216303907,92046.87108831224,63640.22416050053,55563.87357362443,147324.4707366998,49260.37937991953,8587.123029119806,33701.92554661744,83581.51303923104,45260.5172694975,45213.07937735742,3027.350104251161,57896.74115847798,29042.96171854499,17201.22181919742,24610.00935511286,63129.54997547992
430,21535.63103113176,21270.07216792731,96998.13135875149,61985.83786580066,85263.42485767062,57661.37982693667,20455.95991872048,23518.75723721124,38897.51668390119,159473.9737015989,112762.9523289927,66646.8122769948,61814.53913377554,37895.07216208921,161047.5925216463,90598.9118945386,60154.06106824958,50242.4090556321,142879.7660970842,49260.37567959599,8935.555620452355,33934.37940311793,79091.42473024031,39889.98839747161,41192.56963702758,2837.794642937838,54921.98374233051,29046.86552932967,16973.51955553359,24554.61637816979,63294.68859661175
431,20308.68169726219,20207.49750923569,90294.05103333463,57764.65933599589,82551.97574076624,55797.53001851535,18863.21138938957,22078.77919957814,36738.95491666327,164822.7166733074,111030.3578682893,64260.68064525021,58406.31496969132,33873.1986250729,152229.6146699492,84675.48926547208,57034.27035837327,44489.17839296906,138427.9386012978,45511.53038135819,8833.437735233947,31699.79388415474,72384.7683544677,36361.3803948407,39083.47219121987,2540.01282110556,51752.20617741264,27379.30706194805,16614.69282121809,24501.82206215586,63649.94903996294
432,19742.46407875319,19050.38089295922,83197.13628659304,55843.16821873918,80608.72693137881,52238.31785382747,17479.32664112631,20037.24215709521,30770.61466285567,136183.275254461,99122.50541184346,56777.79510114629,49778.4048500153,30250.65120775827,144402.6795756376,75857.42046284124,49956.8489086972,37442.93676033271,124889.3212704755,38968.1162443981,8013.588718643591,28438.99456895719,67882.0656236672,28783.17993145286,35266.24462207559,2221.012849402838,45321.85531821994,26929.32945545765,17111.1989682004,24388.68600402653,63904.40354689785
433,19202.82203747781,18428.09975145095,80914.5499984461,55589.22990709713,80458.32685307278,50741.53105681324,16911.04169532047,19237.87274375353,30782.79295668859,135842.463249026,93379.54653626101,53797.51473707943,47006.93581876333,29119.40135795106,141292.8430784931,73964.25605381279,47644.76925322702,35062.09607271271,120807.2603785371,34033.39691096027,7060.071793748971,26309.38367684552,63500.83118858396,26801.7413369846,33918.47184716605,2117.507986123696,43904.52105477929,26601.93379801468,16810.02282798746,24371.21461659272,63528.96669600856
434,18816.70910478685,18125.84550041437,79545.3530244895,55077.16811180658,80488.76060954381,49980.26830460921,16804.63936139699,18598.27243718499,29825.12830184497,133405.5005739085,90658.60271496294,52705.03938057246,44693.66279753892,27804.91168035335,138023.4180638116,69559.24316818755,47320.31171150301,32863.31932015496,115932.3676535578,31610.26441146445,6374.204450627577,24514.49256634205,60311.16760875161,26415.11998773765,33647.21733844154,2061.33234509152,42225.6348334158,26602.67272039795,17222.74568602752,24312.84110711522,63176.93173001822
435,18585.94884201503,17897.3416995298,78202.98671742898,54494.99665300865,80242.67797454738,49706.32942649352,16406.80310812306,18279.71157493076,29191.49244349092,130793.6995670711,88258.34487745784,50887.07531034668,41464.30513354701,27338.69422275796,133375.3346591243,64494.99391224841,47027.33605541137,31803.19037071667,112691.6261563681,29162.79392982318,5091.926442041981,23293.71991630122,58199.68993372522,25616.53180672345,33112.72322364301,1966.83021885494,41729.00696107772,26661.99883260853,17278.51904494106,24325.38131804433,62925.24126259443
436,18585.95129205401,17790.72846295217,75852.32572407759,53854.58705131568,80043.68651276632,49706.32943966147,16513.35270423055,17965.18164866158,28657.63915809475,129231.2013092603,88713.15955185793,50596.27685038831,40506.51366243111,27338.94526876366,131321.0316464955,63770.96234844107,43897.15815046085,31227.07048461486,104814.2691671394,27116.6727115928,4763.073868249831,22113.26845361757,56603.39023313529,26018.90569025056,33107.24845573356,1910.867779223994,41719.0379092531,26537.47657226216,17033.11626624137,24309.54116433267,62832.14306818368
437,18734.6798358556,17834.99214953661,76820.95643029777,53854.63765170742,80608.1574220173,49992.8419188627,17671.21320806274,19761.75608029986,28885.1487371323,131159.6053736266,92674.92580004747,53513.791008809,40078.61699568015,31348.16685582039,134564.0729905645,62318.56430177525,42794.05513901381,30494.63912828007,103454.0161410838,26693.66111741284,4646.79735617566,20859.14197940579,56604.72762795784,28067.09894537019,35418.56117434485,1908.103541629145,42966.22674114824,26860.34904650515,17256.20970189559,24389.72374070512,62849.89014637343
438,19372.33656940846,18329.19050127524,83007.57304545042,55166.60532150222,82715.87243419122,50812.19614743452,19217.91498216687,24945.79519303424,29319.53583565179,138154.9115740184,96705.99416528945,60808.86059334518,41771.26030883031,35445.2507868852,138278.9482779968,62320.69344772778,41296.74510308864,32465.81510513084,102416.4966588344,28325.74443642742,4814.205945025599,20330.2819699948,59229.58107612842,33764.86828873556,40431.69713225826,1908.131026820622,44552.39180817449,27993.53963938914,17825.09796645338,24380.38675639547,62833.08608308846
439,20285.19588678074,19125.97816316469,87046.29562189669,58826.02904803526,84062.32449422934,50268.9853120359,19889.39902874494,25594.3543615716,30748.01061248022,149344.9739421455,109915.8455808774,59259.11158290208,42388.09402563841,38910.41516227081,137015.3899007124,63769.70392285999,43607.91790257004,38067.79077022897,105418.8450058656,31599.89778895118,4763.788761361204,19987.10891584947,61423.19367111602,37630.87096284765,42837.85808444826,2087.305403668183,46756.53705215688,28686.8331347917,18628.23433688832,24407.99130482093,62988.2798042709
440,21436.58430020158,20164.50940730009,88353.07643899751,58112.76076679793,83026.70950727812,50859.32166208488,20279.23945688065,24662.44299461024,33491.81453133249,154597.4883788503,123119.2143391098,58562.35594234296,45507.52005384072,42215.74537293107,144537.6714793441,63773.26510013175,45834.11972769567,46595.40327603037,118630.4376652241,32422.81470161851,5110.897068316015,21835.88877599859,67398.36877863582,42168.84257864342,47116.78374812657,2383.896570593808,50216.06905697252,27938.45425455695,18561.30630775186,24288.6660059446,63377.88118161231
441,22281.6527053222,21456.04083650691,93895.61333355108,58158.07074623194,83605.75215334978,53100.55017659571,21418.32283178946,24990.62463645294,38286.245545865,158972.2652937542,128969.5925490026,59400.84629302759,52381.6176071,44357.69274170482,150593.7422622385,73885.67804597579,51071.05046903784,52192.33114534389,144911.8776171551,41079.61800612819,6671.943122878477,25908.96653221854,76450.66475587276,44138.21791883565,49271.83120367759,2680.960040074664,52940.75211188016,29088.70896572547,17958.95402732598,24215.26672200417,63504.21941041217
442,22590.96352754682,22094.13035201848,94751.5746749511,55846.87752422633,83486.7731400959,55335.79947017393,22201.69525534033,25326.3596505208,40516.96153118198,164395.9358196229,127455.7444431881,56461.28065353884,56756.87236172612,46143.19774218893,156542.0415173029,78935.184688446,55222.34560024363,53948.95500339937,151610.0709804329,45090.92387349305,7665.243062717053,28684.47104118773,81780.2720200652,45283.06469302752,50926.36164169418,2735.618124123556,54746.19972197368,29390.40190930313,17479.30314014947,24252.80465499937,63595.74057101197
443,22903.59396798404,22597.54503777055,99175.09364576881,55852.61492140622,84195.47548041996,56458.2985455032,22803.86089928858,26726.46764863595,41494.9061381127,165976.9816695662,121493.5111496078,60483.17865271519,59940.06779179077,43628.27621610861,161663.1942822697,88375.29755255437,58044.68873214925,56128.12031651808,157613.266287918,46259.86221740034,8129.676293100916,31410.99021285875,88236.382103097,43513.72247923892,47661.46995870185,2807.776065917629,54921.44238263582,30005.20813897096,17189.28167275912,24252.11480503356,63796.55147182741
444,22908.28755263858,22248.29373633417,95026.22289132535,56688.98958301333,82982.60168888803,56451.41143885532,21044.28430140008,24747.76471814996,41794.71765356907,154275.9058623174,129133.9564289999,52338.0442711362,57676.71200821742,39865.00663726527,159197.778959664,92778.4529640471,58163.38790614664,55308.79435447101,148099.131063299,44365.05892254847,8129.685035727698,33055.48878950096,84454.68348203893,40778.8066170734,42826.71976264892,2699.76117895309,56192.3782851613,29007.57760566558,17189.28167275912,24306.00324464049,63846.85630932591
445,22439.36236297991,21938.67072018826,94197.84890794246,53838.81082532719,81535.03562412517,55897.1777655026,21023.29825271693,24031.21084821253,42092.06859095229,142401.3555168878,132098.7625909387,54418.3409435961,57287.14093623959,40338.09258627064,160430.5189765541,94712.28366648145,60802.81874022699,52782.2095668205,142215.2886577732,43052.70436709478,8618.314372246472,34573.88333192313,85113.30763830303,40569.63128339397,43366.72732192573,2533.706465615255,56638.77382119889,28957.03235304952,17479.30314014947,24343.60278287596,63891.57689102123
446,22134.13623742248,22161.91747133385,97313.40287527328,53191.72632129007,81130.35507499207,55887.01349967351,21432.07008109256,24351.13946015319,42363.77895157603,154113.7508105116,130143.9025007031,57383.0536745719,58554.43193469873,41674.48719706581,165345.2988604432,92901.14694594235,60814.69096486706,51810.71985338023,152434.4961095809,45091.93707342377,8653.533492413915,34973.30337079072,86095.70591823974,42150.50897385441,43912.66535340547,2485.049629085017,58060.9396426829,28926.62491636333,17568.5405149311,24380.45434006592,63832.88202465192
447,22132.66583954186,22135.3637932899,101577.6046233077,54514.65769770337,81518.83240695023,56202.30263619809,21432.05411175304,24671.74043065159,42251.45013488077,162508.5819407851,129011.1211786428,61243.81730622805,58554.41468266835,42594.21110482729,167828.1701885605,91385.49223143891,60827.88424527548,51100.80014737397,153484.4935690662,45094.59560582786,8477.97377593997,34450.11807046359,87215.1956383246,43325.76257971408,45542.14759318924,2475.252598118672,58722.69595466265,29206.59670631151,17412.37510841334,24435.56377590267,63832.16982143649
448,22446.10202151908,22236.32996668941,103412.7910648584,56512.00398685635,82911.04874370314,56732.12228415565,21815.23256222961,26423.01143367834,42246.67887959202,164963.6830699734,122777.9683343624,64735.06467311022,58793.19761856195,44462.29469039578,167831.8060620797,89141.50299658423,60715.77068314225,52004.48077941647,153601.1129178994,46044.04201413768,8014.382379756471,34154.61954069022,87197.08345691071,46055.13254340687,48207.61002779972,2483.808279706424,59999.67708276844,29868.01330779079,17245.05503167268,24572.4168136133,63850.5682842661
449,22748.64753580657,22347.64915185381,104088.3707838754,61817.68418811196,85427.03419011744,57020.95813842828,22397.64342221137,28824.84358716418,41943.5357365466,168118.6830434563,113357.7055280489,66317.42782221717,60401.98302596287,47068.36689383266,166593.8885232795,86010.03895441457,59745.24801743844,56674.45294636617,153484.4846618206,47136.19812859562,8013.586362433871,33926.38060412984,87215.196789321,47931.03826438258,48752.17076751187,2587.73736726832,57882.24066887263,31134.0543251827,17300.82839058624,24582.14312631538,64085.25929449731
450,22903.59800669731,22161.72190642127,104528.3177697217,66671.3757014293,87461.97415948183,56731.45275972575,22301.96266070439,29143.91475082471,40304.18565702361,168999.2845316895,112553.0767340644,65876.24283276021,58096.57452181295,48394.380545134,161665.9126064913,86012.70961370133,53957.97263284279,57939.66416616163,141214.6484185334,47115.50537884753,7782.020707905189,32706.58519744358,84085.94326047332,47133.20589086161,46622.0139044576,2721.814771375541,56732.59617574309,30199.81859382081,17535.07649906303,24626.89066084444,64072.26545787171
451,22903.61112836533,21812.1650715982,102792.3053491302,66122.07645453617,88422.04550504398,55894.67032202482,21240.47730046397,28186.66633716499,39829.45196759944,159746.4908859329,116854.3675128524,66898.44159240944,57627.41009113676,47095.86117134754,160430.9857407507,84038.8117360372,49806.71267549154,58524.73608978979,141312.3025726932,44686.05342258415,6842.196427763412,31171.40642398465,80766.88962625171,47869.66809498416,45525.46825192193,2808.302926230574,56926.61876209232,29999.96043994542,17468.1484673269,24527.59815323138,64154.71559301186
452,22887.41046726257,21803.31902809586,99673.39693942328,65394.82216484771,86975.44058792894,54731.711201707,21817.80968584201,27176.01273112229,38844.6446694983,162204.5923609074,116854.3648217876,71219.24838813867,58815.89027074666,43028.25027550387,162896.4866146503,89858.99519294487,55278.16829670055,57110.75005569189,143271.8348175664,47184.83126356994,8128.806337375027,30076.55150915098,80782.12198760311,47870.21220921596,46606.56511055919,3002.944586427403,58000.06191460658,29260.101512215,17468.1484673269,24572.09641252546,64154.15730658336
453,22747.57498693166,21742.03104507639,97771.28916362482,64459.90368187294,86719.65236302964,55884.71152865671,21774.75670345064,25645.28234307247,38175.35971908477,155925.4141479263,114480.6037296413,67815.83040216847,60127.81975938367,41094.01632857052,162789.134893026,92778.45135609098,62375.15531610545,54072.86723660787,143271.9320262567,48362.08129744037,8588.132474467862,32358.36385638623,81872.59962129414,44867.44295134439,44618.5334558969,3013.030036913702,56725.24472748295,28982.06110590029,17100.0442979775,24490.51454266869,64094.07007497576
454,21966.3246620764,21058.63753177854,95530.4707613715,61920.8208535793,85487.50818366808,57584.49189139174,20170.8508538703,23195.16914175179,37421.72637214929,154534.3447379873,110040.8230533639,65010.3531765071,60630.52509901139,37104.09145803167,159208.0918590728,91298.1095948792,58993.83657744098,48971.24702079402,139170.4914378929,48362.07766945063,8940.6425756928,32584.57539339075,77548.33452689718,39520.61916222785,40688.03505600296,2820.907302812963,53818.63438128964,28985.57526353541,16832.33217363262,24453.24307101892,64174.89761487942
455,20739.37563503025,20043.41281180714,89122.59147798993,57723.48011207853,83065.94976307348,55721.88256651617,18575.23342113931,21843.07763970292,35416.37718908612,159604.7927372146,108447.273076046,62674.73754678595,57413.96089303309,33153.0129336307,150623.5691658648,85242.21387294208,55967.87178208643,43455.69810458044,135062.4780907586,44686.51461596332,8837.329662519121,30409.9974688825,71089.36132412106,36007.58615179051,38626.1561721359,2519.092428266299,50721.47149489412,27484.46169954175,16410.45552748233,24417.720122783,64348.78078929584
456,19941.62745224098,19081.67910718409,82592.61346078667,56566.50985841236,80847.44692184422,51987.93624244589,17459.15324201477,19463.85509572223,31279.52415264388,165765.7224711479,126842.6924614363,61132.43553004322,47248.52908332655,29676.93723887229,143173.4172483295,63316.32826329683,48123.04483034297,39314.99100281177,145957.8995289397,36865.5524498839,7285.261574908312,24458.8082489323,64051.33245764775,29656.32131741798,37212.77100020427,2321.212320083619,44593.93237805332,27992.37220010574,17983.85616169717,24292.11131112747,64144.68730914654
457,19227.29813996363,18243.34210860392,80958.55320069056,55586.30758876198,80126.63922665374,50147.84409039763,16924.99522767182,18489.32860499928,30570.313839309,164669.6716718666,119170.4475532527,60459.73121355178,43730.04744845374,27818.23319477271,138571.0196864352,62651.73590380901,44374.94603181253,34489.58885156336,137834.5179843224,34071.80713331058,6431.526912468214,22554.01282076647,60529.44922627913,27657.77476701874,35334.8565395968,2138.663681963825,43140.60529778252,26690.70079236105,17796.96268243959,24350.60385758556,63621.10774349804
458,18943.5573736608,18000.13545832024,77790.40402650504,54127.69878011033,79985.7554150939,49740.60807076802,16268.10065805223,18125.80102439657,28903.24076567249,158611.01978379,113438.9618773582,59144.31733252644,42213.40183507828,27543.95210203018,135484.346778531,63275.80503587482,42573.41604157159,33801.85211958714,129147.3808186215,30535.65847087869,5777.124011927215,21257.27129328487,58191.11941922227,27023.05038286543,34409.79731674091,2046.536765466175,41843.63618330473,26602.87898640054,17503.2143443133,24330.11299470365,62882.82504080916
459,18841.75054906889,17794.78953775463,75733.06099525,54155.31396163053,79950.6288342144,49875.29170970174,16419.86790807503,17774.22093886507,27804.34138738709,154795.4539421426,108871.6827810825,58060.35236803943,40307.37305115719,27282.70100769729,132865.130083215,62224.32695115789,40837.26184930838,32160.65059031118,120057.104761956,28472.53037556754,5242.18449573944,20333.22022542821,55803.23650262814,26065.1139337656,33662.27991464861,1957.019958539149,41856.87925579163,26523.10307998042,17560.37800597973,24350.5985823685,62670.89487552163
460,18552.57755272768,17555.67687676817,74684.30524596089,53884.01367034189,80717.89884209032,49868.25636068601,16561.37652668345,18106.95959411282,27783.81033502318,153216.7733356971,105051.8284346862,58055.31932831956,39786.10947954797,28609.96715707332,129203.3738426367,61888.87764051788,40661.14158879021,31574.60289277106,115540.574450661,27444.93841874919,4862.214144319781,19677.66269190945,54631.4904734663,26074.40712042692,33138.40906095837,1871.003476925964,41210.72225045249,26217.35233868003,17525.09016339052,24370.10516031951,62668.52690225022
461,18827.46996052163,17672.74174982496,74610.46885067144,53884.14258196813,81707.87777017718,50583.79562014752,17013.56349323429,19439.3499246316,29223.73002293528,153079.7813395167,102475.5240743579,58057.01551222232,39617.33922794174,31450.12761773848,133467.7476179056,61525.35299007121,41522.22195305808,29713.78181058634,109975.9959289899,26586.63813100879,4649.965074523645,19002.77069998132,54601.05748372641,27024.3100271487,34229.8057368826,1855.884654917505,41874.25448774239,26996.05478332107,18026.09020289839,24399.37463654434,62520.73264027462
462,19413.02405837301,18028.56580308988,77023.20517124965,53978.87072831653,83207.15804047555,52294.43527398413,18879.21534594364,23580.61298051308,31517.32321021876,155188.6313058659,105049.4352975174,61082.66309190635,41349.80173987429,33937.29033424093,141712.1542221723,64020.12144362112,41449.22439476028,31545.70963039831,106531.6892334666,28620.10496082861,4919.40210984773,20860.46903466701,58659.00638625756,33009.67953657424,37178.70910702053,1871.727229938559,44540.05488357236,28234.13282293248,18345.55390947795,24409.11074935091,62642.76941884009
463,20111.28297780178,19114.57636842654,89400.25299142106,55030.24748091956,84417.57571736236,51555.86642875973,19855.65230362078,24803.9435988852,32472.84998461307,149447.7135782516,97612.10225996362,66661.6406169965,45793.67078562172,35669.71352997566,145914.4669595875,66562.52552201325,46213.70640062099,43221.4165046565,102508.0275333857,32950.66133472202,5314.768902309733,23089.90366606581,59351.4268431221,38250.46170600245,41945.65283926213,2065.456600544796,48872.06287313453,29188.30379705949,18623.0648560036,24354.51612525768,62587.69252227197
464,20948.73461555312,19598.27615602567,87261.49531514176,56567.44794968333,84131.47447616713,49954.00256616945,20259.76851596369,24023.54494274834,34154.91756226018,127706.7507778784,92238.52387577888,62519.6300098362,50541.8327556664,38463.81996687929,146225.0358223257,79537.77612598157,49411.14880409766,41652.5850297679,98678.63010943269,34908.92847057163,5701.233967094548,24992.05547369889,64823.30225108147,44340.33736975322,46713.47553639198,2320.542293544888,50101.21894306083,28973.99389840429,17791.77314766183,24273.69197558817,62945.26337500394
465,21574.95009606784,20377.91200794421,87876.22271161042,59248.98843286817,84815.24396156342,51192.53026897005,20303.09233095468,24103.4152574013,37238.03387489929,126604.1546778574,96135.5166736888,58018.68525934427,54194.00124898813,40878.25223760952,146225.0358002121,82637.41998236347,51052.826861876,42297.42598474031,102687.320935982,38424.34053221813,6693.830772747537,27028.46675673423,72169.75884138621,46214.57728802236,49563.2875453486,2592.953010125346,50936.9141362377,29517.25001437472,17122.80859775109,24188.21647406096,63033.21922053843
466,21956.03525571647,20923.66513998901,88568.7562105807,57646.91728623627,85291.88753016319,52439.01578435548,20426.70453831586,25164.28426577115,40517.73790010201,130466.226603707,102998.6716090787,56633.7099082502,56280.04671859963,42470.22444520313,144524.0093885266,81070.67111899749,52653.52296929578,42293.33327506884,113050.3230873071,40802.21983422597,7612.038479739847,29427.16249838964,77923.57899595234,44290.97079202229,50701.54071574371,2753.701151099033,51197.93450737231,28947.32581964121,16589.55410009468,24145.76497161033,63454.44152868657
467,22141.59394037803,21091.78678601435,92069.76272998402,56566.50958583627,86727.83403134806,52111.72021824384,20871.40188093468,26388.66279370321,41350.69137862557,131137.8663234554,102231.972029148,56817.60291713454,58341.1164252266,40456.78153339932,141965.0264357782,82418.398143812,53730.40288467636,46904.61320496769,122301.170283028,43147.63065805584,7547.680758079872,30802.46898779481,85930.1505650922,42330.18907108689,48959.88495059477,2799.431117325341,51578.59736395287,29188.41475569613,16605.19247436699,24155.42289149683,63333.66851542323
468,21961.0830590447,20644.51513798528,85626.9902121461,56566.91555854746,85557.20338356488,51261.91816508429,20063.19194932874,24812.48266441274,40795.06685800946,127313.6882439926,97618.00251236332,50524.32771881715,54164.91931809654,38742.51897971278,129971.6663222877,88694.1043927602,52455.7036950309,43768.91075436216,126807.6345080729,43184.89627208336,7260.316690478358,30838.83021119078,80635.37490238175,40138.4991496704,44169.45502345762,2751.625228172427,51021.2681860846,28844.67112654807,17174.32719240239,24194.62373762844,63360.21670659204
469,21774.9343353139,20031.19180221628,76115.76875550818,54358.05088345187,84769.9002741794,50865.96178405636,20181.68713188921,23753.70454107631,40746.21426886055,131336.8664319052,93713.16837001206,48989.16394375235,51413.17004109987,37621.02022706508,131689.6014055359,85940.63318272412,53748.4442504297,39314.92234468754,128915.3066645437,41183.79026453759,7332.366284858183,29200.49958267919,78078.94560247769,39634.37296873469,43601.96194650177,2533.34594025198,50705.25102580753,28677.28884693666,17466.41930788038,24155.64910198444,62826.76646241806
470,21499.87350036449,19862.13714962656,78807.17346849198,53419.66476678961,85040.46679191467,50472.50883431947,19508.64366326092,23909.53498050414,40139.65540375646,131686.6381170401,89158.01635656173,49848.95673595164,52021.35051301247,34356.43467167476,138565.2884387411,81435.76612033957,53802.69706641263,38420.56283794314,133566.0301093175,41576.39403950658,7548.1734794086,28906.54733734993,79377.60095727872,39843.51261424788,43570.57080011442,2507.489937343411,51334.04996508026,28536.32504379117,17574.62081103664,24155.6287076567,62561.30753448053
471,21318.87972495569,19822.40871990979,82061.71082339597,52911.39994467641,85418.75233985575,50597.63523125776,20062.12290905782,24456.46542209789,39305.3882150752,133148.9960980615,88311.57264912252,52486.90072128057,51972.54024607122,33922.77558114303,146290.179694596,81149.93270316438,55530.27748965834,37525.95281244884,131313.0952341361,43146.81469887529,7613.89846767069,27782.33964011143,80537.192329113,40454.31131131824,45305.62894138281,2453.307458126445,52626.7869932368,28128.27432471952,17502.51771945314,24214.18220939404,62732.10063174284
472,21775.37969925958,20334.17610423754,85704.76576756434,53885.13117894078,85723.62764192114,51829.58157554185,21017.38702255192,25956.01670297888,39423.87728084761,136853.7511464868,93768.30549477023,56632.32829788007,53493.21491369935,37528.14624858653,147923.6647639824,77876.099764794,56258.43820598358,39908.87743310971,133566.6438088734,43550.04867159198,7676.441019631882,29284.61526002454,81716.47547897464,43625.64680877623,48712.59791847418,2508.104641895437,53822.06360793291,29849.35947428786,17478.1791960314,24320.36093981082,62097.55268097658
473,22307.81409439401,20970.08401685609,91868.65736068723,57050.17938655556,87511.89378811503,53838.71175723238,21933.08001009718,29039.65426431264,41330.02366351632,142478.346248677,99155.08538282238,59806.92877442412,57298.14435899944,43542.62089585438,155562.0480646441,80675.25563551628,59107.72916441355,46494.88290351066,134598.3840683379,47451.30179655223,8144.240898152762,31127.37351716568,84070.27099754376,46533.90276019132,51264.39695332,2594.793617610597,55373.83248678364,30298.14254366388,17790.06875066376,24457.91879187158,62071.05437854099
474,22700.82149457137,21766.95507208742,101934.625882497,62046.53175566152,88640.13691629197,55333.50654972927,22795.52413490236,28323.25307816112,42896.75460263556,145873.9793744552,102996.920781852,62072.44425682129,60089.50567555342,46420.10987201613,164943.347936926,93032.29074322397,58370.07231917696,50160.53359905196,141453.0199740808,48640.04497182168,8336.54098929887,32160.48626480417,81860.8046800342,48781.77300534241,49886.50813283639,2680.511375736753,56485.17269120971,30609.64944260164,17198.57728043119,24438.90884529435,62364.98468245007
475,22874.91610259237,22134.90466326614,101534.4294812609,65847.4299448075,88332.0212632686,56036.67026544712,22406.31968436073,28292.25052824916,42776.80195907918,145253.3241025727,101516.7977661917,69094.08124708316,58850.53498400578,47276.42654261619,155741.0154666429,90330.62958837442,61322.65084470604,57200.46780219632,145960.5631016781,49823.32877779429,8870.113061697286,33078.91869653198,78214.8690877724,47214.32994165141,49267.07830129899,2708.153313550484,59393.73381786394,30582.35023669762,17892.10196490951,24494.95891704184,63135.24454812997
476,22874.91610365469,21796.70639552882,98471.2086205687,63638.38655674284,88423.14647114894,55090.70518270481,21950.86076206624,27267.07944071366,41828.28954214127,144634.0467887411,101351.4497391645,71217.71617026012,56794.47522589753,47809.1697021693,150322.6798467368,86979.18620245635,59593.27885639376,58390.28217663757,144832.6958675747,49821.63771406717,8859.292605555005,33207.73463371913,79361.43131760892,44934.95422930108,47293.59373602809,2940.958358190043,58040.83999240211,30149.24216459265,17481.40712883327,24420.0412811704,64361.05447601915
477,22690.79392281841,21791.86690628206,98509.62006401084,63150.81892163594,87260.78376070833,54345.86662889938,20995.44914534373,25688.35463909768,40744.25912185058,145778.3261197876,98656.74774609845,67777.23979392071,56089.77852518216,46255.64794060714,148776.6110696001,82678.02298156502,57745.77250455789,56046.38713628169,147084.4110205982,48915.66091330135,8599.80029767902,31815.08925347215,81002.50971215141,42373.86469208242,45301.48676056855,2969.676164305139,55609.39127081782,29380.44568048518,17263.07827963082,24379.91259546585,64496.26189928246
478,22035.65181545161,21323.78148908604,96288.14839526401,61843.20160069029,86280.52853631246,56830.64580444957,19847.89527827056,23227.58104022059,38612.86072522427,145799.6844695692,93002.76204009829,64007.66540264299,54164.43722450174,41381.0013393422,144451.0208660299,76389.0950067085,52828.83781309496,51009.78932326979,150503.9750048186,47038.05519402354,8337.050084359471,30095.33482382757,73880.57048433568,37302.48709270776,41901.18046233345,2892.391140420806,51839.5682491069,29661.5187885665,17105.83647268176,24388.72087727064,64104.40684137587
479,20955.01991512483,20248.9897103961,91532.08610310109,58802.21394342584,84344.3668361255,54781.55908156063,18294.088732399,21653.88023477108,35886.07354733174,134304.0694338364,82323.11724588167,59879.51170336385,50871.7538462033,34360.59329552983,138378.1090075278,70106.1478503301,50064.03559886473,44704.01154164274,153612.3714772492,41687.19617878766,7811.147496787988,26805.21619534314,67590.72242894552,33814.97491290601,39342.04707341118,2570.676483985993,49505.33312530343,29708.60938551911,17832.87523088085,24380.69182091406,64240.98065611959
480,19939.09458866762,18796.00130169181,81803.62233517559,56218.36867394727,80444.27780737774,51701.71005416548,17348.60960702661,19294.354369791,31840.42420309747,165405.4257093023,125472.9433746969,61001.81146432349,46708.96458593308,29637.79111563216,139457.9443603561,62403.51339273519,47634.28277574135,39393.89744354455,145493.1091894852,36909.69947788816,7270.855534202738,23098.84363472881,61526.53076125527,30066.45472923264,37251.23351643881,2306.462076047538,44067.80495287661,27713.6400693395,17878.9411326164,23996.82064282033,64959.58530844926
481,19224.76527839343,17958.053519237,80221.92577697344,55276.54314205849,79691.9673713255,49778.82006551474,16861.69947766007,18279.43049239077,31088.47589810656,164252.0803746762,117754.763951044,60334.89268993228,43112.49868272989,27811.64455952695,134994.9383010628,61764.52845103511,44015.20620518532,34630.99147211777,136702.1709161658,34104.29832694511,6425.339099341616,21331.73563142062,58061.0628960355,28055.17403700528,35289.18844564148,2130.704035374917,42617.29540588347,26330.69033552058,17686.70116766339,24175.00481669088,64459.75277262509
482,18941.02451288627,17714.95978291303,77155.30041005733,53875.04157492187,79544.9262639477,49353.25982153884,16262.90921095018,17900.83347613775,29320.94270175135,157876.7208623094,111988.963283828,59030.79192553381,41562.23785951413,27542.16783755687,132001.7505753671,62364.5515663735,42275.69096578156,33952.16196012537,127301.1491648063,30553.39643598111,5777.235617345503,20128.72858008533,55760.18967784755,27416.40537861278,34322.6865487377,2042.004133235896,41322.84069693059,26237.38480353,17384.54953320976,24112.58408626293,63754.95499278248
483,18839.21768857981,17509.70919864257,75163.88523948954,53901.57557084167,79508.26448362152,49494.00376235315,16401.25219066394,17534.67921863816,28155.8221312796,153861.7016083591,107394.3394201719,57956.14951894265,39613.96350618108,27285.49287754414,129461.8613492425,61353.58799890246,40599.30106844062,32332.21644696625,117463.8596982622,28481.66072736322,5247.445540296655,19271.47219794075,53410.55711772759,26452.36524451107,33541.68035017209,1955.817247621126,41336.05809536375,26152.62756918308,17443.34848306609,24174.98874694781,63552.63695196653
484,18550.04469304953,17270.70755089254,74148.73702277217,53640.89718939328,80309.06785745663,49486.65184675804,16530.24394580566,17881.21100546977,28134.05384938292,152200.4976627917,103551.6152148667,57951.15976549653,39081.14655375083,28589.51032745088,125911.0076757867,61031.06389048827,40429.24346251746,31753.75894422058,112576.1735840379,27449.78153592214,4871.132862576584,18663.30139545963,52257.58072881966,26461.71764458277,32994.3400704211,1873.000479281476,40691.15378041333,25827.7852904171,17407.0511566448,24234.41107829959,63550.37637847842
485,18824.93710007263,17387.71807404423,74077.26672565311,53641.02105389022,81342.31359559309,50234.387919092,16942.43361341172,19268.83337729219,29660.74508368985,152056.3446000145,100959.8862566652,57952.84136149915,38908.63564752325,31379.92188355336,130046.2275784943,60681.54621359042,41260.68253048158,29917.03828005759,106554.3135947747,26587.9003183332,4660.92694650929,18037.19371866142,52227.63523061376,27417.67304897327,34134.63134204227,1858.444059902758,41353.39964233413,26655.11109025651,17922.38336844293,24323.57384785825,63409.28534744859
486,19410.49119628196,17743.37692827876,76412.68655520305,53732.04041752747,82907.11957843507,52022.00049104387,18643.06294137009,23581.76565570729,32092.55335986486,154275.4317734465,103549.2077497408,60952.46709023974,40679.4967743765,33823.5188852559,138040.9381907983,63080.18870787895,41190.19779484793,31725.23989283881,102826.9634280462,28629.85101116803,4927.770324843777,19760.60902427059,56220.58178692558,33441.17954560661,37215.64564967229,1873.697309522085,44014.03190951035,27970.49659011488,18250.98601418837,24353.23269026121,63525.78712959628
487,20108.75011375267,18828.88328966756,88393.11005361022,54742.25381928681,84170.43829212242,51250.19858056325,19533.13110961737,24855.80742507942,33105.66149558919,148234.4155340928,96067.34663812879,66483.46304518613,45221.86054371548,35525.59655741179,142115.9766806091,65524.63137806171,45790.67022770007,43249.72888856852,98472.64848618915,32978.47497609182,5319.331234259716,21828.88980746771,56901.91069105059,38715.35441405531,42196.14856863245,2060.220172410539,48337.64153036727,28984.24743908908,18536.43575190042,24186.92264597563,63473.20825394274
488,20946.2017491556,19312.35850915452,86322.88918231847,56219.2700372042,83871.8330594719,49576.2563374382,19901.50202598945,24043.05863113252,34889.09278544776,125356.9740573586,90661.59609020739,62377.07548393156,50075.26164119466,38270.76078263669,142417.1394327591,77999.93241388847,48878.04585735581,41701.21612927943,94328.56191422629,34944.91223297988,5702.076105882116,23593.54528336424,62286.13473910361,44844.03294702241,47177.56983012769,2305.81697371832,49564.41466242816,28756.55570710778,17681.36317519965,23940.71034697841,63814.56142695365
489,21572.41722791428,20091.63239822759,86917.91754875694,58795.82323449224,84585.4865389644,50870.51353957399,19940.99371907554,24126.23983780925,38158.00193945771,124196.741275475,94581.92058283016,57914.84076503375,53808.37746274694,40642.90130180097,142417.1394113151,80980.14384813914,50463.21180805877,42337.70542878045,98666.6757181223,38474.9910076188,6685.117968059207,25482.75533871591,69514.91194846017,46730.21496237933,50155.05348136064,2568.094327839074,50398.4897116962,29333.73355437916,16993.26147073939,23680.32876764835,63898.52802190587
490,21953.50238649426,20637.13215254981,87588.2587096739,57256.47614612205,85082.96170928705,52173.08662857106,20053.67205443956,25231.08541936932,41635.34545273285,128260.6976546765,101486.1659292172,56541.77678867756,55940.65842440683,42206.98815766216,140767.6315015192,79473.76340782215,52008.80654564001,42333.66572582458,109881.2803428357,40862.79110202342,7594.486816524593,27708.06225614275,75176.56440482354,44794.35182019966,51344.30041946167,2722.862824554787,50659.00404837247,28728.22243328198,16444.75209337787,23551.00996804462,64300.64572901428
491,22139.06107063547,20805.17574445639,90977.07495911745,56218.36841204304,86581.66593464695,51831.06388438121,20459.03457790527,26506.218537662,42518.49385671874,128967.4464092317,100714.8760404346,56724.0882397828,58047.41005571866,40228.81317548739,138286.1517357766,80769.56114320751,53048.61661483676,46885.22267913537,119892.3362346253,43217.98725593672,7530.748615690392,28983.95523052358,83054.88252630591,42821.07658365244,49524.61843675256,2766.891689117918,51038.92892223702,28984.36532615038,16460.83783662569,23580.43061358818,64185.35039390362
492,21958.55018980831,20358.11175198601,84740.76203627302,56218.75849016925,85359.87313336851,50943.02365306101,19722.31324866035,24864.70046346994,41929.38663614827,124943.3647246791,96073.28221594356,50484.93787419749,53778.65095463786,38544.57803939217,126656.0311001821,86803.45806417361,51817.79687935874,43790.13226833039,124769.1290598426,43255.40834649326,7246.150774422967,29017.68809649066,77844.92134722945,40615.42186852272,44519.5771408358,2720.86412355145,50482.68022620001,28619.15782631303,17046.25386442556,23699.84703167809,64210.69448787526
493,21772.40146659954,19745.07316487147,75534.32907315948,54096.3749659665,84538.16111575415,50529.2505927426,19830.32717547711,23762.0324411302,41877.59012259753,129176.8489723439,92145.0694319478,48962.9771579412,50965.91140505642,37442.72371711575,128321.9355734269,84156.08089304007,53066.036935807,39393.82967464582,127050.0038071585,41245.95348909277,7317.506804409037,27497.78358448991,75329.44226785036,40108.08354610049,43926.66036123304,2510.704571776887,50167.27572144799,28441.32394469179,17346.70189645749,23581.11971213649,63701.43895963241
494,21497.34063242145,19576.09699956906,78139.48732540474,53194.7284070806,84820.55268329244,50118.09360953816,19216.81642850798,23924.3225741401,41234.4791836893,129544.9044871969,87562.64525720298,49815.37536789276,51587.57169981209,34235.32139396919,134989.3806340332,79824.79092840235,53118.42218650736,38511.05346206143,132082.9106704807,41640.19525323237,7531.236593981035,27225.07956723385,76607.29508249633,40318.55576698317,43893.86289077949,2485.810382164513,50794.85562203336,28291.55814905528,17457.99873387124,23581.05758547834,63448.01996123471
495,21316.34685752021,19536.38701463703,81289.73255105471,52706.36309591086,85215.37111742224,50248.85026524198,19721.3387682208,24493.92511417854,40349.9379035597,131083.7052034318,86711.13380465939,52430.63191743293,51537.67959321693,33809.25837591525,142480.3103111456,79549.97096274645,54786.53345293685,37628.02997532005,129644.8359213447,43217.16789247838,7596.328899824426,26182.13480277503,77748.3115137299,40933.24629095906,45706.65167590938,2433.643428282829,52085.08644931776,27858.02812760196,17383.83297991302,23759.42744567533,63611.06671192321
496,21772.84683054395,20047.91679986235,84816.04526255393,53641.97094545684,85533.57092712008,51536.22997029744,20592.10689411469,26055.63781756868,40475.56728386094,134982.1211836353,92200.53666831483,56540.40706074183,53092.05877137824,37351.47654062801,144064.3224840176,76402.2821285373,55489.62841646482,39980.09215572694,132083.5748021461,43622.08420480216,7658.269404161225,27575.81899156971,78908.7042897995,44124.78859120643,49266.25294001563,2486.40222042071,53278.04580750384,29686.58042990623,17358.79820123487,24082.87667993781,63005.29877875214
497,22305.28122418533,20683.52947844703,90782.41404102252,56683.10164254603,87399.99284963429,53635.76412024119,21426.80407931772,29267.10248275615,42496.58067659115,140900.7341936569,97619.56775885829,59687.70462832843,56981.3213664949,43260.60026516957,151471.3642477077,79093.5836840373,58240.8371504485,46480.79899830715,133200.1005845724,47539.61381709616,8121.566143671535,29285.37415754989,81224.79548165007,47051.57508110232,51932.37262917616,2569.866466862332,54826.80630612505,30163.38619105552,17679.61002029836,24501.91523635304,62980.00231080271
498,22698.2886232606,21480.03056901612,100525.8171178352,61483.83754495829,88577.54559413895,55197.81955229122,22212.96242404804,28521.00406824958,44157.72498300677,144473.8693314492,101484.4046196085,61933.73571783434,59834.55092409918,46087.68648189646,160568.5353657998,90974.48969380539,57528.57294686008,50098.97403112621,140618.0312582085,48733.31656884411,8312.015114109987,30243.80873675798,79050.72155028948,49313.76808421333,50492.7543584578,2652.395623881931,55935.99197971551,30494.34405062403,17071.19767782816,24444.00577897266,63260.60136163929
499,22872.38323079338,21847.80933162059,100138.4450692653,65135.92351689151,88255.96381466136,55932.62322385257,21858.1842792394,28488.7163588179,44030.54382770567,143820.7701660586,99995.4199559727,68894.98365539676,58568.11946029529,46929.00371253135,151644.9113150341,88376.9262838748,60379.51374080571,57047.73054998611,145495.9916471664,49921.53717416384,8840.450910668049,31095.85262378407,75463.18845972352,47736.33774137859,49845.57405649683,2679.009313694003,58838.91434282116,30465.34024112664,17784.56211177081,24614.74951188338,63995.92597544361
500,22872.38323185574,21509.76807976067,97173.3855725702,63013.36827666406,88351.07162959347,54944.09295639094,21443.01207022868,27421.04849646119,43024.8727442925,143169.1209895642,99829.08197338536,71000.35441859669,56466.48881891433,47452.41522024011,146390.6792810303,85154.61741139175,58709.67258103401,58222.13504753651,144275.4394447314,49919.83905511977,8829.734614489047,31215.35714914734,76591.384456565,45442.43852763924,47783.67733819158,2903.154280898302,57488.64334289262,30005.18824772137,17362.11847592377,24386.53005719358,65166.13910997716
501,22688.26105153574,21504.93083735169,97210.56611564549,62544.88981922276,87137.90811403019,54165.73922194382,20572.10948821111,25776.88026475373,41875.51715573217,144373.215935562,97118.2465237018,67589.46759658633,55746.17309206698,45926.10530354465,144891.4358480911,81019.18237259297,56925.76364178621,55908.59695595584,146712.194238361,49010.08241248006,8572.74023358609,29923.37861916196,78206.17519975019,42865.03049266284,45702.32392530121,2930.803817959722,55061.90841752037,29188.3869515329,17137.54386537215,24264.28718790938,65295.21418025465
502,22033.11894600613,21037.0627389579,95060.28183396687,61288.46814286224,86114.81105190347,56762.32493932476,19526.06021651953,23214.09935920468,39615.67775200564,144395.6907634551,91430.40982663125,63852.3131419823,53778.15817583261,41136.84413451207,140696.8535615911,74972.57317223013,52178.08646000964,50937.23062267246,150412.7684071155,47124.64310109,8312.519308515559,28327.93599502893,71198.31891643659,37761.3395896018,42149.68382821433,2856.393707256337,51299.39386887011,29487.0106884391,16975.8038219147,24291.11960522826,64921.13176734313
503,20952.48704870967,19962.76995565094,90456.62825899597,58366.54079536525,84094.02983292627,54621.03634085189,18109.69253889232,21575.16338512991,36724.5706178671,132299.1583957844,80686.82490604022,59759.66331333097,50412.49516292277,34239.40717441132,134807.8702528795,68931.71434334245,49508.45808210645,44713.12210089229,153776.6041900412,41751.45967208331,7791.679168726948,25275.64236062719,65009.22493429479,34251.60602360507,39475.90120574932,2546.646462614925,48969.68407541272,29537.04169329449,17723.64107097701,24266.66092013944,65051.51125621031
504,19706.52562662002,18244.71642823395,79167.49359981428,54786.25619462042,79407.10094523951,51457.20892537173,16838.48443226366,19704.25957724938,30905.68268535618,131224.6531073335,89672.80083815893,55316.08485499972,48489.0844377881,30032.76965240884,134346.3712004827,71839.80004876856,48119.25114426256,36964.33798062919,119491.3999732767,39144.73633290255,7948.496195468029,23999.9130254554,61446.79455158118,29029.7667525696,34842.8282601963,2139.877135497773,44245.77112164172,25884.23472208349,17027.61829076848,23857.77068864084,65074.66719990373
505,19166.88360681644,17674.67107577974,77122.05412760764,54548.11997075437,79234.8216960763,49969.92786662364,16296.79802127969,18863.28877680772,30919.1132219544,130884.5879209448,83917.74266728367,52250.04592485388,45517.02777229431,28975.0624144733,131544.5781468712,70136.8742162607,46058.77324773305,34692.50000931829,114956.7542883411,34093.79803162762,6986.468158456784,22231.55566858111,57557.7142632739,27051.5205755179,33405.92321413948,2040.372632394193,42879.53481743233,25567.52867121228,16737.99126578266,23834.65009938321,64461.28690872939
506,18780.77068948854,17397.78878002943,75895.10838176672,54067.92278613862,79269.68274650324,49213.49971376851,16195.37584071921,18190.40190773288,29862.97593604545,128452.9653456825,81191.06634755008,51126.13422390757,43036.32947680185,27746.02777953065,128599.0045439347,66174.50824334925,45769.6233512305,32594.39048738714,109541.3742033677,31613.59765471153,6294.478749012248,20741.13837601186,54726.35293384492,26665.52213567241,33116.72982812668,1986.368124100155,41261.1760678912,25568.24346746748,17134.88755854101,23757.40208795489,63886.14009127863
507,18550.01043589842,17188.46614268152,74692.2057599118,53521.97872616481,78987.80169918726,48941.3005565546,15816.16028383043,17855.2622603458,29164.18596576515,125846.8875607561,78785.7516344892,49255.85762841567,39573.24406530987,27310.11914322487,124411.3349324235,61619.15064256749,45508.52946453429,31582.79772759286,105941.3263757505,29108.48610496314,5000.755099965727,19727.4497699069,52852.06240526911,25868.22060912468,32546.88800839326,1895.518411193015,40782.45270222338,25625.63255704338,17188.52219242727,23773.99705313408,63474.93386091394
508,18550.01288593728,17090.80227989137,72585.76412984286,52921.42056978177,78759.86232567311,48941.30056963889,15917.72283397932,17524.36332996054,28575.43879099979,124287.8131948274,79241.52451478444,48956.69134533407,38546.131550689,27310.35386871666,122560.5199728328,60967.87490144405,42718.97921262302,31033.05450450391,97190.59388411863,27014.17610840841,4668.967181186702,18747.24252350248,51435.07872366498,26269.94620337489,32541.05117759989,1841.718864277776,40772.84305623324,25505.17600111999,16952.52980382771,23753.0351410288,63322.83212273817
509,18698.74142382113,17131.35036521304,73453.76000398902,52921.46802140949,79406.44858756596,49225.99347597732,17021.38976263878,19414.43644585805,28826.34222374918,126211.9915603884,83211.63743247936,51958.15795123514,38087.26546695537,31058.93575081822,125482.3233276816,59661.42410353339,41735.91646765907,30334.15626433504,95679.52737180742,26581.20204877963,4551.652782521382,17705.85802207174,51436.2658858494,28314.83948854422,35005.21796462432,1839.06146172082,41975.06803892947,25817.50655263416,17167.06833937276,23859.1439672997,63351.82690031995
510,19336.39813200231,17584.06450807831,78997.6248251152,54151.79449203567,81820.77950971264,50040.14417999938,18495.69827469863,24868.26723972367,29305.3955217318,133191.9689935368,87251.19847328347,59463.14560742625,39902.41540528201,34889.66804135097,128829.2233286677,59663.33929781154,40401.54451988624,32215.08532255872,94526.97640116629,28251.7230226928,4720.555663954693,17266.71043325037,53766.26350552295,34003.42880577213,40349.88769575034,1839.087884636941,43504.0484318674,26913.69799377814,17714.14160851265,23846.7879606605,63324.37279930081
511,20249.25741305287,18313.96788013302,82616.74871894257,57583.49938968416,83363.10417171007,49500.383147896,19135.75356018237,25550.57921463222,30880.75435549315,144357.5106535539,100488.880471767,57868.80204993299,40563.89303280314,38129.56189955255,127690.8261532671,60966.74293138357,42461.21424498637,37560.58411905833,97862.20003867424,31602.98688494549,4669.688455449023,16981.75105535328,55713.46254948065,37863.20272553192,42915.17531558575,2011.337349756545,45628.72948259499,27584.35516357243,18486.48033847481,23883.31816916311,63577.92481387204
512,21400.64578066115,19265.32229152167,83787.76296655314,56914.6164078332,82176.83502621682,50086.97041167316,19507.34753593664,24570.16861205741,33906.6920981743,149598.5152908393,113720.0661551991,57151.9970323548,43909.09040469849,41220.0124204329,134467.9915424028,60969.94625632538,44445.15958312914,45697.77448044809,112538.5836669059,32445.28454608984,5019.895058448693,18516.91575564934,61017.43248630005,42393.86293654214,47477.07921533925,2296.465562623743,48963.53789192486,26860.4111700396,18422.1187793113,23725.41020485203,64214.44679009667
513,22245.7141521574,20448.43943851319,88754.46402804306,56957.10683527636,82840.11282116432,52313.96541497445,20593.11619780207,24915.42973091479,39194.11430129698,153963.7057866289,119582.7699719906,58014.61522383341,51280.7071256652,43222.7116787932,139924.1809810672,70066.19228352708,49112.20468802514,51038.4565858543,141733.8900150505,41305.96666859053,6594.875042910786,21899.06272062405,69052.86322405898,44360.06529516769,49774.64644701224,2582.047824021452,51589.99024201648,27973.10957879485,17842.86472933966,23628.27798211242,64420.85534957657
514,22555.02496207488,21032.96617169605,89521.4961982941,54789.73467723366,82703.82555788345,54535.0191699584,21339.82293305678,25268.63732030282,41654.2054349215,159375.4914598957,118065.7324832016,54990.46259810785,55972.6249894725,44892.14090585916,145283.2741517031,74608.2887131211,52811.75363720738,52714.656426857,149174.723073577,45411.74393262129,7597.041198893693,24203.74844309736,73783.78343905916,45503.06753640692,51538.59596394789,2634.593427402534,53330.34756906636,28264.95212027036,17381.60687741781,23677.95343769088,64570.38056534677
515,22867.65539007288,21494.12300713318,93485.43848426611,54795.11504733382,83515.62504925647,55650.38951964989,21913.80425861459,26741.61079693045,42732.70797514706,160953.0727747434,112090.9379258571,59128.09205982827,59386.20713266504,42540.71455965595,149897.1534526056,83099.79213533562,55326.96786261472,54794.05238554071,155843.5025008208,46608.21227339662,8065.619970055368,26467.75838676474,79514.6638187995,43736.57601852928,48057.78716482702,2703.962536405968,53499.27235358522,28859.68466672456,17102.70678020925,23677.04053150245,64898.46090301581
516,22872.34897454064,21174.18870743731,89767.61013740796,55579.44373867816,82126.31070521877,55643.54615138443,20236.58451313984,24659.93071321198,43063.34784852744,149277.6374559033,119747.4801346556,50748.57870722825,56959.03888106301,39022.09533285674,147675.9487264131,87060.487286279,55432.75012828162,54012.2378604705,145274.5194835861,44668.78393134295,8065.628790719018,27833.29477049867,76157.77210679583,41006.06654728371,42903.30038303333,2600.12231755355,54724.38827376208,27894.62719192677,17102.70678020925,23748.35326969262,64980.64781620562
517,22403.42380354003,20890.55619860213,89025.29916666434,52906.62606768616,80468.16266726251,55092.83228475877,20216.58071491184,23906.0854052689,43391.27413293398,137429.1077324668,122718.5325654631,52888.73661348341,56541.27224246838,39464.42593958687,148786.5802401285,88799.99297483265,57784.95667106833,51601.32843332227,138738.3258104952,43325.52174334423,8558.619642967618,29094.11859971359,76742.41149587273,40797.22822883158,43479.02026792692,2440.485453978093,55154.69028726954,27845.73226316888,17381.60687741781,23798.11024996177,65053.71129773867
518,22098.19769012721,21095.06307572296,91817.16604839437,52299.80837516368,80004.61197007608,55082.7325697734,20606.22000811914,24242.66398380518,43690.92332784906,149115.8377333679,120759.5539659364,55938.75994667967,57900.28459895471,40713.94146687468,153214.5288320736,87170.85210735131,57795.53695380021,50674.3167138032,150090.5535703312,45412.78099470962,8594.153129742059,29425.78358453817,77614.45471619772,42375.5588701498,44061.06282500425,2393.709155858878,56525.58396142688,27816.31764214056,17467.42229213582,23846.87739684816,64957.81694389789
519,22096.72729230508,21070.73837784953,95638.34320089676,53540.41630224616,80449.60231729211,55396.01937970353,20606.20478622338,24579.94991229136,43567.04421108952,157492.2733268689,119624.3860943614,59910.61834546317,57900.26609829273,41573.87407531441,155451.4604670703,85807.50111988216,57807.29453429706,49996.89946657901,151256.9659720302,45415.50213896068,8417.02636354823,28991.34808354171,78608.18957970582,43548.91895274279,45798.30763094896,2384.290770410001,57163.48253009027,28087.14823483183,17317.2453157543,23919.80592842746,64956.65336228712
520,22410.16346181104,21163.22920564798,97282.86494620779,55413.47161231816,82044.34872879743,55922.47426862402,20971.4485976897,26422.36188430935,43561.78234767465,159941.9946095301,113378.1012116139,63502.3275251401,58156.33117000249,43320.51344933168,155454.7361907874,83789.00382631399,57707.38123064848,50859.20662744356,151386.5150995338,46387.30922761207,7949.296940816678,28745.97602942341,78592.11198131235,46273.89146085335,48640.04512087845,2392.515783400991,58394.42573241793,28726.96930476049,17156.34141409551,24100.9090540695,64986.71235745736
521,22712.70896406055,21265.20398828104,97888.25604623994,60388.98964265438,84926.34246507767,56209.47579482932,21526.59976048224,28949.19200181365,43227.46826944421,163090.0810528743,103937.9917471753,65130.22370406525,59881.55390909797,45757.16476259169,154339.4400122458,80972.2114835313,56842.47136647817,55315.37211092551,151256.9560772237,47505.1870189806,7948.493818226723,28556.45408243923,78608.1906014081,48146.77479490662,49220.61930173715,2492.428114940094,56353.32747130865,29951.67354791006,17209.97604798177,24113.78027461956,65370.14525662705
522,22867.65942878596,21094.88392700368,98282.4952192348,64940.64536296804,87257.31153080604,55921.80899618517,21435.39732993495,29284.86850809844,41419.55071199325,163968.7528850121,103131.6677571098,64676.34346870873,57409.28933237652,46996.97419710503,149899.6025144546,80974.61377604613,51684.97042014343,56522.65780030668,137626.7429450841,47484.00692844273,7714.861203797702,27543.57694639286,75830.45332291292,47350.22785812429,46949.58875237715,2621.323560530186,55245.13014343552,29047.94100798187,17435.24151130407,24172.99648569941,65348.91621831068
523,22867.67255045347,20774.66974113503,96726.84391800768,64425.52794101711,88357.04746458723,55090.34076546034,20423.59471340545,28277.80224909354,40896.00215275375,154736.2348234951,107442.0205174304,65727.95634017514,56906.16869213834,45782.87163568812,148787.0007692096,79199.06714598264,47985.45281717786,57080.94320720431,137735.2241756442,44997.33826344916,6766.648032374224,26268.8160554625,72884.2366216739,48085.50350275739,45780.52523462957,2704.469034091042,55432.15779678769,28854.60830728987,17370.87994964057,24041.59871928968,65483.62139650474
524,22851.47188999532,20766.5662559902,93931.97110003805,63743.52927284868,86700.00039544018,53934.76732293845,20973.90509922219,27214.5514443249,39809.93125967092,157188.9498773049,107442.0178206961,70173.09579922467,58180.66622387556,41979.69633681603,151008.2825724513,84434.39732197576,52861.50167763582,55731.69410378023,139912.0129776571,47554.96552664335,8064.742249086388,25359.68530743357,72897.75789681994,48086.04674033332,46933.11828322884,2891.587987418949,56466.90100684014,28138.9060862116,17370.87994964057,24100.48505443138,65482.70928068207
525,22711.6364152283,20710.42293498764,92227.48073960225,62866.78895068696,86407.00185563351,55080.44521802905,20932.86720848471,25604.15762863309,39071.82655103999,150923.5311851439,105063.2556764736,66671.74332032444,59587.54782254896,40171.2070398842,150911.5645269153,87060.48583990175,59186.19073012744,52832.89555053152,139912.1209640343,48759.94130833807,8528.16834093495,27254.42564060255,73865.73966836547,45088.11542843869,44813.61211016739,2901.283645259764,55238.04373075184,27869.94381666202,17016.89136549124,23992.52448684774,65384.54011180055
526,21930.38612145814,20084.39513152795,90219.46972428284,60485.70831380614,84995.61380004084,56769.4306784638,19404.03205346687,23026.53378451609,38240.70025481804,149535.5100162101,100614.1212474353,63785.53754746314,60126.63692604329,36440.66739375094,147685.240086249,85728.89930991766,56172.82892589396,47964.84428537964,135355.9469239133,48759.93759490452,8883.824954733955,27442.26410309048,70027.2292235996,39749.90623552263,40623.17801811136,2716.586264035865,52436.22296087935,27873.34323556528,16759.44512133717,23943.20165027815,65516.59433035565
527,20703.43714323102,19154.39083810903,84477.33007881757,56549.55993195302,82221.78368503103,54918.65034404282,17883.09737656128,21604.07571472952,36029.14944442925,154594.8471769734,99017.21397083014,61382.7137954018,56677.27091092023,32746.44869076241,139951.0533942848,80281.54290775862,53476.15125661324,42701.81533697772,130792.4713924653,44997.81031852372,8779.58986832543,25636.56763283642,64293.807344945,36242.53328833362,38424.94087625675,2426.436234659542,49450.71948114873,26421.24166380132,16353.74605816066,23896.19270502441,65800.6807536816
528,19706.54786595036,17925.58314857013,77813.33744921343,54327.99227236687,79670.34832663355,51181.32455208412,16184.26906565337,19664.20625630955,30435.80048354157,128561.0923713572,87088.87050138603,54347.62787125148,47786.92574732577,29309.40544992937,130935.6110359597,69711.29722022494,46661.65291678701,36133.88331188557,118128.1225559476,38259.78413644331,7868.812752447363,22682.33398309673,58731.86821836413,28516.80654589485,34727.56597651451,2111.13133434652,44094.48936317427,25657.8465774852,16952.96253420716,23465.86933625293,64781.78471920342
529,19166.90584613349,17346.34855351162,75582.55376554318,54095.30442047716,79510.4159000545,49619.75955618981,15681.8266848339,18839.06504160423,30448.23704936524,128231.7285810733,82045.24618019782,51521.46500306108,44855.66653761631,28274.59510971261,128127.5815547922,67968.06862188345,44631.69648884238,33995.04647363885,113843.4769353411,33563.10269134285,6904.148884986841,20906.90113940725,54772.63059494704,26582.44338134089,33386.8392505408,2013.308496028914,42756.33352545139,25352.85294153546,16641.81129350934,23451.38759609554,64109.27372774669
530,18780.79292879605,17065.00286098501,74244.43030221834,53626.09377474788,79542.77854625223,48825.55074242205,15587.75232587751,18178.84391595272,29470.26265653131,125876.6259125733,79655.63853525466,50485.48418588725,42409.02081595251,27072.16621151803,125175.4514874649,63911.9262173121,44346.82971495794,32019.76742959982,108726.6527825564,31256.8557337325,6210.263515460265,19410.52044364816,51890.19272533891,26205.00746245787,33117.00283882648,1960.21668491992,41171.2371540871,25353.54130321414,17068.20373366982,23403.00277265035,63478.68196925291
531,18550.03267520027,16852.30590177151,72932.52859193052,53092.64049114036,79281.09920806802,48539.75628997678,15236.01013079292,17850.01259910365,28823.18892282138,123352.5579062804,77547.66613485408,48761.53142864892,38993.47321744815,26645.69398171704,120978.4606671202,59248.75798428278,44089.60336252346,31067.39675560188,105325.0795990516,28927.44479425613,4912.995233559062,18392.77590374723,49982.09080204811,25425.39230541254,32585.30301677446,1870.902367479781,40702.35306394177,25408.80803097464,17125.82433340116,23413.39714326815,63027.83489500741
532,18550.03512523912,16753.06767840636,70635.21513787245,52505.82263926157,79069.49567893674,48539.75630371461,15330.21468985915,17525.34217627874,28278.01390773951,121842.5455232144,77947.09688181474,48485.77085941854,37980.45988804383,26645.92362594872,119123.5260337371,58582.06864546373,41341.37418982562,30549.83737330114,97056.78473051883,26980.02308478401,4580.298259466293,17408.6466879393,48539.54534449032,25818.20650659266,32579.85687051651,1818.012053822608,40692.94092649491,25292.80619626388,16872.29369512045,23400.26750539741,62861.0703409214
533,18698.76366312664,16794.26940679619,71581.86306358669,52505.86900523283,79669.74272180162,48838.66851973629,16353.92329325586,19379.8384630873,28510.34841157429,123706.1725718793,81426.42888420599,51252.41331405544,37527.89266428116,30313.35744281408,122051.8329434903,57244.69836792784,40372.87336699539,29891.85501666482,95629.02499706765,26577.41645790143,4462.662434759057,16363.09543690854,48540.75392256971,27817.73836069705,34879.08622995584,1815.399562401959,41870.45639281252,25593.58614745981,17102.77609404578,23466.72949878944,62892.86025477931
534,19336.4203713235,17254.28139021271,77628.07628841512,53708.0465611097,81911.04458966613,49693.48290287222,17721.42128442051,24731.0118494688,28953.94780388858,130466.4994606462,84966.62391045784,58170.23723064404,39318.12601867778,34061.16330314172,125406.1827093215,57246.6588886817,39058.26721799828,31662.66808109128,94540.01544439472,28130.77236800011,4632.02808790039,15922.1907468076,50912.78369681198,33380.13891587977,39866.01391156388,1815.425538760526,43368.01141478788,26649.23826528897,17690.50621506547,23458.99022901832,62862.75954081512
535,20249.27965239652,17995.95094742206,81575.14127920725,57061.23671416398,83342.83470347313,49126.76289462447,18315.10592367586,25400.48067227255,30412.71705623775,141280.6764740829,96567.87847667384,56700.62948462904,39970.52353525269,37230.92100681004,124265.2516096164,58580.90988532042,41087.42744580364,36695.22317046652,97691.36449017872,31246.9891698377,4581.021509925344,15636.09119986419,52895.10937373309,37154.29229501908,42259.59564555605,1984.763920955641,45449.02356661734,27295.0932091041,18520.24285334527,23481.87117645159,63140.75431690858
536,21400.66802003318,18962.64137804376,82852.26510145208,56407.65725579477,82241.58249848547,49742.64792372772,18659.7787049941,24438.52432956284,33214.71038242277,146356.7537125748,108163.439795034,56039.90476111232,43269.80134462615,40254.47047327437,131057.50208897,58584.189022639,43041.98497764461,44356.0346915996,111558.6227520408,32030.21073390817,4932.187633014051,17177.39834504204,58294.76064615988,41584.4498380755,46516.15142598659,2265.073356178505,48715.29114191404,26597.92209347754,18451.09813527914,23382.96443655613,63838.63788355418
537,22245.73639155021,20164.83060490791,88269.01579986642,56449.17553523626,82857.32483400877,52080.87271502174,19666.88573301771,24777.28660151671,38110.81961722326,150584.5775079828,113301.4027278735,56835.03475056314,50540.22779868962,42213.81595808049,136525.8362968999,67895.71387561363,47639.89802788772,49384.05507538443,139144.3593625983,40269.432603868,6511.482855743978,20573.07783282085,66475.14709715407,43507.03634965546,48659.93246473978,2545.829166335197,51287.76160983202,27669.47071867187,17828.79565388349,23322.12500054739,64064.94451090803
538,22555.04720147532,20758.78002338558,89105.5513578706,54331.39116999769,82730.80493776941,54412.85951562152,20359.49515099039,25123.84576765865,40388.84366279245,155826.0615319113,111971.8997154919,54047.48115020499,55167.73965240466,43847.10593140047,141896.858113116,72545.30708827463,51284.64625961438,50962.1244683047,146174.9710118808,44087.24362104497,7516.394815349599,22886.98497956069,71291.41107733679,44624.68361626151,50305.81314914123,2597.486728591429,52992.34910303533,27950.52034688255,17333.25849565689,23353.23956392942,64228.88416229932
539,22867.677629481,21227.37079722995,93428.67990540818,54336.64844140579,83484.42479147526,55583.93830082616,20891.89274840349,26569.09347791788,41387.52809617015,157353.9984749928,106735.7025739881,57861.39708978136,58534.46351453882,41546.58248782576,146521.0073102822,81237.77702791999,53762.60309337756,52919.78550482998,152476.0932059812,45199.79545212774,7986.257430791691,25160.05359705528,77125.67407339496,42897.3778024967,47057.99006034885,2665.683472684663,53157.80195027962,28523.25850979973,17033.63137597965,23352.66775885726,64588.59189392668
540,22872.37121394892,20902.27909403153,89373.96651615774,55103.03230103664,82194.67912911429,55576.75313278106,19336.18401178777,24526.59683950288,41693.69788463438,146045.9734734834,113445.751604583,50137.46727996072,56140.61302924174,38104.13317048502,144294.8584707676,85292.20906755245,53866.81842639068,52183.74106503589,142489.789987299,43396.39248719229,7986.266275622799,26531.05371505156,73708.22547922193,40227.43863976076,42248.51555401771,2563.598193899933,54357.73787309255,27593.89076539005,17033.63137597965,23397.33498307348,64678.70173812837
541,22403.44604293673,20614.0743736645,88564.39222943586,52491.36662389134,80655.36641080525,54998.53323828444,19317.62944626184,23786.94115494243,41997.35491214933,134570.3011165354,116049.525859269,52110.18678696144,55728.58107806544,38536.88835001103,145407.9621060296,87072.88324923348,56184.18217944301,49913.97448767506,136313.9439471377,42147.34246559802,8480.607858047215,27796.92230648334,74303.41151133449,40023.23293713016,42785.69999669855,2406.65925537957,54779.19582263229,27546.80406761351,17333.25849565689,23428.50061000645,64758.80863936409
542,22098.21992951642,20821.87794165392,91609.23964309394,51898.43244920175,80225.03723185,54987.92908159397,19679.04020010424,24117.18431795279,42274.82758863764,145889.2653715836,114332.7140016128,54921.5870619683,57068.93825641614,39759.35477694278,149845.7667366209,85405.18586822768,56194.60573845196,49041.23319175871,147040.3107538966,44088.20794687457,8516.238701907734,28129.91433712142,75191.18601615439,41566.55180687918,43328.78390754507,2360.673494883396,56121.91330665688,27518.47725733366,17425.45145576419,23459.04624798982,64653.6699384562
543,22096.74953169425,20797.16112489191,95776.66662396665,53110.65622979099,80638.13623466197,55316.863356111,19679.02608100251,24448.12151647137,42160.11655095898,154002.1057521042,113337.8743117758,58582.70128135572,57068.92000971291,40600.67184766634,152087.6774909968,84009.56875703875,56206.18915613714,48403.47425757256,148142.4175415037,44090.73823866417,8338.62663164192,27693.74058867885,76202.84742904204,42713.883493327,44949.74734370313,2351.414283810111,56746.70104718324,27779.29200010259,17264.11377490499,23504.72553551238,64652.39418598429
544,22410.18570120793,20891.14292292925,97570.20406505415,54940.8574881111,82118.59116239786,55869.61263078256,20017.80875395042,26255.85378467862,42155.24410895071,156374.7375859135,107863.7481750277,61893.40781451082,57321.47007325933,42309.50054812101,152090.9605060497,81943.30013825741,56107.75584932021,49215.29902009154,148264.8244814012,44994.38584812597,7869.615691733091,27447.38676086702,76186.47979769098,45378.40851819873,47601.27495257691,2359.500290883987,57952.34448311378,28395.45122389387,17091.25197571099,23618.16072429645,64685.35090946402
545,22712.73120346485,20994.76155900854,98230.45170696256,59802.53952758353,84794.03962103545,56170.94877330538,20532.74039390335,28735.12140183777,41845.67203717991,159423.7579638351,99590.61447666258,63393.94314330664,59023.01066011542,44693.40403675158,150973.1818230233,79059.84339939452,55255.65773105247,53410.58539779697,148142.4081922089,46033.85922266413,7868.810368692735,27257.10650559642,76202.84846917541,47209.74608120059,48142.9887720277,2457.724065178006,55953.19723087471,29574.86348663325,17148.87257544231,23626.22270184542,65105.7472653431
546,22867.68166819412,20821.69590502226,98660.41422921311,64250.05689771271,86957.95396808194,55868.91413055815,20448.14538577406,29064.47947229441,40171.55532988048,160274.7791698627,98883.96735576396,62975.57289524554,56584.68288746872,45906.37448520663,146523.4618234248,79062.3025464305,50174.55386879986,54547.19247072413,135263.6438824501,46014.16463676716,7634.537631590192,26240.17668257838,73375.00200530795,46430.86877501704,46023.96819973223,2584.441127628037,54867.77685441903,28704.5527599497,17390.87909538823,23663.31318307872,65082.47171865332
547,22867.69478986159,20496.31980383118,96963.80008471625,63746.72496257566,87978.87458005421,54995.91727723241,19509.64572017418,28076.36921233345,39686.75369360385,151332.7960903923,102661.4791322518,63944.9112881237,56088.46859000409,44718.55441593093,145408.3835711536,77244.73445031571,46529.83651896424,55072.79394829747,135366.1444220137,43701.90305637124,6683.726480634424,24960.31526496927,70375.63682239928,47149.83395704083,44933.15520070608,2666.181410361953,55050.96049942814,28518.36988415735,17321.73437463631,23581.01128803608,65230.16266054553
548,22851.49412940307,20488.08568892048,93915.67435673568,63080.32989461235,86440.5839268754,53782.62741018729,20020.08728716345,27033.13196780317,38681.06102806817,153708.3274853805,102661.4767688848,68042.27872843097,57345.47107957002,40997.70900258993,147634.609659281,82603.9680178235,51333.65739174814,53802.53448313425,137422.9244342898,46080.14642305331,7985.377304982549,24047.54693622396,70389.40201553136,47150.36514409359,46008.60017090033,2850.137980633965,56064.43647192988,27829.13574397123,17321.73437463631,23617.89514920589,65229.16261550813
549,22711.6586546326,20431.03732659959,92056.7343408126,62223.64871055347,86168.58385906104,54985.52748547589,19982.02250446289,25453.05058027347,37997.58217176591,147640.0731307396,100576.7745384818,64814.85970676719,58733.04039847363,39228.36928596927,147537.6763319335,85292.20758694407,57564.66002394345,51073.441470939,137423.026467258,47200.609010025,8450.073123447059,25949.86843515308,71374.84576175775,44218.93630229273,44030.96178770455,2859.669778087975,54860.8360898734,27570.12023006621,16941.43841587237,23550.27330490214,65121.52980427354
550,21930.40836084322,19794.91783247305,89866.77063351597,59897.04535060604,84858.34645280334,56758.87123787282,18563.94820983118,22923.9453263562,37227.96609461311,146295.731129581,96677.63712783085,62154.46048449464,59264.72941968859,35578.58713269377,144304.1705119641,83929.10669557023,54595.93457703169,46490.38250816791,133118.0393736517,47200.60555703995,8806.704189648775,26138.45847003082,67467.09024010174,38999.14346394677,40121.01172101895,2678.093854409998,52116.60157648318,27573.39393174813,16664.85953555052,23519.37960686244,65266.31423038631
551,20703.45938258587,18849.92168789967,83604.31622969963,56050.95298874984,82283.30979942596,54815.65158324075,17153.20202044974,21528.26217189398,35180.08833301127,151195.8577238035,95278.13774140798,59939.62518018266,55862.71289124248,31964.33965875537,136552.7685246205,78352.82892449538,51939.20228299886,41535.46920107785,128806.1533280633,43702.34200299418,8702.183512795817,24325.53711306598,61630.23989758237,35569.57382185771,38069.91217606276,2392.847473329303,49192.45961243586,26174.99394247627,16229.01012935821,23489.93523056858,65577.78697406463
552,19706.55117723258,17454.06727239279,77138.52874327489,53897.97814084545,80323.43039170215,51060.89929735754,15728.82427940436,19619.10008274528,29787.39061851435,125727.4005199266,84014.84735658967,53174.31141516626,46954.55403207445,28215.73628740947,126441.983736106,68291.20855966126,46053.42360263372,35367.39512233658,113902.6100456548,37271.05731252704,7788.865219395997,21657.44484040741,55245.80554340822,27813.91064998665,34148.01221670963,2082.899628509565,43410.6317997573,25177.59219141338,16878.06097550572,22908.81931054894,64784.47865853082
553,19166.90915741371,16884.54737885088,74932.56226250819,53671.11333177148,80173.43641170765,49578.23774955706,15239.51208680473,18809.20434097895,29799.46330596178,125407.0222594917,79504.97524569054,50657.55716395792,44152.39816388802,27208.326531364,123646.3247574079,66593.31237904419,43984.2913557974,33248.84419605751,110051.2388911678,32796.80926204512,6829.994509393166,19826.06174126383,51125.66121885198,25914.52292823389,32875.8785443722,1987.762993440999,42070.99676470565,24869.93176167243,16572.65101319215,22880.33593358135,64124.16763792129
554,18780.79624007488,16607.92030888099,73609.32526340778,53213.6447415791,80203.78799337352,48824.15907067167,15147.89614713562,18161.18159195131,28850.10322186304,123116.1702644085,77368.25288343058,49734.99563888129,41813.51163907153,26037.73656341056,120707.2000137547,62642.64939467576,43693.92698157614,31292.29979137126,105451.8412537436,30599.78545392998,6140.276173938082,18282.52472388891,48126.07868328744,25543.91147159965,32619.84726020783,1936.129077011313,40484.14822797151,24870.6261422264,16991.17577558147,22785.17035605256,63505.01539665154
555,18550.03598647824,16398.79062187444,72312.01830346377,52693.54119361696,79958.3698111066,48552.80536696453,14805.34593386354,17838.42582781146,28221.96205706947,120660.9625550886,75483.36112034372,48199.78141627005,38548.39720820967,25622.55682632561,116528.6986308096,58100.74620425788,43431.7364570745,30348.96192778114,102394.2439635917,28380.69470303485,4850.798460000954,17232.70740399132,46140.42991509449,24778.392625853,32115.34978573787,1849.267319871201,40014.74583339995,24926.37610946826,17047.73317561936,22805.61449974177,63062.34710495715
556,18550.0384365171,16301.21678410926,70040.26218808447,52121.40853242922,79759.91565022008,48552.80538000821,14897.08867115889,17519.75408019153,27692.7381817215,119192.1455363597,75840.52126377194,47954.21114403355,37580.00067877996,25622.78038984296,114681.9357326653,57451.39402915243,40630.46962954792,29836.31136502184,94962.06049424972,26525.50228921643,4520.09945226893,16217.56474759057,44639.25821357348,25164.10430829378,32110.18227031132,1797.829367797802,40005.32329177732,24809.35998155227,16798.88061597992,22779.79050201391,62898.60781398808
557,18698.76697440516,16341.72749283853,70976.37876832463,52121.45373808626,80322.86242008446,48836.61402712084,15894.04497984879,19339.98632534021,27918.27486828085,121004.9300912018,78951.64559875154,50417.9612830124,37147.3661653891,29193.10478956556,117597.3422693627,56148.80188004522,39643.27785734091,29184.56967710991,93678.67952418636,26141.96298886224,4403.170073483618,15139.06442738303,44640.51590926851,27127.48239702782,34291.78052736505,1795.288615073998,41184.14038357329,25112.76988305477,17025.11021613144,22910.51111923452,62929.82102943183
558,19336.42368260437,16794.02433086993,76955.3285908349,53293.54664913498,82424.88634807106,49648.23597030906,17225.80652301522,24592.29036960196,28348.89509666257,127580.8252942797,82117.19199937567,56578.42108777002,38858.75111654891,32841.67307374749,120936.9147715147,56150.71141772901,38303.30132516802,30938.58737066287,92699.7934389627,27621.75243886079,4571.51862426456,14684.26524945067,47108.9469410963,32589.30854817931,39023.57150488743,1795.313878124916,42683.35080271967,26177.65237877268,17601.99570020857,22895.28915447416,62900.2663702347
559,20249.28296368072,17523.25488938393,80858.48295350677,56562.82279605691,83767.70282550734,49110.1514417705,17803.97656526556,25249.38995349285,29764.98258345022,138099.9756131877,92490.71926623082,55269.70615699871,39482.41466817386,35927.4992496889,119801.0099334929,57450.26540240584,40371.62200612028,35923.41092311589,95532.46990449837,30590.38616747908,4520.818359345861,14389.14967985469,49171.83597783443,36295.22102609917,41294.69496525694,1960.002248929413,44766.663305173,26829.15452879528,18416.42226286306,22940.29249274942,63173.21806419707
560,21400.67133132158,18473.73235711884,82121.39892527205,55925.59924599418,82734.88412365271,49694.91675920416,18139.64210781229,24305.20690719579,32484.99308605941,143037.5699798916,102859.1557852248,54681.31764779229,42636.38025528056,38870.98861389852,126563.3378098635,57453.45926621358,42363.90024507933,43511.56306914402,107997.435082645,31336.51459818062,4869.875602115236,15979.02894017198,54790.93355689592,40645.27638121766,45333.48067122234,2232.614421134945,48036.54141231968,26125.88751022712,18348.55338439933,22745.7580012822,63858.44137803493
561,22245.73970284173,19655.75892518276,87477.88891703634,55966.07852526077,83312.36328489472,51914.99469209859,19120.43068552142,24637.71014014184,37237.84828243884,147150.0525081962,107453.3829246855,55389.39671985748,49586.59062391302,40778.45289034147,132007.5817999816,66522.83920790766,47050.5477166415,48491.89492566344,132793.6305360605,39185.52944410181,6439.68658250328,19481.71846522528,63303.77769875638,42533.10038501301,47367.58351461568,2505.660710872889,50611.85548883475,27206.80550869294,17737.73345977223,22626.09609798199,64080.64259404034
562,22555.05051276798,20239.74685074254,88305.11811654821,53901.29198063474,83193.7055292953,54129.14983025692,19794.9403325194,24977.8662103106,39449.22019087264,152248.5411193363,106264.577380286,52907.02478965637,54010.28998596137,42368.49522914251,137354.9420987215,71051.52039447769,50765.635387514,50054.99703533365,139113.2885199604,42822.53010092346,7438.563680216082,21868.54512363085,68315.77864210674,43630.53934287887,48929.25913330395,2555.899762748961,52318.3272328821,27490.31256983068,17251.33981891919,22687.29370464808,64241.60822866009
563,22867.68094077477,20700.47859900354,92580.15237366741,53906.41768816341,83900.4942880111,55241.05582765882,20313.42493029572,26396.41123687862,40418.68436560644,153734.7936896536,101582.5118750433,56303.39279898718,57228.73105579013,40128.88699273569,141958.720053546,79517.94385993335,53291.4139315389,51994.09053143724,144777.2249123992,43882.39181806736,7905.604599721843,24213.2462842912,74387.15092575137,41934.46514414709,45847.59824521568,2622.223832539262,52483.96297168713,28068.058622739,16957.24133766772,22686.169051171,64594.79052963261
564,22872.37452524269,20380.83920975364,88570.54718815444,54653.62269513117,82690.8954016805,55234.23371496869,18798.37110120139,24391.65217195281,40715.8960086256,142735.2682839709,107582.4557762413,49425.07966151814,54940.31447266537,36777.5897625064,139742.3782975757,83466.94095716576,53397.64050033803,51265.0271443551,135800.7625484126,42164.39746515822,7905.613391436514,25627.45153229401,70830.81438599291,39312.80145841569,41284.18174338601,2522.941803100667,53685.22530354869,27130.56470178535,16957.24133766772,22774.02267729738,64683.26569799064
565,22403.44935422884,20097.46814893995,87769.97931899161,52107.31428066532,81247.23793950082,54685.23037152963,18780.30141702104,23665.66251270068,41010.6684109412,131572.6691899037,109910.6801138381,51181.82562317775,54546.42991068444,37198.88608405491,140850.5782623595,85201.30895392552,55759.72670232882,49016.78828904953,130249.4340606522,40974.50206999524,8396.986272822704,26933.21218233768,71450.1892721476,39112.28802257495,41793.8832392623,2370.312388754871,54107.14913266362,27083.06628881718,17251.33981891919,22835.32071818992,64761.9193860118
566,22098.22324080737,20301.7865148121,90780.9531676652,51529.21835841595,80843.65007655197,54675.16202636746,19132.26752327044,23989.80403745176,41280.02258362323,142582.8354101585,108375.5535018148,53685.43349150362,55827.75287261842,38388.9830100975,145268.832573586,83576.97981182163,55770.35142401006,48152.32455446135,139891.12286528,42823.44875657711,8432.403140503748,27276.69798594198,72374.04366923796,40627.70196638142,42309.18238002555,2325.589391651977,55451.35085646034,27054.49179546173,17341.83165950707,22895.39933525803,64658.68799829629
567,22096.7528429852,20277.48423906568,94902.01801951227,52711.10608613756,81231.07847296225,54987.47576410003,19132.25377313928,24314.62677457319,41168.66784757328,150474.3455426418,107485.9948260896,56945.72852952542,55827.73542956659,39208.02297523445,147500.8668068251,82217.65552988544,55782.15838830313,47520.61447887176,140881.7817591079,42825.85921452264,8255.857695333116,26826.77883860444,73426.81984110217,41754.28861668062,43847.21554429089,2316.584437389234,56076.82923729236,27317.58704200087,17183.47093781926,22985.2435357461,64657.43538915309
568,22410.18901250005,20369.88981026206,96675.60257009006,54495.50632733546,82619.5356580587,55512.29547847939,19462.1831318939,26088.95902241461,41163.93796713001,152782.2484815576,102591.179664708,59893.97855276501,56069.16226764125,40871.60386280843,147504.1353588724,80205.11993971928,55681.82543214014,48324.73944616968,140991.8105921023,43686.71034999295,7789.66333673921,26572.66151827458,73409.78701563626,44370.63605819704,46363.08808493191,2324.448403691779,57283.80539135606,27939.13381949394,17013.79873770561,23208.35327314028,64689.79424721382
569,22712.73451475808,20471.77059413144,97328.5050355855,59235.52416112556,85128.7276409796,55798.40557486078,19963.6582052612,28522.41919874758,40863.42358736248,155748.0870877613,95193.56783639318,61230.23511120373,57695.76080407325,43192.38433685566,146391.2809417953,77396.6470931014,54813.28280250269,52480.23540666546,140881.7733552381,44676.95458390989,7788.862849956678,26376.38484983177,73426.82092350733,46168.86099614579,46877.08722968194,2419.974965083582,55282.44828194487,29128.8585901968,17070.35613774349,23224.20995494348,65102.56422471224
570,22867.68497948788,20301.60753122933,97753.68427596339,63571.74184861356,87158.17302753049,55511.63227238386,19881.27389515739,28845.69198409072,39238.28944307538,156575.8911804497,94561.70314151513,60857.66808322454,55364.82587547607,44373.23672697815,141961.1637535683,77399.0422903601,49634.11949328972,53606.06226924138,129305.3430596977,44658.19272756844,7555.997005866147,25327.40792146761,70484.04843369553,45404.0666600946,44866.47808005434,2543.212392402228,54195.82808191398,28250.93806786913,17307.89721895709,23297.16128174507,65079.71091794819
571,22867.6981011554,19981.68851380135,96075.9447618404,63081.00585858067,88115.6520649192,54682.74659091688,18967.2997825841,27875.83824551117,38767.6724969066,147877.8585844226,97939.45174539261,61720.88320383702,54890.4666646247,43216.86876300487,140850.9978707597,75628.73980029057,45919.06330029314,54126.67865159216,129397.4784791349,42455.43914736062,6610.895821766,24007.21348111665,67362.78656182863,46110.03214999201,43831.47227357526,2622.708096908463,54379.21421810585,28063.12725208507,17240.02833785713,23135.28599078074,65224.72260967447
572,22851.49744069676,19973.59249832269,93061.72906970112,62431.28741116892,86672.9531551731,53530.76237192283,19464.40212082662,26851.87605947629,37791.40514213083,150188.581980213,97939.44963213387,65369.67041289085,56092.10618213814,39594.54704427191,143067.4165350314,80848.60724278372,50815.59237799708,52868.4670300165,131246.2715677183,44721.04963666666,7904.729759388354,23065.6805492239,67377.11118382767,46110.55373259056,44851.89629647704,2801.613242122225,55393.81048684598,27367.86660803431,17240.02833785713,23207.83092739071,65223.74070637816
573,22711.66196592583,19917.50092935752,91223.46954014638,61596.04478169569,86417.85558926401,54672.88177916224,19427.33207459834,25300.98856943426,37127.9240231431,144285.8785520627,96075.36542409183,62495.58957536153,57418.56188984291,37872.0574024415,142970.9102380883,83466.93951506038,57166.84617779021,50165.25824592456,131246.3632828483,45788.44745872377,8366.634910412009,25027.95102014552,68402.60418131026,43232.12839274883,42975.43606768337,2810.883297576815,54188.87964504791,27106.58632240005,16866.74949707986,23074.82906010032,65118.06045380198
574,21930.4116721336,19292.05018856004,89057.86891837591,59327.66496401776,85189.03834746996,56356.62123261058,18046.31592455998,22818.61156641663,36380.82595075665,142978.2121829403,92588.86247600625,60126.45114815783,57926.83338828723,34318.91727061781,139751.6493154748,82139.28587315658,54140.82775214922,45625.66755011,127376.7076378135,45788.44416927097,8721.124277322906,25222.48420328989,64336.03423383435,38106.71522891115,39265.52334600141,2634.293426691002,51441.61165510198,27109.88864857212,16595.2739753163,23014.06586191938,65260.21835663092
575,20703.46269387177,18362.90315858924,82865.08357425037,55577.82154818215,82774.01842603512,54511.58944179289,16672.43637641769,21448.71533107022,34392.86653359383,147744.6560983914,91337.4680718801,58154.09625290632,54674.65406983065,30800.37090081109,132034.395380376,76708.01843148225,51432.82358756678,40717.7493823207,123500.8506806949,42455.85730560592,8617.231285157877,23352.4311933871,58261.96945182219,34739.15602986995,37319.3603092649,2356.879876560764,48514.23734482099,25699.26137331973,16167.46674426994,22956.15325884556,65566.04069690939
576,19706.55142248311,17135.01152645312,76178.80423068264,53337.95247086939,80215.84049726321,51065.95710878308,15341.72180114849,19378.90383361389,29397.73185775352,122884.0954347885,77356.26754917575,52773.2477165303,45621.50231285911,27150.92301395702,123058.1115266568,66986.75434879914,45406.45735237173,34397.86998281218,108919.9701391265,36481.82683057312,7788.997836076734,21128.14542906656,53405.8132498382,27615.14651255058,34019.92635566822,2030.783976031197,43119.72535783171,24279.92463148926,16799.96802285797,22520.49834297031,64554.53244677917
577,19166.90940266408,16588.65429573934,74061.53762781498,53092.09122213494,80065.77768617941,49573.02450567335,14904.07978340942,18570.68218741666,29409.67813272287,122569.3520831182,72893.8679246865,50069.65404042942,42894.05515134108,26155.43012879463,120332.1136391472,65285.99560018057,43360.77149871209,32255.0758236157,105294.3860409721,32046.29222125481,6850.310607967308,19300.6275864694,49378.68371231453,25767.58459291,32757.43682814694,1938.261598105291,41796.62347236183,23966.64177344502,16527.85894288452,22481.3078623338,63840.19827753901
578,18780.79648532513,16323.2777889605,72791.50676818904,52596.31667120055,80096.14319595385,48813.72198873139,14822.13826365935,17923.99893427332,28470.25874835136,120318.7922787977,70779.63744707654,49078.60316455881,40617.52603829364,24998.68732622891,117466.2248081503,61328.67199570323,43073.69739136136,30276.14207670146,100964.6285944822,29868.27816650404,6175.110306476531,17760.34830722908,46446.81859360602,25407.08546657677,32503.34653716246,1888.046528734179,40229.35907872272,23967.34884365454,16900.74916289295,22350.36886842002,63170.39028085841
579,18550.03623172842,16122.65351235734,71546.36332475694,52032.6624478103,79850.61239316154,48540.48849735237,14515.76051795701,17601.9103226653,27848.69481680173,117906.76749775,68914.58671194068,47429.41732858811,37439.46332322805,24588.41884128386,113391.8416199087,56779.11138377331,42814.47788146455,29322.00930643098,98086.28328080887,27668.38810324446,4912.775094463456,16712.74669701569,44505.99706512753,24662.45420884511,32002.67369748436,1803.571643579437,39765.74982914999,24024.11762957902,16951.13973291042,22378.49811090043,62691.50521529555
580,18550.03868176731,16029.04805204597,69365.95242781471,51412.6224729216,79652.06716317964,48540.48851048639,14597.81544581303,17283.897285708,27325.01241693967,116463.7844725052,69267.9872631591,47165.61634971286,36496.8853619506,24588.6397602193,111591.0956070967,56128.66443339299,40044.95363758937,28803.4923248643,91089.81238248482,25829.24774589439,4589.03704337042,15699.74656710225,43038.71523617339,25037.64154330916,31997.54535739619,1753.547153665119,39756.44357613278,23904.96305704707,16729.42122530324,22342.96668904471,62514.36964321552
581,18698.76721965541,16067.91116971146,70264.428623629,51412.67146385737,80215.27226500772,48826.26322619784,15489.49559834456,19100.36701849956,27548.18752066427,118244.6852298555,72346.36281855461,49812.27098118421,36075.7853835663,28116.73000980899,114433.857231753,54823.87617910124,39068.94823902639,28144.29255541848,89881.66976254657,25449.02702018569,4474.568936970325,14623.5224939699,43039.94453861615,26947.44781880425,34162.60474752179,1751.076218219917,40920.7122582513,24213.91770936182,16930.98350537318,22522.8261145547,62548.1365585439
582,19336.42392785478,16501.81286601675,76002.9703874292,52682.90913500371,82318.26079568552,49643.50763520168,16680.62636866561,24341.81428395063,27974.29874718412,124704.9216193011,75478.58757395514,56430.07252538339,37741.54283849563,31722.13857979337,117690.2156271863,54825.78893616997,37744.15566460622,29918.38201545979,88960.17098142905,26916.01258869166,4639.373881829203,14169.68320012771,45452.64922480073,32260.24514448797,38858.52364774668,1751.100787068109,42401.42012299597,25298.26070407414,17444.96732283984,22501.88210514638,62516.16389374537
583,20249.28320893139,17201.38524798175,79749.18251257925,56225.93689334483,83661.69348132511,49101.6955560553,17197.74306371957,24997.55560967927,29375.55845605113,135039.0579730028,85742.91947560053,55024.20089172944,38348.57880067518,34771.46184131918,116582.6148030323,56127.53390383799,39789.03914864898,34960.24844421807,91626.78147849783,29858.96020739996,4589.740818013117,13875.19049168398,47468.96727535259,35865.03983348767,41112.42954362329,1911.263690376535,44459.02135609045,25961.66891602034,18170.59153297066,22563.80251785798,62811.44704890058
584,21400.67157657257,18113.20631519311,80961.31779775248,55535.35566842546,82628.40082687356,49690.51180266238,17497.96314314407,24055.32423761965,32067.08787112117,139889.8084516863,96002.21421637194,54392.13145077495,41418.45602832802,37680.13202446711,123176.4417490568,56130.73315234042,41758.74186640605,42635.23416012014,103360.9867059753,30598.63276020276,4931.450677589214,15461.71420546279,52961.21027761757,40096.40161939459,45120.596899429,2176.384759729308,47688.54415567558,25245.54984366908,18110.12285035896,22296.14112961559,63552.7317031874
585,22245.73994809295,19247.15926342315,86102.42826658265,55579.22446495221,83206.14498888244,51925.96920181027,18375.18283767823,24387.14016952151,36770.17616962315,143929.95940602,100548.0809189778,55152.77707221211,48183.36577410456,39565.03248776448,128485.0282859816,65215.40361480386,46392.28254430297,47672.55749308028,126703.5024814017,38379.73398779042,6468.218359054694,18957.01106995075,61281.8717378718,41932.71534325988,47139.27905015519,2441.928017510008,50232.07490932051,26346.22138649942,17565.90469041205,22131.49746711905,63793.11224521272
586,22555.05075801927,19807.39610395704,86896.39534283425,53341.54379378994,83087.43278214733,54155.46277639127,18978.46591004224,24726.59311984349,38958.3929186024,148938.7742729974,99371.78915626954,52486.11820037352,52489.12421010348,41136.26586711629,133699.1452398693,69751.71993124897,50065.27266130954,49253.54666321632,132652.6698228847,41985.26548837598,7446.069871560756,21338.80017102,66180.72368360704,43000.21009668068,48689.11548389784,2490.786551774618,51917.48617654895,26634.9094783146,17132.5457877919,22215.69968870877,63967.24723507872
587,22867.68118602618,20249.3896584162,90999.53441481512,53347.09870051518,83794.54588081452,55275.07144067289,19442.19979807788,26142.20594190531,39917.70588472865,150398.886188129,94739.00870514868,56134.62661843988,55621.75792976106,38923.15044758148,138188.2081316745,78232.41736302573,52562.43031997969,51214.8298054085,137984.5573231221,43035.95674966556,7903.279943337017,23678.5526830252,72115.03101139709,41350.41418267419,45630.81690790387,2555.288104160825,52081.07771646836,27223.21371630613,16870.51482276146,22214.15227000321,64349.32504035701
588,22872.3747704941,19942.75016519057,87151.1517562439,54156.87063836468,82584.39191881358,55268.20206817697,18087.13196045563,24141.59081563065,40211.8054401973,139592.8237285017,100675.7951046911,48745.67956817683,53394.35317156187,35611.49644707463,136027.0922764109,82188.07227176469,52667.4531813301,50477.42352069504,129534.3410497214,41332.8273466989,7903.288549992938,25089.77315624465,68638.98095186966,38800.28398208926,41101.99602330921,2458.734243049924,53267.51462998838,26268.5872952134,16870.51482276146,22335.03069805862,64445.03877814848
589,22403.4495994801,19670.90394909487,86382.77398283448,51397.34804427493,81140.07197327461,54715.39553464791,18070.97039088062,23417.10181382009,40503.49129612402,128626.5557693445,102979.5117410699,50632.84327125927,53010.9700261996,36027.80916206454,137107.6785660683,83925.36432618287,55002.77337941084,48203.4573734245,124308.4598034003,40153.22752407723,8384.318414796287,26392.77791108374,69244.37306980298,38605.24166177052,41607.83343230053,2310.298928446522,53684.23127237232,26220.22085894545,17132.5457877919,22419.3711078137,64530.12749412713
590,22098.22348605854,19866.91258343358,89272.67934970526,50770.84547689716,80736.2989069445,54705.25744158531,18385.76973421273,23740.57332160187,40770.02507536872,139443.0718897118,101460.5444070559,53322.31460005212,54258.13144044899,37203.82817063521,141415.8406168252,82298.29664642342,55013.27770694998,47329.10131318757,133384.9035444005,41986.17619535953,8418.98978498732,26735.53876492102,70147.37088682584,40079.30673179502,42119.2260499953,2266.804873428171,55011.84348664872,26191.12417285849,17213.17070028965,22502.03370366928,64418.4502613056
591,22096.75308823638,19843.59869356346,93228.03998421282,52051.69813001515,81123.90509128044,55019.73471534457,18385.75743606193,24064.72463365347,40659.83632892883,147195.7837792938,100580.3495361362,56824.6482278931,54258.11446244903,38013.17953244662,143592.2579306038,80936.6806117655,55024.95088050665,46690.16238399385,134317.4849519269,41988.56579681234,8246.160483983751,26286.56920204262,71176.3799904261,41175.15386739063,43645.59926461017,2258.047366071486,55629.60250559491,26459.02742854536,17072.07710283143,22625.65097712449,64417.09517032009
592,22410.1892577513,19932.24608332786,94930.31033557167,53985.51445584228,82512.99942875156,55548.19008907033,18680.84705872104,25835.38924675991,40655.15597481599,149463.0946303418,95737.05890594162,59991.7711659264,54493.10458262645,39657.08155695433,143595.4450382032,78920.75198729729,54925.75484826061,47503.4892017808,134421.0633325194,42841.96841592692,7789.779153671274,26032.98821331724,71159.73169144976,43720.11288030562,46142.39877884807,2265.695238646716,56821.68272399356,27091.93283996004,16920.90539277895,22932.62924915697,64452.10145867345
593,22712.73476000942,20029.98332406172,95556.96019502149,59122.43590432924,85023.34286066754,55836.28219721217,19129.36758666524,28263.81933750443,40357.78826538257,152376.7691791777,88417.31691924324,61427.22906941801,56076.3361264135,41950.40900993319,142510.320273998,76107.54419599009,54067.05411829698,51706.53778667084,134317.4770407348,43823.6445594173,7788.995516512274,25837.1257999137,71176.38104839537,45469.27229639173,46652.50125590096,2358.596828120479,54845.02542877865,28303.39957543081,16971.29596279645,22954.44657025179,64898.64208840795
594,22867.6852247393,19866.74087920387,95965.04337023453,63821.74515278298,87053.71954417248,55547.52228865151,19055.68285890009,28586.4239016067,38749.67081561991,153190.0136056423,87792.10345247154,61027.00331822108,53807.54661086097,43117.292838226,138190.5909405755,76109.94343143146,48946.57855099116,52845.24783393472,123419.7162409201,43805.04504007933,7561.031317136479,24790.36280753121,68300.04345378719,44725.345779724,44657.13469141153,2478.447817350594,53771.81578747134,27409.43524403446,17182.93635780939,23054.82081884169,64873.91904518721
595,22867.69834640677,19559.83313041991,94354.76421480089,63289.91756876557,88011.63796136258,54712.89454778325,18238.22218484091,27618.57489988733,38283.98167485061,144644.9646110751,91134.29669673997,61954.30201656718,53345.83436356408,41974.60380443716,137108.0877188373,74336.65629994577,45273.6195551687,53371.82179042805,123506.4502112881,41621.35079010161,6635.823777130076,23472.95472586494,65249.24598447875,45412.04862652936,43629.9753448605,2555.759061441906,53952.93865766794,27218.19222591218,17122.4676728489,22832.09545649147,65030.79482509426
596,22851.49768594816,19552.06638399561,91461.74735600049,62585.79519095609,86568.27700812962,53552.93002226121,18682.83172783117,26596.72929561746,37317.93676442432,146915.0463119578,91134.29460572617,65873.96879336884,54515.43678590577,38395.13132352438,139269.2785660329,79565.32417775606,50114.66356364495,52099.21206445805,125246.8576022859,43867.35807963245,7902.423517711423,22533.40896221149,65263.2472193439,45412.55597746996,44642.66345347535,2729.748076782079,54955.01325338716,26510.22584285378,17122.4676728489,22931.91054993086,65029.73258767347
597,22711.66221117716,19498.25608757978,89697.4025469276,61680.61383331535,86313.06237990008,54702.96139809457,18649.67618812788,25049.04756866484,36661.40292149025,141116.1613989508,89289.83239805503,62786.52123140827,55806.52765488024,36693.01738933032,139175.1769736703,82188.07082722803,56393.94806617227,49365.06962691263,125246.9439406064,44925.52023967078,8354.605924933541,24491.53793003237,66265.58908297036,42612.67000078655,42780.42881636415,2738.763400621791,53764.95310496603,26244.17071609262,16789.88991026374,22748.91233625017,64915.4061368452
598,21930.4119173847,18898.24274552637,87618.87872909028,59222.29208277723,85083.68124327947,56398.36486284635,17414.49197736455,22571.80176479707,35922.12767389786,139831.4946574392,85840.02959572778,60241.50211938327,56301.24804907783,33181.90813116682,136036.132282864,80858.17882771688,53402.21899921092,44773.53099195576,121604.1472821676,44925.51697868001,8701.633566667308,24685.66053787987,62290.82444808099,37627.10645550238,39098.64123303915,2567.026038245994,51051.59061273446,26247.53339156654,16548.01517277053,22665.30782038005,65069.19464597001
599,20703.46293912255,18006.88459636028,81675.09957280464,55158.45693558515,82667.55308768779,54540.55171703974,16185.69076073222,21204.73717443835,33954.98407569248,144514.1049302486,84601.80780545463,58122.72305334282,53135.77558140511,29704.98341782466,128511.1737365062,75417.75454090496,50724.90061146277,39809.44999994298,117955.5128642465,41621.76533023177,8599.927441098922,22819.55439995716,56353.88540672659,34351.43289658184,37167.23221042095,2297.235527908744,48160.34458820857,24811.12720570012,16166.8546134876,22585.62545856051,65400.03774953699
600,19706.55050825252,16774.81781805423,74847.77702022993,52677.19296851216,79872.84610683579,51061.42398298041,15029.18949290318,19102.78983263443,29368.53587551335,120110.1884729557,73185.96249095598,50103.99889847619,44720.51473356436,27050.32973575662,118514.9490881847,66410.46964673072,44332.31077131622,33202.16006623577,101284.4388415669,35352.27880935923,7782.298934816718,20916.34369082433,51469.17731700132,27168.92007450529,33690.5849265313,2019.437494872034,42168.00686079256,23846.83054130382,16780.56901760561,22540.6234169819,64021.10649141234
601,19166.9084884335,16228.49258653868,72740.65364379308,52433.76680742891,79718.59365598236,49593.37707475109,14604.00458007096,18327.18171860973,29379.95074423132,119821.6810765543,69027.40301279812,46650.31736808898,42015.72704454535,26095.93027301828,115890.1460767591,64610.47722068871,42153.3069887457,30996.76515145971,98034.43422571877,31022.06337171881,6828.263419826396,19085.56337865998,47375.16061303735,25370.95609962578,32479.67280606208,1929.118036911948,40778.64484612797,23532.60365532021,16516.30741906556,22520.4984679006,63222.35262804986
602,18780.79557109452,15963.13162240293,71476.70714339042,51942.90256461746,79749.80694773856,48846.73137213497,14524.39545544381,17706.59356596395,28482.31956035033,117758.7204257751,67057.12828809084,45384.30830173972,39758.11120305755,24986.93720460969,113130.6451730799,60422.25680362917,41847.52418017014,28960.01775629225,94153.2025936194,28895.76498516892,6142.023053424736,17542.53440573329,44394.59973017511,25020.13460063711,32235.96305137551,1880.098567798661,39132.89281495661,23533.31285617305,16878.44368305569,22453.25916533348,62473.38702049833
603,18550.0353174978,15762.51909601674,70237.52883059825,51384.83095111791,79497.42111131993,48578.05241006512,14226.73848965898,17397.50194267778,27888.40466247122,115547.7539798033,65319.06691651823,43277.57062432261,36606.45164832006,24593.60438682048,109207.5118092576,55607.24429821344,41571.41126108695,27978.01043162944,91573.02921956772,26748.11002312085,4859.047651161239,16493.06262588756,42421.54282128569,24295.49302747068,31755.74456501207,1797.634995099234,38646.06629911746,23590.25270578209,16927.38101578073,22467.70398875537,61937.90753107142
604,18550.03776753666,15668.9191180153,68067.56366656933,50770.93204845544,79293.33264923679,48578.05242298024,14306.45779432756,17092.32143558512,27388.01723127047,114225.0532032641,65648.40479199452,42940.58042624177,35671.70456996236,24593.81618633852,107473.6133426087,54918.84590827255,38621.39633453867,27444.34521256747,85301.33282566116,24952.63897648438,4530.016224028078,15478.2540966149,40929.89070004429,24660.60842848989,31750.82573674834,1748.801567823842,38636.29399466918,23470.73907994511,16712.05675224678,22449.45802585778,61739.83815593801
605,18698.76630542479,15707.77995953521,68961.73551663688,50770.98055416945,79872.26200996713,48859.06355970298,15172.75703562741,18835.49259446502,27601.26483495188,115857.5040176364,68517.17695954445,46321.52568396595,35254.10306572422,27976.26872707313,110210.8455713465,53537.92755214388,37581.78438655876,26765.88722204237,84218.34344102655,24581.44636923572,4413.676472544148,14400.10875726881,40931.14042014595,26519.14580460502,33827.43437380059,1746.389464340683,39858.86853678362,23780.62471784142,16907.80608314692,22541.81876554224,61777.59563028804
606,19336.42301362416,16141.65624296845,74672.7855472684,52028.6373892425,82033.9643839983,49662.68532093103,16329.98328955771,23865.43586243391,28008.42135214671,121779.2366641424,71436.13179111257,54775.37700304848,36906.02150453159,31432.84792862504,113346.3209735018,53539.95191229461,36170.6547032701,28591.80589777749,83392.30404680729,26013.59922454092,4581.176110051808,13945.45927331515,43383.9180611268,31689.32066904145,38331.50746832106,1746.413448214652,41413.72934129444,24868.23520726852,17406.96688013577,22531.0636761416,61741.8444501968
607,20249.28229470085,16841.18765218878,78401.05062796416,55536.57387888381,83414.90469039278,49129.9047078107,16832.3807011373,24494.71657438891,29347.34881342808,131251.9539038917,81001.57601585067,52979.45887446022,37508.01424721823,34356.2967306132,112279.8366625574,54917.64941603764,38348.80382556749,33780.96815829688,85782.67651908124,28886.66827554679,4530.731505949011,13650.44083895146,45433.72542454714,35197.34436164895,40493.33289991284,1902.762938320877,43574.37397946103,25533.64249408013,18111.66447320117,22562.86081495374,62072.02403717766
608,21400.67066234211,17752.95531561696,79607.37891526306,54852.83238906553,82352.76328942328,49708.90597588279,17124.05527333683,23590.5063235294,31919.15090256235,135698.3620131373,90562.32605475643,52172.02742740388,40552.38711328467,37144.89853928064,118628.886639465,54921.03533016454,40446.87262965782,41680.17508686944,96301.31851445598,29608.77773676407,4878.028595006612,15239.79680159436,51017.18987087057,39315.11490826348,44337.75166633475,2161.571583478236,46965.62929585978,24815.36551109044,18052.93967529976,22425.41233966286,62900.91338191221
609,22245.73903386252,18886.84185018367,84723.85977555907,54896.26669514191,82946.63762985764,51907.10053366906,17976.30566118132,23908.93274820716,36413.03168415341,139401.7394688255,94798.66942454748,53143.7073647959,47261.09438206896,38951.99130337686,123740.4070820806,64535.76642521545,45382.38247139103,46864.66152711574,117225.7494369819,37205.12127261613,6439.923657071407,18741.33344081008,59476.05037905712,41102.13264606623,46273.96312029298,2420.792364929781,49636.53850629499,25919.35375211166,17524.41647821967,22340.86514170854,63169.7019893844
610,22555.04984378885,19447.0458786146,85514.02317974497,52680.74872183352,82824.61106842736,54099.43067788533,18562.41679799897,24234.68802070962,38503.9099688171,143993.0362465321,93702.4701437739,49737.20786935609,51531.08082723181,40458.36499568644,128760.9648547764,69336.76187407889,49294.74239898371,48491.83857590961,122558.6339589858,40725.0415392588,7433.763823829312,21127.37449186124,64456.26805251664,42140.97041903619,47760.48295388585,2468.487597482469,51406.35413386721,26208.91175945987,17103.55541632811,22384.10435170297,63364.41617483355
611,22867.68027179579,19889.01354627559,89597.50527105665,52686.24861100376,83551.4662280249,55200.37658435278,19012.95089840458,25593.17773238039,39420.54980808592,145331.4381058685,89385.13089215149,54397.96227499248,54637.68880801475,38336.60581602398,133083.3841240197,78312.28009919582,51954.64053250349,50510.4197119757,127338.1835481888,41750.78475187448,7898.449645926133,23471.3039104811,70489.13913353192,40535.46340584545,44827.12728403283,2531.453394295128,51578.13823755616,26798.98875846674,16849.08128524551,22383.30972703516,63791.64776505098
612,22872.37385626372,19582.39201239482,85767.55912711489,53488.00031119362,82307.52568605829,55193.62171743307,17696.45390527396,23673.2918541933,39701.5669305193,135426.1329452244,94917.68768426999,44959.01803492984,52428.78919909016,35161.65514990905,131002.4935147768,82498.73445761087,52066.5077635984,49751.47043845298,119763.3373579027,40088.09515916293,7898.458393307774,24885.04368268588,66955.354864881,38053.79165067313,40483.32562782697,2437.198441115325,52823.99118247523,25841.48572287039,16849.08128524551,22445.38276543967,63898.67290976592
613,22403.44868524968,19310.56171786193,85002.86243464697,50755.8089025862,80822.88142405375,54650.02991649983,17680.75236092389,22978.03758703796,39980.27772202808,125373.9764807695,97064.5466523974,47369.75840755587,52048.59117861746,35560.78269510759,132042.9661285647,84337.3917876501,54554.02144319289,47411.07140570411,115078.8126819856,38936.50424351014,8387.353481097214,26190.37455071495,67570.80202648169,37863.98525675359,40968.49769158018,2292.29731062503,53261.57673817962,25792.97354205884,17103.55541632811,22488.69293730408,63993.81737232026
614,22098.22257182812,19506.55887231384,87878.92308094264,50135.51141499678,80407.83532022443,54640.06081531946,17986.59121078062,23288.45630357669,40234.9552768964,135288.8639198856,95649.00422333952,50805.39947184241,53285.39124832211,36688.25625788135,136191.1999831647,82615.39006188865,54565.2103407453,46511.17143132981,123215.0145339167,40725.93062203842,8422.591755918786,26533.74729836162,68488.79786249537,39298.4789342634,41458.99801303702,2249.838831262451,54655.67495614521,25763.78917774783,17181.8551491444,22531.14152444825,63868.94217383888
615,22096.75217400595,19483.24634789795,91815.33469954589,51403.67809789924,80806.26317498698,54949.2960671246,17986.57926268613,23599.52739277841,40129.66805740461,142395.3356227626,94828.74090514604,55279.42420072589,53285.37441137436,37464.19802139609,138286.8240280326,81174.3282113749,54577.64425834268,45853.56619227851,124050.9884893014,40728.26348380417,8246.936557626119,26083.97623877479,69534.89792444199,40364.90796748308,42923.01318753546,2241.289836573072,55304.37096706165,26032.49971717827,17044.83061614567,22594.62100450177,63867.42693880401
616,22410.18834352087,19571.88854573802,93509.44995433038,53318.34129455707,82234.13997186937,55468.9426177588,18273.26941217448,25298.74176992791,40125.19589952369,144473.6510089246,90315.22489346132,59325.23703578427,53518.41224729091,39040.2406354312,138289.8928233764,79040.77678414775,54471.98359246209,46690.65398267588,124143.8370361602,41561.40255751337,7783.093027578775,25829.94255938931,69517.97311150341,42841.54735592446,45317.8091270377,2248.755616431173,56556.14983009906,26667.31228813271,16898.01861797053,22752.25933894872,63906.57025473126
617,22712.73384577903,19669.62006217072,94133.09771125397,58404.38504658398,84814.5702867496,55752.23251829543,18709.0231877434,27629.17933193252,39841.05600044623,147144.4513724103,83493.87652084946,61158.94987982635,55088.49039542947,41238.90073800838,137245.0502129296,76063.42757377401,53557.3210916977,51016.49271799767,124050.9813976411,42519.76937588402,7782.296577325521,25633.73049404352,69534.89899998315,44543.7504501817,45807.07201491095,2339.445257067302,54480.50275246979,27882.42958544099,16946.95595069559,22763.46288810127,64405.88285730239
618,22867.68431050887,19506.38717814055,94539.2258752071,63057.15084836205,86901.6335459561,55468.28594890569,18637.43583259467,27938.7660878879,38304.47245292248,147889.9064578701,82911.23318835936,60647.68507805043,52838.54985131029,42357.61621593883,133085.6784779544,76065.96679670984,48103.14267532022,52188.46966074887,114282.1353460948,42501.61149124023,7550.604980978922,24585.09882912216,66610.78790575534,43819.79469925003,43893.2236185103,2456.44264327708,53353.54743196197,26985.77143507561,17152.49274905316,22815.00669693283,64378.23805583972
619,22867.69743217639,19199.49740441274,92936.6611125042,62530.5906531221,87886.29631817808,54647.57061858749,17843.24347593022,27009.9719354221,37859.49856617545,140057.144226477,86025.85997290646,61832.25449613289,52380.67348252935,41262.09678412773,132043.3600927075,74189.21419528117,44190.81589708813,52730.4272355909,114359.8844194621,40369.76778237247,6610.269557772284,23265.33892156735,63509.31930799087,44488.06295422874,42908.02756319424,2531.913138276023,53543.74082417292,26793.95213661218,17093.7679488707,22700.63360164003,64553.65334558015
620,22851.49677171774,19191.73111287335,90057.50388055824,61833.44212627929,86402.63782281658,53506.94154276631,18275.19758937955,26029.36006282349,36936.42623974237,142137.9994936797,86025.85802426752,66839.3977188658,53540.55891592341,37830.38304353928,134124.3229100212,79722.95764125367,49347.35212047199,51420.63879599517,115920.0005003656,42562.44494416202,7897.579217056654,22324.11588867501,63523.5530913543,44488.55668529344,43879.34358463034,2701.759546343032,54595.99869973199,26083.85240974455,17093.7679488707,22751.89027520939,64552.46557341389
621,22711.66129694678,19137.92396803351,88301.61154925829,60937.22597140003,86140.29779590579,54637.8030445797,18242.98579369441,24544.13071886791,36309.09699734534,136822.4902719451,84306.98332875171,62895.36547946501,54820.92347699642,36198.53147681586,134033.7145701744,82498.73292879017,56035.85937996421,48606.61963220521,115920.0778947751,43595.48166341086,8357.155168263083,24285.74049195143,64542.54299335105,41763.83386743718,42093.18817971164,2710.560219010454,53346.34107053484,25816.99556828172,16770.78155242922,22657.91771675958,64424.62807352115
622,21930.41100315427,18537.94576772398,86233.04535210885,58503.25221782451,84876.59327119989,56304.94582747954,17042.96004274331,22166.84726580305,35602.70693689942,135644.9090621433,81092.07400896272,59644.25360589389,55311.53376291212,32832.35896111761,131011.1979368418,81091.24610650066,52849.15847881044,43880.94128691375,112654.6437925711,43595.47847985042,8709.85698946946,24480.20964585482,60501.76092812634,36912.1081668785,38561.81535446987,2542.91185297193,50497.09505242983,25820.36837664198,16535.88235398041,22614.98543837145,64596.59124019265
623,20703.46202489201,17646.63982386337,80317.74116338522,54479.6665806076,82393.00865163817,54478.1005706419,15849.13559946648,20854.94675723966,33723.06780415741,139937.1925718708,79938.16145174955,56937.63826201265,52172.35985652397,29498.95987021997,123765.5819575221,75333.39096174766,49997.35849025776,38771.83692925258,109383.9766728035,40370.17247948999,8606.487887410047,22610.77215086282,54466.2144230424,33724.37032177814,36709.31159575457,2279.544944309576,47461.05720406728,24379.63380977118,16165.71426291063,22574.06724986621,64966.53323445853
624,19939.0725884631,16755.94732096759,73768.92465878461,53156.60964520985,79973.14547939831,50808.00327937048,14908.35638217539,18672.59860293955,29689.26593488406,145426.403679605,91587.59045062165,56013.32509717061,41841.03612939615,26370.312651851,114740.1472437299,54660.74899577185,43147.0003495089,35387.14000164015,115177.457729614,32392.83911714066,7019.582318486792,18651.27051365827,49643.44615757803,26761.19265859138,34966.39788703574,2163.51137298122,41518.6039454437,24991.90480873141,17431.34783194133,22450.26596512461,63517.39940180653
625,19224.743278195,16021.73494784432,72183.91690162358,52179.85601610447,79169.73995427924,48832.15880575748,14540.08880404195,17749.43637452881,29075.39217418591,144346.5988404291,86243.22951031053,55329.48565990166,38576.05201881144,24749.24032953455,110737.7546921139,54013.83619345418,39454.41253839855,30986.03460844744,108719.0004278937,30155.46125666518,6159.95719071588,16944.03244817258,46086.40723482455,25016.13685420772,33388.23705752771,1999.090290198054,40102.91842941815,23828.3503337545,17258.1647203111,22541.8686748332,62538.09360288713
626,18941.00251269028,15808.73548322977,69110.87171500825,50726.37902323481,79012.71217369063,48394.87905433541,14087.20226907087,17405.06920278675,27632.41764627802,138377.7499221899,82250.76986612861,53992.2980335942,37168.67680901088,24510.02554470044,108053.4849197333,54621.30377158855,37679.56399760728,30358.7704457259,101812.3318009539,27323.52783677161,5501.03914305997,15781.78349268017,43724.73605167641,24461.91935523108,32610.83624342771,1916.111816515454,38839.54116560447,23749.84706886147,16985.9655433521,22509.77879880784,61157.20599874711
627,18839.19568838471,15628.89430252917,67115.28762101104,50753.89704640562,78973.56041470492,48539.49894382143,14191.83602182776,17072.01981078576,26681.23929862424,134618.739424952,79069.27757831084,52890.39044483372,35399.97248151358,24282.17489814785,105775.730064482,53597.79721956604,35969.12301054669,28861.87947676413,94585.149444645,25671.26658862178,4962.408734592885,14953.57111135549,41313.01711629229,23625.48521743312,31982.63793721937,1835.484261723322,38852.44123893406,23678.53597425017,17038.93572101105,22541.86041353829,60760.81077355346
628,18550.02269285689,15419.4803382594,66098.01424463469,50483.55126952018,79828.75239961104,48531.9445637556,14289.39710836136,17387.22084573048,26663.46816065752,133063.4584475828,76408.42920721897,52885.27409435793,34916.26460540516,25439.75263406082,102591.349378974,53271.27156743717,35795.61116834712,28327.36284965878,90994.30270093224,24848.31702333787,4579.816722978034,14366.00524533653,40129.57463410342,23633.59967907587,31542.38760720836,1758.009440822401,38223.01987470362,23405.22764071,17006.23656849594,22572.40884245198,60756.38170468112
629,18824.91509987763,15522.00531139309,66026.39432818926,50483.67972759734,80932.17366700785,49300.27254661582,14601.15092383116,18649.38502325039,27909.8247030002,132928.4969836605,74613.81751814128,52886.99835480496,34759.65381500841,27916.80406585683,106299.7856029015,52917.41743869987,36643.93855468189,26630.16343624801,86570.21002636176,24160.94511078808,4366.103210138722,13761.11020953699,40098.83786007405,24463.01922932084,32459.57500819462,1744.391957226573,38869.3664476804,24101.30401509039,17470.48361506764,22618.2465345392,60479.94658899739
630,19410.46919608199,15833.63467166758,68366.70323691696,50578.07459240132,82603.25745384415,51137.11419751573,15887.39782266794,22572.3749752902,29895.09853350709,135006.0890079104,76406.7621868146,55962.72878724273,36367.29687262178,30085.98783323419,113469.3860430316,55345.81979448917,36572.02212224504,28301.01016673828,83831.82975887244,25789.45206096004,4637.399265115205,15426.13589380105,44197.29350002405,29689.21914030998,34937.77297001796,1758.66132327534,41466.12189263404,25208.01284712694,17766.51170003961,22633.49385012241,60708.20478082073
631,20108.72811354668,16784.75861796028,80372.20712486558,51625.7522916462,83952.37769187875,50344.05762717231,16560.58827183878,23731.22763911234,30722.17733286484,129350.2647088432,71226.03703248684,61634.05385200694,40490.9966185802,31596.92406972635,117123.8519977002,57820.59056712354,41265.94005951854,38950.07419974144,80632.83594775925,29257.58886534644,5035.493947736083,17424.34295108119,44896.62574762405,34265.27334452365,38943.81479593748,1933.152862681269,45685.92970422986,26060.93924639553,18023.66464845534,22547.99551220946,60605.18868215228
632,20946.17974894243,17208.38106279316,78297.65235453474,53157.54443599916,83633.49192046803,48624.01667332312,16839.20039560712,22991.96137051288,32178.1307083638,107931.5523137844,67482.88978291146,57423.48149008875,44897.0657687006,34033.80939574123,117393.9326429011,70450.67216399351,44416.02693834749,37519.18979907933,77588.29105988481,30825.87195423613,5424.625483926872,19129.21158122625,50423.12180893878,39582.72410536795,42950.59528593693,2162.907881823322,46883.25029967722,25869.36920795996,17253.35588597244,22421.42022069051,61273.9909666173
633,21572.39522769574,17891.18319365291,78893.92638171469,55829.65046925472,84395.61500286665,49953.916436371,16869.06937818124,23067.62196913263,34846.79495354358,106845.2991900791,70197.47154393008,52848.03363001304,48286.10494448834,36139.56116435291,117393.9326236702,73467.85896232532,46033.3910239197,38107.33000288526,80775.38234654516,33641.1984159995,6424.070854278466,20954.41485921293,57842.91125660814,41219.24002616543,45345.51889845452,2408.267504569476,47697.30076144413,26354.98184493965,16633.46608144811,22287.56064322786,61438.50401340536
634,21953.48038627244,18369.15172289198,79565.67086676645,54233.21588120204,84926.87747284384,51292.36109756443,16954.29204078347,24072.57586945413,37685.62034295563,110650.1264458152,74978.2335768102,51440.13309852382,50221.85621990605,37528.00280024398,115914.665491991,71942.78892012798,47610.3801197961,38103.59716445162,89014.43975685695,35545.52894807557,7348.61386766334,23104.32797697798,63654.16645724171,39539.61906335892,46302.08353718668,2553.052936367276,47951.56063440681,25845.53080896066,16139.33073995947,22221.07913590517,62226.36029364955
635,22139.03907041207,18516.39202471657,82961.5814256584,53156.60937359274,86527.37003212814,50940.91938589809,17260.88224250506,25232.42121078038,38406.60292701233,111311.8109407694,74444.16312716063,51627.07004634811,52134.43117162595,35771.97467556716,113689.2918314031,73254.6635661952,48671.31097122485,42309.40806536246,96369.28346204928,37423.85701893675,7283.812100628511,24336.99346729929,71740.6601988796,37827.53809003148,44838.43172305888,2594.241797812701,48322.36422010042,26061.03843150279,16153.82189464328,22236.2039968545,62000.46585467305
636,21958.52818958649,18124.67320676345,76712.21310811721,53157.0139179723,85222.59604514379,50028.42340653572,16703.67350249952,23739.31663703699,37925.66898175875,107544.3158586247,71230.14705228427,45229.62370225301,48259.11829168755,34276.87727811626,103259.481163911,79363.42280495404,47415.4906357623,39449.42737686432,99952.12720997924,37453.70127828549,6994.465323232029,24369.58345768426,66393.0317051917,35913.83674641603,40812.65258024024,2551.183157995426,47779.47001859721,25753.76853561334,16681.20531003956,22297.59478843332,62050.12172222053
637,21772.37946637927,17587.52694862444,67486.50695945785,50955.92067996981,84345.075352393,49603.25544612952,16785.36830577922,22736.34341769766,37883.38346777672,111507.8614160226,68510.1031383425,43669.0487121426,45705.62545072475,33298.75997471832,104753.4526187637,76683.19973113124,48689.08513643703,35387.07738061267,101627.8223073752,35851.11057283099,7067.012034170973,22901.17358464114,63811.08394439313,35473.65269465707,40335.74302772582,2354.579572021446,47471.63778819774,25604.14674987315,16951.86976362073,22236.55825555724,61052.3537575607
638,21497.31863220357,17439.46952317901,70097.1189741508,50020.83608229915,84646.64626612098,49180.77560700887,16321.34814411384,22883.96051901393,37358.36209597049,111852.4486910493,65337.05837905742,44543.07345789114,46269.98808871079,30451.54537674229,110732.7706152769,72298.1716251178,48742.53444441566,34571.35874717859,105325.3586874171,36165.52827899904,7284.308221559054,22637.70882866772,65122.70257022537,35656.26558013459,40309.36255158535,2331.291137561138,48084.15066496515,25478.14024547898,17052.13368440653,22236.52631686084,60555.83807100579
639,21316.32485730387,17404.67551466905,73253.95907329753,49514.35948566494,85068.27980488092,49315.13317144848,16702.93646802483,23402.06395699517,36636.24239901542,113293.1312082735,64747.43946798947,47224.68272700155,46224.69447557468,30073.3287632833,117450.583843857,72019.94197913852,50444.52864373905,33755.41162306412,103534.173130639,37423.2035560048,7350.486688848953,21630.09922090759,66293.86906642433,36189.59206753599,41767.46985780578,2282.48911968531,49343.40545463725,25113.38671600263,16985.32002237727,22328.22448606109,60875.29032150988
640,21772.82483032371,17852.87945457717,76787.65393589187,50484.66484639433,85408.09096919834,50637.96603796119,17361.52960359162,24822.57855075176,36738.80341235608,116942.9733797067,68548.5107621144,51438.72861867297,47635.80845666383,33217.75975499372,118871.1148577397,68833.19989544468,51161.9049804264,35928.80610311772,105325.846606439,37746.13448238375,7413.46076216009,22976.56513805665,67484.92390539318,38958.68314343888,44630.61676879746,2331.844800349729,50507.72408190321,26651.85204272149,16962.76695506103,22494.50651699581,59688.42870839842
641,22305.25922396049,18409.80519971577,82766.51299512,53638.57748136884,87401.27571434146,52795.31927803862,17992.84099419552,27743.68716076012,38388.713497374,122484.1992186286,72300.85396443456,54665.87753122331,51166.60255195535,38463.29543611026,125513.697993555,71557.89232171416,53968.99668983659,41935.70527687456,106146.1269755953,40870.46271592615,7884.488293355051,24628.20026672172,69862.21517989678,41498.06303811106,46775.09638490704,2409.925334936335,52019.30172731458,27053.01591984089,17251.77652227954,22709.93006672085,59638.8661529832
642,22698.2666230324,19107.70185646066,92530.31337630651,58617.35120993178,88658.80496784837,54400.39216890062,18587.44072047331,27065.04525441939,39744.83451749393,125829.5013557967,74977.01397905807,56968.89357352642,53756.85348722248,40972.90300479998,133671.9772878461,83586.204257208,53242.26486607277,45279.03595482305,111595.8738664593,41822.4706338853,8078.115186691397,25554.16290954753,67630.69381090457,43460.8189308966,45617.14685657715,2487.131096370718,53101.85792002643,27331.46964025654,16703.67642951799,22680.15939125303,60188.63484141503
643,22872.36123056372,19429.95071698641,92142.130384628,62404.87671875585,88315.38213861622,55155.43160548524,18319.10929690379,27035.67675255146,39641.00666978626,125218.0456034923,73945.98437476155,64106.75811581181,52607.14743751921,41719.74124311697,125669.3337870971,80956.41298193148,56151.11440840334,51699.94998810523,115179.5753909237,42770.10640241321,8615.36871649365,26377.33939602832,63948.36422768112,42092.18650360162,45096.59071982695,2512.028117747431,55935.08652725248,27307.06708135889,17346.32465527437,22767.93704434445,61629.33268874393
644,22872.36123162605,19133.75795302381,89170.86369106706,60203.60539654923,88416.94944426126,54139.67819395818,18005.09967849718,26064.53924661308,38819.99931342596,124607.947384773,73830.80563010774,66265.54508243037,50699.22148045257,42184.37421876283,120957.3753272673,77694.125052133,54447.3551778779,52785.14419495426,114282.8697107266,42768.75210983641,8604.473603054928,26492.79508652152,65106.37152405085,40101.92121985649,43438.11473283135,2721.715014956164,54617.23301758698,26919.91496873814,16965.75808909622,22650.61169493943,63922.09361662307
645,22688.23905130767,19129.51954664237,89208.12206966328,59717.75316811604,87121.3908230211,53339.88936890812,17346.40484894614,24569.02412231308,37881.69114403985,125735.2658994286,71953.72007693938,62768.119287092,50045.29635894195,40829.46721364857,119612.8643251904,73507.38183619083,52627.21120557575,50647.34743110956,116073.0855329879,42043.1983436742,8343.190890606655,25244.58902212025,66763.83128100283,37865.67400230888,41763.98885393319,2747.581068109089,52248.75947516559,26232.69345944828,16763.44568304691,22587.76785294299,64174.98624717234
646,22033.09694578365,18719.57210836165,87053.33628038634,58414.73643038682,86028.80750494429,56007.98248407878,16555.24030201985,22237.95025128005,36036.80885076002,125756.3076699982,68015.24565050456,58936.14799260259,48258.67093169247,36578.03476453443,115851.1923315641,67385.75259729312,47783.09847385162,46053.61677335396,118791.7942211476,40539.51315014809,8078.627794326736,23703.20028180606,59570.80034426148,33437.53750769376,38906.44112171736,2677.970648437567,48576.57588878281,26483.94263858657,16617.73901894087,22601.56213153154,63442.058616453
647,20952.46504849646,17778.27353298946,82440.04519761029,55384.4478641739,83870.77975658217,53807.72491933278,15483.9906751845,20747.19432392416,33676.57371593068,114431.0837360126,60575.97889381793,54739.66190879403,45203.2168958441,30455.17232857027,110569.9933777114,61269.94507449955,45059.24419327604,40302.30491723985,121263.1106038324,36254.26444684158,7549.096666067184,20754.31890617146,53218.16657379602,30392.37282488655,36755.7978647413,2388.203095510032,46302.79808568076,26526.03657603313,17291.44275071823,22588.98816504856,63697.50695235861
648,19938.982405823,16504.64370639121,71953.63899837107,52280.38650654699,79579.31044931726,50217.44361568666,14939.56548808367,18449.84257801669,29194.09319758223,143336.0768883502,86657.06008807656,55858.01230373587,40830.72310223144,24980.54039708047,111674.9799706358,54667.38431459021,43555.69236052962,35297.78203696505,112466.0700293581,31606.45112473629,7019.580952566958,18901.35018902339,49600.07991920735,26604.56013239467,33912.36671084104,2203.089039589066,41123.13819197168,25099.76277205629,17469.05216225697,22399.60435983786,63630.66021941626
649,19224.65309555109,15848.12525789308,70385.64214429256,51325.76017903208,78775.63776514304,48130.52123286729,14558.87311919456,17522.37180774074,28538.77323457326,142233.5880183477,81826.88513077948,55161.8442866191,37605.90895908796,23299.19891858824,107628.185188337,54000.98547014736,39662.27472218344,30942.60984482021,105772.7217444975,29463.07070560362,6176.005378840827,17214.00682175452,45800.34000853122,24859.79327978961,32360.93116413875,2030.684458058765,39705.55919930421,23933.18893030102,17333.51319058284,22443.22997818502,62848.26431778219
650,18940.91233004486,15657.66527225594,67345.57804158788,49905.21014217027,78618.5577675952,47668.65851392173,14090.70687792517,17176.39742078687,26998.37507001221,136139.3483369363,78218.54377683181,53800.54921121742,36215.8490606152,23051.09046933939,104914.1363365404,54626.75093754103,37790.89698721992,30321.89227626595,98614.86090427607,26750.11338725548,5529.389601645948,16065.30172560405,43277.52919724133,24305.66754987371,31596.69520384945,1943.67694789574,38440.49217084161,23854.48195328697,17120.48089090716,22427.94723503533,61745.0330254845
651,18839.10550573875,15496.85478028972,65371.41131129927,49932.10477416051,78579.39298934767,47821.40863590746,14198.87081514893,16841.79363541444,25982.97711768635,132301.3703199174,75343.14584860801,52678.77591282878,34468.90557263266,22814.7686608203,102611.1122466458,53572.4147409101,35987.42975799527,28840.6239719944,91124.82940463453,25167.26747234001,5000.815644033509,15246.74062591317,40701.25581617354,23469.37191144707,30979.13508931181,1859.134505962784,38453.40949799432,23782.98580988368,17161.93714689948,22443.22604375883,61428.34134453964
652,18549.93251020939,15309.60087944442,64365.05569777659,49667.88338971207,79434.86935402903,47813.42956414438,14299.72346509471,17158.46576266908,25964.00614642064,130713.4167332444,72938.30019713445,52673.56732237393,33991.14888310771,24015.38348544966,99391.40429027255,53236.05361699955,35804.4810777096,28311.68595696554,87403.38529338749,24378.89193000382,4625.366782344297,14666.02175201747,39437.06564867277,23477.48502947201,30546.34015570586,1777.89787954929,37823.14628390557,23508.96825462656,17136.34568209214,22457.77467561845,61424.80283252675
653,18824.8249172316,15401.27671978435,64294.20443337847,49668.00893770986,80538.65754569264,48624.95136466617,14621.99538249495,18426.52065693652,27294.51149705692,130575.620062536,71316.34978333059,52675.32266860153,33836.46491689703,26584.52815549483,103140.9816163194,52871.54083931603,36698.9466877379,26632.19977577935,82818.39049787933,23720.3981082638,4415.643388527338,14068.17564772512,39404.2316680666,24306.76724184292,31447.99549416781,1763.619196298369,38470.35734417464,24206.85091304881,17499.68115229344,22479.60479033093,61203.95077404071
654,19410.37901343904,15679.92964311163,66609.39626122775,49760.26538850654,82210.2970234615,50565.05647220454,15951.63830511195,22367.81981392963,29413.82275690126,132696.8571602411,72936.79356232795,55806.50381967334,35424.32871461379,28834.3590805901,110390.1210443276,55373.0905349512,36623.1189157634,28285.60831019492,79980.41665824222,25280.4876984407,4681.874234779908,15713.79854090726,43782.32980121772,29532.10178236318,33884.2265409975,1778.581414285855,41070.58594451784,25316.43160020911,17731.36276285049,22486.86629572271,61386.31288605315
655,20108.63793090748,16530.40620875872,78486.05253806998,50784.20907773087,83559.8658888416,49727.41589391277,16647.5411812416,23532.0810235783,30296.74247574423,126922.2179715796,68254.51083843409,61580.07420708751,39497.29348639728,30401.46977071711,114085.1293591593,57922.40533786746,41572.32630764794,38823.53081044659,76665.07698212631,28602.92001920002,5072.536326243023,17688.72019518309,44529.37831818245,34107.39826926029,37822.42825916144,1961.545425485868,45296.03774090696,26171.57130163907,17932.61937420912,22446.14787297112,61304.01032694498
656,20946.0895663077,16909.20117382801,76433.76267463189,52281.30012065756,83240.87407730702,47910.67777818953,16935.55325641856,22789.36448419245,31850.99576568741,105053.5513675655,64871.49529956928,57293.59166108189,43849.15359650116,32928.95501647281,114358.2062579651,70932.92507285938,44893.73786066593,37407.58018095786,73509.80346223996,30105.31589240691,5454.402616899607,19373.72173849256,50432.95376573924,39423.96855003566,41761.35613253678,2202.456245796608,46494.95975033702,25979.50414835225,17329.74963387642,22385.86662826173,61838.33593488725
657,21572.30504506438,17519.74958188099,77023.63726329728,54892.87246935064,84003.25059097561,49315.34176843555,16966.42997326144,22865.37820260703,34699.83711776902,103944.4787505132,67324.90460108334,52635.65546937662,47196.49652240301,35112.99563158612,114358.2062385209,74040.99433454817,46599.06598839454,37989.58211725775,76812.80772481822,32802.36394951394,6435.18793187584,21177.65565215689,58359.00425475042,41060.2134914267,44115.72303521475,2459.729354378244,47310.09900302339,26466.37692630063,16844.60286716444,22322.11625606122,61969.77019547701
658,21953.39020364312,17947.13976043669,77688.17233231958,53332.60338767204,84534.6897233918,50729.031033412,17054.52791952519,23875.02237926226,37730.32818658896,107829.2360228855,71645.70503090411,51202.37264319309,49108.43173529964,36553.05754662358,112862.528232702,72469.98675798823,48261.8232403388,37985.88823749545,85351.51568708777,34626.68913218145,7342.469347640232,23302.51551370949,64566.76829571243,39380.87064549382,45056.0887796301,2611.544871939956,47564.69894807479,25955.60388987705,16457.8758045613,22290.45456313936,62599.21150524959
659,22138.94888778375,18078.79917949421,81047.63669394,52280.38624108308,86135.71449967794,50357.83199212729,17371.46201066391,25040.28089939556,38499.98851508529,108504.8208736601,71163.01800056685,51392.67977846521,50997.47576897006,34731.74280157935,110612.4664503573,73821.37715412966,49380.45524079924,42147.80417556805,92973.85151741887,36426.1042774334,7278.877456199566,24520.81657037158,73205.01310405097,37669.07316386972,43617.22310131958,2654.733666837825,47935.9984828477,26171.67074412681,16469.21707326656,22297.65774974191,62418.73786417436
660,21958.43800695717,17728.53181813649,74865.33896220286,52280.78162094529,84830.50663195139,49394.03736709697,16795.45389104183,23540.20777411578,37986.58391076572,104658.1800315761,68258.22542936855,44879.89725488504,47169.84189356553,33181.05981593199,100066.9482771009,80114.1419334074,48056.3342463107,39317.6723673447,96687.0015677788,36454.6947101188,6994.932901925094,24553.02678476822,67492.50957057682,35755.68869688681,39659.61830682696,2609.584306103164,47392.37816139909,25863.60349793224,16881.96520515973,22326.89499885786,62458.40938179846
661,21772.28928374898,17248.22606339982,65738.646583321,50129.55177986782,83952.69413438745,48944.96733912719,16879.9049533485,22532.55352258928,37941.4434548079,108704.9898848403,65799.87949379173,43291.18748294477,44647.76535381837,32166.57750666411,101577.4937347074,77353.18627934462,49399.19609460793,35297.72006949705,98423.64088923352,34919.43256301539,7066.125135987587,23101.72850961728,64734.39244927396,35315.57753217502,39190.78495442182,2403.434593466243,47084.13420598634,25713.59345099853,17093.79637831399,22297.82646478332,61661.26351868505
662,21497.22844957182,17115.83598826589,68321.24052190849,49215.65051675439,84254.36533047326,48498.73655308835,16400.22945366962,22680.85957590278,37380.97482431982,109056.8160868337,62932.11634945034,44180.96955896677,45205.18448824515,29213.50753202849,107623.1458185404,72836.07415507124,49455.55236535537,34490.51488090029,102255.6548875255,35220.64085095567,7279.364314348656,22841.33394749482,66135.50437084475,35498.16018004186,39164.85121708779,2379.015384386344,47697.46631754277,25587.2599659074,17172.26632028123,22297.81125403917,61264.58268754292
663,21316.23467467115,17084.72386142059,71444.20021843181,48720.64760198667,84676.13907640672,48640.64742323765,16794.6919901394,23201.38108330274,36610.10060979315,110527.7637829555,62399.22522731295,46910.92414452611,45160.44813447187,28821.229364479,114415.4859429245,72549.46378980091,51250.11340898726,33683.08358632134,100399.3247742746,36425.47826799725,7344.307202485435,21845.46616383759,67386.58094725976,36031.3983575813,40598.26628067288,2327.84377471624,48958.40535806263,25221.55991891692,17119.97568431802,22341.48233478985,61519.802386883
664,21772.73464769343,17485.49912210912,74939.97013046409,49668.9717397014,85016.06323923706,50037.84723057188,17475.50506139533,24628.52543985614,36719.58611605124,114254.2801174648,65834.59188402572,51200.94284271723,46554.2008051361,32082.56581433235,115851.7762170388,69266.73196798097,52006.50589725433,35833.79490914747,102256.1605519273,36734.84211599111,7406.105523994574,23176.2415140866,68658.90287167959,38800.03091875394,43412.92737863461,2379.595930383004,50124.28125924251,26764.0174876812,17102.32488959925,22420.67383952398,60571.58410518806
665,22305.16904133307,17983.49131008012,80854.66181162006,52751.43588041425,87009.91078459323,52316.48242908667,18128.11594290113,27563.26731859197,38480.89126558651,119911.9134155751,69225.91862438922,54486.27231766433,50041.55460208453,37523.12302831849,122568.0516518786,72073.49646208745,54966.26770467535,41778.00162662963,103106.2741232497,39727.91006263419,7868.338777807141,24808.62989379888,71198.39955169926,41338.9903349891,45521.09141578667,2461.46768103203,51637.88063683361,27166.22236538054,17328.51357033176,22523.26890022898,60531.98713734189
666,22698.1764404071,18607.53695010263,90513.67339208849,57617.42085185368,88267.85820839732,54011.78921397314,18742.77656408534,26881.45808480333,39928.57193486622,123327.4920823999,71644.60277179659,56830.80821919331,52599.93699153025,40126.03422597963,130816.8382601147,84464.12027675576,54200.01090978592,45086.4388252178,108754.2256851764,40639.92191644738,8058.350577553579,25723.80215670553,68814.61883087362,43301.42122853692,44382.75112375309,2542.422183742468,52721.88474636117,27445.3986595397,16899.5518647237,22509.0906719863,60971.21334140445
667,22872.2710479393,18895.68562436521,90129.65652718124,61319.14404910397,87924.32117965356,54809.27541350103,18465.39204437327,26851.95251556421,39817.73406285533,122703.1911560131,70712.76949359458,64097.35754939404,51464.37608098215,40900.63884449039,122725.4140567709,81755.11550719244,57267.06488243041,51440.33943599515,112468.2647089903,41547.74530498349,8585.573363391108,26537.38604558162,64881.03952924313,41933.01542366459,43871.01031793163,2568.528085000058,55558.90279137424,27420.93277719887,17402.51014308761,22550.89461430807,62122.22877752968
668,22872.27104900167,18630.83580574134,87190.27859222615,59167.74015812823,88025.92225980539,53736.41843601595,18140.78821665902,25876.28255967022,38941.29570558086,122080.2762816365,70608.67220408638,66295.06414544904,49579.92384414803,41382.54621128345,117961.1814974359,78394.56227827359,55470.64281234075,52514.20775099973,111538.9462748539,41546.44790938389,8574.881666193158,26651.49631380111,66118.05903800465,39943.07969424791,42240.61970661532,2788.396371680386,54239.2866551863,27032.77602383966,17104.66585245327,22495.01863714677,63953.98220468057
669,22688.14886868229,18627.04590504843,87227.13709980316,58692.8943887105,86729.93282223861,52891.66712951575,17459.8700204177,24373.78763341908,37939.63687241315,123231.2769720058,68912.18281407707,62734.58510861862,48934.04413723985,39977.26569675161,116601.7545952067,74081.70770021145,53551.50615030435,50398.72262020643,113394.2713848101,40851.37634239806,8318.477209252933,25417.83577967219,67888.60924158657,37707.20276148387,40594.84422568002,2815.518356247001,51867.6452839789,26343.77120844841,16946.32930788652,22465.08937550016,64156.02548668043
670,22033.00676315475,18260.47886532268,85095.47728707711,57419.39609194118,85636.98618387367,55709.75494758892,16642.01277901453,22031.83427765941,35970.1958022928,123252.7607781684,65352.63270939942,58833.52922861939,47169.40003755936,35567.77105465641,112798.3509059856,67775.685255929,48443.93527681431,45852.93554366777,116211.858199247,39410.86445690962,8058.853614593923,23894.40907080704,60204.78926586734,33279.79949150996,37785.68748749122,2742.527988646483,48190.55015914568,26595.67236688024,16832.29433511635,22471.65887475397,63570.4682734975
671,20952.37486586181,17418.78795558223,80531.69779006223,54457.75544984425,83478.2408195178,53385.80343158742,15534.62081098269,20534.12076026553,33450.60741087828,111689.6218807402,58629.1047908848,54561.38691478792,44151.53806494344,29217.26932875084,107458.562743002,61475.65988709545,45571.93795602785,40161.64864496198,118773.0551691463,35305.64900625321,7539.209049891954,20979.89144691361,53418.70775263499,30235.13903656129,35671.46418732955,2438.690713901047,45913.73118262601,26637.8755360293,17359.55770484445,22465.67054684708,63774.55338288043
672,19706.50585399283,15862.63951687944,69483.1986059792,50405.19763774045,78913.8963191277,49439.57347582027,14891.28702906819,18579.88669876636,27573.13582904305,106879.6838049973,61325.49169062866,49797.36985529487,41354.33025849505,24471.00685148899,105569.5916634459,64594.02813323659,44517.00731055334,32853.78942202139,88188.35139776686,33128.70409616213,7672.670766190749,21218.56632675777,51251.60733693726,25773.3520847475,31362.01943921349,2100.299785129017,40886.43157282122,23940.82960114755,16813.80854665152,22087.85909008395,63723.41952560353
673,19166.86383417237,15407.26366526452,67383.79477126863,50163.15336113657,78750.03732968959,47974.91240480209,14463.93580384982,17795.40166551342,27585.07395919954,106522.5017684917,57833.2629583109,46405.91471828675,38845.46090116482,23478.3788820362,103084.2851443053,62735.18585700999,42148.94185775896,30598.32830525366,84953.87760189592,29196.25766419502,6732.505908978685,19398.39063567081,46371.1261441903,24063.1962108369,30253.90220261701,2007.883166003696,39537.52769977044,23694.88687006601,16567.65535345043,22067.92583996683,62682.48565296814
674,18780.75091683238,15186.0786127392,66124.47879599725,49675.07566220181,78783.19452373042,47229.98873217647,14383.92107162106,17167.71081395898,26646.29505858764,103968.4858379931,56178.68760828345,45162.71585533657,36751.37298870958,22324.96505416876,100471.4393209673,58410.03367261746,41816.62774667835,28515.34329259219,81091.19323876737,27265.27879630715,6056.24274481575,17864.29951151854,42817.99669101482,23729.50796370178,30030.88108049768,1957.725495562734,37939.69987268385,23695.44195558676,16904.9763953557,22001.32702123895,61706.43570053685
675,18549.99066323505,15018.86301518331,64889.84026896171,49120.17211616736,78515.09059490956,46961.92943915303,14084.74754691713,16855.08160342426,26025.1549011375,101231.2336646772,54719.1177999838,43093.93613273031,33828.00043946302,21915.87727542985,96756.80287696623,53437.59674669825,41516.55783859411,27511.04273747684,78523.3497574137,25314.90514533598,4791.920435087191,16820.90669728254,40465.91368003668,23040.25608761044,29591.42856113122,1873.34717042659,37467.04971686554,23740.00829521224,16950.56031970779,22015.63425138414,61008.60027937276
676,18549.99311327391,14940.84507415703,62727.82487038818,48509.75820197821,78298.29190569663,46961.92945203834,14164.87302055341,16546.4082722333,25501.82954103625,99593.68480823725,54995.68549065162,42763.01762494459,32960.9607412026,21916.09755858565,95115.05332702566,52726.69151643447,38310.58431589285,26965.26241355342,72281.62396329315,23684.36416816624,4467.672773602532,15811.9763500329,38687.71377264719,23387.54015805464,29586.92729444905,1823.379861598318,37457.56198135834,23646.46598915597,16749.99105298354,21997.56208928344,60750.47680584096
677,18698.72165116243,14973.23656512387,63618.72088146869,48509.80643233442,78913.27584585738,47242.292477343,15035.58604682053,18309.53021463206,25724.85248691544,101614.7148187164,57404.79100966885,46083.04700847805,32573.60774421445,25434.0343642567,97706.81395548857,51300.62472679051,37180.7702430512,26271.40227687795,71203.80986766808,23347.26892083531,4353.024477890946,14740.07606516664,38689.20356516477,25155.31117852727,31487.25167429837,1820.911750585158,38644.53522342551,23889.01086200661,16932.32675039191,22089.04305242515,60799.68224421042
678,19336.37835936353,15334.88338402667,69308.84822218803,49760.32378637135,81209.60478270666,48044.06080156736,16198.70835560095,23397.04173041194,26150.67319641499,108946.0226212275,59856.03836700033,54384.5818290298,34105.87128148152,29029.06697695838,100675.652921179,51302.71527238169,35647.2036291986,28138.77240088988,70381.71787372723,24647.86573108208,4518.088849506135,14288.06009516785,41613.16211550653,30072.98752638258,35608.97194330906,1820.936291349637,40154.11857112184,24740.27441090789,17397.28278175788,22078.39040996681,60753.09140308824
679,20249.23764044262,15917.96044660608,73023.45463525249,53248.34638110482,82676.5473293449,47512.50896963599,16703.6654763862,24033.52462856242,27550.97754487389,120673.5709514838,67888.80051323578,52621.02149225381,34664.25933966199,32069.61463170109,99665.84746186872,52725.45590548562,38014.34026696168,33445.73743866351,72760.66745621085,27257.01770080016,4468.377656088031,13994.75052706542,44056.73941606833,33409.68804293901,37587.27902502466,1980.916118553325,42251.84536222961,25261.08307719286,18053.6912941278,22109.88466708973,61183.38054709856
680,21400.62600808692,16677.94177687849,74225.36348434792,52568.4863629758,81548.25785556155,48090.17485528415,16996.82612727626,23118.96559303048,30240.67191064911,126178.3764552741,75917.62062840861,51828.13786797991,37488.11639394046,34969.91399168607,105677.4739455597,52728.95252037778,40294.44840274976,41524.26975109849,83229.04394290438,27912.79495141221,4810.625416274733,15574.90029624593,50712.79267405056,37326.35688953304,41105.34332362661,2245.73413812579,45544.34751970266,24698.8937460142,17998.99058618013,21973.7454487928,62263.58689748606
681,22245.69437960958,17623.06478516541,79323.09988576024,52611.67410067524,82179.11751930363,50283.29959623453,17853.41872133641,23441.03644277407,34940.55370551154,130763.2845653271,79475.16985035772,52782.31065032871,43710.88580474645,36849.38992505582,110517.340032064,62658.03242952487,45658.18867783438,46826.45281955476,104053.4831398209,34811.34641236114,6349.812191749502,19056.15461704214,60796.60830242907,39026.10111343533,42877.18890148355,2510.973863538693,48137.48000820872,25562.97602283376,17506.68419977794,21890.00359997026,62613.87148317622
682,22555.00518953671,18090.00896385026,80110.36849060144,50408.73320571966,82049.49138415988,52470.57344903413,18442.51608785565,23770.52001980285,37127.27855714067,136447.4672022962,78554.61583525449,49437.18745023727,47671.5804618455,38416.10147280138,115271.077706049,67615.99401825354,49910.00524535778,48490.5695448916,109360.8833689517,38007.93052987332,7329.202983591277,21428.37475192255,66733.53051077574,40014.20462624562,44237.51738635204,2559.776549476684,49855.75870693532,25789.61063085214,17114.66244992502,21932.83093753045,62867.6224825935
683,22867.63561754447,18458.40015546533,84178.8905607086,50414.20187305473,82821.6136503577,53568.98018349233,18895.34565447523,25144.55779398721,38085.93747632545,138104.4545369133,74929.0487943427,54013.96713656736,50553.16469851843,36209.35514864342,119363.779802758,76884.9623130679,52800.68993729078,50554.9758935842,114117.5928908271,38939.45005693939,7787.132769973035,23758.72718200292,73925.32184388241,38487.10659337384,41553.17562125957,2624.204372599022,50022.54046744754,26251.45891678054,16877.62604244425,21932.04388201105,63424.38953451739
684,22872.32920201243,18202.82337800791,80362.97559756899,51211.40217981234,81500.20294342894,53562.24089569324,17572.14112385561,23202.69861309743,38379.8365185919,125841.3475468788,79575.11767807456,44745.0882172925,48504.2643117159,32907.23171305788,117393.4791842894,81208.2906984137,52922.26334958792,49778.79718538062,106578.9446714488,37429.49336991362,7787.141390177085,25164.27800084912,69712.69426821149,36126.63353133129,37578.12127484423,2527.760878523336,51232.11424657437,25502.02937367745,16877.62604244425,21993.52564750769,63563.86441341002
685,22403.40403099715,17976.24597552501,79601.08040599641,48494.72090736039,79923.0979632412,53019.90281038509,17556.3595803123,22499.4870852314,38671.32350694495,113396.433613893,81377.98297604782,47112.39329415031,48151.60551814244,33322.34632723253,118378.6553513306,83107.06200829412,55625.60661825005,47385.26712837398,101916.8059666358,36383.68637657564,8268.928465376172,26462.04786380064,70446.36941282274,35946.09681090615,38022.10686014973,2379.495234665415,51656.95733617268,25464.05929927666,17114.66244992502,22036.42327099492,63687.85641947004
686,22098.17791757475,18139.61454423464,82466.60447412364,47877.94473180616,79482.2036061829,53009.9567014903,17863.75667569613,22813.45857774532,38937.67556697045,125671.4037928152,80189.25453088907,50486.13300751778,49298.81933038493,34494.98088636854,122306.4292059323,81328.76029920363,55637.76632258865,46464.93789954394,110014.1272934002,38008.7379424501,8303.654413305223,26803.4316574189,71540.71311893097,37310.53337524024,38470.96838492481,2336.050896042108,53010.45949455791,25441.21694369321,17187.59672931331,22078.46751673419,63525.11939882624
687,22096.70751975263,18120.18296749834,86388.59487084643,49138.91227124527,79905.44476237963,53318.47874705068,17863.74466672624,23128.08990939828,38827.56194576618,134469.4591177827,79500.42294319456,54879.54740209068,49298.80371300305,35302.0030266801,124290.6802440889,79840.58365377049,55651.27907136898,45792.40390713941,110846.1063741493,38010.85651000384,8130.55305405126,26356.26585397708,72787.76999417985,38324.88065958542,39810.70264150484,2327.30339905799,53640.26551510692,25651.53441455836,17059.9617398526,22141.34232690646,63523.14474863024
688,22410.14368926836,18194.06847378999,88076.5036578252,51042.70628546648,81422.24691161451,53836.92680830557,18151.89549932703,24846.75197991852,38822.8847826571,137042.4847364989,75710.11276906554,58852.46517175368,49514.96170869469,36941.17408745597,124293.585946742,77637.27683200012,55536.4507380763,46648.49500897011,110938.5112250024,38767.46431045211,7673.453313691882,26103.70364055225,72767.59390863597,40680.56712320615,42002.20325813545,2334.94252964184,54855.59264995869,26148.39685501023,16923.20996679633,22297.47908709841,63574.15621199203
689,22712.68919152732,18275.53015624185,88697.86665300388,56099.87752481426,84163.38134009404,54119.56334178602,18589.86943551982,27203.86165330297,38525.71981461021,140349.0270464299,69981.75685517161,60653.13926112968,50971.31296704697,39227.90160391574,123304.272028739,74562.58468148804,54542.42737457776,51072.53761447181,110846.0993163778,39637.7965675167,7672.668442974954,25908.62811495945,72787.77127633356,42299.63884038445,42449.9323956299,2427.737926852766,52840.38829533513,27099.45890607857,16968.79389114842,22308.57591753288,64224.8590441035
690,22867.63965625759,18139.47143281333,89102.50694807258,60726.23045125061,86380.42278517202,53836.27165396395,18517.91734359546,27516.99166335415,36918.69875813814,141271.9259698855,69492.47113084739,60151.08612649679,48884.34440020799,40391.42727278748,119365.9522220848,74565.20692304513,48615.01614908461,52271.12041994274,101123.9357183484,39621.30664693235,7444.345395065515,24866.07054936196,69301.93566968731,41611.03929267095,40698.55146514398,2547.451918989271,51746.24984866455,26397.65214101756,17160.24637427711,22359.62874898496,64188.83241366734
691,22867.6527779251,17883.67107068188,87505.81325380964,60202.65943908784,87426.4084139314,53017.44918448661,17719.67858573632,26577.56736078806,36453.32711808959,131574.6980992372,72108.03770012979,61314.31267264802,48459.63380434722,39252.02676854302,118379.0283780484,72627.09483597119,44363.23560713216,52825.38135017537,101201.3132516702,37685.29184416388,6517.681444930005,23553.95522572565,65604.67201499105,42246.67098360982,39796.98915366957,2624.674791546801,51930.90482028043,26247.51679537211,17105.5456642047,22246.34510757384,64417.43314443613
692,22851.45211746642,17877.19767091995,84637.20394451347,59509.46849315899,85850.35059199017,51879.45080414754,18153.83350057345,25585.73227864598,35487.94084435581,134150.8681776585,72108.03606372354,66231.24014701461,49535.50420765839,35682.85560378769,120349.3973670532,78341.7612503093,49967.17965915825,51485.85849333587,102753.9739948561,39676.55200327358,7786.274996209979,22618.18413785745,65621.64012162831,42247.14060207397,40685.84971368992,2798.46492668102,52952.52100728441,25691.72773353105,17105.5456642047,22297.11353885302,64415.88524296416
693,22711.61664269507,17832.34805938647,82887.74440413118,58618.33998863358,85571.67254531448,53007.70413797117,18121.45758614874,24083.50432329979,34831.85461754609,127570.0857347674,70664.57862841139,62358.26915036855,50723.12696508556,33985.64016060474,120263.6044535546,81208.28911960896,57236.01650040682,48607.95632568163,102754.0510194204,40614.69506317518,8239.169203768359,24568.44621692731,66836.37894950822,39655.48648839932,39051.32185822222,2807.469945447977,51739.25333606594,25482.86113641698,16804.69176305595,22204.03611022643,64249.28775913952
694,21930.36634890048,17332.25110585858,80826.75649273893,56198.18344574033,84229.26699375936,54671.00189790955,16915.31771738779,21679.01260253643,34093.08339807778,126112.1998714798,67964.79790931077,59165.73388977814,51178.20043267133,30484.63547699097,117401.7210054124,79754.78522111957,53772.82090030139,43774.99707346594,99504.22147018868,40614.69217205323,8586.743117068927,24761.78892672669,62019.35882005344,35040.70703712055,35819.72888764181,2635.928889499524,48972.97719742818,25485.50100504864,16585.88892489106,22161.51278061438,64473.38969246916
695,20703.41737063498,16589.32513462154,74933.12328826758,52197.43894654544,81591.00961960554,52848.3699946201,15715.41075189455,20352.09724995657,32127.28097246085,131426.1938431633,66995.7780821213,56507.88474209419,48266.40914752066,27017.71695895238,110541.1769759342,73808.67988833754,50673.58395303711,38549.90738861755,96249.18391045113,37685.65936623265,8484.876891387801,22903.17997087211,54824.37811137897,32008.65040169724,34124.48502048425,2366.446766402437,46025.34859584034,24357.85022166457,16241.08643318823,22120.98435579599,64955.4970980227
696,19715.7410525527,15552.34967504158,67660.64903313117,50072.54652785393,78722.93396227254,49044.90192181779,14845.73173057675,18275.88377388018,26811.15334467519,103738.7129298953,57303.37272007267,49220.62238243579,39461.35300601265,23795.2964857281,101356.106655093,62713.42802544683,44430.46775065502,32836.42048830436,84752.52214411467,32799.1768153733,7627.972605524241,20980.86273500048,51002.27391365542,25225.73916406796,30831.19557829068,2039.977673979413,40431.99841884671,23755.64188804185,16871.35757030761,22004.58212207463,62635.48486389446
697,19176.099033028,15125.51565655951,65606.69285255246,49837.81036007813,78562.5516030043,47404.62072369107,14367.65444945194,17478.88096893563,26822.63053631895,103379.6522729687,54141.80467133995,45481.97916671573,37069.56477861104,22859.65075660727,98854.60254433202,60874.24823341703,42013.77445854943,30615.48551504552,81617.39053729708,28928.91813235988,6688.737932033176,19115.35890134881,46221.25592629315,23603.19341438594,29732.54659624569,1951.030383909653,39036.9670531814,23524.0115725336,16598.85097006874,21950.63915498472,61995.11175956485
698,18789.98611589962,14918.19393657212,64374.63840550209,49364.46932416391,78595.00529398094,46570.37700790915,14278.14206858931,16841.17425928373,25920.0984636918,100812.2033419482,52643.89231741575,44111.51227065067,35073.20143608759,21772.44915120825,96224.72791215758,56594.84669584463,41674.63633119194,28564.38641650575,77873.34294307545,27028.47578445986,6013.143851575718,17543.06404690645,42740.53852238133,23286.59978957802,29511.43106740193,1902.755637395876,37384.49946060397,23524.53435535274,16972.28594006951,21770.4107493934,61394.65465614023
699,18559.22586242872,14761.45899947662,63166.72719211017,48826.32013216907,78332.58978183354,46270.17607608276,13943.45702070653,16523.55652645005,25322.94090792444,98060.55442606141,51322.52146100209,41830.9486298872,32286.25359156641,21386.84523434136,92485.88191344924,51675.00727307319,41368.40453630032,27575.45949156925,75384.36706389891,25108.9453627789,4750.072441645817,16473.68744524472,40436.39048059234,22632.65781909848,29075.73342899861,1821.544882961031,36895.68642838851,23566.50719701028,17022.75012495047,21809.12869254541,60965.35261620318
700,18559.22831246761,14688.3310302094,61051.51485564306,48234.33661169813,78120.3909553825,46270.17609051309,14033.09328784323,16209.95779563596,24819.82146030722,96414.39278284113,51572.90241859394,41466.15352450929,31459.67593939403,21387.05287204677,90833.43252083393,50971.62186470841,38096.59686821522,27038.03386267824,69334.34685869086,23504.18977765487,4426.145585490105,15439.63153520357,38694.4299224839,22962.15076241889,29071.27062317359,1773.453351866103,36885.87424763483,23478.4085011476,16800.70771194473,21760.22216502415,60806.55738973274
701,18707.9568502746,14718.6923025627,61923.12485175594,48234.38338582201,78722.32665371224,46584.15603314748,15007.15886124843,18001.21329954814,25034.23335373235,98446.05252231368,53753.90246720625,45126.05903093701,31090.39950204666,24703.04098525457,93442.08453871528,49560.63974151155,36943.58224695925,26354.79519691881,68289.63626564758,23172.42535808654,4311.610720925715,14341.03753655711,38695.88935333557,24639.36007382503,30955.35777255259,1771.077893985372,38113.43755734948,23706.83869372233,17002.56445146853,22007.78613753783,60836.82813040791
702,19345.61355812624,15057.67199249601,67490.07296651002,49447.14352848056,80969.93390315655,47482.06035620334,16308.34233325839,23169.90457648776,25443.61286499071,105815.9197795101,55973.05416616622,54277.43376039879,32551.15706560988,28091.69918715744,96430.27244216578,49562.70817370439,35378.52409186427,28193.57999600247,67492.7936394356,24452.45451678996,4476.511780553423,13877.76493653632,41560.2582283271,29305.10720147038,35041.86020051892,1771.101513487117,39674.64303773673,24508.56372761782,17517.29914054729,21978.95816727836,60808.16586631312
703,20258.47283870503,15604.2032255925,71124.26600473627,52829.85130612918,82405.75202547929,46886.77282313548,16873.23723268516,23816.54362455431,26789.85060542099,117605.1498561335,63245.2365148157,52333.33524744686,33083.48688978961,30957.70288128734,95413.88573570536,50970.39932381992,37794.26949587272,33419.30708419286,69798.67722290765,27020.34533000353,4426.849770576407,13577.15103073527,43954.03592484983,32470.87081617542,37003.26373231041,1925.075682097415,41844.10427856856,24999.06440296017,18243.9834047147,22064.1873027941,61072.87585621053
704,21409.86120571827,16316.55080401835,72300.15606851327,52170.51848686657,81301.4017035142,47533.70371368567,17201.1956861532,22887.39126892066,29375.69422535567,123138.9082158252,70513.85008249192,51459.28300055143,35775.5633179842,33691.50929502129,101464.6920428945,50973.85895217694,40121.1992817586,41374.17485464708,79945.53265187849,27665.75211232415,4768.758916431138,15196.65153641981,50474.44018305032,36186.89137716741,40491.2680993388,2179.952406928362,45249.19775702928,24469.59117322224,18183.42638426889,21695.7700437379,61737.40903367631
705,22254.92957677778,17202.43583757102,77287.53725527033,52212.40224542806,81918.87628690481,49989.7949889367,18159.46474971018,23214.6012981192,33894.11070729273,127747.9309260653,73734.55376888627,52511.13580568692,41707.93543417861,35463.09309495409,106336.1011900892,60797.91092038561,45595.08309189459,46595.19317494123,100130.3792887085,34455.20980840694,6306.422845703841,18764.60012136306,60352.74971780911,37799.55885860151,42247.97422768352,2435.235006720638,47931.00572649567,25283.38896071805,17638.41318379112,21469.14950927733,61952.9009428494
706,22564.24038653542,17640.11310896791,78057.76315938368,50075.97534546537,81792.00045636015,52439.33382552736,18818.48723679769,23549.34233707336,35996.40477389322,133462.0098637655,72901.16214870123,48823.56759306353,45483.79679001364,36939.86688485702,111120.8205964771,65703.42812336229,49934.21002179946,48233.83593734988,105274.7703886208,37601.24311129314,7284.844644326956,21195.89605480254,66168.67866962215,38737.04249937047,43596.67945109286,2482.205634984188,49708.04316227441,25496.83477198291,17204.42119334453,21585.04800284869,62109.0062627889
707,22876.87081437185,17985.4144509974,82038.2103289817,50081.27889583675,82547.74044426646,53669.44497552548,19325.06710657998,24945.30518366038,36918.04928540739,135127.712223009,69618.88089117389,53868.8787155447,48230.90645254082,34859.79979326606,115240.1962309076,74874.35101381545,52884.25445420443,50266.64077035867,109885.3844506416,38518.03157882744,7742.321362473516,23584.28164492007,73213.90277089285,37288.17666182673,40935.2739153953,2544.214831231178,49880.52823833042,25931.80621316399,16942.00743102272,21582.91808877389,62451.52431777956
708,22881.56439883722,17745.85659441367,78304.9018565871,50854.40911640484,81254.36638242094,53661.89761369248,17844.79985322783,22972.46038946603,37200.60070575454,122800.1066835991,73825.03806498233,43651.13149821087,46277.62187438821,31747.23618976555,113257.0544902103,79151.94804414443,53008.32435676999,49502.34364914795,102578.2749185063,37031.95336262339,7742.329974148879,25024.83513312975,69087.1276809134,35048.62903199699,36994.18423008693,2451.391835496417,51131.46493936596,25225.98904687968,16942.00743102272,21749.29882615114,62537.32800187558
709,22412.63922807895,17533.48050363938,77559.50008499341,48219.75334221606,79710.72316575338,53054.53050196839,17827.14506020533,22258.02794471366,37480.83320306638,110289.737976678,75457.19957533624,46260.78095768803,45941.42056988658,32138.52096895862,114248.6513868899,81030.63450801556,55767.18034021633,47145.4532671181,98059.32706754998,36002.6847720026,8223.640377101716,26354.92357810177,69805.85067660491,34877.34108517523,37434.37620186486,2308.692098626291,51570.83608160706,25190.22860673719,17204.42119334453,21865.38752610775,62613.60676263074
710,22107.41311482383,17686.60953415054,80362.99161578697,47621.59965787189,79279.18335572824,53043.39180528461,18171.02980632178,22577.00937788206,37736.90124701862,122629.2691001316,74381.0255446795,49979.89519669088,47035.09748152688,33243.83993118766,118202.023885516,79271.14334014164,55779.58974210788,46239.21225235385,105907.9508698213,37602.03775543893,8258.331967746271,26704.80890997385,70877.89188250805,36171.87849076769,37879.40245088161,2266.878664787339,52970.62297685313,25168.71554144966,17285.16388962448,21979.16683208675,62513.49241931019
711,22105.94271700247,17668.39588062809,84200.07921290907,48844.49446063591,79693.44451651644,53388.90717437158,18171.01637190218,22896.66117902737,37631.03918013024,131473.5983266679,73757.41577981527,54823.06966209361,47035.08259295965,34004.5346145187,120199.2069655523,77798.70834753572,55793.37997298883,45576.97327455351,106714.3769152563,37604.12281994328,8085.401872143824,26246.50726102672,72099.53399449676,37134.26145247526,39207.68941239781,2258.459549708315,53621.96601952936,25366.79377665169,17143.86417054651,22149.31739940396,62512.27763236814
712,22419.37888634644,17737.65042595853,85851.44834349172,50690.80670318577,81178.0643599047,53969.51972966437,18493.37034791627,24642.74737939312,37626.54260515171,134060.1569285057,70325.99004575118,59202.70066593098,47241.15316727769,35549.60834759002,120202.1316056621,75618.7076911768,55676.19365852928,46419.95950660002,106803.9436846339,38348.76561673172,7628.754378785688,25987.65544815678,72079.76909343683,39369.26769807025,41380.464857176,2265.811906571761,54878.852819645,25834.74175519115,16992.47161590367,22571.85161068738,62543.65942328506
713,22721.92438843959,17814.00629144838,86459.36014360815,55595.28539265063,83861.03957059258,54286.04578538144,18983.33124252138,27037.46868269118,37340.85135841758,137384.0901967486,65140.02188119834,61187.71231904316,48629.54104188393,37705.06527635059,119206.3699908841,72576.53905629175,54661.75818676956,50776.27976089317,106714.3700742541,39205.33443039151,7627.970284606998,25787.72192381246,72099.53525052054,40905.39547052342,41824.36839454088,2355.123755360187,52794.73597552405,26730.45760736601,17042.93580078462,22601.88163365961,62943.96592070006
714,22876.87485308493,17686.47539259949,86855.2408318426,60081.9535839727,86031.04158742592,53968.78601906764,18902.83852728262,27355.59520613578,35795.87836860307,138311.8431626448,64697.06403642469,60634.26329203288,46639.96480725919,38801.79824812296,115242.3828086331,72579.13356027055,48612.62853484334,51956.5149027128,97290.808683297,39189.10528158354,7399.873135783952,24719.20137112712,68684.74025835225,40252.07241008183,40087.95205436969,2470.343672348657,51663.18206573083,26069.49185447685,17254.88537822547,22740.03979606078,62921.80266347749
715,22876.88797475244,17446.70796507666,85293.11218007976,59574.19089411274,87054.83432212,53051.78267415473,18009.84982729528,26401.18081651565,35348.47501243356,128563.6121382992,67064.9764295195,61916.57099165651,46235.07413399051,37727.8055254092,114249.0268447501,70661.52245855225,44273.53837028882,52502.29131850345,97365.80967748805,37283.70663712978,6474.126011792952,23374.4102180407,65062.82607837476,40855.14112108627,39194.09309880126,2544.667590604962,51854.15155019644,25928.09349995798,17194.32835542746,22433.47384697791,63062.43576560122
716,22860.68731430264,17440.64030201586,82486.60219706543,58901.92965138752,85512.2160459253,51777.33264356077,18495.53838748662,25393.51934561192,34420.36289364738,131153.3317383169,67064.97494805581,67336.85131429265,47260.7370117052,34363.52418378486,116232.2374015776,76315.7402057289,49992.55850289766,51183.2736071727,98870.78268943224,39243.47698728248,7741.464437377776,22415.33546476999,65079.44837848,40855.58668131541,40075.35883242143,2711.933626815222,52910.70320892854,25404.64808165203,17194.32835542746,22570.86237125798,63061.48351061476
717,22720.85183960792,17398.60175330867,80775.01475675016,58037.70723273294,85239.45076917505,53040.86914822682,18459.31949251518,23867.32082897181,33789.60855764904,124537.9372740461,65758.19086917909,63067.39877656421,48392.93710873665,32763.7381313251,116145.8853463531,79151.9464820401,57410.65972764472,48349.42578499416,98870.85734829835,40166.78424303492,8193.910558820233,24414.16524968913,66269.43107827452,38396.70124815728,38454.79712177657,2720.600596283798,51655.94629843841,25207.93628791073,16861.26473474277,22318.97807543509,62958.99424525903
718,21939.60154624151,16929.84964107447,78758.642875975,55690.62313610669,83925.52731467674,54903.60455950987,17110.01232996097,21424.461418426,33079.36174717065,123072.383572305,63314.03811907332,59548.03914750455,48826.77371294014,29463.71014434319,113265.3500260971,77713.81747457793,53876.34796858921,43590.4484974748,95720.8416178967,40166.78139763317,8541.140588180117,24612.32280563576,61550.5808307547,34018.33381474311,35250.81634225475,2555.499208603422,48795.07381034679,25210.42253176662,16619.03664590288,22203.90228215818,63096.85972788498
719,20712.65256864846,16233.4884339239,72992.59436913503,51810.67420623304,81343.24639451207,52862.43005079339,15767.67790849624,20076.37291054858,31189.46015648616,128414.3268151513,62436.76965842526,56618.10220805807,46050.86667093902,26195.81159177585,106360.0934874659,71830.60892633401,50713.46869417516,38445.34343083359,92565.77783350657,37284.0683472007,8439.375147275308,22707.42859713467,54502.23235273591,31141.60738199318,33570.05740496828,2296.133471157142,45746.64727996173,24148.39436939817,16237.31925460716,22094.22506076496,63393.44784364396
720,19891.30311451942,15205.76450935724,65324.79081700944,49585.78862292971,78566.83255357365,48982.62117274379,14973.39473561659,18253.90429798298,26112.77975382631,100091.1505200548,54168.17869170796,48588.96448290207,38186.55617068597,22942.74177637685,99571.96039225932,61663.00151862312,43108.23845506522,32847.59119141458,79758.59148569839,32237.34855038945,7486.064093939296,20798.90537714479,51011.47557045518,24317.22153481523,29776.53250433159,1941.64939367067,40271.29167281542,23573.67945333995,16732.82903680978,21836.44832701342,62199.6140223558
721,19351.66109907857,14808.30090952576,63242.31795760765,49358.79678518794,78406.36927045595,47443.6875577627,14509.0044904026,17464.93597373,26124.27885324052,99717.00967613126,51028.83615918655,44452.15511843846,35858.31033455826,22024.97820432603,97237.52920439724,59927.69911541939,40839.1502314551,30598.98409741081,76798.11904043678,28409.65201641955,6564.372900919931,18936.04228426341,46224.63755393348,22706.76463269113,28686.26867664379,1856.596627740796,38893.9725468259,23333.20038015233,16434.47499831073,21773.26657752069,61744.1213826099
722,18965.54818487217,14615.24498244078,61993.15793581754,48901.07204409315,78438.83933653534,46660.98901877463,14422.05478971682,16833.6579017363,25220.02401897273,97041.73046842084,49541.45398357656,42935.73326104088,33914.98417115556,20958.55530743753,94783.30123207218,55889.99937306455,40520.72574065276,28522.32897737649,73262.65350771756,26530.10928197828,5901.397894152796,17365.97311440558,42739.68300286184,22392.52980243119,28466.84075491605,1810.435573116869,37262.48577430495,23333.74313435768,16843.3305317871,21562.17055170207,61317.02069826848
723,18734.78793314762,14469.29496529156,60768.47634706652,48380.67727396626,78176.29141784708,46379.33651567703,14096.95155308098,16519.24203158856,24621.72660329151,94174.5150614666,48229.372235902,40412.28919831332,31202.07688272027,20580.32109215062,91294.16896622791,51248.03385631154,40233.19775282191,27521.08034757047,70912.33925258384,24631.68838981272,4661.918744219121,16298.1102841657,40432.73007541335,21743.46005499639,28034.46846611102,1732.7806014756,36779.87903522114,23377.31942547786,16898.58127927576,21607.51969575318,61011.66134120438
724,18734.79038318644,14401.19892642218,58623.89686469246,47808.22425789379,77963.98552260138,46379.33652921577,14184.02159325888,16208.80464842845,24117.64679657874,92459.21628242268,48477.99303968822,40008.64335115348,30397.45883382334,20580.52476146295,89752.08499287337,50584.37585245384,37161.22321893273,26976.95857175347,65199.36756366122,23044.58068096429,4344.042350887692,15265.51814683362,38688.64899375336,22070.4980968362,28030.03972149782,1686.794740251293,36770.19143639552,23285.85517701104,16655.47799084072,21550.23697407315,60898.71147432985
725,18883.51891986794,14429.47104177027,59507.60810354524,47808.26948886286,78566.2249385847,46673.91668333919,15130.20031445612,17982.00274065958,24332.46796142643,94576.20369061708,50643.66086986028,44058.32942667427,30037.99292551918,23833.13736999298,92186.50778779293,49253.08639403796,36078.63160199537,26285.20697649179,64212.85812423204,22716.46475309369,4231.646824037848,14168.47927871536,38690.11020119953,23735.21128744438,29899.74706274143,1684.523290913735,37982.16879149017,23523.01187594271,16876.48098079537,21840.20109244859,60920.24282766741
726,19521.17562289396,14745.12556319243,65151.84650955022,48981.01869121401,80814.96625932923,47516.34244994893,16394.13176548299,23098.58911908745,24742.62890011536,102255.5979712758,52847.2121479846,54184.32714674859,31459.942693477,27157.03118903493,94975.1176513541,49255.03800060238,34609.16295217059,28146.90243059095,63460.40784974257,23982.41712874586,4393.46778174748,13705.86247088353,41557.96592991539,28366.19606353151,33955.06031727781,1684.545876244351,39523.55217587847,24355.36446623061,17440.03860878518,21806.43577152581,60899.85557179205
727,20434.03489656452,15254.05002075886,68836.4958898504,52252.12540760724,82251.50884991705,46957.83577666417,16942.85409808934,23738.70948376434,26091.4363517046,114539.9638715416,60068.27176127278,52033.18180610665,31978.13016609436,29968.2595268237,94026.61438234788,50583.22236101649,36877.36118211648,33437.74036295537,65637.82993818243,26522.0682400503,4344.733382863632,13405.67410341846,43954.6576200754,31508.37301896972,35901.4939436312,1831.778342930941,41665.46850380686,24864.60328302968,18235.64937468221,21906.26205436007,61088.14182436928
728,21585.42325486447,15917.38101264953,70028.71175434183,51614.5450562452,81146.60130782124,47564.79493413927,17261.42331825328,22818.9237911017,28682.21585406648,120306.1345249502,67285.78768177115,51066.0428438263,34598.68647734044,32649.81715218852,99673.29347212095,50586.4865885968,39062.1684108901,41491.72317464426,75219.40088027637,27160.37733151541,4680.256183971204,15022.88210188023,50482.99929725516,35196.70720742483,39362.87701896936,2075.49538479942,45027.32866630546,24314.90307955832,18169.34847924101,21474.7461733058,61560.81934495238
729,22430.49161952874,16742.30835964236,75085.33665175633,51655.04700112013,81764.38744929375,49869.13240338674,18192.25777321665,23142.83525893333,33209.25713154018,125108.7315603152,70483.85013416689,52229.9181545341,40373.45387507742,34387.54226096598,104219.346142244,59855.67335516925,44201.72225148863,46777.79366941009,94279.74340313095,33875.16975737891,6189.198881078399,18585.78002591112,60373.33389648545,36797.35943976748,41106.175541894,2319.600530544424,47675.08663038226,25159.78962763256,17572.64040224291,21209.31246413795,61714.09714173916
730,22739.80242694562,17149.86908892182,75866.2562040286,49589.10431824106,81637.44760123086,52167.32228761885,18832.4128829931,23474.20181739954,35315.56407666895,131062.7960749178,69656.31717610119,48149.62328982598,44049.00231151603,35836.09179884059,108684.4989914403,64484.12557510564,48275.82708289577,48436.85338275389,99137.53886722626,36986.60538881707,7149.345243112892,21013.63430343967,66196.34269534732,37727.85831796596,42444.58712132294,2364.514567252518,49429.56162509342,25381.38951086078,17097.48397332534,21345.0608291696,61825.13369804809
731,23052.43285241615,17471.41027000613,79901.96703240438,49594.23289581289,82393.56891155502,53321.42891339555,19324.48970662959,24856.09214571252,36238.96783182549,132798.456260434,66397.11003691488,53732.2609189939,46723.12979483154,33795.77916269183,112528.7457045144,73137.07217682687,51045.69080642384,50494.98629671377,103491.2941790185,37893.31171699263,7598.276989382264,23398.63897999969,73250.14308932638,36289.78731825369,39803.49407540936,2423.808713816833,49599.85671669257,25832.97776177165,16810.18008535415,21342.56612587875,62068.76425025817
732,23057.126436846,17248.33637260617,76116.82612090434,50341.85628612091,81099.54225419741,53314.34787823986,17886.60152430673,22903.13534100587,36522.05858895998,119953.1036686191,70573.69833445265,42426.32185675389,44821.7379267075,30742.70319379039,110678.0559896663,77173.06933101194,51162.18285600887,49721.16628425334,96591.2660024165,36423.57625400196,7598.285440204577,24837.15327200968,69118.34439319833,34066.92553527973,35892.48373836146,2335.049938558513,50834.91069909305,25100.19691822999,16810.18008535415,21537.44280093935,62129.79577438774
733,22588.20126963641,17050.57386563101,75361.07535398363,47794.12211431967,79555.12016414349,52744.50798375493,17869.45217631506,22195.90499597906,36802.82599667719,106917.3120398011,72194.38590796618,45313.89943477451,44494.46844760438,31126.50969818043,111603.4251351491,78945.64705818657,53752.53540224379,47334.90982171257,92324.07014842451,35405.62677322578,8070.605694163391,26165.35889116201,69837.94230481859,33896.91377674296,36329.31605870341,2198.598256795638,51268.70329509534,25063.07035522647,17097.48397332534,21673.41394889955,62184.05229118709
734,22282.97515869117,17193.1660983732,78203.4899486298,47215.70249817013,79123.36261282317,52734.05751052308,18203.49172991741,22511.6708191774,37059.38282570076,119775.0910782129,71125.7772761861,49429.09998312477,45559.0897574776,32210.70369111836,115292.755893523,77285.53244336823,53764.18687154118,46417.37734137801,99735.44466594803,36987.3912940735,8104.64929846314,26514.74893782261,70911.28852799934,35181.80617518703,36770.94575991276,2158.615608665049,52650.71757132094,25040.73544629879,17185.88516982226,21806.68017424154,62112.84170128698
735,22281.50476088093,17176.20572506261,82093.85083154922,48398.25200161686,79537.83279664839,53058.22462076481,18203.47868011635,22828.10025246107,36953.31868831145,128990.8732501653,70506.55142738027,54788.07336629368,45559.07526445338,32956.85989969744,117156.5491408939,75896.26099078747,53777.13483254021,45746.88708329422,100496.9444643805,36989.45342863091,7934.949275004312,26057.09604436318,72134.41776945152,36137.01886085235,38089.09491455434,2150.565121420398,53293.79073249699,25246.38068023761,17031.18307530883,22005.97233594934,62111.97763234464
736,22594.9409278529,17240.69487002256,83768.14721031788,50183.65138404952,81023.20173210173,53602.96303491019,18516.60387530375,24556.58438696754,36948.81353022863,131686.0647156756,67099.24828283663,59634.1358291114,45759.67118306682,34472.40402522651,117159.2784472566,73839.38738095402,53667.1059401784,46600.37664708176,100581.5214410463,37725.90721266928,7486.831264860844,25798.61065289825,72114.62880818067,38355.37309537205,40245.28721240774,2157.595558062696,54534.71926758953,25732.20524051704,16865.43083284282,22500.87374997275,62134.29926747901
737,22897.48642765648,17311.79669380355,84384.49912503884,54926.32330135832,83707.53068694845,53899.93198615869,18992.53751401503,26927.16481904947,36662.57695337732,135149.5998430566,61949.73697062312,61830.55156641314,47111.17390013381,36586.66564025023,116230.0227409742,70969.04128105454,52714.62943432581,51010.97522178138,100496.9380044929,38573.05613673022,7486.061816373279,25598.96014732855,72134.41902700416,39880.05588115885,40685.8027707717,2242.996920642812,52477.06374753898,26662.13929296531,16920.6815803315,22536.04699851744,62419.03431019423
738,23052.43689112922,17193.04118709281,84785.87613424912,59264.96897209482,85878.62761794408,53602.27465787934,18914.34925190035,27242.08435075677,35114.65490470557,136116.3175018057,61509.89307646129,61218.16012235598,45174.45453223394,37662.43773906105,112530.786242931,70971.48924672318,47034.96420700292,52205.915706056,91598.36616352298,38557.00546370568,7262.22517665297,24531.95215427261,68715.4671363511,39231.60043254591,38962.63917945723,2353.171976256016,51359.87679360758,25975.92327968237,17152.73472081401,22697.86743365696,62403.26974970686
739,23052.45001279662,16969.77213931523,83202.05922960916,58773.95820370696,86902.93692596658,52741.92993518894,18046.92622693514,26297.29128735728,34666.39754083561,125958.6705642982,63861.15927549387,62637.03381365181,44780.32054774278,36608.97127533812,111603.7755165595,69162.18535612908,42960.89389541815,52758.49231683624,91669.18882888972,36672.56093827463,6353.769606146792,23189.06463963569,65089.14392754423,39830.17595393417,38075.60237130674,2424.241649289189,51548.4216033577,25829.12321523343,17086.43382279748,22338.79610252924,62503.30103223404
740,23036.24935246943,16964.12199172087,80356.5842752112,58123.87595871383,85359.54029353784,51546.22398249347,18518.70984533717,25299.78791951339,33736.51383297793,128657.1557867378,63861.15780444483,68634.57492760911,45778.73474551825,33308.98842352266,113454.5294513782,74497.05130421756,48330.61179709927,51423.04007778985,93090.31932402888,38610.7792309123,7597.436070348803,22231.34751841968,65105.78646230905,39830.61819449747,38950.14207202018,2584.184004077642,52591.55858434855,25285.68109807223,17086.43382279748,22499.71508404856,62502.62370032464
741,22896.41387883295,16924.97611257968,78621.2335288553,57288.16565089543,85086.63738808401,52731.69072015218,18483.52787333972,23788.97480984723,33104.55550721827,121763.9213986128,62563.56029067837,63910.42495658653,46880.85579928758,31739.77764606081,113373.9447623564,77173.06785713565,55295.63552832997,48553.88344195741,93090.38982362625,39523.93265865195,8041.431183837604,24227.34783110152,66297.217751929,37390.05279402233,37341.94887972032,2592.471493499231,51352.73289639605,25081.45450648737,16721.77888885723,22204.69070295903,62429.72384599457
742,22115.16359137876,16488.4788000651,76576.86678146341,55018.51569675396,83772.0509695021,54479.33383373101,17172.8504811548,21370.74154445985,32392.95297100157,120236.8159132109,60136.58969693696,60016.25291866856,47303.16671115033,28502.82013218848,110685.7974751236,75816.16477806708,51977.18994103229,43735.61085956979,90115.86245395649,39523.92984454178,8382.17548240922,24425.22488227116,61572.62315328742,33044.30657727674,34162.42165527647,2434.5990089068,48528.18393509969,25084.03573000674,16456.57529936645,22069.90594165033,62527.78654129917
743,20888.21462307088,15840.03415837189,70730.76371703205,51266.57262687555,81188.46711232234,52564.27678796732,15868.9462051003,20036.24293993015,30499.44391852841,125803.1154075009,59265.48834833382,56774.27718869623,44601.00690537268,25297.37799168723,104241.7360184083,70265.24149337345,49007.49075010989,38526.39947267896,87136.56825896373,36672.91867053447,8282.310865734615,22523.0271741517,54515.69457919366,30189.01331971963,32494.49067610655,2186.589504177135,45518.46224151546,23981.43589273975,16038.65175124481,21941.44436267236,62738.74746837583
744,20057.19533034057,14977.18263788962,63365.13355210565,48336.44878620699,78115.1653749691,47792.18700388117,15138.60989069727,17865.81528448053,25494.51675461064,95500.54304505784,52420.50701445923,48512.80711789023,36627.36210012309,22427.78690332831,97674.8887266312,61003.23357823306,41763.25435324799,31781.13627174026,75774.3987364719,31096.60703773054,7359.113128123602,20713.40303089873,50998.80276947208,23046.27248224732,29041.28683745955,1833.338864870797,39462.690656122,23188.86032136234,16600.88869257715,21647.15137993337,61887.73786006013
745,19517.55334421582,14593.4014505437,61461.88340570433,48110.16053909031,77966.67665474037,46429.29916535647,14661.25000612164,17087.74647340627,25505.01242118889,95146.30803448253,49556.70130541962,44596.79817807291,34344.96268980594,21456.17400310004,95314.01017220347,59255.89047922847,39545.01495027964,29774.75892717961,72824.25751739135,27409.60704021452,6437.89984805066,18819.80051840136,46218.74987822861,21568.46072383138,28021.24772546732,1751.543234695626,38164.53966655217,22908.96210562951,16305.80950479074,21583.46492984012,61330.95302186711
746,19131.440450985,14406.99134166266,60320.22915382905,47653.85457516367,77996.72364408396,45736.13715392622,14571.87194637335,16465.18944058942,24679.66454825419,92613.3646955579,48199.86511379373,43161.31468658907,32439.9033440191,20327.17926494516,92831.97762497547,55190.17445899448,39233.72614933385,27921.81014105636,69301.12977695047,25599.151588557,5775.268605378587,17223.82337107454,42738.7350918067,21280.10781823699,27815.95332172647,1707.149939413171,36626.83055596633,22909.59382768183,16710.17727989151,21370.68265297815,60808.87392624025
747,18900.68021179654,14266.06555399701,59200.94666111276,47135.07283608355,77753.76834809808,45486.70419111033,14237.68912251982,16155.11719212449,24133.57567960617,89898.69695344885,47002.94341417301,40772.55836785275,29780.41700486681,19926.75234229094,89303.31608942749,50515.99986179412,38952.64148042315,27028.42037435499,66959.01746546439,23770.5118929646,4536.432146985271,16138.33955529013,40435.05216525853,20684.49864451365,27411.43045824848,1632.468801507908,36171.96399374925,22960.31311053304,16764.8215735487,21416.39404942683,60435.60892615479
748,18900.68266183524,14200.31367467543,57240.93493977374,46564.39421233933,77557.30576756543,45486.70420310028,14327.19088264006,15848.96846827414,23673.48281585433,88274.65913185502,47229.74302902669,40390.4569445731,28991.64301380614,19926.9679618004,87743.76145327072,49847.73695211397,35949.50793758239,26542.91376602288,61265.98246022208,22241.74228789019,4218.720578103589,15088.70844009499,38693.44323924567,20984.60022627144,27407.28697241713,1588.243990511264,36162.83323692991,22853.85611363154,16524.38668196651,21358.65374902724,60297.54133106313
749,19049.41119043705,14227.612541796,58048.59182573491,46564.43930310911,78114.60310321233,45747.58596279233,15299.7947859165,17597.6700181466,23869.55828567693,90279.01409365442,49205.33244995808,44223.99276360871,28639.25549337696,23370.42602238877,90205.76444518521,48507.2101115784,34891.17650867351,25925.68066536344,60282.91566460658,21925.68707961873,4106.383330293201,13973.56714768637,38694.90237549666,22512.19945865456,29156.56505320243,1586.059527396574,37305.14628055513,23129.88735410578,16742.96385659522,21650.9341227431,60323.86081471236
750,19687.06785882232,14532.40087228429,63207.07325518259,47733.55341728861,80195.53223762268,46493.6427263821,16599.02571893429,22643.5713019423,24243.92781678579,97549.83298018767,51215.4803280827,53809.51970062825,30033.2050761605,26889.34768361077,93025.96718141407,48509.17525970242,33454.63771456613,27586.82617697225,59533.09123248499,23145.10621707162,4268.120381016114,13503.31662150368,41558.69304909017,26761.75357346522,32950.67252146562,1586.081247811307,38757.93113483688,24098.67853328848,17300.33565546433,21616.89908187929,60298.9398522791
751,20599.92708290175,15023.80595359745,66574.61268832958,50994.52091439338,81524.87292345388,45999.02623003374,17163.07294442318,23274.84847211282,25475.03581751779,109180.6200361002,57802.75506208256,51773.19081944656,30541.18871069911,29865.52346751026,92066.71807685935,49846.5754569768,35672.00706806094,32307.71200426731,61702.91472289588,25591.40611518806,4219.411251767411,13198.17479491077,43951.9875377332,29645.1253952418,34771.73488945027,1727.675377798854,40776.73037185347,24691.39138066694,18087.21348616536,21717.52278462198,60529.09709638667
752,21751.31537865243,15664.30222993339,67664.22353650516,50358.9168259774,80502.41904048991,46536.5525054697,17490.53926770207,22367.76952060894,27839.73907425906,114640.0066696746,64386.79712951702,50857.67248426059,33110.1425929226,32704.4201734317,97777.36983480997,49849.86233396461,37807.85415956155,39494.08471026105,71251.04864491777,26206.25256337428,4554.760078455259,14842.06861664152,50471.07558736477,33029.67025668904,38010.16766945051,1962.059160690727,43945.35121969623,24051.58474759837,18021.64033530498,21282.55992202546,61106.88837960517
753,22596.38369740836,16460.83201740885,72285.66291462281,50399.29322982412,81074.10292816772,48577.28609015574,18447.37036516754,22687.20618608941,31971.74229664262,119187.0857690101,67304.16897223848,51959.42644969994,38771.19672165452,34544.10545203333,102374.9258955735,59183.36495578597,42832.23387484399,44210.71666909916,90244.87586883354,32674.22603978839,6062.9203624768,18463.75852316117,60347.39108691632,34498.48490610361,39641.17901927452,2196.816184838277,46440.91637692752,25034.9644411743,17431.48195973214,21015.00590828398,61294.25200710553
754,22905.69448802191,16854.36274742979,72999.37461822553,48339.75420409091,80956.63595866135,50612.57534067927,19105.40393168352,23013.99495092314,33894.24897399674,124824.3695367471,66549.26771977045,48096.91557246508,42374.3684545297,36077.64792471355,106890.6656006974,63843.93249182284,46815.04061405165,45691.05524447875,95085.71897663774,35671.29309136209,7022.568871889544,20931.67523559892,66162.14603552039,35352.34332453187,40893.38249910202,2240.010217343679,48094.54436159918,25292.88880482073,16961.54103377099,21151.8386415375,61429.98081069824
755,23218.32489650876,17164.83509334892,76687.7622916888,48344.86688497172,81656.33176150321,51634.65833978982,19611.22363430285,24376.79461186464,34737.07479731172,126467.6854541544,63576.11779571674,53381.58231378996,44995.83861731262,33917.62094374388,110778.4647656563,72556.91905984613,49522.83345720831,47527.47711723513,99424.28089220815,36544.67116615525,7471.267839224688,23356.03527854034,73205.94798810761,34032.71891855819,38422.40424885973,2297.033666621344,48255.05091197434,25818.50105041209,16677.39070573484,21149.32401036781,61727.78978883421
756,23223.01848068362,16949.44036224313,73228.3798745602,49090.1729196699,80458.8717659233,51628.3873371917,18133.17765073565,22450.8176969406,34995.46252762182,114305.7585084355,67386.13128958984,42679.09289740806,43131.88782171876,30685.40723740479,108906.8081148193,76620.92067820799,49636.71499422106,46837.0163667072,92548.33189657061,35128.95949719084,7471.276285665102,24818.28673868398,69080.0059287994,31992.94295443295,34763.30503829974,2211.673950491512,49419.114141165,24965.6033412193,16677.39070573484,21345.75737506937,61802.39346916176
757,22754.09333894843,16758.48569426447,72537.67086901872,46550.33578018717,79029.70208181039,51123.73407954661,18115.54935026591,21753.35766363488,35251.72964831292,101963.524666577,68864.57280322415,45412.54726131503,42811.06273764516,31091.73340049664,109842.6610034622,78405.7977424647,52169.0193911368,44707.81784308781,88296.02737034562,34148.42728942964,7943.351633340843,26168.40930386387,69798.58384309283,31836.93419971047,35172.00065931847,2080.447750188292,49827.9723913282,24922.39102089869,16961.54103377099,21482.8146708584,61868.71551981859
758,22448.86724458458,16896.16928695395,75135.46030429011,45973.70905061617,78630.16441188996,51114.47908457097,18458.91806740561,22064.76121569311,35485.89885050798,114137.2169207706,67889.75483776863,49308.10074630626,43854.7201608265,32239.54194505943,113573.7891313429,76734.164135317,52180.40975843452,43889.12595763088,95681.53825026716,35672.05010870995,7977.377585438459,26523.56469489941,70870.40864679677,33015.99654668512,35585.18465828349,2041.996256410769,51130.5486544676,24896.39499107976,17048.97190413191,21617.14543690243,61781.66915876807
759,22447.39684685426,16879.79276289057,78691.00720447759,47152.59308858766,79013.70478307895,51401.56321081091,18458.90465314551,22376.81921013419,35389.09006732924,122862.6815370056,67324.87779659695,54381.04122478391,43854.70595319021,33029.47850379733,115458.6977679665,75335.25298252351,52193.06756388138,43290.86383030977,96440.38062600809,35674.03644436654,7807.765554399252,26058.35999348147,72091.80415815262,33892.53322196182,36818.43083139132,2034.254066369163,51736.65804828497,25135.74943174055,16895.96788036357,21818.02955949297,61780.61293865767
760,22760.83299679878,16942.06191315777,80221.2095375472,48932.45839419997,80388.22815071532,51883.98646324287,18780.77490897641,24081.42452083484,35384.97803773318,125414.4777196303,64216.63009928852,58968.44718318433,44051.35185683623,34633.94643875653,115461.4579953375,73264.10739946453,52085.50434885862,44052.41178111396,96524.66245252744,36383.42003207327,7359.879901253657,25795.60929076357,72072.04324683486,35928.17290147204,38835.74115659136,2041.01526912696,52906.25816159085,25701.20997589081,16732.03499939202,22316.884283497,61807.89844652763
761,23063.37848016659,17010.7161053019,80784.51669741307,53660.42978512673,82872.23921812997,52146.98375444244,19270.00057463654,26419.25563730253,35123.7189977949,128693.7385178105,59519.08603013705,61047.63017303051,45376.24158996088,36872.26131872509,114521.6745140557,70373.84490679784,51154.37223433794,47987.88146802653,96440.37418866348,37199.42988373954,7359.110851738538,25592.66431836442,72091.80541392279,37327.27532123769,39247.88277549227,2123.146146279366,50966.87643142841,26783.57809457699,16786.67929304921,22352.33849861523,62155.95270877554
762,23218.3289352216,16896.04867565893,81151.35021848034,57985.6272612048,84881.3181707246,51883.37683286336,19189.62864571922,26729.82458929634,33710.87151064333,129609.0228168445,59117.84677633209,60467.92485951137,43477.65894260758,38011.15381864698,110780.5284218532,70376.30985809966,45601.98468420908,49054.09775905396,87572.85589069384,37183.96919324949,7135.390275216863,24508.04944557727,68677.69973214885,36732.22984966676,37635.70945114255,2229.101996214891,49913.90524819696,25984.87808638397,17016.18532742817,22515.45156764745,62136.68243414482
763,23218.34205688827,16680.46551209378,79703.84047446634,57496.13844434141,85829.18845800418,51121.45094595107,18297.979952959,25798.08374121284,33301.72991938281,119991.8045185245,61262.7447906477,61811.06677639933,43091.28600903254,36895.8757260291,109843.015354433,68554.45179958772,41619.21169125657,49547.14841070403,87643.43140463847,35368.79212816032,6227.40575475617,23143.00271646709,65056.5166716374,37281.50374991264,36805.80735303374,2297.45002262575,50091.61252513571,25814.01466960479,16950.61217402074,22153.51194752944,62258.95861732801
764,23202.14139744122,16675.0098669646,77103.25406149625,56848.07121353433,84400.96770680264,50062.52736047839,18782.93969521476,24814.36077591412,32452.98959611057,122546.7192166485,61262.74344871099,67488.49170705581,44070.04003100693,33402.26799632689,111714.7369528054,73926.33463758585,46868.5976377328,48355.55690309457,89059.60254925178,37235.76637147344,7470.427356222405,22169.48214271883,65073.13561636569,37281.90956537008,37624.01729182401,2451.26730956042,51074.79011889586,25181.49194348454,16950.61217402074,22315.71636206167,62258.13066072743
765,23062.30593140128,16637.21155792984,75517.25184919922,56014.95129814489,84148.43016431812,51112.38304236266,18746.77514984601,23324.41938808161,31876.17713110292,116020.2332795078,60079.03471687801,63016.49121351584,45150.45877553475,31740.9845449123,111633.2392992804,76620.919194105,53677.53962705954,45795.47831600814,89059.67280282489,38115.35456660029,7914.192250507094,24198.41879484482,66262.87810629533,35042.36112340417,36119.40903634847,2459.237425668905,49907.17198133121,24943.78868792844,16589.95983537395,22018.33530386991,62169.01937756799
766,22281.0556863886,16215.74036675366,73648.82830950938,53752.33641824232,82931.94467846354,52660.10512887206,17399.49274006802,20939.59375711378,31226.67035780821,114574.3760934857,57865.07680370789,59330.16893705997,45564.4537932641,28314.10013399467,108914.6373055404,75254.60100838057,50433.45829000216,41496.25104104359,86095.52570711722,38115.35185592976,8254.759867221563,24399.56104877227,61544.98040571662,31054.55191862035,33144.67755923913,2307.410742275621,47244.97775197202,24946.7930235985,16327.66722429125,21882.47387167882,62288.88920020308
767,21054.10678473478,15589.61798819467,68305.85518838424,50012.02298225897,80541.16061183842,50964.12036881183,16059.17260817492,19623.53110835048,29498.39243258514,119844.5255365364,57070.43111294969,56261.23227048268,42915.50330376295,24920.58024554807,102397.5694323578,69665.16168258587,47530.30816488867,36848.19859223848,83126.62842098218,35369.13671107838,8154.947032091096,22465.97485388431,54498.05470706796,28434.43464371638,31584.17927281521,2068.898878410766,44408.25449653249,23663.45587900798,15914.33096862349,21752.98613187792,62546.76350024213
768,20066.69623862021,14977.00309946486,61640.47283546485,47487.65857790345,77030.65988349223,46172.18784409609,15107.02477028027,17483.66798414227,23520.54243431456,90788.55584648423,50429.37824261048,46998.92541222833,35541.91222358494,21966.10182555898,97042.65572926486,60485.33182945399,39332.11764824588,29957.20011882918,71777.41869147096,29808.47213643864,7287.642573837053,20617.77503108958,50673.09903454004,21767.91474596857,27999.19715330194,1778.323967311113,38250.1658252316,22982.68657778395,16682.90526491275,21563.66010935184,60940.97412171643
769,19527.05423565838,14611.29721154042,59710.06451057009,47254.91293194731,76874.71701783533,45001.16002795554,14642.25070660309,16706.14457377515,23530.0021257659,90429.75902588309,47641.07584955782,43381.04698948922,33279.94138069816,21019.30576488999,94525.94593851974,58668.74223381766,37192.85737493524,27986.96579238301,69086.0702556746,26402.20731617351,6374.801080885626,18738.41075004138,46014.22093154719,20321.35523408527,27026.41917051993,1701.16409012474,36973.17289949717,22706.59411536403,16431.40876797849,21488.08510610549,60555.71890783869
770,19140.9413303807,14433.66663288211,58552.11957299135,46785.58574557779,76906.27236840593,44405.57763773078,14555.22914200362,16084.02393301143,22786.12024272366,87864.19664600154,46320.01220751343,42054.84859978891,31391.93322811116,19919.14769746412,91880.08531140648,54441.90354061756,36892.65183152158,26167.39615187433,65871.99891833637,24729.60337861101,5718.191687685025,17154.43395223941,42622.42484572279,20039.10031495143,26830.63660336182,1659.286777063433,35460.52631845028,22707.21724794288,16776.05211498594,21235.58208166217,60194.47758111807
771,18910.18108399241,14299.37815807141,57416.86562545643,46251.99996500375,76651.12069746283,44191.25850635165,14229.85720759482,15774.16903501883,22293.93309444418,85114.56963066173,45154.64696335095,39847.95120104577,28756.25056493417,19528.9484392351,88118.51230796493,49582.49330441457,36621.57501950899,25290.09996926812,63735.34177622774,23040.19977995812,4490.613507187176,16077.11202349386,40377.14049700887,19456.08687585282,26444.85636170536,1588.838179545839,35013.073451433,22757.24690482333,16822.62554002253,21289.82657055965,59936.20494584355
772,18910.18353403119,14236.72305614656,55428.88577377039,45665.03636168309,76444.7956799435,44191.25851665374,14316.99921114696,15468.23491137879,21879.25371247027,83469.61758039,45375.46707933986,39494.93962323104,27974.53647872228,19529.15855141263,86456.01831196657,48887.74740730596,33725.36630774925,24813.33931004034,58541.71214345092,21627.83359401733,4175.789232353754,15035.37321444839,38679.68152030119,19749.84201425306,26440.90485460989,1547.119801953008,35004.09151330825,22652.23739506492,16617.70247029572,21221.30770377159,59840.67206271185
773,19058.91206727338,14262.73620313981,56248.06741380125,45665.08273917054,77030.06938564901,44415.41474483893,15263.95994890556,17215.71067884187,22055.9755463697,85499.78446446433,47298.97072090497,43036.62370404766,27625.30299530788,22884.66415048209,89080.5273206887,47494.09603307077,32704.71615662894,24207.2250884883,57644.88209831554,21335.84342913473,4064.472881163974,13928.61680731272,38681.10366731173,21245.13611200609,28109.13422223461,1545.059142902071,36127.78643585873,22924.51546117483,16803.99617044205,21568.14898884985,59858.88325958156
774,19696.56875555381,14553.16963423384,61480.15711785279,46867.55888704084,79215.46132618879,45056.4456484011,16528.93603907408,22258.07495139988,22393.39292016713,92864.23637286773,49256.12169705975,51892.39283251274,29006.77606196648,26313.70586644229,92086.87926744277,47496.13905921593,31319.32449457881,25838.44661173088,56960.83389090771,22462.41367916516,4224.740100537716,13461.90215298626,41472.29697925211,25404.82214172832,31727.45058485628,1545.07963231611,37556.89290840146,23880.13406535539,17279.04510885446,21527.76051814681,59841.63973918789
775,20609.42800811483,15021.43055352226,64895.74921353716,50221.58189188736,80611.53501894833,44631.45860311868,17078.11189060035,22888.90961698708,23502.98436378054,104644.8037706881,55669.72505238917,50011.09214243526,29510.21299977674,29213.86446601682,91064.31433767584,48886.53988258868,33457.74569602366,30474.29008025191,58940.315760827,24722.44766028421,4176.473629324636,13159.05472552052,43804.92122857341,28227.21742403273,33464.1382824375,1678.648939829879,39542.7885128893,24464.78784427348,17949.70243111801,21647.16796903008,60000.89206112955
776,21760.81633978929,15631.76078119595,66000.90812088874,49567.84010009878,79537.75387068435,45093.31481949184,17396.94440817367,21982.46649806583,25634.27950507183,110174.4959470133,62080.18096936671,49165.27333012024,32056.17351485719,31980.25035609845,97151.9011658147,48889.95701717523,35517.54718841385,37531.2069789449,67650.86667601917,25290.47853300809,4508.774878378497,14790.58790632629,50158.74978589932,31540.18711373808,36552.52584529408,1899.74906294995,42659.76522787879,23833.68061004553,17893.81432237664,21131.00919892063,60400.68222983357
777,22605.88468491166,16390.77566465456,70688.29252245219,49609.36869168247,80138.13633446374,46846.76490206536,18328.54819766482,22301.67924892492,29358.43320873869,114780.1319659197,64920.63724222362,50183.14942795066,37666.5584988841,33772.94657723913,102052.9217328927,58593.34255336632,40363.03677287805,42162.87320848506,84978.51419955224,31265.96823356687,6003.229327805493,18385.04587859057,59784.69976302216,32977.93978433638,38107.96809463852,2121.201273943015,45114.65612816588,24803.68936977365,17390.82132850811,20813.51002244783,60530.32443528556
778,22915.19548517586,16765.77191197749,71412.18844165889,47491.05831973865,80014.77251385406,48595.53707456851,18969.23239553686,22628.23894555685,31091.17879906338,120490.0122214182,64185.63871836028,46614.69619530947,41237.48011971687,35267.31946140026,106866.7256056196,63438.60648610383,44204.03798404535,43616.54486396023,89394.70805558244,34034.83291179549,6954.156759042238,20834.40602009166,65452.0501293639,33813.74110337783,39302.15365166109,2161.947292234742,46741.33226614109,25058.10675678977,16990.28987275928,20975.88575927566,60624.23904227662
779,23227.82590341691,17061.6216531426,75153.2070795692,47496.3168969266,80749.59310100171,49473.73672426121,19461.71592058917,23990.08332865118,31850.81347079868,122154.4906292735,61290.87493533691,51497.0348387187,43835.48686950329,33162.46367362678,111011.14133787,72496.88516955548,46815.42143074105,45419.88530804476,93352.68191444599,34841.71032241744,7398.77804717167,23240.53700008048,72317.29104308745,32522.02365309805,36945.66240587507,2215.738947529591,46899.22278196701,25576.57229535501,16748.10806170067,20972.90171386986,60830.30151685619
780,23232.5194877382,16856.3715679625,71644.46145848166,48262.89110787722,79492.02051951125,49468.348519693,18022.63932391416,22065.45646035083,32083.69703139313,109835.9433647894,65000.43864945228,41609.33894113781,41988.21932590402,30012.80684662982,109015.9448423786,76721.94151983429,46925.248281562,44741.86256449567,87079.9060709245,33533.79362676213,7398.786416852657,24691.79361067726,68295.94200120927,30525.38415810643,33456.09900874595,2135.216978334711,48044.31339217142,24735.27136706294,16748.10806170067,21206.0039224758,60881.92191821976
781,22763.59433137235,16674.41046953192,70943.89647132106,45650.57675578628,77991.10640490873,49034.73763440691,18005.47580198915,21368.48532364392,32314.66929721316,97334.76722643361,66439.90152832103,44134.69210419334,41670.26577992924,30408.75466748697,110013.5692746593,78577.55253650625,49367.39144654342,42651.01956807407,83200.62291621769,32627.92100222073,7866.571645832159,26031.76443733712,68996.30389810982,30372.67462199964,33845.85867297092,2011.427999909504,48446.50781892274,24692.64660115308,16990.28987275928,21368.64614164521,60927.81202523766
782,22458.36822748537,16805.60945003784,73578.75472243092,45057.49531050738,77571.51191255059,49026.7855078647,18339.79143922899,21679.67059202969,32525.72482033457,109665.2313120902,65490.78432484221,47733.67237072792,42704.58196951787,31527.24600095838,113990.9728019824,76839.67276910951,49378.37626640816,41847.07565399277,89938.26077086567,34035.53228840579,7900.288377433579,26384.24937106995,70040.95784270702,31526.80257057392,34239.89875663603,1975.155737795347,49727.85389239427,24667.00403724086,17064.80735325199,21528.05286104938,60867.58218034347
783,22456.89782970914,16790.00422635521,77185.03703306345,46270.02017833057,77974.30604052334,49273.45547431135,18339.77837864227,21991.50984405568,32438.47155139485,118503.0617611138,64940.80008509152,52420.40372884896,42704.56788904676,32297.00607908804,116000.2959887063,75385.32333605776,49390.58339802044,41259.59066137348,90630.53584832863,34037.36738069569,7732.217743862066,25922.5426013279,71231.39086351605,32384.80255461465,35416.00534945724,1967.852335015949,50324.08454225299,24903.10399500638,16934.40176184703,21766.43666474212,60866.85135170623
784,22770.33398943299,16849.34062855421,78737.0743877518,48100.6760146283,79417.83058926658,49687.96577499931,18653.16237175329,23694.92028236373,32434.76539982004,121087.719770103,61914.50033813275,56658.56489964957,42899.45371771004,33860.49285446143,116003.2384065768,73232.09909556575,49286.8499089931,42007.42003553225,90707.424290313,34692.73715571785,7288.402378698675,25661.76755363476,71212.13089315004,34377.39323769252,37339.84831363615,1974.230347793731,51474.62179302745,25460.87601805052,16794.68148673727,22358.41419419858,60885.7309681202
785,23072.87948224032,16914.76135037602,79308.41958529924,52963.56557899953,82026.53920753367,49913.9397215404,19129.48936954066,26031.11265592592,32199.29394231199,124409.210625561,57340.80550676151,58579.4571630471,44212.48505342685,36041.63691954454,115001.4239404805,70227.29667535021,48388.87021431633,45871.99590350861,90630.52997568205,35446.61446859914,7287.640318139281,25460.34854957871,71231.39208745233,35746.9079285083,37732.89431348214,2051.706471893724,49566.84929998587,26528.52726531005,16841.25491177385,22400.48676094914,61126.55957918388
786,23227.82994212987,16805.49451928511,79680.4875892123,57412.18760548396,84136.47408148253,49687.44196510696,19051.23648483988,26341.46390927453,30925.90161447236,125336.2818823126,56950.14479677026,58043.88551917174,42330.89562972161,37151.43994109583,111013.3412069594,70229.85931166996,43034.17220826685,46919.00530166266,82540.88960650825,35432.33098442534,7065.952865848276,24383.88903014054,67903.83430430344,35164.44627058603,36195.41727371161,2151.657292624534,48531.04008919882,25740.68711627784,17036.86329779586,22594.04866781599,61113.22592987261
787,23227.84306379696,16600.06487642436,78212.32279464003,56908.73065479907,85131.92753169569,49032.77590808375,18183.0965348836,25410.376180954,30557.14435790418,115595.2138188822,59038.4932651359,59284.77241051078,41947.98091887969,36064.64817001807,110013.9470147832,68335.80175897517,39193.20354183884,47403.17410529838,82605.27408337063,33755.36494603888,6166.219912401832,23029.10625618449,64374.44857335249,35702.10431837521,35403.96675047803,2216.131706630501,48705.85098355987,25572.14691550326,16980.97518688361,22164.54462220906,61197.83228743299
788,23211.64240384441,16594.86618088653,75574.62765472473,56242.17007032716,83632.00998651126,48122.92189170469,18655.27008237061,24427.34277317678,29792.17897713123,118183.0305033628,59038.49195857906,64529.96808524304,42917.97462377488,32660.27381966952,112009.2127447118,73920.57012990555,44255.68814090602,46233.04800825155,83897.21562509218,35480.18422719507,7397.945202297188,22062.90570401314,64390.64622627621,35702.50155178922,36184.26684327946,2361.231425816019,49673.00414375452,24948.22454953225,16980.97518688361,22357.02825313673,61197.25940078924
789,23071.80693344158,16558.84809395733,73965.99419174655,55385.27610726462,83366.79503954208,49024.98453520918,18620.05903247894,22938.44578537027,29272.30080611656,111572.497004314,57885.99132656027,60398.42642108855,43988.72310328424,31041.42270408182,111922.3357886037,76721.93997691688,50822.20169284779,43719.08685116815,83897.27971586966,36292.7989078025,7837.677257165305,24076.58653055901,65550.22863271511,33510.31429749262,34749.37109621336,2368.749836992445,48524.41656526078,24713.75332584162,16673.59058120797,22004.13412251188,61135.6007777493
790,22290.55666405354,16157.22732335737,72070.9094272627,53058.09487499567,82089.24188666944,50354.82662765865,17308.29836563953,20555.29183892066,28686.9036209888,110108.0201855335,55730.40370135071,56992.74833704554,44399.01266740314,27702.06743218017,109024.2908036328,75301.47515696858,47693.62399358401,39497.30614910194,81193.15402930678,36292.79640352756,8175.149869010331,24276.21637100648,60951.93008048527,29606.8378879267,31912.46685244455,2225.527904241867,45905.61241602291,24716.71681180349,16450.03813972982,21842.91100261969,61218.54210622843
791,21063.60772411845,15560.59401263212,66651.6954515218,49211.04723629246,79578.44027196005,48897.59348371127,16003.31641290991,19240.15170689251,27129.21542720458,115446.0381899887,54956.70858852362,54157.45354650804,41773.77155297889,24395.22448945232,102077.059870204,69490.52862307757,44893.83884785035,34932.98403363099,78484.69484931864,33755.6832917596,8076.244111345832,22357.16904981986,54083.64460795529,27042.1299373521,30424.27060844216,2000.533658413668,43115.12382219381,23450.82909816716,16097.75094138083,21689.25137264366,61396.97264492186
792,20299.35936599998,15130.34714132032,60137.15237890388,47522.00942602889,76873.23859243105,45393.71546432396,15093.83297563131,16907.03742547115,23279.37151786146,116598.9447645683,63719.05414172522,50387.98004083565,32667.91048936104,20663.72392342208,97246.50527120287,48619.53548926517,36538.38467567557,30396.56117610052,83654.46217765714,26637.83041167356,6524.392928258876,18102.61477498916,48508.31728561346,21545.16262513156,28195.40612833985,1846.716434265874,36985.46535032884,24300.38521084418,17294.68540934852,21453.53160699111,60438.4346966727
793,19585.02613876562,14607.82815925487,58824.3283417747,46635.67041611861,76070.45950716414,43484.04076978758,14641.36237720814,16019.32345164492,22884.14714500452,115556.4533092875,60056.75794529583,49663.76007438915,29843.38135598499,19172.55231551122,93230.64737139922,48019.50133493885,33183.81438764982,26591.01783259764,78438.88073082162,24853.31533401818,5706.928583173843,16381.69598513022,44868.57654751708,20164.23541253948,26834.21212410674,1719.211390201607,35749.63973573395,23172.37413239729,17121.51010077579,21721.80281296267,60213.91284484389
794,19301.28381739166,14456.24223193328,56278.99847197127,45316.73663343333,75913.5541659372,43061.40524008073,14084.92501029469,15688.17954099261,21955.13088897104,109793.8619878079,57320.8705431185,48247.61188948078,28625.86477794532,18952.50642957104,90537.34684387727,48582.94867006755,31571.43453773268,26048.6356931572,72861.34246320584,22594.58739360579,5080.327530121222,15210.1335027579,42451.99607090005,19725.66260351588,26163.68900171445,1654.863353050929,34646.77192657458,23096.26892684138,16849.32318821028,21627.82317231458,59897.32180413826
795,19199.47643483669,14328.25415367005,54626.10386948402,45341.70741079732,75874.43293477503,43201.18190113187,14213.48288379832,15367.91882174442,21342.74298449527,106164.7466314886,55140.70957817316,47080.6369631056,27095.76333422042,18742.91404414447,88251.92888166769,47633.61069717534,30017.56640835437,24754.3055297185,67024.97064103371,21276.75674835109,4568.114543464821,14375.28435205671,39984.2042225161,19063.76132819579,25621.85590594136,1592.338403375697,34658.03307240843,23027.13619049973,16902.29097920842,21721.77861861779,59806.44172345792
796,18910.30185365246,14179.21992945092,53783.52064879973,45096.38658364313,76728.95810034298,43193.88051246633,14333.3509520937,15671.01653813019,21331.30156557899,104663.2094363916,53317.32695533745,47075.21849355272,26677.30892775558,19807.73208463543,85056.83490551233,47330.74678284394,29859.9377478492,24292.12023521988,64125.15218904083,20620.37861332875,4204.286965482654,13783.01010539261,38773.24648290198,19070.18260187079,25242.13154682175,1532.258331613423,34108.57838386081,22762.1766766177,16869.59330000886,21811.24391818457,59805.42628706797
797,19185.1957680232,14252.18416508508,53724.19958401507,45096.50315081165,77831.5189964403,43936.47767816795,14716.38612494626,16884.71521769618,22133.73117625883,104532.9116568054,52087.54482864708,47077.04457110123,26541.82534649021,22086.29098393927,88777.74751308815,47002.53475468329,30630.60969670709,22824.58756938275,60552.43898608684,20072.13615345155,4001.055148304344,13173.26782395885,38741.79507316988,19726.5329745706,26033.22328325129,1521.698263424235,34672.80796857314,23436.98982772675,17333.81942914606,21945.48593978318,59742.04902109823
798,19770.75307506548,14473.96230731343,55662.62151021944,45182.16021777092,79501.29978815441,45711.80466642016,16296.72862206869,20657.06734869791,23411.89071791949,106538.7110885741,53316.18460687808,50334.39603283425,27932.59311089611,24081.65245037411,95971.46881718795,49254.96251418923,30565.2764562225,24269.33362410473,58341.03699792257,21371.02055647806,4259.045340471711,14851.63596931329,42935.54056765536,23862.21829615269,28170.71658802955,1532.763852556845,36939.65103321213,24509.89174164617,17629.83417607285,21990.13981249439,59794.38094027995
799,20469.01582137574,15150.85135798526,65606.49340026951,46132.85810819418,80849.36807588986,44945.30705795641,17123.84157872089,21771.42154519881,23944.38081719936,101078.3276096048,49766.02206371408,56340.61127030941,31499.99487312685,25471.51346163439,99638.22958199418,51550.39859520224,34829.51564355655,33477.35550152034,55757.66267332371,24137.17933910038,4637.61525251508,16865.85539214698,43651.13241984799,27483.41926922239,31626.00454866709,1668.078321019113,40623.34103583245,25336.76357976433,17886.97553802833,21739.74610369006,59770.76281684323
800,21306.47204886893,15452.33193330238,63888.18927429519,47522.85768655022,80530.73094946504,43282.86918544224,17466.15733458617,21060.54216038703,24881.75311844608,80399.75325536563,47200.9793789292,51881.40577779253,35311.67366134484,27713.12486901163,99909.21886618517,63265.23914697272,37691.24524593039,32240.09983055096,53299.01487409975,25388.02966152234,5007.661620527852,18584.38575951144,49306.12054062048,31691.3147639237,35081.9296212503,1846.248439740003,41668.54453900164,25151.04548035343,17116.70148310727,21369.05285444,59924.09666576063
801,21932.69096142356,15938.263643839,64382.06879763558,49947.61634146336,81292.25978119434,44568.23144835279,17502.85574960303,21133.29748831942,26599.8932641781,79351.03634037278,49061.18353978379,47035.77899011313,38243.52250407965,29650.13730666455,99909.21884688966,66063.78498266403,39160.55668384826,32748.65230491388,55872.77721509243,27633.5120220527,5958.088648226919,20424.215060357,56898.42147048327,32986.35035143465,37147.59720151308,2036.519595848967,42379.17158210984,25621.82398374733,16496.83960876469,20977.02656623327,59961.81396913565
802,22313.7782096495,16278.42084970969,64938.45869718067,48498.95804115365,81823.10800958026,45861.85244618596,17607.56425894912,22099.66243795817,28427.58660442587,83024.38522622481,52337.2659010982,45544.74232257706,39918.13582138859,30927.31952622376,98424.97498023648,64649.22940457096,40593.18903714005,32745.42459796655,62526.29723715536,29152.39115613287,6837.286945860936,22591.35621994305,62844.78943343132,31657.2041496037,37972.65256124442,2148.797611227251,42601.12826684942,25127.9352790333,16002.72653137813,20782.3262762418,60142.44289138912
803,22499.33791128502,16383.20776892368,67751.21023704621,47522.00917955443,83422.35261588081,45522.1802946899,17984.25517685934,23214.97119441054,28891.76980929287,83663.20476754877,51971.28684425277,45742.71784534254,41572.69936226008,29312.00647315203,96192.11444003867,65866.03882774967,41557.0028430418,36382.10089814074,68465.76305400878,30650.53093057518,6775.663416792122,23833.89951064761,71119.29565587582,30302.37114065931,36710.22478048593,2180.738695087415,42924.8220279259,25336.85973503875,16017.21703313851,20826.62152361978,60090.65290116056
804,22318.82604064275,16104.43213736898,62575.00784492934,47522.37627669554,82118.59600106766,44640.24322731124,17299.64271839962,21779.19993589873,28582.13478485015,80025.89801687158,49768.83851081415,38967.50406830775,38220.1764219959,27936.71509382943,85727.21450272722,71532.12577282128,40416.13963275723,33909.1356997852,71359.11861953026,30674.33447834878,6500.507809719276,23866.75065657072,65647.33380688535,28787.98847419439,33237.91300521537,2147.347637965566,42450.90140598135,25038.97609134995,16544.57668638459,21006.41294840171,60102.03731994807
805,22132.67629670429,15722.15975093516,54933.57597386846,45525.03043311956,81241.75953803142,44229.31387241584,17400.01673643124,20814.7396116134,28554.91051364911,83852.48058651174,47904.89133520095,37314.77755769762,36011.15650738585,27036.97685762962,87226.2121626714,69046.12552712287,41573.14997062959,30396.50702901401,72712.3402717356,29396.12066935623,6569.496427699244,22386.5738769982,63005.35528129184,28439.65455037604,32826.56936310601,1994.885748842351,42182.17862043396,24893.92484061647,16815.22894472182,20827.65901923216,59873.28271503506
806,21857.61395425502,15616.79130705853,57095.88350140105,44676.50330019157,81543.09530769735,43820.98261532801,16829.90008023983,20956.68840412386,28216.89111016023,84185.16041603342,45730.51915435152,38240.41322236109,36499.3851353945,24417.91692323738,93225.64652650952,64978.85924044187,41621.70655740089,29691.1722691517,75698.31683576858,29646.89777198632,6776.135205201356,22120.99788136729,64347.46928368579,28584.16288202501,32803.81569612871,1976.82606445282,42716.87300969595,24771.76748918194,16915.48834794739,20827.56548234194,59759.44838307215
807,21676.61918689078,15592.02935728198,59710.61869421534,44216.90944578773,81964.40008589561,43950.84063009407,17298.73716371704,21454.89732952059,27751.97580895541,85576.05917800315,45326.474757002,41080.37077534154,36460.20175026129,24070.0077844123,99966.06066017669,64720.79155383014,43167.90111349609,28985.63993819984,74251.82989293749,30650.00973365298,6839.067913511252,21105.31392850072,65545.86561835646,29006.20386077115,34061.46123240438,1938.981140101551,43816.14209648232,24418.15617918281,16848.67769632049,21096.11625463886,59832.68802990481
808,22133.12166309081,15911.00391425147,62637.49367923276,45097.39708065552,82303.94628905853,45229.37266235522,18107.91518497452,22820.86597088567,27818.00666867325,89099.77859358433,47931.21068301905,45543.25490858046,37680.95272947102,26962.4673948345,101391.3708016603,61764.97728582558,43819.60920210087,30864.92847084138,75698.71085887338,30907.57691412108,6898.953389090731,22462.56957056451,66764.61270345899,31197.48806569711,36530.98039395609,1977.255418140687,44832.53646291255,25909.62561156992,16826.12564517076,21583.09618254886,59560.58061714948
809,22665.55897628801,16307.35282376107,67589.63971895956,47959.36320898952,84295.57688711397,47314.47750981237,18883.57359114137,25629.80772821105,28880.25223180017,94449.52363942623,50502.55501979504,48960.96606969627,40735.43337878636,31787.66474616992,108056.3017441022,64292.22440466234,46369.74123032726,36058.96795036403,76361.13516156805,33399.51667038377,7346.879118418547,24127.43985688996,69197.17644145529,33206.99331524444,38380.63522068156,2037.805207951741,46152.07131122601,26298.53503299804,17115.12219057527,22213.99384554648,59549.2175916926
810,23058.56853038381,16804.02689793656,75676.76218018364,52477.26951171161,85552.12560661275,48865.79752689883,19614.12634665353,24977.22480730901,29753.35043864563,97679.22660685494,52336.43015511124,51399.97457079082,42976.25262372487,34096.17097498567,116242.0281390689,75448.90263753994,45709.53405095411,38949.87572691371,80762.12404266956,34158.83073782711,7531.009475289914,25060.82257776612,66913.77178633673,34760.19466113506,37381.88152860149,2097.676629834352,47097.09099041831,26568.48275630499,16567.0467933888,22126.80630452564,59675.26104424892
811,23232.66409254865,17033.36264974007,75355.23948732752,55914.19721739716,85208.97055466073,49595.551171317,19284.44193508077,24948.98401853305,29686.50396527845,97088.90012012984,51629.90306227585,58959.32803533957,41981.64495574938,34783.16313526695,108212.4611469914,73009.6796413926,48352.10905422944,44501.90515487406,83656.1723128366,34914.65761308915,8041.913113045677,25890.59547915227,63145.82735665326,33677.14519180587,36932.89186990364,2116.983739080759,49570.36379371915,26544.82562862338,17209.66606354433,22383.87530310758,60005.56456023436
812,23232.66409361098,16822.57031337215,72894.2103104012,53916.68977424023,85310.45866517207,48613.81469772942,18898.63517828942,24015.13695677405,29157.92278409316,96499.88425650184,51550.97525721807,61245.59077381759,40331.1032478775,35210.5638698574,103484.6501288509,69983.79397007392,46804.31103694905,45440.24977999245,82932.03010821735,34913.57743992504,8031.55235638085,26006.97635841137,64330.75853765581,32102.17464719816,35502.4245008924,2279.59145711627,48419.94083248077,26169.49995073541,16829.11664443537,22040.2717888006,60531.21745629202
813,23048.54090367369,16819.55395479651,72925.07053476582,53475.81116342143,84015.91023060074,47840.81029350216,18089.33221109414,22577.04770977891,28553.82096131701,97588.24752018659,50264.67679075605,57541.64295491875,39765.3943518478,33964.2290644498,102135.6157551779,66100.44382464634,45150.7820752159,43591.74184446468,84377.73393379331,34334.88143231774,7783.084396902476,24748.76796131066,66026.75454167572,30332.5494988004,34058.45879975522,2299.650029844333,46352.37692928278,25503.27117288524,16626.81335391309,21856.22490488307,60589.197222967
814,22393.39520573159,16527.80550980701,71140.31297364588,52293.41006369545,82924.17883314301,50419.55066135671,17117.27081537381,20335.48410843922,27366.04833763095,97608.5621781943,47565.78349504475,53483.39481789617,38219.78941204527,30053.47488414835,98361.28827548721,60422.4195062196,40750.09684498363,39619.63948274754,86573.24997282324,33135.55388586382,7531.496941804528,23195.02750805459,58666.48430021916,26828.40128123327,31593.76903735967,2245.668633557973,43146.73663263886,25746.84537900422,16481.1132548668,21896.6233577698,60421.16159090278
815,21312.7573828879,15857.90890845874,67319.23424618955,49543.62456253519,80767.83376499829,48292.97832787017,15801.08392167131,18901.97131128295,25846.48110625584,86674.68898928323,42467.92452714896,49039.107394306,35576.52419309153,24421.25323804245,93062.32165346023,54749.79503223352,38275.58273565417,34646.60098557889,88568.98227740303,29717.67304524069,7027.936956200901,20222.5156651026,52166.15061518008,24418.64981841518,29738.79795209143,2020.960074418121,41161.83757196353,25787.65346216345,17154.78663178508,21859.79875767918,60479.72729477933
816,20299.0547471436,14944.28541813916,59062.72553089009,45952.0824755493,76704.11352451831,43982.33367249869,15098.91011953649,16760.25954521424,21609.07414172389,107726.2978880152,61740.86682486493,47980.45315095108,31627.42999001647,20333.46531561944,97212.29142121483,48379.31538036831,34424.97295527934,29026.51581451181,77778.12343037294,25735.29645157879,6390.352976144901,17985.55098200148,48240.53191976938,20809.83936423828,27787.74010343715,1780.433733606108,35258.61354473486,24294.35333076768,17129.37569558915,21244.29297742933,59059.69772051068
817,19584.66690717491,14383.81563197997,57781.36776137237,45060.60418860713,75877.42783411751,42019.10168704517,14647.75954696966,16010.66433332263,21246.00192364762,106838.6436815402,58149.02067321655,47306.84622521909,28978.39068523801,18971.5845698161,93371.43770142755,47827.0484577699,31288.16698409737,25341.87287866917,73092.0164747471,24080.27661978286,5605.789554064968,16309.10101689536,44589.65326996863,19458.37162190941,26412.85355722102,1657.368308809447,34108.05297068848,23227.68540439496,16948.60365093933,21457.81942051469,58862.29958493177
818,19300.90289292227,14221.2199461068,55297.04532941097,43734.02280605298,75715.8498823244,41584.61324119442,14092.94551583609,15731.04285929972,20392.5626727514,101931.9478992419,55465.76238121006,45989.66737153796,27836.51920254189,18770.61758944626,90795.50657843004,48345.64114715976,29780.45591925922,24816.72197688573,68080.6977679896,21985.45568897519,5004.407647419606,15167.81190187927,42165.6778545602,19029.15493427138,25735.58549915065,1595.260816632214,33081.27685873715,23155.7189287569,16664.47662892376,21383.01773496906,58583.95482397756
819,19199.0877269137,14083.93603237881,53683.76793564664,43759.13837196984,75675.56362850172,41728.30997267475,14221.12833797141,15460.6112689636,19829.99353463411,98841.85109748642,53327.54025173091,44904.24798380843,26401.48395477979,18579.19774704507,88609.68320010527,47471.87761717589,28327.45824499319,23563.51210305664,62836.82172649963,20763.25483443791,4512.809969721347,14354.53539062882,39690.33435629505,18381.37407077292,25188.30198823574,1534.91293354538,33091.76104862768,23090.34574765347,16719.76797477576,21457.80016338873,58504.05365470855
820,18909.89103753964,13924.07738102738,52861.3800711998,43512.39509620584,76555.53638741764,41720.80381478956,14340.64670630826,15716.55023538403,19819.48289402295,97563.33145048616,51539.23327011639,44899.20819094604,26009.02839222799,19551.6915763504,85553.8259238834,47193.1239483589,28180.06216112904,23116.01022836845,60231.38654032657,20154.50748104123,4163.625554101315,13777.56560797296,38475.67098450772,18387.65835871891,24804.75790047126,1476.924799762129,32580.21565387147,22839.79518069057,16685.63593613281,21529.008726853,58503.16088971249
821,19184.80596830404,14002.34104406503,52803.4808363382,43512.51233926808,77690.93133271087,42484.22729847698,14722.56442239387,16741.41043327018,20556.6335320101,97452.38629927338,50333.10794267149,44900.90665072428,25881.9624938157,21632.68981738322,89112.58755997388,46891.04006622455,28900.70539213514,21695.10041807103,57021.36741561768,19646.04882182857,3968.573316141808,13183.57916744072,38444.12333082586,19030.00673760583,25603.80739808673,1466.732424337913,33105.51655977096,23477.91085024022,17170.22641982041,21635.85665069457,58447.44001426708
822,19770.40804280839,14240.22703905447,54695.44192594236,43598.66607329484,79410.43787186928,44309.34376357297,16298.29646976477,19926.82508071559,21730.8126862244,99160.27205117646,51538.11289653178,47930.61393003679,27186.32095420325,23455.04503635265,95992.81886280912,48964.15763486422,28839.61330543768,23093.94753768307,55034.462150298,20850.67828847548,4216.180039599363,14818.57800369919,42650.70203800123,23077.46503488261,27762.80220575367,1477.412718888012,35215.96015870786,24492.46654174766,17479.22653934952,21671.39823099754,58493.44989345522
823,20468.72417322067,14966.27886588747,64400.9752990722,44554.87641412128,80798.65137120763,43521.34954339769,17122.99642877094,20867.79773032706,22219.98383741546,94510.89834214322,48056.24333043244,53517.07711642408,30532.07772917044,24724.39924115131,99499.78850029691,51076.85973914005,32827.03637214886,32009.43468398754,52713.3463715704,23416.10779952878,4579.513446707595,16780.74966515354,43368.48366123516,26621.41453415231,31252.84764792375,1608.015650439882,38645.49619839652,25274.37168948424,17747.64800282398,21472.10111367066,58472.68499465222
824,21306.24442653926,15289.65611987971,62723.85614224582,45952.9356545564,80470.5252930871,41812.28819672608,17464.31352162838,20267.52354427299,23081.09935546084,76903.63315405106,45540.5432881636,49369.5089158957,34106.93443992818,26771.65349350194,99758.9685375833,61859.11087203085,35502.99476141774,30811.48607156351,50504.29515248382,24576.18883002176,4934.666361402777,18454.8729249955,49040.77651960036,30739.5425370796,34743.53661088507,1779.982034259219,39618.58651826004,25098.75325472448,16943.58409211745,21177.05338127813,58607.49510623331
825,21932.51121524723,15810.88128344383,63205.89817266278,48391.75383559195,81254.73230541708,43133.69875668193,17500.90487365182,20328.95892443565,24659.46596571686,76010.67813146609,47364.96348742554,44862.52496776081,36856.6256108564,28540.71879036397,99758.96851912866,64434.87141046774,36876.924802007,31303.8820615779,52816.77473528698,26658.72536062289,5846.841046172997,20247.16073391451,56656.31052661759,32006.95098969728,36829.9831836924,1963.628107439655,40280.18427849055,25543.93002611524,16296.53054072545,20865.02593646313,58640.65591131605
826,22313.62759863849,16175.74427020321,63748.95230672809,46934.6957511741,81801.38909087048,44463.59966978848,17605.30790913906,21144.96786486818,26338.47343737176,79138.43862663386,50578.02523634749,43475.69130905814,38427.19411568703,29707.16392952327,98339.40544729152,63132.92509570321,38216.55680684389,31300.75689743471,58794.84386767547,28067.38540529265,6690.653781524572,22358.3026092762,62620.87487389596,30706.15960820099,37663.33795196965,2071.996695986551,40486.82719606033,25076.89982527577,15780.74204856937,20710.05716059695,58799.46367187047
827,22499.20148682205,16288.14191358068,66494.28674409178,45952.08222764572,83448.25889072295,44114.40133025305,17980.89987884528,22086.74655515285,26764.89457270441,79682.37675692956,50219.08636400948,43659.83105863527,39978.95854970555,28231.90532497867,96203.84912892543,64252.86733679484,39117.80395383373,34821.89762028599,64131.34802560524,29456.81106414571,6631.510447460451,23568.73837685552,70920.70177886539,29380.22939903828,36388.21113982057,2102.825617952456,40788.1879019407,25274.46261567207,15795.86820975719,20745.31329844426,58753.93025305396
828,22318.67581555225,15989.11867429804,61442.14954660507,45952.45145333345,82105.67665731447,43207.73012348231,17298.28469081572,20874.36588695945,26480.44886834199,76585.3051971349,48059.00559872936,37358.1117813854,36834.73003600762,26975.85750363317,86194.99153130152,69467.89114463693,38051.00069050764,32427.497418732,66730.97642349283,29478.88728200768,6367.42917469607,23600.74064376146,65431.99526801327,27898.15322253392,32880.97063682042,2070.597209584245,40346.96514656378,24992.77838881907,16346.36171583974,20888.41558663766,58763.93935918323
829,22132.51183995531,15579.08166122685,53983.87043127471,43943.52435980243,81202.72817482783,42785.27615496061,17398.36588031976,20059.96523262751,26455.43933651826,79843.54016602569,46230.9143875026,35820.88818155805,34762.95796267589,26154.1303639512,87628.6654514945,67179.79521647698,39132.90287914631,29026.46338765406,67946.82195510656,28293.42842562324,6433.641171014161,22158.81187577543,62781.93206670776,27557.25034415869,32465.48920092742,1923.443916254201,40096.78272701576,24855.61527066009,16628.8867624642,20746.13907751747,58562.81981492905
830,21857.42846823557,15466.06025677179,56094.35094666002,43090.07719519756,81513.0376651478,42365.49314853086,16829.91246750797,20179.82831728865,26144.91836917414,80126.80833919726,44098.36968572531,36681.83461124726,35220.85262909304,23762.15396242171,93366.6547847564,63436.31391739035,39178.30738054197,28343.53679721903,70629.6686690699,28526.00761949504,6631.963247550228,21900.09840757924,64128.15305043136,27698.67586386784,32442.50664994141,1906.01305500944,40594.58620040496,24740.10104279873,16733.54427666662,20746.06462823246,58462.73741888916
831,21676.41986332498,15439.49983471537,58646.41516835915,42627.8184686472,81946.88881775748,42498.99306288048,17297.38177797463,20600.52128372851,25717.82469474851,81311.12225427949,43702.09771975762,39323.31809016732,35184.10373311405,23444.4100119996,99813.33326396049,63198.79035964014,40624.12961699394,27660.41891243955,69330.02593640088,29456.32768843577,6692.363069621046,20910.65989521245,65330.21657832343,28111.71339655987,33712.80311198637,1869.485859353251,41618.01188165607,24405.71971447168,16663.80282103693,20959.8135879418,58527.12923473008
832,22132.95724039133,15781.64166663166,61503.13769658178,43513.41145240308,82296.54664085753,43813.38183670842,18104.19912449619,21753.95987245324,25778.48383508939,84311.47716926162,46256.72744114548,43474.30784489535,36329.00866153593,26086.08118555854,101176.5308410049,60478.281138967,41233.5316113716,29480.00329006326,70630.02269180569,29695.2042308826,6749.838302560569,22232.84382811288,66552.69313164923,30256.25069746028,36207.16369562207,1906.427458960071,42564.28073373903,25816.08051419283,16640.26147192092,21347.4179582431,58287.89418692693
833,22665.43525988139,16206.77758739607,66336.58880985224,46391.9721756099,84347.48761103654,45956.96395635622,18877.59464517304,24125.86045513541,26754.31396914266,88866.64514637663,48778.607913188,46653.16788043823,39193.71244529561,30492.91359346037,107551.0155566264,62804.34037893295,43618.12000470368,34509.03046154071,71225.19911922338,32006.31371261035,7179.736126425313,23854.69359224107,68992.70071855639,32222.88695318734,38075.42459634602,1964.868955601488,43792.77507357147,26183.84038289266,16941.93552026005,21849.57149142933,58277.90388967325
834,23058.47486063545,16739.52533761865,74229.87603316564,50936.07474390783,85641.45610718358,47551.79112033963,19606.01610523736,23574.81242920202,27556.38419640702,91616.65274613311,50577.20556725307,48921.72314592984,41295.30813592002,32601.26260434034,115380.0220747129,73072.86311162719,43000.77064408158,37308.09539276072,75179.40917568313,32710.52734236103,7356.455690727251,24763.95754999687,66702.30865382162,33742.9536860116,37066.62422699809,2022.655704519826,44672.59369177748,26439.10789200726,16369.81752614045,21780.17587571981,58388.72046424662
835,23232.58373288348,16985.5178549888,73916.05971893348,54392.93085556519,85288.08196447884,48302.01088306786,19277.29350631989,23550.96560390619,27494.97579393283,91114.00518343026,49884.26963762772,55952.78150346275,40362.49608800469,33228.68964938427,107700.3698013312,70827.82061212779,45471.80101096904,42683.73933234448,77779.65995634635,33411.50683176197,7846.796717587629,25572.28898305003,62922.83399839281,32683.00902868434,36613.118085174,2041.290556328565,46975.2245344566,26416.73727897851,17040.62677923102,21984.78608983474,58679.12114328786
836,23232.58373394592,16759.41557020459,71514.01742866573,52383.84122544713,85392.59237119636,47292.74137148679,18892.61229204175,22762.41511718082,27009.3955639004,90612.4735820139,49806.86013341253,58079.26583975917,38814.50360789073,33619.03293924638,103178.5886555477,68042.81819887327,44024.4794031556,43592.27316897301,77129.0310942493,33410.50504251915,7836.852955816046,25685.66256123554,64111.39116811795,31141.63750182446,35168.26133856879,2198.236409271992,45904.17430937092,26061.82244684902,16643.38367829701,21711.30002570094,59141.27171259003
837,23048.44646728578,16756.18013205994,71544.13798339375,51940.40625944928,84059.4925358475,46498.05787087946,18085.67036409642,21548.07711462125,26454.43842106595,91539.1864335094,48545.30564714861,54634.17316218208,38283.94257280084,32480.76061344265,101888.3428795465,64468.61193290562,42478.29045037039,41802.49150267821,78427.97021002487,32873.80272984967,7598.385218675426,24459.96647618751,65812.57706205122,29409.7639589863,33709.77047722427,2217.596559230838,43979.26072670432,25431.82431780783,16432.20588529345,21564.81066862837,59192.24714215163
838,22393.25068165824,16443.24185768532,69802.15817271978,50751.14922001363,82935.24958955857,49149.11963906256,17116.4448347965,19655.27673943679,25363.29305992688,91556.48383344685,45898.3298216103,50859.540898382,36834.36707123645,28909.0853002412,98278.49409959439,59242.60105641226,38363.27883270983,37956.58105403427,80400.6022332345,31761.50566996243,7356.923537917351,22946.37493195284,58429.78377679332,25980.37011606834,31220.28787270498,2165.494750131046,40994.79164276981,25662.15254624737,16280.11431388318,21596.96521134126,59044.51131951292
839,21312.53024108926,15724.69034512151,66072.66451866414,47985.41958313245,80714.68898438435,46962.90706766185,15804.09775021645,18444.80314026366,23967.34512983547,82246.57680251749,40898.53621307194,46725.84819841026,34355.32963620983,23765.20100467419,93210.4473287568,54021.56015612817,36049.39956727128,33141.53376267957,82193.73213243917,28591.64700932337,6873.630599328574,20050.6732842284,51909.55852588666,23622.0261430247,29346.65723605519,1948.61035556503,39146.83949183207,25700.74141675971,16983.33993406756,21567.65522316377,59096.00190120874
840,20064.74906154798,14591.40133795684,58332.83436649851,45722.589903522,76310.0784146469,42888.19152960832,15144.15858404501,17238.8555047415,20256.39832878366,77685.85075342238,44900.61964581841,40156.04710791772,32758.72682400548,20597.85357012483,96926.80819303314,56783.54107786481,34517.991169482,25585.22960483727,60769.52869673979,26667.17822759363,6794.963188097292,20133.68810842025,48715.10616533171,19952.01490250642,26027.11968339897,1638.953462783855,34299.04590656971,23212.21258222512,16257.57518569685,21254.47551136489,59811.41529102601
841,19524.76525723462,14186.10802920399,56472.36489852815,45562.94158333157,76144.99972469664,41589.81484602431,14667.15374334908,16725.12896003073,20262.0505191943,77408.91515605977,42484.2662357397,37216.32455143619,30695.75043419986,19762.13998126925,94373.27242593186,55274.18309417821,32683.4984903295,23734.07635540829,58467.10352227675,23774.53991923316,5990.50138413591,18373.45518753941,44203.17170296099,18735.4215810576,25070.53397249968,1572.512722465473,33235.46958175665,22968.78249091208,15960.17422204691,21199.83034116818,59221.95860247692
842,19138.40779369028,13989.24905772637,55356.37240400058,45241.01376974875,76178.4037275741,40929.46307814772,14577.84215993055,16314.08038848758,19817.57914635921,75428.69819356542,41339.42748211745,36138.71638857826,28973.8377690583,18791.05752219446,91688.69601154157,51762.21058114471,32426.06143206015,22024.48160955603,55717.49345277357,22354.14588653104,5411.849798914576,16889.8853796428,40918.35477694311,18498.03801906559,24878.01028312608,1536.453052805587,31975.62306343263,22969.33190547867,16367.72368999175,21017.25581052727,58669.2441717686
843,18907.5013871372,13840.42394421154,54262.24880302788,44875.00875514939,75908.30414077676,40691.83681582224,14243.90788977864,16109.3525513768,19523.49603656106,73306.41182898295,40329.51754955934,34345.49248637373,26570.02645457878,18446.63823697593,87872.08146179351,47724.65049952778,32193.60330934869,21200.20925913337,53889.60185473462,20919.48539311553,4330.01931113295,15880.85400425293,38743.88796179373,18007.70889641586,24498.6515052265,1475.791253640782,31602.95046185528,23013.44293928241,16422.7979421392,21056.47776488662,58274.07617183576
844,18907.50383872779,13770.98646888539,52346.29362955267,44472.39003848944,75689.89168918705,40691.83682724466,14333.34308156502,15907.21525473578,19275.72402007032,72036.76351406354,40520.88109808016,34058.65142187623,25857.08282468853,18446.82369782564,86185.26087684384,47147.4038451633,29710.00010065688,20752.26404181431,49446.49688389721,19720.08817931716,4052.573439074181,14905.15016379344,37099.96779772082,18254.76443514978,24494.76577251982,1439.868439955443,31595.46962421876,22920.8562952097,16180.47123320383,21006.9345961604,58127.90684067585
845,19056.32657444755,13799.81552185963,53135.79624946197,44472.42185041848,76309.45332282268,40940.36996723015,15305.22359547761,17061.8103138874,19381.31577853871,73603.7380425579,42187.79663607027,36936.46194056843,25538.57278152018,21408.64593506833,88848.17324341743,45989.45444743977,28834.7558615309,20182.78339898382,48679.26658191538,19472.12685476634,3954.473436631271,13868.550137454,37101.34508941327,19512.34478216215,26135.22680660753,1438.094049976084,32531.36777357616,23160.9232420388,16400.76824179364,21257.721235131,58155.77073820314
846,19694.38714514754,14121.68818004573,58178.32690089833,45297.24199383242,78622.87521007925,41651.1127584518,16603.48820516994,20393.40951768645,19582.92354284775,79287.95476745651,43883.87108160158,44132.2549496191,26798.5122403471,24435.3766934912,91898.51589824488,45991.15194577983,27646.73264925628,21715.41379870678,48094.0692910949,20428.82295276488,4095.712476934349,13431.42014222777,39804.50259147195,23010.74647356278,29693.31487116073,1438.111692977695,33721.63576896019,24003.48997507151,16962.5256172916,21228.517996484,58129.38742640348
847,20607.82458940705,14640.63803457278,61470.17180599537,47597.88283462651,80100.73708791501,41179.90851990651,17167.11591171356,20810.21563402304,20245.90733566701,88380.72895681275,49441.92403064873,42603.59604295583,27257.65985479338,26995.27533712108,90860.9881976153,47146.4005436598,29480.5057940846,26071.06661898644,49787.49881106195,22348.06917023089,4053.176579078319,13147.76996476882,42063.55455754796,25384.45265207314,31401.09471939463,1553.125402157057,35375.63987964772,24518.97787191991,17755.59485026859,21314.85660311296,58373.05018021973
848,21759.94219360984,15317.03610628466,62535.2907126366,47149.4586397568,78964.04908040642,41691.99143906682,17494.33867679318,20211.30904773724,21519.36176299131,92648.7952220486,54997.24939770432,41916.32235635802,29579.64223069588,29437.09610127364,97037.6521729982,47149.23975367288,31246.85970877204,32701.46305083095,57239.29934488865,22830.44736143812,4346.024422144879,14675.88159556027,48216.97978182628,28170.74437774894,34438.07485734827,1743.510047652287,37971.69391585149,23962.53206999588,17689.50574923191,20941.64346874883,58984.74596127553
849,22605.54579266148,16158.21384956773,67052.85078077645,47177.94454272167,79599.60461013409,43636.12860785348,18450.45811616574,20422.2198207634,23744.55335194093,96203.63319411677,57458.79955747109,42743.40192478357,34696.45962742068,31019.46495020895,102010.3873526185,55211.53542189708,35402.0414229883,37053.19110469614,72062.95106600049,27904.90026839219,5663.04553874321,18042.48982543108,57539.32187249751,29379.93092180471,35967.62615907143,1934.197868577444,40016.31279268882,24817.78657019269,17094.70382193206,20712.072899243,59183.10399088592
850,22915.05250586236,16573.80319298792,67750.51988958834,45724.92190449608,79469.01359009778,45575.07914547773,19108.00225992549,20637.98487986726,24779.87337903422,100610.7767601491,56821.84705405357,39843.84001750351,37953.23325772215,32338.51112920151,106894.6296319718,59237.3417006042,38695.83820424579,38419.00276096226,75840.9664928377,30256.25122362622,6501.071420208899,20336.58703672794,63027.92081476205,30082.86107742626,37141.93402811183,1969.283404208739,41371.13175340768,25042.10579720138,16621.06525295054,20829.48010259897,59326.79729145447
851,23227.88093963761,16901.67847323299,71356.00110575509,45728.52894518286,80246.8832243632,46548.78270142792,19613.44575123034,21537.78493737353,25233.75708435919,101895.4964000951,54313.23380037338,43811.00512404829,40322.68315678673,30480.60671081962,111099.6888902767,66763.63453095448,40935.1934969096,40113.34920396395,79226.97869820925,30941.46057500426,6892.903787920165,22590.1953476007,69676.62816153902,28996.49386591529,34824.66750535241,2015.602262287121,41502.63492085745,25499.23567423385,16334.67914075696,20827.32246234664,59642.0815485509
852,23232.57749680653,16674.21020189455,67974.3776353613,46254.34881423686,78915.63646680665,46542.80853148818,18136.49908747897,20266.1423119218,25372.90562157694,92387.48504254446,57527.95575909628,35776.71561363909,38637.92698935713,27700.48212021551,109075.2975073812,70274.12614069301,41029.37397430123,39476.3061943785,73860.67353170134,29830.76304042373,6892.9111638871,23949.45799209111,65782.11473445116,27317.26929548241,31393.18926257357,1946.26649556111,42456.35301767362,24757.4625740164,16334.67914075696,20995.86906261575,59721.06293479367
853,22763.35533010544,16472.55193473951,67299.19417695355,44462.47169272383,77326.79215050691,46062.04261334018,18118.88389833341,19805.63839776375,25510.91215516264,82738.51246856911,58775.39973959958,37828.70210656714,38347.94506476078,28049.9755202348,110087.5197665117,71815.90602832331,43123.59963421485,37511.8338699859,70541.98053919587,29061.48584252241,7305.157268032336,25204.48916720265,66460.3868224731,27188.83669369666,31776.4612239889,1839.674421160041,42791.33096598009,24719.88041560946,16621.06525295054,21113.46894837043,59791.27672956009
854,22457.93590046868,16617.95311823163,69838.59129071551,44055.65653583485,76882.61595291647,46053.22569580418,18461.9972296197,20011.2452393857,25637.0183828376,92255.72176712859,57952.89117779333,40753.06888555181,39291.26839955315,29037.24030219715,114123.1229991784,70371.94603432754,43133.01951260693,36756.48037272213,76305.97111233273,30256.84514209158,7334.870885278262,25534.63037012311,67472.09179300055,28159.487636709,32163.94235558028,1808.44114246954,43858.53292158431,24697.27142578068,16709.18405689988,21228.72937758859,59699.12253243504
855,22456.46457136402,16600.65863939218,73314.21768814042,44887.36944518625,77309.00754630753,46326.72093525141,18461.98382533669,20217.28418215254,25584.8843261895,99077.15862013231,57476.27275343519,44561.29245742247,39291.25555779638,29716.68858485782,116161.8477833523,69163.56416694276,43143.48756731525,36204.50300714675,76898.20641891887,30258.40352305648,7186.754913206571,25102.19081378534,68624.97788553045,28881.08743389132,33320.47219188446,1802.152336613425,44355.11891711984,24905.44021740259,16554.97614934677,21401.09488159612,59698.00433386717
856,22770.09925696695,16666.41816793905,74810.0245981653,46143.07984918133,78837.10016159828,46786.309086874,18783.61468513098,21342.76432465145,25582.6698909197,101072.1144519539,54853.66993542513,48005.02840871905,39468.99651520277,31096.73989522367,116164.8332564102,67374.5050388595,43054.53236696971,36907.1335305371,76963.98381217473,30814.95089015845,6795.632782976971,24857.94608245648,68606.32538548263,30556.9068505828,35212.29203374046,1807.644308687104,45313.37338829118,25397.22653170976,16389.7533929044,21829.12943614748,59726.89094142387
857,23072.83637766419,16738.92063968938,75360.66991086953,49478.70465554006,81598.63849393222,47036.85762145396,19272.47648155113,22886.33718669948,25441.97507852012,103635.7911663946,50890.08867896648,49565.85761729298,40666.51533078652,33021.98209907649,115148.3596524278,64877.89131099932,42284.48245931494,40538.1342088033,76898.20139492082,31455.15196380087,6794.961200213622,24669.29486384718,68624.9790708631,31708.70351901255,35598.79562842863,1874.357362542397,43724.4361155482,26338.5721893669,16444.82764505186,21859.55037524031,60095.3688502798
858,23227.88498090862,16617.82574630082,75719.25785952367,52530.16897304689,83832.18270517039,46785.72831283816,19192.16433051291,23091.39297653631,24681.11982849334,104351.346649456,50551.54062868196,49130.67659180122,38950.45671375415,34001.57792186439,111101.9209491432,64880.0205401867,37692.63619650897,41521.86229817814,69977.58443183817,31443.02226876007,6599.594217925149,23661.07123034607,65402.37433525635,31218.83845835863,34086.91049830461,1960.422902910548,42861.73583630987,25643.93533569108,16676.139505098,21999.50701288487,60074.9678057613
859,23227.89811088677,16390.1584802814,74304.28479966638,52184.83036903205,84885.9542308856,46059.86754996209,18301.17881541266,22476.20316345165,24460.78640217103,96832.75019540844,52361.31131766502,50138.964532486,38601.22851293081,33042.29356372677,110087.903033951,63306.29640591382,34398.86732353679,41976.76791122722,70032.66479170571,30018.9238910895,5806.68460502749,22392.1670251275,61984.30741905022,31671.02254397011,33308.63398011716,2015.940458852265,43007.33157518592,25495.33382696151,16610.05040149421,21688.95033853242,60204.41909301517
860,23211.68718967318,16384.39702938521,71762.15357782046,51727.61331915382,83298.16486745776,45051.06722596534,18785.77786127572,21826.6917157202,24003.71758423862,98830.14403569023,52361.31018539794,54400.97066880498,39485.8880644682,30037.33608204141,112112.3646643623,67946.53806971788,38740.13007271085,40877.36430338478,71137.90954189502,31483.65977949961,6892.169824909812,21487.21313340154,61999.99418887343,31671.35662736905,34075.94567116982,2140.882761953517,43812.84990102908,24945.22290691193,16610.05040149421,21828.12731928404,60203.54255234358
861,23071.7631495287,16344.48000833497,70211.80104129709,51139.83999595272,83017.41245331886,46051.22886799918,18749.64021385315,20842.94525255591,23693.08901585237,93727.83560280883,51362.54877442784,51043.86885277354,40462.43859764355,28608.41603068986,112024.2164735878,70274.12485872218,44371.15178095357,38515.34710451304,71137.96437099762,32173.74128492937,7279.693447412009,23373.24838413839,63123.00271279448,29827.67142048094,32664.93432781259,2147.356706998467,42856.21926444372,24738.49016639083,16246.56033680761,21572.9641171529,60109.20226453328
862,22290.01804764717,15899.38405457779,68385.3753581555,49543.54558200532,81665.01457394398,47525.69082516734,17403.35986643795,19268.34386293947,23343.31266498413,92597.48622581849,49494.50837756271,48276.57058734541,40836.63337845723,25660.84928989388,109083.7655916444,69093.89685252572,41688.28380221184,34548.73107305695,68824.60836965482,32173.73915827105,7577.098668590812,23560.2238527526,58669.73708801961,26544.74853255331,29875.25147025269,2024.031326129941,40675.08103233513,24741.10306517114,15982.20392495957,21456.39032360061,60236.10598722943
863,21062.29197619962,15238.16558202758,63162.49996322396,46904.72202555036,79007.11907141293,45909.98408398775,16064.0366186046,18399.40231490524,22412.58989067924,96717.6097049483,48824.02126364744,45972.73970192069,38442.34502870448,22741.98038216315,102034.8786933374,64265.72951920329,39287.36727179822,30260.27685109881,66507.54510238415,30019.19423384778,7489.93577684311,21762.82336709646,52018.08120953663,24387.76395051312,28411.82683768091,1830.293533830267,38350.95100526336,23624.97276946658,15565.61540962171,21345.2853778948,60509.11221968406
864,20065.6253187434,14580.31723900544,59750.38721737946,44161.51132043189,76305.65710143275,41805.13663445413,15279.33936984638,17306.0754501378,19524.57589348233,75367.17356369985,43778.17860479881,39062.05058040738,31669.28536456563,19311.11984537185,96581.8353300299,55939.06547849684,34186.83451761627,24935.08150785372,60043.62877234517,26483.68274796625,6867.342516898837,19911.10696868597,49079.58302617828,19075.94217704434,25710.39612213738,1615.907628052662,33490.13455065632,23145.66100908161,16173.81411420576,21080.75916978995,60622.72558855616
865,19525.79155755972,14192.84590308263,57810.37124426367,43989.16791006767,76161.21548190281,40420.94520274387,14801.33846477788,16768.67218413507,19531.18697822098,75102.22795504617,41585.95172670637,36031.7261519474,29743.75726761037,18541.96028692179,93980.92874452844,54479.20893843372,32253.62808149933,23205.36942177304,57925.49263227669,23677.17866791476,6096.498813727246,18153.06955604668,44655.94122998381,17996.20747520198,24830.09590648482,1548.278179881842,32478.83367864051,22921.56728533347,15875.74951536037,21022.12539039174,60080.95089201441
866,19139.5414496111,14004.64341609478,56646.66321113878,43641.64068762166,76190.44353233042,39716.94822669969,14711.84038411924,16338.67913217507,19011.31101930145,73207.74492942278,40547.30138843015,34920.90624378409,28136.56911285615,17648.21227875136,91246.55056763865,51082.41633052568,31982.33837639619,21607.92918006812,55395.96484396552,22299.07977579344,5542.028820743551,16671.35017925013,41435.40388220855,17785.52797778003,24652.92553550516,1511.573357680372,31280.90941795224,22922.07305828635,16284.20840931213,20826.22455021136,59572.94631968811
867,18908.69920409321,13862.36259302885,55505.75910118554,43246.53128495946,75954.11004941312,39463.6163235479,14377.20880442054,16124.51576172487,18667.33669822614,71177.34342829151,39631.06467844714,33072.41541101225,25892.91462961438,17331.22163880842,87359.13373774692,47177.27351169012,31737.37171936868,20837.73154938142,53714.38001034051,20907.13923603703,4505.407547615289,15663.57735133677,39303.48854342089,17350.35760513794,24303.81974164928,1449.826243140321,30926.55391176154,22962.68022303803,16339.4055568653,20868.30935681356,59209.74402271599
868,18908.70165500259,13795.97849354665,53507.88506761113,42811.8966917306,75763.00211026821,39463.6163357253,14466.8307515616,15913.06232503901,18377.53014928025,69962.66482151039,39804.6784854362,32776.73394171317,25227.47172988813,17331.39233004424,85641.02082760939,46618.95844481288,29120.12622018161,20419.1728716826,49626.90680285884,19743.45653004557,4239.55601508222,14689.0904894928,37691.73775048529,17569.62104654474,24300.24388712764,1413.260725437769,30919.44076205264,22877.44800820508,16096.53810814588,20815.14997940976,59075.39853716759
869,19057.48303794687,13823.53984585146,54331.14377720551,42811.93103331552,76305.11015454649,39728.57599436172,15440.74071144981,17120.87056871854,18501.03555377372,71461.79683686199,41316.98087905547,35743.23821132342,24930.18280292137,20057.34284058317,88353.33306543507,45498.98556919338,28197.78522886502,19887.05185415112,48921.08658841378,19502.87876163414,4145.555568085403,13653.78339653391,37693.08809037761,18685.73200744261,25809.8819526173,1411.454589404834,31809.3389221396,23098.4457319195,16317.32669835859,21084.24180239236,59101.00848429449
870,19695.36631332028,14131.258789567,59589.2736079436,43702.34012928027,78329.3229960229,40486.29453182276,16741.71631066164,20606.01711519815,18736.84608331858,76899.9141256473,42855.73757384658,43160.80463758042,26106.17727402746,22843.03272853129,91460.26283755344,45500.62739577147,26945.83467799854,21319.137137589,48382.72923178594,20431.08727447926,4280.892291747731,13217.19862603096,40343.34832964549,21790.58688424797,29084.22073360596,1411.472548061784,32941.10448854214,23874.08491314467,16880.3376070029,21052.90698823807,59076.75935620467
871,20608.54994438802,14627.38884912629,63021.865116083,46185.925851026,79622.43213773293,39983.94657854655,17306.52096433449,21042.03306671045,19512.30510296605,85599.01462010317,47898.25867773029,41585.0326595646,26534.73362427719,25199.06778248759,90403.48788888271,46617.98804794399,28878.28286176456,25389.04616772104,49940.61450279722,22293.18400616318,4240.133950133984,12933.90224055884,42558.19359839925,23897.26697835119,30655.80909370607,1528.54399619144,34513.81324524569,24348.62609138917,17675.17653382686,21145.54754176568,59300.71188244072
872,21760.3474143022,15274.04365146759,64132.52440274456,45701.84336934697,78627.84551510886,40529.87504290431,17634.42702423712,20415.52396607262,21001.80112454939,89682.29400053096,52938.30519386167,40876.57728613372,28702.01112077653,27446.42836847702,96694.73558432367,46620.73414221121,30739.6839974243,31584.46885744453,56795.9634602117,22761.19839905781,4520.743812160545,14460.10788400075,48591.20432559231,26370.11950238579,33450.5970984944,1722.334860852796,36982.26957448425,23836.3804148396,17608.93995830675,20745.09318303537,59862.92671958695
873,22605.71604888008,16078.2322647496,68843.23793101446,45732.59444557765,79183.94800200613,42602.50777355029,18592.54299787565,20636.15523269954,23604.496555092,93083.22446647495,55171.53664067969,41729.14734073098,33477.91438029549,28902.78152748082,101759.7203177509,54418.6158815925,35118.45537353522,35650.71059752133,70433.11127570935,27684.54908076393,5782.72720239067,17822.51700134106,57731.12035377146,27443.28063980107,34858.17022593828,1916.43432513129,38926.3941331511,24623.69953659517,17012.81076061595,20498.76601303524,60045.23928535543
874,22915.13676069436,16475.54688754914,69570.73668245655,44164.02876001635,79069.6826268945,44669.6110684746,19251.46020169499,20861.86451061309,24815.45866597125,97299.55976481378,54593.66405290511,38740.22130752765,36517.70153518356,30116.78234084384,106734.5705130056,58312.39037943737,38589.49083153976,36926.92094362967,73908.72955076862,29965.88374691422,6585.732355204188,20113.75282465084,63112.31458122327,28067.13584976737,35938.82976180669,1952.147584829358,40214.62288028811,24830.2004281552,16538.11529114411,20624.74289327106,60177.30902995743
875,23227.8782700899,16789.00449987329,73330.37438173196,44167.92262931951,79750.30802918196,45707.67046696258,19757.95914194098,21803.1347148334,25346.34375996198,98528.657180229,52317.73480409617,42829.65393360684,38729.28397380104,28406.83653986434,111017.6381160743,65591.84822149295,40949.34547349445,38510.11321653946,77023.72103994196,30630.68958688867,6961.190222640167,22364.55024864545,69630.91540646978,27102.97769064216,33806.35987806576,1999.295145147511,40339.66258342197,25251.01913560498,16251.09012283848,20622.42776455757,60467.08949395258
876,23232.57352224537,16571.53869653503,69804.16572280452,44735.55521926427,78585.48513342581,45701.30144097292,18277.92837122374,20472.88439558859,25509.09885205471,89432.29730377012,55234.27832546695,34547.74865141169,37156.77672023524,25848.11375366017,108955.6921088008,68987.20849433949,41048.59378727574,37914.86212461985,72086.9417526551,29553.06534555376,6961.197290368726,23722.11750822233,65812.61252206696,25612.65466410814,30648.5340787596,1928.71887492971,41246.5048292166,24568.16725272016,16251.09012283848,20803.27676078043,60539.68196324741
877,22763.48173642205,16378.74795341894,69100.11402152978,42801.18964807134,77195.26786009713,45188.75983962363,18260.27639867301,19991.15669429783,25670.51819955374,80201.07915832056,56366.01684168206,36662.97710474981,36886.11519149518,26169.77441925753,109986.6921729791,70478.42361800233,43255.50939420882,36079.26503220136,69033.88116107379,28806.69495131517,7356.215813277522,24975.58330453899,66477.61171094906,25498.66987185989,31001.24098880774,1820.219735146146,41565.01839831843,24533.57035560496,16538.11529114411,20929.46038750859,60604.21606404158
878,22458.14717245483,16517.75540702287,71748.08597032847,42362.024917478,76806.61969869028,45179.36017782921,18604.10620689181,20206.23958097706,25818.01835377078,89306.23874887235,55619.79926890002,39677.47249262084,37766.58847011929,27078.41603271671,114097.1601599727,69081.820251798,43265.43615474706,35373.46497276085,74336.5146100946,29966.45998024128,7384.68771168175,25305.31272801636,67469.51893619096,26360.12906949736,31357.82139745772,1788.427654078387,42579.76669906616,24512.75726428337,16626.43072774374,21053.13379827473,60519.51635131903
879,22456.67625218246,16501.22141873518,75372.31675920724,43259.87488589976,77179.70657211973,45470.93177784546,18604.09277461843,20421.77448355638,25757.03975233822,95832.33996563066,55187.38912719051,43603.0650263221,37766.57648396008,27703.75484262713,116173.7054684423,67913.06890780827,43276.46749380097,34857.69896539587,74881.34665076983,29967.97195722209,7242.761440169081,24873.41254609815,68599.84455321838,27000.55371109597,32422.12065753149,1782.026333628552,43051.94517709329,24704.39059700359,16471.87871305117,21238.08044408924,60518.48860542773
880,22770.22378937571,16564.08930188408,76932.07860862423,44615.43824664289,78516.76692927956,45960.89589198486,18926.39525241997,21599.12595707356,25754.44963803681,97740.92373793328,52808.04330624301,47152.93647775256,37932.47523547125,28973.90249928193,116176.7463252168,66182.68440199827,43182.72562838587,35514.23483498544,74941.85913795071,30507.94698693778,6867.984129706469,24629.47245702094,68581.55705824184,28487.85464093187,34163.07224794996,1787.616563944054,43963.10083155848,25157.11287906425,16306.28727039165,21697.35769688293,60545.03853411147
881,23072.87678972584,16633.40362062584,77506.26739299213,48216.3089237512,80933.07559538643,46228.00415045718,19416.2778724817,23213.8392825156,25589.88594511619,100193.6054948739,49212.10020964524,48761.87024225591,39050.20791405824,30745.8234817476,115141.4160491944,63767.95050982681,42371.23945865257,38907.03106063645,74881.34202889889,31129.08476280071,6867.340612087934,24441.05653983134,68599.8457153556,29510.0818802603,34518.75307600103,1855.523197681179,42452.26083633205,26023.68468463149,16361.48441794482,21729.99909273613,60883.70973952972
882,23227.88231023797,16517.63363602118,77880.18718051478,51510.42292668297,82887.39655141193,45960.27673234163,19335.79801649479,23428.345720436,24699.95157165223,100878.180843044,48904.95385751661,48313.276993399,37448.48377438958,31647.40687175428,111019.9115820191,63770.00990805306,37532.30668459718,39826.22365916044,68514.66003477294,31117.31625426528,6680.137929048024,23434.09044632419,65440.30314665567,29075.32336574019,33127.43728388142,1943.128558093021,41631.96282449412,25384.22487769767,16593.31243869728,21880.17131449755,60864.95896459094
883,23227.89543656776,16299.97758840006,76404.71532520594,51137.6233089022,83809.43237465921,45186.4410178753,18442.95197744939,22784.80292871706,24442.23857078854,93685.10370630161,50546.86101026357,49352.64023903658,37122.52332411131,30764.51739481808,109987.0825504391,62247.89819267191,34061.30063661829,40251.28610991087,68565.33169270006,29735.62332163154,5920.363656016511,22166.76892349228,62089.12333701504,29476.63976313267,32411.22651573849,1999.63939247173,41770.40244020576,25247.42722352852,16527.07586060434,21546.94677756074,60983.93875264211
884,23211.68901981773,16294.46948592859,73753.89236839736,50644.04877232898,82420.13817081574,44110.96516988928,18928.56294563144,22105.3566806873,23907.62800970973,95596.01993294214,50546.85998301881,53746.00085759501,37948.24136487169,27998.8668171609,112049.1001083953,66735.95683322838,38636.16603834613,39224.00665125323,69582.11124973511,31156.74369991723,6960.48693161739,21262.94376518788,62104.50313723511,29476.93626438154,33117.346876319,2126.817069472891,42536.32902802557,24741.01323056867,16527.07586060434,21696.28243444179,60983.13311659523
885,23071.80385980395,16256.30773704606,72137.252731684,50009.53624554043,82174.48360814995,45177.23137193389,18892.34983687174,21076.27113378269,23544.30129233861,90714.6170863498,49640.73772424752,50285.43359436209,38859.72803966727,26683.74219741757,111959.3166744449,68987.20725441261,44570.19212195944,37016.94481146276,69582.16169024676,31826.27661558082,7331.816114389138,23146.62659660129,63205.53585066007,27840.65332409723,31818.86042006836,2133.406841482959,41626.71739564377,24550.70187918993,16162.77468623884,21422.49459828995,60896.42414918001
886,22290.2759782922,15830.7839988259,70232.73612444893,48286.305942103,80991.15376706228,46749.14623554736,17543.25823519839,19429.0992324189,23135.18536962994,89633.2064387836,47945.96561422011,47432.84755148098,39208.99164139882,23970.91191311241,108964.31728508,67845.68642752223,41742.95944739158,33310.55059879151,67453.96964056077,31826.27455224805,7616.79290372473,23333.36885392993,58839.41481951388,24927.03732516453,29251.648310237,2007.875015473382,39552.7834948433,24553.10722774111,15897.8283764399,21297.41195932743,61013.0624488029
887,21062.89105015426,15198.64130275165,64786.55070394086,45437.64552070676,78665.53117432994,45026.65117261713,16201.13826067233,18520.10975019939,22046.56543963608,93574.94824916228,47337.6688864282,45058.01289378502,36974.22564386069,21284.49404198711,101784.6659990232,63175.86539483798,39212.84998338483,29303.43173890635,65322.36705921923,29735.88561438066,7533.272510434341,21538.21023497949,52317.92316147697,23012.6990960231,27904.92840321148,1810.671012021976,37342.88593674473,23525.6344415977,15480.31026491843,21178.19734524322,61263.98481785127
888,19928.19675577839,14589.66265917283,61298.74256030603,42888.46962740996,76491.00896171757,42282.69635496251,15157.82212692297,17366.40557604732,19985.88565992859,75882.82057073175,43604.59608583296,41408.65713595173,31707.95663699235,19086.79969340135,97005.24534713445,56244.98458135675,36042.28300403976,24703.05055058308,58929.63856997541,26810.0013109609,6902.415671456819,19590.23499167765,49662.17937609641,19104.42349773612,25623.55042312097,1629.246946638596,33576.97127761904,22672.5405447347,16188.97354157863,21125.9761661751,61307.93878268767
889,19365.04017524157,14199.12316307155,59120.05794040062,42672.97754560943,76362.47783520647,40954.55727178622,14667.50609803072,16761.14759991569,19993.48214500745,75591.50558546282,41129.22186801958,38022.44350835878,29654.91937048841,18383.75856287802,94480.50899745026,54699.49107165184,33885.83871954423,22826.47881396735,56675.37161366908,23716.35941729937,6100.768098833402,17859.95901770164,45492.10226109172,17881.92775893729,24724.22695588708,1562.417608220162,32543.4376572228,22414.29936480612,15939.50140815467,21060.85787756012,60619.09084888813
890,18962.10263101064,14009.43041003683,57813.1858171997,42238.44184454026,76388.48636556922,40279.0684073833,14575.70220595287,16276.86188591958,19396.11724637199,73508.46938227258,39956.41977605334,36781.16601493354,27941.30263271575,17566.83884425254,91826.20990979341,51103.43845602409,33583.22171854391,21093.40934382887,53983.27321622422,22197.26507620121,5524.140797943376,16401.63769904619,42456.16723047299,17643.39250818434,24543.22794045191,1526.147033036777,31319.17786236893,22414.88220756469,16281.3706273939,20843.29169673896,59973.18046909116
891,18721.28714487983,13866.02294787529,56531.92304844524,41744.41107458677,76178.1854225966,40035.99509116167,14232.44924228683,16035.65738203857,19000.87260788288,71275.98707619557,38921.84221842418,34715.58360084408,25549.07253514517,17277.09732648485,88052.64009705471,46969.21518452379,33309.96743096754,20257.81877532557,52193.61434918633,20662.91292689054,4446.094854370169,15409.77876656388,40446.45401792177,17150.68450750718,24186.57798469882,1465.130435599282,30957.03209610399,22461.67710196705,16327.56917030153,20890.03080533395,59511.38121302123
892,18721.28970167758,13799.11319131441,54288.26243442151,41200.9594095681,76008.1283519029,40035.99510284595,14324.38019211943,15797.50497912051,18667.86959675162,69940.41453268738,39117.87993056594,34385.1765291247,24839.56376504279,17277.25334477532,86384.84389811906,46378.14867315839,30390.49437708092,19803.7227491687,47843.4426996361,19380.1720266462,4169.619565207806,14450.68017635097,38927.08933914207,17398.93865951024,24182.92485610746,1428.997516832637,30949.76256873142,22363.45718148803,16124.2955819386,20830.9923514614,59340.5655386717
893,18876.49899181665,13826.89278594003,55212.8017751547,41201.00234906669,76490.5222619723,40290.22531265538,15323.38178179755,17157.81597715764,18809.78382103987,71588.75142412541,40825.51082959039,37700.07479207138,24522.58825741613,19768.87593156589,89017.72327052892,45192.47681923726,29361.64566132981,19226.42247475052,47092.26001764623,19114.9803711872,4071.862743882717,13431.72177662935,38928.36227708361,18662.62027629647,25725.1861383202,1427.212748814573,31859.22452276421,22618.13059214403,16309.08975356916,21129.84395496973,59373.12770755053
894,19541.94118897236,14137.04837701946,61117.80810007494,42314.33827144456,78291.76457467838,41017.26030261038,16657.875467327,21083.0112238008,19080.74255775756,77568.11098371062,42563.01285907355,45988.77955261482,25776.45750928585,22315.10258453378,92033.66339514157,45194.21495736994,27965.12557974454,20780.09767246055,46519.30288954992,20138.15534599012,4212.607690704401,13002.03118325848,41426.70868073811,22177.99479376528,29070.28324616782,1427.230495006438,33015.87117031654,23511.96186063395,16780.31489424177,21095.04371707382,59342.29577337618
895,20494.57773757696,14637.1070020001,64972.69096126623,45419.72568589864,79442.4355185976,40535.25475423373,17237.23163998752,21574.08031300891,19971.78587437947,87133.01128635461,48256.82441574689,44227.94480639989,26233.39301661537,24468.60835546103,91007.83719237924,46377.12135162258,30120.72405237149,25195.5586720125,48177.31212782471,22190.76610117633,4170.220595260298,12723.2083744988,43514.59825092255,24563.21723188747,30675.83356631844,1542.916895499187,34623.15483843463,24058.81373914658,17445.57391383443,21197.92970470716,59627.04372478773
896,21696.13712727785,15288.88228766441,66219.9880656908,44814.44613665606,78557.40432443953,41059.07603611813,17573.58580885278,20868.4656391335,21683.2953694526,91622.68929461818,53947.84176768559,43436.28658739123,28544.18841565645,26522.78152370652,97114.83920086714,46380.02853513717,32197.07128831887,31916.99815866509,55473.2485581189,22706.66377721635,4462.04397504824,14225.31347033389,49201.79471192195,27363.02691490681,33531.01682534637,1734.415061270744,37145.87846830999,23468.51194169798,17390.1356636373,20753.18773554602,60341.88059589244
897,22578.02882019092,16099.4388029058,71510.23271060422,44852.89619065314,79052.25116518477,43047.77822829995,18556.38649904263,21116.95470192474,24673.92970322008,95362.10590024438,56469.51669152993,44388.98469134377,33636.35372267769,27853.94377749236,102031.4906247837,54635.34355200778,37081.48318076717,36328.48050019472,69986.84431676901,28133.73015291666,5774.457785145703,17534.62626913125,57817.80758506255,28578.07994163286,34969.00755038522,1926.218175682394,39132.74325723774,24375.80294289981,16891.19139678941,20479.61840547028,60573.68476658729
898,22900.81765360978,16499.89952914829,72327.23131408564,42891.61734449245,78950.57231782691,45031.17489732817,19232.27991957745,21371.16294624791,26065.38904309832,99998.08255056967,55817.00626058273,41049.0313944474,36877.43668640775,28963.58675716604,106860.6471935775,58757.53162290769,40953.33795781308,37713.04633907383,73685.83763546443,30648.47173010883,6609.552018786696,19789.68083582229,62890.54989403451,29284.4204292637,36073.02009453304,1961.508919329438,40449.29282005287,24613.77049058847,16493.88392735307,20619.52749763874,60741.60691442333
899,23227.07075537378,16815.83923001577,76549.39491754958,42896.48610042934,79556.22566049048,46027.19844306485,19751.82820157071,22431.28173383361,26675.40401862817,101349.5089708272,53247.11869996169,45618.73764685349,39235.47091691676,27400.63117032164,111018.2807379353,66464.01136274611,43585.69783403267,39430.65812942834,77001.02699009748,31381.29489338678,7000.01364779661,22004.93557216966,69035.50226033962,28192.7826046689,33894.46762400337,2008.098686795041,40577.08143435076,25098.71365512789,16253.65150337201,20616.95633096156,61110.05282958451
900,23231.96885982514,16596.6514414463,72589.37774333834,43606.23373885976,78519.71001171392,46021.08732855791,18233.66620137021,20933.06862849962,26862.41820426671,91347.81104921433,56540.36207275229,36364.1838223129,37558.83166219833,25061.86109258402,109016.7209492563,70058.54762078625,43696.40688972427,38784.86777837807,71746.96507812414,30193.41723366225,7000.020997960363,23341.06527874731,65436.06582086512,26505.41111770743,30668.40133859713,1938.35738956039,41503.85997806565,24311.80863608855,16253.65150337201,20817.80603317478,61202.35166303383
901,22742.61057018628,16402.33410055133,71798.71074139496,41187.57170229694,77282.62756402623,45529.30092032628,18215.55944677747,20390.51603908472,27047.89754891065,81197.832750946,57818.27558268199,38727.83021835433,37270.24682877483,25355.87119166171,110017.5271116415,71637.23924694773,46158.16702978152,36793.42096409834,68497.68686743268,29370.68451924453,7410.824950471389,24574.737404252,66062.94702572213,26376.35541302959,31028.73023051582,1831.141880239806,41829.37584710962,24271.93985536829,16493.88392735307,20957.94473663382,61284.40455748505
902,22424.08442134658,16542.44227334171,74772.44695735167,40638.4557143463,76936.7896665792,45520.28189455297,18568.24762036253,20632.75616103325,27217.38300627955,91209.20620028085,56975.67678097796,42096.35580157477,38209.02536752194,26186.40423275683,114007.6157979582,70158.70941962139,46169.24008728143,36027.69558476716,74141.11607833578,30649.10691876708,7440.434621212456,24899.26001978572,66997.99778497372,27351.71556072506,31393.0163271823,1799.725924584846,42866.43268556779,24247.95526012421,16567.80159643597,21095.29561080436,61176.71177951896
903,22422.54995186657,16525.77736201597,78842.54534217915,41761.09543947931,77268.78037870518,45800.04640447154,18568.23384202266,20875.50537223772,27147.31537680235,98384.83401870188,56487.41668025349,46482.98015412029,38209.01258763484,26757.98772157874,116023.347332218,68921.39769273292,46181.54527497824,35468.13892795881,74720.96401294113,30650.77358847317,7292.836800043903,24474.18003994215,68063.53274581181,28076.81626744519,32480.31505064618,1793.400336808555,43348.99168000017,24468.78972673753,16438.44567500257,21300.69613562341,61175.40503588874
904,22749.64390481662,16589.14305937124,80594.19543121541,43456.04374067498,78458.56123603912,46270.16959295153,18898.8400591702,22201.51400511604,27144.33919884958,100483.3743807719,53800.75529529685,50449.75776121157,38385.89721469254,27918.95105442166,116026.299134361,67089.50671602947,46076.97852715676,36180.41738566326,74785.3655864354,31245.9943064238,6903.082923907207,24234.09204625937,68046.29349638654,29760.7660802404,34258.888533581,1798.924430287004,44280.17845968398,24990.49794035399,16299.85004627967,21810.76642289916,61209.16235905851
905,23065.37263655185,16659.00623789395,81239.0232526149,47958.44459757349,80608.70934337736,46526.46139579702,19401.34392128648,24020.10756644521,26955.24683546169,103180.1654448826,49740.36131007797,52247.64890055221,39577.64655699339,29538.55431752222,115021.2895748584,64533.12158119004,45171.78564140188,39861.27592645059,74720.95909402632,31930.68165778158,6902.41369052732,24048.65143374223,68063.5338413349,30918.15079894097,34622.25560974877,1866.027674947712,42736.12369486091,25989.11816862081,16346.0485891873,21847.01774181087,61639.771174086
906,23227.07497007122,16542.31953810627,81658.94417153684,52077.28779952701,82347.75848211993,46269.57550596181,19318.79059769461,24261.69845488288,25932.66529908645,103932.8748726067,49393.54403092105,51746.3716913336,37869.85566336872,30362.63587356333,111020.4876230816,64535.30178623437,39774.07501478631,40858.5117466645,67945.09583898312,31917.70909476631,6707.730156329559,23057.58649639929,65085.09734791146,30425.90911170016,33200.87354038421,1952.596594798192,41897.79200007183,25252.21732062969,16540.08247026071,22013.79802067019,61615.93020724834
907,23227.08866350713,16322.9399988201,80001.95377413195,51611.1523925494,83168.23047233433,45527.07599845473,18402.94144419939,23536.89934719018,25636.53946753636,96023.88868190581,51247.51939933248,52907.80046554108,37522.30999374914,29555.64126604233,110017.9060564944,62923.90113650644,35902.25304390139,41319.66374288042,67999.02412146027,30394.6530012603,5917.5943619896,21810.2774422838,61926.00832662809,30880.28701109088,32469.18548689554,2008.438861401698,42039.27511473338,25094.5744066148,16484.6442179102,21643.72104810342,61767.20892455666
908,23210.1820694851,16317.38828088837,77025.01580757723,50994.00431485311,81931.96941643921,44495.15116927299,18901.06360041463,22771.66346756561,25022.24373381555,98124.99364168513,51247.5182394092,57817.12880602278,38402.70738290498,27027.73130589467,112019.5353004201,67675.23478457496,41005.40300428971,40205.16404478849,69081.15123969085,31961.17042393229,6999.282252393195,20920.72472580244,61940.50655136819,30880.62271532701,33190.56507952799,2134.111926101463,42822.04006745136,24510.99292612102,16484.6442179102,21809.57224352511,61766.1845859712
909,23064.25335208057,16278.9243513091,75209.4905947718,50200.6323777582,81713.37412669684,45518.23929390881,18863.91750405241,21612.64141692059,24604.76217120389,92757.75692629669,50224.36151235503,53950.14350375382,39374.55303617593,25825.6573158027,111932.3812670699,70058.54630812378,47624.66331347761,37810.71360251946,69081.2049219714,32699.20429739249,7385.450209384266,22774.66203245661,62978.42768799252,29027.99269560677,31864.01838417596,2140.623735907287,41892.43125410566,24291.68188468784,16179.73383428914,21505.50527876885,61655.93710961781
910,22248.96056938899,15850.03113806574,73070.67261696229,48045.96638429332,80660.39010447293,47026.50001418458,17480.06816458393,19757.49092858085,24134.66639642153,91568.71617009665,48310.69316527186,50762.54232100045,39746.94500039719,23346.02711548483,109025.0935283395,68850.06247376317,44470.95472441612,33789.63131938945,66816.23577125106,32699.20202295697,7681.815024307122,22958.45541413256,58862.57422784422,25729.1423973681,29241.32892586782,2016.577050482787,39772.90335467439,24294.4537608368,15957.98082704044,21366.58932505957,61804.23870474583
911,20968.54806310751,15212.8828715986,66954.47533959801,44484.10252624245,78590.93884342899,45373.75678716625,16103.37006793013,18733.72875752933,22883.78467554936,95902.76972644587,47623.82902187337,48108.80089132232,37364.19198728008,20890.53886675276,102055.7057460136,63906.30402939932,41648.679777016,29442.29163307257,64547.63689689348,30394.94212959006,7594.957052619325,21191.64442051279,52714.89673228632,23561.69300100065,27865.50645684656,1821.706126047083,37514.42273122383,23110.41442140226,15608.52928389218,21234.19036107101,62123.27788573073
912,19934.21773442053,14542.31550727578,62712.11282782738,44361.16072436397,76721.59543734147,43281.88666430357,15124.0081013604,17364.44093722839,21244.8869955378,79254.617029553,45110.60093135493,44962.56577720612,32326.05809671512,19767.622126614,95587.4375170978,54310.25127820647,39156.11195589845,25689.48979973488,59220.7920826815,27719.09336575447,7070.067399441488,19447.80454115733,49148.95091529697,19969.07697454991,26121.16031786499,1680.216290841392,34065.32399414502,22699.78456579207,16211.15814006861,21017.23790590936,60172.21740809294
913,19373.52212318022,14147.64200666833,60462.58553336412,44131.27084512368,76589.83131212044,41767.95204887789,14647.35335045747,16764.74363030408,21254.25554393965,78918.46918530858,42155.17303820461,40882.70020214938,30231.64954727188,19140.67880378384,93163.54996679586,52851.24491096841,36514.37508585816,23417.16121593936,56910.81315228311,24143.40511909622,6220.851435914947,17745.05137145076,44885.50395338287,18602.46613973854,25270.00732544227,1607.015224008281,32948.73494917743,22444.08233627064,15983.22673751002,20952.65634319238,59806.88219720469
914,18972.3453981584,13955.94128592826,59113.21881701878,43667.70225824218,76616.49404623441,40997.96795074527,14558.10731579458,16284.90718052843,20517.54087809962,76514.85740907643,40754.92737401411,39387.15211467726,28483.50127708898,18412.18321420253,90615.27497002085,49456.43048426403,36143.65626191662,21318.59859887624,54152.18221052212,22387.60791704812,5610.008060791209,16309.92698370053,41781.59301219507,18335.81092956683,25098.70316267301,1567.286493170779,31626.09285205439,22444.65944869273,16295.57717747033,20736.88341287358,59464.31921161737
915,18732.58226502847,13811.01580292447,57790.29417553592,43140.66352393371,76400.90331318679,40720.89071374832,14224.41813116285,16045.91868785303,20030.09589692521,73938.80004007882,39519.71237119113,36898.44363065985,26043.06473444463,18153.80358031701,86992.43772191084,45553.56189321152,35808.90802307877,20306.78738158472,52318.29369794259,20614.17545941109,4467.992721430282,15333.84515248538,39726.88144354331,17785.01956829372,24761.1564532333,1500.452373117318,31234.84481975739,22490.99426962335,16337.78669617118,20783.23728268905,59219.40081914467
916,18732.58481065312,13743.39778192967,55473.67811066562,42560.90190763563,76226.56872384775,40720.89072706709,14313.78768347327,15809.95425566115,19619.41190355752,72397.68525356067,39753.76802160698,36500.35402796056,25319.25847030509,18153.94271104661,85391.26045698689,44995.57197081569,32232.42813765212,19756.92543925088,47860.61186662031,19131.55991495881,4175.111863188614,14390.00255794634,38173.49752637913,18062.53940181692,24757.69899721723,1460.874423311027,31226.99110850294,22393.74001816415,16152.0648142809,20724.6854427593,59128.80755849958
917,18887.11584307353,13771.47143380306,56428.28001255759,42560.94771607576,76721.09649542824,41010.68561360631,15284.9549017987,17157.76770756514,19794.43104271901,74299.69826581214,41792.56278397635,40494.29557896221,24995.895507553,20375.86981599169,87918.97133381972,43876.25133086298,30972.0442707306,19057.87626921538,47090.8644489853,18825.04651808526,4071.554319889129,13387.25231982206,38174.79896595688,19475.19135179326,26217.35211790212,1458.919489653685,32209.53800842723,22645.9095556584,16320.90288908433,21021.07381514359,59146.07712737051
918,19549.65008732166,14084.91013612716,62525.29505572755,43748.66959713475,78567.64623079059,41839.42670846684,16582.26667170895,21046.90112073991,20128.59743855751,81199.27064469582,43867.02163766674,50480.90745093341,26275.0318017868,22646.49059361534,90814.44187331545,43877.89220129483,29261.24718879323,20939.21152158235,46503.74725320633,20007.65098797351,4220.650830261549,12964.39664196506,40729.0844361568,23404.97920423429,29383.27574496646,1458.938927825713,33459.13352236921,23530.95294119439,16751.43998258751,20986.5604120115,59129.72520030358
919,20498.12365643203,14590.26206595832,66505.52428853179,47061.539061936,79747.26049589812,41289.99262151148,17145.48071304364,21533.45862501946,21227.49809501322,92236.19212052641,50665.04408285415,48359.37294232864,26741.17513425769,24566.89895258849,89829.59156925895,44994.6021390743,31901.94790296599,26285.86469989927,48202.73254689815,22380.09628208503,4175.748557332738,12690.00895552506,42863.72276521446,26071.38590318583,30902.82795201029,1585.655249347995,35195.57953685681,24072.42833482573,17359.25705345383,21088.59838021319,59280.74322296809
920,21694.4322848559,15248.93663324419,67793.378829328,46415.81861912709,78839.96773143669,41887.09211281242,17472.46331840093,20834.326624556,23338.25845040925,97416.82360241143,57459.73043826889,47405.54679012569,29098.53596678022,26398.72655961574,95692.65372222169,44997.34663410573,34445.5624482829,34424.81232005091,55678.98081658832,22976.38031239699,4484.888235552159,14168.22066951432,48678.25803752644,29201.25386655675,33605.07899224134,1795.41147861504,37921.03085552774,23487.93020892712,17308.60563219327,20647.52211753557,59659.86184442528
921,22572.47015015853,16068.07318794376,73255.64244214841,46456.83765888168,79347.26166761464,44153.99708282243,18427.88102976565,21080.53275092292,27026.53035738624,101731.7297839533,60470.43821479672,48553.40118598102,34293.31480894133,27585.80260734751,100412.9129988375,52790.68714154683,40429.17680712203,39766.6477670907,70551.26571301976,29249.08352771902,5875.178428336194,17424.89356011352,57487.1871999222,30559.544597963,34966.04660099014,2005.501731326157,40067.56137313005,24386.30099508979,16852.74282707609,20376.2076339472,59782.80077104512
922,22893.84841068211,16472.77293857008,74099.20678426475,44364.51875169357,79243.02524847428,46414.85433143271,19084.94257990467,21332.40551514968,28742.5811413376,107081.1750091465,59691.38528844903,44529.27218027762,37599.70967056508,28575.33682750598,105049.1723401434,56682.19403214792,45172.36520920802,41443.20959014454,74341.67598628698,32155.66813254098,6759.82572033271,19644.07788044534,62673.51042352401,31349.15271914194,36010.92490658355,2044.157210273487,41489.90970315595,24621.92891668835,16489.74096585522,20514.96355033775,59871.85943012255
923,23218.67580085171,16792.05697761616,78458.65935528166,44369.71280664459,79863.91285017438,47550.21322777923,19590.0151093405,22382.78470386895,29494.89681954614,108640.5835558955,56623.11491370617,50035.06398130054,40005.26125641997,27181.55696668515,109040.732167033,63957.41255542893,48397.11912018175,43523.05460269151,77738.79696082804,33002.6786340411,7173.45667216691,21824.09545033343,68956.05095567924,30128.82611068526,33949.06227094623,2095.188999046181,41627.96749245352,25102.1042643931,16270.25146782377,20512.41357604403,60067.2672400493
924,23223.5525008037,16570.54900551934,74369.8772348487,45126.88122567233,78801.32527744967,47543.24721954408,18114.1524261018,20898.33608873478,29725.53657356376,97099.64208311244,60555.0227653906,38884.75283330239,38294.83561207994,25095.93747699611,107119.1232617821,67350.79548121683,48532.74246847356,42741.07124165171,72354.88611490378,31629.707769169,7173.464458476754,23138.97187885271,65276.02156311416,28242.5371992008,30895.79381680102,2018.798337688189,42629.22255431236,24322.93586125313,16270.25146782377,20711.607810353,60116.21855735523
925,22736.33268520106,16374.17474395203,73553.50069946013,42546.61971971405,77533.12596285148,46982.66401237193,18096.55016533221,20360.76807713014,29954.28344791429,85387.60014699234,62080.76428968252,41732.58248121259,38000.43543132179,25358.12365709089,108079.9529331948,68841.1421698386,51548.50437521169,40329.64116898252,69025.30521291602,30678.77815345876,7608.644812370314,24353.02047784851,65916.93891179141,28098.26763759054,31236.82240749963,1901.360549898308,42980.89708735584,24283.45905851667,16489.74096585522,20850.59144550393,60159.73587086881
926,22419.19848151396,16515.76601339066,76623.93169401992,41960.81532679075,77178.58905601538,46972.38330044302,18439.41167427861,20600.78267336894,30163.30547511325,96939.70619403418,61074.75882054144,45791.13668868817,38958.1315382872,26098.75905080784,111910.6603623383,67445.35213987438,51562.06934624842,39402.42925757977,74808.2061847426,32156.40229528443,7640.011470147106,24672.38104260962,66872.92586570707,29188.60906241503,31581.59624313569,1866.949293944737,44101.29247844835,24259.71027267321,16557.27619617009,20986.81022955281,60102.62026985022
927,22417.67071759752,16498.92469783639,80826.3744542841,43158.46263097422,77518.93047332198,47291.28452178223,18439.39827983344,20841.30168172259,30076.89288148013,105219.6503927002,60491.80957981286,51076.34301495822,38958.11850086932,26608.47382594494,113845.8749328635,66277.28143854004,51577.14372969772,38724.86571939507,75402.38448648524,32158.3286628098,7483.65544762727,24254.06263910419,67962.31861944115,29999.18896930837,32610.65597064415,1860.020603873438,44622.63022315297,24478.37356054933,16439.08954262722,21190.51777712268,60101.92722943262
928,22743.33528447081,16562.96114445268,82634.98165223963,44966.65649603339,78738.63840031862,47827.17400622692,18760.79308399158,22155.12791360127,30073.22243825356,107641.1523903346,57284.11922761844,55855.69871514242,39138.56757562256,27643.77343783909,113848.7088273676,64547.90465221712,51449.04497236539,39587.35909893549,75468.37768105375,32846.29572509456,7070.774245506914,24017.79362861077,67944.69337569606,31881.65283924844,34293.96369850762,1866.071382550561,45628.64776965036,24994.95249431294,16312.46098652465,21696.38390088617,60119.83065655211
929,23057.68429564219,16633.56385046931,83300.77686243877,49769.8788726323,80942.87010783967,48119.31888539852,19249.29608840271,23957.01356257591,29840.01972141431,110752.9748108033,52436.28589610081,58021.88046673783,40354.33216598417,29088.06937921443,112883.8436605483,62134.57702229026,50340.14480833615,44044.48690915341,75402.37944600455,33637.6699691212,7070.065300967028,23835.30274536151,67962.31973949345,33175.47697819828,34637.86773915204,1939.572470745861,43960.51177367715,25983.75458576718,16354.6705052255,21732.3364247572,60348.2069853896
930,23218.67999713115,16515.6419789575,83734.35203894686,54163.91673423514,82725.6622975828,47826.49681144387,19169.04288113598,24196.38488998824,28578.89638359223,111621.5248829467,52022.20973207242,57417.91868098798,38612.12713803568,29822.95160245339,109042.8508997203,62136.63522119018,43727.71745342571,45252.0333167016,68459.05744475608,33622.67604199675,6863.829580031121,22860.00227952429,64917.19475284789,32625.20690217325,33292.61917643328,2034.39515547705,43054.81120624748,25254.09872755103,16531.95048455607,21897.74204686736,60335.56276564237
931,23218.69363072733,16293.94022639194,82023.48251172372,53666.63715196751,83566.77197267517,46980.12784256816,18278.71129007993,23478.2447083049,28213.69206118326,102495.3597606543,54235.7298041434,58817.26136721358,38257.57798607962,29103.30682097583,108080.3167413649,60615.40993401736,38984.56924029608,45810.43928756291,68514.31851129753,31862.29977359003,6026.808483951008,21632.53366905841,61687.37234938569,33133.14958098889,32600.12253986437,2095.561607016066,43207.66399474065,25098.0057117392,16481.29906132807,21530.71536784563,60415.79446755938
932,23201.86091777182,16288.32974147972,78949.74565761234,53008.25520182994,82299.41471069059,45803.84537395859,18762.95467250907,22720.03925828217,27456.09703471142,104919.8210430321,54235.72841927392,64732.24544552731,39155.71648986595,26849.02012077873,110001.9923275221,65100.85487563223,45236.14712738997,44460.89880840539,69623.18932898476,33672.90944625775,7172.681877015718,20757.13070999799,61702.19519570652,33133.52486004456,33282.86286780261,2233.216754080517,44053.33244106979,24520.16183063969,16481.29906132807,21695.19956432297,60415.25120258782
933,23056.56990239445,16249.4586570293,77075.18635578497,52161.87524537162,82075.32099960129,46970.05495707913,18726.84354771359,21571.66545760951,26941.22783065141,98726.57612718467,53014.14910878439,60073.12409375599,40147.1460553,25777.0597063504,109918.3196001014,67350.79424201213,53345.02531028573,41561.47424803015,69623.24433796978,34525.94258250219,7581.764377703712,22581.5781812812,62763.35583964878,31062.49575336311,32027.3700106995,2240.349421200694,43049.01966729749,24303.00699008079,16202.71623750892,21393.63881737709,60356.78069981476
934,22244.83991302749,15816.02545104793,74866.82201749903,49863.24830324808,80995.85081734844,48689.30871780075,17381.55128043491,19733.55874002907,26361.47088071561,97354.54410986033,50729.35969370991,56232.55590675421,40527.04218594206,23565.8269211221,107127.1614041434,66209.93819961238,49481.5968336092,36692.37170776255,67302.29871902727,34525.93995366769,7895.714972023432,22762.44803552801,58555.34662389279,27374.75728776881,29545.15970265464,2104.475717748322,40759.16514655067,24305.75161396862,16000.11054656433,21255.86785367883,60435.43346463074
935,20970.02275264752,15172.13273534845,68551.74888206265,46063.40356948217,78874.3457586064,46805.36055793682,16043.21100669024,18719.20214974589,24818.79083523114,102355.6008130074,49909.29077903979,53035.20644958419,38096.27370292182,21376.12294080954,100436.1608642574,61542.8367183573,46024.18880338864,31428.2061872364,64977.63367142441,31862.63395343572,7803.702997390453,21023.74099404644,52270.01994565124,24951.79601684331,28243.03043080126,1891.025159938925,38319.19157176787,23133.3533968516,15680.83248026143,21124.56016457404,60604.63807532593
936,20032.57702924272,14529.41665992319,64100.2168546655,45227.52669309785,76764.74969265723,44153.40072429172,14815.87690168027,17441.42108640042,22885.31206317657,83783.99625834556,47926.79834023387,47857.89303203009,33071.38622338445,21181.06453726093,94344.5802019019,52687.31155928802,41200.89337521944,27766.44922630651,61939.27634866043,29016.98628101738,7197.686467487978,19358.07619938528,48124.68427188016,21262.35788042136,26205.79563517922,1736.84837465596,35194.36412337321,22575.33127491959,16422.11056967949,20927.93082950199,61492.17537389693
937,19439.8482332875,14112.19689699345,61713.22639045111,44989.47431965572,76624.56263378407,42705.02163451459,14352.13438888243,16827.1319721407,22895.64879061015,83397.82011592311,44500.19824888791,43443.8715889557,30816.2778176411,20437.24062701636,91915.5845905499,51366.43482643848,38360.50335318829,25079.08630286383,59454.01216586096,24939.14087950372,6336.213300929865,17682.0597409681,43869.66832599566,19791.04720798904,25308.8682801936,1662.728568266891,33965.03327301908,22329.95174994209,16228.44571188688,20869.85718082973,60867.72529592415
938,19015.75182086608,13909.54501097239,60281.40313915181,44509.44621783154,76652.92976535861,41968.37894477557,14265.30596580806,16335.62016390204,22082.79941731487,80636.48298549111,42876.71694794227,41825.83265953359,28933.99756261476,19572.93213483524,89361.93940065087,48293.02028263182,37961.90723998549,22597.22720474065,56486.05147024583,22936.76565759952,5716.553285998422,16269.469744639,40771.89540484962,19503.96280430109,25128.3515094386,1622.501205946172,32508.84422898489,22330.50556432316,16493.83829429256,20675.82778883075,60282.19869819907
939,18762.29074436471,13756.3404619762,58877.63777392769,43963.69439085833,76423.55753877142,41703.29954687382,13940.65618379822,16090.81661419662,21544.98014231541,77677.03548507697,41444.57649500992,39133.28987548326,26306.31111506682,19266.38297384132,85731.46744447234,44759.65097797976,37601.98662553267,21400.61155229364,54513.00428112064,20914.27854647376,4558.054608498652,15308.71439678052,38721.24705225901,18910.9737927391,24772.65179390326,1554.828257273991,32078.09194961153,22374.96984752929,16529.70215659909,20717.51055767392,59863.57135345261
940,18762.29343542385,13684.8596692556,56419.45890688222,43363.34769770918,76238.0787273095,41703.29955961588,14027.60477851495,15849.11070627554,21091.85460795311,75906.5592690963,41715.94671349972,38702.59528267063,25526.96861724103,19266.54804261163,84126.9158847218,44254.48806559829,33756.56284553076,20750.31889331037,49717.06573470699,19223.44965896998,4260.946439069117,14379.69206356988,37170.9349698854,19209.75518863714,24769.00839852418,1514.753568422718,32069.44525047154,22281.64175230785,16371.90116278468,20664.85901382548,59708.7246072655
941,18925.65300333921,13714.53706680361,57432.39422113491,43363.39513262867,76764.21885621564,41980.54591471674,14972.46376779382,17229.71909320296,21284.96084592908,78091.64556515688,44079.77847375428,43023.65521079384,25178.7946491762,21902.70740071446,86659.95361818785,43241.13773134944,32401.40071710943,19923.59038467228,48888.90853306489,18873.89059237313,4155.894192551377,13392.68705739649,37172.23383585124,20730.63431346824,26307.16055728683,1512.774098580888,33151.19974326419,22523.63120011187,16515.35661201081,20931.38019238259,59738.2426589249
942,19626.03859045594,14045.88138273915,63901.9831005583,44593.28839156426,78728.8080494373,42773.40133951818,16234.63228477757,21213.48272200752,21653.66118274667,86018.06928395721,46484.96011057376,53828.20701172657,26556.0765600933,24596.63835745621,89561.52602502596,43242.62325439015,30561.95523093551,22148.54615904002,48257.23985480404,20222.57589899915,4307.142695205407,12976.47107951309,39721.46817678041,24961.49408745029,29643.34515651674,1512.793780719547,34526.96670307496,23372.94536500516,16881.16800987778,20900.34472090042,59710.29308870109
943,20628.69954471335,14580.1022312018,68125.43451076157,48023.78494759294,79983.82836815377,42247.75853126976,16782.58925840849,21711.87912113965,22866.12613197544,98697.59655963402,54366.76442921087,51532.9110905923,27057.98615534196,26875.06704920711,88574.60026351771,44253.61005148485,33401.23118031964,28471.75030230515,50085.14713220384,22928.19911488688,4261.592322971473,12706.39184158122,41851.88523367731,27832.18158185612,31244.61772908544,1641.10050661712,36438.74137541734,23892.56138526811,17397.60762842919,20992.10027569467,59968.42100305919
944,21893.35466007616,15276.40448201899,69491.9867263057,47355.13748691006,79018.53752003083,42819.00276394995,17100.71413760528,20995.73587294334,25195.01995154382,104649.2524016766,62244.70079845674,50500.96309835229,29596.22265662293,29048.40094389191,94450.01813793888,44256.09471482282,36136.12028163322,38097.25350910972,58128.70623218781,23608.22318949022,4575.193984907407,14161.39260490262,47654.92219475823,31201.83739059805,34092.19378133253,1853.489366162279,39439.38104878783,23331.65946137131,17354.57099466435,20595.47147269294,60616.43040832364
945,22821.55583781088,16142.33533025894,75288.03605138803,47397.61295299914,79558.25988207523,44987.74751925181,18030.25026286269,21247.93267547185,29264.4509634953,109606.3385547907,65735.39382669036,51742.83095493283,35189.58668106301,30456.78271530248,99180.22481188916,51311.61028939848,42569.69007174985,44414.75997621065,74129.52618906794,30761.84291167,5985.551003914273,17366.92906281792,56446.43159712535,32664.19053348076,35526.35319615348,2066.216441447659,41802.6463865663,24193.76299943928,16967.24127907913,20351.49747552197,60826.56406099563
946,23161.2948077396,16570.15410642243,76183.14856926653,45231.00395089857,79447.3602194982,47150.70642810631,18669.51248304848,21505.9339962324,31157.84452406361,115751.9323955285,64832.13956872875,47389.11110948785,38749.67472937465,31630.7950799872,103826.2545304376,54834.6935486233,47669.55643720402,46397.54103800961,78207.55944136328,34076.61809542959,6882.966898875226,19551.26764536094,61622.49880614007,33514.29271775781,36627.42426476372,2105.357081596864,43368.60898483035,24419.87861673959,16658.81206290861,20476.27089382675,60978.78778580403
947,23504.6799600553,16907.67768191719,80808.99673826838,45236.38242651024,80107.9376462232,48236.90266677178,19160.90295697547,22581.87096314071,31987.90717369853,117543.4250002125,61274.70696455806,53345.84733614165,41339.79956588412,29977.17385404298,107826.2261053383,61421.13970100695,51136.80517651387,48857.26381449733,81862.45991320783,35042.57979016182,7302.568014689522,21697.05447563924,67892.6155412113,32200.47351104612,34454.67621994777,2157.029365446815,43520.6064455614,24880.66927525768,16472.31997824597,20473.97788162599,61312.78904959834
948,23509.8352714807,16673.51576462847,76470.35903614043,46020.43494696302,78977.42487299586,48230.23829661716,17725.0203438825,21061.30281246535,32242.38205821353,104284.8653093066,65833.46335816606,41282.28504499161,39498.13631972533,27502.73384070998,105900.5676328536,64493.25826948685,51282.6271202552,47932.45342123229,76070.00847017497,33476.79369766245,7302.575913383484,22991.28465191479,64219.86344963655,30169.67078647896,31237.20530341812,2079.679932238474,44622.95806020763,24132.95591742803,16472.31997824597,20653.09922050556,61396.45920510904
949,22994.78002781851,16465.92335538259,75604.09570607211,43348.55840492302,77628.1567646977,47693.92914094068,17707.89491583472,20510.65472068617,32494.76844616076,90829.74057111709,67602.4478286133,44363.36232580952,39181.14739105785,27813.7991995526,106863.4221410289,65842.50821731701,54525.16808861055,45080.58251841523,72487.7731300387,32392.31885167687,7744.037465678993,24186.27020204358,64859.51337679119,30014.34833454363,31596.57415314639,1960.768194058607,45010.14111085876,24095.07279407304,16658.81206290861,20778.07741024556,61470.84127671566
950,22659.5275825713,16615.60321931358,78862.15330914374,42741.95437968698,77250.95632301472,47684.09359848452,18041.46855041882,20756.50934105977,32725.39155126736,104101.1264404229,66436.05888018291,48754.32692258511,40212.32564018192,28692.51071071959,110702.2023404668,64578.86289271626,54539.75311742962,43984.01799396773,78709.49076946247,34077.45536142169,7775.856855751585,24500.6161520213,65813.60985536974,31188.22383302141,31959.88966424511,1925.925045738131,46243.66263345674,24072.28274722844,16716.1942429334,20900.56936421216,61373.21629985452
951,22657.91253574639,16597.7998206254,83321.39717777654,43982.12547486323,77613.05383798637,47989.18594262267,18041.45551881963,21002.88064688067,32630.0487736135,113613.3603127009,65760.1723440367,54472.41091972859,40212.31160242856,29297.25124043829,112641.4951505828,63521.37784922282,54555.96106335457,43182.69940660365,79348.75636279117,34079.65226126672,7617.244060401817,24088.86620399168,66900.84832224365,32060.90450954774,33044.2914436351,1918.909394343522,46817.63976130685,24282.11859343712,16615.7754274721,21083.7492076809,61372.03171887265
952,23002.18269363311,16665.49443664342,85240.52398528643,45854.52126124228,78910.73077913531,48501.8706489453,18354.14396637656,22348.67483830568,32625.99901376103,116395.2502350265,62041.09258597064,59643.21327990192,40406.60618043384,30525.56100553413,112644.3350171899,61955.72768437233,54418.22954425908,44202.72474379322,79419.75723670002,34864.23501228054,7198.40351585308,23856.30710074296,66883.25793262335,34087.58914555344,34818.12618476884,1925.036115762403,47925.23472785319,24777.84322445638,16508.1838405525,21538.63896740048,61402.6331942508
953,23334.49082511495,16740.13041859084,85947.00432974668,50828.28735611341,81255.86652556167,48781.36523864964,18829.41377192402,24194.40388615296,32368.69630075293,119970.1997663607,56420.38833021468,61986.81321603605,41715.65400105053,32239.11598816736,111677.4365092708,59770.87888131478,53225.94238006125,49473.93424564166,79348.7509398299,35766.74708807364,7197.68433872508,23676.68169802557,66900.849440081,35480.53673194536,35180.52512396076,1999.459709052944,46088.66732494121,25726.72735406272,16544.04770285904,21570.96853875689,61792.98597739197
954,23504.68439607303,16615.47209924417,86407.07423616308,55378.34038761507,83152.62251466708,48501.2227776611,18751.33456694922,24439.59958571253,30977.24400269406,120968.0146329565,55940.29763851749,61333.38475765839,39839.77300156767,33111.00176947091,107828.3493030083,59772.74222276385,46116.27415636469,50902.03556299651,71878.55748816468,35749.64746625051,6988.471903722973,22716.69544650873,63861.74622356736,34888.1089427368,33762.93011354669,2095.472504188709,45091.51832572558,25026.52771864597,16694.67592521515,21719.7061595689,61771.3738147212
955,23504.69880857221,16381.10533151303,84591.65761194694,54863.40434426124,84047.49956366044,47691.50279090249,17885.12142530425,23703.98565010374,30574.29816985064,110483.6182508823,58506.71047461961,62847.3387126543,39458.01998922546,32257.19413510722,106863.7867158823,58395.53706974394,41016.45100199328,51562.43279296711,71938.01186135008,33742.05010991918,6139.369619868488,21508.50060656849,60638.31083153026,35434.96651571112,33033.19153293483,2157.406649983524,45259.80463419708,24876.7361812632,16651.63928977864,21389.66492931459,61908.51004201268
956,23486.90442337859,16375.17433999373,81330.09213624593,54181.64581544042,82699.12733562653,46566.15502895411,18356.24699899887,22927.33157988601,29738.41058537162,113268.907883145,58506.70886896584,69246.78155624801,40425.07089720071,29582.64240595933,108789.5120097958,62456.3280250793,47738.1346237921,49966.40259150965,73131.0257413836,35806.93547416331,7301.782036491987,20646.84326642377,60653.10436549982,35435.37054593361,33752.64911803543,2296.789493571536,46190.86007928575,24322.21987015884,16651.63928977864,21537.57397698235,61907.58146506816
957,23333.31276530008,16334.08269179778,79340.98305138186,53305.21420333761,82460.70858380853,47681.8660757053,18321.11409888428,21751.01560062591,29170.33297099155,106153.9331134689,57090.37799294905,64206.06117606271,41492.5709068369,28310.83719159311,108705.6629518353,64493.25714760231,56456.78368448047,46537.4063986013,73131.08492454675,36779.76560140499,7716.769050852542,22442.64317670389,61712.16655190793,33205.67416861856,32429.63680702954,2304.011682111363,45085.14201607577,24113.83157521655,16414.93779822118,21266.40164644851,61807.64061916131
958,22475.20770866532,15875.8890224303,76997.67091199414,50924.97197154089,81312.233991521,49326.6736992828,17012.26484207207,19868.18415479471,28530.66188085306,104577.7039607235,54441.33362392677,60050.93644973405,41901.61572177918,25687.36588744904,105908.6227146648,63460.41024866149,52302.8333723074,40778.97615639602,70634.02188164368,36779.76260338618,8035.251067497943,22620.6730038934,57512.47872339272,29235.40785478742,29813.9351107041,2166.432640863025,42564.08127500554,24116.46539857855,16242.79125814683,21142.51392669612,61942.07804445827
959,21127.55877868063,15195.2130566438,70296.69893792411,46990.20955149199,79055.11313961397,47524.30317867488,15710.17925423471,18829.14628653354,26828.5558059897,110323.0592224801,53490.52436059422,56591.71241273754,39284.33914509007,23089.43698765352,99203.52166948126,59235.16086328175,48585.43540489412,34553.3258065256,68132.9571733103,33742.43122081392,7941.911033216013,20909.26722310657,51239.58135187134,26626.81681628962,28441.77831392385,1950.303085612966,39877.74398462271,22991.39692287884,15971.51252861348,21024.43817435707,62231.29142765524
960,20655.77863046439,14912.16716457995,67012.07568912029,47306.54876122015,76758.78272916607,44608.83910134736,15021.18516636249,17010.58037763184,25528.33379121618,127865.4211250896,72254.38368651997,57110.15580044282,31893.8629103636,22229.41376531899,94209.03047743009,44009.78096580892,41204.01698484001,32381.45686405329,79253.0792842101,28507.89570139581,6692.710207769034,17144.22401896388,46086.87080857001,22974.18568847555,27661.74254419285,1864.816253089588,36289.76001015476,23592.16515852898,17084.8505933078,20920.95949791512,63209.70991074417
961,19851.6482908612,14310.67115087184,65107.09690914983,46348.79732281216,76072.89048181912,42709.70787126089,14605.20606191044,16186.04318627944,24885.45689106679,126542.7448230968,67333.38763475731,56201.65771070557,28988.49008597303,20674.67596093893,90475.1946581215,43539.08177160098,36311.78280782107,26948.42290739135,73974.54288047043,26085.74700082433,5896.656072299757,15593.005678149,42828.19408954168,21377.97700916326,26326.97606373979,1734.328414475386,34940.44815700709,22534.66871115303,16904.9060056118,21097.39736459114,62634.00550876105
962,19532.23740453073,14136.17350744121,61413.68541387873,44923.59690467926,75938.83098887763,42289.40574561252,14093.64504915302,15878.46610844448,23374.30744815689,119231.3726862975,63657.1991502466,54425.16993022245,27736.12574060924,20445.24988029569,87971.03683363348,43981.08028903788,33960.32222395476,26174.08391947837,68329.68063664049,23019.9421699665,5286.466328158614,14536.97141274621,40664.61841054189,20871.0323144028,25669.47111929059,1668.475048842059,33736.30366462943,22463.32102136527,16622.07953247591,21035.58839315539,61822.22325114095
963,19417.63206071245,13988.84045061486,59015.24582546926,44950.57958023691,75905.40591633496,42428.41068870517,14211.83480397171,15580.99768760705,22378.18963570401,114626.879426725,60727.73552271083,52961.25766529945,26162.22972352504,20226.72291572358,85846.11716209677,43236.36831614518,31694.19389262727,24326.21645500709,62422.86057388633,21231.23114984395,4787.66871243327,13784.4470507526,38455.19295351263,20105.94306793157,25138.15769005939,1604.487419156828,33748.59892487829,22398.50993530814,16677.11779047517,21097.38145234077,61589.1944297852
964,19092.10603825289,13817.28019184774,57792.61193824026,44685.49322789167,76635.50987268184,42421.14961158171,14322.03558138284,15862.52456128785,22359.57888082305,112721.7821192555,58277.67189962775,52954.46046352912,25731.79831234811,21336.93240036938,82875.40539094315,42998.78550622908,31464.31159653882,23666.37154650861,59488.039707007,20340.31940203359,4433.370142970467,13250.57719028524,37371.01688775488,20113.36539452402,24765.80566324462,1543.001861737677,33148.68764672602,22150.11366510968,16643.14198612596,21156.22141073257,61586.59071351052
965,19401.55620561191,13901.27273256603,57706.53386042938,44685.61918688943,77577.53487649672,43159.64683982306,14674.1791874693,16989.84679559276,23664.82090568328,112556.4649030923,56625.22418229917,52956.75118739938,25592.43691914877,23712.62252312948,86335.00907247872,42741.31826695492,32588.24322525759,21571.22925372238,55872.20187681517,19596.18180498142,4235.461170552971,12700.96182452595,37342.85829513812,20872.03837309957,25541.5383872103,1532.194756154222,33764.73060420952,22782.74265570697,17125.51432946854,21244.51033396367,61424.08282972447
966,20060.72251373962,14156.57191413953,60519.28905961372,44778.17765286325,79004.1910024778,44925.17210789683,16127.06796957239,20493.72836397884,25743.89117682909,115101.3523086553,58276.13693578084,57042.9373155002,27023.01124744873,25793.04297159531,93023.53614428692,44508.24423902969,32492.9626126752,23633.83994174913,53634.10704178777,21359.17681039034,4486.694341296306,14213.82545589272,41097.53803520029,25652.46180528216,27637.53235025904,1543.519208606309,36239.73855049297,23788.57494231431,17433.10004724022,21273.87850268481,61558.26895010319
967,20846.76219090349,14935.77052639357,74948.38572874162,45805.47337364678,80155.97684795069,44162.90639312103,16887.47474116795,21528.77625828458,26610.04622164766,108173.4107981122,53505.81391410472,64577.43694628333,30692.51920585295,27242.15147498724,96432.79091028328,46308.90826106646,38711.83862362814,36779.79336232866,51019.54995819447,25113.72502620378,4855.349128331722,16029.42194396478,41738.21073055451,29838.19467377871,31025.73604189236,1681.999161712879,40261.7029159802,24563.75707301564,17700.29285167649,21109.19839230719,61497.70888649079
968,21789.49302707663,15282.81890260156,72455.03337919526,47307.46536618212,79883.73416158438,42509.64697108278,17202.18292786759,20868.48870100234,28134.78771204523,81937.16673222263,50059.18801401077,58983.5844437417,34613.29588885279,29579.31909492439,96684.7494011479,55498.66182465113,42885.32439499342,35013.40904695202,48531.22491822171,26811.52266378077,5215.703611488171,17578.48738552558,46801.14775314612,34702.08557913188,34414.56447597011,1864.337310514319,41402.88777177393,24389.64864970929,16899.90942306849,20865.39911518383,61890.87761851278
969,22494.43241337405,15842.19759859987,73171.67931590654,49927.58708436116,80534.38230551383,43787.91264766739,17235.9216367842,20936.06618149499,30929.53592791548,80606.59178704351,52558.72842255613,52904.98555922497,37629.06012801322,31598.90319134672,96684.74938320743,57693.99230761812,45028.13704045357,35739.45066901772,51136.05399624295,29859.34907321687,6141.238003796023,19236.89042712072,53598.56989507067,36199.01244533731,36440.12720789423,2059.059582825128,42178.77191036859,24830.9976792999,16255.81766237618,20607.56942480903,61987.5898868604
970,22923.42522324352,16233.7684513114,73979.03119403105,48362.21023039224,80987.93757501456,45074.39146204844,17332.18546497125,21833.6569200548,33902.48473800166,85267.20698504514,56960.77224986731,51034.55388522505,39351.60423845632,32930.52959121672,95304.7396686782,56584.33852212934,47117.45768664633,35734.84259078447,57869.88569026796,31920.94617990601,6997.409217791062,21190.32898197563,58922.38063818678,34662.6572456631,37249.16415285782,2173.964178624648,42421.11094434519,24367.98312154104,15742.3901147753,20479.51802367978,62450.7468794638
971,23132.31118879002,16354.39356993738,78060.48601602737,47306.5484948872,82354.32777775417,44736.59466726318,17678.49647663384,22869.59144023844,34657.53093540381,86077.71863411335,56469.00932377738,51282.90437620871,41053.52470763188,31246.35839576489,93228.68646347884,57538.86954484741,48523.06330425595,40926.79129423759,63881.04414932161,33954.39344710858,6937.399670643972,22310.3446115077,66330.5843342108,33096.61076024658,36011.24635384548,2206.652477558189,42774.52960103298,24563.84721739722,15757.44703822626,20508.65033000743,62317.95033823456
972,22929.10760493332,16033.48191532859,70549.53600373298,47306.94516908409,81240.4017040196,43859.52684392053,17049.09761987004,21536.00107687483,34153.8747381595,81462.83242298006,53509.59834996555,42783.73415283103,37605.04583421798,29812.44060379022,83498.70616877625,61983.65412940445,46859.25258948842,37396.2300356862,66809.32411910992,33986.70235445862,6669.450664396957,22339.95629357717,61431.51157936335,31346.14141329667,32606.34936421718,2172.480285353176,42257.08870557899,24284.58498234359,16305.42074275133,20626.89639864637,62347.14152811916
973,22719.55742428466,15593.43031053957,59461.40450151415,45148.67295800689,80491.23503634572,43450.86626237022,17141.37653097842,20640.17941538918,34109.59139866798,86317.86510151566,51005.02848452727,40710.47057641409,35332.79933741017,28874.34800435704,84892.4335603838,60033.50128558045,48546.61193274276,32381.37956025378,68178.87990618864,32251.7638519655,6736.632401402938,21005.74030287988,59066.13598449962,30943.50351361036,32202.99194144896,2016.451772687444,41963.68902566633,24148.60122715804,16586.65257329851,20509.3326749944,61760.58377461033
974,22409.91765615837,15472.13577170408,62599.02983379234,44231.7799035398,80748.69549097803,43044.78943432476,16617.23945576916,20772.02600352834,33559.76481602474,86739.95750757837,48083.34319663222,41871.63468690611,35835.00204834845,26143.64184663885,90470.54500809849,56842.91796633703,48617.42582928553,31374.39912270648,71200.89886124225,32592.14732133163,6937.859102442423,20766.35285605181,60267.73685900875,31110.54016196349,32180.68003594963,1997.969608320228,42547.4845618022,24034.08021966874,16690.83103340789,20509.27115721313,61468.69714765607
975,22206.17047179387,15443.63113437329,66393.15221172036,43735.15652330148,81108.65713726378,43173.93049275992,17048.26509765266,21234.77842172304,32803.52778157753,88504.68068263136,47540.4321983266,45434.22082282467,35794.69715611403,25780.90191264935,96737.59936041826,56640.47573656825,50872.3631840492,30367.13662019712,69736.95201982118,33953.68601881966,6999.143540115566,19850.82587973984,61340.66664081586,31598.37577499013,33413.90843755267,1959.239357157567,43747.69986004699,23702.5739860678,16621.40880884373,20685.89289038297,61656.493510183
976,22720.05877660876,15810.81765022585,70640.20633351852,44686.58514075609,81398.76448141327,44445.4036489367,17792.18337609549,22503.53387701017,32910.93440253762,92975.45129878589,51040.39356691026,51032.6879980123,37050.38847769896,28796.66232554109,98062.81409477313,54321.77540235119,51822.80044151043,33050.12758642505,71201.29764042432,34303.28576123284,7057.460555134277,21074.24203252438,62431.81654362027,34131.27311733251,35835.4819894673,1998.409006111445,44857.43002739458,25100.80814906097,16597.97521672669,21006.17213646646,60958.77329248703
977,23319.42750419311,16267.07339841936,77826.03844368029,47779.14018508871,83100.40819866456,46518.99646824772,18505.28537715906,25112.56901168853,34638.79630003148,99763.01867691225,54495.48694284553,55320.0374291286,40192.29449179638,33827.54991481442,104259.6862219779,56304.28452091364,55541.85891792172,40465.46629559188,71871.71777136036,37685.63243799187,7493.654661162733,22574.93883381703,64609.70211046616,36454.05283461408,37649.22584628966,2060.375269948083,46298.13815841547,25465.40592595296,16898.26839730178,21421.10387447037,60929.63695799622
978,23761.84134433589,16838.81813111371,89560.8911306742,52661.05468015592,84173.99997619749,48061.75152529287,19176.91947239525,24506.42907856808,36058.98874587024,103860.7516183718,56959.64926513811,58379.65283157276,42497.25047956986,36234.46397255661,111870.5527374695,65056.18541920291,54579.02676670057,44592.70876738981,76325.82902590572,38716.26064887823,7672.962459642476,23416.28033357572,62565.35936048019,38249.39255014947,36669.8629147227,2121.647296427939,47329.93927949025,25718.47858084867,16328.76918759419,21363.76196301651,61252.8294218333
979,23957.82204100459,17102.81723018049,89094.34428978212,56374.89601740872,83880.80924154655,48787.47614234372,18873.82391932337,24480.19812879656,35950.25543756339,103111.7662425444,56010.29485800525,67862.48746797262,41474.17514452719,36950.74148027984,104404.8790018464,63142.72717603149,58432.90211774229,52519.1365301937,79254.8100616685,39742.15564225556,8170.485019625765,24164.22901710824,59191.90128334708,36997.49965724107,36229.59037117918,2141.406067337281,50030.33346953582,25696.3003159748,16996.50791181928,21532.83230932549,62099.77232112987
980,23957.8220422005,16860.16432301847,85523.25766557225,54216.44918665509,83967.52040464882,47811.15991317686,18519.13225595143,23612.81104674283,35090.45868772912,102364.443738967,55904.24024193071,70730.49087408713,39776.39162128124,37396.36160620115,100009.0884716791,60769.05904899946,56175.62630918623,53858.77656346875,78521.92705954671,39740.68950724856,8160.395621550836,24269.13353409694,60252.77565078982,35176.99700508094,34826.89546538299,2307.817755785834,48774.26682113494,25344.43713079937,16601.08313167081,21306.8495363061,63447.6174582988
981,23750.55316878362,16856.69205172989,85568.03752250443,53740.04893917214,82861.4617748423,47042.42332716953,17775.09910838893,22277.0676613812,34107.81911923906,103745.3205697012,54175.85200260182,66084.07172816515,39194.49100159237,36096.89759508268,98754.79287866382,57722.74948295088,53764.15473318229,51219.72992114682,79985.0813310535,38955.21685957919,7918.435286689012,23134.99754020156,61771.20871829325,33131.49381328005,33410.96429700591,2328.345569569038,46516.83790173214,24719.8558840565,16390.87197337925,21185.80471731715,63596.28542370545
982,23013.05068046259,16520.84678545256,82978.25763946662,52462.38165681674,81928.68946494517,49606.92626627682,16881.43390611211,20195.0315432382,32175.77333755352,103771.0950895725,50549.37218229905,60993.20037556315,37604.64774726606,32019.43438729651,95245.52549692716,53268.60057808197,47346.28870649818,45548.90579365654,82207.09846474158,37327.35184763441,7673.437158921032,21734.4720173473,55181.52472499436,29081.06179378332,30994.12638166789,2273.101357244128,43016.82269076135,24948.20369248217,16239.47657835306,21212.37416154255,63165.41933079994
983,21796.5684753219,15749.69750832041,77433.665457624,49491.04564474586,80086.31415648332,47492.09490619397,15671.3967296814,18863.53891116845,29704.02630380322,89898.58334598875,43699.42272219906,55418.06185185449,34885.72697422182,26147.12038306434,90318.68996830597,48818.68760279931,43737.50979958731,38449.08204075327,84226.920363647,32688.21164619622,7183.065913487802,19055.08068508428,49361.74590843193,26295.6389526216,29175.1694812366,2043.136069082729,40849.64975127771,24986.46076618441,16939.48328860769,21188.15518560867,63315.58971845862
984,21432.11180076969,15092.01362121027,69991.96747943352,48181.22050534691,76789.99491623013,45106.24663268601,14882.98342682366,17616.44575628383,27035.30665801011,137673.76076605,77183.41425879227,57959.14918347642,33041.91237486112,23604.92470024014,93339.88742771314,43731.62282355154,42447.48779563938,34733.70232127346,85340.74468900048,29711.80295645948,6764.721086610612,17094.72592120114,45758.38866769528,23451.35734940969,28418.17011096681,1848.431989143513,37391.46353534951,23673.25722904934,17043.12552616782,20863.57079524958,62851.80119328135
985,20528.081304245,14494.35310783431,68119.4889588045,47163.88526539652,76074.13400961497,42778.84610731422,14453.9909360309,16786.02668803354,26339.39283382559,136216.4211174971,71761.57829717756,57035.13833730667,29913.83929686568,21873.77952324832,89552.61413079296,43270.92167049594,37495.4048104309,29007.85974327534,79521.86396005732,27108.19298693832,5970.678917895826,15561.01105181995,42609.71341540314,21763.80529574442,26964.34134789325,1721.785210338704,36000.48262802372,22558.78700249996,16861.96022513714,21065.40303191715,62105.55521346075
986,20168.98879405907,14320.96816632371,64489.08962551317,45650.02002728358,75934.2170612479,42263.76248773501,13926.42637640155,16476.25549387805,24703.57454966356,128160.668939713,67711.24159352282,55228.31673162858,28565.47974738313,21618.32175290098,87012.61759133278,43703.5317729514,35115.17779626772,28191.78843170933,73299.15796434059,23812.70579395787,5362.031382286038,14516.89275279732,40519.17244300533,21227.85058516968,26248.18641435095,1657.870314364568,34759.15209746367,22483.59537779157,16577.21510553582,20994.69801158323,61053.29776301926
987,20040.1455944261,14174.574593676,62131.56908011759,45678.68135381585,75899.33154850644,42434.11415825566,14048.31354997157,16176.66506732552,23625.27766881226,123087.3863999418,64483.62850931252,53739.40792058093,26870.94274432627,21374.99976015342,84857.28674135395,42974.63809982049,32821.3269408484,26244.33176367343,66787.67849284453,21889.98905758047,4864.494439893503,13772.85964463092,38384.32941985121,20418.97894711039,25669.47938436817,1595.76623425218,34771.827056345,22415.29252349807,16632.62673367261,21065.38482944655,60751.23854561524
988,19674.17824159487,14004.10830629768,60929.79417506346,45397.10340252717,76661.33590434426,42425.21565011454,14161.96182096145,16460.20022690511,23605.13153881893,120988.3287269922,61784.20690438827,53732.49465545639,26407.51825782911,22611.17848391034,81844.05908266711,42742.10174577228,32588.63239560205,25548.92508996334,63552.43082588027,20932.3324496211,4511.09133332846,13245.01380773658,37336.75132551463,20426.82601788903,25263.91324639595,1536.090575027134,34153.3894934847,22153.51363222238,16598.42044327236,21132.69351227854,60747.86352747072
989,20022.07257497532,14087.56526006198,60845.18464896657,45397.23719770827,77644.52076449315,43330.24991513276,14525.12179961175,17595.56427021021,25018.05517753694,120806.1803560415,59963.57946143549,53734.82449381889,26257.47464947724,25256.4248312088,85353.17551817033,42490.10332413229,33726.31356410802,23340.8669326441,59566.45299797692,20132.44594144622,4313.682560903872,12701.60013299718,37309.54326796356,21228.91421578499,26108.84197593372,1525.601589042819,34788.4569094813,22820.22620248406,17084.06511816621,21233.68969401898,60537.21574616706
990,20763.12960948932,14341.236500513,63609.95229343425,45495.55392730507,79133.51171274089,45493.91526451721,16023.462391263,21124.44095132874,27268.64738703341,123610.1659658554,61782.51571786869,57890.78293169044,27797.70418727003,27572.89891148813,92137.42667452598,44219.49832356181,33629.86734274646,25514.64022276978,57099.25263996458,22027.52008417565,4564.28075876705,14197.3930756943,40937.47822351857,26282.89837520266,28391.80034755432,1536.592693194872,37339.89732759422,23880.24880502568,17393.73744488817,21267.28476797608,60711.15197548097
991,21646.82197207978,15115.46647379355,77792.87856489608,46586.75995080161,80335.62248561501,44559.75252897984,16807.65753825757,22166.87241105952,28206.25965687286,115976.8819711564,56526.68770350181,65553.93540052984,31748.48425852731,29186.42962355888,95595.4736167308,45981.91474879934,39924.82154294129,39369.08332479311,54217.05297991022,26063.34957863782,4932.003798648162,15992.50293050021,41556.52406163488,30708.16067948284,32082.23463264116,1670.996329397634,41486.06682079674,24697.1947219254,17662.74283965284,21078.90255933596,60632.65213449873
992,22706.67182967297,15460.30186083473,75342.06453590325,48182.1941342985,80051.48471173686,42533.66987262104,17132.21097721692,21501.87465978013,29856.79132355558,87069.49272654479,52729.27757457701,59864.56693337386,35969.79309846834,31788.78253584882,95851.0380578476,54976.47032726114,44149.36336362358,37507.50126902668,51474.00727273535,27888.34193124687,5291.44751304199,17524.08919328144,46448.55413441269,35850.38875561936,35773.34938771921,1847.967144794532,42662.49341368219,24513.70601664622,16856.92974663165,20800.01371122885,61142.28969268292
993,23499.18850517714,16016.11362184861,76046.48399584519,50965.31932729595,80730.561595901,44100.19469203131,17167.00515947118,21569.93420757729,32882.10444040148,85603.45026395643,55483.21152047149,53682.17495890811,39216.71922337225,34037.51750466559,95851.0380396506,57125.17017057198,46318.38995926766,38272.67227038318,54345.4831071256,31164.50380483679,6214.642687017205,19163.77932419191,53016.51920829768,37432.97757373054,37979.59400369252,2036.957542762794,43462.33817941548,24978.83320853015,16208.46857749476,20505.07507890446,61267.65114763293
994,23981.47671619427,16405.18758330662,76840.0618909235,49302.55697217763,81203.93403549446,45676.78477755891,17266.28048120064,22473.92795413268,36100.31958400233,90738.56858766313,60333.27831111046,51779.80535206034,41071.29837146042,35520.2360783026,94451.27806244428,56039.08635152602,48433.27016497379,38267.815843797,61768.63234382487,33380.55056482535,7068.649992878419,21095.17587822547,58160.61682217049,35808.7041275502,38860.79771850118,2148.479789452026,43712.16105659165,24490.87323442186,15691.55802514351,20358.59348067818,61868.00966941171
995,24216.31337618555,16525.04352363049,80851.88426262663,48181.22022244483,82630.02586421352,45262.812101423,17623.4254000008,23517.25236453094,36917.65659914166,91631.59945244945,59791.46565992808,52032.39646910595,42903.67305185433,33644.97142980605,92345.51304021767,56973.34234389816,49856.0711616177,43739.58008936386,68395.1309488609,35566.3385703821,7008.792115333225,22202.5535953109,65318.74561273214,34153.04030561279,37512.45661997879,2180.205870660113,44076.4938849134,24697.28972293427,15706.71709219029,20391.91874501158,61695.87465587864
996,23987.86504167771,16206.17819473259,73469.0762673813,48181.64157460682,81467.42906838983,44187.95846282456,16974.3365867036,22174.14876825107,36372.44909484801,86546.86584157907,56530.85730458041,43388.10149638281,39190.86420563497,32048.3550339184,82476.28034414572,61323.71601860793,48171.90633363141,40018.74231443043,71623.1681511958,35601.06797954724,6741.52032997917,22231.83114825266,60585.04832625618,32302.39998545359,33803.83998080148,2147.039576287963,43543.07353099971,24402.98192914529,16258.40815669119,20527.18374770156,61733.71318555206
997,23752.28164862711,15768.93262362937,62570.11597967897,45889.09855176974,80685.529095032,43687.14164873026,17069.50232820441,21271.93671856878,36324.51240879492,91896.19553531405,53771.38202315933,41279.43659854907,36744.44733494466,31003.82233232369,83889.95432148686,59414.98603810259,49879.90787062119,34733.62085125317,73132.92031867133,33736.15226213834,6808.53227021463,20912.67004110401,58299.51949351455,31876.72104804054,33364.50273971292,1995.603942586926,43240.61316794727,24259.67190023248,16541.54781592097,20392.69929862793,60973.39875338726
998,23404.17415965812,15648.41153172184,65654.21124742954,44915.1635847541,80954.2387577868,43189.49124523959,16528.96827972853,21404.72384087541,35729.3254924869,92361.26170288787,50552.33892785832,42460.42777992626,37285.14447597749,27963.2782731274,89547.89793644907,56292.17335394469,49951.588064066,33672.37008225151,76464.29222085314,34102.03640215538,7009.25038595248,20675.98376871855,59460.55854798929,32053.31640340923,33340.20059364552,1977.665822013337,43842.43730715763,24138.98094805197,16646.43300490212,20392.62892670824,60595.04621486628
999,23175.11469109303,15620.08865710176,69383.60326586346,44387.64418312363,81329.92819217459,43347.75464615022,16973.47802006925,21870.7773263677,34910.69939702471,94305.65357552485,49954.17255186318,46083.84566840507,37241.75016621745,27559.38027472593,95904.64438902384,56094.03116498554,52234.11103888424,32610.82204664298,74850.48653454454,35565.57814335085,7070.379931834128,19770.78731768143,60497.26999337333,32569.06851106524,34683.43399660093,1940.075640398374,45079.71730336042,23789.61445308124,16576.53983182912,20594.67149342798,60838.47371008414
1000,23752.84528584878,15984.93377089779,73558.19969844878,45398.26324566743,81632.71118352907,44905.9551774253,17740.66885201217,23148.58351154278,35026.9669940059,99231.59900048685,53810.34642659166,51777.90760451224,38593.69170857233,30917.32209554766,97248.82517762539,53824.58194835403,53196.17540475023,35438.41046838929,76464.73182159093,35941.36901633654,7128.549554998172,20980.39881826561,61551.58651254186,35246.91143172564,37321.01392779373,1978.092285624528,46223.7178333068,25263.18001282071,16552.94727022741,20961.04792844766,59934.06702897896
1001,24426.67585996547,16438.28015804176,80621.43652848426,48683.21287029591,83408.70474356599,47447.15977698944,18476.07935785602,25776.23032759265,36897.37636859731,106710.2171948734,57617.08581823844,56138.46424235502,41976.42852423451,36519.03626344314,103534.3849792712,55764.98092949513,56960.73072561887,43253.39238271405,77203.78039146283,39577.11257159753,7563.641213340321,22464.16221766325,63655.95432129348,37702.61270243877,39296.54524844944,2038.234501120039,47708.91749163943,25647.42089421613,16855.27758842656,21435.70001035862,59896.29960457583
1002,24924.05244666542,17006.37910246455,92156.0844889625,53868.84189165437,84529.20491858912,49337.81844944108,19168.72468627038,25165.7664652342,38434.73376288538,111225.1455078496,60332.04103334701,59250.32308818288,44458.0621069507,39199.04935038006,111254.1758097856,64330.98419630599,55986.11983391798,47603.06898390021,82113.8426059206,40684.95284750641,7742.495824890565,23296.01027828469,61680.62139351451,39600.69110737763,38229.82232706107,2097.702914934903,48772.58239328858,25914.12811553578,16281.91499339418,21370.10498554019,60315.23174408344
1003,25144.38056736054,17268.69478450267,91697.49726078808,57813.72938172367,84223.20381428998,50227.19977719821,18856.14716766692,25139.34839568315,38317.03002771857,110399.9049839703,59286.06501329578,68895.07870786967,43356.56684085547,39996.59884675778,103681.6557122955,62458.16939271105,59887.14130232151,55956.68465015927,85342.65263977126,41787.70530519359,8238.760934148218,24035.51933854073,58421.03939813285,38277.15838275493,37750.27710565434,2116.880063666817,51556.36936725194,25890.7549723543,16954.18354302373,21563.50930850427,61413.06551356747
1004,25144.380568705,17027.58917821182,88187.33585140923,55521.00087573998,84313.7036443612,49030.7164227602,18490.35941894385,24265.77376491366,37386.30060804338,109576.4966314667,59169.21656934648,71812.05375056688,41528.64620817581,40492.78098730002,99222.95401800398,60134.91994475901,57602.25126639838,57368.52341334448,84534.74710470755,41786.12933105131,8228.697036265536,24139.24014517217,59446.10237754801,36352.47708689862,36222.46064507678,2278.393232413446,50261.51323582578,25519.93477274993,16556.07626873545,21305.00126039578,63160.18436756331
1005,24911.36189832172,17024.13904821323,88231.35173292125,55014.96273196962,83159.3180443411,48088.62358272803,17723.05012434443,22920.50178794664,36322.59391747159,111097.962278175,57264.91967232546,67086.29622264019,40902.1422196905,39045.87408815302,97950.70734306854,57153.31651965743,55161.27911977886,54587.24765647187,86147.6790886397,40941.81105456577,7987.348237890951,23017.90139357901,60913.27848433769,34189.91954862639,34680.22723626334,2298.316786356536,47934.37105649241,24861.70352735588,16344.43907386611,21166.53468848678,63352.89241553139
1006,24082.23668332971,16690.43533333609,85685.75529104359,53657.80898711865,82185.7901556512,51231.44246392974,16801.42772322759,20823.61336202144,34231.15562171092,111126.3609345008,53269.35078810611,61908.49739246346,39190.43560484869,34505.76401516543,94391.2164361905,52793.77743056344,48664.90057326853,48610.79941401097,88597.15593025778,39191.99050344347,7742.969324402521,21633.17897067299,54546.03904970225,29907.70071262923,32047.80536437718,2244.698751044875,44326.26939900451,25102.35382402564,16192.01663834992,21196.92822280032,62794.39036384623
1007,22714.62628764489,15924.2033677757,80235.75769773281,50501.61969458382,80262.91602528699,48639.69970252758,15553.53604618624,19482.62246130551,31555.49107337473,95841.47123134398,45722.24001472725,56238.16244845085,36263.10634783791,27967.15149955765,89393.86959534348,48438.38429639912,45011.97391938075,41128.33685903133,90823.73955580805,34205.29762384407,7253.837455287066,18984.02106745723,48922.71550044644,26962.88146884854,30066.59599227736,2021.50275598614,42092.17045837588,25142.67203946918,16896.77207451243,21169.22345525452,62989.04589833985
1008,22108.37823972951,15300.90540794584,71918.50732349175,49042.29288047349,76624.47048560435,45788.06335536643,14627.15392527836,17786.25579818576,28323.69053722527,143155.8182744237,82722.57518135144,58703.56532590234,34218.88913961474,24796.37608885387,93072.95039909905,43866.21997362217,44103.42451365437,36797.49897332703,92285.01182869027,30496.9806106583,6793.451564124782,16980.2012591402,45410.05099278499,23444.90618731346,29229.05616838587,1852.538973010151,38415.48807101665,23925.43379522286,17062.67207609988,20824.40345423247,61727.03536118611
1009,21110.74177662756,14690.05706892456,69944.55430032985,47940.83542615775,75951.29967259082,43552.83835285443,14187.9152410552,16903.14877678487,27590.29834352289,141722.7926278432,76627.09613091235,57772.31581759964,31008.33651289785,22991.0965830323,89115.5238714941,43388.2325899415,39459.36948765392,31089.14123830208,86396.93452261428,27960.41609333447,6021.970766462147,15486.63691765619,42377.07050381414,21753.24023635677,27678.11294843717,1720.37146260987,37004.76383476427,22861.22895991082,16899.71109856077,21060.76103619474,61256.95135477465
1010,20714.4677757333,14512.84625917105,66117.41414342799,46301.79051169036,75819.72661836154,43058.15435999763,13647.75016127448,16573.72339742448,25866.38322899586,133801.4412224089,72073.52005462704,55951.33964740323,29624.42405771817,22724.69912339677,86461.41129571041,43837.07490269688,37227.19663005773,30275.561940539,80100.22976743369,24749.79085419901,5430.61692561052,14469.85218742772,40363.3442625763,21215.97898082099,26914.11950792899,1653.670416139405,35745.8140853907,22789.42866531041,16643.57847947902,20977.96124209525,60594.10101928774
1011,20572.28377367727,14363.22240299539,63632.1334010959,46332.82180847424,75786.92148993844,43221.75933860636,13772.54852696066,16255.12472917557,24730.01477728905,128812.8004487502,68444.88796818763,54450.76678730857,27885.2063059003,22470.95714227298,84209.24652893543,43080.83199448956,35076.02718765862,28334.05216565872,73511.31751934593,22876.58591664978,4947.216657580809,13745.29683400071,38306.94380288183,20405.13548368109,26296.75536760831,1588.859121832391,35758.66895032322,22724.20644037056,16693.42209211806,21060.73972001646,60403.82433984089
1012,20168.42308878574,14188.99464965765,62365.23117452445,46027.96051866674,76503.48400508506,43213.21325138792,13888.9112094906,16556.64946507351,24708.78367947636,126748.7630900088,65410.0732010845,54443.79936395558,27409.56246213118,23760.07381786505,81060.64167913562,42839.57051132442,34857.8066377199,27640.76903557153,70237.5971503004,21943.58988423055,4603.854905155811,13231.26926895256,37297.85786476129,20413.00168396935,25864.0977755278,1526.58210708553,35131.45339765745,22474.23443103227,16662.65300725523,21139.56220041856,60401.69830888866
1013,20552.33942083546,14274.29314344425,62276.03643718194,46028.10537720882,77428.03700907376,44082.4040912309,14260.7450168612,17764.04943555041,26197.80017968398,126569.6536508919,63363.23952412694,54446.14745417392,27255.56257501063,26518.59983988566,84727.41441550186,42578.1167132332,35924.72210831432,25439.45356277958,66204.2191375392,21164.30122030844,4412.055170562086,12702.08141046032,37271.64953869293,21217.04520434424,26765.46698605708,1515.63588976162,35775.53484455738,23110.8765988833,17099.49786941764,21257.83475042207,60269.00459173023
1014,21370.12767212944,14533.56182929352,65190.63406274176,46134.55179766664,78828.23254697685,46160.37856674179,15794.87245293572,21516.82426202444,28569.59780791216,129326.8580510436,65408.17189088759,58634.66349577318,28836.4041554371,28934.2742954284,91816.46592861298,44372.4013284225,35834.27500547074,27606.58886310384,63707.67949112604,23010.57538749072,4655.53304264189,14158.71656870012,40766.27983676634,26283.34991511875,29200.92492843862,1527.106113371219,38363.18994192741,24123.08953404408,17378.05289508933,21297.17658489534,60378.57253815404
1015,22345.3201313153,15324.87576523931,80142.17015909721,47315.98832082604,79958.6558999358,45263.21287474952,16597.7975668546,22625.39531562168,29557.70509292778,121820.9264427896,59499.32666187348,66357.84877897198,32891.35652358453,30616.90263026093,95429.87474014872,46200.94638516413,41737.67237970238,41418.72504543476,60791.20548169408,26942.47840424883,5012.807851592627,15906.83293746581,41362.579486093,30719.40007899001,33137.87691239942,1667.368614741603,42568.20940759085,24903.18914930698,17620.02738934812,21076.56978761632,60329.12299906182
1016,23514.90994870867,15677.32020266757,77558.5401155798,49043.34701761961,79691.46257441418,43317.3721991633,16930.102743631,21918.20516811215,31297.12597772212,93395.8230673732,55230.10235286414,60623.91003836791,37223.9708348016,33330.69835456616,95696.92108708405,55532.9918115835,45699.44053534295,39562.82764995777,58015.54020682297,28720.4754545777,5362.038578147376,17398.32439631801,46074.85705469675,35874.16382660912,37075.55482113625,1852.053865367394,43761.33398465353,24727.97624300273,16895.18610569471,20749.97431970103,60650.15985774821
1017,24389.4861230066,16245.39636534729,78301.13390622028,52056.60544978658,80330.04296620154,44821.8555939336,16965.72796122803,21990.58291909478,34485.36703041285,91954.2398029977,58326.20241792277,54393.08546501953,40556.51036925081,35675.73284802419,95696.92106806935,57762.31424676093,47733.54999859652,40325.66207034402,60921.16286571699,31912.2730198196,6259.002715920425,18995.08971398043,52401.48915396891,37460.61066370003,39429.17459782734,2049.282651008445,44572.53160089465,25172.12503661436,16311.88530020104,20404.58359761205,60729.12901347706
1018,24921.71186858105,16643.05553438054,79137.7178605067,50256.35129670132,80775.18601993544,46336.00562503791,17067.37440639468,22951.93274282613,37876.89882924913,97003.68470309579,63778.8720901284,52475.8127746281,42459.99018154622,37221.94716295483,94234.27318612732,56635.47885752769,49716.88106918534,40320.82047368988,68432.58621261956,34071.25445172399,7088.744842339134,20875.92498522837,57356.57230675833,35832.37758017617,40369.2419300946,2165.666327231894,44825.90041835764,24706.1732762945,15846.91629988917,20233.04491315623,61107.31388392542
1019,25180.8642044602,16765.55618555308,83366.95136666833,49042.29257417861,82116.23340344193,45938.4281277535,17433.04948830788,24061.45340251309,38738.25344773164,97881.81639579867,63169.74121860688,52730.38267986825,44340.68004926437,35266.37643271412,92033.90112250057,57604.78960164045,51051.18143111361,45775.87574807626,75137.88537109582,36200.75632112533,7030.587725583346,21954.31308970052,64251.68317711863,34172.67759775536,38930.83285603666,2198.775398047605,45195.40452029675,24903.27986553302,15860.55211409019,20272.07078447461,60998.88058043907
1020,24928.76166000396,16439.65485499914,75584.04971995509,49042.74876743869,81022.96762650184,44906.14352489057,16768.45763083781,22633.1333389544,38163.68384773055,92881.91559872522,59504.01432048263,44018.36866364769,40529.97361865694,33601.38675047191,81721.2671464145,62118.3961272931,49471.77451136191,42066.40018985366,78404.30953059028,36234.59141471736,6770.910017922797,21982.82419691651,59691.92062297008,32317.52580538175,34974.48395304688,2164.163332918607,44654.41289531241,24622.24608844417,16356.80672056931,20430.47416684701,61022.71627015346
1021,24668.78527213645,15992.76113377249,64094.44630276618,46560.63814875346,80287.6959614386,44425.16130788986,16865.89634125138,21673.6782561783,38113.16553623636,98141.99800350142,56401.684429429,41893.1845736312,38019.05078712489,32512.12312058618,83198.4541516048,60138.04760095814,51073.53545639585,36797.41775208953,79932.015268035,34417.69906449762,6836.017926724992,20698.19689777282,57490.37114541145,31890.80915216972,34505.79937846416,2006.126382582888,44347.65946511317,24485.3996998332,16611.49520332882,20272.98485929437,60543.77009949479
1022,24284.63371374396,15869.58065394978,67345.67674969842,45506.16968318602,80540.38122539097,43947.22009739929,16312.45200521734,21814.89037972421,37485.92488797708,98599.30508778476,52782.68712136127,43083.42759028637,38574.00477416976,29341.37121048188,89110.59578969398,56898.06208165757,51140.75702025617,35739.40769444134,83303.00295605714,34774.16133722026,7031.032975214692,20467.70674369593,58608.74903992169,32067.83500990574,34479.87387084538,1987.406311217111,44958.02578622829,24370.15221108999,16705.84104565348,20272.90244958098,60305.43383778838
1023,24031.85675661943,15840.63281394569,71277.17426395067,44935.03034346316,80893.66656287826,44099.21555621336,16767.57855792424,22310.51375968077,36623.21176587967,100511.2570636046,52110.20078290161,46735.23118221162,38529.46626381188,28920.17673837895,95752.93582391791,56692.48528665902,53281.30319543691,34681.10127794094,81670.00632309545,36200.01547581897,7090.42562799264,19586.20708016828,59607.36761268602,32584.8444128222,35912.83405985557,1948.177514666344,46212.86750869971,24036.54301778289,16642.97106038318,20509.50634057379,60458.7765361976
1024,24669.40727000764,16213.5285076957,75678.00298257035,46029.21626782643,81178.39320540513,45595.70434207772,17553.0932203091,23669.39345941512,36745.74094268751,105355.0188693271,56445.49001604499,52473.90016020544,39917.0551601546,32421.91860927423,97157.50747578005,54337.88277208121,54183.525526319,37500.05517317467,83303.4477844094,36566.129373641,7146.942459272479,20764.15262949347,60622.94437929922,35269.21535181204,38726.60196379216,1987.851365045555,47373.10577320884,25443.64708971442,16621.74918798603,20938.55498859446,59889.06208871553
1025,25413.00823620947,16676.87832149542,83124.01506781104,49585.79438388122,82848.47606321896,48036.26581635901,18306.06850515347,26463.75770481317,38716.8810273962,112708.8650946597,60725.20271420515,56868.61721547531,43388.98637730378,38263.51983323668,103725.4626112358,56351.08856968017,57713.91912245951,45291.17269902756,84051.28492269367,40108.24904760274,7569.671720839845,22209.07316119138,62649.98940431912,37730.90310619203,40834.09700405389,2050.615273982004,48879.38608421024,25810.5577474999,16893.69996395221,21494.40087429709,59865.27119046571
1026,25961.88465209653,17257.51279346383,95283.75573337883,55200.21676560285,83902.15563537048,49852.04590655433,19015.25719543534,25814.56148115688,40337.03265065599,117148.4671266164,63777.48108517359,60004.85423271026,45936.05449843739,41058.3014410901,111792.0853831079,65238.50172883099,56799.93068092543,49627.56681622649,89019.73628698601,41187.56137457526,7743.444479795164,23019.14459342452,60747.23800916842,39633.60862742758,39696.11794867083,2112.676009166415,49958.14845118787,26065.23580688585,16377.95148210021,21417.58518959368,60129.169829627
1027,26205.02619200823,17525.61666696067,94800.31646533625,59471.30220700156,83614.40279084352,50706.20373581429,18695.21397571505,25786.46725306844,40212.98999258386,116336.9947725288,62601.54640868709,69725.16646255352,44805.51552709575,41890.00509011102,103879.3498699355,63295.41597323579,60458.30199881071,57955.67328341267,92286.94246830248,42261.91689952176,8225.609051686746,23739.2943322403,57607.42592883523,38306.84940814411,39184.53953676266,2132.689119869997,52781.44798898239,26042.91685084951,16982.66739289085,21644.0731821542,60820.73013371998
1028,26205.02619349191,17279.19088537514,91099.93023954274,56988.99076779382,83699.50569787982,49557.106500605,18320.6896357734,24857.46655974898,39232.13623294095,115527.3240221875,62470.17997724003,72664.99296513517,42929.39714931146,42407.43566807797,99220.32925528508,60884.99455818466,58315.53599773976,59363.20075463662,91469.42953616747,42260.38150822417,8215.831102514736,23840.29987202305,58594.82404627185,36377.47614373325,37554.6663075047,2301.242900799572,51468.21290614082,25688.82156858056,16624.56377031877,21341.34484609882,61921.29570160525
1029,25947.88008719182,17275.66462568111,91146.33145665721,56441.10894503177,82613.96144519649,48652.32477190314,17535.05368133217,23426.84053732797,38111.14372475439,117023.4057998901,60329.28122563863,67902.21405135769,42286.373800519,40898.5666219816,97890.92354666023,57791.51669105772,56026.39645793493,56590.41810060635,93101.54207691729,41437.80523661193,7981.33982381311,22748.31621356153,60008.09030881753,34209.64674461375,35909.41309080482,2322.034953687412,49108.03969578214,25060.27819665873,16434.19285511963,21179.1922353,62042.6886118603
1030,25032.90481795798,16934.59748907789,88462.78249369944,54971.73380671303,81698.48952283728,51670.67389791222,16591.41895693613,21196.90993622731,35907.07122839549,117051.3306579587,55837.27766802994,62683.85256276785,40529.53371672823,36164.03148427529,94171.51313307763,53268.40085028215,49934.10367329523,50632.21996852358,95580.14744360794,39733.04424183161,7743.90452561586,21399.84390296827,53874.8083961158,29916.9887589426,33101.14779990824,2266.079624175094,45448.72530241172,25290.0745637884,16297.08652764248,21214.78487598144,61690.87045920736
1031,23523.68803456694,16151.45804286667,82717.43529370739,51554.5630580975,79890.28526178804,49181.57580017921,15313.72223720142,19770.83661333,33087.30903296081,102021.4514039871,47352.46626167841,56969.09645312744,37525.01802894768,29345.41030344118,88949.64731956649,48749.58652717507,46508.39525175437,43172.60639708555,97833.20900757362,34874.76348347767,7268.670514860259,18820.03727906829,48458.10796133846,26964.99066465805,30987.59541946079,2033.154165852216,43182.91596949287,25328.57432699788,16931.02489304496,21182.34094148379,61813.49015298039
1032,21915.30182380332,15441.36381442022,73984.27152382494,49769.71582460865,76392.14661707118,46720.33622520794,14604.85892830623,17809.78981016993,29649.42809373215,148799.8470329782,87993.26794041517,59303.39912685932,35427.49170724578,25656.80775986415,93738.56501561515,43596.21139760183,45389.03124398466,37543.29091232589,102945.1404477744,30935.15764773149,6790.730178150306,16662.02635647184,45194.22218621107,23467.7576811148,30059.25629186314,1877.456574572698,38994.75651857187,24510.17115402075,17141.27060776459,20536.63666333171,63022.04107784251
1033,21091.93385724919,14813.05108489467,72069.59750539242,48818.71018578453,75675.87725628815,44393.54917971641,14176.05816964793,16903.59211239912,28910.46146419465,147384.9239749247,81773.83986693116,58367.07923089572,32081.28693107903,23766.83423126256,89797.18220439312,43065.47942974837,40803.07547955303,31819.69951006184,95352.58987606292,28515.84416100891,5981.258928696152,15281.07213075241,42312.24792447513,21721.20068532974,28567.40400328293,1736.038368070196,37526.3549098227,23298.3920882092,16978.20899503129,20823.73942680503,62216.91441534406
1034,20764.88153871216,14630.77374948263,68357.38868515307,47403.54798425141,75535.8804744503,43878.60133111163,13648.72939754688,16565.55321889096,27173.44305476809,139563.6384443842,77127.6687211941,56536.18836541934,30638.90145862722,23487.9388329742,87153.82960838862,43563.85024880678,38598.82812972842,31003.94904558673,87233.12289156696,25453.62796709657,5360.784726520345,14340.94981338324,40398.78121457256,21166.50641848015,27832.51871024165,1664.668767968584,36215.93307839134,23216.63518293226,16721.91820338426,20723.16279412996,61081.63120836873
1035,20647.53443184578,14476.8720893316,65946.74242862167,47430.34061078984,75500.97505681824,44048.90809860796,13770.56209536627,16238.62412345468,26028.43718767355,134638.0162994919,73425.24991538741,55027.44531457937,28826.19834343858,23222.29264030855,84910.79529356617,42724.15802982511,36474.57080516872,29057.25804079325,78736.86055402058,23667.01069879641,4853.580114125567,13671.02368479842,38444.76495294063,20329.35273479011,27238.67614155289,1595.321187960108,36229.31351367565,23142.36853408301,16771.79259653106,20823.71353411465,60755.73875981728
1036,20314.22068160815,14297.66309707316,64717.88604316174,47167.12136021406,76263.41419524046,44040.01193602601,13884.15957286666,16548.03285294052,26007.04471455108,132600.0527371958,70328.72345632497,55020.43995559571,28330.45761378038,24571.88774970363,81774.9551338647,42456.27401008055,36259.08029454691,28362.12477359198,74515.46770070813,22777.14179584732,4493.310010718838,13195.75220276493,37485.91945026819,20337.47417693177,26822.50280224888,1528.685267338175,35576.45429222097,22857.73268400615,16741.00451047619,20919.45893715769,60752.09744426185
1037,20631.07398573044,14385.40030782068,64631.36987779871,47167.24643203578,77247.16003860586,44944.80764291624,14247.15724229398,17787.0028158325,27507.37907034693,132423.2058845759,68240.26827062375,55022.80083049479,28169.95092919169,27459.8290035456,85426.86248702976,42165.96950937352,37312.64816252873,26154.93473775448,69314.51245762428,22033.87523913225,4292.065376663207,12706.46346635989,37461.01598602012,21167.60723874116,27689.529848944,1516.972900076012,36246.86896894461,23582.65858719334,17178.11914254425,21063.12420766495,60524.82902378133
1038,21306.00987113921,14652.08158577498,67458.44037155637,47259.15297430972,78737.00057167246,47107.90267140191,15744.82817178119,21637.90177325255,29897.20447935325,135145.5801078496,70326.78348377855,59234.12214593962,29817.58616892148,29988.83393600733,92487.17443135625,44158.24846321486,37223.33259448758,28327.8533858575,66095.2776320024,23794.80659425673,4547.532963055492,14053.27285463443,40781.65540653539,26398.30300960406,30032.19685206148,1529.245949981695,38940.32018373353,24735.23598984332,17456.84618755164,21110.91260228133,60712.48925858586
1039,22110.85438295889,15466.01949350888,81960.97278415241,48279.21306926401,79939.79724197576,46173.98617197076,16528.67283383122,22775.45873094899,30892.82226244311,127734.4666151963,64297.78435260182,66999.35796770474,34043.86823279739,31750.40215912917,96085.93420121225,46188.56840346154,43052.87575590956,42176.84946664433,62334.54636836156,27544.95997374353,4922.401251256642,15669.58667483292,41348.26645065212,30978.2937831851,33819.1509789163,1679.325733759729,43317.26160823533,25623.51271219637,17698.97011114368,20842.9422642284,60627.79558292692
1040,23076.13865760872,15828.54045385309,79454.93071551155,49770.62597358091,79655.49734546043,44148.4375710665,16853.08121821521,22049.77762092596,32645.46429984292,99668.4412168356,59941.74714867774,61234.19956794356,38559.54400177178,34591.51460982139,96351.89792138958,56550.37920089996,46965.08037213029,40315.99931160581,58755.38497592267,29240.77027694522,5288.829337903186,17048.62430683743,45825.92884124668,36300.31890282047,37606.80337281562,1876.93751317409,44559.16700928741,25424.00287642569,16973.68120779358,20446.2278428086,61177.64482486633
1041,23797.94267426369,16412.85813395614,80175.22396489752,52372.29320003345,80334.96169565478,45714.54946994673,16887.85984970117,22124.04783928097,35857.93883269309,98245.0686444491,63100.80511665715,54969.44993396092,42032.8898719317,37046.56553240762,96351.89790245186,59025.70119348227,48973.7421916536,41080.86947786817,62502.1236536228,32285.02909383714,6229.96317236606,18524.99847543683,51837.57017553091,37938.24264314002,39870.75024407519,2087.970777336764,45403.53038952272,25929.74217805761,16390.02018974648,20026.6828890714,61312.89761357039
1042,24237.19850150042,16821.88653258693,80986.68479639392,50817.94187743587,80808.60423093884,47290.72398183911,16987.09080172781,23110.53416076416,39275.24930296565,103230.7268122342,68664.35255142483,53041.73824123393,44016.79544203071,38665.31992215172,94895.179709317,57774.52263941765,50932.26087952893,41076.01496063767,72187.94445085332,34344.21302553572,7100.56474512305,20264.02460479079,56545.94933030289,36257.17677952255,40775.0010142026,2212.500404231012,45667.25817530025,25399.17647294301,15924.76405170172,19818.31542338247,61960.62593105956
1043,24451.08175428082,16947.88952480296,85088.9118591034,49769.7155601516,82235.50975565072,46876.86042482778,17344.07609965101,24249.06555398363,40143.15098602459,104097.7655724807,68042.83525780147,53297.69420691745,45976.948147667,36618.00431171893,92703.72812597716,58850.79413998131,52249.86853103392,46545.6279240615,80834.28523626551,36375.28006816674,7039.543765589165,21261.10559318448,63097.76597813675,34543.62298152716,39391.39532094011,2247.926852073917,46051.86942942336,25623.6160081221,15938.40828658619,19865.72001861248,61774.90903248636
1044,24243.01682575298,16612.67054903488,77539.7354622368,49770.10944042453,81072.24960818651,45802.29010707347,16695.27738743083,22783.39908105323,39564.21414378183,99161.02564557137,64302.56733279279,44538.24576203221,42005.23189154469,34874.90225207386,82432.9023738769,63862.46464690902,50690.22071733075,42826.25303595998,85046.26978239762,36407.55115675626,6767.078606232995,21287.46705140644,58765.02517466974,32628.27536849457,35585.7832976049,2210.892212024582,45488.75939556076,25303.61102734943,16434.96935096369,20058.13207683826,61815.7331172166
1045,24028.45346750824,16152.99996330218,66395.17179387406,47627.03874322602,80289.90350025143,45301.60530336408,16790.40059594765,21798.85704248242,39513.31184799063,104354.6604556243,61137.15285790642,42401.49065147688,39388.21764248989,33734.53622037973,83904.10074751833,61663.59014456505,52271.94289719172,37543.20947433648,87016.21386894569,34674.6434633824,6835.392659475976,20099.6966635138,56673.08658379026,32187.71264660263,35134.95560370868,2041.793906322095,45169.46437048172,25147.78802838506,16689.81511447412,19866.83034223566,60995.42796613833
1046,23711.40602670121,16026.29770587164,69548.76582151021,46716.60370754889,80558.76648270938,44804.08607562356,16250.10813152994,21943.76145174829,38881.30361047021,104806.1906426156,57444.56474966933,43598.21420149221,39966.61952462979,30415.0296528176,89792.27410142178,58066.08119519928,52338.32348841072,36482.37594732959,91363.03086326632,35014.62850141933,7040.010940892154,19886.58475168078,57735.7826079137,32370.48262556264,35110.01785784135,2021.763575795863,45804.78548060361,25016.55906793271,16784.2192192878,19866.73023943273,60587.22246175429
1047,23502.78449282884,15996.5222359146,73362.19808445893,46223.47823047981,80934.67027705714,44962.30775985881,16694.41920452072,22452.34393948071,38012.03309795528,106693.9900291329,56758.40368212364,47269.90082122907,39920.19917479883,29974.07499726378,96407.68557010313,57837.81957014454,54452.09044770463,35421.24527058932,89257.31640425217,36374.57346794858,7102.328298625783,19071.54742686813,58684.68189508817,32904.26790925867,36488.38226855775,1979.789069091,47110.93132870893,24636.68799123981,16721.31040918181,20154.13219366077,60849.85699793264
1048,24028.96681394386,16380.07916191657,77630.8672514767,47168.20558233008,81237.62602959135,46520.09756480427,17461.26715135753,23846.75438533284,38135.49360596613,111476.5633787375,61181.8492128475,53039.81521317187,41366.41642526825,33640.09979765947,97806.56297873301,55223.39318831863,55343.02556280177,38247.72199596009,91363.6044599745,36723.76399104708,7161.628219206944,20160.67953776987,59649.69506046769,35675.74110709856,39194.94562499072,2022.239779925192,48318.6058623679,26238.91643562084,16700.07543139413,20675.29614993654,59874.09035745488
1049,24642.67455029267,16856.67632628001,84853.27108442527,50238.97861131444,83014.63293169659,49060.63232783767,18196.34897586313,26714.18311655934,40121.61611620189,118737.5126956121,65548.58808293956,57458.46024792753,44985.04355028976,39755.75759044609,104347.8911108386,57458.75067082405,58829.25231340877,46059.63136726468,92327.9245591634,40102.15150702569,7605.174169512513,21496.65754598503,61575.8174376906,38217.30551372345,41222.14511143598,2089.396673536922,49886.47035002806,26656.70692047353,16972.19414829664,21350.48028630148,59833.34298837943
1050,25095.67248606708,17453.91136259628,96647.84737375686,55086.50796693052,84135.77243897328,50950.79264126462,18888.68473623126,26048.01230257847,41754.08233913234,123121.0317893466,68662.93326096467,60611.77318019106,47639.7302983698,42681.65534757025,112381.8111636538,67326.865261552,57926.69828710836,50407.59784696535,98734.63701987626,41131.57332980879,7787.504115687231,22245.65210645067,59767.80035111612,40181.7498753029,40127.52305416577,2155.801176711917,51009.33784916173,26946.70141274146,16456.12717026593,21257.17253127476,60285.32992622017
1051,25296.34173053259,17729.6804296336,96178.9260797087,58774.19133840776,83829.59673731128,51839.93953685398,18576.24691973473,26019.18349225605,41629.09684604757,122319.8102986417,67463.08644351129,70385.00973455976,46461.42383671417,43552.37806680673,104501.1544985666,65169.36537351298,61539.30169937596,58757.92920063233,102947.6299665305,42156.26747548753,8293.412181881618,22911.50479009214,56784.31343614464,38811.94007635801,39635.43577799926,2177.215049256428,53948.06781263883,26921.28746723193,17061.21651832991,21532.28673754563,61469.78553831659
1052,25296.3417317571,17476.20923954808,92589.66469326327,56630.94725144409,83920.14820455445,50643.7715636565,18210.62265467937,25065.89213672121,40640.78772160294,121520.3676530596,67329.04873049578,73340.84275300134,44506.03577543337,44094.08370966866,99861.02191755155,62492.96063011717,59423.34268523343,60169.2128844348,101893.4644116969,42154.80305664534,8283.152731798942,23004.89482566669,57722.55091274124,36819.9626587528,38067.66071319426,2357.566281764976,52581.14119526314,26518.08947741042,16702.89175184875,21164.56364128779,63354.75645935787
1053,25084.11425763964,17472.5821627242,92634.67245372679,56157.90246808512,82765.10393801788,49701.92705002816,17443.65629813127,23597.85941082083,39511.27466893521,122997.5502904092,65144.61569610819,68552.13186801613,43835.84342816877,42514.42662828467,98537.00572355153,59058.12604664131,57162.84133256158,57389.03061562235,103998.0388525894,41370.24983350509,8037.114270528362,21995.24334585788,59065.4533839071,34581.79170037922,36485.09163841617,2379.813616378441,50124.47245026163,25802.38543738309,16512.40327467676,20967.59740784497,63562.66965647086
1054,24328.96811499165,17121.76378464038,90031.71209130828,54889.23427158437,81791.0205761627,52843.91751509358,16522.44580312909,21309.6226196553,37290.44925263473,123025.1223898117,60561.26912052275,63305.35789118683,42004.77340289608,37557.77251924305,94832.67409042687,54035.89689799961,51146.76592908274,51414.93207717018,107194.1478055909,39744.29029723359,7787.986815796437,20748.44166222289,53237.53570469544,30149.84588321211,33783.82124548525,2319.941849709591,46315.54721593063,26064.04787101186,16375.21227832919,21010.83166931489,62960.10038972586
1055,23083.3833754701,16316.23407846732,84458.90114716631,51938.82648413413,79867.04929697316,50252.85791158429,15275.11185364686,19846.26163311044,34449.2543455299,108185.1069532775,51903.92261465974,57559.48656633738,38873.31103070013,30419.25823833467,89631.97812896901,49018.44392758956,47763.91469345523,43935.41133169809,110099.4228175099,35110.58037946998,7289.350596158898,18363.14445080588,48090.52229879676,27102.06158501712,31750.79520349455,2070.713423865485,43957.10040961828,26107.88643060858,17009.54212708843,20971.42213070442,63170.11473494413
1056,21067.08794331578,15547.86546478252,74881.52404938362,50332.46204354767,76771.04678197343,46749.75914090425,14543.72948685191,17998.16494755451,30239.97577702186,154321.6074308423,93301.96344710718,60151.47205812728,36488.17021592368,25842.65081216787,94763.93084077894,43820.17537569029,46433.54359282715,38649.17190080547,108219.6386952167,31077.1087413411,6847.423342701463,16708.42894235803,44365.31029788059,24438.29608619023,30201.72181675,1886.94472490361,39732.95950139996,25182.42547034516,17077.20163557775,20673.34129868606,63074.29610853394
1057,20232.30955892443,14904.54120760639,73047.84920765058,49512.76817779433,75997.05433958175,45069.11333712473,14078.75911494945,17110.94039555863,29487.90628790065,152897.4760684307,86524.09041875145,59344.86829557744,33112.72342375732,23992.6448111947,90511.79270873353,43199.07737163889,41892.85107113238,32861.8346140815,101044.9341434336,28623.09380457066,6009.916015651077,15301.16292244111,41415.59691596663,22683.89482844312,28621.17871188848,1742.139506527381,38296.20320278277,24047.67323248258,16897.73237586529,20944.8877209529,62355.84016889831
1058,19900.72487604883,14717.90893693357,69492.68323401664,48293.00698155483,75845.7754254827,44697.1648416233,13506.94982980296,16779.97905391346,27720.08823556275,145025.2896940401,81460.73769214377,57767.62587311319,31657.73314619507,23719.64725188024,87660.02699394159,43782.30419750096,39710.35957504292,32036.99881642968,93372.31132959828,25516.95467844148,5367.951658154272,14343.12813232348,39457.15528968841,22126.70927894517,27842.6043907766,1669.060581375298,37014.02208221162,23971.11321107173,16615.65299570335,20849.76072030632,61342.76856015425
1059,19781.75154667233,14560.33028773194,67184.01797279467,48316.10016914958,75808.05703220083,44820.17797026458,13639.05919218426,16459.8949034611,26554.77989404055,140067.6116521114,77425.87720866274,56467.90146612942,29829.18907175782,23459.61871543255,85240.1423498043,42799.64026765248,37607.06860512251,30068.62674966846,85343.62959865853,23704.71104537677,4843.179988399699,13660.4376715873,37457.21101817311,21285.79571062883,27213.45780267332,1598.052104352842,37027.11415767547,23901.56732737241,16670.54586881203,20944.86323122888,61051.95796320093
1060,19443.81865977214,14376.83966848092,66007.14764582097,48089.22537867833,76631.94000588745,44813.75224327676,13762.23868824161,16762.82551350014,26533.00810396347,138016.3850444179,74051.31239008247,56461.86661742171,29329.11613312916,24780.67375323103,81857.05926508037,42486.14449189674,37393.70497923103,29365.75151036946,81354.55554067755,22802.07829786836,4470.431911770915,13176.11067910295,36475.8284125153,21293.95362837351,26772.54290318946,1529.820231837974,36388.32461062897,23635.02437662885,16636.65981237232,21035.42077700206,61048.70863000808
1061,19765.06298800512,14466.67307989925,65924.29149678351,48089.33318098871,77694.96446245044,45467.2891069142,14155.85543901753,17975.85504664424,28059.94538011713,137838.3872743438,71775.33397103085,56463.90042080949,29167.20680305019,27607.54332003322,85796.89846742289,42146.41077153013,38436.87416467045,27133.97913258669,76439.8280187823,22048.15068898641,4262.217159653625,12677.49935669493,36450.33960689914,22127.81504328899,27691.11482272351,1517.827349584373,37044.29127787377,24313.8703099635,17117.75795749525,21171.30170597079,60845.90532688669
1062,20449.35228619975,14739.72585597828,68631.76440877968,48168.54956609626,79304.86902642882,47029.6996377124,15779.85585182011,21746.12737318303,30492.14556697163,140578.4786803877,74049.19822661884,60091.79258991472,30829.24049692866,30083.06704073138,93413.8753206048,44477.90869646073,38348.44013854642,29331.09842873521,73397.75954146424,23834.3399826926,4526.532878799557,14049.96996587565,39849.02871569941,27382.00328990247,30173.05368966574,1530.394343012502,39679.69631611971,25393.18404286003,17424.53118014903,21216.5007400273,61013.36420833808
1063,21265.35051366893,15573.11021264375,82520.77557746196,49047.76307272444,80604.59729001249,46355.12873149617,16629.81830330349,22859.86719468642,31505.41697539385,133119.1337391865,67478.85283209596,66781.24611741441,35092.45544925507,31807.3831407089,97296.37655897882,46853.92472499087,44120.44588776605,43334.33621582247,69843.99516934308,27638.28372910955,4914.384749090195,15697.07996729695,40428.95762115905,31982.56404631165,34185.14274127271,1684.068586246881,43962.31091069795,26224.99738818819,17691.01818832562,20963.05007416956,60937.78768459227
1064,22244.01191416385,15944.29245448742,80120.75016877482,50333.24652210283,80297.38608802129,44892.06842992827,16981.59073861185,22149.37973779277,33289.1356833748,104870.4549431569,62731.68529094085,61814.78275698675,39647.59307783418,34588.41419943973,97583.30998576699,58980.00793546192,47994.03716441779,41452.76104206,66461.80820972333,29358.41790635655,5293.504091019219,17102.39287598198,45011.8648485379,37328.49182661465,38197.97157199241,1886.413231816298,45177.45218854513,26038.16941021452,16892.7489919157,20587.83117869481,61428.44644945006
1065,22975.81885267288,16542.57054092855,80810.5718289394,52575.68397903672,81031.60745880585,46023.2761165974,17019.30296950174,22222.09495365433,36558.57165539934,103437.8190770621,66174.3963478412,56417.94066489155,43151.29203224972,36991.54782578197,97583.30996533614,61876.79509376287,49982.87355339107,42226.14986764282,70002.35005944004,32446.34208362721,6267.234143357939,18606.89690765662,51164.80629789142,38973.77192743317,40596.51038480452,2102.500811043113,46003.61881601714,26511.76135489592,16250.358615198,20191.01879768814,61549.1394707135
1066,23421.16198562202,16961.37136788584,81587.70427939428,51235.95244397016,81543.42014098498,47161.75206117035,17126.90411464061,23187.92711895449,40036.47557800967,108455.9238556882,72237.49695042866,54757.29080455231,45152.53467592998,38576.07019596781,96011.73793761106,60412.58236547271,51922.06172188778,42221.24128374807,79155.12446710237,34535.06194307438,7167.989045545288,20379.0572979205,55983.85315210931,37285.15594032047,41554.51898306244,2230.012962856551,46261.66304252748,26014.92109894651,15738.28729889045,19993.94148940966,62127.1407699453
1067,23638.00928046104,17090.38479951018,85516.3889993784,50332.46181560597,83085.31785796503,46862.81707621929,17514.00134660081,24302.62097413338,40919.76631035862,109328.605295054,71560.1733683671,54977.78707495888,47129.81688218391,36572.04944759831,93647.5030260669,61672.10717518254,53226.66462628535,47751.77147404959,87325.62527621034,36595.26161854133,7104.854601304217,21395.13601214475,62689.66641996303,35563.90610669037,40088.65774795694,2266.287885605593,46637.98559528683,26225.09411810059,15753.3044491137,20038.77751981908,61961.41602738546
1068,23427.06094151621,16747.15683604017,78286.57614273789,50332.80131016878,81828.31230674539,46086.65146239605,16810.47605561305,22867.64129693943,40330.56414915757,104359.7371166996,67484.06527800714,47431.85741570103,43123.39235263644,34865.80900462342,82566.8818532757,67537.09880439591,51682.41048866683,43990.97244763767,91305.80880080433,36627.99558785091,6822.952597396588,21421.9997442659,58255.08707689389,33639.95614717766,36056.80158545099,2228.366253925632,46087.01106410541,25925.43027812843,16299.83066783582,20220.76394649123,61997.84545833192
1069,23209.5241161589,16276.5038885255,67613.47679316906,48485.63886164611,80982.91809050471,45725.00521032463,16913.62296649778,21903.71270691888,40278.75928807103,109587.1720473911,64034.42696088103,45591.12464984688,40483.50838171434,33749.55844872218,84154.07574029232,64963.82896710101,53248.52111912634,38649.08955580919,93167.33960932803,34870.23191360101,6893.632711322905,20211.59836005342,56113.97869241361,33197.41473841229,35579.17212540146,2055.217989003564,45774.59711980975,25779.51217987606,16580.31961769607,20039.82768180214,61265.84497249905
1070,22888.08296085147,16146.77448497579,70633.65984983908,47700.9137417885,81273.44834051268,45365.6454640076,16327.75649344755,22045.58323904378,39635.54470528279,110041.6407880831,60010.27987726877,46622.05619614371,41066.96483708671,30500.24993866936,90506.49763012791,60753.7836648639,53314.24653594597,37576.44110934153,97274.93525592345,35215.09353083248,7105.337957247411,19994.42595391822,57201.65276531644,33381.00558700168,35552.75182723715,2034.707925570199,46396.22651681758,25656.62479821794,16684.22288788166,20039.73300295729,60901.58220133872
1071,22676.57030300047,16116.28762518122,74285.76706699686,47275.87743064742,81679.645662109,45479.92949794705,16809.54548443561,22543.51748776386,38750.860872314,111941.7259531236,59262.50813075509,49785.07372375419,41020.13882630449,30068.6202112757,97643.49616908225,60486.65666232732,55407.15068018399,36503.4922036673,95285.10601854806,36594.54488319509,7169.813679812637,19163.85944359427,58172.85537549562,33917.18824542231,37013.06018485455,1991.728115827495,47674.22380515922,25300.90025523957,16614.98404380387,20311.56240466342,61135.94450886101
1072,23210.04457666447,16509.00841995375,78373.85265435447,48090.15989492235,82007.01616778616,46605.1261092678,17641.07753710501,23908.73303196887,38876.51049906975,116755.4242397119,64083.1366195575,54755.63418946066,42478.99436725696,33657.11908589564,99152.66699977547,57427.08025493833,56289.29229302151,39361.44850996926,97275.47728549241,36948.74402446602,7231.167456137268,20273.74316191514,59160.55061116668,36701.10888233072,39880.52909154652,2035.195534942744,48855.87192007252,26801.28292739842,16591.61235208758,20804.48767653831,60265.21773852387
1073,23832.25721238526,16996.99235268081,85290.71687135343,50736.93054718841,83927.22941103288,48440.16258031973,18438.16397507808,26716.12614022858,40897.84959869877,124063.62773826,68841.96673380124,58562.12780961137,46129.24416912132,39643.44823037041,106209.7411580007,60043.04491284459,59741.11009252777,47260.36218280339,98186.72729820931,40375.58947955474,7690.075642826951,21635.17601703971,61131.94536882701,39254.0881451825,42028.24585613937,2103.960857919342,50389.94758752076,27192.51652848954,16891.11230095828,21443.08771780286,60228.85676490275
1074,24291.53289509241,17608.49641434105,96586.33043399733,54915.12877719104,85138.71988236948,49805.43148423027,19188.89869156271,26063.90300675469,42559.26161544355,128475.6747280842,72235.95022130567,61278.58624077932,48807.129853774,42507.4716291101,114877.0895082084,71591.37184110822,58847.46424678433,51656.75367214764,104240.8547774655,41419.77682576318,7878.720595893532,22398.44142759066,59281.43189762562,41227.35536007809,40868.54837248685,2171.955770464423,51488.61633201159,27464.07749892804,16323.11743719654,21354.83573882245,60632.18796141494
1075,24494.98305892748,17890.85410322296,96137.24658402012,58093.62879342426,84807.86993665733,50447.66516088378,18850.10654905964,26035.6777879246,42432.05996360348,127669.2388963571,70928.36867424219,69697.855564251,47618.5263365856,43359.7810564083,106375.0884806079,69066.52134148216,62424.41137417674,60100.08594433969,108221.991206587,42459.16868337784,8402.150813504595,23076.98083064077,56227.81986690771,39851.39337318455,40347.20644253257,2193.882512195755,54364.01415220155,27440.27899278656,16989.09231342051,21615.04319041174,61689.13863685862
1076,24494.98306016894,17631.32702790738,92699.82682411929,56246.31689623266,84905.71881185847,49583.66916749669,18453.64164766513,25102.34558247262,41426.22680604925,126864.5934864582,70782.29566092073,72244.1926061336,45646.0504122485,43890.03117625896,101369.1081862542,65934.4137149522,60329.33681060412,61527.0876485816,107225.8402645339,42457.68325962761,8391.536026850288,23172.15025857343,57188.1100668845,37850.46944382856,38686.22694233713,2378.553215167511,53026.54597213403,27062.7103136765,16594.71205739916,21267.24475766354,63371.19515956784
1077,24279.81449014468,17627.61329365725,92742.93055731362,55838.58860176599,83657.59124718091,48903.37183100027,17621.98119735096,23665.04919476795,40276.68598712586,128351.3896128522,68401.72150344345,68118.90141639876,44970.00134770196,42343.77931832822,99940.70094554599,61914.74082305489,58091.1465369503,58715.9413983754,109214.5922231836,41661.876788559,8136.976011050758,22143.26154305241,58562.57667555472,35602.24625162829,37009.57392631492,2401.33338065444,50622.82053900573,26392.50005507263,16385.05617696989,21080.95091865025,63556.72680117423
1078,23514.20336298702,17268.41322993275,90250.08692719913,54745.09399364371,82605.0079571303,51172.84169970152,16623.06601865158,21424.72143086341,38016.48238725562,128379.1411511872,63406.83439047689,63599.00640060059,43122.92985731969,37491.94424883917,95944.30411088557,56037.39276594314,52134.44961318171,52675.30697914147,112234.8075298197,40012.59528349865,7879.220014345395,20872.7041195863,52597.67719837865,31150.39536175221,34147.71265050665,2340.027665771823,46895.98090005392,26637.5298963218,16234.06069654384,21121.84258015667,63019.0232460698
1079,22251.35703094923,16443.63796197279,84913.03052614498,52202.06894088593,80525.98669640848,49301.31097306362,15270.51866730827,19991.99896987134,35124.90932174712,113442.5470505043,53972.14125054208,58649.15811719891,39964.10207298805,30504.3891017126,90333.56324401863,50165.63411166822,48784.98701549277,45112.48387475755,114980.1945582392,35312.42169571883,7363.313504063842,18441.95902281745,47329.68625139328,28088.92263627054,31993.82294086898,2084.830138363781,44588.36063885766,26678.58185456282,16932.21832213128,21084.56840319161,63206.42985022139
1080,21170.16528039736,15758.76421582361,74814.08613369826,51380.67711560865,76759.61593845989,47365.93425194886,14697.89178369099,18182.86997923912,30633.8962359699,160124.0351536661,97779.79240352995,60157.1502291383,37099.67063569693,26046.12001865177,95848.63065898976,44717.18722970073,46708.69916750597,38868.12280277733,115954.0246426382,31564.99151270923,6904.087243649918,16921.27150512155,44374.96048547007,25174.03887176274,30897.7112103265,1899.415345816375,40325.15199894601,25139.27064139095,17228.29698872721,20742.99100421121,63003.70991945556
1081,20270.79974596392,15095.17278713759,73058.24680788018,50390.93912965065,75987.9269805062,45868.07636111198,14235.14609724677,17316.36629048859,29884.52443376365,158652.1296941236,90836.93974943862,59351.73229313451,33762.5031711725,24144.87484493043,91309.67825715044,44035.78217397091,42274.42127239453,33189.78414857127,108402.2659754248,29065.83575136353,6059.632890506884,15490.14380336651,41224.07095026738,23347.14600138032,29190.35194413791,1747.769431207013,38881.69845296474,24003.9322372967,17041.29124028586,21038.13925029343,62258.06742652426
1082,19913.56021856315,14902.66088702937,69653.9899111573,48918.14051524798,75837.09828866442,45536.5811777016,13666.07267631532,16993.13445168949,28123.04757688308,150515.8619249903,85650.34038862782,57776.80864975472,32324.01324244706,23864.31613765524,88265.55587949615,44675.63885550475,40143.07814551717,32380.48329722404,100326.4218181567,25902.56018352082,5412.343513158864,14515.86452142709,39132.05982017532,22766.93762352894,28349.30807922966,1671.238208315837,37593.54061655238,23927.33266813459,16747.36644396378,20934.74415798649,61206.66093353204
1083,19785.3818733176,14740.11790844942,67443.3224778993,48946.02434594896,75799.49214936227,45646.21533440347,13797.54995158926,16680.52577054599,26961.9192175438,145391.8729664072,81517.2677123725,56478.99502942465,30516.20581179139,23597.08565316439,85682.44571783316,43597.56073334957,38089.07941947608,30449.18352345939,91875.80668685387,24056.98090497898,4883.218923298737,13821.59832281521,36995.71548423276,21891.27762512142,27669.68140300356,1596.875242921105,37606.6937189753,23857.75085989844,16804.56444453631,21038.11263201202,60904.84599051259
1084,19421.30297871229,14550.84663378345,66316.40774118627,48672.08476000454,76620.92315904409,45640.48847282956,13920.14008615136,16976.38152706646,26940.22552327313,143271.8356423853,78060.56290113388,56472.96905283502,30021.80396118205,24954.7296356777,82071.16766990145,43253.62530744819,37880.71613449461,29759.54622695145,87677.09378180074,23137.7445150474,4507.378944628395,13329.05905458711,35947.4006882403,21899.77262687727,27193.38933800457,1525.420050704601,36964.92653987366,23591.0702240534,16769.25540411129,21136.54110910754,60901.4737017352
1085,19767.40211394042,14643.51014081259,66237.06865578538,48672.21492572369,77680.78394092641,46222.94632679898,14311.87354819647,18161.08111937168,28461.68564768806,143087.8667358129,75729.18508669874,56474.99986623177,29861.73076737659,27859.89433124901,86276.75602451363,42880.9042986065,38899.4378466022,27569.80702007572,82504.08130545526,22369.94864749066,4297.437075303758,12821.99325053332,35920.17349682115,22768.0890778996,28185.66362249145,1512.860616600335,37623.9509080225,24270.26682121523,17270.55640043014,21284.23231242501,60690.99627066151
1086,20504.63515912354,14925.16512236154,68829.61522089897,48767.86461730603,79285.89725642889,47615.42827452394,15928.10380977899,21843.29986680219,30885.16148830367,145919.8776068968,78058.39727699867,60097.55849854976,31504.91613205974,30403.98203903716,94407.5114959669,45438.78479912029,38813.07633999411,29725.54580099008,79302.14221179117,24188.99432538473,4563.945262668517,14217.73554860932,39550.65977117838,28239.37964212969,30866.74287275255,1526.02128327843,40271.64053444984,25350.13808309694,17590.21201273976,21333.35988153466,60864.79183826763
1087,21383.76750809972,15784.80426967391,82129.06802009363,49829.46949399695,80581.75738944045,47014.22405140169,16773.99955245653,22931.0286288952,31894.79827378289,138210.3005037198,71328.1236690664,66777.17754232937,35719.78400264662,32176.05610870381,98551.89433909528,48045.50599895447,44449.81068875974,43465.04679618217,75561.6159358025,28062.91040765759,4955.014319216489,15892.77403991814,40170.14094876609,33030.03492040841,35200.74515207351,1686.95520146521,44574.21796429281,26182.38110891201,17867.8896634628,21057.88020895486,60786.35547987173
1088,22438.14834730563,16167.68016999997,79830.91847927716,51381.62433292685,80275.46048090264,45710.28695023172,17124.08890628543,22237.13439341176,33672.11875036608,109013.9878304788,66465.4057301735,61818.01561584753,40223.26399403735,35034.11271803355,98858.18193518078,61349.00134416133,48232.62137032111,41618.90918390246,72001.68402472479,29814.68590622568,5337.278412093392,17321.91551337723,45065.61130601919,38596.85568292678,39535.54656728597,1898.85874463696,45795.02346071898,25995.45662330595,17036.09858809152,20650.0486567223,61295.58089568862
1089,23226.57549235459,16784.80630150278,80491.45870764906,54089.25168624727,81007.4967302194,46718.46389973668,17161.62070019111,22308.15136722139,36929.82719618613,107533.2925740592,69991.91552147116,56429.10767793641,43687.22917437996,37503.80536037486,98858.18191337172,64527.05923867029,50174.84784667488,42377.73201475983,75728.2928916485,32959.41146701657,6319.085442223603,18851.93000009019,51638.19525344783,40310.11852556014,42126.5340922523,2125.154446926048,46625.04115345055,26469.29320606452,16366.73218304762,20218.74679201668,61420.84097120547
1090,23706.37500832203,17216.80095426991,81235.60357282504,52471.59508706968,81517.78620301807,47733.11860763029,17268.70701961775,23251.42681204967,40395.25581426744,112719.7353525599,76202.5975355171,54770.89921792221,45665.77668240404,39132.2138668254,97180.60456089886,62920.67514274222,52068.58964683912,42372.91587906803,85362.07543464344,35086.55266422722,7227.312001800053,20654.13924167286,56785.91041645601,38551.72916392037,43161.40928945062,2258.690358838536,46884.28821861729,25972.19630291863,15833.15735293535,20004.54024348098,62020.71398484537
1091,23939.99986835665,17349.87880180372,84997.52415606732,51380.67684038086,83055.09506718542,47466.69594733554,17653.95215597164,24340.08732664795,41275.37816671887,113621.691877742,75508.78727826965,54991.07132627685,47620.63547686271,37072.68823616763,94656.8978051394,64302.49663879457,53342.61817733935,47799.28413824716,93961.9626990358,37184.64905774046,7163.653864670192,21687.44664376294,63949.07310889152,36759.35752982578,41577.93348609795,2296.678933417179,47262.36494863473,26182.47788879111,15848.80512136908,20053.27325799157,61848.7181763823
1092,23712.73036888191,16995.83784640149,78074.60115844512,51381.08676252239,81801.83049916831,46774.94650991879,16953.79293426259,22938.62116932233,40688.28948436998,108486.137396952,71333.4629906762,47456.23529702656,43659.64589168926,35319.19046064273,82828.86905248082,70736.96418158202,51834.55482485312,44109.31595005054,98151.31784418717,37217.98515800862,6879.413516352352,21714.76587883784,59212.04688431776,34755.91022922376,37222.57806566028,2256.96585826649,46708.82212335213,25882.65925483131,16418.28172554468,20251.07728057697,61886.52610615014
1093,23478.3626290666,16510.35753321156,67854.5517037527,49150.73355637995,80958.95226669511,46452.63309257733,17056.4463310514,21997.20484234408,40636.6704482609,113888.9325442048,67799.85732330597,45618.2086799399,41049.69958226253,34172.02338066864,84523.12198640264,67913.83632502457,53363.96244643625,38868.04200866564,100110.6781657297,35427.88797980356,6950.679913621886,20483.84086063034,56924.91077009094,34295.08307183753,36706.62561747211,2075.637952466094,46394.95190323084,25736.66578130413,16710.54930430542,20054.41469622085,61126.82653798989
1094,23132.05143817162,16376.54115790183,70746.53454682798,48203.21852411271,81248.6178675501,46132.35749943349,16473.38297988125,22135.76203075222,39995.76308786187,114358.6469527712,63677.75882086645,46647.62460474893,41626.53933703335,30832.71955169732,91304.02601608742,63295.00622883518,53428.14753748964,37815.59580859303,104434.1413552875,35779.09321684476,7164.14122999484,20262.98606695366,58086.7663168142,34486.25986840802,36678.08546519939,2054.158979795592,47019.47894254903,25613.71492109005,16818.81580541927,20054.31178823639,60748.77997203385
1095,22904.17395820274,16345.09384556818,74243.61774175761,47690.00914177671,81653.6063023953,46234.21194231964,16952.86681547241,22622.06717447322,39114.25263186776,116322.4726235173,62911.78562644144,49805.99202988781,41580.2443576433,30389.13507920904,98922.42778346527,63001.94186723191,55472.00286110835,36762.85480815839,102339.7401041738,37183.91913827539,7229.15177119691,19418.33642413437,59124.20682196233,35044.5975186838,38255.56285142303,2009.148774837134,48303.43344435747,25257.80662547572,16746.66940063261,20349.76760929784,60992.01060816532
1096,23478.92335781755,16750.18684551466,78158.1729716307,48673.21314007892,81980.00251837142,47237.03158416181,17780.4203409551,23955.39851920671,39239.45155113059,121297.6518630372,67849.7526196042,54769.2450382991,43022.55571565557,34077.02374696835,100533.3948673276,59645.28829760637,56333.47080580483,39566.9844038766,104434.7118702774,37544.63366014211,7291.014469976596,20547.03939325005,60179.26478153477,37943.54936383318,41353.10545768884,2054.669624163945,49490.58965394938,26758.96433347734,16722.31625676413,20885.53614651136,60088.33531803492
1097,24149.27684338876,17253.5441361531,84781.43131991713,51869.05193321079,83894.50100126467,48872.48853288792,18573.69305935663,26697.22580363822,41253.54007070179,128851.0173129384,72724.4170092765,58570.14255117684,46631.40978037932,40229.15481478806,108066.4812125317,62515.25653431043,59704.39259651655,47317.13004297426,105393.8510420533,41034.51484790581,7753.729246822681,21931.5567804909,62285.11247160255,40602.01736990803,43673.14602342686,2126.683467401972,51031.81620998597,27150.40002972016,17034.39316724145,21579.6409723229,60050.59843603482
1098,24644.08687627113,17884.31291161579,95597.57061088849,56914.01039132477,85102.38594715307,50089.27007974199,19320.83582954168,26060.23514578029,42908.99257237127,133411.071408709,76201.0131575933,61282.60738763506,49278.92684427691,43172.50238307407,117318.4576041892,75184.89691764685,58831.69002947301,51630.71995421602,111766.1426582323,42097.90968837712,7943.938987884393,22707.76416230165,60308.39040534647,42656.81970793261,42420.39926909948,2197.890505499812,52135.60625191618,27422.10127736229,16442.54638089601,21483.71845346994,60469.19178637567
1099,24863.27806371605,18175.56594626444,95167.5493953308,60751.88491481313,84772.52064632838,50661.65408723083,18983.66466333806,26032.66911846846,42782.2471951664,132577.5827749923,74861.60388030388,69689.49914293087,48103.80271108486,44048.41802027496,108242.981505744,72414.88979447998,62324.80864589459,59915.03062010324,115956.5007861508,43156.42082876652,8471.710998411145,23397.80891765974,57046.516132696,41224.00316572322,41857.22704543649,2220.853081307077,55024.40735454891,27398.29047789345,17136.4876740787,21766.54218693322,61566.13774097773
1100,24863.27806505356,17907.86277671924,91876.0406412084,58521.35125712556,84870.07831279293,49891.62674807581,18589.09667786365,25121.13460667603,41780.02197941415,131745.9446248285,74711.97531630042,72232.0926936477,46153.69569279857,44593.35435059002,102899.3389487499,68978.66240703745,60278.83376839011,61315.15619346543,114907.998864405,43154.90808111862,8461.008163333283,23494.59204376877,58072.29998017648,39140.40134169569,40062.97750432293,2414.247752906168,53680.70474540524,27020.52676236715,16725.54612862445,21388.51438395629,63311.84370518789
1101,24631.46181346933,17904.03204565426,91917.31471451175,58029.04041054787,83625.66530947875,49285.31890421318,17761.41536906431,23717.40584491868,40634.60458428392,133282.61700873,72273.45580754647,68112.86629065196,45485.31337734845,43004.27632559874,101374.583102472,64568.6894026931,58093.09720770083,58556.95503387679,117001.2662222838,42344.46300301952,8204.336601742114,22448.257433279,59540.50786786429,36799.28188414735,38251.79687009439,2438.104068783146,51265.77466759472,26349.97030076972,16507.08612662955,21186.02856447209,63504.39591073469
1102,23806.6150356669,17533.51580782835,89530.28688424866,56708.70217658507,82576.2146200786,51307.96004799613,16767.27957461464,21529.40026384396,38382.5083757716,133311.2995038033,67156.98857600296,63599.61618744148,43659.18864131068,38018.06114321255,97108.62220278266,58120.6656539836,52276.00006431487,52630.08984194329,120180.2036899003,40664.84348901732,7944.442548954353,21156.15636663049,53168.79071852736,32163.48114312181,35160.31182753642,2373.902230559326,47521.56286401609,26595.12671433474,16349.74986261655,21230.47437993249,62946.34551798626
1103,22446.061758825,16682.75696840127,84419.7769400626,53638.13083389933,80503.38074938572,49639.97797792871,15421.20358705263,20130.13860611301,35501.30743535997,117873.6404619185,57492.64637999352,58657.04491137078,40536.18361205888,30836.97335614714,91119.42689846369,51678.77402504682,49005.0347024298,45209.70484605587,123069.8697572744,35878.21170238133,7424.256654036356,18684.19541919254,47541.51260799162,28975.50879622848,32833.60302548808,2106.648999744869,45203.1859395454,26636.19987832523,17077.2253618313,21189.96046756512,63140.84363513209
1104,21419.34245414368,15778.66008270374,74873.8007853921,51564.38266385579,77538.6650750484,48158.85911716976,14806.37242190027,18079.08220092197,30541.13721468087,159372.5048986169,101856.7627870556,60409.87500903974,37493.58372455736,26328.96172299477,95970.1325442608,46154.82587751219,47108.43576787892,39022.90595417147,122226.4709458536,32389.55314912478,6929.574554153335,17218.82571241664,44866.88715795467,25921.25644294646,31348.57646177527,1935.609036573297,40785.14540347835,24837.46579994611,17169.44048820902,20812.40117944566,61732.30914137848
1105,20506.08153627591,15160.39633712005,73204.37670582702,50633.74814489402,76817.3922196566,46591.754080976,14355.09436921546,17245.69089689738,29828.43543343404,158009.2787293525,94736.31079694997,59601.89341254548,34226.81470303647,24358.49972115936,91553.87805695283,45521.66125708848,42655.94607012673,33394.88070670388,114259.8253861683,29768.57721205327,6100.376419161656,15734.13976652204,41326.75565787715,24074.21479692436,29647.41021622908,1782.073093547731,39338.75326691703,23807.45307523352,16982.81059682266,21142.35174060919,61408.37869860779
1106,20143.32258432408,14981.03427292639,69967.66344120796,49248.89957942695,76676.41749127864,46244.93361517989,13800.12356612492,16934.81096974152,28153.15529902286,150473.75865154,89417.03735409435,58021.95675748616,32818.6701052945,24067.72697937366,88592.04503469329,46116.21894268575,40515.84940968541,32592.75073497259,105740.3015465707,26451.10925992455,5464.781206111703,14723.39924665232,38976.31004008892,23487.60730907634,28809.41702853906,1704.58802902908,38047.97299177476,23737.95967074728,16689.47655083453,21026.76484764584,60951.61480165227
1107,20013.16385714598,14829.59405472743,67865.79603755374,49275.11829159056,76641.26824209593,46359.63624495367,13928.3426084543,16634.14824919009,27048.8459995256,145728.1034234297,85178.23998518423,56720.01217190974,31048.99885741096,23790.76768832617,86078.76204938763,45114.46393769775,38453.41480742995,30678.56340852194,96825.41714955062,24515.56808484734,4945.215972707146,14003.15096515748,36576.054558522,22602.28966892611,28132.25552886862,1629.298245934895,38061.1528713552,23674.83298743127,16746.55959091934,21142.32198364129,60820.49694147945
1108,19643.45986835237,14653.25125982712,66794.34344538154,49017.53735763951,77409.03339378559,46353.64462607646,14047.89474869932,16918.69823776003,27028.21387205158,143764.6007125818,81633.11208478322,56713.96701452282,30565.0265464849,25197.83812644687,82565.10482803569,44794.87760419479,38244.19576394319,29995.03670243737,92396.03069859598,23551.523948121,4576.166055196717,13492.17900336634,35398.23725016265,22610.87836193614,27657.69109474895,1556.952476849755,37418.07917913966,23432.89239301092,16711.32151703979,21252.35662448102,60819.03191365825
1109,19994.90630676943,14739.58523651542,66718.909105991,49017.65975034657,78399.65118685758,46963.02996357074,14429.92038200471,18058.12597583733,28475.22233644034,143594.2152940451,79242.09723461203,56716.00429203698,30408.33013964928,28208.76839510467,86657.00683504961,44448.543578489,39267.10141742874,27824.69986764196,86938.81752601427,22746.3022310218,4370.017071710849,12966.13686750435,35367.64657507723,23488.77146282099,28646.36615132371,1544.236509103224,38078.44519268166,24049.07972106689,17211.61496403077,21417.46279082409,60727.59392817959
1110,20743.52975491003,15002.00132015832,69183.86110903269,49107.59759852205,79899.898990545,48419.88744413551,16006.09767874357,21599.63321171524,30780.1069655796,146217.1224285174,81630.89106361926,60350.09359684812,32016.85206820901,30845.47628886941,94567.97001709572,46825.3375611259,39180.38521976359,29961.33754016681,83560.96675150935,24654.01643752934,4631.710425650415,14414.1131532704,39446.62131438804,29020.4048133334,31317.72045413542,1557.561202844375,40731.5250000517,25028.77100674743,17530.62811043729,21472.38322220559,60803.09616376826
1111,21636.2448804224,15802.92142866562,81828.76911487835,50105.80738511559,81111.09778857393,47790.88907813602,16831.0306704764,22645.79574193241,31740.33783269378,139076.7879777718,74728.45592734758,67050.97399410477,36142.80617024549,32682.06457689195,98600.3210328657,49247.51453965676,44840.269920385,43579.09850820454,79614.93929477023,28716.76474274283,5015.714287002529,16151.8379585613,40142.62947525247,33863.89616094826,35636.00221926117,1720.500909840486,45042.86164042875,25783.80660102621,17807.74766546053,21164.42044836778,60769.02095407273
1112,22706.91612156795,16159.64437292975,79643.72511599594,51565.27331688287,80824.81191712049,46426.66994184558,17172.44420817047,21978.4178308256,33430.68628959877,112036.2078751905,69741.34884753525,62076.0269616194,40551.28404296478,35644.1717399339,98898.32899833185,61609.1818177695,48638.61679593104,41749.3187566017,75859.42789643878,30553.92971657627,5391.072258345875,17634.46334393946,45642.85683193528,39492.1133109553,39955.08022161206,1935.0454982334,46266.15245932467,25614.22315520926,16977.62838117895,20708.49956350559,60990.24441703178
1113,23507.52462900075,16734.61670841638,80271.75624991058,54111.21124715854,81509.02266077956,47481.45570263689,17209.04589969066,22046.72097734356,36528.98089487134,110664.8409105729,73358.06735109953,56669.96602804017,43942.17594846979,38203.77613773024,98898.32897711243,64562.24740414976,50588.8200942405,42501.41797267373,79790.77333405924,33851.94345025752,6355.141607121913,19221.7367945562,53027.37831681773,41224.27170525873,42536.66958443157,2164.161621427943,47097.85990658968,26044.10177810764,16309.60731491644,20226.34087146019,61044.66131535544
1114,23994.73714667964,17137.10326949327,80979.27734158598,52590.15507635411,81985.97382268023,48543.01869366896,17313.47843599667,22953.95029814813,39824.83102109585,115468.3386319834,79727.6196533174,55006.47945920341,45878.98546598124,39891.46856676393,97266.1002479318,63069.58812931716,52490.33958735337,42496.64451076536,89953.827306154,36082.77114770388,7246.959816771365,21091.39156348975,58811.01128725112,39446.48909220871,43567.79102951362,2299.361848984864,47357.63474834181,25593.12070162063,15777.10490030981,19986.8762233302,61305.26493271455
1115,24231.97155909945,17261.09101995802,84556.05154565535,51564.38240506356,83422.84698595243,48264.2791047813,17689.17653547756,24001.00897508167,40661.88515958974,116303.6984920176,79016.06161325697,55227.352379534,47792.60598969551,37756.9637416581,94810.61486318611,64353.58283361851,53769.60061719288,47874.9319685054,99026.1847142526,38283.13826611582,7184.451750599797,22163.36926037221,66859.06806752124,37634.34941670144,41990.0588903863,2337.823891547326,47736.48116902263,25783.89440260728,15792.721218779,20041.35557632788,61230.54456884267
1116,24001.19069887404,16931.23340318556,77973.84656638077,51564.76784818128,82251.46089286625,47540.54954819812,17006.36846314286,22653.09814266026,40103.52527945,111547.331691074,74733.93182970004,47668.53282500195,43915.17454252778,35939.62803728294,83302.3238677196,70332.5188058413,52255.34357256669,44217.659059969,103445.6992983146,38318.09931896019,6905.346591348383,22191.71088517521,61536.8580798494,35608.80612414487,37650.50143734676,2297.615855218666,47181.81143824547,25511.89003195368,16361.05324958651,20262.48359968154,61246.96951718727
1117,23763.20192902736,16478.91460600895,68256.78623908637,49467.60303025817,81463.64971166752,47203.33532871937,17106.47793225603,21747.6568957779,40054.43218724547,116551.2072349547,71109.93593636256,45824.6557345051,41360.28575072928,34750.69713447825,84950.77740052935,67709.25579557467,53791.03254827789,39022.82587594289,105512.7051301096,36440.74469318491,6975.325464076703,20914.71996903146,58967.1829095586,35142.89651055476,37136.42047820327,2114.027981548404,46867.30223942288,25379.44041612487,16652.73340880352,20042.63160689655,60916.9322408521
1118,23411.54015863956,16354.23877409949,71006.43748845103,48576.67006741992,81734.39083460838,46868.25314364958,16537.86389345254,21880.91928972795,39444.88721100562,116986.2399129621,66882.39346247591,46857.34830963032,41924.95691611106,31289.82244113585,91548.37860845728,63417.41824599419,53855.48125073279,37979.70496570574,110073.6955350456,36809.0692648246,7184.930311006006,20685.59994860769,60272.56711092201,35336.18179331189,37107.98384822713,2092.281307180812,47493.10069428466,25267.89574356014,16760.78230843399,20042.51656454862,60752.69697709093
1119,23180.14192449567,16324.93952116845,74331.40851969166,48094.10763833972,82112.92050228178,46974.81639733476,17005.4652951687,22348.64087376865,38606.51289491165,118805.0649800737,66096.82654519488,50025.76887788955,41879.63854173181,30830.08880986956,98960.83813935354,63145.10153258874,55907.73079110129,36936.29186721057,107864.2297453318,38282.37276706866,7248.766348228055,19809.34030220371,61438.16678387121,35900.67734163905,38679.73932799008,2046.710120631718,48779.66907765152,24945.00516574518,16688.78090846912,20372.81096830087,60858.36398025183
1120,23763.77132115341,16702.36199022075,78053.3053159676,49018.59835505755,82417.9925501059,48023.99717792727,17812.51062138654,23631.02058260359,38725.58528662175,123412.8979710608,71161.1075627132,55004.82001429532,43291.52395468452,34652.23893930067,100528.2572226931,60026.08404741709,56772.73682803313,39715.57523210522,110074.2973936208,38660.67014916377,7309.511413088863,20980.28363121665,62623.56026573105,38831.60168570454,41766.04636967288,2092.79831593009,49969.242106312,26306.90002939649,16664.47671122936,20971.75448856196,60465.77914284258
1121,24444.48190665999,17171.33664906049,84350.59391705219,52023.59355593066,84207.41272149388,49735.06258440234,18586.12467786543,26268.07227164775,40641.11569657472,130408.5547780698,76160.46668552072,58817.81585568874,46824.24827468197,41028.34480245061,107857.7075958247,62692.87134806943,60157.50316431053,47397.05004095328,111086.13081689,42320.66395901025,7763.866617210678,22416.61492727248,64989.55172899411,41519.38989783419,44077.67156589875,2165.709698745301,51513.60629975439,26662.02212038084,16975.92638800137,21747.70447241865,60449.38505987259
1122,24946.93685684332,17759.01974570177,94634.40697145309,56767.28588103074,85336.38394095517,51008.09689672777,19314.75196556094,25655.4234371469,42215.55970852701,134631.9137148235,79725.99474674051,61538.91451891226,49415.91525580574,44078.84803142145,116859.5826186978,74465.55776529551,59281.2163638719,51672.41901876291,117808.5104566759,43435.89348235159,7950.639960208545,23221.87094283336,62768.63729341353,43596.85462179501,42829.46883851576,2237.804220860007,52619.64344345558,26908.5175629577,16385.26913615947,21640.47127912047,60631.23511616926
1123,25169.514593448,18030.37827194291,94225.54964526155,60375.97682921643,85028.06945107125,51606.94266591574,18985.93648059113,25628.91081204624,42095.01653378676,133859.9663659629,78352.32315536344,69972.56556932356,48265.58068148125,44986.6522976854,108029.4366960447,71891.6547776925,62788.68139437668,59883.32583935957,122229.0831264844,44546.00125194048,8468.877050467781,23937.73979860499,59103.81066814144,42148.23556619809,42268.33938187643,2261.052989149913,55514.32558308574,26886.91569839467,17077.81569825515,21956.64408653256,61107.78278095281
1124,25169.51459480617,17780.96099927653,91096.03551977553,58278.64233564257,85119.25346495536,50801.31635878827,18601.14656822072,24752.20948312112,41141.83455606324,133089.732868756,78198.86706758257,72523.25224329725,46356.61169394614,45551.42760764911,102830.2446068453,68698.69694568883,60734.3035950079,61271.04547997491,121122.9774433853,44544.41476611788,8458.367576684328,24038.14491755955,60256.31368995956,40041.65372711039,40480.5980342438,2456.85802192363,54167.88745686174,26544.19723443393,16667.70009147037,21534.04125089551,61866.17210464996
1125,24934.11673421122,17777.39193247704,91135.27825162529,57815.73045958577,83956.14064477554,50166.97842765773,17793.97662537653,23402.12250894485,40052.46741497642,134512.9438458872,75697.96982057189,68390.91426492104,45702.32908276285,43904.49752757516,101346.706280811,64600.93033844866,58539.59010418259,58537.2835983618,123331.2470447803,43694.46492270665,8206.333136474925,22952.65248456968,61905.89516014329,37674.71409616238,38675.98700682101,2481.011669351077,51748.04105126362,25935.8484940118,16449.67916545934,21307.679377995,61949.82281097437
1126,24096.5259031698,17432.18440402624,88865.73019000144,56574.23790836126,82975.25283041078,52283.12785827165,16824.47722523985,21297.72890035636,37910.57606728954,134539.5085465139,70450.62249861979,63863.29840145593,43914.72693796865,38736.75394265078,97196.06373203675,58609.39787915131,52698.60184985959,52662.9339038731,126684.8325043973,41932.97314307264,7951.134423761855,21612.19607947321,54747.05435092374,32987.78517430287,35595.71555654185,2416.009655936728,47996.20676092992,26158.26167461615,16292.65912672463,21357.36600817897,61707.38824947203
1127,22714.95179693123,16639.53801964761,84006.7386899072,53687.02965225688,81037.8416633104,50538.03366857979,15511.75931510544,19951.9383252585,35170.36481792562,120241.7011284894,60539.06480740376,58904.99482773522,40857.60253768993,31294.23110980601,91368.76961294776,52623.56341292823,49414.20246849608,45308.29786576897,129733.254250787,36913.01923446179,7440.346395599578,19047.72494739966,48424.61610729856,29764.65272546569,33277.44631137263,2145.425532879888,45673.11007210641,26195.52446904103,17018.67249549149,21312.07491023755,61791.88432071582
1128,21191.34780510692,15633.98697940593,75024.23341508013,52260.458221801,77969.81225662066,48224.538567215,14812.55273183034,17724.21998716838,30589.39917812736,162577.7763518719,107711.1525249491,60783.32824267838,37925.53818343429,26779.44210251709,95919.50668112039,44427.42731385338,47411.92527219823,39164.15563911002,123552.3788824119,32792.85254278725,6931.800920138512,17318.98848250809,45932.26002459472,26234.04588242374,31768.82114930139,1982.656999375659,41102.77008888025,24432.89464623589,17214.05105233389,20814.2171780874,63660.32921424204
1129,20340.54602991782,15050.1155018608,73334.95819777399,51252.1660933662,77431.15336282332,46568.99494264803,14360.46107005162,16854.12908160789,29830.45353901489,161198.7952654486,100007.7754866477,59985.07948485473,34660.50949791331,24804.50170832591,91726.69623001221,43836.65264929381,42963.10823418626,33425.04280794366,115914.4219882803,30093.54808850373,6118.111569785941,15784.97679521643,42253.94550315778,24287.13317863787,30101.59453271507,1836.394829013052,39623.6298277848,23243.35378241271,17041.86476492038,21156.87652589902,62924.55282062868
1130,20002.59665066819,14880.73084331604,70059.75714468327,49751.75763098461,77325.87102663977,46202.60188171282,13804.48971023211,16529.55910345554,28046.47237640479,153576.1865612195,94253.03281622738,58424.17453626002,33253.11507403439,24513.06810912556,88914.71959101733,44391.40508798017,40824.77684382495,32607.08016374663,107746.3975220403,26676.93678220948,5494.404117767862,14740.65642929208,39811.75423213621,23668.80734246262,29280.31998021749,1762.580623141418,38303.62467501214,23163.09725507164,16771.23233848808,21036.83754424454,61887.05819690572
1131,19881.33965392951,14737.71481724113,67932.89641557388,49780.16418646223,77299.6209667061,46323.77768234973,13932.93991864241,16215.65626150179,26870.50965379383,148775.6854046273,89667.22079656216,57137.91300171393,31484.38659944168,24235.47935535781,86528.59823010677,43456.71692323944,38764.04345168905,30655.11005639289,99199.32432410897,24683.55147811824,4984.556495837348,13996.47932933371,37317.8088538887,22735.61985088306,28616.66839476316,1690.857697131505,38317.10296352806,23090.19352524348,16823.89762524076,21156.84562277466,61589.23677119748
1132,19536.92021825006,14571.18147455631,66848.7031703522,49501.08918672167,77873.00110185714,46317.44793022475,14052.70759941265,16512.73682382155,26848.53880485809,146789.4903311704,85831.86639718713,57131.94066348754,31000.67211954984,25645.74773055531,83192.71739225308,43158.52668505663,38554.99698363979,29958.09170326811,94952.68594583789,23690.69664279353,4622.409048858653,13468.53133909821,36094.01744703197,22744.67294157336,28151.5719011542,1621.93931232579,37659.46927971346,22810.78122598187,16791.38668569162,21271.11849484941,61585.90910344999
1133,19864.33076198298,14652.71293567047,66772.37184050858,49501.22179259504,78612.81139778496,46961.2235464678,14435.42198664155,17702.34092414841,28389.43682518482,146617.135754313,83245.10801153388,57133.95340022822,30844.05919103675,28663.52112893921,87077.58624417846,42835.37949511259,39577.05888797235,27744.91613478034,89720.62702442768,22861.41067457498,4420.115742385964,12925.01249819349,36062.23271689281,23670.03444295567,29120.52209858017,1609.825764160986,38334.78680460772,23522.40350880088,17252.96157390906,21442.58409587548,61378.21664139139
1134,20561.75484546755,14900.53155285873,69266.63461145888,49598.66458298803,79733.22209439609,48500.29786385362,16014.44097305405,21399.80359628478,30843.87454930865,149270.3560426486,85829.46354924145,60724.26694941388,32451.72419686933,31306.22163380978,94588.28772285028,45053.0486802289,39490.41421862265,29923.72737722431,86482.13995767043,24826.13739422561,4676.914553397291,14421.09491981828,40300.42330835891,29500.76774883012,31738.58074372464,1622.519199897229,41047.93565254746,24653.82916043407,17547.28575160538,21499.61991097562,61549.71260248733
1135,21393.41598267834,15656.89873513342,82061.90333967497,50680.17085622589,80637.76605419964,47835.80237016118,16840.86123628161,22492.03541930033,31866.41026945586,142047.5001583392,78361.95159761155,67344.4294341092,36575.48024131116,33146.98405101734,98416.61861502299,47313.06249944377,45145.63033333253,43810.27963435717,82698.91809950824,29010.30194216451,5053.736255341432,16216.55217997747,41023.59896584233,34606.15064891629,35970.70932938535,1777.739630461353,45456.88633937763,25525.80449771569,17802.95855404173,21179.79525948424,61472.31408851338
1136,22390.8625773901,15993.77818832719,79850.87696164579,52261.42319614717,80423.96287323398,46394.59438381993,17182.89030836165,21795.26854853769,33666.43746695222,114694.4098435467,72966.56852086868,62429.40995080528,40981.60954494082,36115.82338045655,98699.54862182174,58847.12426482986,48940.8441223143,41944.38316288043,79098.35196901133,30902.37104779056,5422.073774401437,17748.43484872256,46738.51835707049,40538.69011959535,40203.61826670084,1982.120158691634,46707.87399031931,25329.95600595706,17037.08360973864,20706.31355813585,61974.80159899994
1137,23136.71639203231,16536.76643479342,80486.37601979707,55019.80913850869,80934.94314865765,47508.90631647983,17219.55798906277,21866.5795237296,36965.7657992646,113307.1938779273,76879.37438109663,57088.46970702619,44370.69498931686,38681.24515141618,98699.5486016759,61602.48404795982,50889.43878509055,42711.32752994971,82867.4975602798,34298.94674148454,6368.111794745337,19388.4423068026,54411.28209794042,42364.50773995151,42733.70285429327,2200.381894563603,47558.41233300378,25826.41413327224,16420.76182730967,20205.5834415531,62098.404273876
1138,23590.60779023574,16916.86380389624,81202.31025155928,53371.82710831243,81291.13842669188,48630.37794811221,17324.17880676368,22813.76001082833,40475.46809871748,118166.2060182809,83770.37835350567,55445.02127578468,46306.47269242515,40372.7733046943,97149.90383052989,60209.75733211637,52789.38979976514,42706.45984807506,92611.24322713981,36596.44327904687,7243.250014453861,21320.21264158303,60420.66935978096,40490.59896189497,43744.25260078307,2329.177004857096,47824.06880163524,25305.5852091034,15929.47067813338,19956.89527486898,62690.33996260915
1139,23811.61742206579,17033.95446557331,84821.61591199266,52260.4579414137,82364.21985887033,48335.90786561006,17700.55425225881,23906.9274436879,41366.83473315967,119011.2202010457,83000.56769052564,55663.23359034212,48219.07375542278,38233.41725683811,94818.65575293542,61407.78943350296,54067.59562435986,48190.90549307381,101309.2923987851,38862.56891560066,7181.911058649947,22427.80466808586,68782.86836949807,38580.47540681557,42197.99748134168,2365.816906308888,48211.49277846434,25525.90589798591,15943.87842321805,20013.47302246109,62520.61994682769
1140,23596.61997531435,16722.44589749026,78161.14187018196,52260.87554816868,81489.40870745294,47571.33508609676,17016.51514541278,22499.65939189445,40772.24551332351,114199.8836770902,78367.87579182086,48195.46656916355,44343.70796808293,36411.95117983014,83892.63622691871,66986.43956567468,52554.58762268751,44461.44427825379,105546.4662046428,38898.57478819733,6908.026101451382,22457.08788707557,63252.91495297626,36445.4093259615,37945.01767477945,2327.513727629293,47644.26463219275,25211.77355159066,16468.22627380084,20243.11828809734,62557.927614347
1141,23374.90757757663,16295.28831900471,68328.5358853428,49988.71098210319,80901.05785491013,47215.09039395578,17116.80510186403,21554.34571916091,40719.96700186252,119261.5894229181,74447.19676885597,46373.80057645398,41790.18026576179,35220.31811932757,85457.68489437974,64538.80229259901,54089.00987720285,39164.0739802743,107528.1913014716,36965.11495289378,6976.696134686906,21137.67148433641,60582.93687615927,35954.30759716828,37441.19304246728,2152.623338277291,47322.63455228278,25058.81016905568,16737.33281056557,20014.79820221198,61808.28014415906
1142,23047.29642871609,16177.5478519126,71110.88326408454,49023.43334078479,81103.25195205194,46861.09805624654,16547.16590894514,21693.47651698569,40070.87152640181,119701.6498094288,69873.56104081016,47394.05347439658,42354.55060866401,31751.57767939557,91721.47503064673,60534.30045072286,54153.40541880381,38100.36364900075,111901.0039045248,37344.44699588844,7182.380668372402,20900.93940635419,61939.27453305827,36158.04397380339,37413.32374603233,2131.906913650629,47962.60186579295,24929.98948269522,16837.01962251345,20014.67872874972,61435.23576759254
1143,22831.72383107895,16149.8784337686,74475.39155774626,48500.60306874332,81385.94437633242,46973.67514021792,17015.61034911729,22181.79490313018,39178.09905426031,121541.4951877001,69023.682667774,50524.3076705936,42309.25637716039,31290.79918272311,98758.8950613257,60280.21516258959,56203.96215025514,37036.35536217308,109782.6964770811,38861.78053942427,7245.022757716713,19995.56777378594,63150.37140985426,36753.0622597395,38953.72144525008,2088.494664249459,49278.29976429974,24557.08968481984,16770.59053306573,20357.69516301931,61675.24805493624
1144,23375.43802820923,16506.30595558015,78241.54546452212,49502.23871999516,81613.77739483715,48082.06577914209,17824.11069716196,23520.64607273588,39304.89749198691,126202.5812842194,74502.55762684516,55443.38182032887,43720.38962337111,35121.63615204566,100247.0092840861,57370.01385139708,57068.25468236997,39870.49702280112,111901.5809315583,39251.38343279305,7304.631686244056,21205.4133689631,64382.03471327848,39842.46408865099,41978.45418981462,2132.399429085619,50494.80621212112,26129.91451860638,16748.16727889033,20979.70833767465,60783.52990277486
1145,24009.59390109074,16949.19287713084,84613.7151847574,52757.98836745608,82950.14695713682,49889.6940870616,18599.1195022394,26273.82417892655,41344.71763762723,133279.087473343,79911.19577599253,59210.44682179146,47251.23192254877,41512.23339017788,107205.6200737639,59858.26149217723,60450.22907618435,47703.59099436385,112871.6680294554,43020.75706718332,7750.488925026794,22689.46391922593,66840.37863545366,42675.58321541837,44243.96061213489,2201.856631643821,52074.13673983374,26540.03783916062,17035.51333670106,21785.54577727509,60746.29234294226
1146,24477.68528133571,17504.18482096588,95019.81315881657,57897.52223779981,83793.28195612924,51234.57129117309,19329.06043189872,25634.19645947813,43021.31989728114,137551.2561173056,83768.62042184183,61898.7674930278,49841.51822101114,44569.66968881929,115752.0378094137,70842.7742788324,59574.66508556023,52063.34843673829,119316.6950524351,44169.31550197279,7933.768980436737,23521.47296635677,64532.77457637113,44865.37816208733,43020.66052877326,2270.535672316376,53205.21594592301,26824.71044043664,16490.56805182176,21674.1822567836,61159.34700201025
1147,24685.04062712557,17760.44843789737,94606.0941062381,61807.34355097105,83563.02742648611,51867.21254519277,18999.65212556922,25606.51631226368,42892.95524434903,136770.387309331,82282.4914219011,70230.82790643294,48691.79647503731,45479.53717867379,107368.6603985984,68441.19240729236,63079.23696493341,60436.3245016203,123554.8832894312,45312.59911812619,8442.31329995076,24261.12514287145,60724.89766728107,43338.43108519712,42470.72605416852,2292.683029093755,56165.4373046896,26799.76288394923,17129.51726034587,22002.53316972505,62241.77852397601
1148,24685.04062839089,17524.90554450078,91439.36689827195,59534.99515052205,83631.12520624268,51016.12122345986,18614.16847555726,24691.20816169049,41877.92578278628,135991.2521601346,82116.47245222887,72750.78934853926,46783.84447016299,46045.59608884325,102432.5257189591,65462.00100696964,61026.55372998743,61851.43535228695,122494.4134261027,45310.96521978043,8432.000388555361,24364.86602246021,61922.38668740959,41117.94463708843,40718.6515781152,2479.211789050869,54788.51413756941,26403.96426138198,16751.14119626499,21563.65283707136,63964.38587378855
1149,24465.74194413588,17521.53501481899,91479.0762658225,59033.45518904744,82762.49267640861,50345.98482963217,17805.54328621495,23281.6681385662,40717.87474478575,137430.9113037917,79410.83600463482,68668.22896293266,46129.91042099153,44394.9229276674,101024.0482374432,61638.57718519051,58833.65056022435,59063.71369109162,124611.5740176857,44435.61441407986,8184.679837210266,23243.31025958828,63636.35676901157,38623.02263762434,38950.04398589336,2502.221156273262,52313.87938692922,25701.39460488633,16549.99327966153,21328.57212842225,64154.39029108316
1150,23685.43507674474,17195.53040734199,89182.54098643143,57688.36520860413,82029.948894849,52581.55782414764,16834.2959758402,21084.60448826156,38437.00616755879,137457.7830148525,73733.90778040291,64195.15215698122,44343.26060198027,39215.43428836197,97083.41086988917,56048.17389248834,52997.48027603967,53073.4143900058,127826.7969103626,42621.48001486727,7934.254195864152,21858.31985309268,56198.08276573497,33682.66762215306,35931.22641785041,2440.2986163613,48477.09888217302,25958.25508887266,16405.12528816015,21380.17255072114,63603.72383990382
1151,22398.34868210581,16446.97670526293,84265.77117180866,54560.23134029484,80583.05712802373,50737.98034000506,15519.21136689763,19679.55006241517,35518.99553159094,122994.7346584526,63010.92754847236,59296.57564755478,41287.76485178828,31755.99636792303,91550.95350032047,50463.08711596302,49715.79004892423,45573.61042700213,130749.4465650531,37451.50353620053,7433.019616016229,19208.64926167856,49628.85888184664,30285.25775641448,33659.20850068404,2182.533429108916,46101.4043827369,26001.28913651608,17074.95125039982,21333.13696445772,63795.64842112712
1152,20643.07735184449,15365.18887239732,74538.2980889977,52070.37826244676,77708.11060170278,48675.86443602179,14983.26620065908,17708.11668978601,30839.193047673,164364.0864116658,112637.11049958,61087.42388513015,38312.61657350726,27598.79236727406,93915.58898512839,43307.02425553524,47802.6488534087,39542.75203654968,125683.8364454936,32241.27396220995,6871.814772765409,17255.51406266466,47333.08770917393,26866.01215884075,31968.79797081434,1976.722439508943,41638.64151444582,24704.31275663413,17354.10683851306,20821.32856884379,63456.75271407768
1153,19749.52952846547,14781.06886425086,72881.5052237849,51117.83721923246,77177.89597077455,46572.26573046708,14518.64561692552,16860.35089935341,30015.88372607866,162994.6536598948,104578.1820833578,60284.20019472368,34908.47442877558,25559.71273083,90297.37437641116,42816.09045435709,43311.88046286219,33893.4792111503,118082.96996199,29736.90380037263,6075.941287485346,15748.57836021342,43737.89305297924,24920.32779739133,30250.45307813082,1836.239128601916,40124.65383624766,23636.4496714308,17179.05893690157,21158.67827162406,62710.99249041213
1154,19394.60087052549,14611.61210547059,69669.28161373768,49700.3902297146,77074.26408858402,46106.71232717992,13947.26649278471,16544.1088580672,28080.6089909299,155424.8253886598,98557.82776289452,58713.56720482463,33441.11498601408,25258.81437498451,87870.75980052614,43277.08978248527,41153.38508436068,33088.32094470877,109954.6099486493,26567.02816944816,5465.89001494786,14722.69071069567,41350.88863674119,24302.39207413731,29403.99770203762,1765.341342748524,38773.55036822644,23564.40256022971,16903.92879113545,21040.49934248699,61659.41998909879
1155,19267.25167043562,14468.53520322629,67583.31738174646,49727.22611311157,77048.42553658043,46260.68305533334,14079.27647186173,16238.26025164307,26804.91673910364,150657.5638406404,93760.35639248347,57419.28929148001,31597.02609036411,24972.21049732898,85811.63996506191,42500.36383068022,39073.21943590257,31166.90695480044,101449.0418886719,24717.59815473125,4967.205592383177,13991.64866573325,38913.29961479583,23369.79334737581,28719.99811791283,1696.452209701797,38787.3461949462,23498.9561310865,16957.46933766972,21158.64784735613,61357.5573920157
1156,18905.52788699335,14301.93097399643,66519.9716256536,49463.58189345417,77612.81710282291,46252.64022385555,14202.36330237954,16527.71821072259,26781.08261476069,148685.1215702008,89747.98020970977,57413.2797317989,31092.70193103321,26428.27951806721,82932.91865838523,42252.5677150251,38862.20170627923,30480.79971889989,97223.02545988577,23796.44381044176,4612.987424617656,13473.01919105963,37717.16255240301,23378.84072630794,28240.64145670838,1630.256809648119,38114.21916281069,23248.12483221521,16924.41808932131,21271.15001511095,61354.18457078198
1157,19249.3882164325,14383.4971397739,66445.10803836973,49463.70716720509,78341.02979461945,47070.64678852748,14595.68394292822,17686.79900787886,28452.65912614942,148513.9604101315,87041.82931557695,57415.30501253597,30929.41617715139,29544.05977257324,86285.39294666878,41984.03237013594,39893.90142643882,28302.26917511992,92016.37375358761,23027.04596384423,4415.123364087072,12939.09369811882,37686.09607038277,24303.61840043057,29239.30031114825,1618.621871175621,38805.4466538425,23886.95548489925,17393.66402541021,21439.9586873757,61143.67390707637
1158,19981.85233433029,14631.42124337883,68891.40969516349,49555.76209315074,79443.87642136664,49026.25502123241,16218.46265180088,21289.39081157043,31115.24963777973,151148.8092824492,89745.46645769002,61027.99450366072,32605.57915398332,32272.58606154461,92766.80443157403,43826.91566916231,39806.43971717986,30446.97333161789,88793.61298861301,24849.88701649001,4666.299521974356,14408.76960321993,41828.51512605979,30130.67299150782,31937.63037430492,1630.813785698642,41582.51522058963,24902.64794555844,17692.8796625738,21496.11070947798,61317.4969155539
1159,20855.29785432644,15388.11038073763,81440.6436626137,50577.46908133482,80334.24033687665,48181.92096706689,17067.78569306056,22353.59774541714,32224.50324788674,143975.9658644515,81933.28954277966,67689.41588381343,36905.03655468794,34173.13008378416,96070.48889873168,45704.98736306165,45514.98325867757,44116.14566060428,85028.76269946613,28731.88588825376,5034.870649426752,16172.53624852899,42535.34898817848,35232.83481344923,36299.51883505909,1779.90141342906,46095.3374249562,25685.42918679972,17952.80156598374,21181.24187017304,61239.04817271083
1160,21902.85823752312,15725.13322996337,79272.13216703989,52071.28988086016,80123.78883223732,46350.66553560979,17419.29349680646,21674.70877742035,34177.18482934388,116812.2736949079,76288.88115183901,62743.76448241062,41498.89832507214,37238.38705981212,96314.64529353696,55289.79376251288,49345.98506731603,42279.45791087413,81445.68115000647,30487.31640471311,5395.143356605086,17677.3805105528,48121.12680467167,41161.63133798572,40662.21157356839,1976.206809551218,47375.79739141066,25509.6139785944,17174.19832230551,20715.09695907725,61748.35399097623
1161,22686.18529685421,16268.35260468404,79895.4114850623,54677.15751487939,80626.7587474567,47766.55401136084,17456.9773575184,21744.19002916511,37756.31834168588,115434.6630838546,80382.28358785754,57369.53785092252,45032.38292949782,39887.12486852786,96314.64527615193,57579.49799848198,51312.95454320472,43034.39653970693,85196.52352751807,33638.60332464935,6320.46771550486,19288.44111155151,55620.50703402855,42986.29701707742,43269.87023610132,2185.844962900056,48246.37376914087,25955.28955278626,16547.63370817594,20222.1258579497,61873.63384401488
1162,23162.88114157668,16648.6117659472,80597.57932307548,53120.29668261416,80977.37014560869,49191.53988162762,17564.49755640824,22667.06740806423,41563.66694512463,120260.0304741438,87591.3436472872,55715.84694192152,47050.63853968744,41633.58801342384,94977.3686654716,56422.14196812303,53230.82167223823,43029.60505646798,94892.95293783885,35770.18272706348,7176.444636819391,21186.11484541756,61494.09855124723,41113.57052186406,44311.40410942615,2309.551342190126,48518.2889016813,25487.73606325038,16048.17764790862,19977.29121488028,62473.60157260329
1163,23394.99475631806,16765.7522684089,84147.29089985043,52070.37799756281,82033.62946309162,48817.37463754467,17951.30358264839,23732.18594553058,42530.62745095573,121099.1936134951,86786.00217222312,55935.41922295934,49044.73001994946,39424.75307080082,92965.60210715585,57417.70675576606,54521.08069270524,48428.19725288155,103548.7638224773,37872.65672482014,7116.448707761284,22274.15738271674,69667.33469474797,39204.65209818372,42717.73978038721,2344.743590838521,48914.84029209737,25685.52021486669,16062.82483951667,20032.9922674156,62301.57860743572
1164,23169.19539132014,16454.11110365907,77614.88827039314,52070.77251375787,81172.53225088217,47845.87845621794,17248.30754005616,22361.02609929509,41885.61307577188,116321.1717243147,81939.48716971888,48421.11077329796,45004.24606909278,37544.13206723801,83536.91842942982,62053.56553429303,52993.80536299411,44757.11698070958,107765.3616394233,37906.06237968761,6848.560507728968,22302.92373993807,64262.34312694732,37070.93306902493,38334.36078644108,2307.95378151303,48334.24868305932,25403.52037208223,16595.88698016547,20259.0790868824,62339.39250676048
1165,22936.3437022523,16026.77170137506,67971.34926902832,49924.24181587941,80593.40465505213,47393.21996862032,17351.37685552562,21439.96763534589,41828.90099576671,121347.8292299247,77837.84818308236,46588.09159599128,42341.91991319749,36313.7988810157,84887.48793835308,60019.57873279056,54542.69687717695,39542.67165600046,109737.4633515419,36112.23022675612,6915.726999046305,21006.79562034214,61652.69926479608,36580.14118516922,37815.08855606219,2139.973360594361,48005.04124362359,25266.20356812484,16869.46587705796,20034.29691297086,61579.57298837102
1166,22592.27268886734,15908.98111690231,70700.19607765798,49012.33687729764,80792.4290651684,46943.42341096312,16765.95111843021,21575.52856356342,41124.75786876163,121784.8425522812,73053.11510420866,47614.7030248239,42930.33644933075,32732.40573316217,90292.86870651771,56691.83732986038,54607.69965437427,38495.61263392869,114089.0412949479,36464.16824115721,7116.908035299941,20774.24196825315,62978.3873938727,36783.74902085002,37786.36476847668,2120.075447726703,48660.0856992362,25150.55991118248,16970.8094132474,20034.17929079817,61201.46673201346
1167,22365.86927620871,15881.29992100005,74000.00967746766,48518.41524614541,81070.68987387705,47086.46827224205,17247.37766892932,22051.31749546348,40156.27230076161,123611.9484814382,72164.01037303181,50764.4659311068,42883.1123612061,32256.66274251812,96365.85871157542,56480.69243179735,56677.59267850705,37448.26032049567,111981.0205048091,37871.92528240383,7178.178565570597,19884.8505454848,64162.1167879241,37378.39189901866,39373.99208489506,2078.378428499665,50006.7804373641,24815.80392192538,16903.27631936137,20371.88054683752,61444.73577223491
1168,22936.90080382638,16237.87915967007,77693.74581833782,49464.6678660534,81294.95127791357,48494.83291977568,18078.28417620564,23355.81592524681,40293.82409678484,128240.7603065179,77895.76423592228,55714.19726887342,44354.36992673992,36211.91206429928,97650.03711243975,54062.31487161132,57550.03529645325,40238.03636040398,114089.615519901,38233.39242241836,7236.482346590101,21073.34183074003,65365.94786351475,40465.84456860041,42491.46514563425,2120.548503738446,51251.94684983549,26227.74497462158,16880.48040657605,20984.25537605352,60540.91779930893
1169,23602.9179848206,16680.95460036783,83943.38780695757,52540.39867677697,82610.37130052448,50791.67639296299,18874.77098155172,26038.35196657341,42506.63467732342,135268.2673832327,83554.03949059408,59504.73978186773,48035.65123686527,42810.0538266121,103655.0181410801,56130.04889245212,60963.90095458464,47948.51116968844,115054.9918123688,41730.55512438881,7672.577466200076,22531.19823233103,67768.73992509196,43297.17622941677,44826.43350051006,2187.26143270378,52868.48520096411,26595.91690357346,17172.60195244172,21777.60603896291,60503.17495896968
1170,24094.52724817388,17236.18278194842,94149.3913648746,57395.75439803201,83440.28893014352,52500.53015176316,19624.94093490806,25415.13605235637,44325.42405806687,139510.8546962361,87589.50457782859,62209.81489709036,50736.30216670829,45966.78509537419,111030.2080915711,65258.18003948188,60080.08059078915,52240.0210195712,121468.7213690096,42796.16870074877,7851.844573995256,23348.52195174638,65513.28141726822,45485.58959496197,43565.62622359187,2253.226945178259,54026.21177100355,26851.47042974189,16618.6000627203,21667.96814121317,60921.83440171128
1171,24312.30055718628,17492.55547999325,93743.62753936385,61089.39155674991,83213.64397568339,53304.38895879662,19286.40365914558,25388.16613262434,44186.17322127988,138735.3927765587,86034.78290598966,70593.80328210285,49537.59409178697,46906.20193847574,103795.7149104678,63262.46528093761,63617.6998014276,60481.92661414102,125686.328690951,43856.88838735851,8349.254230168879,24075.11894016551,61791.45212963571,43959.60589652036,42998.83039251138,2274.499253665223,57056.17368860589,26829.07475133427,17268.16815474768,21991.23112410233,62018.95355493588
1172,24312.30055851514,17256.91232546182,90637.7919771749,58942.68718916751,83280.67422353852,52222.95892207721,18890.23701058668,24496.34329802038,43085.06245084992,137961.6525114669,85861.10128743835,73129.46990152719,47548.34975261159,47490.6444867922,99536.0435476122,60786.75695026978,61545.66022134653,61874.88533594649,124631.0085375822,43855.37248341592,8339.16712170163,24177.02874734044,62961.88116742663,41740.52039335715,41193.03614859995,2453.658209895623,55646.81126120386,26473.7622513034,16883.50374835211,21559.15141951408,63764.93515156626
1173,24081.98385290838,17253.5403610811,90676.73779024661,58468.87867212758,82425.6587740182,51371.45731880789,18059.20220225664,23122.96977553695,41826.63130125143,139391.3431737402,83030.58548338636,69021.4657397991,46866.5534588972,45786.36316302248,98320.58822019033,57609.49139887657,59332.07846373357,59130.80263733759,126737.8880609691,43043.23644020007,8097.261695392294,23075.26893979576,64637.12020485572,39247.17248517727,39370.2018721905,2475.75847055266,53113.87600208548,25843.0582345079,16679.01289577683,21327.71338141988,63957.51775950131
1174,23262.47274790382,16927.39698655648,88424.36160747608,57198.16220310448,81704.59868339139,54212.06410660291,17061.03848802108,20982.27919915238,39352.32976476895,139418.0288198197,77091.63715518631,64520.51133888895,45003.77964201021,40438.66262346954,94919.98810787866,52963.86574285589,53440.87439529763,53234.27541210865,129937.4976241911,41360.1124592275,7852.319165549337,21714.72422661595,57366.93088525243,34309.93442878211,36258.82535121636,2416.282507594919,49186.70387315584,26073.64453653277,16531.73730081561,21378.51423432829,63399.37925524755
1175,21910.72045968742,16178.52465527754,83602.1342609153,54242.99096432992,80280.38905281755,51869.54219918625,15709.50863174826,19613.27618082843,36186.85224794263,125055.1254379667,65873.73497176309,59591.4053890509,41818.09802689845,32736.96792543014,90145.71597940974,48322.65811227263,50128.2385611926,45851.87329345074,132845.9547039149,36563.49353392353,7362.059201063377,19111.82149320416,50946.1535251162,30914.6680501985,33917.14585473489,2168.701695331499,46755.03982214443,26112.27664433409,17212.69529634618,21332.20748347674,63593.90808202479
1176,20077.30870634176,14900.59174153354,74278.13906070669,50728.5261021835,77293.31427017773,48411.76145857446,14923.75171452517,18134.63195403323,30065.58694449499,125225.0335276339,79929.17822722206,54479.16101668759,41611.70980463496,28219.36077645699,91821.44195568895,50107.475694291,49361.07189331017,36719.6097964384,105057.7694817146,34409.96987176378,7546.883555028716,19720.49386510921,49744.63780023233,26674.85928900818,30357.79670245278,1814.981093390316,42193.07634703564,24166.3359264563,16685.8371352227,20797.37917478976,63475.82341779889
1177,19386.76072188563,14478.61850778808,71912.6862619475,50500.85172311638,77149.46596932737,46851.14308003173,14407.87742215526,17430.54682707335,30081.55184907853,124781.1043141039,73721.71878001273,50773.47146485827,38791.30389684388,27077.4745535223,89380.03270222188,48869.36989779292,46663.32515038791,33891.33768373554,100952.7642108672,29703.53200831356,6657.235508221263,18060.34418756885,45429.34215816462,24783.49736601733,29027.93869439219,1733.511709935564,40759.42819979278,23935.54915793883,16388.3861823617,20706.69122972005,63008.23565453267
1178,18892.67485190408,14273.65776703017,70493.78226216602,50041.75065036787,77178.57396053425,46057.4157139436,14311.2881510081,16867.18643882516,28826.11943404624,121606.8061482107,70780.70025719944,49415.08432683923,36437.18453926695,25750.62562329293,86813.33683519188,45988.54667856685,46284.74637853132,31279.34478406148,96050.4707712038,27392.494282924,6017.309224537935,16661.12712432033,42287.6838995943,24414.45191559434,28760.28973503843,1689.295479943315,39061.21756397113,23936.07003689719,16796.0041540401,20403.69447911432,62569.79376490723
1179,18597.38459991955,14118.70772700693,69102.68298391077,49519.79110619608,76943.21125785653,45771.79450948246,13950.14274824582,16586.59781308941,27995.46645768216,118204.7699864212,68186.3053621726,47154.62234418081,33150.8048860263,25280.02463995528,83164.31096341046,42676.591135357,45942.9008369615,30019.98578572267,92791.5137689477,25058.24445711913,4820.921309422105,15709.4672089704,40207.98454901797,23652.16774391346,28232.90018387782,1614.912212184254,38558.87337642692,23977.89002263776,16851.08766344878,20468.78638805456,62256.32591427043
1180,18597.38773508943,14046.4125388711,66666.68411082072,48945.61678223811,76752.88832728786,45771.79452321195,14046.86570017324,16309.5596385311,27295.62156315869,116169.5170854956,68677.9062439653,46793.04266605774,32176.10132877707,25280.27804637588,81551.55917113395,42203.08356690571,42290.59273941442,29335.5956810391,84869.87986461463,23106.77736770731,4514.096079241609,14789.23989308588,38635.70960152169,24036.2496146481,28227.4981872786,1570.863794468254,38548.78957823846,23890.11216297313,16608.72022256402,20386.56561451043,62140.37678358297
1181,18787.7068509066,14076.4280571307,67670.47977317555,48945.66214921209,77292.76956996952,46070.52553928933,15097.94134890525,17891.98362884236,27593.87095433078,118681.3854645727,72960.10708463636,50420.68852935515,31740.64912879945,29327.19561788578,84097.54226511855,41253.23344727339,41003.48632454751,28465.51848924617,83501.98115132692,22703.33440590863,4405.608050182447,13811.57882388792,38637.02686818143,25991.33151548262,30508.08864376988,1568.688044214207,39810.33387603023,24117.71046270549,16829.05426019883,20802.76570790064,62162.47987915178
1182,19603.67843660645,14411.5474472015,74081.69395734688,50121.93768890999,79308.6676106697,46924.82173577946,16501.99698879529,22458.08883118695,28163.32252737887,127793.2146560862,77317.21531895758,59491.39995141562,33463.18008489507,33462.80164328121,87013.94346837822,41254.62588204164,39256.4170732761,30807.13759612132,82458.62999709688,24259.91710289553,4561.8032054028,13399.30314604473,41222.37554417423,31430.07890443097,35454.58936201977,1568.709677995778,41414.75611305654,24916.51578922896,17390.90605976207,20754.30064332595,62141.55126133873
1183,20771.81048245966,14951.85478398029,78267.03743000136,53402.88028986929,80596.46508520965,46358.44527198531,17111.55274057565,23029.34019119544,30035.95459103091,142368.9793216915,91595.50265174067,57564.4373793037,34090.90546785718,36960.54660309842,86021.97391710742,42202.26057234754,41953.10569184525,37461.89262951064,85477.85389300303,27382.60722321185,4514.763087077132,13131.7807374722,43382.97366139291,35120.33217415625,37828.76731732627,1709.739051401094,43644.27163864514,25405.23016830107,18184.10859730135,20897.58633146968,62334.83725547793
1184,22245.17409648569,15656.09014996187,79621.25933049536,52763.38279936096,79605.96389740371,46973.95695290481,17465.4397412537,22208.51202067613,33632.8925826314,149210.7119066826,105866.7829984882,56698.08932409099,37265.41238085159,40296.95458622112,91927.41874358595,42204.58953765106,44550.64972914127,47592.09947766568,98763.70604921717,28167.45577376817,4838.621237101183,14573.00706667563,49268.22072683126,39452.00651707617,42050.81695779369,1943.187980678847,47143.62375124501,24877.68516435979,18118.00838755143,20278.20986861505,62820.06622584939
1185,23326.55812376495,16531.8867269646,85365.01126553888,52804.00652945696,80159.78209813562,49310.7643173449,18499.47000075348,22497.57463566505,39918.0614847492,154909.1358008861,112190.3500438926,57740.67074337786,44260.88847361043,42459.04122965445,96681.7996451497,48817.98086548465,50661.1281535935,54240.85808293505,125192.8682748959,36423.79298279878,6295.104637824737,17748.19683896329,58184.2771397164,41331.85358420981,44177.21924894215,2177.008662517401,49899.66861253962,25688.51927815321,17523.10648182944,19897.21950620916,62977.41415181786
1186,23722.36487809581,16964.5797306878,86252.04723923179,50731.85176745275,80045.98608761356,51641.33747254736,19210.59511086592,22793.29026608511,42842.37652815555,161973.8100277261,110554.0592520444,54085.60600231931,48713.39875566265,44261.33411957738,101351.573395969,52120.29492425501,55504.88121920418,56327.60428820654,131928.7107302872,40249.53474041434,7221.870936670461,19911.85637538131,63433.67233686362,42424.65535077001,45809.75745830317,2220.030413063286,51725.89739139609,25901.18776641786,17049.38830040115,20092.06596693772,63091.39916600867
1187,24122.41955139988,17305.9487818965,90836.15666993345,50736.99576613477,80723.81570454322,52811.70635230392,19757.22541975223,24026.50635010994,44124.39456383981,164033.2223416327,104109.5900878895,59086.44604870112,51952.80107095832,41722.76649644568,105371.987253832,58294.01042456218,58798.00607910837,58916.30017034219,137965.6486965537,41364.39767588575,7655.195301971215,22037.32912743366,69792.6161730856,40735.74785636535,42588.26313009995,2276.826420932723,51903.15714038878,26334.57513666471,16762.95405044891,20088.4851937426,63341.49906890679
1188,24128.42565391815,17069.11900958536,86536.66622405185,51486.86718379355,79563.77751824024,52804.52553989224,18159.92755183275,22283.66345322814,44517.42681474333,148791.8303198465,112368.0079623582,48958.76150600422,49649.48035857074,37924.1134526436,103436.4874975666,61173.61887898533,58936.50490170787,57942.99826832053,128398.0365813724,39557.24850120951,7655.203458995626,23319.30687831806,66067.83316481105,38125.16192212315,37817.77704751452,2191.807167091451,53188.72184373324,25631.3284022574,16762.95405044891,20368.20149386346,63404.15122037161
1189,23528.36983948569,16859.16145720248,85678.21913375444,48931.47223495527,78179.27080035637,52226.65616105558,18140.8769626979,21652.52231363986,44907.23341723518,133324.4767295888,115572.6128390046,51545.40863383369,49253.03048288355,38401.64750714567,104404.2627767871,62438.31992170069,62016.20672727531,54941.5923647468,122481.1223738408,38305.60382747777,8111.103216511518,24502.97954796786,66716.54484490922,37925.49574904328,38350.60675774942,2061.104370268225,53640.25550779934,25595.69819382315,17049.38830040115,20563.36772614238,63459.84846137856
1190,23137.79002974937,17010.54665469657,88906.87948713405,48351.31336996167,77792.21907780609,52216.05843258218,18511.94939609663,21934.31565423653,45263.42698927724,148580.6130990034,113459.6402410815,55231.74134394169,50542.69851764775,39750.6073277647,108262.6614734062,61253.85920542269,62030.05930163545,53787.53057531751,132757.7697742756,40250.50106943837,8143.963274523288,24814.34959739118,67684.15775834721,39434.50636233706,38889.2881115977,2022.806242553332,55078.79082556783,25574.26347441815,17137.52191596857,20754.65144684495,63386.74694985722
1191,23135.908448599,16992.54041821494,93325.88787763409,49537.4186792619,78163.77343303328,52544.79330784748,18511.93489954557,22216.70120871149,45116.17164586639,159515.4121141441,112235.2375818281,60032.22643400473,50542.68096099177,40678.97877405091,110211.8652470448,60262.64001781947,62045.45329083741,52944.19564862701,133813.669041745,40253.0366174042,7980.162973992316,24406.49766967553,68786.79884774826,40556.33265873926,40497.11106655718,2015.094932695722,55748.16412378535,25771.6203519737,16983.2880880837,21040.70551718797,63385.85993648136
1192,23536.99418166841,17061.0062929561,95227.69852415966,51328.18657570296,79495.34158588159,53097.20750709416,18859.77433018667,23759.22190806205,45109.91685874487,162713.3367647909,105497.9364192451,64373.25389111703,50785.68017746499,42564.62667934324,110214.7196270942,58795.0991821143,61914.63859491343,54017.70499500436,133930.9438826443,41158.56137442681,7547.62405479381,24176.14019416952,68768.95925968661,43161.62481237718,43127.14383605673,2021.829167995465,57039.84363481953,26237.86416623626,16818.0375598576,21751.06242579269,63408.77429894113
1193,23924.14377179986,17136.49261804041,95927.80434072041,56085.11922418254,81901.72485048874,53398.36098029361,19388.471760022,25874.7573144694,44712.51707349731,166822.923969994,95315.74625924426,66340.7689811551,52422.87251706405,45195.20200767148,109242.8796808362,56747.16094513609,60782.22762709048,59565.3050992707,133813.6600844336,42200.19404744496,7546.881356643639,23998.215297966,68786.79998142182,44952.25141149526,43664.46620527448,2103.632461275006,54898.03498036912,27130.31801701877,16873.12106926631,21801.54835974605,63701.0701784553
1194,24122.4247195022,17010.41404074916,96383.72306518655,60436.8107603371,83848.01809862252,53096.50943029907,19301.61525343999,26155.79541403341,42563.44200947598,167969.9631583746,94446.03767923814,65792.19824077561,50076.75654331304,46533.68326369332,105374.1213023309,56748.90752283831,54029.60416870352,61068.28748202033,121474.8577528464,42180.45854997641,7330.826531731222,23047.31719795326,65704.64258581914,44190.6886881186,41562.62365770699,2209.16570002119,53735.15778190073,26471.75935696043,17104.47180980983,22033.81737494298,63684.88700679907
1195,24122.44151052423,16773.37708409223,94584.6868314665,59944.32357260335,84766.26650188024,52224.04178579362,18338.02645328523,25312.65035542249,41941.09883413106,155917.6136501097,99095.22438915938,67063.20324728312,49599.30789889979,45222.95479518275,104404.6292148393,55458.00304968392,49185.89214413199,61763.31198077293,121573.0607998265,39863.39370762289,6453.953963095112,21850.56029031111,62435.54162905348,44893.67114464691,40480.65342921173,2277.241116276522,53931.41361838033,26330.87594434889,17038.37159749239,21518.42422083003,63787.57451384555
1196,24101.7104832586,16767.37851956318,91352.55025677259,59292.28659654382,83382.67906181572,51011.48741246385,18862.11377596946,24422.46596677004,40650.08428290643,159119.4464410916,99095.22148043656,72435.70738865783,50808.77352238908,41117.09891991795,106340.1961340315,59264.33008621317,55570.01543600829,60083.59553070338,123543.6071504423,42246.57740025504,7654.38361799148,20997.06022579354,62450.54473914309,44894.19052331579,41547.38021113861,2430.444893842793,55017.21237910233,25809.33679986753,17038.37159749239,21749.39933427448,63786.87919610627
1197,23922.77129447757,16725.81870574371,89381.38877859812,58454.06339298978,83138.03356732022,52213.65829230649,18823.03139838852,23074.19759219474,39772.69780174862,150940.4192904929,96529.46643393763,68203.88724744547,52143.86824602948,39164.67868639278,106255.9185564836,61173.61782740211,63850.81734128164,56474.80334920566,123543.7049055215,43369.36752463202,8082.9429755062,22775.85937004187,63524.61038209465,42027.92787267343,39585.77372564772,2438.383220670651,53727.72171657051,25613.34138749153,16674.82043488149,21325.93599112094,63712.04356353132
1198,22923.05148778963,16262.40474139309,87059.22019787654,56177.58883271654,81959.56445613183,53985.92704752392,17367.04738669354,20916.13620577468,38784.73638121712,149128.463316901,91730.58852107778,64715.54844268892,52655.450043905,35137.23926530508,103444.5837457358,60205.49286867492,59905.4767936788,50414.43557196849,119419.2110091784,43369.36406447404,8411.841094508463,22952.20379596735,59265.42667634028,36924.17196930647,35707.52000953517,2287.162107005522,50787.65553383304,25615.81857699063,16410.4195881792,21132.47263931534,63812.71020961126
1199,21352.99742814912,15573.97369393062,80418.7106742296,52414.36405235502,79643.49475632803,52043.885368479,15918.5873842277,19725.21308438356,36155.86169617693,155733.0428406427,90008.14943077529,61811.43695690372,49382.08974760304,31149.01143613378,96705.21556382652,56245.01296499532,56374.76510234424,43862.34946763975,115288.107410013,39863.83356606978,8315.448331029082,21256.99982535883,52903.66281112003,33570.84227809075,33673.0478815864,2049.601561850486,47654.84350189122,24557.65808910394,15993.7610497622,20948.08526936344,64029.27298016095
1200,19932.92916265974,14800.15821888429,75290.75754612463,50419.22450045651,77785.09001648477,48428.63610020705,15039.00142496698,18256.79313016813,30485.75434333231,128293.2880632042,81868.62296344062,54548.23350535415,42235.39746105083,28215.44474587233,91821.78130165924,48413.87157590552,48771.72376581799,36349.99253761902,109309.9788631341,34968.78046594278,7601.571899134816,19999.31765258052,49724.71626270186,27009.33972179197,30774.26894755269,1780.463179927054,42345.24575570758,24099.24647880053,16557.68526568874,20880.02999026283,62815.03129678236
1201,19197.85343781571,14422.60257802093,72821.38846697242,50181.56559329574,77639.21083756353,46867.41599000328,14536.24152949882,17523.67517392695,30501.39293603806,127855.1961550975,75447.53698392882,50836.2530936371,39441.3583158611,27067.72554201739,89455.46384637781,47248.27677796263,46101.50152360336,33647.91007684559,105152.0946685168,30041.66726295886,6732.141531892439,18319.92574559367,45399.33221527094,25074.22806932439,29461.38567923885,1694.47201752638,40936.08400970138,23838.35912737488,16235.73338835831,20801.13910276642,62455.16967680643
1202,18671.90804779626,14239.21634012659,71340.15085141578,49702.33090877471,77668.72978100744,46073.38258440357,14442.10772096535,16937.08471682834,29271.62071250131,124722.6374092166,72405.30481746468,49475.55992780891,37109.24660834092,25734.09880473628,86967.71328840572,44536.17207122382,45726.78530545055,31152.45705088861,100186.6519795858,27622.26965913849,6106.75788065259,16904.49083395432,42250.32930997088,24696.64610432722,29197.15307817366,1647.801662937029,39266.87844537737,23838.94794246483,16676.92670091364,20537.55740460982,62117.73910000126
1203,18357.57696450756,14100.57659479607,69887.93944159332,49157.48113095475,77430.04418227384,45787.65125223654,14090.14324507055,16644.9260673024,28457.94572251428,121365.3352354875,69721.62515311144,47211.26053529311,33853.58990596895,25261.09389839671,83430.92255866346,41418.18476908656,45388.42753673241,29949.28715576257,96885.71448582696,25178.57158652555,4937.55845607541,15941.80055267175,40165.76798658387,23916.72928080421,28676.49529861717,1569.289915498623,38773.11418824267,23886.22233946165,16736.5474185261,20594.18189269569,61876.49016792367
1204,18357.58030183869,14035.89131642975,67344.92514123878,48558.12672440804,77237.03423584365,45787.65126597132,14184.40733599278,16356.46427119837,27772.40518543424,119356.8442426194,70230.14422704799,46849.06703157516,32887.99843334193,25261.34859926751,81867.7750807546,40972.40868102167,41773.38311379796,29295.43263805664,88862.03747856921,23135.60415757053,4637.705976758052,15010.90719540876,38589.81733565297,24309.69547861416,28671.16225485788,1522.79668723683,38763.20261915307,23786.99596929835,16474.21626158713,20522.6567325374,61787.25420992397
1205,18560.17152672101,14062.74735213551,68392.81836984449,48558.17408092439,77784.53762609385,46086.49746453859,15208.76286427081,18004.13924296366,28064.55856028619,121835.6836106174,74659.71481278076,50482.87126608229,32456.61708882143,29328.93862702242,84335.44994009708,40078.1875559769,40499.40875497727,28464.17587570219,87476.51807858012,22713.24457238059,4531.683390315255,14021.91438976023,38591.13768185138,26310.00103718796,30922.64251369409,1520.500176750251,40003.20001234832,24044.27899287713,16712.69913203691,20884.71582118906,61804.26503955376
1206,19428.75838572527,14362.59152699198,75085.68244834978,49786.0345034719,79828.89650435343,46941.12305422079,16577.12503541077,22758.5270090835,28622.37092740258,130827.6997140631,79166.77069168676,59568.9813268685,34163.04484336459,33485.67014684572,87162.14975049392,40079.4984413044,38770.16445668522,30701.31843708495,86419.72692062068,24342.81227950377,4684.328935541858,13604.86016496096,41182.53045021056,31874.55392325818,35806.00448943122,1520.523011267289,41580.21906350618,24947.26926082059,17320.83045557451,20842.55528977634,61788.15810326984
1207,20672.21362655901,14846.02522962284,79454.89149045202,53210.86094286426,81134.87535215358,46374.52821118988,17171.18484916744,23353.33382080767,30456.72765517947,145211.8050170056,93936.43795792926,57638.74750081576,34784.90189152226,37001.28228047129,86200.69076489143,40971.63388602551,41439.33937035057,37059.15677085154,89477.84316859482,27611.91901522056,4638.357826519846,13334.23699527183,43348.17966738663,35650.16768390216,38149.87766583692,1669.37990986524,43771.65494463806,25499.72467574224,18179.36879141697,20967.2017915192,61936.91351655039
1208,22240.58230030446,15476.13162893585,80868.60546908008,52543.31866011368,80130.39007743473,46990.27721653871,17516.07544383356,22498.6589416569,33980.14666116446,151963.5744242952,108698.8570963066,56770.92871413643,37929.73170381277,40354.73329618068,91924.49850185799,40973.82645296935,44010.38125251284,46737.381905366,102934.8379950451,28433.56752476961,4954.85614438868,14792.16808795893,49247.18540963037,40082.03944455615,42318.03569275583,1915.785908517924,47211.23887767279,24903.37411491863,18107.82393194945,20428.39634376744,62310.35203880218
1209,23391.69585878246,16259.7404255442,86864.6851347396,52585.72392037602,80692.0271903984,49327.9855898329,18523.81890549893,22799.64100392746,40136.85095166402,157587.0687133081,115240.0464574397,57815.28004251536,44859.81009728584,42527.86430628187,96532.64623475014,47199.89739964194,50058.51584570706,53089.49135499255,129704.4493949448,37077.02766408605,6378.240259621346,18004.16040339135,58184.08600071209,42005.36988715869,44417.29589409441,2162.584293039666,49920.21108698527,25819.96203610656,17463.92017728857,20096.96676076537,62431.44904772154
1210,23813.02492408571,16646.88745586115,87790.68932585343,50422.696010851,80576.62458583992,51659.45735014923,19216.86601273594,23107.55041757778,43001.39496868259,164558.8482625238,113547.4435574458,54154.01038335863,49270.69577443186,44339.36366514052,101058.7891266415,50308.80788125309,54852.84919279466,55083.13273625314,136527.0600945218,41082.15070449439,7283.945348779692,20192.89818052891,63445.75336436959,43123.44961933595,46028.99585526461,2207.993871228107,51715.24827206395,26060.36801341401,16951.18200526573,20266.46679961384,62519.17339613733
1211,24238.87582159843,16952.32344230045,92576.18244140534,50428.06559661729,81264.02393210657,52830.27749205913,19749.60005476949,24391.61795501849,44257.20942072312,166591.1809918874,106881.1912931713,59163.33996552385,52479.81430980005,41787.82853595341,104955.5448531981,56120.95308846498,58112.37504353518,57556.32819293451,142641.763315997,42249.28730509355,7707.422209556799,22343.00656329005,69819.56329747637,41395.47543701001,42848.62172747788,2267.942216597911,51889.48046276392,26550.28034197308,16641.15427256939,20263.35182799256,62711.65353202462
1212,24245.26920809941,16740.42275924812,88087.81185597667,51210.82219119828,80087.60810282931,52823.09391092307,18192.9081998265,22576.90923062268,44642.20835760564,151550.2007871142,115423.8183820265,49018.46244334126,50198.02635276885,37969.77122027022,103079.5763520385,58831.91417440888,58249.46079392895,56626.45232042634,132950.9053099295,40357.40456561098,7707.430181208913,23639.84328162869,66086.07239894498,38724.50316051851,38139.02767940031,2178.204156062454,53153.08799816421,25755.31198604515,16641.15427256939,20506.68149156336,62759.87144209909
1213,23606.52074648708,16552.56568229465,87191.65248134005,48543.36187619243,78683.55465192517,52245.00172149674,18174.34190888373,21919.74309454404,45024.04757615361,136286.2302233528,118738.7080914647,51609.50072008707,49805.28271657252,38449.74461327441,104017.5852224307,60022.54663934977,61297.74111734855,53758.96081800573,126957.7719419612,39047.07280806658,8152.969397559863,24837.23549802004,66736.3006533257,38520.21844196002,38665.05617807293,2040.246987967643,53596.90956460623,25715.0346739234,16951.18200526573,20676.45970477541,62802.73676269037
1214,23190.75566829705,16688.01582625234,90562.15053055176,47937.76048002748,78291.03845846401,52234.39990682979,18535.98105350869,22213.15613514129,45372.96079191469,151341.7608996637,116553.018625589,55302.09142948376,51082.89419918819,39805.59518775125,107757.3089792232,58907.45513976518,61311.45235702123,52656.39006257526,137366.7987228455,41083.16234272921,8185.08269495573,25152.21453163,67706.17567627256,40064.13448784536,39196.86162807841,1999.823206906349,55010.87500931912,25690.80431093487,17046.57515400144,20842.86045934358,62746.47688930319
1215,23188.75275950709,16671.90495567884,95175.28958187392,49175.88175103279,78667.83848977955,52563.26153325041,18535.96692548447,22507.18580945437,45228.7152483668,162132.7762672109,115286.4787769649,60110.72592836052,51082.87680666187,40738.70893920273,109646.5599955824,57974.2877707411,61326.68928482822,51850.68239967632,138436.2996334771,41085.81677740398,8025.004835001885,24739.6353311392,68811.39454740693,41211.91012603718,40784.16180838538,1991.683897755251,55668.81555593105,25913.90164620177,16879.63714301918,21091.70345015089,62745.79423228033
1216,23615.70120132004,16733.16400044271,97160.648329001,51045.18273689978,80018.20597877103,53115.88872826733,18874.96368957097,24113.3120849097,45222.58830487376,165288.6508289297,108317.3168512659,64459.12280892811,51323.6043279031,42633.98910735364,109649.3265818586,56592.6950436051,61197.20926170104,52876.29473849414,138555.0851587636,42033.79975633664,7602.295570686744,24506.60786059703,68793.51325351303,43877.46616970281,43380.62398499678,1998.791901974113,56938.4334594242,26440.95575161222,16700.77499018185,21709.65423639856,62763.42942345366
1217,24027.81487335265,16800.704511462,97891.51036795457,56010.72791289831,82458.56302668332,53417.15831798971,19390.22073666512,26316.0812304502,44833.31110310234,169344.2003295848,97784.71184061246,66429.97799575112,52945.4912599961,45278.00193531289,108707.3780636803,54664.69651368795,60076.35202721761,58176.37632321763,138436.2905607817,43124.27247578839,7601.569750709094,24326.62069752485,68811.39568373082,45709.51235560286,43911.08779689314,2085.135507130005,54833.20643498246,27449.80874130447,16760.39570779428,21753.57275426334,62988.38413137738
1218,24238.88132294903,16687.89717146599,98367.45797569962,60553.26036218429,84432.33441848293,53115.19038231302,19305.57226936256,26608.70788778054,42728.16168336161,170476.1568924677,96885.07268600649,65880.47598964696,50621.30811610643,46623.32041860981,104957.6132635666,54666.34080118723,53392.62406083562,59612.29980350757,125938.5450501109,43103.61162081354,7390.42487556192,23364.70106152158,65722.03274399412,44930.33366844773,41836.07385058784,2196.526136184323,53690.19092832841,26705.35694415545,17010.80272287817,21955.62726914635,62975.92935213361
1219,24238.89919668548,16475.81111263102,96489.388605576,60039.17543393245,85363.54682989817,52242.38633820333,18366.47952602284,25730.79588749067,42118.53878261215,158582.2859051132,101694.2587714072,67153.63868213992,50148.32293385891,45305.89648955781,104017.9403897416,53451.03953791405,48598.33133605473,60276.31423813439,126038.0131067786,40677.90430072143,6533.479657607595,22154.07295219202,62445.28920179265,45649.5770488776,40767.91424167083,2268.379928694692,53883.09475743699,26546.09867899519,16939.25786063162,21507.2785574595,63054.95899221425
1220,24216.83139656575,16470.44396681727,93115.26162179808,59358.54375375091,83960.42563535502,51029.36443715045,18877.24366268577,24803.90489846421,40853.91169773877,161742.0172183237,101694.2557625821,72535.26330442024,51346.48178307113,41179.06708952261,105893.9739880598,57034.44493476846,54917.31885989585,58671.54207409103,128033.9431934393,43172.83065007214,7706.628971485722,21290.68025913845,62460.32738652588,45650.10844146935,41821.02497632476,2430.086944980323,54950.34830944197,25956.53729754093,16939.25786063162,21708.20748660444,63054.42386664489
1221,24026.35389629498,16433.25880698733,91057.50540414154,58483.56075685099,83712.32618855749,52231.99884112582,18839.15482523473,23400.04090903278,39994.45840426391,153670.5375732483,99040.20157245085,68296.25913248802,52669.09527997348,39216.67350686534,105812.2885833875,58831.91318441288,63113.63361362353,55223.76418369472,128034.0422077577,44348.26612940979,8125.449111569516,23090.09685838852,63536.90400682209,42717.54530436231,39884.45707343059,2438.465871179304,53682.88186939072,25734.97899783936,16545.76112383368,21339.82998132643,62996.82939115598
1222,22962.17041001506,16018.62455461442,88633.32205420491,56107.25272258412,82517.21922304056,54004.95093458687,17420.18438931664,21152.99223199774,39026.69024856893,151882.4073360786,94076.17273815734,64801.99844724087,53175.89451950216,35168.66112778155,103087.4235793471,57920.48750589422,59208.54648453714,49433.79319640531,123856.4183434991,44348.26250701204,8446.872862698547,23268.48523248997,59267.76307558324,37495.73270472067,36055.70664797301,2278.851562194003,50793.03138312758,25737.77927712552,16259.5816776265,21171.53313095414,63074.30375037109
1223,21290.87652180888,15402.65888539923,81701.08950400933,52178.99389800417,80168.45080426797,52062.16045751333,16008.5466895893,19912.96160024097,36451.54798833163,158400.1420505623,92294.45679021427,61892.95687807979,49933.13546169668,31160.06064118969,96555.34193683996,54191.95737047018,55713.85784714619,43174.04298903744,119672.0996330506,40678.36478324002,8352.67067111039,21553.63273006394,52891.12652074434,34064.83601532561,34047.20318335864,2028.105741467806,47713.7271052053,24541.6072052109,15808.60313020928,21011.13162171881,63240.97327331179
1224,19915.49545510641,14550.10695117579,75642.3274258815,50144.11561849905,77040.8662081222,48613.17277494046,14878.93454866025,18013.37603028691,30813.46616893233,130644.1516124471,85385.11914706894,55560.26277261313,42937.18571902155,28965.73598500322,92371.17303517122,47489.06273389402,48863.68161262507,36293.6359344893,114736.3140583127,35555.28201929897,7693.765815703528,19856.53146620197,50353.11445723423,27059.44736703069,31285.58921200502,1767.016421794791,42030.14121698246,23725.85700907997,16427.18300778858,20994.7055225713,62695.77509863734
1225,19198.71393210563,14158.77124775234,73270.57588949907,49897.7982841116,76907.54498199846,47045.68257048333,14375.94435509503,17253.18745027847,30828.85339855855,130201.8791327557,78441.41203403765,51727.18329790981,40148.93674372564,27793.16323381129,89997.81971632036,46372.18546461213,46301.93895326965,33709.76830290187,110328.4609208813,30371.74271236446,6832.159017095328,18263.36706797469,46289.28952356259,25085.2629449686,29934.29747468259,1684.126022266181,40656.41413969327,23445.1312327923,16079.34587241995,20917.34304144591,62033.53740049111
1226,18685.85801137259,13968.69176108262,71847.89362620199,49401.10404509733,76934.52279859249,46248.46020756688,14281.76742689912,16644.93694593318,29618.84761686713,127039.4273762101,75151.56835320666,50322.09909303585,37821.65794021872,26430.65717209829,87502.67223301945,43773.43665051752,45942.44583467503,31323.49016612315,105064.4994658036,27826.43026228497,6212.402880263188,16920.60692970678,43330.70911025489,24700.05704101033,29662.33473498747,1639.138558089014,39029.18228517222,23445.76482262451,16556.01157555401,20658.86788929898,61412.57857614491
1227,18379.34984494671,13824.99192882132,70453.09012296019,48836.40421323547,76716.38435747566,45961.58133549044,13929.64172742671,16341.99024134144,28818.25103202115,123650.0875368457,72249.46026215704,47983.92955457632,34572.74803144664,25947.40947310453,83955.36542607353,40785.76962436689,45617.83407893947,30172.95838463688,101565.1120352526,25255.55265265384,5053.72449600143,16007.34548294266,41372.2027235725,23904.39254199306,29126.44508472863,1563.457872642113,38547.83418461104,23496.6340645519,16620.42585943672,20714.39535298707,60968.61865213306
1228,18379.35309921993,13757.94576086381,68010.60466186452,48215.21403131633,76539.9895977679,45961.58134928041,14023.94899768953,16042.87689771074,28143.72936241877,121622.4301539622,72799.36841197338,47609.91990716821,33609.15758256488,25947.66968945343,82387.57018107464,40358.62531930687,42149.6532783724,29547.70969271354,93059.05746163931,23106.26126548579,4756.57023903799,15124.24836358199,39891.55095271004,24305.29330920409,29120.95602249387,1518.641147778716,38538.17185104615,23389.86231176248,16337.00301095326,20644.25589799631,60804.40159719518
1229,18576.90233368631,13785.78199077694,69017.07323551486,48215.2631131329,77040.3613700449,46261.62775902863,15048.77375020563,17751.3928144722,28431.18688174284,124124.9242967544,77589.46791881183,51362.27279739707,33178.67020235339,30103.34227343171,84862.5822738916,39501.77931241245,40927.43498870337,28752.82002040837,91590.24165332019,22661.92044738426,4651.501696775226,14186.03488195989,39892.79145661518,26345.98799886966,31438.30345462111,1516.427447365324,39746.9883688293,23666.70967950608,16594.66014648412,20999.30057173468,60835.70588760082
1230,19423.87223163479,14096.5699075369,75445.35922767753,49487.85714251228,78908.7324035421,47119.68565333182,16417.76272393456,22681.33792626138,28980.03338875584,133202.7483467008,82463.35935478486,60744.80667849168,34881.56167623007,34350.08668425483,87697.68682059013,39503.03540760731,39268.4424084799,30892.08865322015,90469.91698741147,24376.29718589085,4802.773661155358,13790.39409060186,42327.48082281132,32022.89744717549,36464.52844158667,1516.449458490509,41284.35182488141,24638.36523338169,17251.68584629127,20957.95684473195,60806.06499283269
1231,20636.38097214206,14597.64802054044,79641.84745046674,53037.45740521067,80102.28656643297,46550.81528038305,17012.09465733697,23298.10817685279,30784.90603412359,147724.1165864638,98435.15041644422,58751.60120880052,35502.13003164889,37941.82844286888,86733.369091654,40357.88290786067,41829.18028771596,36971.7745680543,93711.88493729198,27815.54093066415,4757.216223130104,13533.6659275743,44362.17165947204,35874.74644022017,38876.97175094223,1659.938713117415,43420.68203437379,25232.83052413152,18179.25153660435,21080.18848572938,61079.81311435858
1232,22165.71686040379,15250.75210459789,80999.67537871131,52345.59511550169,79184.27201878332,47169.03722614218,17357.14323526381,22411.87414422631,34251.69222994605,154540.3159793562,114399.1034150136,57855.47083901659,38640.44272017913,41367.89752864379,92474.19564840951,40359.98383365864,44295.77185616232,46226.5819321232,107977.9044053089,28679.95121925918,5070.866531076868,14916.74030245625,49904.46024155548,40396.10425402015,43167.06945998179,1897.459536238737,46773.77446454411,24591.13220793507,18101.95439774655,20551.82167931139,61767.03579565384
1233,23288.1820727706,16062.96113140067,86758.72180047269,52389.54529097212,79697.5608177107,49516.13418708111,18365.34831171516,22723.97006900571,40309.4382459065,160217.4734837756,121472.6892912202,58933.89292027358,45556.15970739034,43588.08709997455,97096.04496588159,46325.82816442201,50098.19689478322,52300.78959878795,136356.8851738518,37773.25058833697,6481.442325208875,17963.8145339308,58300.93996532785,42358.26958614539,45327.74362882988,2135.358596152623,49414.62707504367,25577.41940930869,17406.28012700929,20226.81310515173,61989.88535778433
1234,23699.02530824354,16464.23829174437,87648.11977727283,50147.71360351406,79592.09260181172,51856.96948786853,19058.71288148531,23043.24913991291,43127.93971810077,167255.7825053248,119642.3230831168,55153.17857771693,49957.90457579109,45438.81398496953,101635.6456141751,49304.79774739511,54697.75721011411,54207.21011289684,143589.6662158387,41986.81578438164,7378.997427669822,20040.17270207692,63244.43048331262,43498.92500366252,46986.59395706141,2179.130746375772,51164.52639843391,25836.10636455975,16852.31728501744,20393.02930542923,62151.32066330564
1235,24114.2778387977,16780.82211057103,92244.43579377315,50153.2788148858,80220.31744074154,53032.49181917221,19591.69095180595,24374.73129720009,44363.56914493113,169307.5091388037,112433.4952598484,60325.93173740827,53160.37275997825,42832.0260562281,105543.9877158372,54874.0168955562,57824.86262070653,56572.20443852476,150071.9809022689,43214.69470587751,7798.663632171158,22079.88488211888,69232.81150210976,41736.06046397401,43713.17781703275,2236.917409098491,51334.37736038227,26363.27266064922,16517.36300762635,20389.97468225401,62505.533491385
1236,24120.51210985088,16561.18745574618,87933.49664671818,50964.55292261743,79145.17291394481,53025.27938769628,18034.28602651838,22493.01385107396,44742.37989594414,154122.9976491791,121671.4186687742,49850.08933239146,50883.31341956491,38931.28974736267,103662.4413246928,57471.66988795294,57956.37916986175,55683.01019547407,139798.5156331427,41224.35104211106,7798.671532090358,23310.13618997352,65725.08750888436,39011.15730229586,38865.8043475822,2150.415221163787,52566.21032162032,25507.85323298258,16517.36300762635,20628.59015614004,62594.26681554246
1237,23497.66050469687,16366.47395289781,87072.763679912,48199.91126779463,77861.986862294,52444.86549328351,18015.71123095637,21811.58163738677,45118.08171557929,138713.3678745737,125256.1118698595,52525.65723286183,50491.38367761271,39421.65683370535,104603.2392132802,58612.53834284683,60880.82104541924,52940.97008954933,133445.07949049,39845.82453165008,8240.201564072251,24446.04892239331,66335.99598862964,38802.74777278409,39407.22183762712,2017.432662701186,52998.87158640001,25464.51314903302,16852.31728501744,20795.07914152154,62673.15000191994
1238,23092.24278257194,16506.86776940464,90310.02132360797,47572.24650493473,77503.26027380701,52434.22110013779,18377.51603081276,22115.82905185632,45461.38676044793,153912.5686862526,122892.5260933249,56338.71443865711,51766.34752819529,40806.86798376676,108354.0824359254,57544.05352183235,60893.97525671559,51886.63628299481,144479.8893135072,41987.88007219862,8272.025889980909,24744.85552045287,67247.22196476867,40377.83776972141,39954.58528401974,1978.466526308996,54377.28156897199,25438.44025809939,16955.38013983027,20958.25610204335,62569.61740221556
1239,23090.28972118742,16490.16888270749,94740.79666816503,48855.47520764022,77847.6236198992,52764.40348420208,18377.50189631695,22420.71586944626,45319.45971222247,164806.5592774534,121522.9008019195,61304.22507034412,51766.33017171203,41760.18805982664,110248.9508356876,56649.88907914783,60908.59317403481,51116.17794913236,145613.6878330804,41990.67265396153,8113.388490553106,24353.45998559505,68285.60744833009,41548.78869756638,41588.32201451661,1970.620713220927,55018.67759514776,25678.50238563551,16775.02014315721,21202.27808975889,62568.36113816763
1240,23506.61248090092,16553.66376605476,96647.67146404834,50792.87886529037,79081.74524494173,53319.25011296647,18716.65394389043,24086.14889050154,45313.43124865112,167992.5493452431,113986.5090778795,65794.48336431442,52006.5588261966,43696.51000476212,110251.725647962,55326.04179099367,60784.37336433686,52096.92023338876,145739.6146568706,42987.99234830635,7694.482975297447,24132.39718998897,68268.80744926046,44268.16626465799,44260.74382855286,1977.472409291825,56256.36978824255,26245.63479768392,16581.77729150906,21808.25689865097,62600.81441398453
1241,23908.46967126273,16623.66937722474,97349.64152531087,55939.32957544443,81312.0250985414,53621.72964657233,19232.14701362382,26370.25601757334,44930.41099838931,172086.7996634436,102596.6406717282,67829.63541963727,53625.08467406814,46397.77821170134,109306.9763976806,53478.62643097866,59709.05171236759,57165.12575647976,145613.678214941,44135.21750258016,7693.763686610413,23961.65137470212,68285.60851593962,46137.20417577281,44806.72638714292,2060.702542811408,54204.08063441545,27331.20309811641,16646.19157539178,21851.32455344852,63014.78878550127
1242,24114.28320323339,16506.74478394434,97806.77427206676,60647.35629173023,83115.8851420985,53318.54896234996,19147.45977158783,26673.68801131294,42859.09818089473,173229.5581273763,101623.7786329811,67262.20654682914,51305.71800359484,47772.22920101159,105546.0622762904,53480.20199337412,53296.85471081511,58538.22826390486,132364.5774267689,44113.48137648262,7484.518798494645,23049.12100483408,65383.0615961765,45342.2927171896,42671.00779879333,2168.076527396404,53089.80730440037,26530.14161498447,16916.73156890016,22049.46452994011,62991.86879659593
1243,24114.30063213712,16286.9179874735,96002.94755712595,60114.54213934481,83966.9344925935,52442.23960621824,18207.93686014261,25763.35881913974,42259.27390413807,161222.1877163522,106824.3910738732,68576.90469802318,50833.71300251885,46426.27681493491,104603.5954366239,52315.69580419522,48697.33336748223,59173.19238119091,132470.0254299205,41561.53082799484,6635.284801566158,21900.6519695524,62304.46511502595,46076.05868645819,41571.59912438402,2237.339337696357,53277.86038922915,26358.77301519218,16839.43442703992,21609.8019802312,63137.30360827664
1244,24092.78204453523,16281.35495104898,92762.20443561886,59409.11357718919,82684.60044437477,51224.34602717376,18718.9349613874,24802.24207282063,41014.9734921646,164412.0713393852,106824.3878201558,74134.0985924486,52029.38887173826,42210.08204617463,106485.2071184829,55749.32817921266,54759.60775342718,57638.6282400369,134585.9493669005,44186.3028328138,7797.877532052374,21081.58972771365,62318.59392981006,46076.60080865327,42655.51866892283,2393.215346489447,54318.27686865574,25724.38014189437,16839.43442703992,21806.83817771634,63136.31883995017
1245,23907.04505428102,16242.81260363317,90785.79414040157,58502.25306013368,82457.85854267028,52431.81039139364,18680.82867666805,23346.53993980703,40169.33441015032,156263.5681341206,103954.3164619482,69756.8018175718,53349.26147760328,40205.19336398729,106403.2788354251,57471.66893933501,62622.94168203446,54341.68900105169,134586.0543338869,45422.91253892367,8212.928919358768,22788.61621246547,63330.06918023693,43084.82487954469,40662.29637025986,2401.292136253237,53082.68203847492,25485.97408143642,16414.3001528135,21445.59749829835,63030.3302300055
1246,22869.34644137981,15813.04498992523,88457.44207945377,56039.37099239823,81365.6318988808,54211.88292652726,17261.20825614673,21016.51824484921,39217.12143825545,154458.3743394614,98586.25840510905,66148.54492332577,53855.01046209024,36069.52237733968,103670.3118844668,56598.33746533236,58876.50135623473,48805.02650496904,130157.2747923786,45422.90872800228,8531.460339057516,22957.84532777419,59319.08630068633,37757.57615154792,36721.53564989876,2247.43337364427,50265.49950173037,25488.98729987008,16105.111588375,21280.56117631524,63172.90292590843
1247,21239.64689059607,15174.59774571026,81799.25017922476,51967.9972155273,79219.05630264136,52261.28991134513,15848.92393070615,19730.69907059889,36683.37009477191,161038.3057209941,96659.52611393428,63144.59924122773,50618.97146971469,31974.11673700124,97118.80814998382,53025.64602621739,55523.78680609899,42819.13740741333,125721.3979154466,41562.01527581186,8438.105825833436,21331.04104003775,53328.04958802553,34257.4045778452,34654.27331087721,2005.729218474472,47263.62716324021,24201.85577882526,15617.87390755442,21123.2672337003,63479.61760481956
1248,19729.70668033907,14381.55144099698,75177.47798867771,50487.83117356215,75682.28899830657,48832.10937477966,14719.79273504553,18157.52633879553,30983.73049010753,132834.2496968984,88034.42591516345,55623.21662625081,43264.75635058171,28966.27082173762,93870.29347794486,46838.60086542209,48094.45438992284,35885.78296158643,117774.3664105117,36568.45864149398,7833.740828409304,19981.00763607732,50212.13386994496,27134.44307927772,31266.70984476451,1765.223244878231,41543.46512371852,23628.22309200653,16565.8912249497,20937.91946482507,62759.19251099339
1249,19010.20683032466,13988.09970539557,73064.40994780988,50248.47695731898,75539.40613251217,47299.90573606128,14230.80839010988,17433.19979916935,30997.92400198461,132415.2222134247,80997.27859577563,52121.91192672996,40406.730367385,27814.9197116797,91468.68919955679,45769.485990518,45600.00829936953,33337.38278482245,113535.3578176666,31272.71951514665,6964.889415568708,18400.61017145075,46286.96769660576,25148.78674554117,29915.59699395856,1683.006017932663,40170.34269347273,23334.13448957457,16264.46965415971,20866.27007409807,62506.96114412403
1250,18495.40595138797,13796.99242006949,71796.89757277093,49765.82371414612,75568.31876600577,46520.6300494542,14139.2538347109,16853.64362768172,29881.78861887725,129418.9828768128,77663.16408562937,50838.44573141226,38021.21051263103,26477.0727721024,88943.84099279813,43281.87066365741,45249.95900734392,30983.85989098946,108473.0344723201,28672.31274044882,6339.922207820277,17068.61033484784,43429.3348140477,24761.34242451441,29643.67025719733,1638.383907615979,38543.8270663204,23334.79823891293,16677.5288429899,20626.88288149523,62270.45196702213
1251,18187.73538135377,13652.51557342805,70554.22326191721,49217.08732089108,75334.53569550104,46240.2092529369,13796.93313602873,16564.98849131326,29143.30109306359,126207.7802613642,74722.0028527229,48702.65803191016,34690.99537811271,26002.57106284489,85354.30919546673,40421.96891189944,44933.87475036941,29849.12088212202,105107.6924508655,26045.78743790884,5171.501354108459,16162.66737214215,41537.65317304518,23961.0543489187,29107.85154900826,1563.317842955056,38062.69083150074,23388.08890734753,16733.34765200999,20678.30973446056,62101.35766933688
1252,18187.73864796854,13585.10687312921,68378.13614277595,48613.45749718826,75145.49011355637,46240.20926641639,13888.61440409736,16279.98587637573,28521.10778332293,124286.692675066,75279.31101670467,48361.0210413969,33703.29070594579,26002.82656970518,83767.85186603322,40013.09110336105,41556.8025031971,29232.45466534682,96927.46563646551,23849.97376331774,4871.848546805478,15286.64701290642,40107.52162448132,24364.2847354603,29102.36321342583,1518.865085337702,38053.03275081945,23276.23471293658,16487.74489284191,20613.34996141671,62038.81110585046
1253,18386.03706946518,13613.09361923008,69274.83065081957,48613.50519151623,75681.74795384308,46533.50117949718,14884.90273475228,17907.90223085498,28786.26478778727,126657.6605087272,80133.87002321689,51788.58650032488,33262.03021271738,30083.28830458422,86272.32500282253,39192.88745460932,40366.69169197507,28448.47604482984,95514.91339421921,23396.0150072405,4765.896560890826,14355.95197020781,40108.71980207166,26416.83782547227,31419.4038707848,1516.669362910106,39261.3172070704,23566.26029072053,16711.02012892232,20942.17517725993,62050.73420231564
1254,19236.21902168603,13925.5620298132,75001.99282578957,49850.12439761234,77684.11633429368,47372.24289803809,16215.77197456405,22605.27624735183,29292.53262190941,135258.3714770426,85073.34853164597,60359.0088430115,35007.53720367295,34253.17361580531,89141.17691583069,39194.08983386272,38751.28058076037,30558.38001024851,94437.50320438476,25147.50012847094,4918.440459322413,13963.48167382108,42460.33693587065,32126.73558178388,36444.96347672719,1516.691195277726,40798.00399139946,24584.16761531084,17280.37198456987,20903.88461564613,62039.44465564148
1255,20453.32608840257,14429.34957464601,78740.77617279178,53299.38139354313,78963.27078128514,46816.17865411952,16793.55463284843,23192.95024444121,30957.38600689207,149016.5243567971,101260.0690867862,58538.32661500206,35643.63552195472,37779.91074714141,88165.3805330738,40012.38044056739,41244.74828660688,36554.61312630573,97555.28629941748,28661.1877048101,4872.499962499983,13708.8108197658,44425.6035936664,36000.96752494096,38857.08742234525,1659.015139654889,42933.39389348557,25206.9300451198,18084.16283654077,21017.08965350983,62143.70912603282
1256,21988.46184025527,15085.98512604805,79950.50778091264,52627.07728423894,77979.41732281729,47420.48349260219,17128.99527365419,22348.52447032056,34155.2242299598,155474.477337393,117438.846103444,57719.76141284147,38860.48569806331,41143.97360894013,93974.54240993444,40014.39152189517,43646.54289014875,45682.38439221228,111274.8402920566,29544.30850615247,5188.787523876756,15080.80183204653,49778.78785242407,40548.59877951433,43146.61720026141,1894.606999869339,46285.01045741007,24534.6862508778,18017.18026727774,20527.74185584982,62405.45670810487
1257,23115.18389715656,15902.58593315842,85081.4233734704,52669.78503694193,78529.51858353303,49714.74376532969,18109.12670598878,22645.89721067979,39743.01957159868,160853.2542941244,124607.6199409505,58704.83994463064,45949.27117490074,43323.98139514549,98651.40742061097,45725.11112449037,49296.53915361351,51673.21445726461,138566.7530630281,38834.43604352688,6611.223806447972,18103.45812245179,57888.77751113306,42522.16618083299,45307.0053350396,2130.574025125706,48924.70069457544,25567.92170393878,17414.33712569776,20226.73462365094,62490.33506797434
1258,23527.58521724738,16306.03288117069,85873.81600463757,50491.32744752708,78416.48631270867,52002.88333730819,18783.1844198131,22950.11423088639,42342.86600874453,167521.6432458124,122752.6228269912,55251.3678779801,50461.17140933259,45141.21316288603,103245.0447237982,48576.68737251538,53775.26975715045,53553.4664933013,145522.479588212,43139.20557431028,7516.325785837185,20163.17725014888,62663.5948509848,43669.44990422392,46965.63606157579,2173.990691341074,50673.82979841496,25838.92241553429,16934.29536760453,20380.67603433988,62551.82212599989
1259,23944.41255425935,16624.32853344826,89968.81850857135,50496.73533653917,79089.76668942922,53151.94289015041,19301.32162390751,24218.78346497452,43482.63719377661,169465.5350488981,115446.7871160873,59976.38990452988,53743.78259716466,42581.60381464643,107199.9093611887,53907.74316231381,56820.22661014014,55885.99772818248,151756.4866661597,44393.66243514346,7939.520653021898,22186.54405491385,68447.65075686078,41896.34142477608,43692.65326247115,2231.308054877979,50843.60600033015,26391.18235160554,16644.03755965927,20377.84698999924,62686.73378391244
1260,23950.67046820352,16403.50626912869,86128.067233393,51285.07562406872,77937.514076712,53144.89282137167,17787.28290718152,22425.83639611478,43832.06038588404,155079.0924610298,124809.0235836696,50407.29109345844,51409.73896697153,38751.4644269709,105295.9661821148,56394.30952944571,56948.28824064202,55009.00900845623,141876.5505166774,42360.23697216214,7939.528619365678,23406.93665843323,65059.61121570377,39155.60395296815,38845.9214973469,2145.508371716109,52074.89676933044,25495.04410843319,16644.03755965927,20598.84110850821,62720.53030093605
1261,23325.45675648086,16207.73991055084,85361.21316121079,48598.58732583713,76562.29944857076,52577.54491804621,17769.22533000328,21776.55087629764,44178.61583275676,140479.3633749709,128441.95535055,52851.27341253868,51008.00103179731,39232.95667435815,106247.9627585975,57486.38962542621,59795.90549715846,52304.60751156552,135766.4852393008,40951.87169394592,8384.771150783377,24533.74667524679,65649.67533973472,38945.98336349261,39387.26731353627,2013.605796133172,52507.36759791733,25449.64099338423,16934.29536760453,20753.03515957548,62750.57512317848
1262,22918.50152549097,16348.89286513455,88245.38781526512,47988.66595042343,76177.84541608194,52567.14014622475,18120.955612851,22066.44536130884,44495.28779711844,154879.7232422023,126046.5632292049,56334.28888412005,52314.87134534771,40593.09777747223,110043.4537457676,56463.59773309036,59808.71414943373,51264.74601628409,146378.6023406966,43140.2928990705,8416.863063907911,24830.15876587127,66529.81004932165,40530.22614936002,39934.55829893662,1974.956112971218,53885.17087226146,25422.32700691164,17023.60546255705,20904.16177330345,62711.14189669184
1263,22916.54105730346,16332.10368414206,92192.9049279254,49235.61919941301,76546.90609152516,52889.88962744347,18120.94187193267,22356.94908547698,44364.37123230416,165201.1465096004,124658.5071388362,60870.00639923699,52314.85355451171,41529.16432574936,111960.8775105761,55607.67154265139,59822.94805640946,50504.86337748256,147468.9702629424,43143.14592740295,8256.891799933612,24441.8997063268,67532.76555096998,41707.98142915372,41568.07875232294,1967.174017591022,54526.28458747653,25673.81633046984,16867.31279573969,21130.16314359912,62710.6634141185
1264,23334.44268221899,16395.9418973085,93891.79965922722,51118.25460214195,77869.53745077406,53432.24582278432,18450.65017228903,23943.81498802284,44358.81044771989,168219.6870288062,117020.6995592,64971.60736276983,52561.09402389185,43430.44202341434,111963.685352534,54340.4375619858,59701.99148118957,51472.1435043765,147590.073410319,44162.05301271298,7834.464018067752,24222.60841279304,67516.53877222433,44443.16119735211,44240.14678618302,1973.970069413989,55763.43200938814,26267.94480936754,16699.85636867938,21691.39142659876,62723.02413314973
1265,23737.82387846141,16466.32604313448,94517.20686539782,56119.22085255496,80259.77032119311,53727.91608643952,18951.78924865104,26120.16892834259,44005.50432287946,172098.7513756177,105477.5597611366,66830.60546144417,54220.12410645505,46082.82171197703,111007.6903797424,52572.02549394523,58654.91835655455,56470.78031263528,147468.9610132297,45334.11032268465,7833.738681414223,24053.23088096071,67532.76658215244,46323.06001770774,44786.05706658534,2056.524271290263,53712.04617223118,27405.18724054159,16755.67517769948,21731.27860681064,62880.69761182491
1266,23944.41793903919,16348.76921466669,94924.48080737116,60694.15686966945,82193.00106028041,53431.56045612443,18869.4601374653,26409.28646025138,42094.88078696715,173181.4486388391,104491.6060945057,66312.29077683654,51842.71438892106,47432.39739557864,107202.0086159522,52573.53367863101,52411.16874182758,57825.03493073559,134727.372231246,45311.90370928514,7622.734407814315,23148.01313661559,64729.25531581194,45523.52935843589,42650.62120863939,2163.026246294343,52598.26329049053,26565.99443412496,16990.11417662463,21914.78627600334,62871.96790624279
1267,23944.4354340404,16127.75376975199,93317.39485248293,60176.40478305865,83105.08665734957,52574.97814365443,17956.09840341494,25541.90222030371,41541.58996053901,161805.1626669456,109762.2022331183,67513.19434421779,51358.89728032484,46110.80453729402,106248.3232222081,51458.82669782771,47932.47608650049,58451.28321410314,134828.7810072465,42704.71515183544,6766.359830390506,22008.74743774553,61755.70134476136,46261.55921424674,41551.35807599765,2231.726556893691,52786.23360360755,26386.46851854964,16923.13160475977,21507.59207341477,62927.3607379153
1268,23922.83523920379,16122.16065285186,90430.11487662033,59490.91790479956,81730.78513731262,51384.50118368513,18452.86767446064,24626.12633870552,40393.82047213426,164827.392103573,109762.1989356161,72589.38157881901,52584.49540014395,41970.91596978471,108152.3324691778,54745.62243451903,53835.49549661043,56937.78326512546,136863.6536472845,45386.30141569682,7938.727943168705,21196.24880809148,61769.34808072193,46262.10448669358,42635.13412924875,2386.336659670281,53826.19214291,25721.87791355384,16923.13160475977,21690.07747584256,62926.98566192407
1269,23736.39385875279,16083.40989908153,88669.26878190869,58609.69332983597,81487.78157626586,52564.78370616584,18415.82246580689,23239.09722979614,39613.78477721784,157107.1586525526,106853.5055480512,68590.96467402461,53937.39832792911,40002.31248020814,108069.4289614909,56394.30862139467,61492.26090405579,53686.09945721765,136863.7545934692,46649.67804253289,8357.269190574283,22889.5959175009,62746.31153336717,43252.94345980733,40642.17569706533,2394.347855909864,52591.14116075644,25472.12348751377,16554.72746470675,21355.51381902085,62886.61699666426
1270,22694.75987073252,15651.31844399726,86594.86669872017,56216.43420948893,80317.2217374549,54304.78412706736,17035.7316205649,21018.99475003513,38735.44303185846,155396.8423934761,101413.2105082287,65295.02288511094,54455.80387615877,35941.49034659583,105303.9304282624,55558.32449381148,57844.23896475063,48225.43594984162,132604.6211906696,46649.67414912254,8678.47890536117,23057.46890353581,58872.18442956243,37894.73828914353,36701.93666194649,2241.738616782963,49775.19860910052,25475.28013814165,16286.7971798492,21202.66515457911,62940.9197131458
1271,21058.87983653677,15009.41898496809,80662.87411917812,52260.15365855006,78016.6962941164,52398.10189899192,15662.77259557182,19793.8343391021,36398.25624378816,161630.9451578105,99460.55053030822,62551.085744426,51138.78175769268,31920.20482265035,98674.44156386117,52138.41644656825,54579.59968812968,42321.71214920378,128338.6623186658,42705.21008572277,8584.339443090425,21443.70112499199,53085.56344278593,34374.22734962966,34634.94799096287,2001.997398351228,46774.6475470592,24126.87987659149,15864.57674342175,21056.98710768267,63057.74039991305
1272,19734.9464749639,14271.04645362292,73564.6929924394,50877.01224696647,75562.92330041384,48647.45739096894,14694.11463686011,18085.81323890543,30151.09325327959,132567.655053059,89812.0569473209,55171.2445007262,43778.23272845245,29407.12211915906,94101.03880223719,46721.44877720519,47396.76470263433,35615.84048901594,117592.2586516975,36756.28614076932,7720.737505525096,20503.38836828938,50166.48855553914,27563.55512918516,31269.95401671905,1801.506389460108,41304.79991396202,23525.44023448768,16768.6855422874,20960.63042016445,63910.40186655672
1273,19015.39787596304,13856.89877243436,71415.10490569059,50649.85949729187,75406.52018800101,47193.62703011345,14216.31224181925,17371.0409763946,30163.12666638707,132203.3298827205,82914.37938967772,52011.15961348453,40855.40995502266,28251.36372033454,91748.5670523622,45650.01553838632,45107.51533990001,33175.99011869051,113403.4377700943,31649.51794908766,6889.704789865895,18853.01357833787,46243.40749254209,25584.48925893008,29909.00750212334,1711.697490835675,39976.67486617793,23211.63808617716,16512.60821364596,20887.3840419403,62880.80617033614
1274,18500.56211721214,13655.73905724074,70125.68617969834,50191.81028033274,75438.16867042266,46454.21183487638,14126.85132901172,16799.12947890881,29216.85499908485,129598.2372581577,79646.3439503899,50852.77367590408,38415.80590700594,26908.39559944535,89275.3727244823,43157.00584489289,44786.26160676467,30922.7161798308,108401.0497649821,29141.90299947824,6291.940674877437,17462.035043031,43387.2926297607,25198.33087928478,29635.10162934604,1662.955119793504,38403.46034615383,23212.34632840956,16863.52899668485,20642.66116748892,61915.38765842296
1275,18192.87070126886,13503.66258735166,68861.53479287258,49671.04660827047,75182.26394977562,46188.13475641887,13792.35871918405,16514.28186720323,28590.75727571723,126806.2439259625,76763.4738172415,48925.12926595692,35010.08857174794,26432.07753196773,85759.27632821519,40290.90242746069,44496.17889598196,29836.3116911435,105075.551685785,26609.10152462353,5174.377946955503,16515.97845900788,41496.61587996023,24400.69898806866,29095.38312771973,1580.957698550738,37938.09100196057,23269.20921293278,16910.95072388358,20695.23426943653,61225.15327832557
1276,18192.87396810495,13432.70812357728,66647.83847237319,49098.18778676407,74975.3299885924,46188.1347692089,13881.9434470332,16233.03859810321,28063.25504838581,125135.9464163303,77309.73664803329,48616.78652423788,33999.99078880075,26432.33401688982,84205.2750785258,39881.13797186586,41396.90947539801,29245.91254147909,96992.17460694489,24491.64234456839,4887.768196971021,15601.16940070019,40067.24403989039,24802.59103872002,29089.85484695662,1532.400317686061,37928.74941771157,23149.85713259563,16702.29512465127,20628.82661324514,60969.84136617791
1277,18391.18582511107,13462.16699985845,67560.03050531508,49098.23304979685,75562.33105978677,46466.42459769861,14855.448949752,17839.48181426647,28288.05802883855,127197.3941588631,82068.08277775264,51710.31843200719,33548.72609554548,30528.41546413087,86658.51117392952,39059.1557204712,40304.69889346119,28495.32770592771,95596.34626664313,24053.8824624139,4786.428007747792,14629.26475646847,40068.44158098985,26848.33163255439,31423.75937974839,1530.001849381629,39097.4382511668,23459.32390084506,16891.98203344616,20964.98098783087,61018.5108435651
1278,19241.4253805524,13791.0715540342,73386.174928539,50271.81360072271,77754.17292380812,47262.26409612901,16155.88426399909,22474.89480819579,28717.27738228516,134675.3177131578,86909.66538327567,59445.50986681978,35333.80699205978,34714.2627946958,89468.67150744442,39060.36070707074,38822.17382671106,30515.35973163351,94531.6920668735,25742.86832291506,4932.332092493868,14219.41653951089,42418.80949857985,32539.27803660686,36485.89599218632,1530.025697679158,40583.76763004162,24545.46427689521,17375.68365396772,20925.83697097431,60972.42748441646
1279,20458.61491113038,14321.35881578755,77189.57547514465,53545.23916747281,79154.36696144768,46734.64292361223,16720.45435872819,23054.81705256797,30128.75811505726,146637.4003668032,102775.5800838856,57802.26230999047,35984.32684798314,38254.50002066506,88512.83817356708,39880.42576800769,41110.52528807362,36256.18164891467,97612.56219174802,29131.17494494692,4888.391258343342,13953.46929100174,44383.03217564918,36400.65126715267,38915.57584802034,1685.491372784699,42649.18055555788,25209.97213862498,18058.55652739769,21041.56522680603,61398.0297848602
1280,21993.85467455723,15012.53403854629,78420.21481220651,52907.20684264934,78077.41667628249,47308.0371508528,17048.22424181539,22221.52973245656,32839.91999819772,152252.2941684936,118633.7086796108,57063.47041766434,39274.10902936317,41631.44027176019,94203.15498751678,39882.44121034328,43314.74480855129,44995.15298725735,111169.683625201,29982.78283387599,5190.911697598699,15386.20974357087,49733.37273827556,40933.18877302366,43236.32566327615,1942.837020123895,45890.96425311174,24492.66604421286,18001.65045608546,20541.31039551068,62466.47019075596
1281,23120.65307137479,15872.08884570576,83639.80775411044,52947.73749889248,78679.57109724687,49484.94442081975,18005.94231740316,22514.97995802098,37577.31341346183,156928.8939340497,125660.404039328,57952.54807533843,46523.61052076817,43819.79297008087,98784.33970416774,45605.54444594696,48499.96424246526,50730.80199797721,138138.4739944635,38941.40535523345,6551.433265829378,18542.70413946125,57839.05424222988,42900.20583445435,45412.43752576523,2200.592474026369,48444.15153280908,25595.16203419668,17489.49579880259,20233.59403736541,62812.93936748268
1282,23533.08233330097,16296.75749724058,84445.89526622157,50880.33029273646,78555.84318304433,51656.04406812229,18664.58587807465,22815.18418350691,39781.49138330491,162726.7521570187,123842.1712552566,54835.63428950671,51137.80396553537,45643.9809695793,103283.9994033801,48463.30430588226,52610.26801645107,52530.96418139636,145011.848246309,43092.56529492018,7417.138661210173,20693.62414459769,62611.33512360381,44043.68168265888,47083.14009138303,2248.018094174421,50135.96147156435,25884.32864857455,17081.66894445146,20390.96663575418,63063.9264318678
1283,23949.93791202865,16631.79581171552,88611.67148706113,50885.46250589866,79292.83250545277,52746.3284285944,19170.87447328249,24067.11895217499,40747.80173949184,164416.8768868052,116681.1304619095,59100.17907477708,54494.83808367149,43074.57362190332,107157.9545831588,53805.92043186287,55404.74233347829,54764.14060679084,151172.0478430367,44302.25864308152,7821.913027151236,22806.58220745924,68392.31844751597,42276.45821285948,43786.33588282558,2310.62795688256,50300.17408750769,26473.60804577632,16835.07596213393,20388.07453507217,63614.62900340286
1284,23956.19624997149,16399.35808060995,84704.54070584002,51633.61587792716,78031.5483485818,52739.63897571907,17691.45834773865,22297.82187018154,41044.04650656399,151908.525160227,125857.8160478251,50463.63723323786,52107.87732242723,39229.77273770385,105292.9626765221,56297.87889096999,55522.26942982541,53924.50746278738,141409.0851253597,42341.39308177671,7821.920646742116,24081.01173026765,65006.07868654028,39544.81734549088,38904.32865523427,2216.905809671311,51491.1153141556,25517.39925847452,16835.07596213393,20613.9943736831,63752.58467841148
1285,23330.94017752453,16193.29422036081,83924.43313431053,49084.07564634076,76526.20446510708,52201.31131079312,17673.81370591369,21657.10079394601,41337.85996816389,139214.7306098507,129418.7464617473,52669.44114178332,51697.03123747854,39713.10810258552,106225.4831055982,57392.32715069612,58135.63758978648,51335.30069147253,135371.3599211612,40983.28331966993,8247.78300311596,25257.714987795,65595.8293591775,39335.8924941531,39449.61449223487,2072.823778703864,51909.41402316401,25468.95265114414,17081.66894445146,20771.62524353125,63875.2261248676
1286,22923.95737369355,16341.87195822338,86858.45483003992,48505.2459951022,76105.37158968423,52191.43875026036,18017.50072430929,21943.17140658406,41606.3378896057,151735.1827722586,127070.8288003342,55813.01917864475,53033.53074336899,41078.45572745691,109943.3251350166,56367.31734532649,58147.39258387897,50339.73238258496,145857.8349397252,43093.61382003959,8278.478044086634,25567.25170419248,66475.49652728855,40914.87712227755,40000.88876855151,2030.605309340302,53242.06652323849,25439.80773507756,17157.5437084115,20926.12030617633,63714.26168661135
1287,22921.99677267648,16324.19964991225,90874.1966772013,49688.63379444571,76509.35451645147,52497.6793718651,18017.48729761423,22229.84322216971,41495.34540792365,160709.1867179161,125710.2826999409,59906.7081324453,53033.5125491815,42018.10547077072,111821.5218387125,55509.53508830366,58160.45558916781,49612.21715378053,146935.2934589275,43096.36504210522,8125.469886462352,25161.80119051812,67477.9192431142,42088.72339071325,41646.29830353655,2022.104640550434,53862.17086710445,25708.15506087367,17024.76287092884,21157.15900280563,63712.30854492122
1288,23339.92671209499,16391.39581544368,92602.45331845332,51475.29882619951,77957.13945561268,53012.29367198781,18339.65592572408,23795.77746510021,41490.630914521,163333.6691974829,118223.8494137558,63608.58738337992,53285.33575018657,43926.66112193394,111824.2722372458,54239.55312460876,58049.44907602272,50538.29571762968,147054.9628064761,44078.9138741753,7721.429216739372,24932.80004959977,67461.70108428995,44814.82500068688,44337.81417156728,2029.528217723856,55058.77682346354,26342.10956135023,16882.49768933267,21730.89645778694,63762.76437551326
1289,23743.33523902343,16465.48223608612,93238.66940508664,56221.33276970357,80573.54736601206,53292.84019677198,18829.33510137511,25943.4240648638,41191.09415501961,166706.3376611144,106909.4839875156,65286.41673591701,54981.97914518376,46589.19392808523,110887.8352118985,52467.30627433726,57088.50969457658,55324.01421622089,146935.2843187266,45209.14798250069,7720.73545198277,24755.92276728506,67477.92027374878,46688.48437048196,44887.69769384476,2119.705206449537,53074.61513985449,27555.58439546901,16929.91941653139,21771.67268014487,64406.37954941901
1290,23949.94329717332,16341.74180362015,93652.98224157712,60563.05405702318,82689.70946091633,53011.64336230748,18748.88866804131,26228.72797285072,39571.24682621158,167647.693253302,105943.0710121245,64818.61443299602,52550.66910635418,47943.93568978254,107160.0108909244,52468.81772950494,51358.37991517712,56620.58398639043,134344.549483968,45187.73378058329,7518.915610391974,23810.62351306423,64675.89827692651,45891.60738169818,42736.71971574271,2236.041227886696,51997.33105327217,26660.13824991075,17129.0906716502,21959.270536991,64370.74533227845
1291,23949.96079335993,16109.10073043142,92018.12110308275,60071.69521668462,83688.10087317851,52198.87582869009,17856.41342095467,25372.78502207387,39102.1608705549,157756.534587116,111109.208802156,65902.48388738409,52055.88295972924,46617.28386963344,106225.836194768,51351.69351880377,47248.11096772676,57220.15705188525,134444.7576315064,42673.57904651431,6699.816648037431,22620.91305695696,61703.92390476794,46627.18769035915,41629.45593085614,2311.085102015027,52179.14155726769,26468.57823187846,17072.18459812756,21543.00041562852,64596.85607258564
1292,23928.35913502391,16103.2134101194,89080.9404164286,59421.15213577991,82183.75650037765,51069.29259016579,18341.82271870954,24469.08874279546,38129.06946613442,160384.2244111196,111109.2055700072,70483.9710590284,53309.26767937177,42461.54810814546,108090.8928176695,54645.61663610729,52665.53949984824,55771.12504950575,136455.5384118004,45259.47671043175,7821.154821763878,21772.43836292292,61717.56339136654,46627.73115302747,42721.11991835688,2479.971399478799,53185.02053373841,25759.43834046442,17072.18459812756,21729.55322048821,64595.32503133934
1293,23741.90512242527,16062.42432885188,87289.66170955074,58584.84940242673,81917.75880314634,52189.20284374335,18305.62464896995,23100.35533306121,37467.74675496939,153671.8356585249,108258.1597994864,66875.22005959044,54692.84344488924,40485.40894680917,108009.6853674857,56297.8779809499,59692.44835788333,52657.94760773548,136455.6381628336,46477.77153540556,8221.478127114427,23540.7640167906,62694.00786557639,43628.55763783738,40713.65634461008,2488.722323557245,51990.44231656159,25492.9422070089,16759.20119817391,21387.53250127535,64430.54217927135
1294,22700.20055954496,15607.60444119528,85179.4078422318,56313.59051924003,80636.43510462156,53840.20103738027,16957.09331445987,20909.53726185862,36723.07910942945,152184.7941469384,102925.6863837666,63900.48443095465,55223.00221571443,36409.04227980785,105300.7639884369,55460.08103092802,56344.51795705332,47429.88256435122,132246.9307388161,46477.76778092604,8528.706472065562,23716.07013456606,58821.93875935298,38288.1365393233,36744.73947854665,2322.021642993385,49266.7785313112,25496.31045637426,16531.57690629379,21231.27700526686,64652.20312444428
1295,21064.20968794786,14931.94044366138,79144.89294112632,52558.98773958111,78118.22315861552,52031.04692650877,15615.53071183499,19700.53741033689,34741.58683509015,157605.060456671,101011.7263235157,61423.95781188993,51830.77700683825,32372.36356575532,98806.9026100413,52032.75695048286,53348.4326089414,41777.62950275556,128031.4786556871,42674.05631938833,8438.664640026891,22030.8474496676,53038.39171715187,34779.3102999204,34662.70685943122,2060.14349917703,46364.55587812859,24057.52331753954,16172.87304454033,21082.35195212039,65129.05926576416
1296,20052.16113792717,14528.59505697745,74904.59109343853,51810.39180538937,76917.73797443086,48452.76136806115,14655.74902733368,17785.02808067796,30181.04344983272,158445.7993721759,124661.2099705127,58913.04747411844,41545.22629361521,28807.41523490758,95344.99160156058,39899.69221091244,45262.38032015668,37289.92731034162,141105.0785311418,33844.9250862919,7086.459653067957,18745.96816353928,48615.20345831857,27980.43844853134,33344.68685306411,1998.953840731168,40639.70157998942,24584.92680479334,17398.79626395208,21043.43936914727,64985.09462952663
1297,19099.71714624274,13940.56661407923,73240.27352857823,50886.03780460222,76181.13293893088,46609.1057848649,14203.89967328588,16897.04100328977,29547.76955357957,157464.5331597429,117143.6362356822,58314.46761942236,37735.72253520861,26905.66419172805,91862.89528718549,39518.12475185982,41688.4069459856,32828.37928018696,132939.0536874283,31168.59075677298,6311.537072633129,17213.14553552627,45430.78341177887,26067.83548616218,31524.88495448852,1826.16856334197,39295.87155188328,23300.99902325265,17227.54345950979,21236.55336186707,64345.72442512176
1298,18721.39417472768,13769.97599466124,70013.460878239,49510.53508479996,76037.16149452505,46201.0811321685,13648.22629763649,16565.79521682589,28059.19297646186,152040.3772770411,111527.6963518154,57143.99757713703,36093.63149597733,26625.03083543692,89527.5706630625,39876.42630257142,39970.57063376883,32192.50057709903,124206.3138147247,27781.05360247119,5717.545043678994,16169.63465419137,43316.50993255284,25460.40618351367,30628.45193511466,1738.968927201094,38096.61911571679,23214.37435298114,16958.3782275059,21168.90248008795,63444.16906754766
1299,18585.65104235374,13625.94174336348,67918.02276773792,49536.57685629039,76001.2650737066,46336.02559275377,13776.6076605423,16245.43596995982,27077.95472062673,148624.3988897469,107052.4928377594,56179.47337975667,34029.9504626554,26357.72924820655,87545.91551948647,39272.73320362548,38315.0729561096,30675.05203695332,115068.3187929187,25804.6313012255,5231.988197391439,15426.03438861632,41157.43147115914,24543.66391901967,29904.06665767989,1654.23980254046,38108.86442423251,23135.68590523543,17010.75799704871,21236.53594566125,63185.37013422483
1300,18200.08506012562,13458.22274019978,66849.84758631137,49280.73424356436,76785.3506975984,46328.97661943026,13896.31114938552,16548.62693379738,27059.62196477116,147211.0465703621,103309.6461157111,56174.99492449738,33465.57192064896,27715.73446273522,84775.49255232973,39080.13914310914,38147.13471446269,30133.19461894301,110528.0791738821,24820.22530886265,4887.094616089158,14898.49562698161,40097.96092668394,24552.55747035312,29396.4071267737,1572.8237931489,37511.39039485985,22834.10297989303,16978.42331084066,21300.93719642777,63182.47847906122
1301,18566.61015949235,13540.33467744963,66774.64398910794,49280.8558102871,77797.0261671215,47045.9015567134,14278.82041304631,17762.69900551704,28345.36687556908,147088.4011443345,100785.279620127,56176.50420798064,33282.84227345426,30621.67214335393,88001.84577503371,38871.4259745123,38968.21186859797,28412.68669577563,104934.2896660052,23997.99627048589,4694.439211433079,14355.39808411933,40070.44399433913,25461.61165925665,30454.03024252721,1558.513580367058,38124.9305656798,23602.19060652419,17437.49583778084,21397.57079781563,63001.99922874487
1302,19347.35298037245,13789.91767848797,69232.0560783528,49370.18670022216,79329.1649110561,48759.85395041396,15856.9930920835,21536.21169367383,30393.38093687186,148976.400514825,103307.301223787,58868.75939976321,35158.60094875687,33166.43676345623,94239.42465970344,40303.76633496942,38898.6055578363,30106.48002111601,101471.9022488281,25946.0038616932,4939.003303608155,15850.32084659693,43739.56445749317,31189.59205196485,33311.67901421677,1573.508837235399,40589.88334161377,24823.39188767291,17730.22437965719,21429.71471582738,63151.02467812361
1303,20278.36967116135,14551.6699365745,81838.28523113564,50361.65992742633,80566.11030134826,48019.8548294151,16682.97041854471,22650.90871918197,31246.59775001937,143836.7038893052,96019.9035755883,63832.99624863324,39970.0331483323,34938.9823336753,97418.8235486561,41763.45609851843,43441.74402508797,40901.79311062361,97427.11853097676,30094.56265143418,5297.872011313222,17644.3863930344,44365.63790701432,36205.00462785787,37931.1084058677,1756.876861140718,44595.50774467979,25764.55615903379,17984.51108909581,21249.46977047811,63083.76741881269
1304,21394.97760953591,14890.94785632975,79659.92494997801,51811.27644771905,80273.73881817273,46414.8888767601,17024.81617317968,21939.81063364243,32748.56334277684,124372.5766465227,90754.65563232831,60147.38869922053,45110.92707573873,37797.79939387614,97653.79470830863,49213.03527716487,46490.64284812638,39451.25764082387,93577.61887018936,31970.53091917562,5648.660749813074,19175.08165276815,49313.20390979235,42032.99709199282,42551.38956260489,1998.319649632592,45732.05632924761,25553.16760804818,17222.7882246671,20982.62766501358,63520.41576072662
1305,22229.93588671282,15437.80199351769,80286.03503204045,54340.03275715776,80972.49390836504,47655.81505084869,17061.46420109076,22012.58834461687,35501.56487588459,123385.4505939526,94573.08570761744,56142.39751855451,49065.17525590477,40268.14915403494,97653.79469157784,50992.65734678862,48056.05346904202,40047.47507560829,97607.35312563129,35338.20295684347,6549.626485196871,20813.81789101258,55955.73067752642,43826.63898597625,45313.01338161812,2256.160856846955,46504.78829728187,26089.01837317699,16609.80774134703,20700.42905375165,63627.823212483
1306,22738.05205160918,15820.60552597139,80991.39192415579,52829.2416482339,81459.5836760131,48904.71444822699,17166.02894513429,22979.25059464481,38430.10512346083,126843.064687484,101297.8805880998,54910.03089908749,51323.76259026201,41896.99093555188,96366.82681904439,50093.12792212168,49582.38603805027,40043.69097219047,108024.7553562639,37616.14861268498,7383.070313802764,22744.09085164669,61158.22577480545,41985.75342744504,46416.04300516906,2408.311606444498,46746.14278481589,25526.86305299647,16121.18005584467,20560.27480108861,64142.19965291371
1307,22985.46490625927,15938.52983313809,84557.22531918033,51810.39154834365,82927.00061750649,48576.78505776393,17542.20266454624,24094.90247377299,39173.87278281977,127444.3665289215,100546.6375433887,55073.66096335065,53555.30835588805,39836.91732132559,94430.74350844766,50866.90867511048,50609.23734363986,44307.26243066655,117324.1644275653,39862.99032277345,7324.653742549679,23850.8243497648,68397.615991305,40109.29129186393,44728.28324051073,2451.595768850713,47098.12561387203,25764.66560514698,16135.50969143008,20592.16056403769,63994.71745299045
1308,22744.78249073374,15624.80343052375,77995.15430522256,51810.77439024418,81730.71423540867,47725.33732011922,16858.53018238689,22658.68950288936,38677.73997368192,124020.6778256574,96025.68487988709,49473.83402390403,49033.68788819048,38082.95298789324,85356.76967491144,54470.02756895037,49393.75685372943,41408.00416096341,121854.285118918,39898.68979814826,7063.817542982062,23880.08487043771,63610.18022055303,38011.85071162901,40086.09444050666,2406.346711376492,46582.78691625444,25425.60768886725,16657.01486622913,20721.58272759296,64027.13682824459
1309,22496.58291327012,15194.60463608166,68307.81698962815,49727.76258457862,80926.15646125113,47328.61414961296,16958.76638639401,21693.93246416935,38634.11811865427,127622.526229932,92199.57154034838,48107.82805830293,46054.33477490065,36935.48067806382,86656.53036295861,52889.15623001733,50626.4405616717,37289.86382930748,123973.0213985832,37981.68302117748,7129.215915629276,22561.69118762238,61298.70531483557,37529.4034917367,39536.16258762627,2199.741788435892,46290.57922595396,25260.50706696525,16924.66248095485,20592.90740125194,63375.71302557018
1310,22129.83324320544,15076.02589710749,71049.05747344202,48842.8422083697,81202.65275940561,46934.39925841842,16389.43250319867,21835.92492696324,38092.50459641832,127935.6678625221,87736.25062915725,48872.88133952406,46712.81932419522,33595.28835146884,91858.55912191412,50302.74268820508,50678.17295460461,36462.94251363361,128648.1585914719,38357.78708285235,7325.100978559048,22325.14260789915,62472.92486548418,37729.54949558009,39505.74284860591,2175.268657982839,46872.00298644602,25121.46480025085,17023.80885531733,20592.84006908237,63051.54733968007
1311,21888.50696559433,15048.15948216373,74363.85792329944,48363.5364198336,81589.22887579494,47059.76796892773,16857.62587103537,22334.28712541428,37347.56388819867,129244.879514207,86906.87108520283,51220.1535194766,46659.97184205447,33151.58585325725,97703.08146254635,50138.63497744554,52325.49517483003,35635.78956929967,126383.3970434697,39862.20865539903,7384.758597891908,21420.4727565163,63521.40539924349,38314.08198855331,41187.1091546079,2123.984053520358,48067.34219154616,24718.97639082852,16957.73990153851,20786.15530654301,63260.11166241539
1312,22497.17673492475,15407.1246461038,78074.37000256273,49281.78808069191,81900.78587525457,48294.10003936747,17665.69288685708,23700.67600450515,37453.36611771255,132561.6518360222,92253.597109899,54908.80152666585,48306.42518835775,36840.45576755342,98938.948695484,48259.00440718179,53019.82772905302,37839.03239012155,128648.7755126139,40248.49616614955,7441.527565915559,22629.38056344677,64587.69086535946,41349.04040165259,44488.64857131468,2175.850485914441,49172.56387806588,26416.60071043809,16935.43821178179,21136.70592904657,62485.23219880687
1313,23207.09292049358,15853.16477115737,84352.39615425805,52266.50364805779,83728.24395719469,50307.1210028658,18440.2863101859,26510.48192756623,39155.41799694339,137597.2077938422,97531.78041691752,57733.59667868534,52426.06954820867,42994.22374956674,104718.0205773296,49866.10502733792,55736.74917858568,43928.42739017413,129685.9318427422,43985.79376608988,7866.142736107189,24112.2807808332,66715.94814772082,44132.23249036986,46961.48150689671,2257.903021993621,50607.41887002797,26859.26623049841,17221.22646463691,21590.85517796742,62452.87374527616
1314,23731.10548802083,16412.10806793652,94604.7525864459,56978.18249713097,84881.21384781689,51804.81054077944,19169.83601314203,25857.69824073569,40554.39625140654,140637.2311744452,101296.1650572569,59749.4777946825,55448.31110862754,45938.3544623205,111815.7537196783,56960.74344765711,55033.36165710827,47317.67374256286,136576.5508286246,45124.57837543896,8040.69074195117,24943.6449123577,64718.19059262507,46283.43746932752,45626.23182213148,2339.036284709551,51635.0281112121,27166.52684889112,16679.23552154251,21528.09356290337,62811.80730728098
1315,23963.23282837263,16670.19619422975,94197.14589271735,60562.51968599985,84566.34548133332,52509.33596845498,18840.60425990123,25829.4487637333,40447.28715200044,140081.5744035494,99845.88107388488,65997.40923546808,54106.86215541254,46814.5031567699,104853.4242930045,55409.61820921515,57848.77224327742,53826.76948048628,141107.7560861766,46258.1330529901,8525.006379328666,25682.72376189538,61421.60475327026,44783.39923085788,45025.970411342,2365.199831816301,54324.45145826197,27139.59976985599,17314.7207596506,21713.14368984806,63752.41163960364
1316,23963.23282978909,16432.97631594066,91077.20447562617,58479.3393497635,84659.46780429623,51561.53897667648,18455.32721770011,24895.31440565319,39600.33365650723,139527.1512832088,99683.86643541057,67887.04343667634,51880.74072326097,47359.58447977188,100754.0030156395,53485.42856323532,56199.74168872298,54926.86721579415,139973.9681674985,46256.51305854055,8515.184808102667,25786.38422876208,62458.30458385432,42602.04361573711,43113.55585038915,2585.553621523865,53073.48780928341,26712.39557463702,16938.39600649495,21465.80202557934,65249.31181596041
1317,23717.73532344389,16429.58178923956,91116.32716991946,58019.55149972513,83471.63056101919,50815.25800548996,17647.13542749199,23456.78273316138,38632.37231273258,140551.5952650731,97043.48918355032,64825.66892346471,51117.75685450788,45770.08364448204,99584.27347397355,51015.96905510742,54438.06493872316,52759.71099287012,142237.5035904703,45388.61117813176,8279.647400909298,24665.69781799308,63942.13655505037,40151.08872814717,41183.09515467972,2612.735495608019,50825.23010582375,25954.07887625724,16738.33858413274,21333.31658618139,65414.42062371497
1318,22844.20801168948,16101.25614038556,88853.72131111372,56786.43733590482,82469.89190148066,53304.84908108559,16676.40867688828,21214.52951892612,36729.18655567209,140570.7168486783,91503.48688315487,61471.4593010779,49033.16591946874,40782.54176630305,96311.60493485045,47405.25907135041,49749.55628022239,48102.89227662873,145675.0184106765,43589.91442005799,8041.152840159665,23281.78095983301,57502.61412986183,35297.79580989164,37888.01223846145,2539.583954038469,47339.43434381469,26231.32055949803,16594.25597342549,21362.39725664846,64935.90605800523
1319,21403.3580521555,15347.37299180302,84009.59272802771,53918.71381151513,80491.29696219802,51251.79419853399,15362.02891431761,19780.5757042095,34294.36135935285,130278.9870920869,81039.14194068755,57798.18178389878,45468.13673740676,33599.54328774001,91716.94232354123,43797.98290033152,47113.19848133445,42272.59470590039,148799.732260268,38463.93260992774,7563.798683010348,20634.16420896523,51815.45276719242,31960.25727467211,35408.07191233892,2235.075759812539,45181.06593892498,26277.76924487059,17260.4505714094,21335.88921033,65102.68343737243
1320,20127.24278262788,14565.69911086596,75546.02821797326,51325.07170728759,77483.31941827809,48582.53408456429,14662.02802024748,17803.28325712179,29898.33002671841,156852.0099898787,130414.7581508177,57473.74538323497,42733.13786449163,28488.12229541333,95987.21125407005,39506.37990895831,44559.51952765009,36850.94348046418,142948.295966523,34019.21922958473,7044.245756571855,18714.81810488072,48621.27215518984,27981.69720440041,33660.36617759182,2064.705761138943,40518.2508091538,24298.55395196554,17489.80991342866,21071.37561551907,65845.75981319445
1321,19174.80334169067,13935.76507334091,73814.76884150716,50349.16821623288,76806.68085262438,46630.85027948757,14209.05372626771,16902.91663595008,29201.61414843299,155851.0179568066,121844.0920699262,56901.8985925139,38973.54001574276,26630.37404106153,92535.07160647637,39087.35001192917,41010.56482765794,32519.54462359347,134360.8551842948,31297.48485915432,6235.440595872536,17268.54588331265,45436.82147396215,26111.25850709654,31834.88879825594,1888.411993785332,39191.63582887285,23078.90665474023,17308.33154192404,21272.86989482593,64948.19283417911
1322,18796.48217779078,13753.01738664021,70458.1680491169,48896.95628761335,76674.43001677217,46198.91759423034,13651.99692677631,16567.05290872888,27563.91055215682,150317.8234414634,115441.4484547429,55783.7026959015,37352.96097708966,26356.23399016876,90219.83790898927,39480.82974490441,39304.75378325612,31902.21533137287,125177.4534730968,27852.48316325981,5615.476962650255,16283.95655575627,43322.52765504882,25517.2202796629,30935.66004141294,1799.441726182544,38007.74633862299,22996.61889176113,17023.09435629766,21202.28326629333,63682.56251056089
1323,18660.73969399324,13598.71859623698,68278.44769213432,48924.45035989424,76641.45589696021,46341.76906861062,13780.69791240671,16242.22749177538,26484.37091335872,146833.1756389572,110339.3402060006,54862.2549349761,35316.31492935715,26095.11723735103,88255.23105398772,38817.86582833628,37660.84498795994,30429.03274368722,115567.8830125725,25842.53379017364,5108.689713180898,15582.34347385266,41163.42842293579,24620.68804547693,30209.01559790723,1712.992135009617,38019.8347794045,22921.87002037152,17078.60174087672,21272.85172283441,63319.25284246156
1324,18275.17555398713,13419.04717029054,67167.30860570152,48654.33988413795,77361.70969150512,46334.30706366606,13900.6994192362,16549.64528042512,26464.20156456213,145391.4115246907,106072.1802714051,54857.97649117725,34759.32995520539,27421.70087496184,85508.64218852646,38606.3628098479,37494.08235444158,29902.98201306775,110793.3397541575,24841.42881075455,4748.716064854873,15084.59204272867,40103.94768616531,24629.38553413395,29699.77281120675,1629.922933539378,37430.01465251564,22635.38599450068,17044.33633882821,21340.04770085185,63315.19345062293
1325,18641.69890210852,13507.01077950965,67089.08018610693,48654.46823040889,78291.02541107583,47093.23991549797,14284.16099131833,17780.64288940872,27878.75362501761,145266.3006294099,103194.1902359767,54859.41836883056,34578.99413404234,30260.40085768863,88707.23891638206,38377.15810312871,38309.41177079461,28232.66354932467,104910.8771035421,24005.25187671723,4547.637028759405,14572.16035266301,40076.43048910266,25518.39918010527,30760.69437370309,1615.322144854935,38035.69510658392,23365.01893127598,17530.82025284611,21440.87476985003,63061.8312914774
1326,19422.43799262416,13774.38020600678,69645.33375884591,48748.7809366583,79698.43387574177,48907.62062735452,15866.26274417243,21606.76261062975,30131.9396854312,147192.2533467874,106069.5068974704,57431.435250362,36430.17967622156,32746.28461607339,94891.15556563354,39950.12618390552,38240.29272096854,29877.04671489151,101269.8096956918,25986.30452636932,4802.894398807833,15982.6727141381,43745.58624984904,31120.10345156983,33627.25539602613,1630.621887782687,40469.07076410492,24525.08016161551,17841.02772212323,21474.41359064007,63271.03766592801
1327,20353.45023504482,14590.41841185478,82758.60786195715,49795.54676759735,80834.68045883907,48124.26156973663,16694.29645263153,22736.99977290794,31070.63257149058,141949.2364066678,97761.26090687819,62173.96523718707,41178.58033260809,34477.81695867065,98043.20191046284,41553.12884255176,42751.62812502898,40357.44644597617,97016.2908393651,30205.23746058867,5177.45421953532,17675.43684487664,44371.66572230829,36024.94881125412,38261.09156605003,1817.713289520807,44423.38137433548,25419.12457463771,18110.4979832059,21286.34681800306,63176.61991758642
1328,21470.05283830207,14953.87482695798,80492.6300571792,51326.00568446202,80566.11072135466,46425.25331350599,17036.99327839565,22015.98817611526,32723.0665077445,122093.8332002131,91758.43558762662,58652.95992360362,46252.1266462117,37270.48659970835,98276.15160026001,49734.11053288826,45779.18392217658,38949.22498712904,92968.13387059588,32113.02874654005,5543.580783887971,19119.70181942788,49319.27932155227,41724.46033925586,42895.78215759029,2064.058692478465,45545.37027662971,25218.319296817,17303.29237028426,21007.92495445993,63789.59989451319
1329,22305.00712607476,15539.70028954653,81143.9233999623,53995.7859940688,81207.98067768745,47738.89103377135,17073.73254651688,22089.78049066043,35751.8663562913,121086.8635300656,96111.76689941778,54826.83491194096,50154.57271120507,39683.6773120428,98276.15158367305,51688.45657286903,47333.63629181811,39528.04998195535,97205.8266218449,35537.82834357157,6483.940188543294,20665.90726847061,55961.86999157676,43478.56052294283,45666.01875080938,2327.135492108991,46308.20321167057,25727.34242631207,16653.71059999245,20713.48018121077,63940.38168154749
1330,22813.12086320818,15949.78415145787,81877.65100039895,52400.74089641398,81655.41682846291,49060.96916498478,17178.55761859895,23069.91910532567,38973.79055489843,124613.9840170549,103778.5984352447,53649.50678971106,52383.57171526761,41274.83088973153,97000.25556677935,50700.61100781834,48849.28416532507,39524.37626576822,108160.8293890823,37854.41596758156,7353.825370300649,22487.187899373,61164.41513778516,41678.25818433332,46772.48843199038,2482.375737444285,46546.46584312246,25193.33169242462,16135.90677817569,20567.24385864087,64662.47868346184
1331,23060.53253572751,16076.11228376677,85586.90855460298,51325.0714359069,83003.37244464179,48713.82489009483,17555.66787324002,24201.1244329629,39792.06956670751,125227.3734776564,102922.1182051965,53805.82900199456,54585.88340516118,39262.42333807501,95080.82848776267,51550.36184887011,49868.94726452495,43663.57378569037,117940.1438337346,40139.37201354899,7292.854603035957,23531.4299961131,68403.87499850773,39843.16357166544,45079.46499106066,2526.538806038083,46893.939618869,25419.22854127664,16151.09204149891,20600.5133215891,64455.43876866478
1332,22819.85127017495,15740.02830370793,78760.89937713897,51325.47562818267,81904.4748500249,47812.48693110934,16870.29329619291,22744.88902953689,39246.2337002525,121734.8603632087,97767.8520798291,48456.0948958546,50123.49783966574,37549.04229889261,86084.91855193993,55507.23632348511,48661.97543071352,40848.89065994809,122704.0459670089,40175.67707755473,7020.613646798622,23559.03832956576,63616.39317177113,37791.96209192537,40422.79843210904,2480.370944216374,46385.20263436991,25097.14572856802,16703.7364794221,20735.55183021618,64500.95005540909
1333,22571.65287860102,15279.17157680258,68683.92013068109,49126.29815794279,81165.41552779006,47392.51793362802,16970.77905175412,21766.68218697914,39198.24176624443,125409.1146189149,93405.76120084015,47151.0958695653,47183.17535522934,36428.12024752959,87373.49732704955,53771.15443638193,49886.03005588832,36850.88185125454,124932.1217668016,38226.15112495553,7088.871486528526,22315.08738201331,61304.89602925347,37320.15065628092,39871.1514872437,2269.5708067894,46096.7382518228,24940.31095159063,16987.36543029221,20601.29256820986,63586.46187532669
1334,22204.90496085462,15152.14237488428,71535.4181806638,48192.02743080549,81419.40246729672,46975.20418702764,16400.0277350401,21910.6541852357,38602.36888553908,125728.5511545605,88317.20011836711,47881.98124795646,47833.03351313221,33165.21341953783,92530.77274547423,50930.8058312076,49937.40030961429,36048.08290855047,129848.5241242632,38608.63523399538,7293.321393914896,22091.8954525279,62479.12687610323,37515.88434386009,39840.63687710376,2244.600737396353,46670.71372076444,24808.22990526045,17092.43187062577,20601.22231412422,63131.38840868678
1335,21963.57983629281,15122.29007183861,74983.54579831075,47685.99165672241,81774.50770864503,47107.91882429198,16869.38673343629,22415.96411616266,37782.79930771721,127064.0811222058,87371.63771003026,50124.42234002468,47780.87835257367,32731.77732680619,98325.01433783062,50750.58596310878,51573.19087764732,35245.05909409627,127466.8872750552,40138.57708634736,7355.587472629978,21238.30753450435,63527.61749643203,38087.53053295431,41527.24691987079,2192.274773838905,47850.74011014185,24425.89227866319,17022.41791565528,20802.92657129676,63424.17723087184
1336,22572.24669741838,15506.83673413457,78843.30127067129,48655.45249178707,82060.70108375626,48414.57606218434,17679.46554112102,23801.40200101587,37899.20090534573,130447.5285777328,93467.3548922066,53648.33232206337,49405.76255046097,36335.29402705572,99550.24933675175,48686.41254993106,52262.66293680581,37384.03044910946,129849.1728822424,40531.41739156684,7414.838597147914,22378.95469592229,64593.91322040407,41055.58180771395,44839.08296471791,2245.194379630018,48941.80342559316,26038.52419058532,16998.7845839149,21168.68952843475,62336.37830865046
1337,23282.15949103015,15984.66371727899,85373.84079648236,51806.62005261026,83739.38715806037,50545.54914064207,18455.98741928799,26650.37979530517,39771.76596280642,135584.3113712309,99484.92761365497,56346.96982122701,53471.43804394938,42346.67588866764,105279.6035442311,50451.29891904473,54960.56528199735,43295.78985727782,130939.8527096184,44332.11270010598,7858.019567264309,23778.12336199504,66722.1909769795,43777.41706949675,47319.62801212936,2328.913032775061,50358.27730030664,26459.02744075144,17301.63735699628,21642.54683064401,62290.95254564011
1338,23806.16955484199,16583.43986822886,96038.56523300406,56781.06040081388,84798.49462465922,52130.99516582175,19187.35343466296,25988.49556586757,41310.89519113457,138685.4465634755,103776.6425858543,58272.820044241,56454.08712097847,45222.6851916821,112316.2744966079,58242.49163266256,54262.10164253561,46586.16747445675,138186.069029878,45490.21510069051,8040.199479788174,24562.54474739081,64724.41420310036,45881.19768556928,45980.2140367883,2411.693746259483,51372.72241964311,26750.90490314017,16727.28393812313,21577.06164121078,62794.83419463834
1339,24038.29578609668,16859.92053408214,95614.56387333134,60565.28935720454,84509.25945845853,52876.80196400657,18857.30201455139,25959.85225921797,41193.0558001434,138118.6197495674,102123.1969154307,64241.71377667801,55130.21164570586,46078.56152391993,105413.8423742666,56539.07632948855,57057.80367669242,52905.38440274029,142951.1116994827,46642.99885144399,8545.69124994475,25259.89171376518,61427.79665000259,44414.22852162235,45378.08056943557,2438.388557047055,54027.69308251933,26725.32594173785,17400.71423027327,21770.14211890805,64115.28263467376
1340,24038.29578751314,16605.79528297128,92369.13286520661,58365.9339577599,84594.80076214673,51873.46920694807,18471.06577317083,25012.69501208908,40261.25369686583,137553.0513855696,101938.4866065519,66046.95537497112,52933.25322850997,46611.0307342923,101349.6886444117,54425.96901362602,55420.31673308197,53973.39085273322,141758.8135130832,46641.35137619229,8535.44024204495,25357.69902099315,62464.50645382366,42280.96195486514,43459.70169332577,2663.216738736915,52792.75482261095,26319.50993747872,17001.91898962311,21512.06692879637,66216.67578675311
1341,23792.79945414726,16602.15884678158,92409.82914382427,57880.50460102546,83503.66446822308,51083.46021677838,17660.861880457,23554.108581733,39196.32106382291,138598.0891655135,98928.23455562381,63122.30434162804,52180.264730923,45058.30783050279,100190.0223505544,51714.0570335599,53670.97214451777,51869.45340250521,144139.1609618434,45758.72682812453,8289.60423818397,24300.29185896226,63948.35269974759,39884.03956308156,41523.22040133857,2690.95055413157,50573.29827932691,25599.15874256186,16789.91606601583,21373.83221180786,66448.46045980195
1342,22919.27631607868,16250.43521146517,90056.21725447726,56578.6219713009,82583.47661030294,53718.92783219917,16687.71837463391,21280.5958226843,37102.47234509946,138617.595139128,92612.1661698801,59917.8964536588,50122.98270892744,40186.1678882514,96945.50875950279,47748.84617293796,49015.28417554982,47348.48016006706,147754.0721972997,43929.51784835142,8040.681782698456,22994.51748406859,57508.76832520648,35137.73985411783,38217.86099309717,2616.31363456364,47132.1570789042,25862.52018274897,16637.23023036808,21404.17485376247,65776.70742814676
1343,21478.43324088014,15442.82690383288,85017.24920694642,53550.9708804327,80765.95761816493,51545.57506407367,15370.06628630373,19826.65107061636,34423.72404177947,128118.9767597828,80681.93316908921,56408.67050302405,46604.6567290594,33169.36990492977,92390.37428423394,43787.40625809252,46397.38151604996,41688.25997138217,151040.0400529364,38716.58136244507,7542.455875322004,20496.39768197382,51821.55225103198,31873.77898359579,35730.18638907412,2305.622251818035,45001.43831313347,25906.64339153752,17343.20354940974,21376.51647637848,66010.83449183441
1344,20090.85277625021,14555.61062293995,75260.47909863602,50172.19441519818,77248.31548533565,48721.51227652175,14638.74197829806,18135.22171030782,28797.80962217914,129293.2262747532,94259.59907167118,53173.29476318559,46214.44291785437,28719.8901882695,97200.37752373134,49499.34133538297,46117.67820404252,34263.36561943158,118924.2692212352,36812.20674212491,7795.580391114419,20614.78602680109,50189.54599091735,27182.50150935465,31886.17083959408,1969.633761830535,40894.65750340091,23125.06985295999,17007.54636891894,21259.77059605821,64897.23316942807
1345,19371.33008072495,14076.08532328762,73098.70601997546,49928.45592520629,77121.12520902096,47228.26469758707,14122.55087541152,17405.24748961283,28811.14098460297,128953.0596790021,87572.15276641172,50180.09447543655,43220.4522901405,27600.92923235681,94753.60430285336,48231.92351310822,43901.49274704116,32086.23986018677,113909.6145556076,31649.60752670165,6872.8257056456,19092.88189934107,46265.97884247687,25291.96397346706,30511.26915019478,1869.671071612875,39604.12995184583,22790.17015454157,16695.08205550053,21199.00516979532,64114.68366364443
1346,18856.51285586533,13843.17040648938,71801.97819283787,49436.96187706673,77146.86241566631,46468.80198457451,14025.90228652487,16821.1724330106,27762.80245956748,126520.7119801308,84403.7223285891,49082.88308858789,40721.44628762335,26300.71900343803,92181.26920390647,45282.89710422017,43590.49217935657,30075.59986578741,107920.9965033808,29114.57744788884,6209.085725838457,17810.18175936014,43409.51009563413,24923.07937872487,30234.55464071256,1815.417889449503,38075.45109288976,22790.92601332494,17123.27389160807,20995.98230173201,63380.91235696046
1347,18548.83251669589,13667.08704756692,70530.66093338821,48878.1742275536,76938.755354194,46195.51084696007,13664.53509589037,16530.26660988704,27069.17251530993,123913.8570480652,81608.717914516,47257.03789505321,37232.80309136148,25839.56611833219,88524.22613638865,41892.53135848271,43309.66777663781,29106.18009068664,103939.8703273675,26554.08548582824,4968.176404143147,16937.76936624676,41518.59908341797,24161.12746351616,29689.30185397357,1724.149842030117,37623.25575079256,22851.61190403843,17181.13765295266,21039.59711282931,62856.29616537891
1348,18548.83578341439,13584.931666652,68304.41622190797,48263.48765945105,76770.47233670304,46195.51086009685,13761.31744765378,16243.04178744382,26484.7727852301,122354.31775734,82138.33144297547,46964.97878393101,36198.11042278426,25839.81443719702,86907.93100206749,41407.81354766684,40309.31494088419,28579.35549004557,94262.84050724354,24413.47665234924,4649.933229457256,16094.17208752368,40089.05013845699,24545.04192465196,29683.71688610072,1670.102565028591,37614.17861466855,22724.23554308702,16926.53710357596,20984.5051119219,62662.24503307012
1349,18747.14050126916,13619.04094002911,69221.77903738819,48263.53622740055,77247.83386289328,46481.34586796525,14813.0385866229,17883.65124630875,26733.82348926669,124279.0699237756,86751.65005324839,49895.14076593332,35735.85787893985,29805.48340085113,89459.50782038401,40435.47582538415,39251.963458309,27909.59409817814,92591.82202806938,23970.93085051789,4537.408015142603,15197.92373317423,40090.24782793656,26499.27166478409,32041.55332612086,1667.432925964034,38749.7833841781,23054.50838511584,17157.99214895425,21263.37984070819,62699.23651974388
1350,19597.3494484102,13999.86657798876,75080.949100785,49522.80670410109,79030.28542681986,47298.76269749992,16217.95649005123,22617.65138217966,27209.33934740468,131261.1288256838,91445.66821172797,57221.8354765568,37564.40373620483,33858.06025002403,92382.316585583,40436.90122590051,37816.75480605139,29712.10781424549,91317.26928373954,25678.3819724403,4699.415689800379,14819.97946450408,42440.90696551757,31935.64846926074,37155.59719615388,1667.459470549422,40194.03670755607,24213.67216502505,17748.20251844487,21230.90584093373,62664.21062554188
1351,20814.49516062852,14613.8653268513,78905.90931511617,53035.24406567217,80168.95245073205,46756.83630796457,16827.88658433229,23209.90756026949,28773.06536884309,142430.000113393,106828.0127410956,55665.36809183493,38230.76310957552,37285.58215646841,91388.16759948884,41406.97106879811,40032.07101918861,34834.75444346604,95005.53865179633,29103.73210621139,4650.625058779738,14574.73443431034,44405.37301763715,35624.29326988969,39610.19104143658,1840.502090580244,42200.98047400626,24922.85622793896,18581.44068396445,21326.91436677176,62987.69184355316
1352,22349.67965600841,15414.14991338928,80143.52456093974,52350.62529860329,79293.15399484255,47345.77678180243,17181.99091532734,22358.89767360069,31776.65889057133,147672.5676479124,122202.8084748128,54965.59192011706,41600.64824520895,40555.00619463111,97306.58715093455,41409.35517211269,42165.94045466433,42632.70789233686,111235.4716497247,29964.65041192085,4986.535002531505,15895.94560502141,49756.37650887073,39954.07956778752,43975.24591813878,2126.943229686176,45350.99348283814,24157.32420087776,18512.00417196922,20911.90138181969,63799.7654707664
1353,23476.43748851271,16409.39459347024,85392.70489131655,52394.11533323962,79782.83854142933,49581.70581311708,18216.65619709044,22658.58907316157,37025.03755082429,152039.0598682037,129015.3403058282,55807.71724134665,49026.66795402428,42673.68534909572,102071.413799838,48179.3178508125,47185.66791986087,47750.73863680399,143521.2089190133,39021.21532030437,6497.218791641309,18806.72797921846,57863.0623392014,41833.10726679321,46173.67167842437,2413.840508074085,47831.90334462177,25333.94321556892,17887.07554513243,20656.6189211151,64063.10115098727
1354,23888.85190314251,16901.10171059269,86203.3617299305,50175.75473074303,79682.22041847446,51811.66976162952,18928.21802583153,22965.17811843126,39466.96280513195,157452.4593665756,127252.5246316647,52855.40818208472,53753.21246218846,44439.79420866298,106751.4474094581,51559.81385097047,51164.78683807469,49357.0582324674,151749.6816169025,43217.7588569058,7458.473017583064,20790.21321759254,62635.9345252747,42925.43271432018,47861.50566404875,2466.628067523684,49475.82033993863,25642.55108351758,17389.44719702966,20787.17572481024,64253.86516050444
1355,24305.69247522808,17289.02938818478,90392.75175374455,50181.26167656802,80281.5555219266,52931.51463862556,19475.18403322642,24243.73935401863,40537.50143429713,159030.5111250968,120309.7420218548,56894.74166009504,57191.98705296564,41952.19255696076,110780.6944315609,57879.69142272181,53870.07244049697,51349.76482619838,159124.3759574027,44440.6774809179,7907.922763293126,22738.69159753282,68417.63413615557,41237.26136329446,44530.89595429767,2536.316599577024,49635.38430986863,26271.44892079995,17088.55563695903,20784.77642896795,64672.42948315112
1356,24311.95058787313,17019.89888783034,86463.47330746132,50984.04206748038,79255.85291314186,52924.64381684369,17876.90522717873,22436.81241190533,40865.69978672932,147351.5941253906,129206.7354813498,48714.29700507323,54746.90614937733,38229.80379729155,108840.942230687,60827.47430737674,53983.84853058487,50600.54390332608,147436.6270833548,42458.37426519099,7907.931223866418,23913.91528776868,65030.9748065222,38627.8133040141,39598.82851969406,2431.998228995615,50792.61153620262,25250.95229190018,17088.55563695903,20972.20023922687,64777.28340366992
1357,23686.71702440671,16781.30565449409,85678.94367734865,48248.34510976909,78031.67583933423,52371.7206533384,17857.84293862977,21782.46431694018,41191.20458795343,135499.5311033575,132659.1338778918,50803.61204861274,54326.05636712194,38697.75056061546,109810.8437880199,62122.11701555292,56513.80817769752,48290.14453359387,140208.5531883874,41085.41662757351,8380.796464071831,24999.02005023243,65620.79855162783,38428.23415934273,40149.70572938387,2271.626287594114,51199.06875170048,25199.24852163695,17389.44719702966,21102.97130573887,64870.49766599167
1358,23279.74887180169,16953.33796930926,88629.59694582048,47627.25174700977,77689.44575911619,52361.58042136198,18229.14325632332,22074.61915209097,41488.64110422509,147189.7461532625,130382.7773566346,53781.1772154486,55695.09831894869,40019.6277669875,113677.7196888757,60909.61431518495,56525.18799825308,47401.77964174277,152762.4561515765,43218.81884528895,8414.879349549916,25284.46139916355,66500.57471402142,39936.58704083332,40706.63278397521,2224.634599252608,52493.99558924815,25168.1441341951,17482.02921572042,21231.14089671046,64748.15581659536
1359,23277.78834136551,16932.8758990784,92668.1021224907,48897.0455562419,78017.9731093032,52676.12404288442,18229.12875086959,22367.38797672647,41365.67673938435,155568.6796472472,129063.6987368854,57658.67778637983,55695.07968175069,40929.36061086811,115631.2060159223,59894.92811655607,56537.83408339216,46752.60370696542,154052.3376105971,43221.60014577966,8244.983517890916,24910.57250192712,67503.12163403301,41057.92436729297,42368.91438368718,2215.172845084593,53096.5455840194,25454.53299088191,17320.01068233732,21422.81132771714,64746.67132120558
1360,23695.70323546533,17010.67969438029,94406.15542819427,50814.16536916468,79195.34204791024,53204.69090902916,18577.18179787296,23966.62690721797,41360.45373078037,158019.1314506543,121805.4411275843,61165.06018890494,55953.03452954508,42777.15099509557,115634.0666672684,58392.64340441782,56430.37046493746,47578.96155290642,154195.5999913431,44214.89093932349,7796.348447235358,24699.39757143338,67486.90146571407,43662.0809533669,45088.02911326188,2223.435731687814,54259.27717891923,26131.10952856228,17146.41939830361,21898.78572891192,64785.0205348227
1361,24099.09723984039,17096.46144488235,95045.97792105845,55906.73478994994,81323.05958461466,53492.84379824655,19106.20391321475,26159.95020082708,41028.60830467263,161168.1566711861,110835.9212226967,62754.28309904992,57690.98951928029,45354.91314413124,114660.0915125061,56296.22044298286,55500.10051842668,51849.35089583469,154052.3266683887,45357.48161543637,7795.578110920431,24536.28900503519,67503.12266479543,45451.92707284383,45643.5511529922,2323.80812826338,52331.28453717992,27426.16871847762,17204.28315964819,21932.61381151537,65274.20355890061
1362,24305.69786017886,16953.18726841693,95462.63929985459,60565.47034148114,83043.96678029343,53204.02296771917,19019.2940660125,26451.3220248573,39234.04082670228,162047.0905282353,109898.9631193893,62311.1855122206,55200.47947690089,46666.52216053585,110782.8331687315,56298.00837073033,49952.85411942911,53006.30522370101,138979.3051744174,45335.83329738709,7571.48319752012,23664.57498865363,64700.75348623431,44690.69629148195,43470.51700048427,2453.2970970649,51284.49696480047,26470.51992603966,17447.31095837424,22088.2455849032,65247.11958883874
1363,24305.71535573561,16683.82132626775,93818.5109115685,60038.23454107871,83855.87952062789,52369.21913882077,18055.1135033487,25577.17466181067,38714.35827056068,152811.8192775995,114907.6444889795,63337.81564353604,54693.64577518467,45382.1087482283,109811.2110311653,54976.54186862868,45973.7689162236,53541.31588718855,139099.2695435781,42794.19193628131,6661.979406474114,22567.47555120688,61728.41087455748,45393.37233935099,42351.89930895545,2536.825429525518,51461.16064941339,26266.08094238886,17377.87444368191,21742.90658004909,65418.97622026138
1364,24284.11447505105,16677.0046297969,90864.68074535561,59340.19153503291,82632.51526976751,51209.00988638836,18579.52268036436,24654.25834033236,37636.3071749982,155265.2657449145,114907.6413553419,67677.35372868339,55977.54917762253,41358.68476539205,111751.030542528,58872.98330129842,51218.2942714219,52248.31655545914,141506.4794736423,45408.36057480514,7907.080873966101,21785.04894922653,61742.05205114301,45393.89149163855,43454.75724244083,2724.806007107013,52438.56449766651,25509.2641485917,17377.87444368191,21897.67137501471,65417.81254448552
1365,24097.66717472588,16629.77655801046,89063.24813192736,58442.82548643512,82416.20038902109,52359.28389345673,18540.41630137759,23256.41436048875,36903.65280146949,148997.9786694529,112143.4913432749,64259.18145946932,57394.81364960777,39445.46261858849,111666.5678005392,60827.47323089747,58020.93162161905,49470.36800418226,141506.5988907763,46639.97471343182,8351.588290766846,23415.72225307269,62718.61751073089,42528.87815765783,41426.70909407407,2734.546310419608,51277.80323928469,25224.85094363299,16995.97361826829,21613.92990823383,65292.56849002725
1366,23056.00011281322,16103.15851130195,86941.03223966822,56005.7288131096,81374.2012065886,54055.04505091612,17083.53813571183,21019.00141361125,36078.66373316877,147609.5435847538,106973.5440176949,61441.54210567912,57937.88126406608,35498.88074905814,108849.0562669479,59836.42801460773,54779.85409369523,44805.26426856222,136468.1370141172,46639.97091790549,8692.725756802236,23577.38195960484,58846.06863964968,37427.34682616863,37417.09486918511,2548.998455524247,48631.2428405459,25228.44564718336,16718.22756219607,21484.29985619467,65461.04303176566
1367,21420.06813626462,15320.83376194704,80872.31054531055,51976.98069826383,79326.3386782117,52196.83994754423,15634.18859994595,19784.28824590271,33883.44352312878,152670.3894684815,105117.9186965089,59095.80126221941,54463.05871416791,31590.72323345414,102094.8811651228,55782.18416171383,51879.39209750197,39761.64934535319,131421.6007563288,42794.67442706073,8592.745911440832,22023.34261323813,53061.80499282487,34075.47874931489,35313.71304285626,2257.512376014875,45811.17834366107,23692.92595275722,16280.53885121979,21360.75116266098,65823.47999521604
1368,20093.31861598889,14957.5385533783,74823.96159563801,50572.61194319213,76981.6975960136,48807.17024564643,14739.92569929557,18168.95782354858,28982.51920326705,132164.5442245288,96302.57199968785,53946.72113684542,47382.77753529163,28417.74852219885,100800.7101965461,51174.34562024595,46702.09323136806,33971.60666370445,123221.3924226881,36788.41817747292,7859.786019202443,20799.53389825104,51591.86134988681,27399.11489796052,31850.39405540252,2030.406739958352,40965.14769664111,23290.53932677021,17013.65141765128,21146.99122161964,64251.45129091326
1369,19373.7959254483,14469.58351865525,72789.83266434344,50337.82440208711,76860.1863068104,47272.21335116989,14236.13999357299,17425.89051477226,28996.02604017749,131806.7617668893,89163.63793567316,50885.3533748104,44445.14072886331,27260.05706950526,98116.74583256635,49850.38888225055,44431.61003559121,31681.26126334073,118366.5729977766,31766.19067413027,6907.538840499625,19256.60784234925,47670.89387181871,25542.90892062873,30499.84361902819,1926.278387531172,39677.34492252647,22967.16241714749,16690.76232136182,21096.22552631202,63758.40146708251
1370,18858.9787041552,14232.57411290293,71569.67148497047,49864.37977282783,76884.77435906236,46491.53736422605,14141.81411835532,16831.3392715522,27933.88872559659,129248.452548979,85781.29810825002,49763.15397452829,41993.17179331415,25914.84277872035,95295.04757345635,46769.80778582425,44112.9897862912,29566.05958360056,112568.8339335873,29300.08837713629,6222.584829301632,17956.18987765891,44816.31775912493,25180.72315245007,30228.03007452988,1869.764357543555,38151.89366585101,22967.89226933499,17133.23997100676,20926.612677453,63296.08462857101
1371,18551.29836711728,14053.39532592451,70373.42047979891,49326.11280385881,76685.95918179819,46210.61267243446,13789.13150887069,16535.2156538031,27231.12885489392,126506.5990690863,82797.59531500215,47895.72678068782,38570.19292258204,25437.72804951467,91283.48933544524,43228.19941134108,43825.28503427106,28546.22592746217,108714.6006949931,26809.21650865356,4942.014360011587,17071.72692855531,42926.65962347478,24432.60804095306,29692.43440631422,1774.692972546479,37700.65307413123,23026.4901596565,17193.03424768451,20963.05011148805,62965.54717512382
1372,18551.30163383574,13969.79570818571,68278.62671052442,48733.99972446851,76525.18992333891,46210.61268593823,13883.58793229988,16242.83906052636,26639.03694457541,124866.2975015896,83362.96449876805,47597.01628307844,37554.97556070433,25437.98496341846,89510.50992518534,42721.85856590133,40751.42193609991,27992.00424515784,99346.0129299753,24726.81109448171,4613.59970115554,16216.47711449379,41498.05786659486,24809.55073794627,29686.94835530709,1718.393428235594,37691.59510317394,22903.49639717187,16929.93943085988,20917.02420656223,62843.28414142192
1373,18749.60635031672,14004.5045998483,69141.82288124292,48734.0465088292,76981.23747779086,46504.43162273053,14910.03351273705,17912.87509849915,26891.36578651216,126890.7248529385,88287.74084413152,50593.91009802205,37101.4236777783,29540.91727680735,92309.43758790563,41706.14531301937,39668.16477202436,27287.41246092537,97728.2558733056,24296.29816781366,4497.478028135139,15307.8489601088,41499.2547625114,26728.29228941179,32003.02452098541,1715.61253951839,38824.80219411125,23222.40564520034,17169.11653757084,21150.00651872952,62866.59084068244
1374,19599.81529156772,14392.0248986287,74655.03213386022,49947.0720708586,78684.1034023769,47344.68049763617,16281.18763279648,22731.7860147768,27373.14063742323,134234.3565454941,93298.66498453433,58087.4637640357,38895.55207711976,33733.76561068393,95515.58456613193,41707.6342999855,38197.79273384949,29183.6644257726,96494.32774986747,25957.32348225481,4664.66368814909,14924.68418035159,43848.35640440425,32065.94622536478,37026.49218675598,1715.640190274249,40266.00616850857,24341.68644080515,17779.0181635857,21122.87653249629,62844.52257428115
1375,20816.96099535399,15016.81733614628,78254.14358076673,53330.5201731093,79771.92946941362,46787.61704770947,16876.45954134068,23334.6651191106,28957.44925290081,145981.6188231123,109719.5135913856,56495.54921900883,39549.3690274477,37279.92403028152,94425.06239252133,42720.97850444458,40467.38538881883,34572.71009532278,100065.0385896556,29289.53792164228,4614.313642282966,14676.05160203148,45811.52084398604,35687.60641312013,39437.61206130993,1895.893871765398,42268.71253987758,25026.46983028507,18640.05574997484,21203.08562291786,63048.33377903466
1376,22352.14548009857,15831.17039216983,79418.68254287682,52671.04305515488,78935.23501020833,47393.0077769538,17222.05383634535,22468.39120381126,32000.57767094014,151495.6778761428,126132.3037627818,55779.83626738794,42855.8251386452,40662.5123540401,100917.2158261208,42723.4689614919,42653.53577615383,42776.18972346671,115777.6647298837,30127.04775199051,4960.959724143091,16015.51254694706,51158.97887653052,39938.765173083,43725.35627893757,2194.271634683953,45412.07471481349,24287.27722337221,18568.30261963381,20856.36835228385,63559.98544563966
1377,23478.90330479698,16843.91081020186,84357.91954282024,52712.93598021231,79403.05536788581,49691.39066442192,18231.85345560424,22773.45797935175,37318.03828407166,156088.2931927317,133404.7682179163,56641.14024378992,50142.06999858175,42854.52516303326,106143.946614686,49795.43650598673,47796.24927113793,48160.3794629593,147034.3383981436,38937.36353881521,6519.927019292626,18966.50130318609,59260.29339290773,41783.67032849892,45884.84513023686,2493.12454519814,47887.74646508598,25423.41267697521,17922.52442705486,20643.09589762451,63725.90160785266
1378,23891.31771656965,17344.26181062464,85120.71030243032,50576.04151121949,79306.92979766376,51983.64185269784,18926.31462716061,23085.54611933011,39792.10545805991,161782.030910963,131522.940044587,53621.59497160061,54779.65001833184,44681.76419263797,111277.6644939187,53326.73485016063,51872.85874858962,49850.2343929373,155000.5398127466,43019.80253689393,7511.904236080351,20977.38424946697,64030.00317753749,42856.15949435892,47542.78543490576,2548.111876793259,49528.19254811016,25721.40237088589,17408.29364706889,20752.16790327539,63846.09357090486
1379,24308.15828576747,17739.0089981593,89062.73342041504,50581.34622230267,79879.50486547017,53134.76617992808,19460.13563744303,24387.04010295208,40876.73508635487,163441.8036326171,124111.4312249587,57752.9206768339,58153.69892595691,42108.05940458027,115697.5082819404,59928.5392017896,54644.42530709773,51946.5700602023,162140.1758842897,44209.46985205471,7975.719006203865,22952.77679064402,69807.87195983507,41198.64479652831,44271.16504809665,2620.704481193787,49687.41961992035,26328.66191769703,17097.36340722981,20750.1634423644,64109.81243344017
1380,24314.41639836918,17465.14736303662,85365.46332042421,51354.64564676319,78899.59940458302,53127.70344270111,17900.2675735738,22547.7034497299,41209.25336015428,151158.0824239163,133609.0850043024,49386.17367079628,55754.6400943798,38256.82793139909,113569.715751896,63007.82130094877,54760.98897274653,51158.38651716609,150824.9579778306,42281.06570628133,7975.727737188566,24144.23374280054,66423.45655711505,38636.58348157065,39426.45078424116,2512.038937750746,50842.2035147378,25343.27719596559,17097.36340722981,20906.74425863045,64175.87625005193
1381,23689.18283923421,17222.35981972727,84627.2570610241,48719.41326335605,77730.08127189713,52559.33605747241,17881.66340074784,21881.61872489437,41539.04262879121,138692.248655745,137294.5642426538,51523.07100613527,55341.71167740779,38740.97169472986,114633.6399416155,64360.21741426057,57352.93399549531,48727.83672140924,143827.2690261839,40945.43895687822,8463.706392819513,25244.32696232719,67012.88949781815,38440.62863049924,39967.57125974242,2344.983949561397,51247.80254983485,25293.35238109562,17408.29364706889,21015.99526740112,64234.6064329689
1382,23282.21468944856,17397.41634794379,87403.68592807982,48121.12866971739,77403.13160674727,52548.9125890514,18244.04041875191,22179.01375741319,41840.39416277243,150987.8529952917,134864.5246775263,54568.44757128468,56684.98509650384,40108.60292014573,118875.3722890481,63093.62553605224,57364.59262779111,47793.27314130557,155981.0335479769,43020.83370406163,8498.87861361627,25533.71108761551,67892.08273963536,39921.59030483804,40514.63442971768,2296.034015599852,52539.99532143434,25263.31819254854,17503.9644903107,21123.07290682744,64157.5242460323
1383,23280.25415902597,17376.59456816021,91203.73335217756,49344.29110987963,77716.99036243522,52872.24202703642,18244.02626190145,22477.0337921596,41715.81127552554,159800.6978052123,133456.391458687,58534.25476892059,56684.96681010097,41049.82426663692,121018.2303367728,62033.67466111942,57377.54854883554,47110.33734399088,157229.8018043455,43023.5393806475,8323.552680387927,25154.65769578242,68893.96539383322,41022.56450316434,42147.4749136427,2286.17796960468,53141.2731119582,25539.85335774311,17336.54051394076,21283.20150788211,64156.58893116078
1384,23698.1690502306,17455.76610231209,92839.16148668561,51191.00742823684,78841.7903215451,53415.57279604358,18583.71470080124,24104.95726463409,41710.51951890287,162378.0486665264,125708.1090610126,62120.49191195179,56938.06635165029,42961.57205630381,121021.3683007675,60464.37373125486,57267.45201377892,47979.669252572,157368.4978931654,43989.822474491,7860.578623440345,24940.565824466,68877.7559726454,43579.43043638096,44818.43067207478,2294.78518862222,54301.54975359855,26193.15113887442,17157.15768390756,21680.84821113639,64180.75107410291
1385,24101.56305181103,17543.05583879775,93441.20499276648,56096.5594904176,80874.5062526396,53711.77435712911,19100.02305681502,26337.62081747418,41374.30616670345,165690.1492567742,113998.0069173437,63745.90796035938,58643.30901290088,45628.55805902949,119952.9756175069,58274.43032293334,56314.38995193015,52472.1366940169,157229.7912109052,45101.34596860491,7859.783666130353,24775.20425372334,68893.96642391256,45336.77352130273,45364.11371178448,2399.340320760263,52377.62781213155,27443.65163377198,17216.95196058529,21709.10944848634,64488.96365625902
1386,24308.16367071825,17397.26299783026,93833.26416564113,60584.20961428076,82518.57573660396,53414.88619783088,19015.20187632163,26634.21879449487,39556.11763659953,166614.5995684899,112997.7922143122,63292.71922009804,56199.67612388959,46985.56568252514,115699.8543491204,58276.2980093005,50631.23302480192,53689.25748366702,142637.2016069537,45080.28627100462,7628.526374883235,23891.44932796816,66093.45403430147,44589.36644809196,43229.56675067908,2534.225375868703,51333.05039261457,26520.88354934946,17468.08792374663,21839.13001567221,64471.89924491011
1387,24308.18116627485,17123.161782003,92286.21505378537,60076.33579770333,83294.23694795676,52556.7646707783,18074.19304744161,25744.39240046884,39029.59474210213,156901.0707085454,118344.6233383306,64342.7299395298,55702.38220348854,45656.69498217023,114634.0427854538,56895.8815051737,46554.65808839443,54252.09093830834,142753.342276358,42607.75245330205,6689.953607189245,22779.19575206335,63123.0808322798,45279.28212309072,42130.7611974686,2621.23451519034,51509.34107533243,26323.47863363407,17396.33479061849,21550.62097728558,64580.17850548188
1388,24286.58028573993,17116.22525255286,89506.79687223093,59403.9274268282,82125.49534604873,51364.14851242694,18585.99932587775,24804.92230990355,37937.35376432931,159481.5713153851,118344.6199931326,68781.09714481431,56962.11957740944,41494.00858021902,116761.9091510917,60966.14136606811,51927.67714290773,52891.85023584784,145083.8256909829,45150.84152276682,7974.850208950293,21985.96155994581,63136.71297051797,45279.79184773835,43214.0861179423,2817.048651337037,52484.68126523688,25592.70139769013,17396.33479061849,21679.91723847824,64579.44532485618
1389,24100.13298670645,17068.16694275113,87811.73172736267,58539.51586824183,81918.83882485134,52546.55191464529,18547.83277355648,23382.00608252957,37195.05580405033,152889.7266116507,115393.8546668116,65285.07904242275,58352.70785741549,39514.56424415461,116669.2585582016,63007.82017644829,58896.98277650998,49969.43674648135,145083.9413018594,46348.96792042278,8433.564686618804,23639.15921134238,64112.6313790434,42466.80624194163,41221.95727492542,2827.194854224068,51326.3708000108,25318.0739085948,17001.692563988,21442.86907252911,64500.53458690276
1390,23058.46593201017,16532.29130187518,85814.82428711835,56191.91809907444,80923.3644248054,54289.6789866374,17125.96712973302,21104.46206806468,36359.2077906104,151429.3900498573,109874.8700818113,62403.27045846679,58885.55368460176,35431.37968479333,113578.6163659727,61972.5648970095,55576.49710139944,45061.72811379144,140206.0734881203,46348.96422809728,8785.605369475887,23803.05190924446,60242.64837473219,37457.91709200492,37283.3584042799,2633.914817596577,48685.3982618803,25321.54493030855,16714.6800342626,21334.57130965224,64606.68294238721
1391,21422.53396679487,15736.21380499866,80104.43659826962,52311.12002057888,78966.93801278702,52379.57059268507,15711.44918350843,19847.60262751295,34135.09292396783,156752.3168175942,107893.9664287914,60004.10745368955,55476.13532373583,31387.94945812858,106169.6889154449,57737.46312379861,52604.97222222411,39755.82412936338,135320.3886530777,42608.2218250974,8682.430032442331,22227.54675347132,54462.21725536529,34166.91787015538,35217.23013830074,2330.281880661,45871.28795645187,23838.85737999635,16262.38866441905,21231.35413967058,64835.038438951
1392,20092.23813985465,15064.20713430671,74353.04406311597,50898.82790210025,77097.44110620087,48832.83403315124,14496.22935006673,18192.65272381219,29027.97436602989,132671.8641789796,97866.76449436876,53699.75819045588,48049.16096017077,28446.26648258117,102587.5199796291,51861.42042615351,46849.14892422025,34001.74789938299,124265.3245041733,36560.2884232393,7845.142938746081,20871.78972975754,51254.57722225702,27307.77930738963,32001.2980816572,2112.851007665543,40797.12102039032,22840.29689061345,16859.34830436295,21130.09498776658,64667.59448702356
1393,19372.71544712988,14620.52270220455,72327.26629692192,50676.66514477216,76968.03656572715,47250.86547506962,13965.99554681021,17440.46355226533,29041.68214419358,132317.3707601986,90698.17342200554,50742.70009356566,45363.48705667836,27309.23898528817,99911.27969277962,50642.8894216033,44776.63636083889,31721.04367739935,119598.7374009436,31635.62891330205,6925.573840500021,19374.53238954373,47439.512622514,25487.37489021208,30640.20708728551,2009.191911569369,39491.98321203623,22493.59783789424,16536.30813281002,21081.27508291906,64145.05369585087
1394,18857.898224274,14405.01640324043,71112.11451852716,50228.67815285844,76994.22183315112,46446.27945064202,13866.71768522334,16838.61362319722,27963.74340959706,129782.579683689,87301.78246599648,49658.73727665681,43121.82499417682,25988.03579698168,97097.70188984455,47807.61280696813,44485.79762182048,29614.74591088607,114025.7897839826,29217.4361649078,6264.125262332146,18112.60519897554,44662.03682458252,25132.17477757212,30366.27213631983,1952.932563094944,37945.99794945819,22494.38032747371,16978.99281151932,20918.1632986316,63655.08413315788
1395,18550.21788630208,14242.09393561922,69920.77475054015,49719.35438958713,76782.49182171123,46156.75077970527,13495.51969519453,16538.85480447462,27250.52857818961,127065.9316392414,84305.68458717194,47854.93873524025,39992.43711163989,25519.43722073047,93097.68835997484,44548.020188544,44223.17875980238,28599.20523090546,110320.9938791607,26774.95504930838,5027.499879740098,17254.32126655558,42823.41717286133,24398.48893119632,29826.49633750561,1858.289619038953,37488.68323578047,22557.2043339543,17038.81506509749,20953.20412791014,63304.77612352405
1396,18550.22115302058,14166.07904432612,67834.58120731317,49159.07988035076,76611.27915373922,46156.75079362262,13594.93495860504,16242.88900853791,26649.62811474493,125440.7091106404,84873.40246311683,47566.40616932765,39064.29556289538,25519.68954890684,91329.811338517,44081.99890451568,41417.33553624371,28047.31653737236,101315.6474361251,24733.00501426501,4710.355362592319,16424.38579627036,41433.40105559208,24768.16134848681,29820.96746985331,1802.243789657622,37479.50333603108,22425.34018510847,16775.59714991116,20908.94234275413,63175.20012679142
1397,18748.52587010354,14197.63890904798,68694.23350545549,49159.12414906504,77096.95109916068,46459.56862612793,14675.26760355463,17933.42633809002,26905.71085362017,127446.5262141071,89818.63762374317,50461.18713321546,38649.64510195725,29549.38748698945,94120.68407568028,43147.16617558287,40428.53100067382,27345.69072284729,99760.61447690196,24310.85576334881,4598.218614346276,15542.65191895717,41434.56562409874,26649.8951853376,32155.11977285537,1799.475433066455,38627.9644581886,22767.24936571097,17014.8861642239,21132.99471202131,63199.90087807972
1398,19598.73481393541,14550.00072818572,74184.80814529392,50306.923995265,78910.43348342518,47325.55209826799,16118.40554032315,22811.49400041555,27394.65307043366,134722.6490350486,94850.37845999084,57699.41372505636,40289.89001279236,33667.39650960477,97317.60420764716,43148.5365955759,39086.36536490502,29233.96044036889,98574.5285356617,25939.61194883912,4759.666996717054,15170.82834594241,43720.21950042198,31884.59915732955,37217.79378801718,1799.502959213674,40088.56839098355,23967.25338583648,17625.07315462517,21106.9045868217,63176.51263448288
1399,20815.88052141641,15118.10774234745,77769.14335385803,53508.44037954597,80068.92363889325,46751.42727052087,16744.9284536449,23421.77402306724,29002.53144993684,146361.9205454118,111339.4435876642,56161.74031864413,40887.62868399719,37150.25856534355,96230.22040557931,44081.18892172695,41158.065036557,34600.32099413239,102006.7948458797,29207.09067559093,4711.044803541505,14929.5549864822,45630.36009679683,35436.40659886302,39647.73158168902,1978.944324181463,42118.23307011295,24701.42377767906,18486.51360838174,21184.0393554595,63392.51447250057
1400,22351.06501082113,15858.57714522493,78928.9012733367,52884.42407003467,79177.87834820223,47375.35951413305,17108.66600185752,22544.86576592061,32090.93249858107,151825.2897054482,127820.4168030237,55470.41377993624,43910.48803524653,40472.47013319016,102703.6903221631,44083.48106545075,43153.59803658988,42769.26818432177,117110.2069578957,30028.3300057378,5045.795099510741,16229.36953302737,50833.38663366164,39605.57116317692,43968.94009312339,2275.977442236085,45303.90785069375,23908.92014192865,18414.72690576098,20850.61135730474,63934.76974519354
1401,23477.82283893993,16779.43485805999,83847.86011734678,52924.06436653204,79676.08784631919,49744.13578107009,18171.4787942107,22853.6775282604,37487.50098920715,156375.6858189561,135123.0929868459,56302.37063559023,50571.78722375299,42625.35709840416,107915.37930455,50592.31286397907,47847.90202793867,48130.7932490004,147154.9887435369,38667.4857182695,6551.263618460427,19093.01264752844,58715.8897137546,41414.89272296437,46145.28297435653,2573.483566624976,47812.90446671373,25126.99438843081,17768.64656265511,20645.51338947469,64110.6099107928
1402,23890.23725196453,17234.39060946503,84607.5192212037,50902.07305849074,79573.71805562805,52106.59255111152,18902.39827847867,23169.59684901008,39998.37486796534,162017.0818859832,133233.4472047045,53385.71001520188,54811.59917298574,44419.98123245435,113034.3230558555,53842.41643247483,51569.05899299945,49813.53475721507,154812.3225245546,42670.61421498653,7509.199346833741,21044.37592907614,63356.77262139744,42466.69626133731,47816.16290383828,2628.223096801224,49475.43249395232,25446.47528371014,17254.17518132506,20750.4047911415,64237.99095917836
1403,24307.07782242771,17593.32364481045,88533.35826875818,50907.09252943672,80183.48702460212,53292.97276717747,19464.24420091172,24487.06791758126,41099.14053449446,163661.5965734294,125791.149029555,57376.26948964735,57896.25384523335,41892.21521403245,117441.4471465588,59918.52379880384,54098.96387115047,51901.04592748086,161675.1387690174,43837.16958376834,7957.097476074393,22961.29927790921,68978.58478296248,40841.15086695991,44519.00870244238,2700.488561297919,49636.80291162041,26097.53076531448,16943.09946160313,20748.47715890183,64517.48373336835
1404,24313.33593504837,17344.30860160484,84851.26739981359,51638.81079510735,79139.9278894368,53285.69371701832,17822.48508252332,22625.15164560671,41436.60568365077,151490.7977160583,135328.258558861,49294.60178357973,55702.96375477337,38109.72543814377,115319.7781082569,62752.60485440048,54205.36398102148,51116.18023254458,150798.6374347836,41946.22899830814,7957.1059074396,24117.49056805014,65685.58032272037,38328.50529217685,39636.48319488696,2592.312721120458,50807.13128169309,25041.07948687634,16943.09946160313,20899.05641335188,64587.49904892413
1405,23688.10237401548,17123.54839705889,84116.09186391177,49145.27774926167,77894.43903380685,52699.91874437488,17802.90421470214,21950.89009293639,41771.30122822663,139139.5604318407,139029.0482465818,51358.68883840869,55325.45246030513,38585.22758534297,116380.6404717417,63997.31062703685,56571.30909492169,48695.86180369808,144072.2646995581,40636.54978349821,8428.338694847958,25185.02237980189,66259.09304848965,38136.32991896178,40181.82692011073,2426.010569300905,51218.19006055082,24987.55406342293,17254.17518132506,21004.11995715567,64649.74208150183
1406,23281.13422299443,17282.72260529635,86881.12203568236,48579.16357487173,77546.25104687853,52689.17603272768,18184.30555715084,22251.93593426249,42077.13596988296,151322.1331802717,136588.9136584406,54300.3006048004,56553.5124978929,39928.44758220513,120610.1657018747,62831.57655928678,56581.95117408341,47765.23225650573,155754.8003016156,42671.62534942751,8462.303917412799,25465.84109050544,67114.53983093594,39588.72755508636,40733.15972039077,2377.281229115009,52527.77695987684,24955.35379058771,17349.89078760783,21107.09343435159,64568.04934985407
1407,23279.1736925659,17263.78991912398,90665.56827396531,49736.55522814152,77880.49775201805,53022.40819490443,18184.29065708408,22553.61445031703,41950.69966264874,160053.9628693727,135174.9306841264,58130.98126653139,56553.49577992597,40852.86880818003,122746.8569013869,61856.02881868504,56593.77742727245,47085.17126831068,156955.1509902921,42674.27846219875,8292.99460999373,25098.00721338335,68089.36226149842,40668.46672105577,42378.7439341001,2367.469599571975,53137.14851389901,25251.83284324602,17182.38847591587,21261.08449109746,64567.05809065611
1408,23697.08858503913,17335.77847271842,92294.28211905393,51483.97158319264,79078.36358644252,53582.37974609304,18541.81229938982,24201.52224230265,41945.32918054691,162607.6205423999,127394.4598849769,61595.02492462454,56784.8868192258,42730.49328202649,122749.9858347566,60411.69020577474,56493.28055836188,47950.84373583069,157088.4695182757,43621.78934740274,7845.908343339147,24890.2521984347,68073.59064663504,43176.01711998781,45070.54553680565,2376.038029999067,54313.04356832305,25952.2468651564,17002.92171518131,21643.48985555038,64592.66545258816
1409,24100.4825878441,17415.14869006427,92893.85392108519,56125.74672688937,81243.12270225497,53887.65317636205,19085.22617587062,26461.59387823459,41604.11398129813,165889.273503616,115635.7108993671,63165.05834117951,58343.86977600961,45349.87551287837,121684.6678374354,58396.13043356444,55623.31900104324,52424.40019556822,156955.1408075832,44711.71901350474,7845.140666423901,24729.78512703047,68089.36326375601,44899.46546211983,45620.48743540233,2480.121982515504,52363.22383147951,27292.93423059557,17062.7439687595,21670.66787231817,64919.31326533443
1410,24307.08320737849,17282.58316814905,93284.30348562503,60372.09097816108,82993.98928818485,53581.67211919586,18995.95199317976,26761.83287944309,39758.87625497705,166805.2254864368,114631.3410415839,62727.31105369958,56109.82877224347,46682.66153143344,117443.7864620828,58397.84939739457,50435.69455482432,53636.39753150637,142928.3388838921,44691.06844759658,7621.819386475743,23872.1882613377,65364.49096157325,44166.47399774668,43469.28110680071,2614.399175647905,51304.58541931905,26303.61554014828,17313.99743490322,21795.70490135467,64901.22817418092
1411,24307.10070293512,17033.3502806314,91743.60582099216,59891.52609411919,83820.03667255983,52697.26860291788,18005.54141866896,25861.08301433974,39224.52027779861,157180.9915966351,120000.3843073396,63741.54486716774,55655.18805509832,45377.51021228447,116381.0421562511,57127.35447773558,46714.5691190646,54196.86174623577,143039.9765170493,42266.56912515727,6715.455437146554,22792.85602481699,62474.34568124506,44843.08292885958,42361.89977341242,2701.01620668654,51483.24914011576,26091.97365959316,17242.21072949405,21518.25408114344,65015.98398130645
1412,24285.49982233465,17027.04308035505,88975.59860742513,59255.27385934945,82575.37479036702,51468.12577085457,18544.21686432602,24910.08002878372,38116.03002772264,159737.7700600639,120000.3809482448,68028.68404858823,56806.87698512199,41289.12475291724,118502.7848176581,60873.50244068619,51619.09759761889,52842.34695884925,145280.1018224672,44760.2530059097,7956.258493166499,22023.10059025565,62487.60962395881,44843.58282219651,43453.67965332096,2895.947902835435,52471.71832455797,25308.49231658033,17242.21072949405,21642.59456599884,65015.20694668289
1413,24099.05252273516,16983.34494758699,87287.49259315239,58437.34265900529,82355.29406916986,52686.74305711793,18504.04661740431,23469.69614214551,37362.68889846158,153206.5231663007,117037.3573672414,64651.78540715251,58078.19365910376,39345.01206708073,118410.4008603223,62752.60381944309,57980.72736460039,49932.23533004354,145280.2129508487,45935.10312060405,8399.231355692235,23627.3656222122,63437.16908687923,42084.85265712609,41446.00296474244,2906.048381672966,51297.81591312849,25014.05852280361,16847.38385532036,21414.63218242865,64931.5762922354
1414,23057.38546487685,16496.08759295314,85298.78350428447,56215.97779849768,81295.15465219932,54483.25749381341,17007.5348675067,21164.19309394512,36514.40597161811,151759.6112529089,111495.4454697817,61868.16838715433,58565.33697427715,35334.70939989424,115328.6531076007,61799.78518162983,54949.76536893593,45045.18563131092,140591.471096919,45935.09950001025,8739.191127189584,23786.40729760733,59671.71190215649,37172.5724225777,37476.66475352416,2713.639365077297,48621.29340547306,25017.77987675411,16560.23703647202,21310.48534770465,65044.07373767725
1415,21421.45349469552,15772.23566608165,79611.83994901253,52543.8544920622,79211.64074597803,52514.64753959655,15518.75655982225,19891.90450020206,34257.20294143187,157033.605177222,109506.3126223682,59550.75181374668,55448.34650839361,31363.45147930873,107941.0475225383,57901.92155060437,52237.33717041576,39761.61677885623,135895.2153052693,42267.02937835651,8639.556438046775,22257.53515885311,54047.40661064307,33945.04832582069,35394.41110323434,2411.374755543795,45769.30253364214,23428.15998159342,16107.73404586257,21211.22437261894,65286.08794410358
1416,20092.06987351839,15148.10520377037,74096.97999465352,50587.97542118109,76446.67385285044,48964.16680993168,14506.01201077844,18134.51067237443,28951.40014478732,132202.9464304703,97800.67486096262,53172.2883841523,47418.17849886131,28481.07044212641,103682.785767396,51589.83959605469,46843.44951808706,34034.9806519555,125656.4052162035,36083.52118305161,7875.242403780004,20871.31366978881,50744.293219928,26791.29050358052,32490.6530633011,2131.757620246226,40731.02138003316,22681.30370805516,16732.62711690564,21148.75168049831,65905.38825029548
1417,19372.54718045346,14752.07624996091,72114.81897095293,50360.87916493865,76308.79158027146,47529.36783378511,13976.94745274173,17404.74642768761,28964.65439463404,131869.9648835757,90666.46739192138,50377.42864601719,44722.39163891919,27363.13019705398,101048.048233456,50480.66720424101,44785.05899480278,31785.52316107294,120921.3768679449,31380.03647133446,6962.610597664932,19405.42126302494,47144.05588624523,24983.98437584922,31150.02103792071,2033.993277281642,39440.963008198,22390.64923870849,16409.15236801482,21091.39330622922,65407.50762638923
1418,18857.72995735425,14559.71715880744,70925.83045838773,49902.94386591517,76336.69233373247,46799.63196250429,13877.88851375914,16820.83937941416,27922.37977235962,129488.993590475,87286.36696750746,49352.92255403328,42472.28855504737,26064.10601369669,98278.10299405437,47899.8460906503,44496.20202246067,29708.0826743834,115266.6951131766,29070.44885434151,6306.152032781673,18169.92924915472,44522.98046283384,24631.34002161257,30880.20368577144,1980.933213607972,37912.83991042498,22391.30523730932,16852.43257863049,20899.75371168113,64940.66110322843
1419,18550.04961923687,14414.29394867051,69760.14126310904,49382.30970902362,76111.09116824291,46537.03796940442,13507.50907108204,16530.01723492166,27232.76199061809,126937.2010316206,84304.63964489683,47648.06463311053,39331.11690258625,25603.37379005038,94340.12110386215,44932.78975198106,44235.37263770081,28706.45538406717,111507.5638153371,26737.66370184549,5078.855836600962,17329.62487021471,42787.89395525141,23902.93323822287,30348.54141968641,1891.672303660585,37460.80896689776,22443.97361965024,16912.33530949292,20940.92308730229,64606.88511225849
1420,18550.05288595537,14346.44370265191,67718.86526616222,48809.59335887612,75928.6617753647,46537.03798202704,13606.7051088966,16242.87503227506,26651.74260291072,125410.6025591232,84869.63450511263,47375.35844162309,38399.4804190883,25603.62188239993,92599.66006726795,44508.59214001097,41448.64834794727,28162.12782776446,102370.142879992,24787.42110080136,4764.103879367804,16517.07510250322,41476.1500020427,24269.94576506468,30343.09565811033,1838.813616948835,37451.73513082584,22333.42556966849,16648.76329425668,20888.9200355404,64483.42417067003
1421,18748.35760313206,14374.61376971725,68560.00850889487,48809.63861065185,76446.15174378039,46811.68485400052,14684.65545801149,17883.01257224835,26899.35272338018,127294.6998272659,89791.15022040025,50111.3570258912,37983.26858390895,29565.67338176396,95347.25234782163,43657.65716172633,40466.58149761325,27470.11462014771,100792.3034479792,24384.23128762939,4652.813098415242,15653.8120141718,41477.24899339814,26138.14003113485,32642.16261429451,1836.202687725832,38586.92704380472,22620.06445914148,16888.37421770639,21152.15855868866,64506.95922414364
1422,19598.5665473659,14689.12893522431,73932.36634124181,49982.92728928804,78378.44153445635,47597.1064054207,16124.61105875441,22615.65097996087,27372.11805594245,134129.2826543415,94798.75669339775,56952.55777818969,39629.68986832706,33614.55348968854,98494.59509805625,43658.90459163643,39133.56133930035,29332.51414567299,99588.8220961884,25939.83727462402,4813.043503154187,15289.77749739308,43634.19711374445,31335.17892873821,37628.73805036214,1836.228648551257,40030.65529945445,23626.08547058596,17499.38207641214,21121.50534110045,64484.67473743797
1423,20815.71225542224,15196.21642847782,77439.52772135794,53255.53874727122,79612.82832499444,47076.39206452967,16749.75239489831,23207.73679643441,28926.79901959409,145062.2434003376,111208.7332709257,55499.22769363626,40229.67933593061,37038.94882701841,97424.0742890004,44507.85485015641,41191.14450987565,34625.35301100421,103071.4268174007,29060.56799846935,4764.788119127352,15053.55839457904,45436.77720324404,34861.43017985188,40022.15071663455,2005.465771075154,42036.86942839091,24241.57577544078,18361.98140306479,21212.1307723155,64690.48284217139
1424,22350.89674555273,15857.15312521992,78574.3150525653,52617.66510261278,78663.40762305005,47642.2802673933,17112.68784715455,22356.97170150461,31913.01886038361,150194.0766524771,127610.6567483832,54845.82128577068,43263.92132188218,40305.39051218706,103797.1545568164,44509.94128253034,43173.08000630846,42682.38174470529,118396.3490622534,29844.92407957756,5097.013035983158,16326.14409030828,50346.81998139917,39000.59650657812,44278.40584045101,2285.60758900486,45185.73722942048,23577.18191022047,18290.09812770518,20820.38711837599,65207.14756585542
1425,23477.65457420418,16679.1028945494,83387.36447017369,52658.18567878481,79194.25652193234,49790.69070523598,18173.1569775809,22656.57689527633,37131.03933280948,154468.3391820022,134878.3061998168,55632.14426068216,49950.30375988661,42422.137017645,108928.021409315,50434.62970402135,47835.39714731662,47970.45136944883,148881.7745617143,38096.08067914403,6591.124197525028,19129.79886927171,57785.45729142831,40796.89952099857,46422.03545585123,2566.195514948527,47665.74514022084,24598.3520604275,17643.14862992353,20579.41807025177,65374.68934026858
1426,23890.06898742377,17085.19253218863,84130.66745833594,50591.29264174522,79085.180137655,51933.36954517219,18902.46467454334,22963.07775065921,39558.83976298975,159767.396060133,132997.7239603349,52875.46614661319,54206.08080210468,44186.63484114478,113967.581310556,53393.04859960059,51531.1982574615,49630.13851975379,156651.4125697788,41919.42189600471,7541.833193287262,21040.28448883127,62165.01089229567,41841.13505576959,48067.79988548254,2617.822187410594,49309.06447877756,24866.18824098671,17127.98514394825,20702.65469460007,65496.05891928598
1427,24306.90955808395,17405.57310944266,87971.97980524962,50596.42357851371,79734.89714822166,53009.38152444708,19463.07164228314,24241.27120999256,40623.18607736896,161312.1159773593,125591.1222038645,56647.13841084452,57302.35080051755,41701.30236778943,118306.3603490319,58923.84799269072,54043.86443763672,51689.04979548748,163614.880463463,43033.58528767982,7986.352348426466,22917.05163228132,67470.25736921813,40227.28588882524,44820.20620270372,2685.978151736147,49468.57043818412,25411.9993242209,16816.49094234675,20700.38992469113,65762.36164462677
1428,24313.16767070763,17183.30439792555,84369.16752843307,51344.39088300935,78622.97090049891,53002.77963993915,17824.93284947466,22434.86402774967,40949.48603262507,149879.8827798972,135082.487710728,49008.76035110015,55100.80183427323,37982.30915337007,116217.593851763,61503.58084420752,54149.53954026553,50914.93713335733,152578.8618468114,41227.57004611219,7986.360716184866,24049.02272867418,64362.6828346883,37732.71946101838,40011.07140772496,2583.953917126,50625.3769470021,24526.3254715908,16816.49094234675,20877.30508380252,65829.07274083358
1429,23687.93410937914,16986.2557152957,83649.82095589134,48795.48472817583,77295.88582869635,52471.49896011306,17805.39516040961,21780.70415504914,41273.10801697679,138278.1607758522,138765.5268414266,50959.62963284131,54721.86901380544,38449.82905789125,117262.0045129254,62636.57891629919,56499.36317323647,48527.77821655804,145753.838574407,39976.71074270613,8454.03849123561,25094.19160832864,64903.90091178081,37541.9268402505,40548.2179070394,2427.108823752325,51031.68639232462,24481.45253805266,17127.98514394825,21000.74395748233,65888.37834992116
1430,23280.96595816571,17128.33326095821,86355.31764328819,48216.7990332559,76924.88686106613,52461.75563645866,18185.95545558115,22072.77495229242,41568.82407170931,149721.4533844359,136337.0961737468,53739.89029114875,55954.55333495252,39770.5004541884,121425.9388686467,61575.46513313177,56509.93273758157,47609.89873618088,157607.71294375,41920.38761868562,8487.747477839855,25369.1276561551,65711.17726651132,38983.87409268592,41091.26345781776,2381.150561469655,52326.14245076331,24454.45750261679,17223.82951388655,21121.72721755296,65810.54092767874
1431,23279.00542773625,17111.43410616451,90058.28149006191,49399.89252122361,77281.03120606353,52763.9874113367,18185.94058837127,22365.45956240721,41446.5709694366,157923.4058130447,134929.8952615144,57360.45329678752,55954.53655403378,40679.40344411334,123529.4945655909,60687.46916361518,56521.67840702661,46939.15490653077,158825.6682530599,41922.92157566945,8319.715451408472,25008.9992580891,66631.10719599632,40055.84425085202,42712.11239920501,2371.896887148624,52928.47338454871,24703.01013362899,17056.10186579648,21302.65089396129,65809.59644878583
1432,23696.92032040707,17175.69047736777,91651.92772133704,51186.11320511113,78557.37331037164,53271.86514646122,18542.67384172732,23964.23847417856,41441.37817227248,160322.0988131231,127186.7429003839,60634.48979993517,56186.79890071766,42525.5082827767,123532.5749759079,59372.75455406623,56421.86632084665,47792.96725007972,158960.9420613883,42827.87814246346,7876.002034108508,24805.59634884911,66616.22368481087,42545.35216394065,45363.4527206675,2379.978059013804,54090.78226078326,25290.20085210548,16876.39367320918,21751.93792320269,65833.99532740112
1433,24100.31432340276,17246.53565890858,92238.59022535359,55930.96679862311,80863.95316747545,53548.73917341779,19084.88940894616,26156.93086157653,41111.45223910299,163404.609859885,115484.3938623512,62118.4049073424,57751.65223764237,45100.9190094904,122483.7777782435,57538.08375370275,55557.83265617993,52205.23386152587,158825.6579210089,43868.85722152739,7875.240148600383,24648.49078309953,66631.10814181657,44256.3998411337,45905.12827682493,2478.143098206177,52163.49055336074,26414.16346955478,16936.29640407163,21783.86930165429,66145.22771261408
1434,24306.91494303478,17128.20880054542,92620.63307401504,60271.60828947515,82729.5249856434,53271.22334966797,18995.81208924425,26448.21887293121,39327.26507476687,164264.978746759,114484.8413884067,61704.66860958681,55509.19890974833,46411.33158241401,118308.6633867841,57539.64844694046,50405.55653147808,53400.62625830255,144593.1356783364,43849.13410750472,7653.603619652473,23808.85907803541,64059.67409781709,43528.6824434852,43786.25737895712,2604.784387355936,51117.08354743979,25584.77009010541,17187.88787481067,21930.77496915547,66127.99610769625
1435,24306.93243859141,16905.74564304658,91113.10795891841,59780.37165125534,83609.68954709271,52469.09535971931,18007.58551888933,25574.32295708455,38810.58851755764,155224.7762535188,119828.1324453943,62663.27042173877,55052.84623428733,45128.08980588728,117262.3999681686,56383.17570758216,46709.78673579443,53953.4118470881,144706.4106148239,41533.52315538693,6754.077341908251,22752.13697195764,61332.273639459,44200.42299505667,42695.52142817372,2686.475791660472,51293.68300481642,25407.34053556294,17116.00459665888,21604.79875030293,66237.3362660412
1436,24285.33155798075,16900.11588967642,88404.6983280028,59129.99036197061,82283.48562657321,51354.29894485191,18545.07310423648,24651.67211112518,37738.77319112787,157626.4006637739,119828.1291024113,66715.25462270346,56208.87187100411,41108.33597119377,119351.2389468061,59793.12086337872,51580.89590049008,52617.45455563886,146979.390115724,43915.21147014388,7985.519694862971,21998.5065730394,61344.79068615678,44200.91929152936,43770.89043562717,2870.322360988914,52270.73151151697,24750.51049172426,17116.00459665888,21750.88604992811,66236.59590186355
1437,24098.88425829311,16861.11130770008,86752.93869217047,58293.8956191073,82048.98666789361,52459.54899910417,18504.99143874604,23254.23021904115,37010.3567090555,151491.49214752,116879.3174392611,63523.58312235741,57484.97571223694,39196.85905649576,119260.2876667125,61503.57990213369,57899.17770797549,49747.2128383557,146979.50287394,45037.29707664593,8425.150739836003,23569.16504678308,62240.88021218678,41462.0389169039,41793.39174050105,2879.848458691549,51110.39225547168,24503.67249947507,16720.64657240846,21483.05366154211,66156.91201284014
1438,23057.21719994234,16426.18953350724,84807.0482252022,56023.20160343661,80919.39390764403,54088.93478002577,17011.779722153,21017.4608606986,36190.13962363033,150132.3837928484,111363.9869018487,60892.6509997311,57973.95337488067,35253.87724009941,116226.3312188819,60636.27318320607,54888.86859885659,44927.11804168438,142221.9948482871,45037.29361865915,8762.545831580464,23724.87507608739,58687.45688726186,36585.10383299671,37883.71784835867,2698.381112396295,48464.79403105077,24506.79228924446,16433.11346259351,21360.69182688276,66264.10038793088
1439,21421.28522898766,15780.08545463822,79242.54946953473,52269.53260246829,78699.38191047456,52303.46342390255,15526.28439437087,19783.10285641205,34007.61722214645,155086.3337456263,109384.3947792569,58702.34764237881,54845.22582178241,31349.28472711725,108953.2915682373,57088.22827466984,52194.92280688814,39715.93659203069,137456.8626837668,41533.96273783554,8663.662793342704,22228.03014574791,53379.85766917775,33380.80262254723,35832.76318031145,2413.305300765895,45645.75478703175,23174.13757482563,15980.00173176422,21244.07037550835,66494.6932643632
1440,20092.05661058502,15027.80333620658,73531.69198042752,50667.47409200549,76553.0173340449,48959.03014748819,14519.78957433069,18036.05504434022,28764.34170670385,131111.7618724275,98437.30667865225,53320.21205036141,47392.41501608976,28882.78316530984,104392.6346524779,51019.02647920916,46017.59358305193,33728.74608831401,123294.6773951919,35538.76236733732,7963.586892885974,21001.35413909213,50306.45161991219,27142.57908721954,32876.07941685547,2110.612165157316,41080.19579586452,22761.28084884468,16745.19136582495,21286.70720913689,63933.41733956819
1441,19372.53391749329,14633.40323431401,71580.96204809984,50435.7117081922,76397.03941014264,47542.09479917535,13992.13909603949,17344.27759105451,28777.07589775565,130824.6773234127,91217.06176021234,50564.749997708,44572.56550283219,27812.95516352133,101887.7944217526,49982.56353706025,44081.6503321491,31632.76193416328,119010.9874115433,30899.10071818331,7074.892785942687,19503.86169052793,46836.11547060627,25450.18793484505,31615.89198026709,2016.907145264926,39826.11109395795,22464.95932876567,16448.00068306905,21220.88835569769,63631.17185372988
1442,18857.71669437485,14441.83530873403,70410.82730479605,49968.36725130864,76428.60185481924,46821.44433305456,13893.34492103913,16790.76495495167,27775.69714588259,128771.8906862202,87796.19784237767,49554.68583575574,42218.91055328189,26569.83644364195,99254.41246883199,47570.9226917823,43809.97656579801,29697.05861061035,113895.3045027957,28620.85262156916,6435.65267382386,18241.73634456443,44309.61181296635,25119.96596752732,31362.26501111007,1966.050215516695,38340.60017337767,22465.62811773356,16855.26198830779,21000.98152347942,63347.76605838557
1443,18550.03635624604,14297.01021868987,69263.62242192734,49437.03566842694,76173.3928220351,46562.1197048219,13523.9554257325,16515.08112426131,27113.1379903667,126571.8281819461,84778.51134493876,47873.86041107708,38933.17921937325,26128.93252560544,95510.58017458802,44798.36545451629,43564.66311271366,28763.7691675438,110494.489997916,26319.7217641033,5240.54760548023,17383.31763924069,42637.12945378903,24437.87388770591,30862.50512506797,1880.495553268697,37901.17425014643,22519.32340461648,16910.29729954921,21048.22346739292,63145.14261471677
1444,18550.0396229645,14229.4390381341,67254.71490141113,48852.5517638693,75967.02141962311,46562.11971728734,13622.88633312813,16242.88568152221,26554.916139002,125255.6506397047,85350.31995663405,47604.99841706921,37958.66794640825,26129.16994092683,93855.92700010214,44401.97521959869,40943.71241368521,28256.57935075364,102228.0392697984,24395.94261795882,4934.051373738441,16553.2518474976,41372.71490620776,24781.55044792281,30857.38613626945,1829.831639006988,37892.35344075221,22406.61993824279,16668.14193060003,20988.54985763809,63070.19390114826
1445,18748.34434014861,14257.49324279266,68082.52015101226,48852.59794542948,76552.42670344909,46833.34716285462,14697.95554471037,17797.64830342613,26792.81074766647,126880.0506089195,90331.18839766658,50302.4290509566,37523.30165010255,29920.70858284523,96468.05803528316,43606.82148364223,40020.06567642466,27611.78000535292,100800.597980412,23998.22381410188,4825.679672766646,15671.37951502924,41373.77424454437,26530.95825344089,33018.49764129772,1827.329119505911,38995.89018209338,22698.84758446932,16888.2831755657,21290.61660892643,63084.48118876263
1446,19598.5532844141,14570.7148194717,73369.68860273004,50049.99408731712,78738.30995217712,47608.99000762643,16134.06244302461,22283.93626401888,27247.02612289741,132772.5787292125,95399.1858377616,57047.19295102998,39245.49279454008,33795.33903329622,99460.2311223994,43607.98714092358,38766.34275571971,29347.11392920812,99711.83131778576,25532.72129446437,4981.707345142861,15299.49755604134,43452.89690798239,31397.55086544653,37705.85375182309,1827.354002398679,40399.35963638242,23724.48354325141,17449.6433538196,21255.44197816696,63070.95307542059
1447,20815.69899251585,15075.71668128975,76821.23698850317,53389.84761615319,80134.6975027962,47094.75869839905,16757.53290613781,22845.20193471837,28740.70585918902,142198.5788617481,112007.0642194557,55614.34970550866,39873.09434320918,37072.36035641014,98442.48891627445,44401.2862612208,40701.52668082388,34278.83921727063,102862.4774943291,28611.10584213637,4934.717666363772,15058.18631038747,45190.43759400435,34699.59047393578,39955.6497551315,1989.564144171703,42349.62987436309,24351.97440254714,18242.15183774827,21359.43484844996,63195.89180092583
1448,22350.88348270355,15733.93497071572,77938.03001759807,52738.86763566476,79060.67495276769,47653.60144303506,17119.49830726482,22038.7221503224,31609.75498797142,146623.0583818574,128606.7923819263,54970.15402825599,43046.97500652503,40198.22580083403,104501.3648547046,44403.23592193433,42565.56297745533,41786.16248246768,116726.6428365729,29384.81874902278,5258.228554118488,16358.20496162837,49923.31972603846,38575.5738295342,43956.50840419043,2258.074051012701,45410.69053937763,23674.62648315754,18176.10946579774,20909.9081930497,63509.54044063423
1449,23477.64131139696,16552.50409212924,82674.75899795738,52780.22078468846,79661.19239133816,49775.26360106032,18177.13302382749,22322.73184173655,36623.03528498529,150308.1716924995,135962.0885726282,55745.39261677405,50041.07106932192,42223.87493030092,109379.270735301,49939.54392777399,46950.53332229638,46713.44392007304,144306.2267914048,37524.01281099224,6713.150216374284,19222.29774258997,57093.56145345344,40257.66148582118,45971.50958190708,2527.011542789627,47821.54267556241,24715.70695182827,17581.72810028595,20633.39571053995,63611.24904822863
1450,23890.05572463192,16956.9234986444,83406.27544412865,50670.85947122001,79537.80083673066,51891.26552109337,18904.49143269861,22613.27825136184,38955.57578114131,154876.8253258593,134058.8267993688,53027.57396167214,54492.70298405305,43912.43493070834,114170.3712616985,52704.02993125924,50426.48267929617,48259.89588993083,151335.270350133,41295.47390903886,7638.922774694869,21173.96743893345,61315.09513866887,41235.50079755965,47518.5199609983,2576.494597892734,49419.03755472781,24988.76528233962,17108.42442309667,20774.80999258127,63684.92817052169
1451,24306.89629530766,17275.98636285654,87186.67617088425,50676.09583291229,80272.78662233298,52953.88086581384,19463.60001437902,23824.93725293918,39978.16019514917,156208.6265170269,126562.9025601134,56746.07892180624,57731.46624745368,41534.06248596502,118295.240683341,57872.26947067316,52789.67813625964,50178.33419171305,157634.987157236,42394.51886742229,8071.782500762536,23091.191794597,66428.92151272311,39724.26592179906,44465.79805021107,2641.820623714075,49574.09564196007,25545.21834574331,16822.24080361517,20772.21116441345,63846.5910124479
1452,24313.15440793153,17054.63183403577,83640.9936229434,51439.43155835562,79014.93132006594,52947.36117651918,17829.83962653466,22112.5599074784,40291.65707490392,146352.1718806264,136168.7324812886,49215.37510856595,55428.5999218087,37975.12174938781,116309.4541343763,60282.89339259503,52889.06695456624,49457.03677670135,147650.9112593806,40613.01001437665,8071.790649040448,24247.56463684632,63433.47225637935,37388.31293262268,39945.23525985638,2544.032589306557,50698.64424956358,24642.27602080498,16822.24080361517,20975.22167642863,63887.08892844556
1453,23687.92084657976,16858.39360508952,82933.05371594508,48838.15324432718,77513.67977793809,52422.69508207927,17810.35415765704,21492.45135314291,40602.58105966111,136349.5901748592,139896.1884998076,51138.74399974041,55032.22825562426,38422.52123022306,117302.3734698997,61341.62017295518,55099.10686273871,47232.7461273646,141476.4426649276,39379.12401405798,8527.201560484773,25315.26407886209,63955.16249052573,37209.6515877784,40450.15029785978,2393.699940930579,51093.62363246873,24596.52817489601,17108.42442309667,21116.86803999734,63923.09123857964
1454,23280.95269535116,16999.88679124906,85595.64939147962,48247.57734337483,77093.99095457875,52413.07306538877,18189.89729415262,21769.31883982387,40886.69406353594,146215.5798322956,137438.471330215,53879.81276820851,56321.64187160332,39686.35554260915,121261.0183663853,60350.06545903187,55109.04767646053,46377.49064728172,152200.4170888734,41296.42652752511,8560.02638375468,25596.12688540811,64733.31127813233,38559.91468641329,40960.61041490192,2349.649935061089,52351.98339015077,24569.00680234351,17196.480921596,21255.69658185641,63875.83892874383
1455,23278.99216492162,16983.05714203172,89239.89540775082,49454.97975318218,77496.87563658423,52711.54197450257,18189.88246667973,22046.76818826108,40769.23782278119,153287.0041678702,136014.2997905083,57449.33857845003,56321.62431841087,40556.14252256352,123260.8649808594,59520.2801867203,55120.09463243523,45752.50953777458,153302.2780652581,41298.92610045013,8396.401720810949,25228.2352487989,65620.04895491067,39563.72515518378,42484.2003589541,2340.780487264113,52937.51814271459,24822.40560129102,17042.38204858086,21463.30687578376,63875.26556945219
1456,23696.907057608,17047.04922924158,90808.27121966433,51277.90176239568,78940.72471083586,53213.09649711008,18545.66224609678,23562.32504378607,40764.24877610207,155355.0698146741,128177.766197847,60677.22269024635,56564.57559730345,42322.79745724778,123263.7935214026,58291.74891209017,55026.22005790105,46548.06897819538,153424.6577038089,42191.60302712208,7964.32659863793,25020.44761090859,65605.70245991366,41894.94126806563,44976.44707540808,2348.52611667682,54067.41568254632,25421.04510154149,16877.27611485659,21978.86467369202,63890.0772543559
1457,24100.30106061871,17117.60302726451,91385.63102700369,56120.24746140747,81550.01980509434,53486.52336899017,19086.42858365232,25640.88009308708,40447.26819142001,158012.6984488905,116334.2886227521,62140.21981744668,58201.44496038846,44787.37150196014,122266.7039135231,56577.34607475477,54213.58507792865,50659.30065915101,153302.2687180487,43218.45673383719,7963.58469685815,24859.95534199995,65620.04986660444,43497.19442581227,45485.6194043198,2442.615195284858,52193.86709036003,26566.9222389659,16932.31142609801,22015.50599669325,64079.01528279184
1458,24306.90168025844,16999.76284273721,91761.61582914868,60550.07574587133,83660.42902337512,53212.46269085711,18997.5893491362,25917.00554063362,38733.0874202984,158754.4771335595,115322.6816990636,61732.31574529765,55855.79181579951,46041.3884948975,118297.4301771863,56578.80819783749,49367.80189073746,51773.13523117179,140426.3768566164,43199.00124894851,7747.76154031287,24002.22381129073,63141.39646368591,42815.7478981256,43493.89129795284,2563.998146973844,51176.63946194931,25721.35771868052,17163.4597343381,22184.08055484381,64068.55459291945
1459,24306.91917581512,16778.21466768353,90277.99551243772,60048.74570999132,84656.1062661365,52420.32140714795,18012.00410327727,25088.59897577014,38236.68377108434,150960.3441553873,120730.412027818,62677.40464580598,55378.43735989124,44813.37296218523,117302.7494284876,55498.14558236222,45891.88198539877,52288.20601576471,140528.8545347085,40914.81154973726,6871.829212822705,22922.72209153234,60512.40411484229,43444.77678743606,42468.60492869538,2642.297600877668,51348.31438976366,25540.46872210961,17097.41735982226,21810.02216761226,64134.9310849816
1460,24285.31829520361,16772.60806927337,87612.53308387683,59385.00109136032,83155.85151747015,51319.40450334561,18548.05509587528,24213.97534610245,37206.92340766249,153030.9371571644,120730.408644519,66672.27013095526,56587.66438649643,40966.61529190094,119288.604885359,58684.55899729069,50473.22396357555,51043.39684517622,142585.1758077641,43264.18198708304,8070.971687124397,22152.84578534422,60524.46953042794,43445.24152760732,43479.44644764603,2818.510583174386,52298.11760179251,24870.83210010496,17097.41735982226,21977.65764692778,64134.48163641941
1461,24098.87099550903,16733.76391164861,85986.96537060734,58531.72718052634,82890.57694628775,52410.89390125469,18508.08056035693,22889.27521142328,36507.08790167108,147741.6427170941,117746.0347643523,63525.5899653141,57922.49572981842,39137.40166699573,119202.1376670954,60282.89251227691,56415.65076944095,48368.98259978963,142585.2778179748,44371.04166127014,8499.071514764632,23757.36272864233,61388.2269961102,40880.50894450768,41620.60750877997,2827.641142923,51170.13475869217,24619.18137117953,16734.18430511584,21670.31942575113,64086.10840276664
1462,23057.20393711945,16300.63095405308,84071.93085345223,56214.37740695489,81612.73658071278,54019.99339700888,17018.85988873585,20768.93755228543,35719.05378502366,146569.8690476464,112164.1901853891,60931.74472575269,58433.97660558372,35364.11201549874,116317.7607335682,59472.44025050056,53584.41561896446,43877.74755477287,138281.2508982391,44371.03825020583,8827.616967307285,23916.42937771761,57963.01574603419,36313.66680301067,37945.53349386706,2653.708594728256,48598.30984512824,24622.36198921327,16470.01480961786,21529.90896669224,64151.17862432168
1463,21421.27196610381,15657.18427651101,78595.66825354731,52383.58208648243,79101.3705009436,52256.75163286603,15537.33498162009,19598.83221639762,33622.16731035952,150840.9840727836,110160.7244849939,58772.31693671791,55161.26206022499,31627.55952588738,109403.2950298995,56156.97991996995,51050.72431244885,39022.10845639056,133970.3265652465,40915.24516735343,8731.32756256627,22387.31716626725,52846.92152073963,33313.10650229688,36017.64630576851,2380.469561051723,45857.88036753092,23263.72376973322,16053.7208481522,21396.08560935878,64291.16329659383
1464,20402.10264915515,15072.09177801132,73585.51895728137,51334.88376641745,76711.44772174525,49213.20279073728,14840.79614168203,17706.67878205018,29534.98744615242,157133.431830336,137600.6148253793,57369.52721518619,45173.73142359014,28275.42760094024,105587.4331291861,44551.14712285822,44266.94704217352,35187.54442808651,146585.7433369771,33035.17428392689,7310.204122725479,19560.53200723648,49211.66314507002,26527.3851635382,34613.15665872805,2193.970877915418,40765.5008522811,24388.64500092173,17511.92012751983,21384.44910789264,64380.73015136379
1465,19449.66356879815,14494.24329422279,72158.10876526368,50440.37191475981,75920.57661080314,47385.30304967077,14378.15857722567,16862.39416840343,28893.27740708541,156199.8479581188,128802.9616121909,56828.45938943487,41508.89669045258,26600.27775947371,102116.7162555504,44154.09361607163,41287.00396746577,31146.52640515544,138349.1378458455,30751.11740814759,6522.618996303074,18123.66295857854,46024.74090537598,24811.57855782885,32862.05014708619,2028.442160758875,39527.27892887686,23088.05304201534,17318.50109865161,21609.27522634974,64027.09263578631
1466,19071.34254812537,14326.6059427141,69390.61693433272,49109.27637798202,75765.99871533179,46980.76536713926,13809.2181220923,16547.45071036423,27384.87079328355,151039.2662644652,122230.7491794135,55770.44904057672,39929.1654033345,26353.08298390768,99789.02343875502,44526.93695955369,39854.68931759545,30570.58341805564,129540.919090118,27860.10060060556,5918.920899190923,17145.47509787913,43908.80611245758,24266.65039945423,31999.45642262369,1944.904696658831,38422.27262071302,23000.30406483932,17014.49627987604,21530.51508604923,63528.4397511014
1467,18935.60011571801,14185.06521499723,67593.45407381642,49134.47740834115,75727.4577865527,47114.55659518121,13940.66467728656,16242.85800867309,26390.56099587756,147789.2793701714,116993.5157363024,54898.59709589984,37943.85434744027,26117.63144408674,97813.84431572427,43898.74276669854,38474.3519946071,29196.16430205511,120323.9424809316,26173.36778220794,5425.429859151715,16448.42366697507,41748.0311313626,23444.23588682404,31302.41583966442,1863.733988582354,38433.5556022999,22920.59431490769,17073.6558608844,21609.25495014967,63385.29731001826
1468,18550.03612168109,14020.24976626996,66677.32834575772,48886.89450282272,76569.3074054874,47107.56786223656,14063.22616827741,16531.12736785981,26371.98402066053,146444.6056063954,112613.3435355116,54894.54893418699,37400.90854280142,27313.82493533627,95052.47505103037,43698.33220940382,38334.32677679467,28705.38048055656,115744.4606286327,25333.24879908419,5074.900578304329,15953.90844733558,40687.72809622834,23452.21434049504,30813.91986053468,1785.737253014235,37883.03550201865,22615.09712629392,17037.13591234699,21684.23182277136,63383.69792715534
1469,18916.55933104188,14100.94018016717,66612.8296086231,48887.01214484526,77655.51353215543,47818.36597397067,14454.86810056465,17685.44863684271,27674.85695103074,146327.9198484535,109659.1322707462,54895.91320451169,37225.11820361745,29873.50858186725,98268.28459774518,43481.14834443357,39018.93265465274,27147.04165306356,110102.3228371609,24631.53606168212,4879.097107011914,15444.80841483377,40660.18954215062,24267.73183835374,31831.61894432417,1772.028034267086,38448.35914750166,23393.15380930548,17555.628807281,21796.73406668738,63283.87433003519
1470,19697.29812598068,14346.20239574737,68720.4412425062,48973.4590468958,79300.52573290754,49517.67096629157,16070.72072485342,21273.24713429631,29750.15358186318,148124.176298246,112610.5993594386,57329.49437427104,39029.64340694954,32115.05437474187,104485.4791642148,44971.62073545838,38960.89561240472,28681.18390785027,106610.0092869882,26294.0189898024,5127.65747461147,16846.1501019164,44332.1930571543,29406.33445925949,34581.39482707703,1786.393526919902,40719.59769961154,24630.20513672697,17886.24686913482,21834.15648345173,63366.30073857442
1471,20628.31001593318,15094.76718487269,79532.23603186384,49932.92322574947,80628.59753237749,48783.99586233408,16916.41882132508,22333.08412008042,30614.736502045,143234.2312284188,104082.3162195721,61816.76339487113,43658.35752810733,33676.39408931366,107654.4878232665,46490.55251459008,42748.91879992056,38458.96831430257,102530.2656640505,29834.51246394379,5492.390241036147,18527.90845270558,44958.75845078978,33905.68858418214,39026.4461780626,1962.060541049864,44410.43050514826,25583.58483684778,18173.44735355254,21624.31269707636,63329.10055326177
1472,21744.91219646033,15428.17151910388,77663.95456151123,51335.73984866266,80314.68689022464,47192.74591520856,17266.42637567324,21656.9828707463,32136.71049293306,124715.9177978656,97920.51094566628,58485.27195277083,48604.02179814735,36194.57172478928,107888.6911005444,54242.47544929089,45291.05999181046,37145.15527525329,98647.49397880847,31435.51506418654,5848.911008315816,19962.78330478796,49910.2120580928,39134.01258280251,43472.31714100157,2193.363321296211,45457.66069422902,25369.45266090337,17313.1303667193,21313.65123765761,63570.6120183748
1473,22579.86616813105,15965.55850751227,78200.94097043367,53782.85695620008,81064.9196307349,48423.06716011638,17303.94940015701,21726.17881194501,34926.38606903754,123776.7588307594,102389.1367026121,54865.0835129566,52408.10416508005,38370.56948429522,107888.6910838683,56094.32409815954,46596.2836324183,37685.17532732163,102712.0580637104,34309.57843816996,6764.598885427788,21498.9358488691,56557.95826445698,40743.09856171454,46129.69290039844,2440.375826673915,46169.66566786673,25912.2582659539,16620.80833330759,20985.11151088568,63630.01939164921
1474,23087.97971289973,16341.73493824242,78805.89379799092,52320.84072523176,81587.89355448344,49661.29348931407,17411.01069852767,22645.26658368626,37893.93879432805,127066.3582413704,110259.0180466681,53751.12365932567,54580.91979559649,39805.32828822381,106605.9290038566,55158.28695964548,47868.92438614855,37681.74790033697,113219.5000637445,36253.63952967482,7611.661520704467,23308.3751289975,61764.54127960719,39091.63003226593,47191.08444958064,2586.136615879104,46392.05273433064,25342.80669741953,16068.93478755292,20821.94189190729,63914.52249362726
1475,23335.39129175249,16457.61773765639,81864.14844756108,51334.88351767027,83163.41586400218,49336.16657657672,17796.16582114144,23706.01142977622,38647.61453647982,127638.441223937,109379.8546331366,53899.03201675518,56727.72078310178,37990.72063983729,104676.1727857096,55963.4718730051,48725.10268309962,41543.44993499135,122599.2858575541,38171.15566363176,7552.290399231011,24345.82791674773,69009.61992677102,37408.24556045412,45567.03563619419,2627.602949032931,46716.37414885757,25583.69570346876,16085.11918936747,20859.06376079372,63832.94966084048
1476,23094.71011731846,16149.32257223613,76236.15578328028,51335.25399977672,81878.99844297225,48491.99529352492,17096.1701938409,22340.48197094282,38144.87250618618,124381.1186784732,104089.081954387,48837.24090744896,52377.81255594345,36445.74813377533,95631.85256832492,59712.82459747493,47711.64726831465,38917.46567082637,127168.5613221773,38201.62257178,7287.192031473127,24373.25675015236,64218.42237558905,35526.62011416073,41100.08401782261,2584.254241611641,46241.53457835923,25240.23713371353,16674.12574483898,21009.73892557412,63850.88091137799
1477,22846.51181970895,15726.57138715606,67927.7630163304,49319.49083358292,81015.16847983171,48098.66251095261,17198.79960534009,21423.20564514936,38100.66954367729,127807.9436703017,99611.46464021846,47602.48188244554,49511.60281726787,35435.0017141577,96927.36565711292,58067.79304667074,48739.4465533722,35187.486930554,129305.6102792086,36565.59658595239,7353.659039777717,23137.39355100378,61905.13120298438,35093.81406759273,40570.91144728517,2386.326221531836,45972.29072999303,25072.9936607212,16976.41651250108,20859.93323953859,63490.57651561682
1478,22479.76404080819,15610.04548546997,70278.80147676745,48463.13951837457,81312.03440383998,47707.81657198945,16615.8724887593,21558.20992014772,37551.8409300717,128105.8689164803,94388.13714907588,48294.02823537861,50145.0808764937,32492.80659012697,102112.3942608048,55376.40901374917,48782.58050259868,34438.50834339124,134021.1556530861,36886.5740731826,7552.74494325628,22915.6527399689,63080.27340958863,35273.36614518407,40541.64001772868,2362.88090286864,46508.02191025543,24932.14675590553,17088.39596596142,20859.85485044764,63311.27953398736
1479,22238.43900760868,15582.66149440909,73121.75647918523,47999.30779584344,81727.08978345062,47832.11388411568,17095.24429144132,22032.04512213392,36796.97651231728,129351.4624851221,93417.53228809292,50415.77263571174,50094.2403207702,32101.97300956806,107937.8167863772,55205.64093460105,50156.10121135641,33689.31996008068,131736.8193010187,38170.48856732715,7613.377392033233,22067.61456193716,64129.57779848509,35797.75345003949,42159.53671802321,2313.750126712097,47609.42251799865,24524.43442474968,17013.77533174842,21084.91526095843,63426.63706616839
1480,22847.10563830154,15935.41224689535,76304.09551794307,48887.91431752518,82061.59934883409,49055.89737844675,17922.60445643496,23331.18689598444,36904.18818365957,132507.0640010303,99674.6895904904,53750.01240598501,51678.16825277642,35351.29939973132,109169.6452229493,53249.72490538999,50735.02871581235,35684.89277195199,134021.7779064056,38500.15688836827,7671.073987779225,23200.84562123521,65196.70111016,38520.43128527534,45336.44689465431,2363.438295446176,48627.78770842315,26244.09231444712,16988.58700745256,21493.03139314646,62998.04898606292
1481,23557.01816315028,16373.73051718294,81688.47570108187,51776.2703440715,84023.68721656514,51051.71510681063,18715.69182416602,26002.70765183991,38628.91390562202,137297.9288757232,105851.6328395662,56303.39899109196,55641.36574400836,40771.82144779942,114929.8311808943,54922.05026189743,53000.37051062565,41200.3225684359,135067.8985939359,41689.66882109889,8102.62754027551,24590.91736578708,67326.63069414126,41017.24817029345,47715.93328770042,2442.044825133503,49949.88118065892,26692.5032174223,17311.36645920638,22021.75855267045,62980.15143150741
1482,24081.02802857926,16922.99737743158,90481.45990823454,56335.83580071628,85261.59699770066,52536.60542119586,19462.66002208841,25382.05084627957,40046.52861489236,140190.2294189747,110257.0103981948,58125.59264470178,58548.83520590694,43365.14727475965,122004.3690332837,62304.62704442574,52413.89306549121,44270.11034200417,142018.0746297226,42661.53873597721,8280.027730591648,25370.23870859657,65327.30337902491,42947.1059535096,46431.08771220658,2519.770688696761,50896.73328584678,27003.75179021247,16699.22254594263,21948.69056777607,63178.67862631602
1483,24313.15417195421,17176.61747738342,90131.8740111395,59804.45506676591,84923.53211516516,53235.1099892727,19125.56763699027,25355.19167300552,39937.99266422235,139661.5734913337,108559.7745616863,63773.21785892826,57258.32887535806,44136.8993670599,115064.7923991712,60690.54884992348,54761.35411244409,50165.68134385224,146588.4440346758,43628.9452840963,8772.25727986902,26063.05176081188,62028.12721100762,41601.41342399755,45853.48546553154,2544.835430637073,53374.80185105488,26976.47522296819,17416.96225254338,22164.12861643851,63698.92961225871
1484,24313.15417337067,16943.50435394631,87456.04082204004,57788.52881089786,85023.51480801382,52295.41285080172,18731.09184356905,24467.03092642628,39079.75649832867,139134.0912678798,108370.1723502504,65481.29450182203,55116.746227821,44617.03208216361,110978.7679716573,58688.26529944588,53386.40901169453,51162.08769100319,145444.8565517218,43627.56273654968,8762.275220227202,26160.22315800297,63065.64163991129,39644.50733974199,44013.26231087695,2755.934898612668,52222.14817971959,26543.72631831712,16991.92764635699,21876.16985422213,64526.86944396696
1485,24067.65793294627,16940.16859335325,87489.59459432043,57343.58490330694,83748.16897824871,51555.50958121714,17903.60392511573,23099.29688135363,38098.90048104445,140108.7547866481,105280.1962178937,62714.0592888778,54382.73729637956,43216.92659422602,109812.8610893322,56118.58192024993,51917.54064547368,49199.20007976308,147727.9561811054,42886.87154726698,8522.889037264895,25109.69089976459,64550.63954843547,37445.742269749,42155.67424188365,2781.975200280994,50150.57519826935,25775.5673810335,16765.97565405419,21721.92837916167,64618.19160469954
1486,23194.13512558128,16617.52692411006,85549.05948757869,56150.28100345388,82672.63171151644,54023.82466344821,16909.70041362719,20967.396612887,36170.36148118845,140126.9472015495,98796.85188921393,59682.12479716198,52377.31040941138,38823.67017062473,106550.8875839868,52361.3300188445,48008.30925371865,44981.31690677796,151195.1821552897,41351.81456563094,8280.497379670329,23812.40622829302,58106.05719751678,33091.82657871082,38984.97684042153,2711.89584504313,46938.71905370014,26056.40740107257,16603.24361161811,21755.78451859078,64353.52380970472
1487,21753.2925958657,15876.69501432172,81394.46864690472,53375.14001022019,80548.27265568571,51988.31514506767,15563.93894096149,19604.01512539259,33703.10082020797,130335.3200200234,86550.6563540149,56361.77870798296,48947.66613035321,32496.5545338158,101971.2402640951,48607.65129265884,45810.14062100752,39700.56291665494,154346.9035551546,36977.16156753096,7795.343064002126,21330.52835638199,52414.42708511549,30097.70245665804,36598.65135249044,2420.176252289077,44949.97120477469,26103.45894677935,17355.66756519333,21724.9234656048,64445.76886223861
1488,20402.10300222975,15038.73856378451,71682.24004335018,51241.43652928766,76594.23939507805,48729.81669945877,14837.31651890181,17747.59450180795,29095.01422397929,158273.7614087973,135012.9849171277,56588.32043899838,45560.50346551149,27837.84028965228,105579.3388750594,43936.88644053367,44047.73248629751,34606.8191062749,146659.5895608156,32966.59698333122,7355.275177996125,20615.64918047051,50224.01873378218,26271.0604363021,35080.8663303014,2151.401329005673,40619.56718192845,24553.79450493878,17469.17065621974,22105.99102586526,63730.4335225571
1489,19449.66392187303,14447.41969498093,70251.05156182057,50350.8177832563,75771.31283721254,46710.11311039048,14373.99462818756,16879.76173151436,28453.14810916492,157258.3188114897,126489.1428515073,56073.0393546899,41801.37467372197,26301.15478332893,102098.3486698899,43536.28983847973,41109.37419866044,30597.58606958615,138007.7740163581,30600.45164152044,6596.10869410327,18948.84783441521,46785.26267810629,24530.30598343957,33259.87167079227,1976.272316827797,39409.87877031125,23194.74511174743,17280.69053722121,22238.13971366802,63235.1295007696
1490,19071.34290120031,14275.87450304164,67476.23430655277,49025.51545705913,75610.46961803014,46263.12677357667,13804.21260522114,16556.03410547664,26944.37462298258,151645.2457555297,120121.4787209502,55065.45270136747,40180.99782261842,26074.39260394164,99763.76587592665,43912.46023855025,39697.04734662379,30026.17321321514,128755.5299903653,27605.53237098855,6014.193995181402,17814.12728042202,44502.12457955565,23977.45456357411,32362.8510982974,1887.889866827602,38330.33616128138,23103.05209967891,16984.44841071364,22191.84594111483,62536.71723289399
1491,18935.60046879304,14131.03428047248,65674.31443811755,49050.60680717988,75570.36655519434,46410.95688558517,13935.85359410633,16242.94593136191,25949.82299104812,148110.29273056,115047.2447578585,54235.15233230434,38144.60587201037,25858.40298932451,97782.74021723508,43278.66037332708,38335.97248342842,28662.56471286764,119073.9224900278,25858.1787724626,5538.509722928828,17005.53149057894,42170.60297584476,23143.08213477246,31637.99103376608,1802.011439401812,38341.35913851689,23019.7596523174,17042.0973655947,22238.12779568781,62336.23220618178
1492,18550.03647475623,13962.37677346685,64755.76376714516,48804.10143506764,76446.3378728533,46403.2348159912,14058.59637613996,16539.25548447956,25931.24149756718,146647.7149591841,110803.3975459915,54231.29710185519,37587.69038871606,26955.72166211391,95013.19729188953,43076.46145833004,38197.90130256276,28175.64119511578,114263.5874171704,24987.86611100276,5200.628682880235,16431.88239255584,41026.51372336598,23151.17659524858,31129.99876529297,1719.491067784204,37803.52519042968,22700.53134557285,17006.50994544049,22282.19783257012,62333.99211363088
1493,18916.55968411691,14044.94818380638,64691.0943048024,48804.21856508715,77576.56991266886,47188.61787892367,14450.8176190551,17725.77222122705,27234.43131072547,146520.7979326164,107941.1307983563,54232.59635244594,37407.37706670732,29303.8272840883,98238.52564374615,42857.33955954079,38872.95357857533,26629.5596201051,108337.0275618047,24260.93398312979,5011.890440056498,15841.31457411514,40996.79904491549,23978.55172660731,32188.31508371636,1704.98674504093,38355.82155171027,23513.55917930215,17511.76324501964,22348.32459760257,62194.1793761667
1494,19697.29847905548,14295.927774384,66804.2846903129,48890.28923185344,79288.25745477571,49066.23310847099,16069.06038730238,21413.63891804117,29310.23269207286,148474.554171438,110800.7387774678,56550.19552250371,39258.33165028496,31360.09165304462,104474.1231233076,44361.11213702527,38815.72643704811,28151.63494270169,104668.6653108706,25983.16615603463,5251.481938137272,17466.90335862855,44958.96798848359,29191.86968684141,35047.83685697799,1720.185404107182,40574.7218187577,24806.21199355792,17833.93905163959,22370.3208109596,62309.62564488152
1495,20628.3103690077,15061.94256329491,77644.6978061239,49845.57761875312,80670.15842373905,48255.572541383,16916.00942718659,22503.03608644374,30175.02589480788,143155.8477646921,102537.8831256742,60823.60587232048,44006.1398841669,32792.37433632329,107652.5120567446,45893.59805912769,42550.8881658977,37852.5113172977,100383.2604396115,29650.90413155813,5603.053955634498,19417.78196197336,45635.04521271104,33756.64447084261,39670.29398198719,1906.040711786045,44180.50329434293,25802.44305131378,18113.80593855471,22246.97846442365,62257.52313712997
1496,21744.9125495345,15403.11897770591,75771.47108014375,51242.28888568109,80343.52441138208,46497.35071055171,17266.53470724123,21808.07752540326,31697.37005791331,123013.8071325887,96567.85296863824,57650.88991888888,49079.05320926953,35102.40474613738,107887.40857637,53714.6950497007,45057.55404919348,36549.0321914194,96304.75692768244,31309.44638808525,5946.710289724939,21082.26999385468,50977.76768784321,39060.98835862235,44293.60343035879,2150.758535462703,45203.60117371485,25578.68632132086,17275.45694567835,22064.37733029024,62595.78362904346
1497,22579.86652120495,15953.0331420765,76309.87886753758,53678.75561965217,81124.16545162785,47856.77113073147,17304.1132351966,21879.20342817688,34487.72413470186,121992.3006035841,100897.4007786688,54203.23597258719,52981.01239519792,37098.53914322361,107887.4085596446,55583.06861541682,46344.56343341674,37084.8046677956,100574.2170552872,34286.80292265039,6829.357158855339,22864.242492053,58150.82551743316,40693.47046558557,47057.0373128779,2412.097213158539,45899.19874741589,26145.88929617633,16600.81319420106,21871.26767700822,62678.98948139371
1498,23087.98006597352,16337.97872509775,76916.43297756871,52223.10239394084,81668.3364612518,49224.92612576434,17411.33289696727,22823.92571045089,37455.99862368811,125570.3394590315,108522.3462074503,53142.36631089933,55209.73330369355,38414.70382562395,106600.8495003323,54638.67877708047,47599.44462146585,37081.40419954242,111611.3427408942,36300.73311179702,7645.855008911391,24963.23392800904,63768.83798404622,39017.98956532902,48160.78990009018,2566.311801818891,46116.46113964956,25550.84270729901,16063.03161094818,21775.35955394294,63077.4639769252
1499,23335.3916448262,16456.5629003369,79982.78268736198,51241.43628162308,83307.7175602379,48865.68323196365,17797.0577350214,23914.25606052181,38209.85767371665,126192.5839589427,107670.5451753773,53283.22550667331,57411.77022759713,36750.08779909717,104665.3811984486,55451.04873428707,48443.67504180301,40912.73167378979,121463.966691615,38287.16432387493,7588.626191325013,26166.70316879065,71586.43006755285,37310.12866455192,46471.92391946735,2610.183089463804,46433.30891093915,25802.55890103357,16078.80274783053,21797.17911074442,62963.21322476184
1500,23094.71047039225,16141.08098148045,74339.89298383091,51241.80515131268,81971.24036120148,47932.93198097147,17096.0266851245,22510.64027264397,37706.99336726502,122649.6520764772,102544.4382891504,48462.67420568915,52949.94140063834,35332.81944556591,95594.28976823557,59233.85869730677,47444.36228899942,38307.40232213327,126263.5808693609,38318.72620552457,7333.093438121966,26198.52125025199,66416.62724404603,35401.14436331679,41826.6924688038,2564.320254058039,45969.41151504262,25443.66297090287,16652.76915804255,21885.74322174201,62988.32769965697
1501,22846.51217278282,15708.47492719441,66009.5082811166,49234.81501468702,81072.3977959426,47498.32628854108,17198.80790444587,21567.77995981687,37662.77965377829,126376.9487594805,98206.1787679584,47286.7625380901,50009.98575828976,34405.61918255245,96893.63757934548,57574.14775593536,48457.81874489919,34606.76206099436,128508.3591831479,36623.90183118547,7397.162099777219,24764.89134096761,63920.53746524436,34962.0453120122,41276.40017161855,2354.912851920578,45706.37210578038,25268.90244056979,16947.34100133276,21797.69017447666,62483.68605835144
1502,22479.76439388213,15589.23265814912,68366.76983286039,48382.19072234282,81381.29623667676,47066.46838738726,16615.01853118091,21706.54967334656,37113.81755490547,126700.9967585792,93145.4179590681,47945.35049625242,50659.76283824119,31706.61967101324,102094.013882028,54858.74723690635,48500.35076447497,33863.67463144429,133461.6167854737,36956.41517369003,7589.064333917929,24507.6668690134,65188.54059657548,35144.20807881112,41245.96049445198,2330.107757262603,46229.75792883522,25121.72491943276,17056.4610855204,21797.64409880015,62232.56305192934
1503,22238.43936068274,15561.2103113372,71217.2500071795,47920.37769401374,81813.17456696459,47203.80837479069,17095.09941314456,22193.6007333276,36358.76954016648,128055.8067613777,92205.02143028246,49965.97471967761,50607.61418469271,31348.091565788,107936.6796743687,54686.45531383622,49854.7041385626,33120.37905591662,131062.1262695245,38286.47325228627,7647.508966000949,23523.92295862034,66320.76207867579,35676.21998091836,42928.4288259252,2278.127506079415,47305.77792698879,24695.68722754978,16983.74587182861,21929.9304991946,62394.1325888588
1504,22847.10599137537,15922.18413368285,74408.01255186483,48805.11681131989,82161.24241443748,48556.00502989871,17923.68339636898,23528.97720043515,36466.00728736966,131488.0984865671,98267.43595526353,53141.30801876085,52232.29565790793,34328.83552401589,109172.1543265159,52713.08572557592,50425.55277157754,35100.25551255989,133462.2704067923,38627.98977512152,7703.123680214801,24838.49721073743,67472.21055283981,38438.48558219668,46232.13218544354,2330.697477361783,48300.67597100345,26492.63822012337,16959.20072552923,22169.8137107623,61793.85295105005
1505,23557.01851622392,16370.72016178332,79806.64494315519,51680.90209877882,84202.85727794943,50761.24645454637,18717.94388654454,26275.01002038293,38191.15249451964,136699.0371247356,104252.132945194,55573.00280010481,56297.46390741406,39301.30870926844,114949.390450809,54400.33402812168,52659.28196379483,40572.30320601764,134561.126390061,41932.132015321,8119.10537167754,26451.012601125,69770.44932498579,40971.60621252599,48706.58590102539,2413.863009792353,49592.30320050794,26961.20375400629,17273.73807913312,22480.58988221552,61768.78567068235
1506,24081.02838165274,16932.79113295571,88622.90377745732,56220.62335783135,85490.9417977195,52401.94820090516,19466.01698815594,25637.04231818296,39609.11199390033,139844.9410582066,108520.4010434281,57308.35256027253,59279.74086158241,41680.27572034784,122044.8689547849,61848.78901701718,52080.98874871655,43617.94529114897,141861.6631376178,42938.93070598444,8290.104383982378,27355.04339253066,67613.1331449729,42929.52414939987,47370.46104756083,2496.096799435224,50517.33610253583,27286.44195118678,16677.22511817316,22437.64185468897,62046.84247656836
1507,24313.15452502761,17192.32344084743,88272.39254247681,59674.14645589254,85139.17452961348,53173.74774298632,19128.42598126793,25609.43400888365,39500.54964528021,139269.9313946709,106875.9886225313,62686.81770946786,57956.03055637048,42388.23642055258,115084.7511546647,60220.30764331028,54395.69122768784,49467.14415555033,146662.4264015938,43941.10561753881,8764.572684178109,28158.72256501732,64053.25274211736,41564.26523552385,46769.80620473828,2522.615240294935,52938.30020425646,27257.9393897894,17376.63750847242,22564.27240646341,62775.50500338065
1508,24313.15452644408,16953.77615324298,85589.47654527471,57666.99393939359,85243.20970315018,52135.44698689578,18733.36668541569,24696.50134528733,38642.10474048134,138696.1983483347,106692.2874392261,64313.48915941065,55759.34623727664,42828.68238314516,110986.6320835579,58200.15677457378,53039.9333388463,50455.71318006219,145461.1902889596,43939.67338155905,8754.95080983582,28271.44363433644,65172.75260967183,39578.9057150123,44856.13818131852,2745.958004818859,51812.20821503628,26805.73981078782,16962.456061997,22395.01550326484,63935.11593372422
1509,24067.65828601975,16950.36263181685,85623.11913285601,57223.98652222125,83916.17178349906,51317.90472482875,17904.65475976066,23290.6194824954,37661.01016087671,139756.3225476191,103698.4812615443,61678.13755800569,55006.45168444375,41544.30664708928,109817.2741136401,55607.54290146771,51591.56287366348,48508.26483570095,147859.3817386186,43172.3619254275,8524.202461860348,27052.80190512538,66775.09655361883,37348.17057641751,42924.41219508303,2773.5085856868,49788.37243720563,26003.05459469002,16742.27370121074,22304.35518019436,64063.02157579197
1510,23194.13547865503,16620.199773839,83677.44751841505,56035.87613446954,82797.04103194873,54045.22325249846,16909.28108172499,21099.25784203892,35732.0021046753,139776.1101142088,97416.91937503366,58790.70197583239,52949.42633416902,37514.18748724167,106545.6451577079,51816.7632734397,47736.88438810843,44323.55779750767,151501.39174042,41582.13535750413,8290.557086589091,25547.9216666337,59821.25679264247,32930.94890274901,39627.16956786633,2699.364784733742,46650.53011312129,26296.51747226995,16583.69698359045,22324.25520084288,63692.32837293849
1511,21753.29294893987,15862.09812754319,79511.8596657486,53272.81314444465,80586.57783346034,51796.12512775281,15561.52897971281,19697.84993511441,33264.14136027994,129125.9311287236,85551.8646704155,55628.60019915441,49431.53930957025,31710.05781762109,101952.4420690978,48029.58870575539,45569.39096369651,39084.34004700856,154811.9924761854,37050.2583612445,7822.908722475947,22668.88590376437,53679.86831698053,29893.29018262079,37145.60380331508,2390.726108680731,44707.6108504259,26345.68383394366,17316.90796669302,22306.11563732464,63821.52661548191
1512,20092.05858386856,14799.96674552499,70403.01238712862,49780.52234958597,75968.58137557257,48062.67704946668,14902.47335795132,18102.58720824143,28020.10484369895,129545.0562718497,98673.38510538792,52356.76537770931,47901.91814353839,28039.79582557075,104974.0393888441,50469.83735084569,44702.52142505343,31847.41371704373,125507.0510307779,35837.11208923284,8045.890940589997,23371.37412448004,53377.54657721753,26032.88580192495,33312.67401092149,2017.979749727252,40366.55505567817,23396.05693385906,16850.80771040291,22310.13873584372,63378.81119384096
1513,19372.53589077656,14361.15457066267,68443.7926744081,49571.18140879523,75800.72782245946,46501.62941905574,14397.15027237846,17385.06429318481,28033.28590346363,129211.3471585849,91883.03668230046,49924.58603471817,45058.01874165724,27063.9919102455,102728.9597412586,49315.9717103272,43044.5675148535,29934.32317596587,120353.0534332608,31344.39051728296,7181.771162396352,21585.83605499012,49178.10303860904,24222.41901194168,31947.53989830304,1915.737021357758,39191.76745879817,23072.22622748537,16580.13068113343,22285.24864145717,62558.52510974465
1514,18857.71866765793,14148.01482334962,67268.56538249682,49149.04936705646,75834.6933244444,45707.68373633148,14302.5365471915,16810.95191312551,26996.76673064689,126825.1734311224,88665.85247699167,49033.02696300801,42684.28997641958,25930.12729645289,100368.6685920269,46631.15839431254,42811.90440191856,28167.52751041246,114198.0287881562,29138.29551641619,6560.207432445956,20080.9384137055,46120.78841435586,23869.15794442022,31672.79122407912,1860.246384250732,37800.18696836219,23072.95710387881,16951.05846129192,22202.08855093361,61789.36943673799
1515,18550.038329529,13986.8814655438,66116.36774416798,48669.1205209591,75560.05354294411,45421.98397106565,13948.7776722805,16525.00812456839,26310.95702424658,124267.8051925732,85827.84033464405,47549.4032371282,39370.53534826913,25527.9731475775,97013.08463713879,43544.54680179448,42601.81642615984,27315.67602953042,110106.2784853432,26910.04246156219,5398.149623682851,19057.40118025411,44096.92244445877,23139.47730499197,31131.41202226662,1766.896613843434,37388.54641204669,23131.63722497019,17001.18383673644,22219.95359083586,61239.45488402859
1516,18550.04159624751,13911.70132092566,64098.71724831934,48141.1814807923,75337.96972307292,45421.98398479896,14043.52234406698,16242.68254918043,25733.14603061157,122737.8710946639,86365.60321507156,47312.08529355079,38387.71267873234,25528.18969715351,95530.02471168574,43103.25647320814,40357.21785237984,26852.7431208485,100160.3516429851,25047.19022725616,5100.12868068271,18067.67059913527,42566.85812978857,23507.13167253899,31125.86673112329,1711.616578366741,37380.28335178045,23008.4708646032,16780.63218524788,22197.38738523406,61036.04609997135
1517,18748.34631343164,13942.91461549934,64930.12519281964,48141.2231945989,75967.94577636982,45720.79716756652,15073.10028164502,17855.30782829443,25979.38884585927,124626.0851249019,91049.90860169275,49693.04171448034,37948.63323713735,28986.50098243094,97871.26873674404,42218.03372424259,39566.201008797,26264.20836206399,98442.90033250822,24662.06734874108,4994.753693412545,17016.16838717964,42568.14003198523,25378.59308356342,33466.952629165,1708.886047794509,38414.04229522182,23327.82763988641,16981.13368702591,22311.61711665214,61074.8214126184
1518,19598.55525769745,14291.40702363206,70240.30395381218,49222.77935879468,78320.25474939737,46575.32834029641,16448.43869016651,22508.55924604274,26449.5435641758,131475.6015501488,95816.15528920751,55646.48078119312,39685.51257859305,32520.60137769811,100553.1431403629,42219.33141838185,38492.50485694925,27848.11867396432,97132.93140738727,26147.9666348203,5146.466860623192,16572.75420117419,45084.08023469309,30584.72069304211,38544.66530799637,1708.913197832462,39728.76888824389,24448.67912892473,17492.41251983088,22298.31545863366,61038.10647843906
1519,20815.70096579962,14853.27545173474,73706.87383862758,52239.52464906179,79822.95850407252,46008.79609328293,17045.5271628316,23090.71320068339,27995.63956613127,142432.4508708733,111435.1934317991,54381.74489410446,40318.46680557873,35509.61478205198,99640.9443160899,43102.48947482584,40149.80847578538,32349.50623507872,100923.6872479158,29128.85742167432,5100.776548864919,16285.02626229602,47186.67309401725,34117.13874072072,40981.82122732819,1885.902728202578,41555.72147179796,25134.42347902993,18214.2179281009,22337.64146055593,61377.18680452715
1520,22350.88545598786,15585.61349559214,74828.52726761899,51651.52257853963,78667.16352593909,46624.47707218229,17392.17609217681,22254.21914745054,30965.36947519288,147575.4972047194,127046.5666227334,53813.12903617632,43519.41681287861,38360.75696037363,105071.4938935675,43104.65997838807,41746.18082053951,39201.74750752372,117604.6037330632,29878.06650848317,5415.341655559927,17835.10606073714,52913.91980247865,38263.54374525725,45315.8658805436,2178.8772721618,44423.22802625084,24394.19355871162,18154.06747896937,22167.64820941983,62228.42074019688
1521,23477.6432846817,16496.35894093802,79585.87098718777,51688.8750901027,79313.40232210112,48961.92718115271,18405.05727085639,22548.79865523865,36154.57599354535,151859.0990195689,133963.925307107,54497.41328500771,50573.16401327783,40208.37765108698,109443.5440870416,49268.07916443356,45501.49685366682,43699.07898440744,150787.4694367699,37759.48879865469,6830.031563206468,21250.1127272892,61590.60816838138,40062.98817940932,47498.67358422477,2472.318359434383,46681.63942637054,25531.92335799045,17612.71342043041,22063.08209455904,62504.45515378317
1522,23890.05769791681,16946.3186607197,80320.5710693297,49783.58021625977,79180.61615373283,51293.14136615111,19101.63769788154,22850.15815431367,38568.97008880152,157169.7343638779,132173.9845603922,52098.46085357442,55062.76293697152,41748.53500059047,113737.7909413554,52345.7052747335,48478.3216265041,45110.58900460842,159244.5878913762,41411.50610385045,7730.20449279335,23577.18993240783,66699.07362955669,41109.0498994548,49174.51685940418,2526.309944598228,48178.12301098778,25830.3312226205,17181.63519114036,22116.5593984575,62704.41830141382
1523,24306.89826859271,17301.31012418762,84117.42449485969,49788.30999537642,79971.5612600308,52463.83215870521,19637.08774538266,24106.91073382762,39627.43907364878,158717.8295019646,125124.3708821061,55380.69475047726,58329.14891406558,39579.19082582372,117434.8971575054,58099.36397683312,50502.17699861386,46861.62617801116,166824.2039263331,42475.7438363524,8151.094704122773,25863.19616774654,72887.29984170137,39492.37839264007,45867.56846763518,2597.587994815603,48323.3766110033,26438.44294038495,16920.98323789436,22115.5766241457,63143.16688745057
1524,24313.15638121658,17055.02960412341,80556.31076617191,50477.79815248919,78617.93712845152,52456.64937119366,18072.45950332009,22330.80487961652,39951.93719773645,147260.6168169328,134158.265548354,48733.52563591419,56006.64193795802,36333.03508924097,115655.0435321749,60783.0451800902,50587.29420432988,46203.26849948098,154811.6858899214,40750.65613385649,8151.102627083033,27241.99960300937,69262.51553159973,36993.44940454395,40970.53942721425,2490.890237841682,49376.81881813079,25451.67542238115,16920.98323789436,22192.34719278205,63253.07713750994
1525,23687.92281986458,16836.69364624255,79845.28983076346,48128.1759206262,77002.38539421608,51878.62104798356,18053.79855698883,21687.61812144012,40273.77213869817,135633.5449914157,137663.7872284893,50431.23658118444,55606.88970327856,36741.11392470203,116544.9937032612,61961.69653835439,52479.98620640364,44173.06736774649,147382.7644639478,39555.84783313279,8593.920434368603,28515.07313491271,69893.81134522856,36802.32312085917,41517.50309495125,2326.860390234548,49746.82323597824,25401.6805477199,17181.63519114036,22245.91226076054,63350.78643469396
1526,23280.95466863582,16994.11990563985,82519.4734007499,47594.73424351047,76550.74288968522,51868.02040457926,18417.28142440337,21974.78961739476,40567.85524682482,147101.8412524383,135352.4035987848,52850.71132225983,56907.30045002943,37893.8734975372,120093.113451619,60857.82599116616,52488.49958145894,43392.44067936655,160285.504538003,41412.4285525001,8625.837579741386,28849.96045529456,70835.44689798151,38246.79208678853,42070.47362828078,2278.79687357385,50925.61557232537,25371.60421201648,17261.83579231887,22298.4117397071,63222.5449422124
1527,23278.99413820628,16975.3951260574,86179.57955627596,48685.32863688572,76984.30184262941,52196.84569916886,18417.26722435112,22262.56462990158,40446.27722723776,155321.7149887391,134013.0278465643,56001.44494661985,56907.28274712953,38687.21741741919,121885.5690651048,59934.04890682242,52497.96026365896,42821.9948357839,161611.228119019,41414.84896287699,8466.737495308204,28411.30413803398,71908.48554524117,39320.63693323362,43720.9460468115,2269.119307281938,51474.12634181994,25648.52744066197,17121.48473967239,22376.92176444106,63220.98886058288
1528,23696.90903089281,17046.59314762941,87754.78110351834,50331.89527172129,78538.08068010218,52749.41184128013,18757.99227495982,23834.52504541579,40441.11310474441,157725.6491451988,126643.0848426227,58850.61975224661,57152.30610510678,40298.60616347147,121888.1939058791,58566.35888294283,52417.56549080351,43548.13450497948,161758.4713521854,42279.25442786865,8046.610191865901,28163.54813887801,71891.12489395996,41814.49856015415,46420.74364113084,2277.570661168887,52532.57926252102,26302.74199847608,16971.10861333887,22571.88538931658,63261.18737330785
1529,24100.30303390368,17125.09177226634,88334.6536410366,54705.77677736631,81346.03863809131,53050.64814747246,19275.87622562439,25990.43641690742,40113.00902542464,160814.8954942459,115504.7730285003,60141.97173737214,58803.13597412964,42546.57592909627,120994.5059340833,56657.76143332504,51721.61981058687,47300.62396223055,161611.2168727579,43273.58723664939,8045.888805287137,27972.18486604818,71908.48664847911,43528.53856040832,46972.31914110611,2380.23244084414,50777.4971337731,27554.99732819582,17021.23398878336,22585.74169249256,63773.96007875532
1530,24306.90365354349,16993.98199970171,88712.2747683071,58707.04913810537,83617.12724440674,52748.71357247736,19190.79620020488,26276.83825770734,38338.67415800517,161677.144291505,114553.3976171885,59781.9247328244,56437.47725952297,43690.38099827281,117436.8595932768,56659.38917467375,47571.66077669573,48317.26637330928,146119.3591582582,43254.74791532342,7836.033629354415,26949.46698660142,68909.07547633143,42799.54851233633,44814.7226581389,2512.67490948111,49824.58988656427,26630.9343178025,17231.76056658488,22649.48994157767,63745.57004901328
1531,24306.92114910017,16747.4860275517,87222.19758103386,58254.21939226393,84688.61196974588,51876.00595363131,18246.91573762023,25417.60138832153,37824.85069320313,152617.1889099266,119639.1493507009,60616.13172141037,55956.05155036349,42570.29219624335,116545.3306736451,55456.31725547466,44594.86122644516,48787.39256392897,146242.6569946337,41042.89948496575,6984.322739600801,25662.32098559384,65727.73958914042,43472.46382061996,43704.05185057611,2598.108430611166,49985.40962671812,26433.25238258846,17171.61011511688,22508.03581289289,63925.71405546111
1532,24285.32026848866,16741.24808889462,84545.13478161256,57654.68757600093,83074.13292143964,50663.11806428171,18760.28387192245,24510.42742167104,36758.95394025421,155024.0608817094,119639.146168845,64142.30233285188,57175.59181360553,39061.61492317172,118325.2460608941,59003.66352947673,48518.35115474712,47651.20427501287,148716.7564139438,43317.86435148553,8150.306311248694,24744.35745608486,65742.339912954,43472.96098502837,44799.07486057081,2790.376636784455,50875.15577486256,25701.44964257948,17171.61011511688,22571.42893940111,63924.49426420412
1533,24098.872968794,16698.02982093213,82912.4924278864,56883.96214460363,82788.66124564373,51865.61960413911,18722.000848475,23136.42672578775,36034.5597802811,148875.7475592049,116832.4631961748,61364.80427567377,58521.80764570514,37393.16558910609,118247.7457918047,60783.04420005628,53607.48264363084,45210.1569103938,148716.879149339,44389.6693043852,8566.568245715222,26657.50639259344,66787.57027454587,40729.29078776035,42785.43437215322,2800.339105618153,49818.49648258906,25426.43676708648,16840.78263671587,22455.20574598516,63793.2106147626
1534,23057.20591040403,16216.12321336534,80989.12348051342,54790.80028736498,81413.53045593314,53638.37582617386,17295.79616214637,20937.17774641891,35218.87194067907,147513.6695458791,111582.964049978,59075.28016319236,59037.65083159996,33951.49944330353,115662.4887083415,59880.79002374645,51182.7951502144,41110.82282651536,143538.4128063863,44389.66600135079,8886.028700510167,26847.16982480806,62642.73224340066,35843.82679754978,38804.30524922098,2610.559109838719,47409.29078443444,25429.91265970575,16600.18083318038,22402.10804834655,63969.80943834009
1535,21421.27393938781,15500.22016307385,75489.02761385245,51330.60850313422,78710.95749489518,51695.79998385736,15876.96159605009,19723.52531015945,33048.40144672841,152478.4439044516,109698.7855611508,57169.20576956609,55737.02400938285,30543.34173656411,109465.0769793152,56189.77937365053,49012.92606602606,36678.88224547264,138351.6477183122,41043.31936972585,8792.401907649566,25023.92986878405,56451.76171115886,32633.92182483546,36715.86626836719,2312.424555977934,44842.14156755048,23945.1444450881,16221.02623873807,22351.50133277633,64349.72405752161
1536,20092.05852917133,14773.34432255306,69851.45039028226,49831.63279895482,75627.47703509103,48199.9409095424,14947.6668864308,18143.29633776843,28501.65845354217,131602.0317562204,100603.7304953026,52083.7194598256,47437.37461210382,27952.06114949663,105866.1454713974,50702.07614599762,44114.3294180551,31447.675456416,130247.190760026,36007.24626141681,8099.237732538492,23244.76033685906,54710.56139821943,26509.48535936747,33442.61474430795,2019.135778430326,40080.92635649672,23679.54338651424,16926.35932643194,22549.80015901633,61941.92592289897
1537,19372.53583607937,14322.86609916676,67836.44513612137,49621.42332345371,75472.13029399133,46563.2252538055,14419.97670119131,17410.33193239558,28515.34175288472,131283.5856898689,93658.05064096957,49786.39342549747,44706.23408544398,26990.39980915413,103509.8295971964,49611.15967954317,42582.61143679464,29547.20418713097,125204.788634032,31434.91587821421,7236.982686103328,21539.42356817614,50482.19328395854,24641.81100311696,32042.98042862386,1915.898605890956,38899.87287334798,23360.48179724051,16624.06070832455,22525.60842089387,61516.14231449689
1538,18857.71861296074,14104.05992148331,66627.75519049668,49197.5398979235,75503.5650175662,45730.79496570633,14321.17509169525,16823.86433611802,27439.32795967627,129006.549771648,90367.27229938765,48944.267258904,42426.62221670121,25872.96858435395,101032.5938747793,47072.81643320093,42367.66319760293,27792.06279210342,119183.033914749,29189.72996158135,6616.760262828708,20102.12165642238,47403.82074397688,24277.38750718661,31761.28819847741,1859.86824980896,37500.8702028429,23361.20190987669,17038.3217768097,22444.78160276522,61116.89882588347
1539,18550.03827483181,13938.64275005816,65442.7506297572,48715.61987485068,75249.38871780282,45431.24659220296,13951.75779895416,16531.7668789472,26727.38675978746,126566.1493648066,87464.33970517285,47542.90373674762,39244.25593666978,25476.64295811082,97510.7518997651,44154.59502718531,42173.57123392628,26945.83035806401,115179.8790751191,26921.99336116893,5457.210122742886,19124.55880959978,45366.01495947861,23524.65024293376,31206.22704979581,1765.610530871522,37087.03410674107,23419.01783753798,17094.30300199856,22462.14539255848,60831.45621372048
1540,18550.04154155027,13861.46390242904,63367.65087254313,48185.49046819567,75043.85242126271,45431.2466066019,14050.69615113492,16243.36550089581,26127.559361198,125106.1907484846,88014.40408659594,47318.74399632194,38300.40158601433,25476.85636917859,95954.21128950459,43737.37930549557,40099.87547253097,26485.95108227135,105449.3035934681,25026.13230369473,5159.832295582859,18179.28411626654,43825.41199590981,23903.92184185521,31200.54161588649,1709.792824795979,37078.72697434128,23297.66537185052,16847.98561168941,22440.21234048329,60725.873383857
1541,18748.34625873445,13893.50701857548,64222.7317833987,48185.53235506872,75626.8887945506,45744.54403894705,15125.84626422174,17890.69536868367,26383.18479740195,126908.0424404452,92805.86448423566,49567.68718719481,37878.73137624176,28885.04546710097,98411.45616612006,42900.44990971887,39369.0863261369,25901.29846075175,103769.0389104943,24634.18523764569,5054.684702813151,17175.01239837948,43826.70272748507,25834.51814189279,33600.79235211505,1707.035736244987,38117.99960892656,23612.31891847751,17071.91051244491,22551.23706001024,60746.00037717778
1542,19598.55520300026,14251.26427754055,69684.10910339133,49271.57578805302,77803.92661258993,46640.49655280729,16562.06123298166,22644.08733274525,26871.25388007588,133444.278567442,97681.14061670836,55191.03507112358,39546.74451208978,32367.9252441151,101226.2085231941,42901.67680811603,38377.14095776594,27474.76086425871,102487.4337160723,26146.41392649597,5206.070479807526,16751.51511872372,46359.97201250143,31205.1502271579,38806.83097116662,1707.063150352544,39439.73847150976,24716.66341204671,17642.91901302452,22538.30861456605,60726.94285875807
1543,20815.70091110243,14828.07026827671,73249.38383315594,52300.83725402335,79194.66351864662,46046.50301916812,17185.57861372397,23238.76956274059,28476.2609724267,143899.9881273472,113657.4693426694,53996.4230502912,40154.60249036347,35313.6181149769,100268.8132822842,43736.65415073252,39908.25816057957,31946.45603399948,106196.1112906629,29180.12462845384,5160.478765694551,16476.71110197914,48477.0469349052,34849.18647223405,41305.57964782701,1885.774135239892,41276.43535023464,25392.3086732085,18449.04865783177,22576.53122333292,60902.94833730884
1544,22350.88540129067,15579.87789763113,74402.97448870691,51710.39562148297,78124.98712572867,46692.02765113518,17547.5712536048,22384.27369444161,31559.14687367843,148807.8039734696,129625.9577787082,53459.33436161591,43228.63678389924,38123.43796264366,105968.4285225753,43738.70624240887,41383.08337146368,38753.49803691141,122515.8489616229,29942.60933090575,5474.365054985567,17957.16571666537,54243.7412937936,39126.61058210864,45749.15597214286,2181.598239571856,44159.23613318706,24662.98026130617,18381.87118917075,22411.30757451084,61344.79596065726
1545,23477.64322998451,16514.83598147487,79295.7757036713,51747.90310489577,78723.07450067003,49142.78002622364,18605.28555968502,22685.19271630155,36946.07838058026,152895.4842121337,136701.5532954113,54105.67815375904,50002.70721377473,39944.28061552825,110557.0992562685,49565.87991290386,44852.47118608821,43221.16387746954,154980.2320749471,37963.6865383592,6886.002125206374,21218.77997921216,62980.19222746147,40982.91429547005,47987.12844559576,2477.893424960692,46429.69307159713,25783.95449499453,17777.27395295593,22309.67533367199,61488.07637335548
1546,23890.05764321958,16976.75811302524,80051.39515570953,49834.70335241284,78600.18226433331,51586.99420593986,19332.69870399923,22993.03763861399,39452.46843767563,157963.2239531226,134870.6670712765,51839.73674950859,54314.29628082725,41462.11607181271,115064.1117542165,52475.606039949,47602.64174485032,44623.36318905484,163254.235170299,41680.41578968496,7784.232521949674,23441.33148302103,68123.84334938935,42062.02972602832,49705.32428728524,2532.410148860021,47934.15835092172,26077.96764960495,17295.83541580976,22361.65219287206,61591.87068633521
1547,24306.89821389548,17341.18720807144,83956.35770383473,49839.45275491188,79332.19384450748,52814.4314159729,19891.84935992472,24276.83622931335,40551.26839936272,159440.5129676132,127659.7911846102,54939.98566981869,57451.17204790043,39324.21275537123,118944.3972822109,57915.37372179001,49472.40160117658,46362.85003928358,170669.7357183195,42763.51129011624,8204.214471063937,25624.65680840895,74354.69230799598,40394.27424304232,46314.8014027328,2604.381471279823,48080.18668037794,26677.12358913474,17004.73304378389,22360.6969928469,61819.61069042145
1548,24313.15632651939,17088.35919306025,80293.8471505865,50531.80152970675,78079.42859995467,52806.9004601309,18257.96602774143,22462.50759395778,40888.13091628047,148507.3254522785,136900.3391329577,48661.37192142368,55220.75105561716,36125.10438167493,117076.3578317484,60452.64661781942,49551.03801785126,45708.83506921588,158917.3153224457,41007.85588403505,8204.222376926811,26941.52830788462,70704.94151196895,37816.38349410388,41294.01272964937,2496.645939159897,49139.24756196035,25704.88838616823,17004.73304378389,22435.31356372526,61876.66149718019
1549,23687.92276516735,16864.21866086472,79562.58106982768,48172.43094925595,76584.25204672196,52200.85360568077,18238.47909253614,21805.47910070996,41222.22877447075,137412.0477423061,140486.0507629912,50264.9524980666,54836.84875301336,36527.26882651026,118010.4020727328,61566.99661645663,51299.62122919909,43692.02570296539,151649.2465111177,39791.87616928706,8646.084603227779,28157.41899108465,71340.58551205447,37619.21795601254,41854.79947706188,2331.020686889374,49511.22544769879,25655.62979564238,17295.83541580976,22487.37572455612,61927.37918938056
1550,23280.95461393863,17025.83017875368,82312.90759478469,47636.77607575943,76166.26154297774,52189.73912161078,18618.05079055172,22098.83068622106,41527.51736824945,148355.8118976998,138121.7934801264,52550.27834300845,56085.69900749352,37663.32116089322,121734.31934917,60523.3477595407,51307.48639937858,42916.54824309183,164272.6136643947,41681.35458366988,8677.932872831107,28477.26412380482,72288.70678333953,39109.32960069558,42421.74489792283,2282.489689707673,50696.30503012661,25625.99639991986,17385.40537663382,22538.40219422383,61860.81323577689
1551,23278.99408350909,17006.60759122578,86077.22922052571,48731.89523663577,76567.51590527961,52534.50343063793,18618.03596196302,22392.79877629463,41401.30684609275,156199.7285100501,136751.7790714474,55526.31808421164,56085.68200650283,38445.16694503522,123615.5851743709,59649.96736129009,51316.22674912636,42349.86521731038,165569.6323914923,41683.81788252535,8519.176119250555,28058.3110029379,73369.13621636531,40217.10605558194,44113.92870075432,2272.717996434495,51247.74135493685,25898.84132691233,17228.65794453936,22614.70941623974,61860.00552482818
1552,23696.90897619562,17079.69844900891,87697.2820269815,50385.29331242033,78005.52227639583,53113.85388606614,18973.8425146512,23998.58865010802,41395.94595439063,158493.7125382449,129213.2462214962,58217.51907487043,56320.99033791121,40033.20142307368,123618.3400672722,58356.89170701783,51241.95320121615,43071.21506937579,165713.6874823047,42563.54018618738,8099.955431702377,27821.68349986643,73351.65598984352,42789.76932364426,46881.95663550616,2281.251550784347,52311.83967540173,26543.42114109869,17060.71426897274,22804.20283009136,61880.87125464166
1553,24100.30297920648,17160.28400016371,88293.66547609474,54777.32161673812,80604.25855470834,53429.69189690988,19514.64954615448,26200.89642771706,41055.34008407508,161441.6642385148,117820.1418977782,59437.27145187298,57906.36581037923,42248.59078963468,122680.3728299899,56552.41784757832,50598.99653890466,46798.95207328279,165569.6213887379,43575.4920821136,8099.235601843518,27638.91572195767,73369.13732720201,44557.96997320822,47447.47176718446,2384.911850451148,50547.39658213533,27777.23426571278,17116.69549416162,22817.67035868215,62147.03475180252
1554,24306.90359884626,17025.68860651488,88682.03874050801,58795.19485792436,82706.12775673902,53113.12177036436,19425.80362627554,26493.4617946685,39213.39751206676,162264.4758633373,116847.0034641466,59097.18742003011,55634.50401968619,43375.81840026404,118946.4569501453,56553.95678744976,46765.01367930967,47808.88843118415,150413.1967305613,43556.3189373019,7889.833283976446,26662.13542608397,70349.06706187583,43805.9451217838,45235.34766227305,2518.642495204702,49589.4068770835,26866.78010901233,17351.81664099862,22879.62998501712,62132.2984182957
1555,24306.92109440294,16772.6394115128,87149.53406940507,58340.48636657499,83697.77587578377,52198.11175092619,18440.14421279239,25615.73367222368,38679.99576716832,153618.9009062824,122049.0934245812,59885.14141627611,55172.16654600778,42271.96333087413,118010.7557388779,55416.51849230007,44014.8664226969,48275.91354004691,150533.8248954964,41305.27764324415,7039.960348156135,25432.80436913908,67145.81903568399,44500.12337026823,44096.60754778593,2604.906968993736,49751.08437076165,26672.00947368127,17284.63916972824,22742.14471941953,62225.80526497335
1556,24285.32021379142,16766.23563403164,84396.24633371641,57738.46715252735,82203.59208237204,50926.43204142913,18976.2355444973,24689.03681964548,37573.48501619748,155915.6883812397,122049.0901699393,63215.80186715558,56343.35278228273,38814.13821226246,119878.8600113566,58770.33918565708,47639.62344127379,47147.21986182377,152954.3545786807,43620.55376559516,8203.42777950636,24556.07315520931,67160.51992238565,44500.6362441975,45219.3044074465,2799.04523477645,50645.57609860679,25950.98413338291,17284.63916972824,22803.75918706415,62225.17211132975
1557,24098.87291409681,16721.86838607259,82717.1171887999,56964.54405808917,81939.39097558167,52187.22194814977,18936.25800080045,23285.46686820987,36821.4891744491,150048.5840247158,119178.2034103597,60592.30347447404,57636.19197843933,37169.87013986363,119797.5198617961,60452.64569125134,52341.27055134443,44722.27431752733,152954.4746565825,44711.3505738388,8618.791439371798,26383.28887306117,68212.9495341615,41670.2708943346,43154.77440926615,2809.104601641014,49583.28097312575,25680.02142540459,16915.16308295981,22690.79693729482,62157.0270738031
1558,23057.20585570684,16227.15004220958,80738.98349124478,54862.69788081038,80666.72153960307,54045.90825975542,17446.92526179644,21038.88883341265,35974.72107851598,148748.8041620567,113808.6202618562,58429.72308541588,58131.58229691081,33778.08493916506,117084.171891622,59599.61401815168,50101.19776659773,40649.98056962025,147888.1335877251,44711.34721227622,8937.562512820934,26564.43316236917,64039.56303460691,36630.43483471496,39073.03263450585,2617.478747350448,47161.22545518863,25683.44612788468,16646.45320048761,22639.18903351468,62248.69373230215
1559,21421.27388469062,15492.21433922152,75082.28149005765,51388.15010554586,78165.51799463776,52009.17073065216,15965.28886642225,19799.11792490861,33721.54887438186,153486.5017614487,111881.3405765726,56629.33186818827,54961.82331332137,30419.32253117741,110579.699031709,56109.96656297758,48096.54162218688,36247.27428855509,142813.6734599717,41305.70496815514,8844.137762383738,24823.08796885683,57805.95085380508,33319.10251052746,36931.81380714205,2316.44444527624,44580.3840057081,24220.54438035126,16223.00422789351,22590.00222082933,62445.89495340782
1560,20091.88451431476,14806.32494261238,69785.91644164147,49888.73115350131,75658.18122740946,48903.23969477734,15014.78431507173,18106.48475838891,28661.38667547221,132213.0847628422,100129.6414456194,52062.31731333234,47464.85537103443,28199.66488928493,107009.1549538913,50887.16644266847,43795.01656910639,31142.63624854815,132103.3523812646,36008.92615088861,8102.772361547975,22899.44520811305,54899.16884867178,27202.26627120872,33718.16760952865,2006.443932791844,39808.26887319117,23541.17794281834,16964.39852425159,22797.98914579629,62581.7950791126
1561,19372.36182122276,14384.95694990924,67763.09694724812,49672.50198106088,75500.43912469405,47350.91982690919,14525.72926771767,17387.26253167378,28674.43848755018,131939.4950033794,93396.45800356276,49805.37775046438,44680.5227751575,27265.90644697201,104703.6914066058,49812.05906345184,42311.69727498956,29265.88434261896,127109.6302831181,31452.4731170539,7263.942487727739,21290.70098029985,50767.09992476564,25309.40510946803,32279.84083836843,1906.018783874426,38613.76939666035,23236.86885511356,16674.26580091722,22774.38777609387,61970.09376413527
1562,18857.54459810413,14180.29018668937,66549.71967210803,49236.47995067828,75532.35855447983,46561.41306664679,14434.16147441333,16811.7904795535,27648.08296680052,129983.2023215711,90206.35786855652,48978.0559711823,42356.51287155478,26180.89783105989,102279.9176169383,47310.5003840814,42103.54089481371,27532.64848079369,121146.0103932481,29215.08357518109,6660.569855457449,19934.80975891696,47758.83594089852,24940.06712527189,31990.36131410468,1851.5146095056,37198.83943673317,23237.55567178698,17071.85508770746,22695.53343305872,61396.52126824347
1563,18549.8642599752,14025.56239328331,65360.11963436176,48740.75934853537,75274.26299546623,46277.31063874672,14091.79127946092,16525.1694894696,26968.99800937056,127886.5566699223,87392.23771233005,47601.32810241025,39112.16638735986,25796.07171412602,98834.0815210254,44434.56857420398,41915.58178087958,26696.9776873909,117181.5025484834,26955.22165644335,5532.521603704409,19012.61737086154,45767.44027062038,24177.17870859979,31419.95567255006,1759.82432752603,36780.29192197935,23292.69835518379,17125.5833694354,22712.47348177583,60986.44061279988
1564,18549.8675266937,13953.37089896386,63276.97258894546,48195.4488071617,75065.55744187007,46277.31065240319,14183.48580375633,16242.17528157989,26396.85277673048,126632.2477967072,87925.47340167056,47381.1090394609,38149.92939931874,25796.27893300632,97311.13305893009,44023.39896139971,39907.40993029217,26242.83806355654,107544.8673503685,25065.94394834231,5243.222739911279,18120.88429237274,44261.92384967072,24561.56503212937,31414.1130665881,1705.527010900788,36771.89021499101,23176.9568827987,16889.17893033335,22691.07567777724,60834.75521535366
1565,18748.17224387785,13983.34336562179,64135.36952473041,48195.49189353483,75657.5839165223,46574.45318114775,15179.91818809141,17858.61974594928,26640.68104301098,128180.290693387,92570.34366480706,49590.51631830561,37720.04668243937,29105.57838144868,99715.34743095752,43198.59798263437,39199.71200284127,25665.48236264336,105880.8241684797,24675.35791266073,5140.931727130136,17173.49585920446,44263.18518541233,26518.19668106299,33880.71798812226,1702.84502125015,37822.9947040742,23477.06174322735,17104.0920572451,22799.39098105968,60863.67062693349
1566,19598.38118814365,14317.98209011307,69617.92620109957,49312.63598130171,77868.19046466988,47424.20670006643,16510.97985875468,22522.89147290054,27106.22563051666,133795.8327230471,97296.46540077239,55115.00701982728,39420.54627195416,32487.40133607577,102469.3538122415,43199.80710135331,38239.10977605033,27219.30672842847,104611.5917628587,26182.33540984179,5288.204755846372,16773.98602827124,46738.76039685089,31961.25523898279,39230.67592611113,1702.871688639098,39159.78122728636,24530.34448438972,17652.12053437617,22786.77803778701,60836.29167469686
1567,20815.52689624582,14857.51445789019,73197.02715448101,52428.64537303457,79280.37177167548,46860.84191497303,17088.84605883688,23106.42414448725,28637.1612936783,142778.7512319204,112784.0136751703,53941.39600780438,40040.24297596858,35347.62402699568,101532.6203918925,44022.68431526434,39721.84727490679,31635.19165559327,108284.4652656802,29205.51159643021,5243.851647152201,16514.74727623332,48807.61988591516,35654.43368692567,41798.50173301497,1876.714858003757,41017.388432621,25174.7498278979,18425.80779326196,22824.06787268566,61089.14965360493
1568,22350.71138643406,15560.73973102021,74355.09146313711,51821.29546516636,78194.20155497578,47473.08064311641,17424.33520112285,22267.94901989473,31577.77133470408,146995.2522306985,128263.961525795,53413.74921665363,43174.1475849719,38075.9160920617,107109.2306052831,44024.70666892005,41150.07147643637,38357.2764664368,124446.649995713,29965.34858207387,5549.210482137792,17911.34697410721,54442.98036308391,39989.54164767812,46364.91934319855,2164.481163493862,43933.00916894769,24479.14349004826,18361.33385669106,22662.87629564003,61723.92930901763
1569,23477.4692151279,16435.28014296146,79266.86708227459,51859.87703756851,78801.51110947879,49797.46215052134,18404.60835100598,22563.22618120921,36716.09477154683,150507.1419081874,135123.0859851571,54048.73043129376,50080.1507439288,39843.92643824944,111598.8719232631,49767.43547150865,44509.8347926386,42769.18235358904,156597.6175910914,37958.57271801759,6922.497133678786,20988.21907033114,62980.46253888743,41870.87882600231,48664.75986983898,2452.705718509068,46229.31468187508,25548.2870593847,17781.06841002234,22563.72425961924,61929.77287633323
1570,23889.88362836298,16867.35253015344,80025.41684524396,49891.88963734975,78676.72394220436,52115.64259878641,19078.76352707222,22865.29939088418,39106.81437801337,154861.0399250231,133348.2139687132,51822.62376381356,54475.71291373872,41317.7214343576,116008.6172952422,52634.99511230576,47173.10642738615,44153.88112438424,164791.7423484944,41662.39568220232,7796.325003375516,23084.88230332493,68006.96930982103,42964.546831189,50430.45470134234,2505.73748973461,47750.90791558785,25828.705880893,17319.0051866612,22614.43269006533,62078.8888039641
1571,24306.72419903887,17208.23195182206,83945.52293475045,49896.77504686573,79420.02273979262,53279.78810018511,19596.97564880722,24125.02834127828,40154.90448057083,156130.2380368482,126357.9479125348,54868.37101014777,57673.68290547693,39241.85003677708,119805.1612712845,57995.93204543223,48983.786268052,45871.65782233644,172135.6526575455,42741.73014958968,8204.897161739535,25144.54118077286,74095.91347354616,41274.30057896661,46946.20186584393,2575.748422754263,47898.59874041748,26400.15855172763,17039.61812067418,22613.50080047476,62406.07110319668
1572,24312.98231166278,16971.74186716594,80268.80907495596,50608.95037700831,78147.94054170098,53272.64547138663,18082.71801669066,22344.71613027851,40476.22071848008,146737.0991083244,135315.7901606955,48700.13386967397,55399.82192662157,36135.56477137497,117977.4365145634,60496.43588554137,49059.93795883377,45225.80546907124,160496.6917077554,40992.17123083892,8204.904852821186,26386.82332847397,70529.2841175539,38661.64529377425,41786.61505098073,2470.947442732123,48969.71676065463,25472.87674283716,17039.61812067418,22686.29644939892,62488.03305012504
1573,23687.74875031077,16762.08545930522,79534.70712624257,48182.01530723943,76629.7091853942,52697.84888425532,18064.65782856098,21700.00611098552,40794.89988726818,137204.7020069168,138791.8003831175,50275.52386290615,55008.44268987484,36526.06029179312,118891.3228795954,61594.63720837837,50753.2700516166,43234.16745634261,153298.7898095957,39780.41398759613,8634.762859528515,27533.84434753089,71150.45161017649,38461.82084994773,42362.90457366296,2309.833570522873,49345.92951997097,25425.89572961441,17319.0051866612,22737.08809979858,62560.89653852472
1574,23280.78059908203,16913.25352327659,82295.69948551393,47631.02106811785,76205.27349714673,52687.30750867644,18416.43896821402,21987.85771604997,41086.0993455134,146606.9277501806,136499.875283832,52520.67419699994,56281.61572398848,37629.14972009596,122534.873232047,60566.11245704898,50760.88670090936,42468.36855985608,165800.2892797335,41663.33121623914,8665.745896488646,27835.57302687854,72076.97984407321,39972.02762097208,42945.52302440623,2262.624483919648,50544.50093189671,25397.63249793415,17404.97043792677,22786.86933375296,62465.26467165959
1575,23278.82006865248,16895.27311334621,86074.61924365941,48757.50078229608,76612.71498182252,53014.2943525786,18416.42522530888,22276.31426697674,40965.71346662428,153345.950416738,135171.7751517562,55444.39583346915,56281.59839188416,38388.31000958968,124375.53892133,59705.38870789306,50769.35087615364,41908.75818011422,167084.786413714,41665.78596132586,8511.30214098423,27440.34996754138,73132.80298057394,41094.74316307265,44684.48672232511,2253.118956714708,51102.21521894982,25657.86185053957,17254.53124758594,22861.31437563655,62464.1042750645
1576,23696.73496133901,16963.64078669905,87700.95465498304,50458.24665395268,78072.89462313449,53563.77111677247,18746.18119830434,23851.99756102866,40960.59998124946,155316.8038980695,127863.8764827691,58088.28612012757,56521.48962077784,39930.26718135688,124378.2343600996,58431.05174393494,50697.42419774055,42621.10502354473,167227.4507773177,42542.45344235015,8103.470562737479,27217.12536070783,73115.72085838365,43702.10047140355,47529.03592868469,2261.420070018173,52178.42802802935,26272.63812509666,17093.34640240213,23046.18344514479,62494.08099120144
1577,24100.12896434987,17039.01884088269,88299.65089386812,54976.04797244238,80711.70199071632,53863.32322134369,19247.39273454168,26013.01478384766,40635.71314652247,157849.5071775455,116819.3332566331,59286.59552655226,58137.74208439422,42081.37634760425,123460.5096620746,56652.72753530693,50074.78345436911,46302.31696289561,167084.7755171814,43550.89135034278,8102.770288738299,27044.70979262734,73132.80406611194,45494.14645871556,48110.18455034562,2362.256820723377,50393.89719911542,27449.40323557004,17147.07468413007,23059.32231592956,62876.46433804589
1578,24306.72958398965,16913.12109953889,88689.5302794103,59108.97967707423,82845.98086398972,53563.07675196607,19165.05171936077,26300.09491098085,38878.77662803455,158556.4175724437,115875.9670598641,58952.490094978,55821.63320042921,43175.89710421331,119807.176488936,56654.24417353061,46361.94543945556,47299.64852754045,152074.6730197515,43531.78478399172,7899.056874012224,26123.25563079513,70181.51454870254,44731.98006222299,45836.90696235812,2492.344846033026,49425.00102503564,26581.04589286005,17372.73346838915,23119.76989684967,62855.29340894908
1579,24306.74707954632,16676.42412770385,87151.08251727451,58641.24985399298,83852.91965359378,52695.24841080384,18251.55792201606,25438.8231083561,38369.99149060468,151128.6581404682,120918.9040682314,59726.59203840007,55350.29117840866,42104.07072740838,118891.6689131705,55533.28913973832,43698.69637056428,47760.84479887621,152194.1366241694,41288.56019740516,7072.272721846655,24963.55551862378,67051.21906190472,45435.51975664768,44666.68673146856,2576.259606709393,49588.51917583985,26395.2808984457,17308.25952931386,22985.63978327207,62989.6298651756
1580,24285.14619893485,16670.43416698465,84387.11746362287,58021.99082137094,82335.69636492031,51489.14173509762,18748.39902110539,24529.50067889631,37314.54645337946,153101.9201751043,120918.9009131622,62998.7002327725,56544.28759919728,38746.57546260417,120719.4570929653,58838.50772142899,47208.91958914649,46646.23809786959,154591.2981884615,43595.79655779748,8204.131842495877,24136.48352577487,67065.5851424947,45436.03954701606,45820.42019674018,2765.109841292905,50493.19446439971,25707.59372175456,17308.25952931386,23045.7506286581,62988.72024604347
1581,24098.6988992402,16628.93396288212,82701.47661433596,57225.90515566033,82067.42142184904,52684.92013102741,18711.34845607187,23152.24593306936,36597.2553845932,148061.2560273727,118135.8461800014,60421.32234774995,57862.30630967663,37150.01633142279,120639.8723684402,60496.43497240076,51762.0057040964,44251.55776484619,154591.417107115,44682.80559032009,8608.211178227126,25860.2033171061,68094.04614113642,42567.50487641769,43698.81690867363,2774.895206297972,49418.80537922015,25449.15955970271,16953.65286940861,22935.54507808013,62890.81979087873
1582,23057.03184085024,16166.18467848838,80715.6716653572,55063.86912742314,80775.12812060755,54447.76493520999,17331.05806300916,20947.78846578722,35789.5658219304,146944.5631316064,112930.5402769809,58296.75963222067,58367.34491824974,33856.64481610722,117985.0819369757,59655.76506351616,49592.71395294365,40230.08941833257,149573.9871758771,44682.80224043048,8918.322090798029,26031.08735313768,64015.70665028237,37459.70334406394,39504.23665166471,2588.488948937344,46969.17537551253,25452.42591366825,16695.75711561189,22885.19659916901,63022.51254380993
1583,21421.09986983401,15478.74105556242,75037.0328338471,51489.82191447294,78235.35738767199,52516.04996628561,15957.90052138772,19731.26173284534,33640.37800899617,151014.9087366739,111062.2238648634,56528.01888489809,55135.85127193948,30595.3379270681,111620.9839664854,56216.68806240003,47651.40022975592,35882.33234471778,144548.516568229,41288.98603843673,8827.435441952175,24388.37426553046,57924.06219551011,34103.71554614061,37303.82449557639,2295.654363570095,44358.95170283473,24057.16458745545,16289.3496884757,22837.21012772181,63305.82135111275
1584,20089.39202581883,14715.69998863548,69828.2300877236,49860.80203350578,75406.04963370206,49542.30644117054,14870.3820596472,17981.45466499477,28658.43012183301,131970.6213408923,100435.3445399463,52007.87358906039,48010.10809554135,28613.19884094489,108022.661223025,51269.59279689898,44126.9821430609,31242.43955164256,130806.2908055947,35844.75928570424,8123.971783386906,22447.54188604342,54063.50723802984,27398.71967970493,33590.28865130105,2043.60397491787,39939.06518512853,23558.75861935236,16984.52377112643,22876.72224385437,63852.71119866179
1585,19369.86933272684,14314.80089838003,67734.97215103151,49637.03040656573,75235.1713940345,48049.12048880977,14366.17437032709,17309.85848380526,28670.72484262208,131714.491196724,93863.81845636923,49867.05147095478,45191.97329348778,27659.54238116163,105765.9277144087,50232.38315040702,42724.32898394174,29340.72126979268,125705.5814055122,31198.16635780949,7280.946968899243,20998.45574707586,50235.17191318366,25533.55881568693,32210.54810257328,1948.202643120075,38755.8781115165,23235.47213954807,16730.7037725811,22859.62203931511,63149.52125293235
1586,18855.05210960824,14120.07628568697,66479.34275926977,49185.79915955505,75269.74894738957,47289.68911894869,14271.76948538024,16772.49351060301,27703.90471967443,129883.0427989085,90750.30960475035,49082.29462898307,42839.7495687221,26551.41266731177,103393.3846590701,47819.00487427675,42527.49260124078,27584.42822179984,119614.1947738715,28916.51474305284,6674.556904284533,19777.12849014785,47448.03464902248,25169.62575623085,31932.85971794358,1896.425066692467,37354.34812214027,23236.2017876381,17078.53117734589,22802.48868596696,62490.16283341835
1587,18547.37177147928,13972.86474449756,65248.31857376843,48672.78694942067,74990.16021343034,47016.40926010453,13918.79146005778,16504.85222361404,27064.21117415251,127920.1983047251,88003.7538086538,47776.39813065845,39556.01624226213,26158.38606034655,100020.3823871397,45044.45018930051,42349.75511343854,26737.64052418175,115564.7498842575,26611.94618245298,5540.86734714432,18946.45809277271,45603.01934780981,24417.90151614924,31385.68795652167,1809.321635848071,36939.76442505279,23294.78329151885,17125.53488045563,22814.76247776886,62018.74878413389
1588,18547.37503819777,13904.18011515211,63092.63236538422,48108.4550156048,74764.07448873519,47016.40927324079,14013.3270025666,16240.59755759028,26525.25414319992,126745.9353748592,88524.18701403891,47567.50913400691,38582.09755602576,26158.59769497801,98529.6241271131,44647.77438092155,40450.79202339271,26277.45949416401,105721.655940677,24685.29306606977,5250.121716126218,18143.22410358012,44208.16805113561,24796.66269620953,31380.08333278973,1757.740569004404,36931.44228569632,23171.82392327595,16918.71858721097,22799.25885108619,61844.37667835848
1589,18745.67975538192,13932.69660151075,63980.92032367443,48108.4996049065,75405.40258113219,47302.23248465126,15040.63235967826,17750.0029806312,26754.93875990202,128195.1871709929,93057.53834060102,49663.24445996472,38146.99599989937,29538.41698587196,100883.0211876043,43852.04778825805,39781.58025113423,25692.42324718428,104021.9616979489,24286.98010253084,5147.319151786388,17289.85821546218,44209.33667060087,26724.66082446836,33746.2179943778,1755.192747195847,37972.59238155966,23490.64399083257,17106.73339964994,22877.7379336231,61877.61680095053
1590,19595.88869964776,14251.07949374744,69654.39010581917,49264.61164670265,77800.09967875201,48119.61557925855,16412.9349929682,22105.41214833384,27193.47868708151,133452.3634354257,97670.19036907003,54903.50524482029,39868.1399038949,32992.3052297469,103578.8167862397,43853.21428531983,38873.2176663494,27266.91809323286,102725.5367998468,25823.76999785102,5295.328684574144,16929.99730757036,46502.94120764842,32088.0651818456,38878.26034319479,1755.218080535639,39296.71898481032,24609.61178833487,17586.17117443655,22868.59931529187,61846.14293704672
1591,20813.03440774994,14764.40285753122,73358.12219741379,52489.31293598155,79329.8818464711,47577.71155511466,17008.70551625801,22650.30397631146,28635.60997215684,141862.0210821413,112785.8972752789,53790.27542957514,40495.3598168058,35913.47811773502,102661.88287903,44647.08492619374,40275.32066950203,31741.54740891578,106477.0992682725,28906.75340272094,5250.753768496618,16696.48642637075,48419.72623954971,35727.19732960604,41341.49294019154,1920.364660452358,41136.7338834219,25294.20368350666,18263.02450096954,22895.61739992176,62136.81942263223
1592,22348.21889793818,15433.46737387925,74556.51251944368,51860.77759326329,78153.25968020123,48166.62772328204,17354.58928974975,21867.35168315081,31405.64521231332,145809.4385981449,127894.1862366921,53289.77557586732,43667.31048750752,38699.90899120679,108120.6215990017,44649.03599151153,41625.87492720739,38553.05591813292,122985.548468709,29681.62217402773,5557.639685713086,17954.4820908689,53640.85153544474,39998.86493688718,45721.91028729602,2193.73531597275,44024.74248832805,24555.2177860132,18206.62005855241,22778.8271893434,62866.53940280979
1593,23474.97672663201,16265.52500903488,79639.32555664639,51900.70495888607,78811.14356674977,50402.46447743673,18365.23474260673,22143.07593994553,36245.91195860072,149097.2108128813,134588.6296130088,53892.08759664452,50657.15353792752,40505.59492795636,112515.3664284671,50189.33254828181,44802.92699418644,43023.65326075004,155825.3299808518,37832.97553273786,6937.794065982383,20725.99332859685,61550.7739498019,41852.67046048163,47928.0732356876,2467.541296861955,46299.30104054319,25691.03552824063,17698.98006146175,22706.98728692177,63103.16980295012
1594,23887.39113986713,16676.60850362723,80424.28947266196,49864.07069083565,78675.96461889826,52632.33639496913,19060.27761233398,22425.14621881321,38497.95404063589,153173.2571127707,132856.3705929709,51780.51205008983,55106.0784773097,42010.79590365346,116831.9040536787,52955.81018467663,47321.36411483031,44426.77263894631,164195.0086201674,41610.07088821678,7815.991899340785,22614.57547639064,66207.80019648741,42930.33363131183,49621.84742146535,2517.920127832605,47806.48415849076,25988.94189166883,17294.74821427981,22743.7277195079,63274.58813815836
1595,24304.23171054302,17000.92893707323,84480.9011512019,49869.12651204295,79481.16239357264,53752.13505578238,19594.54576454162,23601.45740747399,39485.24799612091,154361.4590981017,126033.9342053936,54669.55842881776,58342.87229389102,39890.68852012254,120548.2013760794,58127.77310555761,49033.57524074008,46167.40087025969,171696.2575103773,42710.75773075713,8226.607303917419,24469.82572606421,71849.16786539108,41264.82259229877,46279.51589044677,2584.428729736432,47952.77629026889,26596.03162310691,17050.32895723278,22743.05252553367,63650.70520315033
1596,24310.48982316689,16775.9268926966,80676.1570851633,50606.14377245185,78103.1462331407,53745.26451756049,18033.37111588881,21939.03536624575,39787.92577040089,145567.7599747161,134776.7071437732,48818.67136152452,56041.40630917612,36718.20956299241,118759.1088060075,60540.13372570443,49105.58563666149,45512.95676195749,159807.9392665924,40926.58744776829,8226.61503346172,25588.81891951145,68544.70866937378,38690.40113571962,41330.09042893936,2484.870469921968,49013.75038088819,25610.92245649028,17050.32895723278,22795.79609515975,63744.92572483519
1597,23685.25626181488,16576.45501862667,79916.49230303866,48094.55293153729,76458.4825884457,53192.36417328538,18014.75135973902,21337.01728219775,40088.11944298286,136643.6896855114,138169.2616523503,50313.00900247939,55645.27567107977,37117.02638615362,119653.6785707144,61599.62325005951,50706.83064088964,43494.82404677696,152455.8269240891,39690.85812169679,8658.622735703078,26622.00507246456,69120.21636260107,38493.50094048472,41882.90640803029,2331.816397853806,49386.40025014032,25561.01160270347,17294.74821427981,22832.59682417128,63828.68698412771
1598,23278.28811058613,16720.27975228295,82773.62769510406,47524.33904258221,75998.70157873852,53182.22435979798,18377.43191386171,21605.8076942982,40362.42740969724,145445.8957324528,135932.3635043683,52442.64843668395,56933.90521260255,38243.62220724617,123220.2160596241,60607.35418525965,50714.03308019908,42718.83774988393,165225.1630243349,41611.02492983793,8689.760717075416,26893.7890138845,69978.63882181335,39981.60721199763,42441.7935239803,2286.968968863596,50573.62069623893,25530.98581298187,17369.95413969357,22868.6654631346,63718.75201157758
1599,23276.3275801566,16703.17278139683,86684.13666428567,48690.11235388697,76440.07317497332,53496.75500005326,18377.41774515313,21875.16299346118,40249.02470675883,151754.8557261589,134636.149798824,55215.94730986388,56933.88767008397,39018.9598976807,125021.9760328217,59776.97110646456,50722.03695515222,42151.78288956602,166537.1796878384,41613.52823692245,8534.54459710114,26537.78944155706,70956.85217805009,41087.89283551636,44109.9253942152,2277.938960299336,51126.05319886876,25807.44364728476,17238.34376967176,22922.60408869714,63717.4180611695
1600,23694.24247284313,16768.21934052013,88367.10418408296,50450.18323801761,78021.8507879925,54025.3000521562,18717.39071564611,23346.5064026916,40244.20783730294,153599.9357002745,127503.7068566902,57723.81189633533,57176.69121368851,40593.77555763071,125024.6144987385,58547.55475471208,50654.02180622162,42873.60606229869,166682.9005441834,42507.5387506256,8124.673476240986,26336.7185204954,70941.02570152986,43657.09384629619,46838.60983613791,2285.824806355749,52192.07382857784,26460.55873881154,17097.33266034253,23056.5496580192,63751.87822150818
1601,24097.63647585399,16839.93573538342,88986.64817067572,55125.57342621526,80880.40757170474,54313.44104925639,19234.13154454481,25364.42361995917,39938.16658439927,155971.0100320819,116724.3326548226,58860.46939652461,58812.56521931803,42790.7239964684,124126.287530977,56831.91680129831,50065.24162305387,46603.78905681732,166537.1685578547,43535.92649361428,8123.969700211227,26181.41414983901,70956.85318379407,45422.91487406827,47396.08699238663,2381.617149360881,50424.44324294936,27710.70954104612,17144.33636345227,23066.06933338836,64191.45243580486
1602,24304.23709549381,16720.15376132755,89390.10390184741,59402.66907033866,83192.4207282848,54024.63213841231,19149.23931569398,25632.49364048485,38283.14398601647,156632.8076875016,115803.6157871207,58543.55337916149,56468.33843372766,43908.56855091402,120550.1739985513,56833.37997774591,46554.3158287414,47614.38809420686,151205.4842149757,43516.44194380691,7919.23752624134,25351.40871422037,68222.50239695715,44671.90208805903,45215.40501555712,2505.19745767281,49464.72291542547,26788.1995014865,17341.75191738955,23109.866198175,64167.11509318669
1603,24304.25459105048,16494.95487978427,87798.08444721838,58918.62400695529,84283.21338832012,53189.86276200564,18207.44227411474,24828.25423835902,37803.87174634983,149679.0638854874,120725.4766533085,59277.82849640943,55991.27425041365,42813.90198439359,119654.0172902595,55751.93881492893,44035.90004677328,48081.7196461021,151327.5072507087,41228.83985018002,7088.318673379778,24306.80179109806,65322.30372892847,45365.14612034582,44092.85043625408,2584.914341464561,49626.69248187049,26590.84978850869,17285.34747278148,23012.68317846178,64321.543476861
1604,24282.65371043896,16489.25589494302,84937.87284587079,58277.76412822967,82639.64175913448,52029.7013916005,18719.67725438218,23979.1460650975,36809.64949097651,151526.3987068108,120725.4735739894,62381.58976259299,57199.76596291039,39384.8598436433,121443.1719428466,58940.64783410808,47355.22967882621,46952.28536462892,153776.0264682755,43581.72005668524,8225.838157355582,23561.81166771791,65335.61381034655,45365.65830405592,45199.58979227365,2764.317250833493,50522.80012215924,25860.27690869157,17285.34747278148,23056.23606391245,64320.49781125184
1605,24096.20641074431,16449.77165703643,83193.53475937217,57453.90959191016,82349.02594236906,53179.92792667078,18681.47873279524,22693.09150022819,36133.96604085324,146807.4134736012,118009.237349568,59936.81557645544,58533.78561388893,37754.27867844849,121365.2693818534,60540.13284475215,51660.70905080364,44525.74866891035,153776.147934685,44690.23328958177,8631.938270948027,25114.46274418986,66288.47632155675,42539.10202363724,43164.4040865259,2773.613098175267,49458.58594493228,25585.72621702126,16975.12303181902,22976.38741614305,64207.95495075997
1606,23054.53935235435,16009.50146484719,81138.5802853355,55216.4579378101,80949.115578243,54875.61909978743,17258.42209849151,20634.61060012699,35373.12780645001,145761.984313731,112928.9059121328,57921.55963981539,59044.95546525937,34390.72673854064,118766.5926289313,59729.0967046729,49609.38811142547,40450.78284615865,148651.2227763511,44690.2298734216,8943.60003062053,25268.38757804663,62509.92097142185,37506.04851085012,39140.67833690371,2596.531904875066,47032.15494812957,25589.19626809101,16749.50525557771,22939.90778388121,64359.34422771462
1607,21418.60738133813,15355.4519693814,75262.20039251095,51517.74166111272,78197.84280748371,53017.49068484674,15842.71931640325,19498.64082915621,33348.60707895301,149572.5736014576,111105.4460078748,56243.81896152663,55774.23101202155,31059.9227092201,112537.0110946525,56411.24779995654,47773.64725814406,36045.18768687647,143518.0846752575,41229.27411558581,8852.25886279381,23788.70378220298,56866.05150020225,34199.17253530197,37029.89382218618,2318.346512653599,44446.65117066615,24106.9233397322,16393.96338019388,22905.13952732618,64685.02589612717
1608,20070.74111857583,14651.77254562576,69661.1084177566,49702.45067444224,75812.49885453281,49624.50419103509,14586.28624850242,17721.38681194954,28406.61882317494,130655.3528283934,100746.1975310393,51579.69469885442,48637.71317541326,28838.96127279137,108820.2270110956,51151.02512479629,43824.99381552252,31547.80269487077,126092.8847078028,35882.42856356034,8204.92864387948,22432.01525198991,53743.22027940528,27560.34296766928,33873.02305551818,2045.749619006395,40169.4000653883,23793.92702546718,16865.64709354318,22904.44240241894,63771.9406952935
1609,19351.2184254838,14234.12775110434,67509.98862869565,49474.32748499681,75655.06436670663,48063.34824642037,14082.64385158788,17062.58468146054,28417.68842273119,130409.7700182409,94294.37238526852,49650.77618774914,45898.96156107166,27896.62462602466,106777.1006012089,50145.96398402612,42531.37592866059,29718.71498388376,121422.5260433678,31319.90456018925,7331.532369837495,20878.45715363503,50040.79527255997,25750.3079233946,32522.95036420963,1951.367697385969,39005.64397827801,23457.83734477195,16611.81846768761,22885.56953473698,63140.03931933893
1610,18836.4012023652,14031.26941883761,66219.65111939986,49014.32139462186,75686.92155000471,47269.34747531007,13988.34480866931,16535.45662577565,27547.20817453732,128653.7399123525,91237.57637700858,48943.69642320748,43612.99691566154,26801.64830827477,104629.1263913837,47807.38881600573,42349.84062622912,28029.498415039,115845.0743396801,29079.53394429923,6703.296030943442,19569.07822872594,47345.32430966683,25397.13109876051,32251.23297130714,1900.143389842303,37627.13072979818,23458.59588931035,16959.65769506273,22822.51355107958,62547.52588101625
1611,18528.72086423624,13877.90879676173,64954.59895366956,48491.33292105783,75429.32930643707,46983.6278865988,13635.76252462821,16272.91396247037,26971.2576093213,126771.7245473143,88541.04934140823,47767.06063086292,40421.76208106232,26413.28689038861,101575.3896537152,45118.8319690434,42185.9195657075,27215.05129828647,112137.2841985567,26816.6610095885,5528.763302949746,18678.52059505396,45560.98981187923,24667.62446776279,31715.82676524028,1813.970702020182,37219.35556738929,23519.49741215115,17006.66299582252,22836.05968429111,62123.90323368424
1612,18528.7241309547,13806.35518487529,62739.32525013892,47916.02673765818,75221.0307522066,46983.62790033298,13730.19207862203,16013.69340427754,26486.00555577585,125645.8172820411,89052.00280921688,47578.84795826422,39475.27741601942,26413.49601293681,100225.7364668465,44734.45120105331,40434.57241063701,26772.44553755521,103124.6595853013,24924.86604797324,5227.543046486099,17817.37739919597,44212.01385146107,25035.19116002282,31710.34265487434,1762.940804258844,37211.17009904719,23391.66845117432,16799.83967291771,22818.94890094927,61967.2087669378
1613,18727.02884813888,13836.06281548663,63652.16727116674,47916.07219406324,75811.90270846925,47282.46181642819,14756.34567242492,17494.34433160974,26692.80299141831,127035.389485145,93502.77873422156,49467.14247392167,39052.43210415745,29753.19716484051,102356.3769119329,43963.38830198716,39817.38182929918,26209.75303990948,101568.3698399403,24533.75959961402,5121.036837993372,16902.48804190076,44213.14403614039,26906.20627982698,34025.59952944706,1760.4202071801,38235.22182229457,23723.11483510356,16987.86087595679,22905.56338191171,61997.0790449905
1614,19577.23779240473,14167.74467967495,69482.46314970346,49094.66650442016,78018.19832455361,48137.05228130379,16127.10974874087,21766.78202437885,27087.64411604269,132076.077392769,98031.41089172616,54188.70992478071,40725.09362558183,33166.08807817828,104797.0067701767,43964.51864325573,38979.63082877975,27724.11465771883,100381.3252975589,26042.74497757639,5274.378675906029,16516.68293846156,46431.31409524296,32111.09237343461,39047.2901887277,1760.445269820691,39537.6028480891,24886.39741344855,17467.31494677391,22895.47742450896,61968.79596439729
1615,20794.38350050694,14702.50975148873,73288.57383293785,52382.07676808273,79427.62571875603,47570.48072511867,16722.21232396201,22301.29354664792,28386.07261288987,140139.4287956597,112871.7838390846,53185.67021420417,41334.64557028653,36052.58691709796,103966.8636120291,44733.78311610294,40272.74132606055,32027.84858647756,103816.3655841704,29069.94921194579,5228.197869660728,16266.33707510242,48285.05788534411,35642.66803817557,41457.55715131911,1923.827177262165,41347.39995151399,25598.10138447185,18144.19127946746,22925.29629217627,62230.00400969796
1616,22329.56799069521,15399.52134179618,74520.09006968548,51741.31864775808,78343.57365646849,48186.20442340327,17067.70830989219,21533.25666190582,30880.08458691211,143924.2932815394,127704.8739601781,52734.71101284992,44417.24652098121,38805.94311661609,108908.9151218167,44735.67370778861,41518.31022068481,38579.21143890473,118931.9843564131,29830.79859630358,5546.139894671836,17615.02801880905,53334.46532202699,39788.08424105244,45743.78461800709,2194.276732802285,44187.97999886545,24829.84923091059,18087.78491987032,22796.3992263118,62885.74583640652
1617,23456.32581938909,16266.33433417074,79743.40226488556,51782.02245867722,78949.69888885274,50523.81671771806,18077.22067769052,21803.72831271557,35238.03752834139,147076.6763884112,134277.3774491617,53277.40477358445,51210.19479456366,40590.19573011715,112887.6831914678,50104.24774331327,44448.39407970281,42879.06738402293,149001.0484989234,37834.67281902897,6976.016776839886,20586.35153938425,60984.23789002923,41587.09955801957,47902.50956955444,2465.156962045429,46425.18442719676,26010.64906684658,17580.12766815917,22717.11216459427,63098.3869248484
1618,23868.74023262421,16694.58893939017,80550.0641596486,49705.78289553517,78825.15507062693,52855.19265537757,18771.48430016683,22080.42509252233,37265.6723530451,150984.8727777489,132576.6716827494,51374.83793961008,55533.79931161462,42077.53011095992,116795.6466207638,52784.97789131578,46771.06043882472,44228.59871902707,156664.5709789594,41543.43071751829,7885.853239949358,22611.09113989127,65488.09896023363,42632.91182159278,49559.86339275727,2514.997470415675,47907.61570710143,26320.35349563144,17175.88208118689,22757.66123061176,63252.42707081431
1619,24285.5808033001,17032.45635809486,84718.80873014925,49710.93703448855,79567.0043517367,54025.96467699772,19305.15345768365,23234.32730178623,38154.58629578626,152124.1450939146,125878.5065867001,53977.91971470917,58679.41686120573,39982.58820385425,120160.1844261356,57796.63486043728,48350.1727975434,45902.74874307559,163532.9337890242,42624.2032786646,8311.261790514289,24600.09577691633,70943.92739683928,41016.62584573017,46289.40031222481,2580.795395179193,48051.50534437862,26951.4859640103,16931.45451635968,22756.91604382142,63590.41383005596
1620,24291.83891592401,16798.05589455002,80808.89389867785,50462.28666008645,78297.40285738646,54018.78139110429,17745.72911984787,21603.57475552661,38427.10340400982,143692.5668844449,134462.0291308118,48706.16720662377,56442.78017640369,36847.76627533768,118540.4352330254,60134.22391491065,48416.58546385251,45273.29921448445,152647.642006959,40872.31326622781,8311.269798529096,25799.76285738582,67748.14872979526,38518.29278232743,41446.3998224517,2482.300964363591,49095.05550120649,25927.36325569729,16931.45451635968,22815.12718441573,63675.08238605194
1621,23666.60535457197,16590.25200603119,80028.23045666413,47901.85430748561,76782.13222343844,53440.71296106049,17727.13023923602,21013.02524456712,38697.38394163312,135135.9861401555,137792.7879543272,50052.59179421617,56057.80802255712,37241.84918009492,119350.3310868249,61160.87436458953,49893.35765464746,43332.24317915683,145915.8329805218,39658.94149052858,8758.84134210739,26907.43663319877,68304.72852080982,38327.2120769174,41987.32888145328,2330.882350373571,49461.58549749789,25875.47576902423,17175.88208118689,22855.74279738338,63750.35202737727
1622,23259.63720334322,16740.08435236226,82964.34280773455,47320.55178583302,76358.52423264741,53430.11158212433,18089.40417408803,21276.69514190505,38944.35818356257,143575.720961567,135596.6351070083,51971.43450976688,57310.13854789681,38355.072414121,122579.2843095342,60199.36086383132,49900.00021218862,42585.89341058824,157607.8104717114,41544.36749805065,8791.101124315954,27198.81485554282,69134.91827947542,39771.33657738588,42534.19853275416,2286.514138231596,50629.30871870511,25844.2608599248,17251.09056284073,22895.55042945347,63651.56213306521
1623,23257.67667291367,16722.26281693284,86982.94609663439,48508.99524303904,76765.17116048018,53758.95969244953,18089.39002126471,21540.91916508632,38842.25562005912,149624.8805769882,134324.0320505244,54470.22573957622,57310.12149952809,39121.20691865947,124210.5018952448,59394.71566286092,49907.38190575716,42040.4955531022,158809.1312903757,41546.82551381363,8630.29306917089,26817.14947090647,70080.9591261734,40844.92534185983,44166.46141404888,2277.580619752523,51172.66885337127,26131.6673277511,17119.47571939876,22955.08050939203,63650.36341698085
1624,23675.59156560024,16790.02639504938,88712.43421786584,50303.2932477881,78222.50328682431,54311.56417468611,18428.98183109239,22984.23316810093,38837.9187329589,151393.9809164703,127321.507197152,56729.85599249533,57546.08558347831,40677.32966396164,124212.89062186,58203.40529937459,49844.65391583161,42734.75079971353,158942.5575671225,42424.66105726088,8205.655616459348,26601.58232872019,70065.65316745591,43338.19225251099,46836.47234591235,2285.38220166319,52221.18267208793,26810.64791085924,16978.45981711944,23102.91131460813,63681.33004678809
1625,24078.9855686111,16864.73841042816,89349.10364421434,55069.60315140882,80856.16468245591,54612.8213823359,18945.1433160572,24963.70863136478,38562.37330370883,153667.4153822838,116738.4802644756,57754.0044606744,59135.8791485387,42848.2005302317,123399.5931963822,56540.94386311765,49301.64257234742,46322.47035845395,158809.1210994372,43434.44259719116,8204.92648565371,26435.08127936573,70080.96009883936,45051.82350214983,47381.96235515627,2380.150956343783,50482.58114434504,28110.30876954498,17025.46511787921,23113.41783066789,64076.340744161
1626,24285.58618825088,16739.95309871776,89763.71170188399,59429.87309824218,82986.28147123972,54310.86585743358,18860.3462641211,25226.6718607413,37072.26728707527,154301.9604823858,115834.5343372094,57468.45753587974,56857.68617894041,43952.77637432772,120161.9703335339,56542.36168813935,46063.63866707711,47294.47251969227,144770.9826377583,43415.31057345442,7992.818473114971,25545.23654791128,67436.53951609458,44323.00729782164,45248.17047083357,2502.410748247375,49538.62190240555,27151.26431825383,17222.88738194668,23161.75482173164,64054.4706927177
1627,24285.60368380756,16505.34757604454,88127.68563295416,58936.41507943839,83991.25661664952,53438.0976852584,17919.60511821038,24437.75339100662,36640.75266689392,147634.5689907463,120666.7430656833,58130.05237550931,56394.06027245661,42871.10339760719,119350.6377454734,55494.43999511158,43740.99198786858,47743.95570901961,144882.7104970608,41169.09713829921,7131.964299372085,24425.31862076142,64631.72563167867,44995.76213461905,44149.75361020143,2581.275817907035,49697.93151039643,26946.09891183112,17166.48102015853,23054.49749227873,64193.24330845678
1628,24264.00280319608,16499.41054248459,85188.41204000033,58283.09275470195,82476.9920844893,52225.12563897252,18431.26580627573,23604.82090981006,35745.60080247201,149405.831323755,120666.7400424543,60926.59605364108,57568.51034706166,39482.76366647293,120970.4431447889,58584.31438573226,46802.29346250483,46657.65686847812,147124.6462839956,43479.40763586641,8310.464934087591,23626.61838600776,64644.59795714234,44996.25918046767,45232.69531423137,2758.76171890497,50579.32274966046,26186.59295893451,17166.48102015853,23102.56521231038,64192.30365119736
1629,24077.55550350142,16458.27703325954,83395.85694637948,57443.21717693416,82209.24030781083,53427.71061510331,18393.11011095786,22343.2659590949,35137.24658703576,144881.1719619937,117999.980304808,58723.81136488514,58864.95240157891,37871.5373472595,120899.9143122284,60134.22306126352,50773.08630669076,44323.79464884345,147124.7575021918,44567.86498765695,8731.195522326823,25291.20794276866,65566.12172406359,42253.24327182843,43241.27116886927,2767.958235543397,49532.5857168123,25901.16916282032,16856.24603470583,23014.43919250319,64091.17025355624
1630,23035.88844511143,15999.61659121757,81284.0994045905,55162.2550436067,80919.46712424123,55200.58984086647,16971.64893647179,20323.99955981957,34452.2229312398,143878.7931450446,113012.1875607744,56908.03019935828,59361.72326386109,34547.91045440658,118547.2106879933,59348.32513704852,48881.22484284848,40404.46023415978,142432.2261814662,44567.861633304,9054.085447962954,25456.22999752831,61911.83947577309,37368.9443281815,39304.06554213815,2592.769241935482,47146.0029815379,25904.7766392503,16630.6205897443,22974.17796222472,64227.21186364098
1631,21399.95647409512,15318.24720480512,75245.28457249686,51391.61188641994,78384.64923064971,53257.87921178775,15557.53336943044,19209.67025562197,32629.43784069756,147532.4639328237,111221.9421424387,55396.35623830582,56183.130859465,31256.64275750411,112907.2791202506,56133.31357563892,47188.18534266353,36167.12390399184,137732.174850215,41169.52354671683,8959.453553058442,23869.86830223585,56453.59151875712,34159.80482805386,37238.66815044394,2317.556397525277,44602.95985135546,24363.80085982112,16275.06662953623,22935.8055144573,64519.87630749837
1632,20767.71163047135,14907.68645773165,70484.8754087098,50566.82552879555,76602.84890731555,49355.91828125597,14555.56062733888,17274.76642674291,28616.05835851778,151596.8900204571,132177.3895082994,53965.884293436,46506.52637630622,27966.58903956858,109690.6987982327,45192.22830047795,41947.68606013708,33566.5966936508,150421.6308214056,32952.10180099047,7551.130692438063,21224.98037512123,52595.30979281233,27710.59357754243,35906.12522333497,2165.393846838105,39868.53732279164,25507.1989202656,17390.96355440247,22672.64830639511,65184.23743802272
1633,19815.27255011467,14253.91218969667,68905.77971127992,49701.27735755714,75923.36792008104,47354.13262636872,14079.18210036857,16418.31870356284,28049.81262280659,150793.8453527476,124538.1807641824,53594.5439533902,43134.20740955895,26432.43644773752,106538.2996251509,44817.03769633831,39870.83295071985,30187.17327300871,141710.4466839964,30620.90982514071,6808.668856426355,19570.85805052357,49486.49651249329,26010.71435993933,34084.97818681049,1994.501116262563,38683.95211036409,24109.70750025254,17195.17908310701,22729.80536755807,64316.64654330905
1634,19436.95152944196,14064.24830746347,65844.19694597964,48413.28178157159,75790.56152525103,46911.11175845152,13493.34334283333,16098.83804122663,26718.7927527953,146354.8466353363,118831.3744752731,52868.4207133483,41680.56538479244,26206.04803982668,104424.0917603167,45169.35121806636,38872.59001128424,29705.52354798527,132394.7139362836,27670.23234628446,6239.558569117222,18444.76908678343,47422.42161835783,25470.8446284524,33187.88255351482,1908.256592710124,37626.81194223386,24015.42086263448,16887.45639902822,22709.78234626832,63093.28453187531
1635,19301.20909703468,13904.10998702773,63856.05635647573,48437.6668198472,75757.44888783972,47057.63038582866,13628.69403882003,15789.85725246884,25841.41255226804,143559.2920812605,114283.7617717375,52270.05987539548,39853.71571319659,25990.41444029699,102630.0667041592,44575.74719567202,37910.57235207978,28556.12403429002,122646.67143027,25948.69114766197,5774.341221365627,17642.32412192871,45314.60553381666,24656.06437663187,32462.96183421301,1824.455520701451,37637.60617296689,23929.77240782275,16947.33947959974,22729.80021278326,62742.10833291328
1636,18915.64510299787,13717.63878847745,62842.57739746856,48198.10047904998,76480.728322709,47049.9768230866,13754.89577215769,16082.27953797236,25825.02020625709,142402.6385357739,110480.3554580106,52267.28158092758,39354.10616236375,27085.9244057371,100121.9571396142,44386.37181733609,37812.98263250456,28145.69123457648,117803.327930056,25091.23499016196,5443.894892832202,17073.03865682455,44280.28969274208,24663.96876838484,31954.92705801191,1743.931274841388,37110.93324171693,23601.51441960266,16910.37290574208,22748.8614220576,62738.18451276445
1637,19282.16831235855,13808.9314331119,62771.22462244387,48198.21431190447,77413.9479094116,47828.39230815037,14158.17000048811,17253.2304313785,26974.67689866028,142302.2684688719,107915.144488802,52268.21789349727,39192.34686401377,29430.15965167498,103042.8278775469,44181.14671765864,38290.11451405721,26842.48330502956,111836.1001342041,24375.04130859037,5259.309633517312,16486.96316859462,44253.42608698123,25471.91602863485,33013.33193412604,1729.777804277475,37651.76846520714,24437.53953212665,17435.20677497978,22777.46262587059,62493.28390091169
1638,20062.90710729708,14086.41961550932,65102.80420729579,48281.86212254041,78827.26861200781,49689.35014981057,15822.01563711368,20892.716221722,28805.92122398397,143847.3617451931,110477.9726255274,53938.40934842738,40852.84045029904,31483.03468572925,108689.810827699,45589.54943236499,38249.66595224498,28125.45611955381,108142.5656515972,26071.8321823723,5493.629176505653,18100.18642728883,47835.43168179556,30562.81833296967,35873.0929861745,1744.608815522373,39824.62258115419,25766.7562817373,17769.86817215221,22786.97644650026,62695.503400774
1639,20993.9189972493,14933.34127545476,77063.52771119357,49210.25950915599,79968.2883368869,48885.88141164379,16692.83211292705,21967.82165269294,29568.83026688045,139641.1576422976,103072.6642375235,57018.06761802188,45112.1049353494,32912.9565414016,111568.1730335504,47024.84447980423,40889.70555646072,36302.42376425311,103827.7544139946,29685.38929865512,5837.465227147445,20036.22509081027,48446.64045007396,35020.406119462,40495.93690870453,1925.968377974188,43355.57763883971,26791.16669870908,18060.58101114508,22733.62831144,62604.23892617133
1640,22110.5211777761,15310.55291602639,74996.7110050219,50567.65389168465,79698.59039232641,47143.25776225406,17053.23536588121,21281.98021217407,30911.82200728822,123712.1840407487,97722.22411590067,54731.63123040029,49663.02158930228,35219.17933444669,111780.8962963528,54349.92434788599,42661.43531994682,35203.7079136151,99721.26428889648,31319.43110145704,6173.559770543882,21688.05169814805,53276.73782099241,40200.19694121148,45119.63322591777,2164.766602143534,44357.44440645614,26561.08079314754,17189.74266913062,22654.64951592094,63196.74718355716
1641,22945.47514944655,15918.54929371829,75590.76093730467,52935.53502518807,80343.15671435355,48490.61799412457,17091.87287503386,21352.17301840909,33373.43520143977,122904.3438208067,101602.4367282225,52247.05916329614,53163.4738746618,37212.02350869804,111780.8962812061,56099.80490924188,43571.10295738893,35655.31599881053,104020.0213703183,34252.80528603289,7036.784937761658,23456.46909117737,59761.5529925481,41794.34619194145,47883.2983467904,2419.78363033919,45038.6070857821,27144.32765285513,16488.95379602521,22571.12556689565,63342.49330454654
1642,23453.58869421512,16344.15302471746,76259.99982356573,51520.8578773218,80792.47245378328,49846.63531148872,17202.11403902858,22284.50154458045,35992.00741302152,125733.9720354819,108436.0393858666,51482.53721030387,55162.8620860266,38526.01876047353,110615.7830589188,55215.30865497518,44458.062151002,35652.44970943524,115132.8836014885,36236.98513073645,7835.316624439462,25539.49392288346,64840.52675004295,40158.207816909,48987.14329370509,2570.267846649303,45251.36089460173,26532.44959556732,15930.33104308428,22529.6433051554,64040.47440078532
1643,23701.00027306776,16475.26212076978,79643.24367721568,50566.82528810262,82146.09055851641,49490.57946481762,17598.70879064893,23360.52791486421,36657.05182423704,126226.0630005353,107672.6411621119,51584.04821711202,57138.31206267475,36864.14651596351,108863.0149341123,55976.15778216808,45054.77038121305,38881.91471686586,125053.1160695007,38194.07222101199,7779.347065878239,26733.80861602593,71908.03421373996,38490.44976693597,47298.13599231782,2613.077910191996,45561.63350766126,26791.28582535024,15946.71337408368,22539.08071814365,63840.34900722731
1644,23460.3190986338,16126.4588414224,73417.18542778543,50567.18377425252,81042.57671765433,48566.10317833653,16877.92234476026,21975.32608002128,36213.43163211657,123424.1985093113,103078.5390838384,48110.08960728244,53135.60004801933,35449.21424196006,100648.1968972547,59519.0604131281,44348.44882516845,36685.85603209907,129885.6651080259,38225.16786164922,7529.437038065375,26765.38466376289,67234.26514895822,36626.29096207752,42652.5158384255,2568.324473414385,45107.36281283996,26422.23817664226,16542.92325957074,22577.38654163155,63884.34035150481
1645,23212.12080102442,15648.16071597853,64225.89105128761,48616.68963723729,80300.4127568818,48135.35311909603,16983.59998883842,21044.83509622905,36174.42688308249,126371.8646149029,99190.51889137048,47262.66195700086,50498.16230027771,34523.5422805892,101824.8916662331,57964.60900840461,45064.76725391489,33566.54860960194,132145.8470477101,36555.37991070696,7592.095937229949,25342.66008787359,64977.67092489302,36197.50254188735,42102.1774939346,2363.982529672625,44849.78194200961,26242.53437564654,16848.91093033165,22539.30176385731,63000.39337382847
1646,22845.37302212374,15516.32401791807,66826.76551479442,47788.06639044337,80555.46664408366,47707.32647391967,16383.35914705957,21181.78429804206,35690.13983259111,126628.1321956095,94654.98105226734,47737.27723744008,51081.07810131759,31828.99152251922,106534.3740232774,55421.42028440689,45094.82919614896,32940.19263577206,137133.0938090591,36882.98127238676,7779.775567611218,25087.39227056632,66124.01131960111,36375.38788406955,42071.73526963966,2339.777457619914,45362.30657267558,26091.1937959456,16962.25985065231,22539.2818351671,62560.51801598531
1647,22604.0479889243,15485.34193660439,69971.83063861761,47339.25322105354,80912.06361063458,47843.4480405271,16876.96894180484,21662.44576378972,35024.04653254698,127699.5595233498,93812.18207378662,49193.45195271895,51034.29548140954,31471.05437818347,111825.5164071354,55260.05518451939,46052.09605773563,32313.66121357454,134717.1380350376,38193.39135812764,7836.934187969273,24111.13150156751,67147.59808261282,36894.90743745772,43754.34438653542,2289.054582236622,46415.99723040863,25653.1052158017,16886.72663397446,22596.49845989558,62843.52855685916
1648,23212.71461961697,15884.44199739105,73492.34486218648,48199.0872728516,81199.45922615455,49183.64859343621,17728.90282472837,22980.30350550137,35118.65024453553,130413.9262194538,99245.41859942437,51481.77454585821,52491.79918785694,34446.88518434577,112944.3673783355,53411.83749067491,46455.5760429613,33982.51927354007,137133.7519155146,38529.86290262052,7891.32515977924,25415.70605264664,68188.5670406102,39592.31135987277,47058.32419302445,2340.352912690271,47390.24935971297,27500.88470555859,16861.23026588731,22700.25294753758,61792.05890360392
1649,23922.62714446548,16380.35262857391,79448.90284955977,50993.92031170951,82885.19712068755,51369.32607270399,18545.54596187277,25690.31128226039,36640.55036433515,134534.904104603,104609.003380138,53234.18967323226,56138.66652072708,39411.16225572754,118176.2563833298,54992.07982603146,48034.39215873966,38594.9640890239,138240.1482275442,41785.19542227234,8298.153618284085,27015.95536388578,70266.29372447854,42065.95094074396,49532.98496570535,2421.506713251842,48655.0730129331,27982.70406885457,17187.95718968817,22834.67011758357,61748.15022682041
1650,24446.6370098943,17001.78982117597,89176.28437361671,55405.85016521275,83948.75368326211,52995.47222483542,19314.70012737611,25060.71304085414,37891.45534499098,137022.7861233393,108434.2960975826,54484.77967093016,58814.07076827546,41786.20802202774,124601.9511569991,61968.15079833044,47625.65028851117,41162.16686800897,145590.7811187681,42777.12139887973,8465.389979906662,27913.10937550617,68315.9683505104,43977.89435423985,48196.74830811439,2501.751309409167,49560.90982696547,28317.14194307553,16568.32698517128,22816.09420073581,62235.20371798573
1651,24678.76315326917,17288.73406323381,88789.54929979413,58762.15791774635,83658.30349870447,53760.42469615295,18967.5956416981,25033.46692334206,37795.68308727847,136568.0499862025,106960.5463908261,58360.80217252675,57626.5686591445,42493.00179255812,118298.8395983785,60442.94836950686,49261.69891507029,46092.51625240807,150424.4871285311,43764.49190014636,8929.41811176817,28710.67512272047,65097.65239742667,42644.69353977186,47596.04320375391,2527.628282691696,51931.63459143781,28287.83315915587,17294.84438010825,22870.86455308068,63511.55308276567
1652,24678.76315468564,17024.9912899635,85829.36539500215,56811.5059717887,83744.20414408545,52731.33529399987,18561.40338271829,24132.51096970913,37038.37442825077,136114.3234390096,106795.9103411423,59533.07250761038,55655.9205107181,42932.72176928233,114587.5659637207,58550.91628284371,48303.43933219225,46925.79116653381,149215.0081566445,43763.08082156022,8920.007956497075,28822.53874561383,66109.73816309897,40705.95290760608,45682.21504860605,2745.568499501788,50828.91102605292,27822.84267760739,16864.61175955688,22797.65741550538,65542.76591432246
1653,24433.26691426131,17021.2172306707,85866.48480029758,56380.96904284209,82648.48420756908,51921.04591226699,17709.33795188423,22745.07278845571,36172.86586001744,136952.7037547482,104112.8115513394,57633.8908966274,54980.49790055778,41650.46306621855,113528.590534278,56122.72702621002,47279.72050360034,45284.26709317621,151629.6559502078,43007.10430654928,8694.336979538179,27613.1669780994,67558.33993999987,38527.59840399492,43750.32741958999,2772.452645851467,48847.07346211783,26997.45273365995,16635.89645884416,22758.4449366155,65766.80966434097
1654,23559.74410689659,16656.18240395608,83719.7363359086,55226.30350505686,81724.43082681524,54624.16885295362,16685.91415941745,20582.45949258062,34471.12065059398,136968.3523988753,98483.17152273185,55553.04348422228,53135.13798126934,37626.98674069421,110565.7897771847,52572.36016960782,44555.20558239024,41756.93484683816,155296.657355052,41440.36901374216,8465.832721275883,26119.73405987785,61271.70923746671,34214.09898409254,40452.80888602315,2700.102345678195,45774.34698119673,27299.21649262624,16471.1742643548,22767.05211021869,65117.49119854836
1655,22118.90157718147,15818.00967676752,79123.65277297952,52541.01967436085,79899.27680547697,52395.02375120788,15300.18174757747,19199.43657363046,32294.00677810501,128545.8482936472,87849.51255167613,53274.25626542333,49979.23729442932,31832.4240020395,106406.1660020798,49025.36973896953,43023.20539130697,37340.7447651303,158629.9753698091,36975.43818192204,8008.474460085421,23262.59854103043,55719.57650585792,31247.76854040157,37971.03546925152,2398.929481993293,43871.74676991369,27349.77357240311,17232.80008164253,22759.20637100843,65343.79911028135
1656,20757.68410457118,14959.55085524175,70647.98461560224,50256.89557394409,76578.58436392425,48898.83885877219,14454.8233216051,17126.82479259872,27990.29339215056,150000.7016610864,128066.3664466293,53509.81966532335,46658.17456210804,27449.74903410859,111043.2738572846,45609.71146217253,41545.67726259655,32922.50384895538,150149.3355157885,32585.08627705877,7405.518077005259,21815.79775513875,53235.52056192782,27661.17324809579,36215.47109611989,2176.801151930048,39530.25095320257,25549.25159062149,17580.76414612686,22994.32834329954,65040.23930881666
1657,19805.24502421728,14264.2524865396,69035.22726919324,49421.52032792561,75818.58922754496,46979.09867913708,13965.2685957399,16235.53912537616,27415.54877761931,149189.5270466588,120903.1178806015,53108.03073421849,43212.93190794831,26029.75994717686,107431.9807766781,45221.42043867629,39267.13298813879,29747.43566768351,141169.2738443894,30274.66640121947,6673.018753715157,20130.23449227943,49821.72998054238,25987.99004218979,34381.59862717379,2000.053427003742,38382.42450690885,24215.01877075304,17378.26928759052,23052.53727017265,64251.89483774617
1658,19426.92400354573,14062.54221073624,65908.38061612863,48178.42415267743,75670.04612472514,46554.23552833922,13363.22606840272,15903.062866069,26064.55140337459,144705.5883346187,115551.873617626,52322.36796342771,41727.85604264993,25820.21816472772,105010.0082363871,45586.03558744056,38171.9468510667,29294.91151604886,131566.003695446,27350.28095164454,6111.544910735288,18982.7412508389,47555.16753451785,25456.59877700645,33478.23445562815,1910.854060395759,37358.08836824256,24125.00009544419,17059.99960578859,23032.14576371099,63140.27565904354
1659,19291.18157113883,13892.23279598928,63877.8587505856,48201.95913088609,75633.00985166071,46694.7489221455,13502.32044213707,15581.51358639506,25174.00245378104,141881.7318560229,111287.599493354,51674.94365863393,39861.50221509655,25620.63087482037,102954.8274309047,44971.70486896337,37116.50397002308,28215.01670286514,121517.080208282,25644.07955614441,5652.569949488275,18165.04371232431,45240.57284906264,24654.61436556558,32748.24828612412,1824.181860975479,37368.54764409104,24043.22858848228,17121.93514055709,23052.53202053417,62821.17616582601
1660,18905.61757710318,13693.91798535647,62842.77541825163,47970.74404947134,76441.99327146335,46687.40904942864,13632.01280119606,15885.83080832427,25157.36407225311,140713.3684616648,107721.1640501799,51671.93755387192,39351.08900924993,26634.61879481806,100081.613025449,44775.71712655243,37009.43693876526,27829.40295734839,116524.2431104054,24794.26376685201,5326.557620915719,17584.93748209567,44104.78971959927,24662.39462159614,32236.66357019671,1740.898755782885,36858.21785718027,23729.82946846251,17083.70156107885,23071.9440146813,62817.61075044574
1661,19272.14078646278,13791.00903037364,62769.90161313963,47970.85391412367,77485.7934077328,47433.92028527382,14046.44122968631,17104.41277201866,26324.27615802567,140611.9822578919,105315.7783077242,51672.95064075202,39185.83179607477,28804.40847816336,103427.6741383032,44563.32624276784,37532.90492595383,26605.00059172254,110372.8321462039,24084.45173335347,5144.449166340067,16987.7220902636,44075.29077062445,25457.6533512218,33302.46414773173,1726.260369974673,37382.27046740748,24528.01121569165,17626.52377472619,23101.07156860656,62595.0795499775
1662,20052.879581399,14086.1217167982,65151.18357744831,48051.58577020156,79066.58357007278,49218.60464072403,15756.307330706,20891.94286077728,28183.00594174548,142172.7179094332,107718.9296798492,53480.09187225402,40882.23222166871,30704.51943238889,109896.6868916128,46020.90573850821,37488.52824928406,27810.3914687434,106565.293823508,25766.12334193019,5375.624559266127,18631.60889307707,48008.69424630433,30468.60480607397,36182.20804316403,1741.599509837817,39487.69892629493,25797.05987434658,17972.65547674329,23110.76047279529,62778.82816425006
1663,20983.89147134847,14986.83512411618,77366.87432416742,48947.61931405061,80342.80683122735,48448.066988017,16651.20980208099,22010.78063153989,28957.36561658039,137923.9306021201,100775.0083303753,56812.27119905665,45233.5998781501,32028.03408212554,113194.0515166989,47506.31655860974,40384.95221747471,35492.89423811858,102117.3025512628,29347.48183596717,5714.846943773816,20604.44705515236,48679.8631291761,34856.18772724611,40837.35451279878,1929.17267312588,42909.08520848594,26775.09951005759,18273.33231192355,23056.43056797938,62695.89985737571
1664,22100.49365187196,15388.00514742285,75255.99919988944,50257.6950601833,80041.15140597148,46776.86676258418,17021.58148281775,21297.04104256419,30320.51454906611,121833.6936090573,95757.92687434783,54338.35513567308,49882.92644729339,34162.63999785694,113437.7408481779,55087.16407394718,42328.74144848606,34460.61822431361,97884.0623861274,30966.96349953526,6046.431698246652,22287.67096461708,53983.79727549562,39954.6317362727,45493.35933330292,2176.152417063654,43879.86313097602,26555.42863251724,17372.64654401025,22975.99831972595,63234.28795206398
1665,22935.44762353993,16034.61806912227,75862.71251940638,52543.0320872521,80762.09471272732,48069.00389387456,17061.28767050349,21370.08909960974,32819.07451547505,121017.6748926893,99396.38320694922,51650.05696970617,53459.07320010291,36007.18727070343,113437.7408308262,56898.14469731147,43326.75039652135,34884.91736746057,102315.5039780637,33874.19983593669,6898.073924371851,24089.70177380577,61104.77848553769,41523.7454276502,48276.33581840171,2439.906641127188,44539.88870731789,27112.27434273979,16647.83858153817,22890.93727316329,63366.72150958746
1666,23443.561168307,16487.2537789472,76546.21759897626,51177.67044742034,81264.65149221134,49369.4432901053,17174.57800531711,22340.34219273935,35476.9493239759,123875.9499903363,105804.2188975068,50822.8469276703,55501.69657468308,37223.40195999604,112103.0223872678,55982.76474893711,44299.84559671669,34882.22440388033,113771.373422163,35840.69963429493,7685.890741003455,26212.31996215618,66682.00400956797,39913.3020365587,49387.89398341149,2595.546631082017,44746.04057022397,26528.09344967709,16070.06939185991,22848.69161022962,64000.94847241564
1667,23690.97274715894,16626.69019464033,80001.58220325435,50256.89534164167,82778.66468086469,49027.98079966346,17582.14220881695,23460.1383640998,36151.97550018217,124373.0228368304,105088.3841278614,50932.68147706447,57519.86406945939,35685.19744002554,110095.1042736386,56770.1802200721,44954.50245006086,37916.40222397594,123997.8016496185,37780.34808837509,7630.672194025778,27429.33574213711,74442.84013510175,38271.73554652058,47687.0845881557,2639.823419858456,45046.68513938969,26775.21324433322,16087.01321675197,22858.30270064134,63819.10268715718
1668,23450.29157272569,16255.732873458,73642.80280990794,50257.24133099917,81544.39151099163,48141.39523145112,16841.41946220506,22018.59031838641,35701.69693693912,121542.7925398917,100780.5171449461,47173.87058037166,53430.5966243608,34375.55692673458,100684.4573643686,60436.78933433276,44179.58730071598,35853.14018595532,128979.5111062759,37811.16665112089,7384.115512756233,27461.51197557542,69310.57023844054,36436.85270712162,43009.00273614716,2593.536675498786,44606.51088107398,26422.87084140326,16703.65781384819,22897.31346908978,63859.07582800901
1669,23202.09327511699,15747.05591470586,64255.5772270437,48374.74123024186,80714.28586980386,47728.29995619762,16950.02005427161,21050.24951381936,35662.10675897448,124520.3005326715,97134.73968274107,46256.95686786395,50736.12640496316,33518.76856668203,102032.4432772832,58828.06160966194,44965.47015738402,32922.45867257034,131309.4553350731,36156.25735567872,7445.933641325257,26011.74478325516,66832.60214788608,36014.7982598881,42454.8188518555,2382.193726376614,44356.92298102533,26251.30148096926,17020.13301586302,22858.52781427593,63055.86925124951
1670,22835.34549621743,15606.84568377701,66911.8946401905,47575.00370938655,80999.562010608,47317.81647276706,16333.17709407568,21192.76943349437,35170.5509615475,124779.1625416339,92881.78809961525,46770.48891824706,51331.64729172653,31024.73199495078,107427.483725986,56196.07311717317,44998.45153004148,32333.97872344375,136450.637381159,36480.93962347058,7631.094946030285,25751.62493078413,68091.39953764585,36189.88997466047,42424.16390971834,2357.159358895998,44853.54350210182,26106.81145725733,17137.36689776239,22858.50751883652,62656.1724489562
1671,22594.02046301873,15573.89579319609,70124.00324870371,47141.83612350986,81398.41343591336,47448.35894123422,16840.43968898681,21692.98288915795,34494.46015356137,125861.4368962419,92091.4996317552,48346.06479637965,51283.85303526089,30693.43063583519,113488.8562965958,56029.07367981894,46048.68224530303,31745.33393539039,133960.1112363934,37779.67329232359,7687.486599717661,24756.80776235286,69215.40105710717,36701.25065421191,44118.53041258007,2304.698655649438,45874.53717184396,25688.55331751714,17059.24482850545,22916.77710542795,62913.33258804031
1672,23202.68709370958,15998.34446727427,73719.56442111348,47971.6964437369,81719.86359289402,48733.6298411966,17715.93729204289,23064.44746876419,34590.48378879768,128603.2835788269,97186.21886967856,50822.02172744462,52772.87408800313,33447.81588525959,114770.5781055049,54116.3223153955,46491.34571823989,33313.27540519557,136451.3158005868,38113.14670511156,7741.147741760878,26086.17917839675,70358.48998008082,39356.29278649573,47445.59708185754,2357.754529762188,46818.55736358836,27452.69154678109,17032.87458874724,23022.44099473627,61957.90498651412
1673,23912.59961855601,16525.7525800467,79803.09860405308,50669.10187418899,83605.35064128031,50829.72482840451,18555.16803923257,25884.69092801285,36135.22636705427,132765.9818463898,102215.6260080556,52718.12868095434,56498.60199605578,38042.67776757992,120764.0717986805,55751.7415049962,48223.48671786876,37646.80362840134,137591.8619029667,41339.47256492327,8142.517288444558,27716.845429816,72640.04346834784,41791.08471836843,49937.54977429986,2441.688758971785,48044.13237822894,27912.70095975592,17370.79986840451,23159.33185410693,61918.00696224347
1674,24436.60948398325,17186.6600023681,89737.83912660627,54927.23228131935,84794.93185106634,52389.22152006275,19345.596312807,25229.48235720793,37404.90639390571,135279.0509425904,105802.5842246344,54071.26262369647,59231.85971030583,40240.98521565747,128125.1532481332,62971.39388416144,47775.05035811026,40058.76651196316,145169.3778463542,42322.55997919752,8307.509636571269,28631.05220922217,70498.38946987859,43673.0017257513,48591.97604016063,2524.682633320164,48921.86024471313,28232.00022814676,16729.93223585796,23140.41408325953,62360.57261065597
1675,24668.73562735747,17491.82934470238,89342.86000505181,58166.53947143766,84470.06517816239,53122.82153918274,18988.89123121275,25201.12794237477,37307.69667404329,134819.7111006857,104420.6563539321,58265.10522550644,58018.67882242888,40895.18313978091,120904.499419676,61392.93641323125,49569.98193698669,44690.9754732139,150152.2799850744,43301.13250972118,8765.311339082975,29443.77778775302,66964.35390778413,42360.73836623246,47987.07345363234,2551.446183415374,51219.01924433318,28204.01813047086,17481.35054875342,23196.19237853205,63520.33923684982
1676,24668.73562877393,17211.33509924513,86319.5737362428,56283.88706294231,84566.14450036258,52135.91054352919,18571.46406198643,24263.52357197582,36539.02144019389,134361.3910697157,104266.2779377485,59533.49757103248,56005.41699155053,41302.18148634626,116652.9766710594,59434.84080179375,48518.66209346453,45473.86188215928,148905.4694956535,43299.73400455925,8756.027451300728,29557.76767253689,68075.72617201078,40452.44498117574,46059.87224822195,2776.853299103668,50150.51420305697,27760.0758260504,17036.37198094452,23121.63800447909,65366.01951667091
1677,24423.2393883503,17207.32133272362,86357.48441745233,55868.35860954129,83340.58876262877,51358.83179913585,17695.83127252368,22819.64821141452,35660.52230624804,135208.259066863,101750.3493642077,57478.58980271242,55315.38891026478,40115.34168001345,115439.8464705649,56921.86717905832,47395.52600600327,43931.60150061791,151394.6472881176,42550.49362279599,8533.38457608364,28325.40861894791,69666.43704984614,38308.30077715915,44114.48537670857,2804.658529249437,48230.1748772931,26972.04783773278,16799.8176099238,23081.70389538087,65569.5989372032
1678,23549.7165809882,16819.101526678,84164.97362632626,54753.94460030565,82307.04096906047,53951.16415353151,16644.10050423861,20569.06573896496,33933.235312745,135224.0661363532,96471.4635249863,55227.1202814658,53430.12456578872,36391.27113827312,112045.7515968349,53247.53321299633,44406.42299903141,40617.56860621538,155174.8335687858,40997.71873416375,8307.9464371415,26803.58908657966,62763.082378525,34062.54336491037,40793.9251290921,2729.829419138706,45252.79791865249,27260.15201160739,16629.44966781777,23090.46946744945,64979.58972250245
1679,22108.87405127733,15927.69273560325,79470.9151579968,52162.26950325422,80265.6178749343,51813.38311408304,15220.0399880871,19129.78524146587,31723.44476683871,126716.2934123788,86500.33367011727,52761.48059162331,50205.98006290958,31027.90904753726,107280.6124973096,49576.6935665651,42725.64439796772,36468.42750562638,158611.0370596931,36572.57269516175,7856.725107540565,23892.14620477763,56666.2805713022,31142.7981088034,38294.81009230434,2418.338004105594,43409.23713777852,27308.42058352773,17417.17972173291,23082.47934250839,65185.22649446641
1680,20451.57733763112,14880.08352142636,69673.41944010845,48794.21955528188,76241.91082052633,49002.35981053973,14576.13794216159,17588.41665200544,26732.72646735563,126489.8761391579,96450.2000779465,50272.86761969947,49370.67737974602,27494.86753698981,111774.8534235954,53785.43118430486,42087.17943672214,30407.85375723935,126382.5973617447,34816.34229351959,7960.190474574144,24262.72472373532,55844.75174739071,27367.96029885732,34766.35420073921,2018.752745120313,39622.06908140312,24309.35226161544,16952.11844900666,23136.81141466084,65390.32932442067
1681,19732.05464457182,14421.84527936425,67532.9742179872,48573.12668703681,76069.16458579127,47571.56040137676,14021.29410956563,16838.36605354185,26744.10043692737,126244.709057645,90683.70062784085,48470.68637927833,46666.94977737662,26681.03757928827,109446.5322918643,52698.70123694,40748.08490411996,28934.29294988492,121622.759724005,30509.46942956294,7133.669342058458,22500.87092590938,51620.59018324646,25668.92740665472,33394.0483769905,1922.515566608401,38511.03430344484,23990.59175465185,16639.41269424646,23122.32352145135,64363.56437363579
1682,19217.23742147658,14199.26990721797,66249.03978962998,48127.29710619299,76104.12013168204,46843.85870181336,13917.40841069754,16238.22726324992,25849.6854397586,124491.6516028413,87951.60356965105,47810.06444019588,44410.21876260662,25735.38346149909,106998.7279274607,50170.09917865688,40560.16779704437,27573.41598590376,115938.4501346688,28394.63312324366,6539.150421217204,21015.93500102365,48545.28013168053,25337.4094928358,33117.85631481907,1870.284347487278,37194.97144637279,23991.31118775408,17067.93539441437,23073.9181400942,63400.8001599644
1683,18909.55708336159,14031.00322992792,64990.2652306113,47620.42613897357,75821.47500869987,46581.99670133567,13528.98180685866,15939.32069840901,25257.89852187518,122612.8221598427,85541.50699749327,46710.73808733911,41259.79443687854,25399.98298930519,103518.72799077,47263.07678741416,40390.48415386637,26917.27612792957,112159.6227822958,26258.55536674602,5427.654815648101,20005.97447831815,46509.50163807283,24652.64056249629,32573.63298567033,1782.417770939485,36805.66960551299,24049.07255744396,17125.84386711823,23084.31692710831,62712.46349353097
1684,18909.5603500801,13952.49488562639,62785.984446935,47062.84979385859,75592.91777552367,46581.99671392313,13633.01128485585,15644.19637228958,24759.30396444724,121488.8208581645,85998.18597198128,46534.89170201266,40325.41371367049,25400.16359375805,101980.6802124788,46847.46217968413,38577.56905439116,26560.70137309125,102974.3261206778,24472.76303374559,5142.601037760081,19029.3721795686,44970.43132809552,24997.66587137268,32568.05856242505,1730.384783096192,36797.8549611019,23927.83460595045,16871.04658776111,23071.1817106714,62457.85352976226
1685,19107.86506725525,13985.08998223896,63694.29664432925,47062.893849384,76241.25669455135,46855.8779953299,14763.48599529665,17329.92728110875,24971.78750809852,122876.040759162,89976.19162839744,48299.11809774477,39907.975879868,28284.42884706776,104408.7312368353,46013.7445980103,37938.68137245905,26107.38160819289,101388.2195628223,24103.57138716743,5041.811013025976,17991.81761984663,44971.72077559925,26753.93917691497,34921.44331933821,1727.814638868794,37775.51436203456,24242.19122991457,17102.68047857654,23137.67194266618,62506.38919646879
1686,19958.07401148244,14349.01003191587,69495.66066888458,48205.1661330901,78662.1319783187,47639.11014868286,16273.60507650861,22194.1259532978,25377.48519520372,127908.1956659414,94023.78347348915,52710.46063830935,41559.24688276378,31231.902955362,107190.0422933538,46014.96678804189,37071.47955353645,27327.39085912249,100178.4325429247,25528.00404147269,5186.923000906417,17554.28510179352,47502.46986277136,31639.63059000646,40025.83168387567,1727.840194163439,39018.89399272994,25345.49360935138,17693.34690393478,23129.92938460725,62460.43253779006
1687,21175.21971952933,14935.7521861069,73282.88417369449,51391.26468825411,80208.63731423792,47119.84732254775,16929.20713790424,22802.67086930473,26711.61531790442,135957.897228653,107287.7824980754,51773.32444546793,42161.00368661049,33724.76921079598,106244.0216026495,46846.73980778706,38410.04885946937,30794.59125886606,103679.2844513387,28385.58545058463,5143.220716602284,17270.37373047346,49617.43863416811,34954.62895684843,42475.79116446293,1894.433684973008,40746.70237562412,26020.50129819832,18527.2289130297,23152.82005377697,62884.86469759133
1688,22710.40420964785,15700.51058853212,74508.28922008765,50770.25350995923,79019.15263014701,47684.15808647378,17309.82703439111,21928.25577806124,29274.20271412892,139736.3546025578,120545.2722926836,51351.99497602843,45204.18337250806,36102.64952255029,111875.9212779026,46848.78402432242,39699.4052557517,36072.54019270091,119084.5019772927,29103.80228947193,5444.098806418674,18799.8924937429,55378.3960543197,38845.82349633308,46832.60465481383,2170.199442950006,43458.59643756492,25291.86111668934,18457.7387474046,23053.87129004207,63950.36755934873
1689,23837.16203829053,16651.57442802634,79705.68161483851,50809.70290713134,79684.22832682593,49826.57973313584,18421.96873380659,22236.18954780593,33751.98205014204,142883.4012775362,126419.6313924314,51859.0316959617,51910.2612996106,37643.58315169089,116410.0752734641,52653.59523668265,42732.49510053967,39536.61638759098,149729.6565618916,36659.19677526706,6797.234256079104,22169.60080065373,64106.15561635171,40534.51245667769,49026.87970529918,2446.404340344026,45594.44943357406,26411.77754359928,17832.32723788419,22993.00600436228,64295.88416212416
1690,24249.57645150688,17121.45371306717,80508.34058682737,48797.44908368217,79547.57163898647,51963.28575897965,19186.81278086575,22551.21066823394,35835.36877805407,146784.9817756102,124899.5779741772,50081.47072742117,56178.57421023217,38928.08936335371,120863.5411923773,55552.15495057813,45136.8139138054,40623.83405988386,157540.0037662539,40160.1424667717,7658.239834237946,24465.81048765507,69244.68962793295,41516.18927033954,50711.52699743054,2497.224559076614,47009.72255321639,26705.51325284252,17334.31437209117,23024.13378780818,64546.18116876177
1691,24666.41702216382,17492.16052907025,84656.39846977188,48802.44438191246,80361.57161969016,53036.29830623805,19774.73596308571,23864.93599268675,36748.72432314513,147922.3255034931,118912.9052931292,52513.5201454537,59283.96461905598,37118.83521888547,124697.7261125307,60971.04688991904,46771.43936804546,41972.57302207283,164539.9569094573,41180.35628093917,8060.816725673006,26721.49399079986,75469.3398881989,39999.02359728659,47387.20560298795,2564.315867692328,47147.09359941191,27304.10379916777,17033.19031295144,23023.56173978548,65095.36965200323
1692,24672.67513478746,17234.97725332414,80765.88592719639,49530.63884641271,78968.49135632928,53029.71482478149,18056.77698753306,22008.31339439581,37028.73456931202,139505.0204776248,126584.6690052988,47588.14179508956,57075.93074351041,34411.50975697107,122851.8803263017,63498.58270548343,46840.18674642762,41465.47205038731,153446.1148204964,39526.62962665183,8060.824303897994,28082.00828639661,71823.22001058333,37653.90322858145,42464.45009558504,2463.88534076418,48143.36810196551,26332.78604546727,17033.19031295144,23068.2479423672,65232.94603502488
1693,24047.44157346383,17006.97563611818,79989.09639504648,47049.11413092803,77305.84868995183,52499.91511385865,18036.28730226452,21335.96885630396,37306.44674807166,130962.9245243117,129561.6280037655,48846.10117462309,56695.88173393685,34751.85147541101,123774.8274439044,64608.65625612017,48368.87430299011,39901.70663806926,146585.3316823369,38381.24650739843,8484.374701437639,29338.19513305194,72458.23164653439,37474.54073248847,43014.28722856434,2309.490304782732,48493.29329467144,26283.57393778592,17334.31437209117,23099.42681106008,65355.25029406261
1694,23640.47342225357,17171.37110300164,82910.63878678989,46485.72624325781,76841.04147761087,52490.19895015925,18435.39083225787,21636.15878457328,37560.2118005865,139388.3723544079,127598.7548786757,50638.86863751755,57932.1970649512,35713.26417284598,127454.5018807992,63569.012523333,48375.75037712002,39300.42778143792,158501.3146979375,40161.02675683821,8514.903102483284,29668.64034020846,73405.40968876838,38830.10289936067,43570.16278411257,2264.249950710118,49608.11548478533,26253.96850560253,17426.96792895719,23129.98542738026,65194.72840752896
1695,23638.51289182415,17151.81738373313,86909.30043876663,47637.54414190957,77287.23802971086,52791.58824030714,18435.37524062622,21936.9795887933,37455.3018221736,145427.2918031983,126461.3302492702,52973.47979509864,57932.18023460237,36374.92071943317,129313.4169028372,62698.98382415561,48383.39157132382,38861.04103011981,159725.6515119862,40163.34704301767,8362.72560893726,29235.8025801451,74484.76426727937,39837.85279310453,45229.30593418875,2255.140826866807,50126.85993068486,26526.55596261528,17264.82420376686,23175.6841232773,65192.78063575921
1696,24056.42778449169,17226.16731774235,88630.20626866526,49376.54530755527,78886.30721118714,53298.05024329435,18809.49072899116,23580.20216144724,37450.84568790576,147193.3973659817,120202.6275095051,55084.64376011524,58165.12673606789,37718.83460873477,129316.1390656117,61410.87049841844,48318.45840272473,39420.35117996192,159861.6340905318,40991.99497523595,7960.878430566027,28991.33294070928,74467.30143078776,42178.21769578203,47943.28687377615,2263.095763767031,51127.87322777248,27170.52751938041,17091.09878565529,23289.16750879866,65243.09774431429
1697,24459.82178748421,17308.1410500555,89263.71633101898,53995.96663906585,81776.11297067667,53574.15247138905,19378.12636870456,25833.84811545018,37167.7238539137,149462.9833058456,110743.7507406988,56041.50178503033,59734.58952393607,39593.66326082415,128389.3155597537,59613.32151773131,47756.35770159374,42310.71171203614,159725.6411258005,41945.19559612843,7960.188432180266,28802.50800621998,74484.76537701105,43786.75884941997,48497.76006718373,2359.727379281564,49468.03506775886,28403.17635685275,17149.00725835915,23297.23291174871,65884.943378271
1698,24666.42240711464,17171.22709201404,89676.26696655527,58221.86139010725,84113.40043474587,53297.41023553869,19284.7086549114,26133.2334975548,35636.64584104227,150096.4542323477,109935.8237472149,55774.71637747572,57485.53079835774,40547.60781510123,124699.7613101155,59614.85455174161,44404.52299821747,43093.7820267405,145418.5472568577,41927.13559385701,7759.464247809932,27793.35596919702,71467.6995986604,43102.63800466577,46328.82868417386,2484.390420849782,48566.83974136176,27493.58134976468,17392.22284479503,23334.33915211457,65849.40713298281
1699,24666.43990267128,16913.81882619083,88048.35939938299,57743.61080540741,85216.11734746901,52497.51821360957,18248.3296167774,25235.04458319246,35193.26628293213,143440.3494655109,114254.7456562821,56392.84192392854,57027.8338849283,39613.4428583294,123775.1769082392,58481.78130862128,42000.22455670506,43455.89741758748,145532.4156999694,39806.78385798074,6944.812081594453,26523.2833177192,68267.63829202417,43734.1354995473,45212.32298455244,2564.805734046252,48718.93219174822,27298.99450964684,17322.73267647072,23252.00228835668,66074.89620990457
1700,24644.83902206077,16907.30473609019,85123.67145288255,57110.42262749494,83554.57863422147,51385.82934412552,18812.00689830506,24286.74542463096,34273.50129809331,145208.6133619449,114254.7429541866,59005.64206334941,58187.26472476299,36687.17188125451,125621.0867463519,61822.73132416987,45169.14492257651,42580.74671438109,147817.3045290245,41987.64111636108,8060.06263649742,25617.49611644536,68282.32455369428,43734.60206357784,46313.09868114117,2745.780459337172,49560.39401579911,26578.6495645524,17322.73267647072,23288.90182086964,66073.36937806592
1701,24458.39172237461,16862.17320995991,83340.01160974355,56296.4304116702,83260.78588332253,52487.99846390609,18769.97220790719,22850.45673947403,33648.41975832723,140691.6134551753,111871.2517384053,56947.58869307613,59467.12747292731,35295.66890648197,125540.7129767934,63498.58178247113,49279.52948184074,40700.52638598414,147817.4178780397,43015.10912059234,8458.212631649294,27505.26808680569,69333.70716630016,41159.8042620907,44288.87956329102,2755.157751070853,48561.07701135799,26307.94255039882,16940.53675608541,23221.25124516164,65909.03957597484
1702,23416.72466403198,16358.93275917063,81238.73330642121,54085.76317682328,81845.57207470732,54112.84225833254,17204.00204580426,20551.50854070347,32944.5606731492,139690.9314898164,107413.2722572715,55251.11124502286,59957.54547409684,32425.28586141315,122859.6015494735,62648.82371784041,47321.16034640972,37543.0082693288,143034.9827801212,43015.10595419329,8763.77306847097,27692.41572821746,65164.47251894776,36575.03968150647,40286.83563955066,2576.525083270637,46282.61295111943,26311.36402116015,16662.57608548738,23190.34442090011,66130.0910919212
1703,21780.79269309003,15611.33692194164,75229.88506823363,50431.32404339813,79064.22312821496,52332.34798429869,15646.12426236592,19282.83723133996,31071.65623335365,143338.4172535494,105813.1902669598,53838.76000335182,56819.60190322156,29582.84918048273,116432.4065471728,59172.56819150418,45568.60268529318,34129.29950828463,138244.883596485,39807.18637352729,8674.220063411056,25893.36014057236,58937.06178545071,33562.70376921014,38187.42507653113,2295.902404885328,43854.77657649183,24849.84274013355,16224.54917221045,23160.88753417733,66605.63617653161
1704,20452.20107943895,15083.53448790873,69659.14223026064,48764.43456017348,76666.54912276405,49263.79082855569,14671.76285379296,17759.81782464457,26867.7920880608,129204.5362458358,97700.3682388201,50200.45346581192,50164.61253161915,27546.3966469163,114486.8206033379,56033.60030640654,42481.33887635619,30368.17582307401,130793.381848034,35128.10929912481,8017.840488719749,24180.13455995379,56186.32516440963,27422.89601265959,35184.64003469872,1987.200181256423,39986.07822365211,24535.91166787183,16970.7841600651,23125.22559816173,65676.19432962613
1705,19732.67838660944,14615.26903416446,67517.75004595646,48542.75551524572,76485.73204147232,47742.06760379059,14129.67972547153,17012.74951386746,26878.5253257715,128975.4674250281,92072.52471662777,48432.78872383545,47487.98659601232,26777.66644382043,112142.5903533415,54833.76484839778,41035.33092774101,28905.53132338155,125847.4771478159,30786.12121423022,7131.364632588535,22482.43365174127,52087.57096111497,25685.46066665108,33873.51818645189,1892.463013277264,38908.59117594846,24200.33313026507,16657.93743991129,23119.1837769962,64646.22421100002
1706,19217.86116367866,14387.82324709666,66233.24758748259,48095.74392022484,76522.3207392963,46968.12223462498,14028.18326588795,16414.9969446227,26034.49556851316,127337.5199424308,89406.12114476017,47784.81942790632,45253.87663666286,25884.41733797579,109678.06045714,52041.98901109929,40832.4105036064,27554.73589221182,119940.9619145056,28654.04201579644,6493.720114371744,21051.56744057965,49103.56104367154,25346.44960691982,33609.6400910896,1841.045901344564,37632.26687846354,24201.09052116853,17086.6533148775,23098.9974977781,63680.45461533347
1707,18910.18082566196,14215.87454277925,64973.91612941693,47587.52910168877,76226.47020306111,46689.61954217315,13648.68998117916,16117.27886675792,25476.04588885553,125582.058963125,87053.9755321861,46706.54805858689,42135.03158325578,25567.60364653065,106174.2821293152,48832.40731999366,40649.17930460466,26903.45679364649,116014.4162241176,26500.54817929604,5301.598122845719,20078.38175470057,47128.2209599782,24646.20316149762,33089.68084816854,1754.548866093979,37254.72001899933,24261.89942172944,17144.5878922837,23103.33405731572,62989.96922484638
1708,18910.18409238046,14135.6482716116,62768.66014183391,47028.47447165717,75987.23458745176,46689.61955556052,13750.32691315425,15823.32798899731,25005.53874775396,124531.8622924596,87499.67362520278,46534.0695928401,41210.01692006335,25567.77424248432,104625.7250687479,48373.53605723873,38691.52091665555,26549.52358553562,106470.0566494565,24700.19574798224,4995.866929950985,19137.33964803117,45634.84273417084,24999.02691768292,33084.35495944771,1703.326895687209,37247.14133802344,24134.26486984535,16889.67575223649,23097.85633688152,62734.56446605935
1709,19108.48880949226,14168.95661714913,63677.37418894262,47028.51864398567,76665.86443548417,46980.90532495352,14854.80213937577,17502.35623729938,25206.05241795974,125827.9939956286,91382.0278261203,48264.50642497096,40796.7634061073,28292.20309027586,107070.3666528748,47453.04617943311,38001.62439041786,26099.56206550793,104821.9475170473,24327.99397163067,4887.765733320106,18137.56468342649,45636.09390041901,26794.99645559131,35332.81453654921,1700.796811273196,38195.28028242841,24465.20717245916,17121.4140618613,23125.58446029863,62783.25164257145
1710,19958.6977534479,14540.83999908107,69481.30481612995,48173.81939886427,79199.84500908911,47813.90997291965,16330.19039745776,22347.21429455592,25588.89586473962,130529.7254985027,95332.29501039293,52591.36018353927,42431.48237305975,31076.33796814144,109870.6820494426,47454.39557349354,37065.185107988,27310.5333478195,103564.8686493706,25764.04045084961,5043.403948279816,17715.96366625481,48091.70983769246,31791.11688960518,40209.62478603161,1700.821968247655,39401.11602585555,25626.72056869595,17712.34675518512,23122.35561601607,62737.15152476474
1711,21175.84346110602,15140.42129946917,73270.2038403135,51368.36515857372,80818.60434975906,47261.64925962428,16970.71444313841,22953.33956579034,26847.87019676517,138050.8642804482,108277.3601464898,51672.17260719495,43027.20727770336,33431.05785120247,108918.1973212631,48372.73850176686,38510.62589579411,30752.04832888168,107202.5725431561,28644.92057475962,4996.531559457188,17442.39011915529,50143.88918972799,35181.04262968007,42550.35332243231,1864.818832734984,41076.75317998981,26337.34214241064,18546.60467199471,23131.90160917621,63162.90859958998
1712,22711.02795073417,15921.91421613379,74496.15102262581,50745.70751255122,79573.54596021817,47861.82059737561,17342.5805648607,22082.40124980022,29266.09889914091,141581.2190481884,121216.0725675497,51258.91270237549,46039.88269176762,35677.16392986671,114588.5790412698,48374.9954778342,39902.92461125444,35990.8976109759,123209.9962345404,29368.99325006832,5319.234938437092,18916.21581157932,55733.81468909298,39160.18803770759,46712.91917115206,2136.286339787192,43706.7615149722,25570.25838764605,18477.08318072753,23090.63744975763,64231.73755414456
1713,23837.78577901689,16893.78932270809,79695.84281471556,50785.26150068978,80269.69454195695,50140.38791861341,18429.14441605321,22389.11063936088,33491.63069142457,144521.6230633407,126949.1822457174,51756.23833900458,52678.74013071678,37132.70413267759,119153.7143268115,54783.96427134643,43178.17659507402,39429.31153165288,155053.1021625925,36985.98912392907,6770.525001097964,22163.22578488861,64202.46359065794,40887.0456527555,48809.36291566335,2408.186141565414,45778.12236222484,26749.26240029538,17851.38974041991,23065.25507248936,64578.33272772921
1714,24250.20019210152,17373.95054981246,80498.85689398988,48767.67265092245,80126.65314095608,52412.87640525885,19176.39802031159,22702.87919948116,35457.65362239197,148167.0163945516,125465.6786301656,50012.7223261153,56904.26826004576,38346.02727423187,123637.6102044747,57984.20250009921,45774.45641725431,40508.47497059,163168.7640587268,40515.47907140137,7693.986757857868,24375.82553401588,69188.44425425678,41890.91085291763,50418.90055157424,2458.214245810082,47150.66126526441,27058.49581408829,17353.15237418651,23078.23615249456,64829.41106598105
1715,24667.04076262534,17752.76920672028,84648.74993436206,48772.68119303245,80978.68387209228,53554.07628496994,19750.79971518015,24011.38100052555,36319.55694630102,149229.6793956008,119622.9559594985,52398.19161775889,59978.53080822475,36637.03598831617,127497.993616114,63967.08601932577,47539.59050024294,41847.22231967859,170442.3527369986,41544.01099353721,8125.766031797685,26549.37474488358,75228.29643104538,40339.45338660829,47242.79334906906,2524.259828946977,47283.88438837598,27688.66842259151,17051.89257059412,23077.99759387176,65380.31390581789
1716,24673.29887524693,17489.95822269864,80756.51617593286,49502.80629699161,79520.51774990551,53547.07443931078,18072.3516166615,22162.14054781881,36583.79332521933,141365.074878735,127110.2515163433,47567.14718362689,57792.62985695869,34079.74151606327,125639.5354034834,66757.68464068041,47613.82667488685,41343.87801021904,158914.8406857001,39876.80101186352,8125.774159736854,27860.34978612758,71690.42295079182,37941.3273480061,42539.51789279921,2425.394672601502,48250.07635081989,26666.10325464394,17051.89257059412,23096.63288063576,65518.31974973829
1717,24048.06531412305,17256.96745297386,79979.38298149093,47014.70239178841,77780.1950469157,52983.60724787766,18052.33316816092,21492.46932915522,36845.8610941724,133383.8735071004,130015.6293040836,48801.01334101769,57416.39038855414,34401.22262629075,126568.7888998097,67983.2932753566,49264.56476986133,39791.69715163425,151785.8623144311,38722.07924190884,8580.048329510173,29070.79616543725,72306.58229329622,37757.91080445924,43064.84064925106,2273.406130490281,48589.43554126636,26614.29468122444,17353.15237418651,23109.63526449251,65641.00579593926
1718,23641.09716304278,17424.96023669979,82902.21790346719,46449.82081123853,77293.67165827152,52973.27364565342,18442.25782326736,21791.46566764736,37085.33075462399,141256.0861520682,128099.9536159988,50559.44460400253,58640.31312273831,35309.3570236106,130273.6060779686,66835.44470698008,49271.98983030704,39194.87263781449,164167.6536464066,40516.37057134892,8612.791219423822,29389.20915123457,73225.6404123862,39144.11211536048,43595.93260643208,2228.870919779764,49670.59564009583,26583.12724542146,17445.8476985765,23122.37898728249,65479.98282141256
1719,23639.13663261397,17404.97864113401,86902.64861793978,47604.69248905646,77760.71488127939,53293.81549070624,18442.24259022347,22091.09037365465,36986.33068877748,146898.4756137767,126989.8784502994,52849.34183349384,58640.29646109378,35934.34676086995,132145.2228268123,65874.86449541105,49280.24109807535,38758.74091400256,165439.8510749999,40518.70977551475,8449.574976586187,28972.13194580753,74272.95099659044,40174.63971336181,45181.10319726415,2219.903776218089,50173.67658104716,26870.09661018262,17283.63088021891,23141.43650959545,65478.02896944359
1720,24057.05152514801,17480.95550728994,88624.31580006762,49348.30421470103,79434.49389372216,53832.46191973815,18807.75389695913,23727.7793038388,36982.12558271782,148548.6144341762,120881.6667048407,54920.07147033057,58870.90794979742,37203.78540378244,132147.9635897742,64452.68592574821,49210.12366003269,39313.9076300321,165581.1493556478,41354.11392184439,8018.578348107614,28736.56397222613,74256.00659865858,42567.90280033952,47774.08184971804,2227.734722688391,51144.46424997415,27548.04456345353,17109.82714800031,23188.76197718853,65528.50314878503
1721,24460.44552801171,17564.72299641085,89258.10613592021,53979.97287509789,82459.31376161835,54126.10977156873,19363.3116383306,25972.46450160458,36714.95290160748,150669.1738981866,111650.229363844,55858.6031539278,60424.63873217958,38974.71727579287,131214.8072183312,62468.05026739931,48603.14479336669,42182.85603939997,165439.8402828071,42315.0862721234,8017.83829817339,28554.61456009489,74272.9520733763,44212.80106491444,48303.83396878873,2322.860179737873,49534.74495569124,28845.72882867796,17167.76172540651,23192.12545602892,66172.35237955653
1722,24667.04614757612,17424.81307445041,89670.83928948891,58217.07161017531,84905.80122365101,53831.78124104931,19272.04241344495,26270.65949290039,35270.12538011219,151261.0495988487,110861.7290377754,55596.92738679024,58198.1241564101,39875.79738965681,127500.0427199417,62469.74285769591,44983.69933561575,42960.12527929723,150573.4670578443,42296.8790212589,7802.553853304641,27582.20792119415,71345.457266928,43513.21735345598,46231.60394950309,2445.580148178962,48660.76125067312,27888.14294327258,17411.0869515927,23207.59970512599,66136.70520368921
1723,24667.0636431328,17161.77217709797,88042.21151378822,57737.55305449376,86060.03797998553,52981.058030459,18259.49877843701,25376.0418812541,34851.72280190229,145042.0006926821,115076.8021335256,56203.21420748998,57745.01511241525,38993.40075366614,126569.1407519894,61218.74075095057,42387.44151167111,43319.55807774909,150691.7867382316,40159.23942432347,6928.807922215208,26358.38134910828,68240.3997230334,44158.98829382934,45164.87742897657,2524.742059949348,48808.26126471057,27683.28956332826,17341.5654576251,23173.2631318947,66362.89817134794
1724,24645.46276252916,17155.11554507402,85116.22964541867,57102.68612435125,84320.87080772639,51798.72404249886,18810.21219757081,24431.51326951902,33983.77110236046,146694.1561253495,115076.7994964021,58765.97237004116,58892.82403137738,36229.29399987523,128427.6634541617,64907.41271753269,45809.36873638617,42450.89059144089,153065.994276215,42357.8778633612,8124.957242014544,25485.57580976817,68254.64997739447,44159.46540339067,46216.57526545013,2702.896004349812,49624.31512237473,26924.93870754043,17341.5654576251,23188.65117854239,66361.36657332377
1725,24459.01546290257,17108.99644670615,83331.78068681843,56286.53579614351,84013.35181720434,52970.93332386148,18769.14425172687,23000.93543382847,33393.90239270604,142473.7533051725,112750.6195123407,56747.33612073238,60159.85767143467,34914.90350062834,128346.740500993,66757.68362160212,50247.92673199758,40584.59915113238,153066.1120561626,43393.72312113921,8551.988498610037,27304.60993878251,69274.81903041275,41526.47063933448,44282.60554447179,2712.127135975863,48655.17252648406,26639.94899913869,16959.19724620412,23160.43916218763,66196.52379638227
1726,23417.34840489264,16594.74404173259,81229.57274929273,54070.00748763822,82532.01805227467,54699.03198168845,17239.1894167617,20711.12811824519,32729.6939271867,141538.7785263662,108399.8324946629,55083.35066620541,60645.35981302195,32203.5875551814,125647.3093847784,65819.48378718592,48133.20124607321,37450.47229124614,148096.7265372659,43393.71992892355,8879.713875705802,27484.94313168801,65229.36106772255,36838.07874769319,40458.99193353053,2536.278744349752,46445.50676059617,26643.55098912634,16681.1112730341,23147.55022780067,66418.26535069583
1727,21781.41643447328,15830.78924310638,75218.06611462469,50405.87945277938,79620.72218912694,52805.39163559442,15717.14084601783,19447.50119232982,30962.29614797602,144946.7615951155,106838.2246002952,53698.0496558556,57538.87040968306,29518.66927914511,119176.1981872359,61981.4238793763,46240.71923925307,34062.05267668181,143119.3773354754,40159.64522169952,8783.664816938264,25751.39503090988,59186.8303709277,33757.65640149051,38453.18316264304,2260.030019771231,44090.97898207589,25104.91880774374,16242.88690053137,23135.26595436638,66895.29490535083
1728,20452.25079433794,15283.16734851802,70200.9691541185,48851.78147601812,76892.3764017072,49828.13312235927,14545.87026815468,17742.41437741515,26927.67190448304,129097.3132977125,99010.50587506896,50128.95281274787,50451.97811582888,27393.66909319238,117110.3250007542,57905.73291612181,42295.26246743049,30167.26088610067,132453.4609622938,35553.34621948943,8137.762563068872,23751.81582077709,56551.8641089626,27670.44471032318,35181.17251656617,1997.288155232313,39535.10332351675,24573.95800599909,16880.68757192351,23038.90920339204,64057.31877887763
1729,19732.72810153152,14803.14882144398,68059.67690115512,48634.7639425593,76716.35849457179,48264.07161836624,13991.00327072675,17018.98628607133,26939.38578882702,128861.7572253304,92867.67614803794,48403.19203375002,47830.1154383539,26628.93943307791,114764.9685226988,56631.06108382007,40905.63642069503,28664.87167373509,127723.1143022258,31086.41419624718,7263.132395554102,22214.07198855766,52477.81329176747,25916.39702088735,33899.32522419601,1899.960746541725,38457.22434092609,24252.0377890032,16549.65402382044,23010.35194593056,63228.32786575222
1730,19217.91087861719,14569.99433433741,66775.23438595279,48197.15219711653,76751.97606991236,47468.59308560442,13887.11323461166,16440.14899097205,26018.24090916705,127177.4229086447,89957.27839782655,47770.5833889348,45641.71494433206,25740.33887808588,112299.2546034169,53665.15605229954,40710.62815185238,27277.37082555984,122074.0235291467,28892.98283223562,6634.008513695926,20918.02173594775,49511.78814370967,25574.14453512953,33641.33896417893,1847.13782209179,37180.43578169398,24252.76435347819,17003.29258889283,22914.93952688876,62451.00995671586
1731,18910.23054061037,14393.72986058913,65515.96169651536,47699.62422183189,76463.97787947056,47182.34172731979,13498.67041389069,16151.85189990123,25408.76824716602,125372.2471014451,87389.89536127806,46717.87333928644,42586.6808681933,25425.17391435385,108793.7929710334,50255.38569769324,40534.54139731467,26608.39439818504,118318.6090159408,26677.52060801079,5457.816460708858,20036.5294313695,47548.35352844529,24867.2027416118,33132.98930272492,1758.275842364788,36802.7515899194,24311.09828211215,17064.59509737747,22935.43669882088,61895.25974221143
1732,18910.23380732883,14311.48997675698,63310.80862057518,47152.32550481637,76231.09195923021,47182.3417410796,13602.70423513767,15867.20279970583,24895.27302956018,124292.3087575943,87876.37788060693,46549.48361903054,41680.59182927369,25425.34362251038,107244.4919441205,49767.89362585761,38653.21488793433,26244.84369678392,109190.2225683624,24825.36169570624,5156.170654332338,19184.15214371566,46063.97596407669,25223.39999277086,33127.78232974565,1705.653394870753,36795.17015220544,24188.65856075299,16794.86406061648,22909.54571852601,61689.69239576657
1733,19108.5385244343,14345.63433405764,64219.48026115335,47152.36874828027,76891.70988712127,47481.73183459605,14733.22614310538,17493.09990102714,25114.10671287941,125625.1470383006,92113.99406560163,48238.89900675027,41275.7934037024,28135.59429093351,109690.3079964751,48789.99077149052,37990.21840625498,25782.65528817786,107613.9432013992,24442.44953625639,5049.513978841549,18278.57579749878,46065.21958948653,27036.54154390973,35326.03859766254,1703.054134569468,37743.65398124817,24506.13124130744,17040.07409455511,23040.60540030944,61728.87918981459
1734,19958.74746836273,14726.85167949898,70023.1400390427,48273.58588891388,79358.4345687791,48337.91282817478,16243.40827206646,22184.64733602269,25531.92880704131,130460.0320405814,96425.73773679257,52463.18109807466,42877.06633115822,30905.24027373546,112491.96873605,48791.42433022406,37090.29222030484,27026.53251973475,106411.651773727,25919.81932158664,5203.072450942524,17896.69795277531,48506.03541296879,32080.43196754932,40093.96007045389,1703.079979369212,38949.92834627808,25620.3700934904,17665.35968509896,23025.34395265084,61691.77463885277
1735,21175.8931759819,15341.48197172337,73811.86224845941,51400.95609893744,80934.22945090575,47770.28679225985,16899.03770496864,22771.59238744407,26905.92984147841,138194.1702138636,110555.3649417421,51565.7836277696,43460.60281742983,33247.70597702914,111539.0264098904,49767.04632509831,38479.37322063607,30561.56443133706,109890.8131218065,28883.598914945,5156.826402610567,17648.90045636382,50545.84618265866,35502.77020039218,42382.42512850387,1871.56073717954,40626.1750118307,26302.0687886563,18548.11580956393,23070.4640210758,62034.45326597626
1736,22711.07766556089,16142.58971045697,75037.75222007176,50791.39182292238,79722.2168997532,48387.156450224,17279.67349240612,21928.21403164215,29545.10099377974,141824.50497646,124678.0581147449,51162.32039272631,46411.63946487631,35482.12311219622,117212.1323260379,49769.44407372304,39817.3842334337,35942.76994524192,125200.5830798681,29628.50732032344,5475.217601268324,18983.86255559349,56102.08093575567,39519.96187599299,46452.04975540541,2150.450528469248,43257.1400098391,25566.20596933254,18474.55280109679,22875.42494392271,62894.72044750669
1737,23837.83549380759,17138.85807368434,80237.20136059284,50830.11406185614,80399.88858617547,50729.11941261145,18391.86162394192,22225.21791346423,34156.70021860549,144848.1815230291,130935.7865715692,51647.8565114843,52914.66714188799,36930.08854934933,121779.4608191165,56578.15433533554,42964.92949464532,39474.61653076482,155655.8665725548,37464.68791884266,6907.114546727496,21924.93982983993,64519.68888849104,41263.33069637424,48501.68438021277,2429.784434000184,45329.25431262642,26697.2235555522,17812.48570489066,22755.45266027246,63173.68412250924
1738,24250.24990687901,17631.07094813345,81040.17796598718,48854.9514755447,80260.64373243702,53064.83441149257,19156.73760338061,22529.05758554912,36302.34963508733,148596.8127525478,129316.5322206203,49945.67199586477,57053.74176846504,38137.0974452052,126265.5108748309,59977.99845530865,45459.9766822979,40583.10427975605,163417.8224676872,41095.74156611638,7818.236384307292,23929.068826256,69475.61881000866,42276.79427008051,50075.28447185869,2481.18037343662,46702.29247538433,26993.87091679453,17285.28413135113,22816.80900195825,63375.76926763079
1739,24667.09047738948,18019.39763818298,85189.87734525472,48859.85469702556,81090.06020702141,54237.78542595396,19744.68533150143,23796.15317345434,37243.00110709185,149689.5704744874,122939.1604321823,52274.59175381577,60065.10548896282,36436.99990779405,130127.748913215,66334.04756770676,47156.28568257048,41958.22966106144,170374.4053370364,42153.8702597208,8244.245932208041,25897.8266191445,75479.06851109225,40710.50267235879,46970.09297249307,2549.031731032479,46835.56405827997,27598.39498535089,16966.51108608796,22815.68143134271,63819.17382857949
1740,24673.34859001088,17749.99031710003,81297.82522386586,49574.62658369271,79670.5961428442,54230.58877082364,18026.65463084589,22005.43006040217,37531.37955034859,141602.2395828316,131111.5947829758,47558.07124625675,57923.92765587791,33893.01383218166,128268.3978498135,69298.70195773798,47227.62728341998,41441.20788249757,159349.2984181044,40438.68507012623,8244.253951536195,27085.28182642775,71962.51796220237,38289.44715127148,42371.83163091598,2447.463469259951,47802.10747212962,26617.44905506056,16966.51108608796,22903.7629331628,63930.25043992902
1741,24048.115028907,17511.15167288474,80520.72829553268,47138.84302700842,77976.46438420673,53651.44446354025,18006.16409012921,21356.94990864503,37817.39124770763,133395.0098019918,134282.8345255892,48762.68758010804,57555.38597551821,34212.82192501762,129198.0977832426,70600.75449637539,48814.00075758505,39846.84932300584,152531.0232849941,39250.73532192447,8692.457803291922,28181.68016432793,72574.96368310822,38104.27688571204,42885.42505007736,2291.319357398809,48141.59010415828,26567.74913290105,17285.28413135113,22965.21996958246,64028.99662258868
1742,23641.14687783974,17683.36093572568,83443.42681894779,46585.83988976015,77502.8541034203,53640.8233537527,18405.28428276828,21646.48481108142,38078.74015118162,141490.1642846872,132191.8613992549,50479.43376741382,58754.26748308425,35116.23030705312,132904.6948501563,69381.31209025961,48821.13630438754,39233.80718499707,164373.1773140208,41096.65871963834,8724.76316061442,28470.09233554125,73488.48259529828,39503.73224505256,43404.6588560141,2245.566494542517,49223.14347394361,26537.85023719557,17383.36814549807,23025.4544192228,63899.39423872044
1743,23639.18634741101,17662.87781873431,87443.67084720364,47716.42669404372,77957.5012532821,53970.28350268574,18405.26869048568,21936.62819697987,37970.69490401316,147292.3467718768,130980.2067574356,52715.04707843863,58754.25116233375,35737.96753999197,134777.2107714676,68360.81837990902,48829.06584351653,38785.82437224711,165589.928388304,41099.06523614483,8563.72792335797,28092.31206982885,74529.4809889089,40544.11314689551,44954.4359667532,2236.354177298599,49726.4074101079,26813.13971438896,17211.72112002659,23115.53165857811,63897.8216440416
1744,24057.10123993169,17740.7616410241,89165.25768509976,49423.37340221185,79586.85549720978,54523.91646970725,18779.399798241,23521.52576498811,37966.10559672633,148989.2176862523,124313.0518265916,54736.68834688741,58980.14438379058,37000.79990695383,134779.952851162,66849.93540745464,48761.68238388353,39356.07673733146,165725.0684466856,41958.50875847311,8138.490562681653,27878.93926859459,74512.63871566752,42960.25921965121,47489.51893350115,2244.39923230507,50697.54820212457,27463.49463215387,17027.8135945726,23339.22010044275,63938.44674108553
1745,24460.49524278245,17826.63162443415,89799.01844415722,53957.6464039991,82531.39181427141,54825.73436490911,19348.05917859684,25695.18017498208,37674.52257483239,151169.831603215,114236.8747797555,55652.97135629331,60502.08612954606,38762.51568592854,133846.348167575,64741.51366162849,48178.37048456448,42302.98361865093,165589.9180664689,42947.13380326428,8137.760401794071,27714.13309753862,74529.4820592049,44620.88504205259,48007.44281705635,2342.125546407791,49087.24337398198,28708.36208772028,17089.11610305727,23355.11791148015,64456.66096116827
1746,24667.09586234026,17683.21007982629,90211.73233690218,58105.64657608451,84912.94559129076,54523.21685277524,19254.63756459698,25983.93908804187,36097.68779860331,151778.4692820353,113376.2212765713,55397.49883086677,58321.12561899917,39658.90649565083,130129.7990014844,64743.31182250159,44700.05234139926,43101.37374104281,151371.4680164858,42928.40262520677,7925.352732959593,26833.34643827172,71619.63140288631,43914.61231917419,45981.48127660817,2468.200842701107,48212.9417582239,27789.75073009179,17346.58663983578,23428.25846022892,64427.9696580536
1747,24667.1133578969,17413.56707477917,88583.1805636072,57636.21143287703,86036.54706045137,53648.82432029417,18218.21525744768,25117.6307438924,35641.05769849107,145383.2962981047,117977.0024127349,55989.41311819769,57877.28709996182,38781.10193325726,129198.4498044611,63414.28196513686,42205.02629423988,43470.57347418233,151484.6309540807,40729.25085808876,7063.282384637567,25724.82858696615,68533.28818816673,44566.55774463646,44938.57248528203,2549.52714687456,48360.4954252509,27593.23505005357,17273.02362851124,23265.96329536922,64610.02534239916
1748,24645.51247729399,17406.7433668292,85657.33524065584,57014.69461202011,84343.54016291333,52433.59474021295,18781.91607260542,24202.99078266,34693.80523855161,147082.2409354063,117976.9995342967,58491.4189669098,59001.61206650508,36031.37984632241,131057.8653883867,67333.02450855737,45493.52772056432,42578.30152372779,153755.3630806241,42991.15675438445,8243.44795001978,24934.25862946973,68547.45255556851,44567.03941604109,45966.78815103261,2732.552058072228,49176.84612172827,26865.74969358444,17273.02362851124,23338.69639982709,64608.79260678708
1749,24459.06517767335,17359.46671745971,83872.96955609489,56215.70645679328,84044.18321759938,53638.41791815034,18739.87962725152,22817.68213248339,34050.04293408644,142742.3158915402,115437.9581590044,56520.63616890864,60242.72243900035,34723.82955663853,130976.9035577655,69298.70087509755,49759.02004137412,40661.29699690029,153755.4757273522,44056.80923030655,8664.772926788088,26581.90368812354,69561.47300128966,41908.86949173319,44075.999851168,2742.035581166806,48207.35100114175,26592.35929911946,16868.42707194103,23205.34955084257,64476.11578276317
1750,23417.39811969678,16832.30700493797,81770.85972131719,54045.7877506284,82602.1664169232,55414.59675397415,17173.84408560656,20600.33344835249,33325.14879169588,141780.8625348781,110689.0443480956,54896.09687361507,60718.2912990074,32026.62354980499,128276.1755659274,68301.98345520638,47726.75070305527,37442.00592140769,149002.6716163335,44056.80594623251,8988.119016233837,26745.24591984022,65540.39720572752,37175.64993130705,40337.75938113964,2561.379259635832,45996.88147143682,26595.81468517218,16574.17502950023,23144.42874441541,64654.58866296032
1751,21781.46614932976,16049.17757641525,75759.63362279894,50458.70973582741,79768.1409961923,53468.27043159637,15615.90126048448,19376.69271563998,31396.2719948272,145285.3600199111,108984.5386421958,53543.63557595147,57675.36007868384,29355.67783647221,121801.9554813613,64224.5353163668,45908.0592552149,33961.51214663201,144242.2509047003,40729.66833258626,8893.353429807032,25175.03241112859,59534.28512820497,34065.7743832722,38376.73604420689,2277.577525946449,43641.49723568038,25119.80609046283,16110.47520607392,23086.36592700004,65038.53491436111
1752,20452.25182275574,15307.34985913048,70219.42566042513,48786.52207689406,76953.71606995445,50059.90225016539,14534.93255204249,17870.76599913641,27199.27914482335,128213.7270004118,99623.1510856022,49729.04813495255,50240.60276815198,27398.17212659723,118682.560321817,58778.64016863142,41638.89149813197,30049.46556343603,133724.192235359,36146.62524081072,8204.888753676581,23553.57232614513,56049.49251835369,27896.47342724296,35236.98154923401,2070.831293760665,39320.18715698012,24591.33081978266,16757.73641607186,23447.15540493468,65330.28888000761
1753,19732.72910856594,14817.03787984815,68077.32645675105,48573.49918870746,76785.37742237646,48483.33714342764,13993.91680590262,17168.084007363,27211.24026137965,128002.4185579043,93383.62204408791,48066.89742393213,47688.03785343872,26605.96769359964,116377.736377472,57581.0103717254,40260.91050146963,28548.69590961809,128801.3752142575,31504.94815820143,7332.867885983376,22124.06082541532,52108.82495143697,26122.90949965571,33930.91119937591,1972.417785298587,38244.69747145127,24246.85180657985,16451.82785772981,23380.57112501627,64033.3247836071
1754,19217.91187035191,14578.88365953377,66792.39989655235,48143.94256978889,76819.44108419596,47681.49930347746,13892.62019668661,16605.84631117741,26270.65377893867,126491.4659531964,90427.40933890849,47457.6061933203,45557.47839722762,25685.44200256865,113954.6350134622,54794.36666427935,40067.53639964678,27162.69077163556,122922.4318280954,29225.71040807793,6705.620880653866,20919.23157960026,49239.90661240229,25776.84897546193,33668.04977517613,1919.005397233562,36970.73912526014,24247.62928559534,16871.0358813421,23158.10693265662,62817.20358909562
1755,18910.23152320118,14398.83939431032,65532.65264742311,47655.57260004695,76544.00759749627,47392.95956122585,13513.87414860806,16325.81685614222,25648.31764055928,124872.1110182386,87819.61102297211,46443.69813676026,42583.19112314527,25358.95397102468,110509.7548931495,51590.68515677402,39892.92525005945,26494.4354932694,119014.2154085751,26923.57995700679,5532.937782454735,20099.7820973151,47340.75428090018,25062.04146399104,33150.09383445106,1829.151785476341,36593.89213297114,24310.05100722435,16927.68561397723,23205.89826679666,61947.72714084162
1756,18910.23478991976,14314.83596956028,63326.66855467996,47118.34801942749,76321.28195843344,47392.95957509564,13615.31095362012,16049.33077677215,25123.98463807168,123903.3391791801,88313.75166212805,46281.51511773577,41701.05068527158,25359.1297763595,108987.2289414494,51132.65743843064,38027.36423489758,26131.27669540504,109514.4092825928,24998.9651359479,5232.191881407342,19307.39840496542,45904.97481043365,25422.20190863928,33144.7884653473,1775.94211153739,36586.32750076795,24179.03123224957,16678.42679091081,23145.53069537843,61626.11508996139
1757,19108.53951291861,14349.71251382923,64235.68263017111,47118.39046690825,76953.07863387877,47694.74308778737,14717.61142634933,17628.60123536444,25347.43700585646,125098.9779855245,92618.07563463144,47908.66009755035,41306.95138040662,28166.75279144971,111390.7763141727,50213.85969991424,37369.92365600631,25669.58652066652,107873.9935889183,24601.07356609129,5125.85339668411,18465.5600086198,45906.17771990581,27255.51719993773,35384.58516344478,1773.313845470334,37532.70885851049,24518.75104462047,16905.02572145129,23451.11026826481,61687.42319856514
1758,19958.7484821142,14739.10463233651,70041.52953005488,48218.96934537676,79312.18574755552,48557.76866324082,16190.09458915113,22185.60688052592,25774.0776163747,129436.1704391192,96997.69399481092,51977.23875983906,42865.9014843229,31035.90504203875,114144.0186536304,50215.2066133796,36477.53884100425,26912.12286666194,106622.7828152062,26136.23762039655,5278.953755048859,18110.56019690331,48267.08193637215,32355.52797156457,40242.60600815101,1773.339978678363,38736.30931687496,25711.07100468402,17482.85299802624,23415.52658155295,61629.37277889378
1759,21175.89422590542,15366.91497320891,73831.67952779685,51288.77400101945,80819.23229545876,47985.60484512075,16829.35741876086,22755.71982295839,27177.07819575,136374.1732467125,111349.7472355355,51112.91859363299,43434.01467122194,33462.52952266409,113207.5451104984,51131.86134910737,37854.97935874484,30443.34405391836,110243.5057630755,29215.9593947189,5232.845673380001,17880.20364235217,50240.10988900282,35815.94451230575,42574.31617112894,1943.700853456975,40408.84030441768,26440.54023778711,18298.60915008438,23520.72881499561,62165.49672059951
1760,22711.07876110827,16185.20155766876,75058.03147875016,50690.42998455894,79660.09708570053,48607.4059543921,17200.49132202529,21936.52743885751,29871.95146217821,139630.8092430033,125694.7572900366,50724.32666875021,46307.05324529382,35777.22352757578,118782.6082092996,51134.11417616894,39181.77785485213,35818.74868925279,126176.2061663923,29990.00839656115,5550.287009880356,19121.20596920458,55614.4351166835,39877.83307380824,46720.84446032979,2225.702842458154,43033.97333330803,25653.11128964963,18230.62947250656,23065.97448413209,63511.39283368256
1761,23837.83662284081,17202.83376459195,80259.4400431537,50728.43946261008,80308.20350311458,50968.09131001641,18284.91568790032,22225.01399576674,34580.88269448082,142343.2351008474,132050.9937763664,51191.9663409697,52638.20110836027,37277.21064455033,123271.0039696166,57531.30134322351,42302.94672346484,39346.78798417531,157870.6672142253,38132.73806204052,6977.912151572584,21855.27890123665,63756.453009627,41640.59931496042,48809.21101337965,2508.153901677324,45101.49445198525,26863.38576589015,17618.81235582243,22786.24635800531,63947.8341323141
1762,24250.25104816869,17705.60158518104,81062.71925205374,48789.63372618767,80175.03358454202,53322.47875393637,19030.69792155037,22520.14030965343,36771.817998757,145705.9903829914,130406.2494163062,49552.52289240086,56667.87694224319,38527.58427046856,127679.5259494026,60725.65656449074,44777.08544476908,40454.08079593321,165948.4448790545,41905.83745387809,7886.315823078849,23718.34958264393,68550.1272130043,42665.33909089391,50412.54741270425,2560.123380662674,46471.48904853481,27180.82090936632,17131.6246546323,22929.30518762464,64263.99824640596
1763,24667.09163106718,18102.25550011832,85213.98245468969,48794.44669399093,80968.26451134234,54504.8067100885,19603.96859775754,23750.89878050937,37732.32277796423,146686.2620012339,123928.4861946769,51795.60065769553,59599.64810036722,36766.40659434201,131475.0166532325,66697.54173109087,46459.17939539273,41827.72380765882,173188.0801571683,43005.35982896682,8311.054449076131,25548.53862201313,74357.02570008881,41081.62030460723,47248.67713572769,2628.731907744206,46604.46521292189,27827.70744708346,16837.04604387346,22926.67613693256,64957.70886087177
1764,24673.34974387459,17827.07104497132,81320.46360487005,49496.06176290108,79610.72842459985,54497.55252261905,17928.82542702473,22011.52910596882,38026.78771127066,139431.4233656792,132229.5695288378,47252.92706667,57515.06317536352,34131.02163191934,129647.7989607545,69483.01038667269,46529.92315445877,41311.25937271398,161714.37898889,41223.07710213145,8311.062444480085,26652.4161599012,70955.60600327361,38633.62714869287,42563.52248830637,2526.03022150897,47568.86612341439,26778.02100854573,16837.04604387346,23132.04751689564,65131.48926616834
1765,24048.11616418952,17583.1107772539,80543.07382584471,47105.11371380811,77990.50776802405,53913.77835242329,17908.84639560635,21381.64573523076,38318.83594634881,132069.0279718736,135450.730353884,48413.14227157251,57156.26232321443,34462.31960827256,130561.4317870106,70706.36598133846,48103.00283740234,39718.61951368393,154618.6789711357,39988.6551111926,8757.929161668713,27671.64576145791,71548.00042768389,38446.39660448596,43086.82127798406,2368.143660254659,47907.59623603374,26724.83832775132,17131.6246546323,23275.34112698554,65285.97859957176
1766,23641.14800102768,17759.01287217715,83466.87377464787,46562.28971431201,77537.56002285336,53903.07233412213,18298.00327431974,21662.87750431232,38585.70085678409,139330.8848550186,133326.8415067982,50066.61066104926,58323.45650901325,35398.18513354661,134203.9713121509,69560.62750641037,48110.07858840569,39106.23822815371,166942.671610559,41906.79048617454,8790.138141840935,27939.75837362481,72431.61099381598,39861.42286548423,43615.86704077847,2321.880230287194,48986.75216387022,26692.84424491743,17222.26422737659,23415.78414610235,65083.21444857355
1767,23639.18747054065,17738.09051800234,87468.62530369329,47672.06578887913,77972.37195522143,54235.16629177173,18297.98807127027,21944.70030707949,38475.37521613548,144535.8032938116,132096.1132167642,52219.82117533863,58323.44061963226,36042.2597886608,136044.1263469981,68601.8131323106,48117.9416780893,38658.73833579988,168208.9303711463,41909.29114489484,8629.583323887915,27588.56773753223,73438.52739986566,40913.37946254388,45194.93027652667,2312.565110597513,49488.90053227283,26987.424834896,17063.64497441394,23625.80880017152,65080.75410937767
1768,24057.10237548124,17817.64447041695,89190.86092538836,49347.59270119474,79530.64119221059,54793.22517597629,18662.77967241915,23484.1469959358,38470.68904733293,146058.0020061039,125324.0051389154,54166.94647374277,58543.36331677271,37350.46247964868,136046.8210379743,67182.24895775628,48051.12289106249,39228.3759752961,168349.5690658214,42802.355843581,8205.614581435108,27390.21293557078,73422.236537799,43356.40854563526,47777.91868474618,2320.699942291982,50457.88863008311,27683.35385232111,16893.69577650858,24147.36216879324,65144.31245657369
1769,24460.49639032042,17905.35583810803,89824.86051858646,53798.40326600362,82346.7141101623,55097.45589896865,19217.24349958633,25595.46646018886,38172.95189983445,148014.1482681952,115089.2107355288,55049.45607421256,60025.07902058456,39175.47218252414,135129.350943591,65201.26166106037,47472.69913866031,42172.10612438837,168208.9196293318,43829.65560767501,8204.886598849553,27237.00645736575,73438.52843512043,45035.51115702339,48305.62977156686,2419.516807646849,48851.15330896006,29015.45631132031,16950.3455091437,24184.42960433505,65955.06348779738
1770,24667.09701601812,17758.85878134432,90237.7299434726,57870.05113137702,84624.36613138187,54792.51996608516,19126.15398725632,25875.94449331895,36562.83658755977,148560.1341078393,114215.0089805673,54803.40004782022,57901.76290360223,40104.06801213275,131477.0313118041,65202.95113986306,44023.52926098897,42969.63559127475,153411.9432236464,43810.19167147283,7993.112609612423,26418.21295435812,70623.94545114572,44321.38016054015,46241.38365295195,2546.999008247358,47978.78972735555,28032.4725865151,17188.27438726742,24354.96456476833,65910.17567367364
1771,24667.1145115753,17483.43358825819,88608.564446848,57409.25688849464,85698.94743287234,53911.1372629227,18115.60408896068,25034.47969530968,36096.56889273224,142823.2663245828,118888.2147812138,55373.49688019903,57469.65536371226,39194.7261859904,130561.7777245856,63954.24875402362,41549.41150302085,43338.43733128526,153529.7105830774,41525.00973776561,7133.614091178743,25387.71685741163,67638.64822429557,44980.57939230521,45178.76702297976,2629.232852049852,48126.01631727207,27822.18592552137,17120.29470704906,23976.55614438684,66195.00350761402
1772,24645.51363033045,17476.46355364016,85681.61651263027,56799.18033787973,84079.80256227346,52686.19275291445,18665.23313254395,24146.06930953039,35129.32380571948,144347.3252952725,118888.2118574637,57783.28093081876,58564.26359281233,36346.21364568293,132389.0588225422,67636.13982392247,44810.3553257259,42447.12723988316,155892.8352261981,43875.40072362035,8310.258847522417,24652.79025735402,67652.34885438845,44981.06642297913,46226.41287150611,2814.300181893028,48940.55743739436,27043.72149711563,17120.29470704906,24146.14110516573,66193.07488113093
1773,24459.06632516878,17428.17311021186,83896.57838592348,56014.89917063664,83793.50587725225,53900.64766870614,18624.24605103857,22800.48782994083,34471.97431069921,140454.1426982633,116309.2013520887,55885.13950309051,59772.5705035195,34991.68643184401,132309.4961771446,69483.00936946766,49040.10287060903,40532.18922221431,155892.9524563442,44982.7412091654,8730.326877952108,26184.4677130631,68633.17056279194,42293.32063388589,44299.89436106362,2823.889533884156,47973.21136311123,26751.17306948576,16746.40647112917,23835.22875894338,65985.50073953427
1774,23417.39923623515,16889.70905629302,81793.67636641566,53884.92219343027,82414.40097843141,55691.02584036803,17097.3037550072,20646.72713352243,33731.78061632082,139591.6592594575,111485.5309989246,54320.47933835974,60235.56972808344,32197.57673953594,129655.4422621033,68546.53423060678,47024.86392565566,37316.36850602381,150946.7642259562,44982.73779661929,9052.70832322615,26336.31328961594,64743.74363055871,37507.43737410861,40491.01239235738,2641.217225364804,45767.64170476282,26754.87059426003,16474.48775289628,23693.18542605423,66264.72324261852
1775,21781.46721725021,16089.78630649052,75780.18492407695,50363.87158205841,79704.01761862588,53729.13996928691,15578.25215546387,19458.17734182118,31762.19311549418,142735.4113939044,109754.1932725038,53017.86860870542,57273.06542241788,29430.67080563851,123293.109878312,64715.52983977841,45221.41309094822,33839.62666410051,145992.6494874615,41525.44354374195,8958.225452668214,24876.6174532393,58934.26993247303,34362.96010333711,38492.93161394282,2354.248480426946,43417.47856777992,25175.42961062401,16045.98210656326,23557.80579820123,66865.41077143223
1776,20452.25153820938,15357.83291327206,69218.83163481086,48523.67017456868,76963.83737709669,49907.75848353236,14517.93080837392,17832.54348851581,26836.28493439367,125664.9143368457,98647.09822238487,49244.41756344138,49905.34301992614,27256.99758382803,119866.744013459,58438.31171257774,41113.18276978432,30728.84017437359,128732.8148252266,36467.73566302018,8087.882450886023,23973.58212877273,55749.48350320381,28425.7951584728,34955.44832077969,2105.956369085372,39054.56945290502,24813.35627165181,16738.14166429392,23394.65572359433,66459.94197430542
1777,19732.72851517249,14877.90736072683,67078.00221418732,48296.39358721955,76793.12488233829,48428.39408953569,13975.66858679867,17141.10454342414,26846.43453187359,125480.3874084351,92932.03386863263,47591.24191851389,47285.8033821081,26446.51882649551,117618.8726887986,57381.81099590661,39815.69261291448,29218.64480337354,124287.8875421222,31985.93707800762,7238.69009026862,22387.14566310514,51777.1626249059,26692.6517144538,33625.01752941163,2007.233769721281,37998.02074237896,24475.69895371196,16439.72661397924,23326.7430197466,65535.63362792706
1778,19217.91105597887,14644.79803318673,65793.83732644748,47838.09465393532,76827.66889687968,47675.99233643834,13874.13859484662,16587.86275824585,26048.30049924486,124160.9349539448,90224.30613131955,46985.24065976099,45099.3418687875,25504.75873644342,115255.6466010678,54923.54627868788,39633.6139091323,27823.93473694965,118979.6512739516,29785.20567390305,6627.863692782281,21050.05600031612,48885.19977273464,26354.47809724668,33357.25329094138,1953.653627417394,36746.49869986838,24476.46103636158,16848.66575623983,23099.84044107548,64668.939651267
1779,18910.23057675977,14468.56770000901,64534.83682410858,47317.04707528481,76548.35135256624,47405.24207112056,13494.51993326553,16312.31382821639,25520.21758390651,122746.8192252559,87835.7067517795,45976.80737258223,42047.01463361838,25170.7393809995,111895.8900963058,52097.38762982175,39469.20217310837,27151.48242192085,115450.8307395016,27562.37008786421,5485.880094327621,20140.65125624382,46970.79254873309,25655.96143654377,32829.63658776187,1863.517809138514,36376.28854432164,24537.64662473889,16903.92780221279,23148.5852608125,64049.2892381746
1780,18910.23384347977,14386.34374517545,62330.16038378691,46743.87594629177,76322.4849217844,47405.24208413527,13596.19044401832,16040.25157916162,25075.29516419487,121900.8308223742,88288.31231444163,45815.50008841458,41141.7284135452,25170.91924175688,110410.98603833,51693.33404503689,37712.61259743524,26786.0427729531,106873.2323334304,25704.0469369424,5193.00737634779,19261.28345563347,45523.48021641473,26007.91362937299,32824.23226446794,1810.141017632366,36368.85713655699,24409.2214257587,16660.77480044695,23087.0132951059,63820.08574383774
1781,19108.53865159868,14420.48148907404,63238.63561837671,46743.92123400082,76963.19095214143,47688.41959546251,14701.03056641842,17594.25340742483,25264.905521913,122944.9327702445,92230.83559441725,47433.85902154884,40737.28865008226,28043.30762731309,112755.1413174628,50882.8077273666,37093.57453965043,26321.45291204235,105392.0624176703,25319.86039336464,5089.452711302344,18327.03204913555,45524.69278822636,27799.44667112597,35105.80499435744,1807.504496874037,37298.57130921974,24742.21378900797,16881.82298433879,23398.68949045986,63863.77823821006
1782,19958.74798573702,14801.62499673398,69041.04095683555,47918.14159002075,79355.56529144237,48498.23664772252,16176.90626281005,22078.34608797747,25626.93112754619,126732.4236621893,96242.32437935042,51480.4686998242,42337.14280738504,30978.64458554777,115440.3505369751,50883.99592011626,36253.31584492981,27571.79311798123,104262.3147790426,26802.14706774908,5238.545077721349,17933.06204866707,47904.56090739089,32783.22543194905,40054.4362205447,1807.530712159587,38480.97457108666,25910.92231524893,17445.49585686917,23362.395873101,63822.40740337983
1783,21175.89425197455,15416.13624154957,72828.94424806745,51193.35174186058,80883.86363297745,47961.34871557017,16817.64192462388,22639.33711395175,26817.44633385786,132791.0947318279,109388.0133141214,50620.8155776867,42920.16226490057,33461.24568148962,114527.0174257522,51692.63176713536,37550.29709341661,31125.19245371884,107531.5506955026,29775.79052565006,5193.644052795773,17677.41804856013,49893.43715655708,36164.77720342614,42429.63675833264,1978.426645562529,40124.04979717232,26625.94591706184,18241.26932094049,23469.69699782093,64204.48724305087
1784,22711.07944613823,16217.08881415866,74054.5692481313,50554.97157867929,79708.382742123,48544.81362753125,17189.63090335876,21833.251965163,29104.17924753501,135634.9803343928,122527.2510788995,50234.32192114141,45868.58421584902,35829.33432447707,119964.3196994097,51694.61912033187,38799.59442989558,36534.35779557007,121917.5606594451,30523.17808825862,5502.775138859553,19054.65170095951,55310.93151408876,40134.09312218235,46653.50487832395,2261.314328514794,42702.95032402361,25854.11037264287,18174.95486731846,23005.86985674116,65163.66800536611
1785,23837.83779151906,17213.16421070573,79252.89454709929,50595.52433116482,80365.62850818792,50759.95453456698,18276.55373317538,22117.12268181397,33099.9397054732,138003.6297179698,128349.213013101,50699.4364932373,52365.85003839213,37363.92267559266,124341.8063825461,57337.95969530182,41738.44909825648,40084.5552548162,150535.2350582549,38385.43856941432,6893.026690244305,22088.85813928202,63518.34995738581,41856.68496489486,48780.82303246676,2544.652492096293,44734.05931680729,27040.41786295675,17578.12476668912,22720.56087073412,65474.70694325877
1786,24250.25239387124,17705.28174870949,80055.69759209303,48526.99002924957,80230.58067839133,52969.18581802171,19024.054214845,22407.52691805687,34959.05639731895,140940.1849064312,126842.7179233799,49068.84549902716,56501.25733540874,38643.13952963243,128641.3929808243,60155.89107049794,44068.06804467033,41198.80251748189,157828.8505177258,42028.57686070268,7777.649394561639,24156.44784778858,68350.52922612148,42858.07036570232,50414.0643925623,2596.785193523236,46079.92626828843,27351.56685914511,17102.87117080648,22866.47386912724,65700.02785252026
1787,24667.09315569388,18093.53322397251,84204.50002930584,48532.12504035868,81034.99744413083,54078.61915057692,19598.64568036524,23618.59301725146,35774.09208739005,141796.2155911313,120909.4442045359,51299.81138357503,59509.95290802668,36841.33555715565,132343.0964176912,65424.04736945657,45651.90726244686,42581.0728162163,164365.687501403,43090.22715156954,8191.268850034267,26187.54632418288,74204.07147669254,41310.44538927618,47191.18253413775,2665.609201912698,46210.56052438993,27985.64314526231,16815.50853071675,22863.79236620688,66194.41510094258
1788,24673.3512711875,17824.17808424783,80313.28916047714,49280.68628582899,79658.31790305815,54071.81220895184,17919.6430566906,21907.05359121105,36023.96011024073,135460.8648893378,128512.7785499554,46781.66673294442,57370.67221511677,34145.15835784988,130561.0296073775,67881.2755033005,45718.51872608121,42061.36468049033,154005.8128315834,41369.33359067313,8191.276636127706,27412.60228130039,70775.3299632123,38918.2433247314,42418.64175490039,2562.584956738831,47157.97689864365,26956.74357829278,16815.50853071675,23073.26111353466,66318.26330884472
1789,24048.11742312788,17585.38570056032,79536.36019874876,46729.75611230254,78015.2495148848,53524.02974324093,17899.61799450128,21287.24847525136,36271.77744542087,129031.5893164205,131463.1841473074,47935.61715807876,57002.45707243043,34484.09861240702,131452.0864000006,68960.47048145406,47199.71143449664,40458.72210529002,147598.9383801369,40177.43018295301,8626.444894720646,28543.71805474604,71372.48278067599,38735.27986614672,42951.70096028582,2404.202515392479,47490.74146953616,26904.61407063155,17102.87117080648,23219.41357650691,66428.36333450276
1790,23641.1490852795,17757.56160828233,82458.42699177109,46150.61089843886,77555.91447396688,53513.98378813983,18289.67147279292,21563.98048207175,36498.22548726395,135373.0687637354,129517.8191429055,49580.15736313771,58200.27633928108,35441.55239120548,135004.6181096763,67949.74619669904,47206.37387563446,39842.4947046746,158726.5612198527,42029.49706663725,8657.81068069992,28841.26279267218,72263.19092606702,40118.05691140394,43490.61432964679,2357.793784180069,48550.89185438295,26873.2535645177,17191.29044487838,23362.65857632442,66283.85925946
1791,23639.18855395094,17737.08245865479,86457.80638218929,47334.64384952903,77996.85795779113,53825.603000254,18289.65623471633,21841.29406592542,36404.60873844074,139918.3088911149,128390.5399311687,51721.74125022087,58200.26003299127,36100.48435922177,136799.3025782718,67103.91881664553,47213.77766530335,39392.18424947816,159869.8960397897,42031.91159236035,8501.45900390267,28451.52012098753,73278.1953623791,41146.03884722669,45099.12979023051,2348.449408153609,49044.19664220863,27162.0005944296,17036.55671460858,23576.87343529716,66282.10584773491
1792,24057.10363827687,17814.95119566917,88179.0211055069,49122.28292382971,79577.10131116933,54349.25561663981,18655.2882989628,23356.10931240881,36400.63229302733,141247.5821065008,122187.6625636683,53658.3527136709,58425.953107081,37438.86426113542,136801.9306829426,65851.63654072689,47150.86190763241,39965.39954879208,159996.8820253223,42894.21546047998,8088.58927730554,28231.39087347099,73261.7736443799,43533.38997285972,47730.29534147013,2356.609789211226,49996.11941658011,27844.1481752517,16870.77057668971,24108.83232270117,66327.40202128235
1793,24460.49782626842,17900.8045469686,88812.6448795382,53870.90427958384,82432.88541162408,54634.72945925585,19211.02958532648,25433.64726016576,36147.98763500549,142955.8037799114,112813.1555658485,54536.09705312116,59946.54637220809,39305.97271760979,135907.131441787,64104.0894238443,46606.22513320704,42927.61805669087,159869.8863407529,43886.13078486784,8087.880352469887,28061.36611768774,73278.19640594962,45174.22492529447,48267.84914087215,2455.737012305839,48417.68109724426,29149.8710967869,16926.03262266267,24146.6392911843,66905.20054868542
1794,24667.09854064717,17757.41078160211,89225.26956571355,58214.99255858087,84742.656009929,54348.59388538694,19119.73020694296,25709.63759095453,34781.72536016606,143432.5906453568,112012.4349899002,54291.36964818579,57767.51825034036,40255.98910567459,132345.0612936822,64105.57981392186,43358.52870162325,43730.15647826935,146509.3482888294,43867.33726688344,7881.650363601195,27152.68936317408,70441.00535618729,44476.36936143583,46165.10130844048,2583.619600911914,47560.68113745299,28186.35333409278,17158.13321677943,24320.57659707363,66873.2103175291
1795,24667.11603621184,17487.82000356279,87597.06979781456,57723.36584239106,85832.3906456623,53521.55148607805,18106.85204808668,24881.636391153,34386.07421855982,138422.821143575,116292.8336724488,54858.38814553999,57324.07298396641,39325.67086641206,131452.4237893953,63004.02491861398,41028.92949403187,44101.27451038288,146615.6832077895,41660.86642138727,7044.652531488941,26009.07031212803,67431.72880576256,45120.54508527918,45082.665064414,2666.111719552429,47705.31484786829,27980.2309660289,17091.81876058154,23934.61854483748,67076.19877721176
1796,24645.51514569502,17480.99761729312,84671.85688542508,57072.46810259499,84190.41321378789,52372.1290581787,18657.74741174706,24007.44074199249,33565.31904479382,139753.7188457258,116292.830994455,57255.16015640862,58447.401768861,36411.44972884683,133234.5524384266,66252.04076132488,44099.39456017831,43204.36646674223,148749.404033601,43930.30025040075,8190.494076417551,25193.46696977975,67445.53948581604,45121.02101625998,46149.85129636534,2851.760297120723,48505.51068583444,27217.18241754651,17091.81876058154,24107.58689761563,67074.82430157257
1797,24459.06776050297,17433.73012491226,82887.8768848565,56235.7094390983,83900.07928248793,53511.70861176537,18616.66589788806,22683.38882423349,33007.52556901965,136353.9634083965,113930.5996611036,55367.26806687494,59687.41248474999,35025.67670446312,133156.955800496,67881.2746059633,48082.07343515785,41277.40151067561,148749.5098834574,44999.49936376367,8599.565207162548,26893.28468243012,68434.23961949095,42494.53041104471,44187.39992710196,2861.379766740044,47555.20101651041,26930.42730720583,16727.08925664484,23790.47153468796,66926.89228702984
1798,23417.40022444532,16906.67251767003,80786.22141328485,53963.2123256066,82501.52677420405,55191.70375286425,17086.2055969247,20564.08871216848,32379.43470310863,135600.7922720263,109512.3837499029,53811.05655141431,60162.55997817255,32167.11336279677,130568.4840413569,67055.15399848727,46184.54894015315,38041.38354669172,144283.4801857494,44999.49606875973,8913.50707561313,27061.79914325867,64513.57096496321,37817.72002575037,40307.47580785064,2678.133732626554,45388.47472442374,26934.05161013995,16461.83143442912,23645.59429321493,67125.88599149222
1799,21781.46750325477,16123.69477306266,74776.29461888368,50206.56263576086,79752.92262559413,53350.77495749832,15563.65417225172,19394.55594516418,30708.14254231739,138346.1010640957,107926.5739141379,52515.4794904367,57122.32487536842,29336.38130734012,124363.3660502093,63675.59639651645,44486.44155543634,34542.80571865707,139810.293457424,41661.28528529709,8821.497658339384,25441.86484932061,58657.43281807446,34744.90709697241,38272.12741215951,2390.263694465758,43079.70146019277,25385.88819251886,16043.82242316243,23507.51370445338,67553.97840977025
1800,20762.29967449352,15469.06968947635,68617.03487081727,49409.70753270327,77239.63339614707,49558.44276266157,14478.51704020011,17356.6567280832,26543.75126540861,142037.9884029414,125408.6140085352,51747.59226187514,47416.51503538066,26945.89115641435,120509.3282926432,51881.63701937108,40220.71993668127,32384.21570119017,150934.362938788,34241.52621917518,7422.687136435629,22537.79316466947,54671.07832050057,28744.31789226953,36790.08258333775,2256.989417629906,38518.69961804149,26434.85458394887,17595.45632121864,23390.96623842788,65749.32017335542
1801,19809.85707069027,14775.12150891631,66965.11579653209,48535.55277103158,76465.63893503929,47589.91976075122,13979.64809611825,16540.2514609076,26081.51287781688,141421.3083760354,118748.3655068936,51401.87529112225,44126.27834722045,25541.19632964492,117195.6120080682,51501.22328305946,37985.72208069508,29372.05889420784,142729.5513895794,31886.62413775822,6638.789807628128,20896.73691855147,51311.42732218137,27140.56468793174,34967.28551986628,2079.894140984582,37445.77454173456,25177.28073369047,17396.69418348231,23650.7503084071,65118.55104003024
1802,19431.53465045943,14573.80293088586,63762.34159118546,47234.749992893,76314.35962637675,47154.26034502306,13366.15116914184,16235.70783444601,24994.97316587748,138012.4795044146,113772.883188239,50725.85628680508,42708.01798439626,25333.91145646717,114973.214194206,51858.44145876785,36911.46660288812,28942.75356095224,133955.3330477195,28905.93588533925,6037.918473399084,19779.54304470675,49080.81047472121,26631.22390487424,34069.37708456214,1990.519375269128,36488.28141784703,25092.4341234006,17084.2913758808,23559.74384554676,64229.12377610106
1803,19295.79171588749,14403.82423711084,61682.51364440072,47259.37750414018,76276.6411347183,47298.34434697201,13507.89193822533,15941.17316925795,24278.74912458336,135865.6964835623,109808.0444582994,50168.78377405644,40925.63385273288,25136.47385909268,113087.3838417915,51256.57371059618,35876.19482753067,27918.26768328098,124773.9346897108,27166.88522203924,5546.738161456924,18983.4366732743,46802.92313503029,25862.51844265272,33343.79956012746,1903.676746091342,36498.05817405791,25015.36083654977,17145.08521223503,23650.72687948428,63973.8063125207
1804,18910.22629549795,14205.89453065454,60622.29593467261,47017.42903205857,77100.52625724475,47290.81795958508,13640.05181086244,16219.92350936996,24265.36770533188,134977.470500335,106492.042493876,50166.19718853446,40438.18480354318,26139.54043103741,110450.9272729343,51064.56198524009,35771.17400876028,27552.43961216259,120212.1299958244,26300.70804275115,5197.850202928219,18418.64805127167,45685.15248278756,25869.97585107971,32835.30448552435,1820.229875360109,36021.02993748878,24719.96820929475,17107.5564174531,23737.36181877715,63970.95355709219
1805,19276.75086077204,14302.79703621359,60547.65257375513,47017.54399681169,78163.55348637297,48056.29891087981,14062.36511230805,17336.12762913937,25203.8568139748,134900.393572928,104255.5618469473,50167.06889330322,40280.36272819083,28285.95998554165,113521.2671626519,50856.47989018793,36284.63773301571,26390.86080202575,114591.7712978708,25577.23009288569,5002.963564052011,17837.20203222325,45656.12136004871,26632.23471873557,33894.66831582032,1805.562705044754,36510.88551507409,25472.29005157102,17640.37243251234,23867.35690567749,63792.90218791529
1806,20057.49254397026,14597.33664830379,62986.75794000979,47102.023560631,79773.46224928142,49886.33416363008,15804.76295113912,20805.45247948105,26698.74034393366,136086.9130799086,106489.9650200162,51722.01315361344,41900.43988338349,30165.60543651888,119457.2220761103,52284.489368628,36241.10916158323,27534.40359481023,111112.9383513654,27291.27870054779,5250.360069739957,19437.68227826968,49527.14466942141,31435.25295614884,36757.02041774187,1820.932007357963,38478.92432199015,26668.42492703253,17980.1236614004,23910.59809047497,63939.92288562756
1807,20988.5078781014,15496.3009754905,75499.07580047772,48039.65247973824,81073.19390279778,49096.21625638278,16716.69174553914,21830.29230666244,27321.51915466448,132856.8535780575,100033.6426772895,54589.16765610317,46056.03382674259,31474.8649222068,122482.8781528788,53739.76555540298,39082.17809822875,34822.72047188717,107048.9428581575,30941.58861179036,5613.385007282422,21358.42797781802,50187.66943027714,35640.76980827217,41384.05280879818,2008.874009200355,41677.04817577349,27590.27083883351,18275.25792288341,23668.12593795745,63873.57039864404
1808,22105.11418937856,15896.69197351419,73336.94341956307,49410.5441324304,80765.98189954275,47382.54889688228,17094.11008004795,21176.51677625664,28417.83175798216,120624.557836393,95368.85840488653,52460.50083350504,50496.18112219165,33586.47966249917,122706.4870619523,61166.81988633158,40988.81858465653,33843.41009360684,103181.1589755478,32592.24993973091,5968.236397638726,22997.20664077751,55407.48805268064,40527.6500302055,46011.93836683892,2256.339407109651,42584.47802279261,27383.22125412513,17391.17508762951,23309.16008973961,64304.34476738919
1809,22940.07124987195,16542.0492485176,73958.38923555298,51801.9703253399,81500.20518531292,48707.52072981599,17134.57171360548,21243.42777990241,30427.29874727434,120004.1951733912,98751.82398455699,50147.37016596001,53911.43236266148,35411.15989120276,122706.4870460304,62941.06101897184,41967.75407610961,34245.93863134515,107230.0335249247,35555.45890938873,6879.636647348995,24751.65512709513,62415.53704132747,42031.65216316636,48778.10747109709,2520.612270007202,43201.43365589182,27908.07313407927,16679.72798664832,22929.5361031832,64410.30732990808
1810,23448.18667435223,16993.80599271338,74658.49150501486,50373.22631532603,82012.01920239463,50041.00579786165,17250.01749875905,22132.16611022118,32564.8947070104,122177.1442928185,104709.7043601179,49435.60205148591,55862.15544424844,36614.2751108991,121481.7517107861,62044.25144771156,42922.25195902865,34243.38384256086,117696.91597636,37559.81946596398,7722.732986842214,26818.22593631368,67904.31289120844,40488.03533761438,49882.95254258777,2676.558306028985,43394.13308702401,27357.45662697766,16112.60919613329,22740.99543003515,64917.76416680495
1811,23695.59916847759,17132.97163918922,78197.760888054,49409.70728961701,83553.92094093024,49690.86634990147,17665.3359771706,23157.88381901214,33107.78454605008,122555.0344423601,104044.1351832272,49530.10855667046,57789.52294799969,35092.63811269884,119639.2895226691,62815.69256604321,43564.39733229731,37121.87931182491,127040.495062795,39536.81171291277,7663.639865387825,28003.10661766758,75542.0692840917,38914.58688962651,48192.41493776807,2720.922159428507,43675.15910655421,27590.37803845323,16129.24068436621,22783.88933511495,64772.26595812145
1812,23454.91710366936,16762.73467375465,71684.57464064412,49410.06934037896,82296.91211120659,48781.75161515674,16910.52031523083,21837.44587112666,32745.64798699706,120403.4058476974,100038.7646654006,46295.8613780226,53884.23698524827,33797.10332945442,111004.0961956313,66407.91692444067,42804.29198048477,35164.482356046,131592.132766461,39568.22362133479,7399.782797262881,28034.43324303013,70491.19247401982,37155.84390028541,43542.58567923676,2674.544398126036,43263.70840229772,27258.27963278994,16734.51826636671,22957.9928059219,64804.24921459964
1813,23206.71788787689,16255.04550618512,62069.40405749377,47440.1804374368,81451.51569002082,48358.1591103254,17021.18713107079,20950.45917051791,32713.8075842092,122666.9995011999,96648.99204252551,45506.90825714313,51310.99449960999,32949.54316995869,112241.005737809,64831.82557177479,43575.15543018776,32384.17284278586,133720.932547239,37881.45257805102,7465.938579686639,26622.94691154814,68052.5226813768,36751.3029212901,42991.74870773759,2462.785870216074,43030.40735093264,27096.56787006428,17045.1596730063,22784.894008098,64161.58863296877
1814,22839.96875223202,16115.10754713221,64790.22341193892,46603.31776371595,81742.04669778564,47937.24476597337,16392.60817971165,21081.00543349409,32318.47380731194,122863.7944055433,92694.68079002999,45948.77395104061,51879.72212401367,30482.36908930801,117191.4855221314,62253.23241414379,43607.50647905837,31825.88754516923,138418.2755468601,38212.38591022055,7664.092281050947,26369.69548038396,69291.35670073584,36919.12907303965,42961.27890165523,2437.70227586447,43494.62091927487,26960.37958812615,17160.23250571856,22784.80343037854,63841.78375727387
1815,22598.64282627646,16082.2216413865,68080.3299433978,46150.04181425415,82148.24507882007,48071.10446981757,16909.5219009474,21539.1939974238,31774.72773810525,123686.5728385081,91959.8860198342,47304.46913727083,51834.07819355882,30154.63607393897,122753.3905090099,62089.62090606969,44637.66570098493,31267.44586643994,136142.7569119203,39536.12392510289,7724.440823755418,25401.14629331267,70397.53258848985,37409.27045475335,44645.41252499043,2385.138415377262,44448.98968691753,26566.1526650867,17083.55051190334,23044.8582222102,64047.54238691911
1816,23207.3117086662,16505.84608576351,71763.20021318016,47018.42563805834,82475.61643834034,49389.03559252968,17801.67663198568,22795.43646570496,31851.95475198259,125771.0094763365,96696.85638431204,49434.89201270627,53256.10624469187,32879.35469776778,123929.4962239641,60215.67366252092,45071.86920715672,32754.93693799598,138418.8953982332,39876.01765701017,7781.867260300773,26695.41587890438,71522.49317106832,39954.13960731954,47952.38586006544,2438.298617057789,45331.40787786718,28228.93150872381,17057.66637210419,23516.43185685539,63283.0869207049
1817,23917.22685976023,17032.23003364217,77994.45761730247,49841.04913860731,84395.83468985977,51538.3947820071,18656.87449766173,25378.74022511927,33094.3140548182,128935.6214279252,101373.1008352424,51066.38631591777,56814.20878889913,37424.7267539446,129429.1156703142,61817.91498849842,46770.90637919404,36866.11370351361,139460.9779780237,43164.4595380946,8211.400101500976,28283.02466001057,73767.86331661021,42287.8980079856,50429.28876744376,2522.397892157842,46477.00804272579,28662.51086610083,17389.36245300878,24127.37018711846,63251.16376640605
1818,24441.2386637075,17691.85405101857,88170.43815387946,54296.84907875738,85607.32832098844,53137.52009151437,19462.34137884366,24778.57829278321,34115.45428568027,130846.1342697942,104708.184473233,52230.68262050101,59424.49366934551,39599.35691721974,136183.6312764076,68891.10177427565,46331.04031477663,39154.3198153581,146384.3257902814,44166.47420317717,8387.969631134489,29173.09196193015,71660.1739834551,44091.72344696601,49091.84142974375,2605.554963309516,47297.45981151456,28963.46464594758,16760.30835468892,24042.9409462842,63605.26880643964
1819,24673.36566580824,17996.43079016847,87765.86796463614,57686.53032470675,85276.47751235822,53889.76173710729,19098.84966279689,24752.60604340372,34037.27336317772,130496.9299172088,103423.2949506394,55839.2503232634,58265.89537385308,40246.5086792696,129557.9718124522,67344.66658059318,48091.6680433668,43548.85213951331,150937.0532115822,45163.88706005482,8877.894359133616,29964.35765715265,68182.18497937627,42833.91344723929,48490.5920642174,2632.371140491417,49444.71779020545,28937.09027275827,17497.87528001675,24291.87720642158,64533.21974224114
1820,24673.36566722469,17716.48123174228,84669.16884521177,55716.48204364673,85374.3266427674,52877.77218956778,18673.48056688021,23893.77348873481,33419.06626441957,130148.5008564331,103279.7569167997,56930.63120878385,56343.21282177493,40649.12337341454,125656.7818918697,65426.29499194479,47060.44050806382,44291.56898562972,149797.8800658278,45162.46162965954,8867.959039602165,30075.33765804659,69275.93190028382,41004.8061383095,46575.02990958208,2858.221490346199,48445.93800372516,28518.65488071202,17061.09929457275,23959.14407137426,66009.98300147633
1821,24427.86851861328,17712.47525948609,84708.0000913063,55281.66406468238,84126.19582274137,52080.94697391562,17781.18807739249,22571.20375283782,32712.53328801754,130792.3160966761,100940.4957062323,55162.49765944284,55684.23000494313,39475.06664896313,124543.6157181587,62964.30224107025,45958.7692455846,42828.44131681284,152072.1667519305,44398.79622280146,8629.693761244273,28875.51883966441,70841.41556465905,38949.63481838709,44641.39191852353,2886.081395908802,46650.91034576928,27775.90340838826,16828.90548572836,23780.91976885197,66172.87069760953
1822,23554.34247974434,17325.00933091561,82462.2497281151,54115.5170938571,83073.60978735804,54739.15349704747,16709.44718692208,20509.70152937379,31323.36262926129,130804.3331197253,96032.29083564422,53225.23368234031,53883.78616520781,35791.10691106785,121429.2001325421,59364.50974548086,43026.79250640363,39684.45001599015,155526.0089624544,42816.1259664336,8388.437081122956,27393.88269815237,64047.54175771823,34880.05831851553,41340.88571052427,2811.105143955865,43867.82200444475,28047.45442243895,16661.67804785908,23820.04016000156,65700.79330673837
1823,22113.49461978636,16435.33155149524,77654.20793750793,51403.53210556434,80994.58310416271,52547.0489644424,15258.29264082792,19191.34062409522,29546.13846216199,124336.4611979265,86761.32919534612,51103.68821766902,50804.70013377996,30485.51192285071,117056.7167367303,55768.14068001534,41378.13612001028,35748.19954962601,158665.5644710122,38305.78318121392,7905.554457578128,24559.31597990759,58047.42962726713,32081.47009828771,38856.86371473512,2499.00122102881,42144.56271042641,28092.94970102334,17434.88735602154,23784.38055780069,65865.3271281722
1824,20762.29996332508,15467.01339630638,68059.03242798938,49220.80277960152,77205.55638374451,49447.4860393389,14632.59507929352,17245.05308040377,25924.02215569054,142932.6825106396,128329.339218392,51800.77606923791,47509.00611387526,26859.72290332623,120199.0487158567,52118.27364224726,40398.46443525734,32482.20540384766,153000.8752729341,34533.96906002606,7473.651594392561,22838.86194254916,55022.58111173799,27937.66801991148,36943.82824128617,2251.907619196112,37841.39954911002,26359.04742877628,17663.83047454849,23493.2850875941,65064.00914896908
1825,19809.8568508657,14792.81712338052,66413.05568984502,48414.77487444187,76423.97222015915,47400.51452744703,14132.25764020931,16407.43480683639,25405.36350906997,142195.2045547967,120822.9203655024,51434.77302924469,44057.20333180367,25405.62003449395,116726.0414789328,51751.33762318462,38086.26416173796,29622.89023187451,143862.1030060294,32206.7115388927,6702.021637378243,21236.77301734584,51455.32863788695,26452.18646807795,35175.45565532162,2076.369790020588,36749.38497424264,25095.24128287854,17462.29255990013,23742.14570263536,64382.66095954274
1826,19431.53422859014,14597.22869360857,63221.80260633034,47215.34957326998,76271.20948364091,46947.49344919821,13516.95479369851,16094.97809338916,24186.20207284653,138118.6396615345,115215.3136418548,50719.08640809207,42569.29971571586,25191.04422556437,114396.8125926835,52095.89987953779,36974.9012121216,29215.36853514831,134089.1078841501,29261.01404754649,6110.553463213626,20146.10721181633,49086.876238725,25980.40793333707,34304.35667589148,1987.78102213277,35774.85611877071,25009.97418900497,17145.5269470357,23654.96589856975,63421.91379566387
1827,19295.79122152413,14432.08811823095,61149.45628317209,47238.05775055185,76233.12112870306,47097.31940857114,13659.11279783639,15792.79040832672,23382.55659054437,135551.3355738705,110746.7506169541,50129.32585130313,40699.39214142625,24986.66205565362,112420.3300277656,51515.35576549618,35903.86855956812,28242.86670300354,123862.5830965497,27542.37836934381,5627.059733790187,19368.90459979571,46668.23238204697,25268.39203224011,33600.44320745594,1901.702122150058,35784.80682317024,24932.51894167566,17207.16978878534,23742.12325885676,63146.1233640326
1828,18910.22559522167,14239.79210228574,60093.05242250695,47014.96542335846,77065.08517591166,47089.49308368008,13791.66170273296,16078.78363745996,23367.54185142888,134489.1200749781,107009.4576832397,50126.58748945124,40188.00705166484,26025.00999578874,109657.1385058788,51330.14684323523,35795.22005897305,27895.60133100902,118781.5042718271,26686.36937812521,5283.631595245747,18817.52703517428,45481.39180652104,25275.29948072583,33107.13061218893,1818.989116941075,35299.291293279,24635.66240501889,17169.11689236476,23825.11535409265,63143.04185664204
1829,19276.75035623982,14333.93646337095,60018.67757107538,47015.07142838549,78138.53633027458,47885.47956627417,14215.21814625016,17223.99056512296,24420.5818066193,134396.9449884069,104488.8369454262,50127.51034433648,40022.43517024543,28246.92665159388,112875.0701998028,51129.43691005321,36326.42010486376,26792.96288019272,112521.3753351826,25971.38444797245,5091.794777779507,18249.88760786973,45450.56677604609,25981.34420291979,34134.86430432584,1804.45093565202,35797.86238842433,25391.7126105528,17709.37385372191,23949.64438037571,62950.71320325022
1830,20057.49245639651,14620.09256877352,62449.00890947651,47092.96711555637,79764.23167711947,49788.44439040995,15962.74499250653,20783.46036330411,26097.92901385431,135815.8850260243,107007.1162707618,51773.69602348916,41722.06573226196,30192.6858233134,119096.3675596455,52506.85329433763,36281.38794767289,27878.48048991001,108646.5438583057,27665.31157354092,5335.31972426693,19812.36402101107,49560.79057119726,30430.15525782498,36911.75323499829,1819.685074106239,37800.91657041289,26593.7753018375,18053.8698173352,23991.06735078596,63109.52294979944
1831,20988.50828774046,15493.46959584983,74916.31705985284,47957.52234836185,81076.70835278595,48966.83913326984,16877.35818506957,21834.92904098245,26796.72345366813,131953.1076135181,99730.53195985625,54809.0901545786,46081.71888015385,31547.99655551217,122267.4674814987,53910.57035195302,39220.59451326509,34796.97655773332,104119.9402814402,31272.76993134034,5692.663609310085,21687.50109852285,50262.13085576293,34325.52873727128,41400.63320890559,2005.974237991664,41055.94149031095,27520.18970578318,18353.12572330392,23758.79071807827,63037.84990100613
1832,22105.11519534607,15882.46422994886,72761.962370708,49221.57417930679,80766.48386324139,47184.8796324907,17255.88750663141,21164.1661820244,28026.85064858211,117324.697311196,94473.09680583773,52555.51687321265,50739.89828785147,33733.88418976031,122501.825312031,61074.49081385817,41193.09513218681,33867.35794817195,99811.88325066266,32904.05389028192,6041.961856701278,23287.36652239086,55804.49549516709,38852.01722444463,45890.34087621697,2251.263325131198,41979.51634236435,27312.11402290679,17456.69638810613,23414.91874096497,63503.16648149332
1833,22940.07270175191,16509.45264450416,73381.17270192802,51426.62565203299,81507.90685982497,48562.65352359703,17296.46824503073,21232.81576282676,30281.59075038326,116582.8153487021,98285.86093913653,50106.65573000875,54322.8544246392,35622.74481962505,122501.8252953437,62785.87217558403,42205.84550464602,34249.46154664304,104321.6446537249,35832.47729087473,6939.099414978992,25000.1551586233,63245.5898541131,40245.10402632209,48573.91860965723,2513.212065615922,42607.44885905965,27839.56696846203,16735.31370050106,23051.25726323702,63617.62579204749
1834,23448.18839759342,16948.35099705851,74078.75654110896,50109.23016110343,82024.73966749074,49949.27991463929,17412.25386203905,22144.64656037921,32680.0990899318,119181.4110625698,105000.6772952152,49353.12230322784,56369.36718291685,36868.17781984458,121218.216706878,61920.83576253002,43193.31413243369,34247.03639191169,115979.9812888125,37813.30834842178,7769.001965089397,27017.65468944637,69073.53127978432,38815.32398831168,49645.77557899054,2667.786649141463,42803.57680127286,27286.2217111916,16160.27491444256,22870.64438776831,64165.77372568053
1835,23695.60102385049,17083.55555959173,77605.29435109803,49220.8025554601,83581.76112074421,49585.18689948606,17828.79489221932,23197.01593003954,33289.25340670624,119633.323955574,104250.5489755163,49453.17428540657,58391.3774946562,35293.01951340088,119287.1870219062,62664.94541442201,43857.64081343442,36979.47241537635,126387.1479758986,39767.09237716806,7710.833604142112,28174.40006107813,77183.2442829553,37357.91231429277,48005.71349209423,2711.760348876041,43089.60283982928,27520.29743666372,16177.13866673532,22911.73468095116,64008.60855095378
1836,23454.91883050497,16723.85668122028,71115.53754562182,49221.1363899594,82312.42620406688,48639.84261788117,17071.75731801097,21842.2684795643,32882.91489685461,117060.2251223168,99736.30468562042,46029.14711978452,54294.32362630714,33951.91622955078,110236.8983606105,66129.9004878906,43071.27952111498,35121.39689943407,131456.9024932065,39798.13553633177,7451.10568997139,28204.98282731546,71820.26080495105,35728.87097675005,43494.71731211203,2665.790452358922,42670.83159865923,27186.55321477659,16790.86914402368,23078.51741258398,64043.15642709742
1837,23206.71948216062,16230.61791474066,61534.95496169404,47404.76988890721,81458.73992082807,48199.36933451126,17182.74989809805,20932.23482506399,32847.18809297783,119767.2212104169,95915.86868881235,45193.89960496006,51594.72283380671,33074.54440761195,111533.2663723803,64609.64863727811,43868.77052294093,32482.16472014708,133828.0253741752,38131.16575958837,7516.226186842517,26827.01261752385,69230.8993340529,35354.163596816,42960.32705043373,2455.894214566174,42433.37965159551,27024.04003946316,17105.84875739764,22912.69710923437,63348.96325787627
1838,22839.9701506518,16094.66302203072,64245.9868977151,46633.12772966807,81752.11984292004,47761.68094021818,16552.32063102051,21066.17312729113,32403.60035298676,120002.5651447802,91459.17063488674,45661.69320757953,52191.37765904223,30520.59116437728,116721.7166320568,62122.41272088591,43902.23905797637,31952.20770792767,139060.0709459246,38458.21421411342,7711.278939858737,26579.77470954855,70546.28409349982,35509.61310841473,42930.76700183837,2431.031215485637,42905.85251449647,26887.17683442967,17222.52861907367,22912.61034014581,63003.51440581262
1839,22598.64409581508,16062.71315069066,67524.25815270451,46215.17763659157,82162.30135951152,47900.87514830894,17070.75596474647,21536.26700017225,31793.48529562575,120986.5129465258,90631.02175806277,47096.93822428727,52143.49239695891,30181.33062979185,122550.9834164308,61964.59782169843,44967.98255671273,31422.10224962235,136525.5280781096,39766.41266340581,7770.68307570874,25634.2239828186,71720.8134342198,35963.60813605153,44564.61631523109,2378.92962284131,43877.20142513172,26490.99619810898,17144.77573665552,23161.73029367038,63225.7720629503
1840,23207.31330326709,16474.2799355315,71193.88028373316,47015.88435931979,82492.88288569739,49271.32774663227,17965.53688604855,22825.15095250636,31880.13854549725,123479.257974222,95969.8140930234,49352.37060061029,53635.3487125694,33001.88716076607,123783.6247497993,60157.04284708557,45417.18453829161,32834.11565450741,139060.7613555097,40102.31633014821,7827.210834044623,26897.76078980436,72915.28822436789,38320.80135489741,47772.85112395148,2431.622312213381,44775.31961336717,28162.01545588501,17118.53011655401,23613.47510144252,62400.01772545386
1841,23917.22883349438,16985.68137115652,77402.72240937597,49618.52797227816,84431.93058103521,51506.34203166401,18823.25215395353,25475.57779571693,33274.13872359214,127263.7676895811,101240.1654167813,51079.59814575081,57368.17082387425,37707.13588870321,129547.6119162354,61702.51820092547,47174.91070495537,36736.68476148717,140221.4650868383,43352.15468264518,8250.02182677469,28447.67137439426,75299.40556584253,40482.45256235831,50175.79947584426,2514.981984283367,45941.30231301863,28597.74354968633,17454.85843946239,24198.72456894717,62365.5347708622
1842,24441.24091729242,17626.53045255141,87542.09758322511,53727.06715669153,85655.30398220844,53169.19481485723,19631.0900468082,24859.82159982256,34419.91809710563,129548.5199821147,104998.9643099468,52312.21332805516,60106.63296696178,39958.25541929905,136626.8183320273,68525.10832720128,46719.85056620223,38908.78364990904,147932.9035033488,44342.40654237273,8423.828183237738,29316.60378939474,73061.47668823932,42153.25166354539,48878.28520255719,2597.407738527471,46776.35157160897,28900.18879894412,16817.01939918923,24117.84542649952,62748.03419124718
1843,24673.3680433616,17922.43799739006,87138.98272680926,56852.57512579153,85321.2088878266,53951.41438612615,19266.52833878308,24833.17450240586,34332.19450567481,129130.9119830228,103550.8323169891,56132.52549368578,58891.14204678711,40628.16977780127,129682.6621968677,67033.46194447618,48541.29478133134,43080.33040307163,153003.871781782,45328.11061523457,8906.08597761155,30089.08066836092,69368.57379891117,40988.20111508687,48294.98774359567,2623.988083404342,48961.81359548282,28873.68371940229,17564.88668285345,24356.3143626772,63750.39409851115
1844,24673.36804477806,17650.4566676806,84053.42315252434,55036.06166768308,85420.01751578374,52899.09558053673,18839.90710560887,23952.02653503184,33638.52979547266,128714.231143226,103389.0580824307,57287.94670723218,56874.04673987924,41044.94584234802,125593.9413580121,65183.05653943888,47474.44606700179,43785.36061320475,151735.0255823068,45326.70191818753,8896.306137954944,30197.42541935397,70529.90615495833,39293.98460073171,46436.61981616602,2847.852213961814,47945.26350451693,28453.17464152942,17122.01098088434,24037.57206012148,65345.57357025689
1845,24427.8707650578,17646.56471776244,84092.11471361815,54635.13103151044,84159.64766556675,52070.51571897846,17944.98802034484,22595.09190538764,32845.75825773283,129484.1596743917,100752.598729824,55416.06216316894,56182.7047678373,39829.59342653339,124427.2650812308,62808.28998204289,46334.72032292096,42396.47437319086,154268.1962674945,44572.00129782435,8661.769522328255,29026.09662076607,72192.12508106402,37390.37557077323,44560.71575471478,2875.467108249983,46118.29868836684,27706.74223487233,16886.57451113359,23866.84177036763,65521.52263145327
1846,23554.3442596785,17270.12726573659,81854.44283547766,53559.86719813028,83096.74009011812,54834.65564535755,16870.09230101576,20480.02479007248,31287.0271070179,129498.530643463,95220.81691036996,53365.12291264655,54293.85066888272,36016.05590831234,121163.1389645851,59336.03490369051,43301.46577185775,39412.01419961837,158115.1922915342,43007.91025273517,8424.288318004443,27579.64232700711,64978.44033911709,33620.91727882191,41358.75497970878,2801.150227772735,43285.69359880086,27979.63900384661,16717.01168853571,23904.31721912366,65011.59109145612
1847,22113.49563022948,16405.77246260694,77063.69668661451,51059.23953494879,80997.32670551674,52555.19255298984,15414.66606548515,19127.40835088843,29292.87710564848,121763.7042255016,84771.99938892174,51119.08885807756,51063.56703373673,30523.84454239474,116580.4694863106,55867.08196640531,41595.86066921841,35675.49535270056,161612.1260894571,38550.51508007637,7948.962424732565,24812.38315609676,58607.56584904544,31028.71595939021,38948.90009881443,2491.791072940492,41531.77405036311,28025.35974833606,17501.0191123262,23870.15703933838,65189.31827468453
1848,20452.18063101303,15315.26873306835,66541.03539085643,47679.37228484359,76953.63326518881,49497.42407534988,14555.09124871062,17574.88264369089,25219.27028614643,122596.7221630985,97218.66586458455,49204.53452084629,50261.83401864373,27620.39784046986,121550.6233860853,59207.00985780562,41126.46147743412,30804.6602729361,131918.2227768146,36887.4684765154,8260.400060523352,24720.2669072914,57509.16273943982,26537.13966044007,35133.43874370002,2086.753805177413,37315.77373915841,24786.96500516222,16748.15141805217,23533.20174766772,65211.66244163009
1849,19732.86996762288,14828.01555274634,64286.53977174625,47474.7595236098,76775.58818677804,48016.05772603871,14000.57241938296,16898.63951376954,25230.61808307881,122344.248111681,91052.06809696257,47500.17665567876,47442.22837513476,26771.96566044563,119245.7826249819,58146.65474826704,39837.8591398587,29456.03598300952,126804.8949624696,32509.77487871948,7368.696640030411,23115.89778047441,53330.27732279642,25109.66433766031,33883.80789312804,1986.239691063471,36242.67452754234,24489.15441571086,16450.94978978403,23485.3517140087,63918.7586652173
1850,19218.20445138349,14591.34705155016,62934.19283287541,47062.16176638572,76811.61596427814,47262.63778249794,13896.74757221704,16357.5563724914,24338.26122410177,120538.9424595069,88130.40933921274,46875.41363377845,45088.77697731237,25786.10445306184,116822.6635812229,55679.42163392113,39657.02767684206,28210.54158599068,120698.4391249751,30360.16293265071,6727.291920409581,21763.6940073078,50287.92959745593,24831.13315488702,33632.3055562584,1931.687232229687,34971.54778841679,24489.8265654646,16858.22609442841,23325.4803584067,62706.44470115055
1851,18910.61478081927,14412.42598795046,61608.34636905295,46593.07260482563,76520.30094279042,46991.5211233865,13508.54849170693,16088.06320579556,23747.83606699039,118604.1163055652,85553.09249903673,45835.75931164176,41803.32980412608,25436.44350594176,113377.7583259247,52842.9524139721,39493.74216269504,27610.03284170499,116638.9764968187,28188.9602493137,5528.139963662701,20844.00959085276,48273.97134106135,24255.81130305472,33136.73215713989,1839.91572314671,34595.53840797683,24543.79168090099,16913.26343261654,23359.82505583398,61839.69026548856
1852,18910.61804657512,14328.94661645457,59286.61380672077,46077.05760860172,76284.73291107839,46991.52113641876,13612.51703378239,15821.98009297662,23250.38882541029,117446.6152222948,86041.45733267028,45669.45796349193,40828.90281006251,25436.63178929045,111855.2212653715,52437.42473529353,37749.18524148205,27283.69043822263,106771.5321683679,26373.80296231938,5220.605868323197,19954.70164757971,46751.3973637433,24545.6909848524,33131.6560500937,1785.570305308812,34587.99058956205,24430.52185917152,16671.09914510188,23316.44258886406,61519.08506425218
1853,19108.86432711723,14363.6055842786,60243.32405029356,46077.09838025929,76952.95907445652,47275.08185875614,14742.329561544,17341.82948489778,23462.3834232169,118875.1798829777,90295.46984280652,47337.92119352731,40393.57416564874,28443.52952446948,114258.786175172,51623.9414041461,37134.38759998469,26868.80559397697,105067.6331289359,25998.5404554758,5111.86719695564,19009.88970855265,46752.67299046525,26021.25794722497,35274.66393114395,1782.885939722074,35532.26844042986,24724.21800231195,16891.24849785436,23536.04386511191,61580.20123960229
1854,19958.82273091967,14750.56848984069,66353.80501147508,47134.22649074555,79448.09264643861,48085.99479892459,16251.56408099634,21727.37486194082,23867.14755944605,124057.3133441093,94623.89665566821,51509.81366822813,42115.61636940003,31516.32361320964,117012.0486031968,51625.13393173585,36299.88468491272,27985.37581050755,103768.0010639198,27446.39598969169,5268.423213319878,18611.46637467039,49256.29656001237,30126.06601710521,39922.75407493024,1782.91263073528,36733.19367509314,25755.00796777229,17452.62935096474,23510.47205433372,61522.33255455262
1855,21175.60976924811,15374.46225167958,70342.82501158702,50082.83549884992,81042.03571685427,47548.38032120076,16906.78211935679,22276.036938261,25198.2077155575,132346.9285473398,108808.1946830021,50623.54573624736,42743.16364104792,34115.18094402109,116075.5682272438,52436.71989529728,37587.9816001321,31158.60806112118,107528.8443530402,30350.96648317903,5221.274417161777,18352.93264192805,51348.59630310624,32911.22596629693,42153.7035445099,1956.90980526591,38402.00715446468,26385.65208242308,18245.16702292598,23586.07444002305,62056.77808838067
1856,22710.34186966073,16187.64397584731,71633.52391860742,49508.11405732828,79816.0646027971,48132.6348092028,17287.17906534288,21487.66719445413,27754.89834237796,136237.9992221303,122985.5318490026,50225.08625894291,45916.76981685094,36594.16338703187,121650.6720035504,52438.71449888159,38828.72123857162,35989.06371496084,124078.1330592204,31080.99343236971,5545.880783878681,19745.73418182024,57047.80562154794,36180.4882664805,46121.04701380921,2244.931038791438,41021.30534169405,25704.90036691052,18179.12221863947,23259.2704246447,63398.46069323741
1857,23836.76766417589,17198.92770982258,77107.8515321637,49544.62292416088,80501.54093023119,50350.77336382908,18398.66932075582,21765.29925912704,32222.37386115336,139478.840607235,129267.4729163954,50704.60075069573,52910.26100749392,38200.61405387234,126139.1005126882,58102.64346656852,41747.44472590834,39159.43664783803,156999.1554213912,38760.62622257527,7005.729130623226,22814.2384928236,65682.01778410611,37599.27293498538,48119.16853327981,2533.410927798737,43084.23101388329,26751.21245372235,17584.71896210316,23058.24699588727,63833.53565386991
1858,24249.06054669916,17698.55902599837,77953.27897748524,47682.36108646665,80360.6924148408,52562.99429765448,19163.06535559892,22049.32125565095,34300.96650823444,143496.7039729134,127641.9532927872,49023.52675569669,57361.50793063215,39539.73458525901,130547.6546585094,60930.85539758632,44061.10576149641,40154.47407959772,165389.5394301035,42319.14025910324,7934.636558278354,24905.19969236752,70765.47506144918,38424.04768353697,49653.21961150748,2586.489679108451,44451.18054511261,27025.64295186001,17111.39785317222,23161.054592829,64148.70997381452
1859,24665.77828235851,18092.73842545596,82322.35987162095,47686.98403867763,81199.66115191915,53673.92897495289,19750.64415811327,23233.77164751078,35212.22033104228,144667.9451406148,121239.9059658323,51323.56321214739,60599.99109526182,37653.55501730068,134343.1730554959,66218.23131820987,45634.09566632478,41388.85960077892,172909.345320636,43356.13011781035,8368.962042505753,26959.2571724953,76923.40718628255,37149.37162000063,46626.07034213822,2656.562633807751,44583.86114548245,27584.89229281263,16825.20369356785,23159.16525552203,64840.24883419586
1860,24672.03455083522,17819.2707016165,78224.54723307215,48360.89939958108,79763.84933753764,53667.11282180902,18033.69148784694,21559.846875605,35491.58624568127,135999.7704053063,129443.9613707667,46665.53707022183,58297.32392897954,34831.12015612367,132515.9420310329,68684.42406745185,45700.25084083159,40924.75341361164,160991.6171040968,41675.21015205884,8368.970218375527,28198.16084040583,73316.36778863406,35179.0734164532,42143.37629142754,2551.668812103184,45546.11849732538,26677.41251895497,16825.20369356785,23306.75305636446,65013.48519663492
1861,24046.9852339648,17576.83237389804,77406.36764169383,46064.34579233238,78050.20652293033,53118.58906745899,18013.21380454054,20953.66327178402,35768.65938099548,127203.0854685562,132627.47137941,47855.21373230297,57900.9865423048,35185.93244018443,133429.5815234563,69767.55623311579,47171.29736581508,39493.57255682332,153621.3167034303,40510.99274732849,8825.923251249214,29342.06244948049,73944.57313177237,35028.37854869635,42644.06165781632,2390.412211429418,45884.09571988117,26631.43478182454,17111.39785317222,23409.7293756147,65167.4908804678
1862,23640.13700853766,17751.63710802287,80483.5800156238,45542.95244185083,77571.14174508415,53108.52951763211,18412.08355712843,21224.313514687,36021.84049479289,135879.6456965686,130528.4077904795,49550.66880489409,59190.28864560455,36188.22224663421,137072.1476257704,68753.1445599731,47177.91416917096,38943.27339914671,166422.2422866542,42320.03909013095,8858.85922658446,29642.97055497757,74881.59896460372,36167.28030309117,43150.24565213497,2343.161302974673,46960.85302490613,26603.77510938431,17199.4575947863,23510.65715016073,64965.36150982892
1863,23638.17705583931,17730.84527742874,84695.30432583601,46608.91464385357,78031.0249965314,53420.57042959275,18412.06797462967,21495.5325532531,35917.17192471275,142098.5493520373,129312.0649743188,51758.55600252232,59190.27109393012,36878.01094381333,138912.3160869978,67904.23137886974,47185.26724281374,38541.140251643,167737.5046888343,42322.39753029717,8694.680494573087,29248.82233449349,75949.38461603635,37013.96085380633,44661.07248823106,2333.647354959755,47461.88527607286,26858.44728324705,17045.35304632034,23661.58897338915,64962.90887305467
1864,24055.96879692697,17809.90293451057,86507.90602865517,48218.29188481053,79679.1442637142,53944.93168081027,18785.96432249186,22977.05657038623,35912.72604445469,143917.2919985444,122619.1132664087,53755.12484239868,59433.20136160667,38279.06503389034,138915.0107976352,66647.38044739215,47122.78245865111,39053.02903825767,167883.5860374144,43164.67146367863,8261.142271081539,29026.20480377729,75932.10895277404,38980.2636606584,47132.44166212875,2341.955822100229,48428.71961936489,27460.09505554153,16880.24103175596,24036.39735569968,65026.26824232358
1865,24459.24392736995,17897.06711703865,87175.17171967961,52493.38479687533,82657.59235451742,54230.79184195514,19354.26688029911,25008.93628195675,35630.25570206472,146254.5207722528,112503.9491410286,54660.04409471079,61069.92916291044,40233.60719028441,137997.5340090865,64893.45781837172,46581.87645105016,41698.32904945893,167737.4935313168,44133.54618724374,8260.3978570593,28854.25813280965,75949.38571387343,40331.71060028601,47637.34865611394,2442.881902634062,46825.55556342596,28611.73043337101,16935.27836994409,24063.03544565881,65834.48110874658
1866,24665.78366572247,17751.48397848181,87609.70449391991,56404.28432320207,85066.57412159818,53944.26905406709,19260.90388651997,25278.86114870821,34102.70085253777,146906.8716926225,111639.9655687543,54407.73994378566,58724.47887802726,41228.11132489913,134345.1877287668,64894.95364578477,43356.42676935825,42415.00639447249,152367.8808280463,44115.18921251591,8043.843875875665,27935.30993491602,72964.65797778906,39756.93325008423,45662.30524955082,2573.085171056233,45955.1309705559,27761.91679803939,17166.43519136035,24185.58845076409,65789.7338219431
1867,24665.80115612351,17477.7770185408,85895.05632606387,55961.68220096341,86203.11593677432,53116.10745658546,18225.13191393268,24469.05700489014,33660.34155505039,140052.3881021924,116258.548199938,54992.31330029869,58247.16570528341,40254.22777185986,133429.9274635554,63789.37998809988,41042.78533738156,42746.41966864154,152490.2057310477,41959.97114306642,7164.945449025661,26778.7637144748,69798.8961281057,40287.49807580224,44645.60770084037,2657.074270613405,46102.03032225971,27580.11880145891,17100.39038450845,23913.64955356041,66073.66996416249
1868,24644.20664088219,17470.8504663086,82814.53079123354,55375.69142481757,84490.61093811935,51965.12956855229,18788.47901794371,23614.07363123374,32742.69304125542,141873.3534094163,116258.5453103625,57463.2892309395,59456.28815400616,37203.53832386628,135257.2218939595,67049.24544804227,44092.21769009021,41945.46901238086,154944.7822295521,44176.68966699047,8368.148483274448,25953.94100615308,69813.42497691668,40287.8900685901,45647.98140370752,2846.091804906341,46914.7609747181,26907.11713399903,17100.39038450845,24035.51985224469,66071.74737550317
1869,24457.81428367336,17422.86128159802,80935.83132217891,54622.37361667334,84187.80634471947,53106.25126236682,18746.46894963041,22319.12052018935,32119.04987650989,137221.7286493628,113709.6797919387,55516.948113916,60791.00405677624,35752.8717672667,135177.6586680466,68684.42316684086,48047.61517880165,40224.66401225173,154944.9039964519,45221.05300116399,8797.69795101228,27672.97301179045,70853.53847646293,38124.62393075466,43804.71395252574,2855.885838625671,45949.56500525352,26654.20181452723,16737.14395195379,23812.08623923608,65864.82307258621
1870,23416.45418482464,16887.75642214696,78722.58957209258,52576.48796381879,82729.18205742727,54788.51986307765,17181.41606440939,20246.3964551087,31416.81044134822,136191.2223170457,108942.3913261499,53912.55638193159,61302.44069801342,32760.44648065009,132523.5853881495,67855.28865381153,46163.08874372752,37334.85749272994,149807.3005175866,45221.04978269772,9127.355930659916,27843.39231582593,66728.9912493224,34272.64535542861,40160.42602056253,2669.314446639923,43748.89763169874,26657.39841574336,16472.96472711158,23710.00841744215,66143.17143218919
1871,21781.00429195734,16092.82397031557,72393.56891373283,49194.44815499949,79862.51760002055,52945.09982403949,15624.45081769119,19102.56661370499,29548.21574162768,139947.4178983417,107231.2904902195,52576.86833173367,58030.00918764277,29797.15577482067,126161.2065826757,64463.40153562698,44476.61340993467,34210.58156811113,144661.4637783339,41960.38027743996,9030.740468833432,26205.14671008551,60568.32823904513,31741.77311719203,38248.6887371052,2376.220443320931,41403.95816514725,25291.93279283954,16056.65543356816,23612.71939130187,66741.97842815981
1872,20451.1400113634,15472.8452909327,67318.20021897275,47641.92625599469,77070.88015072816,49515.46477467031,14518.84456239786,17593.125057596,25568.50067336732,125067.5303676443,97867.30754624914,49062.29130661595,50988.67974942275,27298.51436495547,123318.6835950362,59965.33079383329,42152.51339629628,30324.66130750576,136702.1429302969,36700.3296728445,8421.413527934423,24520.27443345383,57335.96783532651,25501.29826257436,35166.26376394538,2072.19255742904,36823.26265996118,24747.81997917768,16738.39269522727,23643.83360074246,65012.86330107198
1873,19734.94883180984,14957.9222002398,65018.3725176558,47436.23554244925,76902.9495125115,48012.73716403206,13977.60248660646,16905.51146152122,25579.27148581519,124846.6474558654,91934.37090719791,47393.525187141,48287.78490408375,26461.33408166177,120999.622152529,58930.48857040527,40818.09928261833,29010.86032752329,131687.9346962774,32527.15671429584,7522.566636176283,22964.95905422712,53294.07282467007,24080.55075583032,33901.38323547888,1970.777072953592,35767.37202377357,24481.52046082066,16438.42658945065,23567.68009563564,63879.56348788577
1874,19222.51530077641,14707.81387662647,63638.83337575501,47021.46411480751,76936.93061282119,47248.45292597674,13876.26350075644,16355.33045695711,24732.28696345511,123267.2329898485,89123.41794028458,46781.80895960714,46033.41831783176,25488.54735301336,118561.5526599116,56522.61881168227,40630.83898562063,27797.52628661323,125699.8497831332,30477.97208218191,6876.023598053262,21654.09904757341,50351.45802054997,23803.33231488036,33646.81172852181,1915.735409494429,34516.62949529,24482.1214910124,16849.49125215514,23313.24424336373,62816.9049868704
1875,18916.25957541065,14518.73232563909,62286.32756498955,46549.90367167622,76662.16470568583,46973.4267722233,13497.35900726909,16081.30598665919,24171.88227260239,121574.504441038,86643.75928769508,45763.86551932094,42886.294763472,25143.52360490621,115095.3926173289,53754.39702649676,40461.74842270344,27212.52349330485,121719.0780284471,28408.20540637063,5667.265187693262,20762.53407475104,48403.52046864408,23230.7220052504,33145.19067564523,1823.140930234106,34146.64992618065,24530.37660603457,16905.04053061908,23367.90395603098,62057.14802897866
1876,18916.26282700368,14430.51236584046,59917.91095923518,46031.17017659303,76439.97889599111,46973.42678544349,13598.83824756494,15810.74890745973,23699.72798805748,120561.8371660279,87113.61928568319,45601.03700713636,41952.89301224338,25143.70939124349,113563.461626041,53358.62662760841,38655.16984535794,26894.60769369519,112042.9097097172,26677.85010936886,5357.267424588628,19900.41681138466,46930.8588498864,23519.23545875641,33140.05262310738,1768.30816443165,34139.22314708926,24429.0917624482,16660.62370589561,23298.86059979256,61776.12029799323
1877,19113.64935931836,14467.13953125043,60893.85817405875,46031.21116304607,77070.24425963275,47261.07644546656,14701.5998589646,17356.1533036457,23900.94361312925,121811.6508405189,91206.4412331251,47234.65807157113,41535.89253757329,28110.72968707948,115981.8563372719,52564.71627479028,38018.51521114889,26490.43573934049,110372.0399936217,26320.11942060952,5247.657643436719,18984.49259252287,46932.09265956743,24987.84794498996,35309.2123712442,1765.599726528297,35068.35824466259,24691.71218036446,16882.82081975135,23648.35684114062,61829.69191822555
1878,19959.92169027721,14876.07710900795,67127.20512038867,47093.90849455025,79423.63350756299,48083.68272755307,16174.69902343268,21815.43798104931,24285.12731177373,126345.3632030131,95370.85781990374,51319.4297959582,43185.43346620475,31142.77241987767,118752.1061721803,52565.88010933157,37154.34444620007,27578.17459711903,109097.6007168524,27700.33286595359,5405.467836221718,18598.25109218983,49353.64352909155,29073.30969545179,40014.02476823419,1765.626656895829,36250.0250433296,25613.43518502671,17449.42346370837,23607.65920994221,61778.966898195
1879,21171.43180488984,15535.40026395953,71196.43400670843,50058.05152837814,80927.02736424898,47538.31586409613,16814.22928358299,22373.32535414879,25548.50903985157,133597.7296673458,109017.6926933324,50451.66961020572,43786.55979573325,33707.16373797505,117809.8477879187,53357.93874655577,38488.23516898728,30669.4696833103,112785.541735275,30469.20527989377,5357.941329198319,18347.62205435691,51377.35441111944,31845.34294222752,42272.19928655073,1941.184168474548,37892.0768753857,26177.35141210104,18249.33307566036,23727.98068569512,62247.43720100909
1880,22699.5081274523,16394.76057932311,72513.08553411157,49480.30230744193,79770.70159856936,48130.99528547502,17185.51844777576,21571.69982837278,27975.20343637633,137001.925131232,122657.8304623282,50061.53107809402,46826.55107291596,36153.26994750207,123419.3495043932,53359.88535858187,39773.08499166304,35375.19641475005,129014.0298570209,31165.12623811434,5685.148130319587,19697.83854693092,56889.73472601198,35099.19692327771,46287.95762170906,2231.788261190286,40469.37112678461,25568.62942442531,18182.6739430572,23207.87088950579,63423.49428520924
1881,23821.0488740487,17463.47263066746,78097.48773255532,49517.00351231426,80417.23717358173,50381.11933602344,18270.39647399356,21854.00004545243,32215.52789890467,139837.2520796282,128701.7398800601,50531.03196988931,53525.602889334,37738.41588612544,127935.4712550383,58887.53623094912,42795.57354523311,38463.70601467042,161296.8928758232,38485.97571643434,7156.69137973789,22672.52302966922,65240.90389705486,36511.29473556045,48310.46290983581,2522.85512242665,42499.21503761491,26504.23216871468,17582.74173150397,22887.94136098003,63804.86092718385
1882,24231.55373778062,17991.47678112201,78959.91453956395,47644.93080338842,80284.39002446363,52625.24043384442,19016.49069973303,22142.79763577598,34188.43344970332,143352.3751362644,127137.813498638,48885.06348843487,57789.44379123882,39059.77701813562,132371.2258239939,61647.69940335473,45191.48875516868,39433.05022916344,169524.6330306873,41878.24020870735,8093.040321426698,24699.55288000605,70157.71748671346,37332.18224859166,49863.23454446303,2576.409862742273,43844.24371207695,26749.62542222915,17105.01793619631,23051.56003081238,64081.12819813681
1883,24646.4642650848,18408.04065972416,83416.84636256471,47649.57811049304,81075.69836457037,53752.19475811952,19590.00119918619,23347.16357648972,35053.35411019393,144377.0632500108,120978.3488177306,51137.06876885453,60891.58061175547,37198.61193950671,136190.1622630408,66807.85735853192,46820.4008473392,40635.56224049047,176898.6708361169,42866.78313433024,8530.845204235537,26690.80734586362,76113.78295627526,36063.51384481924,46799.14392455389,2647.111203664403,43974.79660226431,27249.70109251183,16816.16168714816,23048.55314351781,64687.29926483113
1884,24652.69340157338,18119.04337607153,79236.63729892456,48327.04382972575,79721.45259433995,53745.28031623795,17914.15724557824,21645.09315086829,35318.5155233593,136793.5050007899,128871.5409367799,46576.31520404501,58685.86014362524,34413.60817339476,134351.6573706868,69214.71178406345,46888.90793907768,40183.43990510713,165211.9624685195,41264.39375054822,8530.85344560253,27891.83140938722,72624.9879568883,34102.50182901711,42261.74600642372,2541.276736132893,44921.62287556251,26438.24093878715,16816.16168714816,23283.43967307075,64839.1502693459
1885,24030.35477889993,17862.83757167083,78402.00622980471,46018.39139122727,78105.1589337621,53188.84686469096,17894.16985609034,21028.71707359352,35581.50073472637,129097.516553977,131934.423239601,47741.14809940402,58306.20932006081,34763.71494147795,135270.9339450117,70271.78303170421,48412.25240895381,38789.21408089106,157984.5320556795,40154.56719856236,8991.467147242156,29000.75811158933,73232.59974542535,33952.51719935098,42768.54140967694,2378.574050780115,45254.18018310533,26397.12806474348,17105.01793619631,23447.32686507961,64974.14454803975
1886,23625.27096004672,18047.56903695101,81541.0933943176,45494.25120734183,77653.30901682575,53178.64225643691,18283.48953550108,21303.91807537329,35821.8087265158,136688.4110503677,129914.8961447983,49401.1973414415,59541.22933532565,35752.71239332147,138935.9743860776,69281.77881343511,48419.10444974873,38253.12439450528,170537.3174027091,41879.09704741831,9024.666973974601,29292.46592146351,74138.90840454609,35086.05121017493,43280.90254252027,2330.899415082576,46313.6702503008,26372.39503741122,17193.89678225645,23607.95379063378,64796.96726527234
1887,23623.31950720948,18025.59648940678,85837.5045990371,46565.82917061396,78087.06707748119,53495.18278962105,18283.47432609154,21579.69743664244,35722.46208291288,142129.1664063293,128744.642281714,51562.97769656801,59541.21252261034,36433.35312161234,140787.4965381362,68453.29107764934,48426.71893636083,37861.37487077204,171827.0840295244,41881.34530406444,8859.172999666833,28910.36882250601,75171.69037071033,35928.74128140835,44810.16652154883,2321.300149788218,46806.66778185077,26600.12057720321,17038.3588010039,23848.1623441515,64794.81739700782
1888,24039.29938222907,18109.143636499,87686.55303907927,48183.68502212636,79641.55947269726,54027.10531541603,18648.41853491689,23086.13204871839,35718.24225568908,143720.3365455223,122305.2959991084,53517.852610621,59773.91496071714,37815.82645024893,140790.2078749206,67226.68085929143,48362.01272293462,38360.04599401943,171970.3336562806,42684.26920085053,8422.161684370656,28694.55784520599,75154.98103073475,37885.77673116919,47311.69466906906,2329.683123937938,47757.99764844283,27138.10853887294,16871.7109656121,24444.67126742133,64850.35529755848
1889,24440.82560178397,18201.25765869055,88367.23571920884,52481.30021608215,82450.80695793162,54317.08757208985,19203.11431763377,25152.17612879196,35450.13426097456,145765.116569969,112573.4097774088,54403.87462511775,61341.73338665238,39744.44749353918,139867.0703286633,65514.95883634939,47801.87668277034,40937.04076789602,171827.0730882902,43607.87924944756,8421.411306818325,28527.86846101584,75171.69143255874,39230.85418317989,47822.76321790177,2431.514269183318,46180.54246385711,28167.890411317,16927.26024407603,24487.06588587017,65558.79741617717
1890,24646.46962510236,18047.4072115597,88810.50582488449,56412.80336048012,84722.93853949026,54026.43313361382,19111.98669872787,25426.63955782311,34000.2487117241,146335.8412443811,111742.163767105,54156.8392885422,59095.03105115978,40725.762527028,136192.1893666834,65516.41867310798,44461.75735138213,41635.21253096079,156755.3934759985,43590.37989075019,8203.122503151793,27637.01719679829,72284.80774424308,38658.78580889662,45823.61767288396,2562.885148424739,45324.0762889032,27407.99479377381,17160.56721466024,24682.10944564379,65519.57400860408
1891,24646.48703965162,17758.1571061754,87061.38051232153,55967.86949716178,85794.91533371611,53186.32946905804,18101.01404488777,24603.21923041547,33580.38139684353,140339.0337083472,116185.7417570479,54729.20512299147,58637.81367721812,39764.79460522525,135271.2820195334,64437.44589145163,42065.86244199629,41958.06826449221,156875.3471652838,41535.85104667343,7317.183186345615,26515.83249349528,69222.82452398067,39186.85003619056,44794.51301200365,2647.627428624231,45468.61991380485,27245.43267999256,17093.90807946781,24249.31768744942,65768.45933387309
1892,24624.98617482402,17750.83721206839,83918.91356780248,55378.79157186679,84179.69485168801,52018.75451206938,18650.87302142729,23733.86002197158,32709.39118666908,141932.1483949829,116185.7389769624,57148.58018462856,59796.02975493691,36754.56336171053,137109.8507090377,67618.87670674842,45223.70676021856,41177.79924147901,159282.3427925351,43649.00711712364,8530.025127549157,25716.22882252879,69236.87709438274,39187.24018148218,45809.1190281909,2838.339996542236,46268.31734754083,26643.64071474307,17093.90807946781,24443.27471743526,65766.77408133676
1893,24439.40215812113,17700.12283952254,82002.43830621526,54621.50509301118,83894.09207581542,53176.3311487944,18609.86879330109,22417.13335069728,32117.45747461054,137862.5641516365,113733.4535852233,55242.88409848965,61074.55156173025,35323.13552644855,137029.796584445,69214.71090512189,49319.72465513706,39501.42776247238,159282.4621990379,44644.57903820718,8963.015733011971,27382.70125151098,70242.89404512008,37034.16970614225,43943.3575461591,2848.221859237547,45318.59958126935,26417.48613815623,16727.28284108802,24087.67929799332,65585.3937821082
1894,23402.55819696063,17134.63069046929,79744.69398264519,52564.84119174472,82518.32977073107,54882.85801567872,17082.28771305647,20309.5581532581,31450.92375932694,136961.0012464167,109146.804435491,53671.99654053068,61564.45574078276,32370.39574574705,134359.3478867,68405.52594881259,47368.20043448912,36686.23997024143,154244.4488734336,44644.57597010383,9295.314615734373,27547.90996816665,66253.55593304832,33200.34584271556,40254.59710690155,2659.977369652282,43153.2228407527,26420.3445098676,16460.64630290763,23925.22206800116,65829.38111488098
1895,21774.20087169457,16294.55597875867,73288.41307044387,49164.98393298747,79814.51567947763,53012.8559112334,15562.60063031024,19146.49576379361,29677.33870385751,140247.1980359431,107500.5396351654,52364.20138206566,58429.79986490445,29446.40416339463,127957.7137176927,65095.250008777,45621.76833347545,33642.63709124884,149198.3618855244,41536.24106677555,9197.925163633241,25959.75388677052,60294.84910074261,30681.40182667468,38319.53023152653,2364.2550165731,40845.88760244812,25199.3575786029,16040.46462923873,23770.38622395961,66354.26770663564
1896,20539.56396887529,15658.81025834256,68195.99382625359,47361.73294815767,77042.34755275282,49383.00013924304,14379.19081820876,17680.59949007162,25588.89001976194,125203.0843946959,98495.24058583174,49126.98027681281,51204.54959533836,27142.79616273548,125451.1653486306,60778.3470530851,42598.83705523778,30256.00855971131,138903.5098892849,36672.20887735688,8539.348790069034,24161.90475044256,57872.24686424423,25721.23353241688,35144.01494582521,2073.633984139042,36798.27603976544,24612.13849575133,16835.1690147808,23699.68229244807,65544.46082206466
1897,19803.90886259512,15166.02805120213,65884.38494469084,47135.33921190682,76880.81081620732,47977.0113212066,13837.71115956022,16965.94405176801,25599.73221879951,124961.6012361819,92625.86923966664,47356.72436218855,48614.91911944415,26339.24773540597,123355.0564026805,59761.08231728355,41120.60338105291,28886.35210298594,133650.4467243401,32474.57697516531,7635.799468215852,22699.56012996439,54096.35514261154,24138.91538807876,33879.58844215463,1970.023935395297,35716.38299933272,24329.62726930605,16545.67920577082,23627.08025438271,64667.5840259317
1898,19277.54892617579,14926.67399238817,64497.77892587677,46678.82053113906,76913.4980977335,47261.92823835108,13736.32769009212,16394.12602896049,24747.13406822714,123234.885526104,89845.03273269566,46707.80522533307,46453.42200463768,25405.54055007057,121151.380734304,57394.1118376318,40913.16067340881,27621.4338782185,127377.1156583534,30413.38208324932,6985.873959209203,21467.05828208634,51347.39831678206,23830.17103556147,33625.10831282094,1913.791206602079,34434.83963625741,24330.26488884683,16942.3874618219,23384.51017955917,63845.36507653118
1899,18962.97008937231,14745.72265089809,63138.34472011416,46159.79695079129,76649.19380862941,47004.60702184619,13357.25687322344,16109.32497347733,24183.01513762161,121384.2876994936,87391.94106338914,45627.95324674279,43435.94537764535,25074.37736369915,118018.4542235265,54672.91015181542,40725.84598486574,27011.56003486987,123206.7173628219,28331.48451639164,5770.791777828098,20628.78762699784,49527.65751275155,23192.44217926457,33123.66731520726,1819.193043814753,34055.74893575939,24381.45766535382,16995.99668534246,23436.62080183639,63257.51247184145
1900,18962.97342933387,14661.29601070815,60757.79557812093,45588.85229293031,76435.46764772186,47004.60703421535,13458.7806587033,15828.1276714967,23707.73151772017,120277.1758359106,87856.76699642689,45455.22194940857,42540.99545932253,25074.55568648355,116633.8017099887,54283.86217798069,38724.55923233544,26680.12823183055,113069.6187421326,26590.98761655858,5459.172222598479,19818.20441079379,48151.91400620991,23513.7660388534,33118.53110695686,1763.173733085903,34048.1392645146,24274.0068312012,16760.11610235182,23370.79732633451,63040.07072032632
1901,19165.72433517266,14696.34826557544,61738.74221531051,45588.8974047201,77041.73587299365,47273.73911287107,14562.02633678234,17434.30832647091,23910.28075595703,121643.551130583,91905.73858077764,47188.19538278584,42141.17347457128,27922.38254068735,118819.6941128949,53503.43692374812,38019.28767572719,26258.7731443069,111319.1561068769,26231.16027020977,5348.989004147809,18957.03061150677,48153.06661698988,25149.39247700523,35286.91224218137,1760.406686370726,35000.15527946461,24552.61498195129,16974.55299643399,23703.9945886596,63081.5211027992
1902,20034.99580813545,15087.70217025053,68004.02032929595,46758.55652659373,79305.52062942152,48043.38973090216,16035.77213077906,22068.96369664147,24297.01074015038,126600.0920067947,96025.53774179534,51521.39176099437,43722.76095006689,30832.61970006055,121323.6146020348,53504.58098978089,37061.97891235351,27392.75658052521,109984.0081217302,27619.46313892794,5507.624800722147,18593.8771393806,50415.25152224881,29699.46222906846,39990.03586189912,1760.434199493671,36210.92185108997,25530.45038359423,17521.3670798419,23665.19491732085,63042.27324223254
1903,21279.43113150877,15718.67546585208,72094.09439412359,50021.04419384669,80751.67327869803,47533.13111429077,16675.5831182291,22648.79115703841,25568.76588607059,134528.8373606258,109526.1608640335,50600.85677207264,44299.12365648468,33293.99230024601,120471.9440975605,54283.18598104813,38539.63278598656,30615.47626102181,113847.6265065686,30404.56389878141,5459.849652824534,18358.22973943469,52305.77889772019,32786.73740094881,42247.39981573803,1939.790659960074,37893.41091600447,26128.69654605842,18293.33990053681,23779.90512469003,63404.74637902775
1904,22849.03598224098,16541.08463838294,73417.49064807997,49385.14380491192,79639.37422145005,48087.65652078485,17047.03526298899,21815.64003153845,28011.5438824339,138250.5189800753,123020.158634401,50186.99108056961,47213.88136037321,35641.83163302784,125542.1533273395,54285.09952856633,39962.96026332781,35521.26419960862,130849.1687633713,31104.5636458914,5788.768277308622,19627.73549419565,57455.38103795809,36410.62705678348,46261.71670736257,2236.683233782948,40534.17371678403,25482.91695034805,18229.00883381145,23284.05097893355,64314.706087892
1905,24001.0568402041,17563.84375130287,79030.49970643215,49425.53903108785,80261.2931753539,50192.9277834339,18132.3895057329,22109.04229484726,32279.97228830945,141350.2775870416,128999.3138004547,50685.04573359869,53636.96324130199,37163.29785898494,129624.0991650024,59718.85955205465,43311.20449570547,38741.07997052206,164669.8460604313,38468.32058253814,7268.010089547432,22424.60480382405,65256.94700039838,37983.31184373467,48283.49602372354,2534.048590132352,42614.00464342356,26475.47705855065,17650.02921579144,22979.0415670138,64609.78383808287
1906,24422.71799406734,18069.14455319581,79897.34441207554,47365.0399069333,80133.50413604685,52292.5825362443,18878.81123593992,22409.19745418655,34265.95382570285,145193.232261287,127452.1432761294,48938.97394704033,57725.1536286441,38431.5762462683,133633.4042500694,62432.13950602157,45965.34499640558,39751.63528475806,173289.5197399201,41880.46711824979,8209.257658002642,24330.46662244928,69850.17757196339,38897.55255164669,49835.71029596851,2588.762219744834,43992.15604680836,26735.809294371,17188.98989301499,23135.02977633797,64823.54224217948
1907,24848.90454421586,18467.79683976607,84377.1074746165,47370.15497120034,80894.68368148048,53346.98864893668,19452.57348275191,23660.92760343315,35136.60699120734,146313.4860654691,121358.6709022839,51327.9400345602,60699.496767055,36645.17933537949,137085.1915495239,67504.64872542511,47769.81684832314,41005.27138771316,181014.8244270695,42874.8038884956,8649.352971891076,26202.69157119099,75414.26526863221,37484.60829173512,46772.71952152871,2660.993491104223,44125.92393759302,27266.32843236509,16910.22192970863,23132.1631171407,65292.55965194767
1908,24855.30296993843,18191.22598506949,80175.48472141373,48115.80844633948,79592.00035622918,53340.51932748435,17775.99390304903,21891.91969988126,35403.52583623893,138022.6609217417,129167.2956140984,46489.81390111048,58584.64177540989,33972.05690162888,135423.4388760503,69870.62111799912,47845.70744996642,40533.92733688455,168771.4124305821,41263.02290939238,8649.361256373804,27331.92304528071,72155.07320106795,35300.58552967521,42236.95028778222,2552.868835422453,45096.0667918556,26405.46843286298,16910.22192970863,23356.09556431727,65410.05249962943
1909,24216.05105135084,17946.03662755813,79336.57814110733,45574.78730713758,78037.24652451808,52819.90653956585,17755.99773992487,21251.30334473762,35668.25405608256,129608.9199806431,132197.3622941513,47725.48875002627,58220.63080897134,34308.09890895359,136254.3370212764,70909.73730316253,49533.23388548016,39080.42682092649,161199.698870442,40146.69167011991,9112.384716285544,28374.56238333968,72722.69712901632,35133.54430682176,42743.56377845602,2386.64537115235,45436.81366870517,26361.85270069639,17188.98989301499,23512.3397731158,65514.50266296666
1910,23799.95827009576,18122.82493018901,82491.7457066308,44997.89177061227,77602.60063877962,52810.35885773983,18145.4883145522,21537.32720126288,35910.15475669572,137907.7655734131,130199.4723478776,49486.49765054791,59404.77371456739,35257.36558773292,139567.0237465929,69936.54896899928,49540.82442078408,38521.54559650237,174350.4439624706,41881.32897888772,9145.758232069837,28648.83302466328,73569.36022991213,36395.98638329009,43255.74100091928,2337.939087747884,46522.39477987494,26335.61398299814,17274.76465114762,23665.47576005492,65377.41391888245
1911,23797.95378262738,18101.79716765311,86810.16586218774,46177.32537073804,78019.84350948331,53106.52194608763,18145.47309846636,21823.95216247356,35810.14966526215,143855.9431733821,129041.7565471533,51779.75157937584,59404.75759445816,35910.66308853267,141240.5422120455,69122.13365178597,49549.25957626267,38113.14107193927,175701.649425525,41883.5904125536,8979.398455307295,28289.57621757206,74534.17323619012,37334.50908590739,44784.45605556294,2328.132100676856,47027.53288798454,26577.20293492892,17124.65882379081,23894.48203523105,65375.75048474613
1912,24225.23874215271,18181.75191873836,88668.68630439024,47958.02039885073,79515.14913789483,53604.20171056062,18510.57750268617,23389.63046510521,35805.90186994621,145595.5109283111,122671.4012141147,53853.51664361495,59627.87376892766,37237.59862585847,141242.9928833322,67916.35822876969,49477.57950136298,38633.01290499834,175851.7228374346,42691.22024186062,8540.100860579378,28086.66558869903,74518.56356341986,39514.10305779209,47285.08628760328,2336.69647686421,48002.29024120608,27147.94237825131,16963.83115322917,24463.17238628993,65418.72225243919
1913,24637.67723923818,18269.9051827589,89352.85587414211,52688.19583534879,82217.43548500042,53875.51622386696,19065.51677388039,25536.92604801412,35536.01691406734,147830.9936770347,113043.7821093002,54793.42409580084,61131.10533067348,39088.74160805268,140408.6049565681,66233.71094978109,48857.07350685337,41319.56709757823,175701.6379630982,43620.24356384727,8539.346557332896,27929.94025342814,74534.17422815661,41012.14577668039,47795.97139002478,2440.731181003094,46385.98858333773,28240.41502540513,17017.44037674973,24503.58990480168,65966.87063117533
1914,24848.91004990259,18122.6700630352,89798.39669123202,57015.40959527331,84403.05643293945,53603.57280077619,18974.34915372362,25822.18332520041,34076.52184042873,148454.9459597574,112221.4420420935,54531.36474512835,58976.95673496091,40030.63449254879,137087.0237692321,66235.14599023556,45156.96510658693,42047.42122294038,159912.0095092924,43602.64164150535,8319.91574844924,27092.34064419489,71837.28076821071,40375.02048585032,45797.54343186814,2574.944839519982,45508.43103874743,27434.25869359123,17242.59911653553,24689.5374843809,65936.5220018312
1915,24848.92793772701,17845.85725754404,88040.31124632191,56525.69259266805,85434.21807700122,52817.55120245396,17962.93272475528,24966.3802719292,33653.8717367935,141898.8569751501,116617.4116799541,55138.5403055247,58538.57460108738,39108.27131977943,136254.6516322244,65174.50028326725,42502.84709437507,42384.00297828962,160037.6772672464,41536.07121522976,7429.341529143065,26038.17604109509,68976.81134416955,40963.13737801929,44768.80816479472,2661.520886832078,45656.5342006285,27261.80016861441,17178.26804731137,24276.92924450114,66129.0939621255
1916,24826.84274392486,17838.85210737833,84881.7465874094,55877.32325138025,83880.49656293333,51725.13942927284,18513.03306661451,24062.83169508264,32777.10879395693,143640.5506322347,116617.4089296543,57705.05514698429,59649.07753596005,36218.96942161726,137916.4619694475,68301.8923673208,46001.03537129861,41570.56127620851,162559.3316297263,43661.6124817285,8648.528604870777,25286.36959568216,68989.93909343294,40963.5718915207,45783.04999141694,2856.360349072315,46475.92501475175,26623.37247931007,17178.26804731137,24461.84096529878,66127.79001869628
1917,24636.21511064881,17790.31837313996,82955.4539205964,55043.81495922029,83605.76801516651,52808.19652873243,18472.01083933023,22694.32199463859,32181.25187468723,139191.4239478423,114191.3972449594,55683.45983258209,60874.9301605748,34845.04601609321,137844.1041769183,69870.62025398698,50538.51104715444,39822.91984872056,162559.4567242322,44663.01944433851,9083.784454918272,26853.22672591188,69929.74853086179,38565.64934511653,43917.95821846599,2866.456048765864,45502.81946149645,26383.45012724595,16824.44717157599,24122.82896392108,65987.44924230278
1918,23571.1928425458,17249.14149766505,80686.1439946077,52780.14531271845,82282.38738977398,54404.86493059876,16943.75921425218,20503.86199634642,31510.30051968312,138205.7784028875,109653.8893071271,54017.03518611249,61344.65255444428,32010.9259890887,135430.3900327201,69075.17984562441,48376.65680012615,36888.0460015607,157281.4544973443,44663.01635825299,9417.82180086615,27008.55990224661,66202.9548579804,34295.83431288822,40230.52184789957,2674.138072447442,43284.11806838784,26386.48251011614,16567.12289717809,23967.94802995303,66176.23144112565
1919,21898.58165243398,16445.18867814289,74196.78990518504,49038.08824916584,79681.52009619829,52655.24508602948,15423.40505181053,19295.05974685347,29724.96053027863,141798.4564142474,108025.2625350778,52629.70349992155,58339.12999527317,29204.39926550155,129644.203257156,65821.13115749207,46441.99894921341,33715.04613443044,151994.9940142216,41536.46352123754,9319.9228436483,25515.33767019742,60636.39963068739,31490.43025464859,38296.14955855343,2372.016482478929,40919.96230195364,25091.16467569641,16161.61604117853,23820.33305376488,66582.35598783051
1920,20738.9417772985,15822.45091702229,69709.58438731809,47683.38288572814,77390.60545153012,49613.43482641617,14350.78468115662,17641.24980488677,25714.8167458911,126620.2270459774,98874.4566923725,49796.97289306025,51238.74596545811,27167.6922792163,127541.0890348912,61068.02864886711,42859.04112925003,29926.13269662711,141827.6860058602,37570.66282623744,8535.789111950058,23475.9321595683,57846.50950462332,26622.66105653031,35530.57902173076,2138.101062784489,37229.53356830937,24190.02395904056,16961.81611206023,23695.22248899275,65521.17017484089
1921,19973.997919813,15343.73221105306,67518.89037799627,47456.17332156467,77234.5171467323,48012.79464996845,13823.61708278476,16919.23496291682,25726.46854064326,126393.9446249766,92533.73347085861,48045.28005509901,48705.78859283941,26357.52451283153,125441.0542796682,60078.87003831068,41425.59198729268,28379.92087884466,136888.8038930742,33467.16015075732,7678.920610927572,22147.69181144033,54217.022118457,24998.36372922447,34300.41491460228,2027.795544067734,36112.83376694328,23883.54382457065,16652.28591018763,23645.97383091698,65030.70848880927
1922,19426.68193334979,15111.20907275063,66204.81448785184,46998.00953926495,77266.10192720375,47198.71227802245,13724.913319383,16341.52845255573,24810.20620105094,124775.9211832548,89529.57619829067,47403.16554778098,46591.59504136273,25416.12578803461,123233.2513399542,57777.29686027644,41224.43395898457,26951.94855917264,130990.6751981546,31452.18624386299,7062.572744563614,21028.21651090647,51574.65182290477,24681.42833389381,34052.83047993959,1967.92895396762,34790.06047466314,23884.23554123285,17076.45692677694,23481.42954272989,64570.81846322235
1923,19099.57872037205,14935.4218978358,64916.48911655551,46477.11561598667,77010.71229064639,46905.7663654331,13355.86187128194,16053.79456284284,24203.96405659184,123041.8136824202,86879.48398317862,46334.63700265456,43640.15477210747,25082.23460004105,120094.4571609092,55131.27957111366,41042.79415178962,26263.45901910458,127069.704728497,29416.97390635058,5910.266365489872,20266.81944269954,49825.46864149051,24026.78041714243,33564.97712087424,1867.217685684023,34398.77363379713,23939.77163169256,17133.77733413531,23516.77811264659,64242.01608082874
1924,19099.58219330803,14853.40470777612,62660.46095112678,45904.11351344504,76804.19484538649,46905.76637951467,13454.70224194815,15769.70153749086,23693.19062687183,122004.3916346388,87381.63871385522,46163.71698259841,42764.79050108824,25082.41439178359,118707.2113271681,54752.98064882285,39102.13833510564,25889.30404897902,117538.8969919037,27715.50654295436,5614.74627076914,19530.57073757183,48503.06745212761,24356.62905611384,33559.98008939943,1807.578305112131,34390.91914351946,23823.20441942864,16881.56754229288,23472.12760524027,64120.39483536746
1925,19310.40525250655,14887.45660707004,63590.09655630879,45904.15878779882,77390.01440296278,47212.15830265164,14528.78760275128,17392.42237556241,23910.86437948898,123284.7571540268,91755.77124593912,47878.51828705755,42373.7184723035,27953.70060559472,120897.1976950764,53994.1178543589,38418.23366879876,25413.63424680872,115893.1279754451,27363.74809608285,5510.255539662164,18748.37085736189,48504.1753722152,26035.64895578907,35669.60420387676,1804.632446800782,35373.56350397009,24125.45033220421,17110.84917172634,23698.14767962514,64143.57919212538
1926,20214.28516587046,15267.64167079061,69527.65257649671,47078.03286974841,79577.44453566367,48088.36278254847,15963.58024624769,22074.80466124423,24326.4718023641,127929.2966579854,96206.41930815538,52166.27634423017,43920.69349201732,30887.91123792099,123405.8077850569,53995.23031085867,37489.92750894692,26693.7936485629,114637.8340079621,28720.91915560032,5660.695603011849,18418.52036419767,50678.64757219205,30706.43287100672,40245.28642152215,1804.661737871816,36623.2829674523,25186.24755840934,17695.51733052212,23671.82842195508,64121.62676739303
1927,21508.26538639217,15880.60763261849,73403.78440094387,50352.27717191202,80974.82026784419,47507.46168884884,16586.48013967637,22660.60308906014,25693.18992696606,135358.9480887713,110791.2375940204,51255.39417523639,44484.44271419901,33369.55972842967,122552.5421841205,54752.32313461364,38922.81441597607,30331.93752830456,118270.3728014891,31443.56580157551,5615.38870235347,18204.48300244552,52495.87268570992,33875.61400457746,42441.48217088125,1995.608539333891,38359.90122302327,25835.25031353935,18520.93119861996,23749.6406147125,64324.36811782876
1928,23140.36115925798,16679.54608686137,74657.95688168862,49714.08526513111,79900.03766429044,48138.75806411803,16948.11428776582,21818.87231087858,28318.37211924468,138846.3595183126,125368.8984655768,50845.86831985307,47335.41202591618,35736.73970586013,127632.2474252817,54754.18381250573,40303.02079792316,35870.10532865447,134255.0678842067,32127.86849938989,5927.31413011207,19357.56876762095,57445.80700312915,37595.64610019998,46347.02238249535,2311.686851773266,41085.62288392416,25134.68127838426,18452.146711393,23413.2843369752,64833.33400106189
1929,24338.24760287958,17673.11669870717,79977.36252010621,49754.6260587313,80500.98007102954,50535.49246348758,18004.7811087468,22115.29598223466,32905.52750413966,141750.9963733998,131828.2219212655,51338.70032307768,53617.92714020647,37270.73921602043,131721.8383526011,60037.81385075412,43549.82670268774,39504.97097078183,166052.9604470526,39326.49786832969,7330.132641118424,21897.95125576144,64944.87936550551,39210.05449542693,48314.01717444414,2628.268498806737,43232.36631960089,26211.45248942261,17833.08630764783,23206.38512811276,64998.37922920254
1930,24776.6964178669,18163.99673151334,80798.86459980991,47686.70176139382,80377.50119592206,52925.83277836385,18731.47387476484,22418.54208982918,35039.80387879223,145352.0470339757,130156.8027022989,49610.93801605001,57616.6489959614,38549.46521837755,135738.652478222,62676.12827851432,46123.55742591758,40645.79176691808,174157.0990833006,42662.12918729139,8222.751752844486,23629.03606983681,69360.01455747538,40148.55017260116,49824.17081227541,2686.517822771517,44654.85573481766,26493.87191623622,17340.13080383156,23312.1977222157,65117.94027556502
1931,25219.85079944595,18551.27188875983,85044.30169886399,47691.83525820347,81113.00710890665,54126.215572748,19290.07078760775,23683.16234940859,35975.46941578996,146401.7837713355,123573.9815615411,51974.85317152015,60525.89973704803,36748.35262086894,139196.904641354,67608.48855299826,47873.36104153586,42061.02764455006,181420.3601439707,43634.16858762607,8640.110056146814,25329.56868223668,74708.36339779923,38698.12024912548,46844.17845981894,2763.416810383943,44792.92721830616,27069.40152897808,17042.06468449938,23310.25316084541,65380.27481399454
1932,25226.5039666873,18282.59408393922,81062.45603791083,48440.17575520183,79854.26166019261,54118.85060960031,17657.80553739097,21895.9374946471,36262.31930546626,138632.8445328306,132009.6938581635,47187.46010190507,58457.32756315237,34053.20997884788,137532.0396658849,69909.09122021821,47946.95246331712,41528.9250592235,169909.2157677814,42058.53077226999,8640.117912621412,26355.24401571009,71575.54143933408,36456.15497312661,42431.31579569822,2648.304942609941,45794.28159638622,26135.50416947519,17042.06468449938,23462.15485419921,65445.99184565145
1933,24561.80141200521,18044.40218040766,80267.43070533147,45889.99784335258,78351.94772740363,53526.16186696959,17638.33790066178,21248.72417808672,36546.81499421147,130748.7267270935,135283.0962428159,48410.17754349838,58101.28284181577,34392.02017774342,138364.4940029538,70919.49754391052,49583.35363808484,39888.06127627129,162790.3596849402,40967.2325513171,9079.219806051085,27302.26814255542,72121.15663130891,36284.68211679766,42924.20148783203,2471.339815467133,46145.99101263485,26088.18797738037,17340.13080383156,23568.14110225068,65504.41373963087
1934,24129.14266411102,18216.14512534282,83257.55881018876,45311.02341767997,77931.96190285964,53515.2923615179,18017.53369783581,21537.69346104484,36806.77861452203,138525.1815482087,133124.7616564987,50152.72033245137,59259.51121875357,35349.10656941989,141683.3850700293,69973.19754298464,49590.71421071183,39257.13755105678,175154.5703683868,42662.97172125242,9110.869118105547,27551.38680241951,72934.99168580168,37580.617007024,43422.50015029599,2419.486043358764,47266.49753768391,26059.72310598513,17431.84345613931,23672.01892800907,65427.7361757404
1935,24127.0583716712,18195.71747368508,87350.09247363334,46494.7072009949,78335.13169426327,53852.45758780499,18017.51888393228,21827.27003876518,36699.30606255066,144098.9368201985,131874.0731195802,52421.92697628681,59259.49545142691,36007.78569690782,143360.0378736671,69181.28380092824,49598.8938149207,38796.0877022318,176424.9614302555,42665.18244370612,8953.104124986434,27225.07563073267,73862.39556664738,38544.03888455979,44909.79133312898,2409.045310929485,47787.88699478113,26321.80902520977,17271.34631393281,23827.36238728218,65426.80577056298
1936,24571.35489377047,18273.39039779027,89111.39804370992,48281.81910588014,79780.00253717227,54419.03835701266,18372.97307109035,23409.0714379594,36694.7410809451,145729.0033039342,124992.1333670575,54473.94633723487,59477.72881110261,37345.65204552924,143362.4931348242,68008.8228867745,49529.38535786497,39382.97353631172,176566.0590844072,43454.70168755134,8536.502327615519,27040.77291538155,73847.39113468834,40781.45787378914,47342.66152979631,2418.163132697602,48794.00432989887,26940.97132731606,17099.38509185773,24213.12616742658,65450.84108057171
1937,25000.21386891077,18359.02785764047,89759.78029806548,53029.04010740162,82391.14415125936,54727.91486078033,18913.24452573343,25578.47951611934,36404.70359854105,147823.7682208738,114591.3486108378,55403.99782794832,60948.06270720132,39212.04406887911,142526.5424801941,66372.66566440734,48927.67819820381,42415.83759596921,176424.9506533863,44362.89225218026,8535.786994565631,26898.42007257996,73862.39652015181,42319.2439335566,47839.70308503191,2528.920748814218,47125.70286863114,28126.13188895931,17156.70549921608,24240.54287090347,65757.43578032433
1938,25219.85652433142,18215.99467793948,90182.01591356778,57371.84732776021,84503.04684280683,54418.32237815464,18824.48659254111,25866.67432563108,34836.2268549571,148408.4443282774,113702.9688419334,55144.68645725798,58841.0568552014,40161.69592364275,139198.7402926323,66374.0610559628,45339.66819401046,43237.51564868866,161579.6858832151,44345.68504175617,8327.692822240148,26137.63251198698,71270.07091435426,41665.21559497169,45895.42689525752,2671.807538281851,46219.91246319577,27251.57938325221,17397.45121118993,24366.67801821803,65740.46094419855
1939,25219.87512432659,17947.08182735301,88515.89182018876,56880.36559081841,85499.4286964708,53523.48044649026,17839.80330611102,25002.05835386748,34382.01712845729,142265.0441141046,118451.9658162116,55745.49511534246,58412.26855186793,39231.73465925257,138364.8092031377,65342.72005211787,42765.95927795811,43617.48442495772,161697.8375639441,42325.4561434427,7483.129080239836,25180.14004420768,68520.51174834547,42268.93533332626,44894.56745612271,2763.97828738386,46372.78041342137,27064.48907682289,17328.66672129116,24086.79052929128,65848.17182073773
1940,25196.91064926739,17940.27659702236,85522.5443159791,56229.65979881868,83998.11226254422,52279.83031858946,18375.36373104974,24089.20518301272,33439.78559214453,143897.1026799781,118451.9628450433,58285.09723115301,59498.46854155139,36318.63174518834,140029.7319503547,68383.70505794394,46158.16652606196,42699.18614172105,164068.6740139207,44403.33349837876,8639.328279086187,24497.27798775649,68533.13048952578,42269.38137454848,45881.32618621663,2971.408630381361,47218.5327430663,26371.89570087358,17328.66672129116,24212.22301513369,65847.44248875452
1941,24998.69352836843,17893.12796601704,83697.01152838444,55393.14789294873,83732.64996450902,53512.83067004532,18335.4257782718,22706.60279570572,32799.43555790422,139728.0369626042,115831.1253281159,56284.70056294252,60697.49383576444,34933.39045943732,139957.2386386802,69909.09038007795,50558.17494678349,40726.26525695503,164068.7916266351,45382.28454650879,9052.097143796887,25920.44652886449,69436.50027606006,39807.84151472463,44066.77314661772,2982.156732568437,46214.12034977299,26111.61777971564,16950.35203219163,23982.25858735279,65768.9459723539
1942,23891.26936300095,17367.39572614748,81546.40391486933,53121.32093205777,82453.90530965773,55330.54896176043,16847.56796859699,20493.58580214221,32078.38372606998,138804.4352442337,110929.2235310835,54635.75020830266,61156.93652911812,32075.92398467185,137539.0038413988,69135.62728691712,48461.81618459507,37413.07193471937,159106.4620350974,45382.28152962685,9368.876840250914,26061.53488062609,65854.20723808106,35424.74752711195,40479.2559147164,2777.410818503413,43924.038694396,26114.90743698529,16675.21407526842,23877.19709923616,65874.53712944202
1943,22152.06624333924,16586.3868994382,75396.49281119888,49365.77906696779,79940.7620114844,53338.70394791543,15367.39888064007,19272.33550673788,30159.73096502278,142170.9635076941,109169.806553751,53262.96621786302,58217.18871733988,29246.27811689973,131741.9800977742,65971.48508700068,46585.77068191026,33831.05699346257,154136.1800681341,42325.8396522377,9276.035718361893,24705.248551429,60503.48654179958,32544.91559816839,38597.29966556335,2455.765581375587,41483.82309441432,24709.69183168209,16241.63536164288,23777.06438006089,66101.6939327628
1944,21092.4520893445,15760.21171254646,70160.96144761381,48194.23216438609,77595.39014973593,50360.08753374756,14175.37186766502,17934.06311146966,26047.29904572368,125749.9390542693,98918.06131131218,49936.02685949974,50803.55912688214,27794.51699303461,127765.2095647798,60833.2748769449,42952.25101673538,30828.99418740744,137529.0062608317,37467.76428173225,8446.733710038496,23600.22314022139,56604.75774436718,27469.20206420167,35704.02347734452,2227.054487758568,37805.46529473883,24025.04615026227,16935.00830173958,23349.55265012874,65561.79098332819
1945,20433.90596722304,15285.03250553312,68029.37272749285,47970.40320407699,77438.81023942425,48778.89499382056,13659.33644573875,17238.46498537999,26058.5120280683,125545.7879418924,93036.79300173746,48358.57006144566,48276.63352368147,26941.33921759203,125711.0299443008,59912.76108028422,41600.89404686176,29185.58196868425,132971.8949439854,33238.14729249986,7676.464667716627,22187.17490486348,52870.59071166212,25776.43980943174,34462.29236992879,2121.336994471232,36646.84689252423,23697.06297374975,16653.12357730438,23309.34992553116,64952.32961477721
1946,19962.717373533,15054.22857183868,66750.7508237053,47519.05634541364,77470.4944972541,47974.70365066444,13562.71700564031,16681.89531024623,25176.75658562606,124086.0135413067,90250.31985870792,47780.32490753092,46167.47453304878,25949.96372334007,123551.4353025857,57770.91058048144,41411.25613391205,27667.84220550413,127529.6858752067,31161.24652175451,7122.408029860567,20996.2213246808,50152.01064896269,25446.14543204325,34212.37994568301,2063.960483208037,35274.41942677306,23697.80322214628,17039.41005080945,23175.02893160853,64380.85744404565
1947,19681.11167092878,14879.74111325897,65497.18468547898,47005.91269449401,77214.30050220441,47685.31700499349,13201.45880175693,16404.6888833663,24593.34582299172,122521.5085580608,87792.25587803988,46818.07994032176,43223.06257281594,25598.34699303814,120481.1780035403,55308.51941805024,41240.01865343595,26936.07175232407,123911.8026189862,29063.48532596572,6086.559553680884,20186.20920213626,48352.37850391243,24763.90378514076,33719.93939380996,1967.438179042367,34868.44448720815,23757.23579643557,17091.61092534439,23203.88471929504,63972.27843438268
1948,19681.1146608064,14798.33033309088,63302.02453566336,46441.43617107367,77007.13262310877,47685.31701890401,13298.21196438988,16130.99011073329,24101.80837563693,121585.5504570193,88258.02399326225,46664.16086174925,42349.78281987692,25598.53632952535,119124.2232611592,54956.47337253828,39410.50221839809,26538.39606356743,115117.7170742691,27309.72619968388,5820.906212385488,19402.95116074974,46991.83735858423,25107.6557057107,33714.89537619393,1910.279426800241,34860.29515561112,23632.49007801676,16861.92707787731,23167.43556265736,63821.14848312507
1949,19862.61387376217,14832.13046310879,64206.5784173998,46441.48077179978,77594.79723964076,47987.98630728409,14349.61590890142,17694.33965497465,24311.28442605763,122740.6912049225,92315.20266895946,48208.39562506519,41959.64205678535,28622.25275740769,121266.3903633443,54250.27351275698,38765.76407562664,26032.8239576153,113599.1644061659,26947.15704336681,5726.975842340097,18570.8079707122,46992.97723268366,26857.44711606286,35844.35588696734,1907.456097923511,35879.82595292802,23955.94195437257,17070.73057601704,23351.94054531179,63849.9580113738
1950,20640.77112802914,15209.50455533547,69983.93818734656,47597.8890254046,79789.1167591914,48853.54498027598,15754.11009528558,22205.40529272405,24711.23986589664,126930.9765219101,96443.35248577695,52069.66225190737,43502.93324166044,31712.23412156283,123720.2239057415,54251.3087679176,37890.62106387004,27393.45875458215,112440.9034445657,28346.03849284901,5862.211673024653,18219.89658787811,49230.16434446042,31725.10685972617,40463.06237854451,1907.484170667667,37176.45730024705,25091.16608395023,17603.17949967983,23330.45557680575,63822.67931621483
1951,21754.76877372256,15817.93843526464,73755.49132965488,50823.41652751312,81190.89357456523,48279.70178346717,16363.85623733992,22769.77082230685,26026.4867035964,133633.9788915146,109971.3407907269,51249.38301198211,44065.33999935591,34325.62782396925,122885.5897150739,54955.86148795815,39241.4479974371,31260.309361128,115792.6505134032,31152.36114454453,5821.48371658903,17992.19298231396,51099.800848989,35027.87052943894,42679.90854089858,2090.488769500485,38978.26461324635,25785.70371054417,18354.87209492944,23393.9753208554,64074.61137210735
1952,23159.8527307135,16610.96978416707,74975.82602800442,50194.72014539389,80112.72590603284,48903.32796363332,16717.8537720303,21958.83686646522,28552.8032239001,136780.3077999126,123492.6903145027,50880.591560334,46909.52025505011,36818.47613392929,127854.3774736966,54957.59304005968,40542.61136592714,37146.62618251118,130541.7441735262,31857.69474497033,6101.884385103223,19218.90304875168,56192.49840529222,38904.70379890382,46622.171807988,2393.420184558572,41806.30422762726,25035.98184712256,18292.23104694742,23119.40055417361,64707.06657212679
1953,24191.12249576793,17597.19424032816,80151.7132164252,50234.65774095699,80715.56100166407,51270.94225211131,17752.20700330716,22244.41513762833,32967.20404687741,139400.8597738335,129483.9649710497,51324.40292779388,53177.07472178091,38433.9122743336,131854.670477468,59874.55407618931,43603.47600409598,41009.99246971,159881.690489487,39277.56198667811,7362.92697184184,21921.48846340227,63907.85482123896,40587.16029826689,48607.66187970616,2696.833998613483,44033.63197172262,26188.30071693915,17728.46159807705,22950.50433977197,64912.15637522495
1954,24568.58649398576,18084.44485706615,80951.051033209,48197.50165919096,80591.69322556924,53632.24014365689,18463.55422813861,22536.56622916439,35021.10250772995,142649.7135505919,127933.6583985802,49768.4963569737,57166.27436114891,39780.523002825,135783.7757913596,62329.77693404409,46029.81179070474,42222.52933832136,167359.3870712551,42715.70837337326,8165.333487575554,23763.10270530629,68450.32887463542,41565.21402764186,50132.01520639313,2752.660511981787,45509.51869742035,26490.53505547263,17279.53407658995,23036.88140558223,65060.72626562975
1955,24950.10155111605,18468.85662084664,85081.9455323128,48202.5587757692,81329.51563986238,54818.03839329806,19010.35527299772,23754.91719876267,35921.53041347636,143596.7819162526,121827.8348181759,51897.27941254623,60068.5972597699,37883.7933339551,139166.5155761726,66919.84533592466,47679.40593580795,43726.73200119547,174061.2050982736,43717.62178418339,8540.511452696392,25572.21399341531,73952.93180282452,40053.64777288435,47124.00254981848,2826.360978661024,45652.77309882273,27106.44456912057,17008.08952803502,23035.29401887391,65386.71047879651
1956,24955.82931459013,18202.1653371245,81207.5307304124,48939.76487013865,80066.80572882706,54810.76291380097,17412.55850078971,22033.08242805211,36197.57739309857,136587.6754177658,129652.2872766083,47586.07508553007,58004.951007847,35045.57154924892,137538.0036218099,69060.79267562274,47748.78285183245,43161.17954565028,163439.8610150088,42093.55936732944,8540.518515155987,26663.3784969311,70729.75474448183,37717.18256302623,42669.64657321375,2716.037050626742,46691.71624913259,26107.02376477963,17008.08952803502,23159.29459437011,65468.37229498193
1957,24383.5817104469,17965.73455130847,80433.95531370635,46427.53052510099,78559.76020635296,54225.27528695271,17393.50196134292,21409.54902678385,36471.35883217206,129474.655267841,132688.4957715671,48687.17220629327,57649.75414115046,35402.36842982696,138352.2809712364,70001.0796541374,49291.46899834779,41417.16520094595,156871.2856011254,40968.7219148666,8935.242553360426,27670.86992961208,71291.10626485935,37538.48204186449,43167.16677623069,2546.432575180207,47056.62810941887,26056.38780754028,17279.53407658995,23245.81341758334,65540.96896965
1958,24011.10242606614,18136.20768170184,83343.40926433093,45857.17053950356,78138.45162193038,54214.53784503048,17764.69029649803,21687.94564696236,36721.53209275573,136490.5422954703,130686.5561882563,50256.38908539718,58805.22441146606,36410.26441438422,141598.7026676489,69120.45020064441,49298.40803847872,40746.57935547819,168279.7547936851,42716.57680121102,8963.693226080044,27935.89476733201,72128.41349511167,38889.0412220935,43670.15084671335,2496.735598378292,48219.19613184992,26025.92580400658,17363.05547633249,23330.61109093998,65445.68729045524
1959,24009.30804247818,18115.93106582107,87325.52568798178,47023.24253796718,78542.89121053474,54547.60654365023,17764.67579541909,21966.92734250776,36618.10701074691,141519.1624324707,129526.4937473711,52299.88402294238,58805.20868168642,37103.91135522502,143238.7450580361,68383.49303568776,49306.11920508727,40256.54626538962,169451.945858921,42718.85546653379,8821.872760026312,27588.74869096146,73082.56504032877,39893.071803377,45171.42674706446,2486.729135661396,48760.1574707652,26306.40000979869,17216.89302617477,23457.42125298719,65444.53114303558
1960,24391.80637727402,18193.02970020174,89039.3109404571,48783.76437647015,79992.31272413077,55107.3034066426,18112.62387115835,23490.85458771984,36613.7139486277,142989.8020183092,123143.2259779177,54147.79469570261,59022.92235898643,38512.80205973893,143241.1467075418,67292.39759759966,49240.59142655777,40880.32584049704,169582.1368012906,43532.63926812544,8447.374844526397,27392.67828317301,73067.1278589298,42224.79909825273,47627.1727617635,2495.467712595533,49804.04236966865,26969.0035386469,17060.29040256996,23772.32841226477,65474.39808952427
1961,24761.01440770911,18278.0339829984,89670.19973361112,53460.35246394921,82611.67821903125,55412.42708821857,18641.48643576307,25580.88945428101,36334.59942261127,144879.6907072761,113496.0921030445,54985.33653795505,60489.75492690458,40478.27669432121,142423.4493841062,65769.78506547232,48673.34342296233,44103.84657423183,169451.9359150935,44468.74155570721,8446.73180664763,27241.23623911642,73082.56602133377,43827.40359320897,48128.88790467649,2601.618498834946,48073.11632212966,28237.31649588782,17112.49127710489,23794.7092490697,65855.38121343261
1962,24950.10647971453,18136.05834666034,90081.04336188968,57738.54395881286,84730.23242114061,55106.59612686436,18554.60280018747,25858.53993705803,34825.19229624762,145407.1831973194,112672.0851878717,54751.81815182957,58387.76651957197,41478.34345889724,139168.3111452397,65771.08362079479,45290.81509654914,44977.17824597684,155754.1957097577,44451.00551035702,8259.668682447547,26431.87254112812,70415.47400935912,43145.80763999587,46166.33005384938,2738.562084089122,47133.32441834045,27301.40425692678,17331.73495112489,23897.67604629214,65834.28780868604
1963,24950.12249259518,17869.13375502847,88459.87157401966,57254.37487642568,85729.75241391006,54222.62644549489,17590.71303012946,25025.55809958637,34388.08833481051,139864.631628561,117076.9652672169,55292.86603504642,57959.99929626255,40499.01261444669,138352.5892888928,64811.3147698043,42864.4998682431,45381.0332175094,155863.2143801891,42368.68824479193,7500.460818050536,25413.24436598577,67586.6135947133,43774.97446085205,45156.05972282385,2826.899101700199,47291.93071523739,27101.1874529779,17269.0939007097,23669.19795013113,65968.13234760315
1964,24930.35219723452,17862.37884047897,85547.28508397346,56613.35080058334,84223.70753195553,52994.08655661112,18114.9640476499,24146.10394140158,33481.34170856137,141337.0684630878,117076.9625113423,57579.86095511521,59043.61270160376,37431.25953048081,139981.1577535333,67641.26400486815,46062.43886294066,44405.00742224152,158050.7874726122,44510.42569618777,8539.808685974222,24686.78170038372,67599.59627857363,43775.43930293014,46152.09675850998,3025.701628976629,48169.43083804903,26360.00083131223,17269.0939007097,23771.59114988403,65967.22605934195
1965,24759.7055347001,17815.57881195802,83771.00547500489,55789.28518139861,83957.40915123236,54212.1060628915,18075.8694629746,22814.08751482256,32865.10757630321,137575.7537307707,114646.0334052505,55778.43820867856,60239.78273888297,35972.47885854403,139910.2473635539,69060.79189378583,50210.46328376245,42308.06167954976,158050.8959939776,45519.46317276576,8910.86104434845,26200.81927533308,68529.02055156484,41210.14433305374,44320.48182008899,3036.002676775802,47127.31488095978,26081.46147506616,16924.56812829248,23583.86630785695,65869.68409903294
1966,23806.3154492582,17293.73367466229,81678.42161305583,53551.26026140618,82674.63704586837,56007.73923819231,16619.43068533895,20682.03927392028,32171.21091643872,136742.4838843341,110099.328133884,54293.50438340366,60698.13135445353,32963.31582898904,137544.815731647,68341.00495480158,48234.16085229225,38786.58918390999,153472.1496657404,45519.460063165,9195.625384645115,26350.91609084331,64843.40902005875,36642.30078827251,40699.23184260388,2839.772922837919,44751.26829686628,26084.98193893832,16674.0039290649,23498.10238580108,66000.89461544759
1967,22309.02194356258,16518.49938713897,75694.43613514361,49851.59632271868,80153.57851596666,54040.09496502892,15170.51826700161,19505.47147006194,30324.81557625378,139779.7524745956,108467.4002053782,53057.26741819496,57765.38400827315,29983.45034072222,131874.3724192349,65396.4452870848,46465.55456439031,34979.39598152393,148886.0656729827,42369.08354009038,9112.167255468685,24908.03114399386,59338.36582816825,33641.08253380276,38799.57991500555,2531.506132630618,42219.45205041302,24581.17459198096,16279.15000052448,23416.36192241588,66283.16599396786
1968,20906.65803104866,15872.12278340116,70810.15323504483,49585.05890439427,77775.60177792216,50229.86562026459,14145.43880135952,17704.87682964613,26849.54262318229,141612.1513018093,128437.8549170267,52263.40851037637,48441.94132466113,27686.63245528952,129053.5240758398,55066.41343530095,41849.43142686141,32973.416742193,157390.4205567421,35531.81269649043,7698.521056544503,22546.22725177166,56225.97069737458,28122.16712076414,37481.08962688498,2344.925882369314,38003.80210254556,25625.03924606715,17586.02026842374,23257.3708063016,65837.71789635436
1969,19954.276121018,15209.16619441325,69220.2716365082,48672.84284634537,77036.7852690342,48177.38315358516,13655.20687533753,16874.71960174102,26336.3938440629,140998.122770866,121437.0495946205,51937.71394711301,45139.07579931431,26163.76742618587,126036.8859607375,54755.94124667786,39618.76777146403,29641.7068540318,149200.9527210126,33276.83837251876,7030.485676652128,21110.18876464319,53278.31764584238,26470.40422167779,35745.54449600272,2171.3406898183,36854.91566705827,24342.51020571749,17435.74029286647,23417.50919115528,65233.13250699417
1970,19575.97780913221,15016.83846515365,66137.77694738311,47315.40222530069,76892.38158617965,47723.14243028237,13052.3315436735,16565.04608187977,25130.18392811177,137603.95060223,116207.1571830399,51300.84699236288,43715.37176148805,25939.04467615588,124013.7284612788,55047.48252986968,38546.59553445837,29166.85746354438,140443.1429330156,30422.63244607764,6518.424600185945,20132.56633139619,51321.24396155059,25945.81589588647,34890.61629576612,2083.737360075128,35829.63357942804,24255.97990640376,17199.53893769365,23361.41018564325,64380.62609813522
1971,19440.24352468866,14854.45098697801,64136.05650466335,47341.1020352365,76856.37739528698,47873.37175828224,13191.6183264006,16265.55011951248,24335.075814567,135466.3979541228,112039.5853460127,50776.03767117002,41926.14634722515,25724.99760575885,122296.9647943975,54556.27209449418,37513.33140108872,28033.68613560866,131278.9145910273,28757.37654232993,6099.8419437262,19435.91782106658,49322.69662099465,25154.09859213416,34199.77003270929,1998.615979126878,35840.10251415781,24177.37718370795,17245.50391042635,23417.49474889226,64135.9070718325
1972,19054.70267419952,14665.36078294327,63115.65504954441,47088.61896115117,77642.81704122246,47865.52436298435,13321.49008866266,16548.99587731064,24320.22058156143,134581.9910140066,108554.027082545,50773.60088931322,41436.8263339492,26812.44733161177,119896.8693452343,54399.56297775575,37408.51424304827,27629.04817018574,126725.6408699428,27927.95466754452,5802.520481653925,18941.68844885184,48341.99949630963,25161.77924432532,33715.61512128744,1916.823051624527,35329.30145037326,23876.12280991355,17217.12915844012,23470.89902133808,64133.1727366211
1973,19421.20388293907,14757.93564133968,63043.81490445317,47088.73893154827,78657.52981468757,48663.65383852756,13736.49179523998,17684.00192773675,25362.07377516145,134505.2454888714,106203.1890300882,50774.42210877302,41278.39849388044,29139.4348131961,122691.9500166712,54229.73813365189,37920.98223714215,26344.24002253539,121115.7927331388,27235.17673262305,5636.438566263711,18432.88269431638,48316.52849424029,25946.85696930697,34724.27032177443,1902.446589238865,35853.83801016054,24643.37366377823,17619.9804189042,23551.03173793153,63962.51242578373
1974,20201.89581389188,15039.32117130182,65391.32017820774,47176.89679337305,80194.26842407996,50571.74191574582,15448.72315090959,21211.76591488711,27021.60201625073,135686.6634009484,108551.8433817339,52239.31083164277,42904.69395266702,31177.20577230901,128095.7402943184,55395.19875146332,37877.5380781217,27609.09875147797,117643.465507777,28876.49151628992,5847.269261289433,19833.41435595101,51712.84366987422,30893.65757848819,37449.61004988419,1917.511267145305,37961.21077989871,25863.24453946411,17876.85935447179,23577.68684997584,64103.43017377461
1975,21132.85181968901,15898.13792544698,77433.74055525179,48155.35071709823,81434.92743521511,49747.92469356419,16344.86353923631,22253.8686844135,27712.97295160931,132470.491959931,101765.3915235198,54940.41234674437,47076.2382133736,32596.6069452754,130850.1431038943,56582.9129153621,40713.09749598838,35670.61711304578,113587.0700407308,32371.90442086317,6156.638222184499,21514.20059046467,52292.36750372576,35225.07009821446,41855.16001354207,2101.728199387776,41385.75662728175,26803.38348428193,18100.00431611741,23428.22002978457,64039.83203293593
1976,22249.38697597032,16280.64753891268,75352.80660423245,49585.93193024593,81141.67817938903,47961.16771603218,16715.74755444157,21589.08061430283,28930.03213368341,120290.7905643779,96862.08400367775,52935.02855083334,51533.42802053031,34885.8616514571,131053.7052377822,62644.45484469053,42616.04054606448,34587.41385372936,109726.5192514516,33952.52169639732,6459.04170622573,22948.2460337343,56872.07363941379,40258.2431706271,46261.52230559088,2344.28875526205,42357.4310390543,26592.22522496674,17431.56741769367,23206.94313949705,64452.72460439258
1977,23084.29082937939,16897.18328279129,75950.91415242298,52081.48245569188,81842.53110792369,49342.65091602598,16755.50866762411,21657.11870216949,31160.81945017681,119673.0952313117,100418.0299161821,50755.86424513981,54961.78793856812,36864.04342918895,131053.7052232879,64092.49016785408,43593.07764518929,35032.64575744065,113767.822052151,36789.99005479312,7235.734762413864,24483.51062688655,63020.71735181355,41807.26886650861,48895.28303315605,2603.323646881165,43018.06613261086,27127.49222164052,16893.65685704372,22972.93197759741,64554.28857405041
1978,23592.37387454162,17328.76465813634,76624.72422740671,50590.52995400501,82331.08324143506,50733.01044908015,16868.95571675065,22560.82740946737,33533.84771099245,121836.7014734505,106680.5530987939,50085.31861157269,56919.99843414024,38168.37093089383,129938.7687061188,63360.5648881129,44545.72452620457,35029.81993674126,124215.1305201508,38709.29770954676,7954.219393935718,26291.90398661092,67836.39817436702,40217.44257904994,49947.24242163187,2756.178783410993,43224.40837163838,26565.9493267174,16464.86997163741,22856.71007500128,65040.680461525
1979,23839.77060247002,17461.71519374763,80031.07708811999,49585.05865072385,83802.90573727392,50367.93720526558,17277.08370306769,23603.82284810401,34136.53079742101,122212.9668351569,105980.9515396543,50174.35171534132,58854.76370671809,36518.72594937238,128261.4852017402,63990.17152304791,45186.62462451803,38213.68865026366,133541.236298453,40602.3983996944,7903.860380849327,27328.75708966828,74537.5275326265,38596.89163456434,48337.62587823535,2799.663331280011,43525.33057859107,26803.49281116192,16477.44469876399,22883.15111382284,64901.22200279478
1980,23599.10387496659,17108.01293960573,73762.49218962557,49585.43646542371,82603.02780289121,49420.04782248836,16535.33631603531,22261.14274728891,33734.50894432323,120070.5894474142,101770.7754129679,47127.41791847997,54934.48817778488,35114.20407188551,120400.4460889842,66921.94199324705,44427.99330054614,36048.63576274194,138084.362042476,40632.47737729506,7679.002034909712,27356.17006822944,70106.04567645436,36785.4992015114,43910.37026607802,2754.204791796221,43084.74983028843,26464.80427256875,16935.08266374227,22990.47350897462,64931.87760806977
1981,23350.92047550436,16622.9970721005,64508.41732911424,47529.77725194545,81796.05454415128,48978.38867583912,16644.08713510223,21359.21517507533,33699.1616770779,122324.4504856676,98207.6743944216,46384.15749484351,52351.36887674617,34195.34276310854,121526.46538256,65635.62532004707,45197.36185985869,32973.369337035,140209.1807819231,39017.2826636638,7735.379830342143,26121.0212420642,67966.43282394079,36368.84794964968,43385.90023979072,2546.643384525116,42834.93144201767,26299.88351517613,17169.95225977566,22883.77042319323,64315.89439417427
1982,22984.19471070469,16489.30871524258,67127.05688108283,46656.47700487015,82073.38095366234,48539.52191587849,16026.39089716776,21491.96042812913,33260.2863036663,122520.3992447303,94051.16833370941,46800.43226978912,52922.27943485726,31520.61722377225,126033.129418629,63531.12334022838,45229.65017223279,32355.85678185436,144897.7393402845,39334.17319294635,7904.245928367191,25899.40860512233,69053.34717288142,36541.698117747,43356.88893368054,2522.056954904433,43332.01057980177,26160.99272438471,17256.95646834502,22883.71458847748,64009.36488111459
1983,22742.88416308349,16457.89148768912,70293.60414905688,46183.46511045943,82461.11766867996,48679.09086928594,16534.35518749855,21957.86696178687,32656.65268288876,123339.6400348363,93278.80148631686,48077.6115492324,52876.46031039029,31165.31361014957,131096.4037412066,63397.59287550805,46257.81166664731,31738.1712554333,142626.4761237343,40601.73979742647,7955.674808362052,25051.86062338709,70023.87141266135,37046.51229204256,44960.40803534502,2470.534926667792,44353.94711182076,25758.94279532336,17198.97878563606,23044.01985408024,64206.58230131793
1984,23351.51425845283,16862.59694628608,73838.16499520995,47089.65896005792,82773.61004053036,50053.23306576145,17411.06386478753,23235.27024049536,32742.38538910704,125415.1143663003,98257.98617162483,50084.64969511845,54303.94649795387,34119.2496732012,132167.070334975,61868.18306052697,46691.17314736165,33383.46697847358,144898.3580324813,40927.21050144341,8004.613476659092,26184.43663473717,71010.87675808258,39667.56423311967,48109.08628629439,2522.641476427708,45298.83908274837,27454.7176829814,17179.40831844027,23334.71142803893,63473.86000837185
1985,24061.38417067518,17365.47268882636,79835.40882923148,50035.18141892231,84606.55461077968,52294.26456334495,18251.45551833471,25862.08853035204,34121.57668215207,128566.1196573077,103173.3398604362,51621.65501884886,57875.70602248891,39047.00196266893,137173.643081605,63175.84186381204,48386.91547600938,37930.78943190721,145938.4918269245,44076.11085965145,8370.660309838038,27573.70486826948,72980.89452618915,42071.18564520786,50467.42713877623,2605.073877439055,46525.54588545296,27896.90095278926,17430.19692183565,23711.31141533356,63443.26201038549
1986,24585.36258231818,17995.63802512199,89629.23254252198,54684.98993690772,85762.98600669608,53961.59415847882,19042.97718989413,25251.81715402209,35255.18409521569,130468.4180007883,106678.9554959131,52718.5203986552,60496.00989727835,41404.57327550842,143322.6092200891,68948.57710521437,47947.9024181173,40461.74629023247,152848.8923747008,45035.60610144285,8521.132429682588,28352.5757355628,71131.67361078312,43929.01010877066,49193.99947023696,2686.582749280681,47404.08431180567,28203.82683422132,16954.58202054544,23659.26679896158,63782.6678598355
1987,24817.47479227981,18286.61242598999,89239.85590222092,58222.2602233604,85447.17232626595,54745.91965875858,18685.77867881302,25225.40741438147,35168.39241799983,130120.7150977241,105328.366038739,56118.09572004601,59332.96458151798,42106.16679473218,137290.9471343232,67686.46411265685,49705.11586435486,45322.48486941023,157393.1057984914,45990.69480785098,8938.645080587334,29044.98831713759,68080.19448208866,42633.54651373064,48621.5301429065,2712.86742139492,49703.36468066535,28176.9290901808,17512.24124464345,23812.71828131424,64672.09879135732
1988,24817.47479369619,18019.16536071615,86259.4526713254,56166.434692332,85540.57422583924,53690.76775005748,18267.77408334704,24352.10823138481,34482.0967175855,129773.7841530016,105177.488510517,57146.26862139199,57402.90224275179,42542.65152168641,133739.5030159889,66120.79765829939,48675.88812828156,46143.99490984837,156256.063005914,45989.32986407378,8930.178225664336,29142.10354579729,69039.81393382036,40749.68334627685,46797.66031285081,2934.241346266852,48633.87290154152,27750.19030128252,17182.0038807065,23607.6119911632,66087.56039673227
1989,24571.99328922756,18015.33829440641,86296.82561808468,55712.6844410823,84349.17079671488,52859.95714609353,17390.9300326483,23007.26043359705,33697.74703140468,130414.8312259035,102718.6144415684,55480.53759612639,56741.39006785517,41269.82706631139,132726.1333670271,64111.45833961643,47576.35327243099,44525.64724928184,158526.0965774788,45258.0697840223,8727.129140160854,28092.1785326519,70413.32049826057,38632.9887524126,44956.57988348072,2961.549059736947,46711.76019014087,26992.6997309896,17006.44690433725,23497.74939662506,66243.68649102845
1990,23698.5229152255,17645.17651929113,84135.41394064538,54495.7626333263,83344.42466603452,55631.53882242968,16337.74440711524,20911.03317985619,32155.57475263055,130426.7965801996,97559.43955897892,53655.47143413218,54934.03562737257,37275.95355972986,129890.9284324425,61173.51118363164,44650.06234421187,41048.11683620284,161973.4798017161,43742.55845147643,8521.530789415627,26795.64373796412,64452.58741355238,34441.58607318483,41814.05919726088,2888.058860683983,43731.63369788251,27269.63938060531,16880.00966854522,23521.8643327489,65791.20541976336
1991,22257.76687234073,16795.23157748455,79507.93715508339,51665.69596323535,81359.88948762396,53345.93885030131,14911.71399065657,19570.46510844867,30182.60920920206,123986.7341147483,87814.42815599174,51656.79655839582,51843.1312132993,31524.02444874608,125910.4427973697,58238.35803780369,43004.60310069791,36694.27822771328,165107.164067542,39423.60725038807,8110.019402645208,24315.20047993324,59188.2760789202,31559.21977175554,39448.94002618545,2582.140935692,41886.37043444963,27316.03746368509,17464.61736724805,23499.88272663491,65948.90930734911
1992,20467.02443735137,15677.88850138734,70292.1523636024,49389.82382237344,77577.58698220117,50773.23477335646,14071.55464077499,17680.45999479575,26236.04467593051,142123.7945709934,128192.2931710365,52014.89064439679,48418.25712401355,27342.16414861578,128742.7473106725,55110.17883170265,42002.33788108914,33190.55866879858,155787.8039076794,35462.12161042594,7563.723948263109,23187.58344404176,56904.1399764981,28024.08604044218,37397.66196123652,2282.323750157414,37936.4811965206,26064.57957884185,17657.68122818535,23258.57248682544,65369.49656099509
1993,19519.89343969625,15026.43796129121,68655.14392184366,48526.2669294565,76813.79143279529,48944.88710104125,13560.21860580392,16848.475936453,25696.9830184761,141426.2689944671,121155.0528340123,51650.86823210996,45063.25900560394,25861.12254871293,125816.3818795823,54810.75946512041,39906.27731698089,30038.85222982306,146472.012898776,33127.66730000416,6887.596924499793,21771.77225484112,53720.61501505668,26453.25334882049,35698.19785351726,2098.647696557281,36825.97523605765,24772.96210982766,17443.33846699494,23500.41106924249,64759.53374746153
1994,19143.68085756508,14837.44820663334,65481.27875325562,47241.23451341273,76664.50552898114,48540.25028557312,12931.38995285096,16538.12095410153,24429.86216973031,137570.5493015729,115897.9419528855,50939.054553518,43617.08315272001,25642.57150520067,123853.7672263936,55091.92186724424,38898.80228214915,29589.65769254941,136509.7140880085,30172.86056141723,6369.333458166773,20807.92010727618,51606.93582133874,25954.36788998619,34861.04313761507,2005.951806700612,35834.94441325367,24685.81862794424,17106.44693852004,23415.69119411429,63899.44480575999
1995,19008.69493764469,14677.87907025314,63420.22385093517,47265.56345151997,76627.28405323855,48674.0742994788,13076.67292489543,16237.9659258108,23594.60285511506,135142.3272107597,111708.6803910608,50352.48548961644,41799.61651588736,25434.40294821311,122188.3775918324,54618.19854255272,37927.8875514486,28517.70860616351,126085.1007060052,28448.91019039376,5945.680678344449,20121.08422877766,49448.4642393543,25201.44177453426,34184.55918618927,1915.882146381093,35845.06361569006,24606.65890013153,17172.00629955292,23500.38925875393,63652.54915059574
1996,18625.27974830243,14492.07065143439,62369.57593001438,47026.54825654785,77440.31285567563,48667.08385392824,13212.13556705473,16522.03542971433,23578.99746570034,134137.6565322807,108204.9818765174,50349.7619464266,41302.57305128286,26491.98733751322,119860.1048306464,54467.06827649047,37829.39528844921,28134.93215686668,120905.600982361,27590.25408501486,5644.757880985618,19633.81631675076,48389.29149362501,25208.74610347968,33710.46958754015,1829.334429290425,35351.32671670493,24303.26973733822,17131.53568684308,23581.03958849912,63649.79049511381
1997,18989.76027005457,14583.03881210043,62295.60631864216,47026.66182751874,78489.33259328883,49378.05614845727,13645.00277925245,17659.53915591815,24673.46194114939,134050.4749699133,105841.9091146436,50350.67980727695,41141.64457833864,28755.06725386542,122571.5429090333,54303.28920346939,38310.93985039553,26919.53878597728,114524.2128528237,26873.05814218303,5476.664282152899,19132.17733781127,48361.78229581139,25955.35795470083,34698.15540439969,1814.122233843784,35858.34025445063,25075.957586728,17706.11823649222,23702.05481294946,63477.61226323982
1998,19766.14789316767,14859.54071058662,64712.69571306398,47110.1171981756,80078.02761611757,51077.77755957293,15430.94438339422,21195.06628288337,26416.7926877786,135392.5448717367,108202.7868108466,51987.9571424825,42793.6095652069,30736.87358853227,127813.6251416358,55427.25937776865,38270.11720631682,28116.06055234361,110574.3255836084,28572.22355207627,5690.048684590784,20512.98183236007,52029.87143300896,30659.78382607388,37366.83682722703,1830.062652182166,37895.31270831983,26304.47287441925,18072.50198214449,23742.3089626142,63619.78339002192
1999,20691.97111729345,15703.45213348322,77112.07427972801,48036.37871569554,81360.63272798985,50343.92266675823,16365.66292908895,22239.46228674483,27143.07632616083,131739.0308645679,101381.0155199001,55006.92521952639,47030.99768716601,32117.29282722964,130485.6026403248,56572.69087104534,40934.57280839526,35742.03645689476,105960.0413372503,32190.8375802011,6003.164907280098,22170.09337833078,52655.76890417084,34778.97332394261,41680.79784430203,2024.98849017193,41205.45586775623,27251.2739574545,18390.7713127555,23516.58641678937,63555.61958189131
2000,21802.35031008144,16079.32304030174,74969.45784357557,49390.65027953259,81057.46885201786,48752.28277998798,16752.51321709059,21573.21129486434,28421.59430497183,117903.1049918745,96452.18921001379,52765.54716385977,51558.53999903025,34343.67624784316,130683.0731916337,62418.44167095063,42722.68814051049,34717.35579690155,101568.5369008721,33827.16610632766,6309.231283095995,23583.93959666113,57601.94423218318,39565.5397307248,45995.55430191008,2281.649585552797,42144.66986887297,27038.61936026604,17437.38673867368,23182.41738219045,63972.18458495782
2001,22632.65096079411,16685.15839967488,75585.29433502798,51753.08387062787,81782.01729017957,49982.90551808992,16793.9860157428,21641.399106236,30765.03144677103,117201.4139928379,100026.6416993098,50329.93804782304,55041.01331984163,36267.5299374345,130683.0731775731,63814.92688005497,43640.76869837102,35138.53300166077,106165.652739188,36764.64533592528,7095.332109885606,25097.57924410194,64242.60390115578,41038.66895804831,48574.56060095238,2555.742703393798,42783.23534098973,27577.67943745706,16670.17051831138,22829.01724195997,64074.65190516822
2002,23137.932714246,17109.24939557735,76279.07730723527,50341.66132606402,82287.087142761,51221.43527764177,16912.31687344572,22547.09650015581,33257.89238596456,119659.2325067515,106321.7575785038,49580.48237182472,57030.13230687772,37536.03584767877,129601.5010574804,63109.0581688588,44535.93079687268,35135.85985255937,118049.8122774693,38751.6018968202,7822.519456772554,26880.50050709228,69443.636667534,39526.73821561486,49604.65033568842,2717.483620563661,42982.68437203179,27012.1572622354,16058.59625740665,22653.50067111815,64565.36995655528
2003,23383.96543207856,17239.89248694817,79786.40036432914,49389.82358223424,83808.6712686073,50896.22869176878,17338.01445699052,23592.3871375206,33891.00963521039,120086.6633183914,105618.5150106716,49679.99292208542,58995.43601035845,35931.69613535222,127974.4101443281,63716.25078300016,45138.15759083944,38147.71258347017,128658.5666068461,40711.42778893677,7771.550465215179,27902.74903178292,76680.99201733591,37985.58820949449,48028.49682978512,2763.496013831715,43273.55376880984,27251.38405906123,16076.53145950875,22693.43153061873,64424.67109853595
2004,23144.6256091336,16892.3289687309,73332.0037563289,49390.1812436516,82568.2260226135,50051.85054250412,16564.33541304702,22246.75235680418,33468.68656774506,117652.9604084856,101386.4274292805,46274.49490057022,55013.28265828182,34565.74755239995,120348.6120756596,66543.65010995725,44425.30372915242,36099.63176149606,133826.5226703449,40742.56694567415,7543.968500569864,27929.77588525803,71894.9019115261,36262.94723434622,43693.2814126353,2715.394876792883,42847.69135809407,26910.29546048843,16729.25571418913,22855.50819905036,64455.59936702075
2005,22897.8105570433,16415.73087152541,63803.62209490951,47444.17440938899,81733.96937552953,49658.42137278298,16677.76787158304,21342.84001750546,33431.55434168685,120213.3067782258,97804.7825958845,45443.76733281924,52389.39127423814,33672.12152722233,121440.9353208524,65303.12636056145,45148.24691807193,33190.51382481553,136243.5743891549,39070.4422472581,7601.029177563056,26712.02472880423,69584.07672120818,35866.71033630746,43179.71482805637,2495.767501859712,42606.21857136881,26744.20601958712,17064.24776849838,22694.36680232356,63834.1373521435
2006,22533.10671731016,16284.36276428234,66499.88265698012,46617.45749151217,82020.67206120191,49267.47965607797,16033.48028369597,21475.87738759514,32970.51673264647,120435.9011109757,93626.64440113805,45909.02946747543,52969.31311287916,31070.853708753,125812.7377517328,63273.54473341758,45178.58688352809,32606.36383527813,141576.9650976624,39398.50206335063,7771.940682715062,26493.53361323675,70757.96621916068,36031.09149231343,43151.30665095106,2469.751812972446,43086.69194826692,26604.33100231462,17188.34096342199,22694.2824815749,63524.88144304054
2007,22293.12662391909,16253.49080343604,69760.29186837838,46169.67686076591,82421.5179731557,49391.80742756087,16563.31204767819,21942.80918756169,32336.40094916942,121366.5441929099,92850.25784514363,47336.5076469308,52922.77077708185,30725.30802852902,130724.4939453378,63144.76795845641,46144.70687959398,32022.05021967768,138993.327933929,40710.74597323411,7823.992500048467,25657.92375550609,71806.15204327498,36511.17165915584,44721.48947756285,2415.234704220788,44074.48897934648,26199.4320133218,17105.64799948466,22936.37308479147,63723.85299382902
2008,22898.40106619773,16651.17233185307,73409.9196348869,47027.53278013376,82744.57556590205,50615.89081299456,17477.76236205765,23223.02349906279,32426.46296742343,123724.2464113975,97855.35621586915,49579.73473705053,54372.78847734187,33598.11823115593,131763.1209163826,61669.8051926212,46551.9183870442,33578.45497831256,141577.6688805358,41047.68838531891,7873.523942751308,26774.54688494333,72872.13779508906,39003.80185308977,47804.7084495319,2470.37031392325,44987.81525189812,27907.22372758777,17077.73484631185,23375.37113158073,62984.61357585846
2009,23604.3571444131,17145.32033418191,79584.9321594769,49815.93603191857,84639.49113454753,52612.19762131569,18354.3322326383,25855.62232234711,33875.30037019672,127303.7328220215,102796.2913878467,51297.61537968677,58000.92483114288,38390.53646602335,136619.8723247234,62930.91129143754,48145.33593942485,37880.09765960077,142760.8555349916,44307.57650739751,8244.004553995488,28144.2466022324,74999.7968613386,41289.65480116031,50114.02070033084,2557.594678421384,46173.54185991229,28352.54045556923,17435.43201473048,23944.10677324988,62953.74342704452
2010,24125.44662599845,17764.54873540554,89669.06176416598,54217.71580878231,85835.02093493548,54097.4518116607,19179.92830593586,25244.00799279332,35066.15245024537,129464.7101738765,106320.1516610532,52523.56025733626,60662.58771209137,40683.36027005282,142584.8310827927,68498.13693278629,47732.81388324234,40274.31363125476,150621.6651238677,45300.8906126704,8396.299282107417,28912.14669595574,73002.6008411508,43056.45281089479,48867.06688855703,2643.8418271168,47022.73123914509,28661.64131619543,16757.06744335086,23865.50977567594,63296.16808781806
2011,24356.2790963273,18050.4730836181,89268.14332609909,57566.30204668498,85508.52974172018,54796.12754996993,18807.35267252923,25217.54013631093,34974.97798530071,129069.7258112654,104962.5331915943,56323.19878014045,59481.18483145437,41365.68547178407,136733.6660618914,67280.95521205684,49383.99325242575,44872.43939622824,155790.8584591406,46289.64286754427,8818.869095827808,29594.80631080848,69706.941614748,41824.4620893328,48306.49888185034,2671.65448079518,49245.20029746513,28634.55296576689,17552.45097634134,24097.24989841956,64193.50997364985
2012,24356.27909773589,17787.66773857168,86199.39578331867,55620.13776653483,85605.08951582098,53856.20013644433,18371.35329937609,24342.31918539487,34254.02587000165,128675.618379709,104810.8704358601,57472.36742466975,57520.65829312549,41790.18273581412,133288.4986597055,65771.02654462312,48416.87135403923,45649.5654279191,154497.4346083726,46288.2298142557,8810.299685296513,29690.5536244151,70743.3500470378,40032.90117486062,46520.54629659199,2905.897323130364,48211.43668193476,28204.79016343948,17081.43686969137,23787.50146115219,65621.56126046134
2013,24112.15104386958,17783.90709352208,86237.87652892555,55190.59132995101,84373.40529414361,53116.11555177556,17456.76178386522,22994.51193750728,33430.06825953616,129403.8365431541,102339.199394489,55610.61259535188,56848.70477729168,40552.31468332247,132305.4540264125,63833.21978416191,47383.68482023146,44118.65279941186,157079.6730101929,45531.19536478628,8604.791147887243,28655.41731382406,72226.76493887056,38019.91670350576,44717.74091085804,2934.79248964381,46353.53536396277,27441.93176224716,16831.04178597055,23621.5886217787,65779.07600266136
2014,23243.49650724141,17420.16972017474,84012.39686720689,54038.58221329906,83334.68916684488,55585.03550058227,16358.23732378259,20893.67176030733,31810.01969174467,129417.4289745038,97153.17408489781,53570.77201522232,55012.82296479137,36668.12751311826,129555.0924006382,60999.86366167434,44633.9726442579,40829.0041317474,161001.1856516469,43962.26753924736,8396.702467011663,27377.14483995911,65789.05255145293,34033.87708733338,41640.55149125418,2857.030155530146,43472.96498697613,27720.83389861422,16650.70567574396,23658.00663593934,65322.57038384101
2015,21810.68400429169,16584.97613346167,79247.75365793891,51359.47614099579,81283.05778249638,53549.02717567537,14870.81739008494,19550.15365669596,29737.42375228579,122101.6316496178,87357.44571199511,51336.89238778051,51873.13156233537,31074.16735889933,125693.7225190096,58169.20208247309,43087.80398640949,36710.39187640184,164565.8553339624,39491.08835964405,7980.206608324341,24931.63982712361,60103.48975094336,31292.7359598639,39324.60183935543,2533.328598028017,41689.34583248909,27767.56077399031,17484.52553689627,23624.81034470215,65481.6769528549
2016,19856.36038504924,15196.9148192005,69404.78898570815,48187.95272961828,76970.6986105451,50289.87062209425,14105.8223462594,18029.24850441234,25277.94729790264,122370.117967764,97849.45378339164,49305.36932492453,50933.24713554629,27770.48134147275,127411.8579596974,59702.80417124681,42586.70340398257,30943.49583015973,129843.131337704,38054.93804947109,8100.522212792196,24988.75521220071,58912.70749946534,26904.37971752906,35689.52006640509,2122.309559784243,37583.68934892366,25153.58236691806,16998.03944266463,23429.89357146334,64711.0792378709
2017,19160.73845287525,14725.72573357027,67153.4086469433,47980.28268599257,76798.51213276642,48802.86580468293,13565.2059078218,17340.54055092318,25289.02053966683,122137.323797633,91847.8465986468,47624.62278066121,48265.80352665249,26927.20501332668,125614.9897389008,58852.37312529702,41340.29511617846,29462.29595927963,125041.3648549141,33565.07086108295,7283.63397853894,23492.02037063691,55086.21964527635,25452.65318251001,34467.63621731102,2009.98363232662,36524.67665102601,24829.62301721103,16692.84901891015,23371.88067503557,64090.24565620347
2018,18663.02218221351,14496.85988070415,65802.930392049,47561.51997673664,76833.35441071825,48046.57814761568,13463.98406263358,16789.48391698667,24418.25387911507,120472.7383530271,89004.35836532147,47008.51491299859,46039.35781626904,25947.33480260397,123725.9110318522,56873.5910935415,41165.3848062813,28094.36409432213,119306.9828567839,31360.37746973171,6696.044027876731,22230.53355543764,52300.42739242568,25169.39006586658,34221.71827819347,1949.02049707327,35270.23592196809,24830.35418394866,17111.07293216352,23178.05426186319,63508.11012984181
2019,18365.56222249843,14323.83760858311,64478.91599363168,47085.42178003498,76551.62515472458,47774.42954752989,13085.5175557981,16515.02332862404,23842.11381004783,118688.72828813,86495.9989995494,45983.26344153733,42931.21214893105,25599.79871601294,121040.2414266612,54598.67256499751,41007.44591995719,27434.8227519764,115494.8682625786,29133.540102182,5597.502627186806,21372.549138795,50456.30245512896,24584.29413800516,33737.14866937947,1846.46455293745,34899.16239577023,24889.05761600542,17167.58967691298,23219.69342535658,63091.9072611246
2020,18365.56538070462,14243.11044186017,62160.39162019864,46561.6965923625,76323.80852525184,47774.42956061177,13186.87949330802,16244.03564981556,23356.70209499931,117621.4522548406,86971.29737391399,45819.26594903794,42009.37080433303,25599.98585517936,119853.2620460189,54273.42932823858,39320.01284480302,27076.39948353064,106228.6594123995,27271.87140322536,5315.771080193666,20542.9032915099,49062.12428309589,24879.09855200302,33732.18527301875,1785.732788890919,34891.71365714826,24765.84232719885,16918.91600054227,23167.096961558,62937.95730830059
2021,18557.28290657455,14276.62674922854,63115.77987379177,46561.73797322191,76970.04660416234,48059.06958928559,14288.36639069838,17791.89960289336,23563.56757278436,118938.6629653856,91111.49153071144,47464.61512448037,41597.53498148193,28588.61092260684,121727.0962283748,53620.9955596387,38725.34616343828,26620.72967073179,104628.5810300495,26886.99320678019,5216.155738133637,19661.47711331313,49063.29233861103,26379.73374988665,35827.60946740224,1782.73297282704,35823.59602514156,25085.32596852439,17144.98297954005,23433.33932588225,62967.30440646259
2022,19379.25001649336,14650.83199817967,69217.81732278476,47634.66147759627,79383.07742299688,48873.06907637558,15759.76275727922,22258.28136400409,23958.53861118648,123716.8587911265,95324.10899623,51578.71228869415,43226.6459464201,31642.73189692895,123873.5567752037,53621.95199628557,37918.16824732539,27847.06355253051,103408.1371398209,28371.94844893668,5359.576481881395,19289.7832957584,51355.79003241674,30554.27792666504,40372.49268089368,1782.762800407371,37008.75678098523,26206.62272130362,17721.45377967249,23402.33632135531,62939.51670589181
2023,20555.96516020756,15254.1568055765,73201.32526268327,50627.32800365235,80924.57155203668,48333.40829721906,16398.55376592356,22817.05663138984,25257.3943273395,131360.3139545576,109128.8986321587,50704.72226910305,43820.32718084718,34225.79618763,123143.470838098,54272.86402911384,39164.08766234453,31332.23821161759,106939.8276373601,31350.94537134242,5316.383536833066,19048.5941335843,53271.65006590447,33386.75463431154,42553.90579483574,1977.207074989582,38655.66383854956,26892.63948670883,18535.29490617198,23493.99588845071,63196.14967504689
2024,22040.15462575343,16040.52900084589,74490.24067147794,50044.01919087961,79738.94120565378,48919.88661074171,16769.41374624358,22014.1552948348,27752.2269010843,134948.082929517,122926.9136482784,50311.78284998496,46822.66743019369,36689.71406026547,127489.856485362,54274.46375056317,40364.20046926984,36637.54847794004,122480.7478968465,32099.67845934576,5613.754967334194,20347.95508319078,58490.25576125163,36711.55805148827,46433.1577409018,2299.074829269037,41240.57864403033,26152.11550643104,18467.47481405326,23097.78200840575,63840.40614040061
2025,23129.48435143588,17018.47204394644,79957.00381470486,50081.073565798,80401.86182932445,51146.46798134514,17853.03773060492,22296.90480107542,32111.61373096798,137936.3067748395,129040.7780618394,50784.65438794589,53438.74986827555,38286.40245985255,130989.0633223351,58817.07498791658,43187.35315054606,40119.58273603212,153395.852012482,39976.09340555715,6951.119959822909,23210.59887070816,66396.36102054777,38154.44628771766,48386.91265344321,2621.455137460226,43276.42440555816,27290.29727444216,17857.09396654429,22854.06323831742,64049.32280615032
2026,23528.19937980861,17501.63117461755,80801.26304152045,48190.98618930923,80265.6479559508,53367.10920713381,18598.26952447158,22586.16202132196,34139.91570426276,141640.9851869794,127458.7500749948,49126.86915076653,57649.78206849373,39617.38526701171,134425.9996079011,61085.37096633625,45425.25557073911,41212.43663644895,161274.9996387589,43625.790456093,7802.090732080859,25161.28118402612,71051.13988851375,38993.23303854871,49886.90141837631,2680.771383956691,44625.43006625283,27588.82368305725,17371.04996117217,22978.70612814,64200.66492879747
2027,23931.1935396398,17882.81499917862,85164.3067042147,48195.67821673482,81077.01029796779,54482.27239262142,19171.11708656769,23792.44474611961,35029.12212456316,142720.9302907521,121227.9929083335,51395.0420532214,60713.49817357693,37742.66785560156,137385.0094033236,65325.97733872612,46946.73942719339,42568.1675751891,168336.6145387359,44689.3520410437,8199.975689957975,27077.53558315022,76689.78515711802,37696.90165161742,46926.96745120026,2759.078890277372,44756.36897575478,28197.17697617846,17077.16288742133,22976.41551471461,64532.73182765361
2028,23937.24377326969,17618.36314550341,81072.15645643006,48879.66308432067,79688.44409171186,54475.43029541444,17497.21028940674,22087.66542497795,35301.72889854037,134728.4236045194,129212.5444743238,46801.54587431911,58535.09608736699,34937.38469661424,135960.488709608,67303.92497191495,47010.72841385122,42058.43774929056,157145.0481109713,42965.36034725911,8199.983179860634,28233.32339663283,73386.9206206288,35693.13028104126,42543.8078497177,2641.858578369891,45705.99482881292,27210.01745994761,17077.16288742133,23155.3494704415,64615.91740830564
2029,23332.77892152371,17383.9176896854,80255.10743225197,46548.79483871186,78031.18895693486,53924.8187160692,17477.24600391987,21470.30836691099,35572.09836602311,126617.4238472959,132310.8779899129,47974.74135130706,58160.14733115165,35290.04081589929,136672.7677515729,68172.62378070205,48433.60692882803,40486.56564516559,150223.8291481017,41771.3111501474,8618.597202844321,29300.48267126914,73962.15058646645,35539.87527570239,43033.3759188704,2461.652073154005,46039.53544314975,27160.00272457767,17371.04996117217,23280.19691748298,64689.86869689751
2030,22939.32924382905,17552.95934228514,83328.06768914714,46019.61093450295,77567.88787913219,53914.72087696248,17866.11565746434,21745.9473592402,35819.15386938852,134617.6623927206,130267.9759568493,49646.70843782686,59379.87132457522,36286.23979045622,139512.5349848919,67359.04050802864,48440.00707129328,39882.16970822131,162244.778644391,43626.71231867868,8648.769802967512,29581.20338452545,74820.15878982862,36698.12569954504,43528.3205235469,2408.848522506597,47102.1582148674,27129.91444090263,17461.47675329816,23402.56072966225,64592.80911410158
2031,22937.43383736226,17532.85299092228,87533.97220452274,47101.50052759804,78012.63860160617,54227.94949831642,17866.10046563579,22022.16563153505,35717.01771128481,140351.8141103718,129084.1770356821,51824.0086711742,59379.85472008942,36971.83669902376,140947.1417849333,66678.19112273132,48447.11937557984,39440.50513892044,163479.900496181,43629.13119128397,8498.365900265675,29213.49787057718,75797.90008175577,37559.19040766492,45005.60072110179,2398.216552618792,47596.61344351559,27406.94767865633,17303.22986641912,23585.54894427878,64591.63139360853
2032,23341.46663288903,17609.30422132333,89344.0692395966,48734.92475697893,79606.52625134337,54754.30660571717,18230.62282490566,23530.99777893663,35712.67939722738,142028.7891606708,122570.2987885472,53792.91804554194,59609.67508217179,38364.37669978197,140949.2425981394,65670.16556351598,48386.68059584849,40002.7147997593,163617.080929128,44492.98746917151,8101.202150828091,29005.81535600101,75782.08124274586,39558.89850421592,47422.09522213969,2407.50138077981,48550.75620611046,28061.42212640613,17133.67963217077,24039.96283284965,64622.0556408518
2033,23731.46088671302,17693.59471571883,90010.41289747332,53073.89524053621,82486.96805057638,55041.25482546449,18784.67741874018,25600.33002938718,35437.04330582132,144183.8353118551,112725.7712261204,54685.3009994067,61158.07569739159,40307.04126585685,140233.9719762017,64263.47619832597,47863.48603757582,42908.05920464438,163479.8900185044,45486.68854345036,8100.520194201916,28845.4042828717,75797.90108701434,40933.30501872372,47915.79118120045,2520.287686469919,46968.63679564554,29314.17492068577,17190.19637692023,24072.25858346173,65010.147699801
2034,23931.1987457159,17552.81126122307,90444.34523079921,57043.230634628,84816.68190287265,54753.64145684317,18693.65513688197,25875.2302750989,33946.44700261465,144785.3366950226,111884.9039910157,54436.49214392088,58939.1993141667,41295.50188145967,137386.5800551608,64264.67588893905,44743.65061750347,43695.1890219151,149046.7666570441,45467.86119140591,7902.135400284865,27988.10669319025,73064.8698378919,40348.76284296762,45984.60195148956,2665.791658846924,46109.63821803636,28389.74482173802,17427.56670592163,24220.84060626132,64988.6607037515
2035,23931.21566011354,17288.12805874503,88732.06637769859,56594.01524121899,85915.82563518017,53922.32765953512,17683.85109554299,25050.49944983956,33514.7904020494,138465.1473125877,116379.9140025636,55012.96711370727,58487.64468807654,40327.536537871,136673.0374486301,63377.97844803296,42505.76715902038,44059.18164949403,149161.6381537621,43257.41802591928,7096.977802481137,26909.15111178508,70166.07074212767,40888.3413728035,44990.47931630159,2759.650651559088,46254.60923011359,28191.98435640748,17359.74661116856,23891.14464009794,65125.00270797089
2036,23910.33230722987,17281.42986580414,85655.79753805582,55999.2687097089,84259.67087634698,52766.9688483707,18233.07447420419,24179.75663045353,32619.34400761751,140144.1717713475,116379.9111903001,57449.71138042497,59631.515979312,37295.38587622991,138097.6075740126,65992.47124182999,45455.34876901925,43179.49409121998,151466.6542974361,45530.93752748278,8199.230389504211,26139.66429916649,70179.37440039233,40888.74002511128,45970.59615458974,2970.880388122644,47056.67121246086,27459.89090417761,17359.74661116856,24038.89895654367,65124.07950887036
2037,23730.07832482264,17235.02282121802,83779.69407117607,55234.69497961491,83966.83011456841,53912.43395006126,18192.11764405002,22860.93434966302,32010.7896266225,135855.1324831646,113899.2419161276,55530.3338991745,60894.20298404581,35853.5348997869,138035.579587264,67303.9242496028,49281.23055405896,41289.52654203705,151466.7686449294,46602.0615251107,8592.740045473452,27743.3694899447,71131.77708105466,38688.72241045422,44168.25690605977,2981.825357700028,46104.14531685119,27184.76877847359,16986.73609529534,23768.01030592495,65024.71746936076
2038,22723.01286490585,16717.55966320558,81569.510596504,53158.24011815045,82556.2020833242,55601.10570543084,16666.30233891325,20750.00488384286,31325.54057887667,134904.9521969157,109259.5047731841,53948.16860731406,61378.03958125327,32879.29433305412,135966.4475184484,66638.93784570323,47458.41113276115,38115.63958511656,146642.205643615,46602.0582241748,8894.739251389914,27902.35566448607,67355.0451788529,34771.30301910812,40604.88732097311,2773.329219355693,43932.36598161726,27188.24605190822,16715.4557189174,23644.25218810415,65158.37630167008
2039,21141.42250019714,15948.83508583353,75249.23543026006,49725.66655623575,79783.86565987385,53750.66912717532,15148.37190637509,19585.09144612024,29502.15574103765,138368.3593402925,107594.1853445905,52630.98451090768,58282.20717718072,29934.01129868136,131006.2973522593,63918.56041392333,45827.15781905708,34684.23386989618,141809.9110445609,43257.83764391184,8806.229964334178,26374.01705701416,61713.89931524778,32197.43408676388,38735.59855517628,2445.792573927433,41618.20840513425,25702.88800584889,16287.95600954568,23526.29995765737,65445.91470848592
2040,19185.18924391195,15149.38840423147,69862.36339782525,47989.07781878834,76322.18309506492,50147.44259536557,14083.03188259252,17989.13474380331,25396.9904910251,124254.4945154051,98352.52871691524,49437.44332892856,51192.6940350349,27564.0761295306,127427.2307842364,60777.63678560502,42558.58109817508,30872.43141972425,132375.0377137818,37797.87575927133,8211.393460122858,24789.74900380239,58913.37726669634,26191.7168404761,35398.62772294228,2164.2510562199,37092.68796851606,25303.26053369274,16887.38670823464,23468.89928819469,64723.78596294668
2041,18509.48724924884,14636.46115412607,67489.29889055395,47784.42565367617,76138.99342235591,48731.68399749795,13539.81573095542,17315.1882980712,25407.53848733489,124032.0479097176,92587.19356372292,47784.24665132731,48543.96256629915,26740.28914329812,125627.8616918746,59870.16132144158,41255.06557493065,29459.65590877836,127646.5187635134,33559.99916052959,7368.752453815272,23302.97689956454,55100.68361762233,24787.72406159413,34168.84369185223,2058.772381229479,36046.2238667183,24935.40718468417,16604.06079955406,23385.42041644212,64008.50021850641
2042,18026.02365888823,14387.32224973779,66065.82904880824,47371.74843927776,76176.06221879549,48011.6320242851,13438.10713074402,16775.94280517816,24578.07556060031,122441.4523126672,89855.64813520003,47178.23768266963,46333.13539197318,25783.06515769791,123736.1537752,57758.64839949732,41072.14132261502,28154.91596284103,121999.6106842846,31479.04261135337,6762.638463478719,22049.88693692118,52324.93393937479,24513.77482894073,33921.33575178935,2001.525484850979,34806.64742594639,24936.23741888906,16992.32222924356,23106.50984165946,63337.79996060416
2043,17737.08180870286,14198.97357836027,64670.25340043782,46902.56894155202,75876.32967960999,47752.52276252775,13057.82065636144,16507.36490204314,24029.26397932693,120736.7404497136,87446.0381785398,46169.79156560878,43246.79339357297,25443.56113532215,121046.7462694378,55331.13501383688,40906.96608103336,27525.84228059119,118245.6471869132,29377.18490082927,5629.465046929176,21197.61353410368,50487.45693580003,23947.91725325072,33433.63312169666,1905.221226834335,34439.97087422566,25002.89471431798,17044.78998974803,23166.42738763951,62858.2769651036
2044,17737.08487647018,14111.09555890104,62226.41581106996,46386.45457228793,75633.95493375782,47752.52277498285,13159.67002256967,16242.18547142249,23566.87716541252,119716.9042106734,87902.62494632174,46008.48222919495,42331.41877403934,25443.74394943038,119858.1148572516,54984.07541547257,39142.21914423715,27183.97645534479,109120.7877623125,27620.00102814765,5338.851785148135,20373.49007022313,49098.30467274789,24233.02829754952,33428.63763412316,1848.191597554169,34432.61039820212,24862.98470191193,16813.9318440175,23090.74260500594,62680.90542808631
2045,17923.31234954214,14147.5807575112,63233.44155266876,46386.4953517972,76321.4894236605,48023.52496890561,14266.45374377565,17756.87308954661,23763.9302364789,120975.5656770283,91879.82741533685,47626.86175204431,41922.47198307395,28363.29754663337,121734.5570319855,54287.87830482401,38520.30635859546,26749.35641165212,107545.1174376569,27256.7238456289,5236.096024252814,19497.93094158094,49099.46851750943,25684.32158918667,35537.60995135537,1845.374646643594,35353.45057994798,25225.75591849003,17023.80288603537,23473.85762864893,62714.71732482621
2046,18721.74148184941,14554.9332942593,69665.2861605813,47443.82704170466,78888.71962455462,48798.52365015646,15744.92575268616,22127.52410052071,24140.16631478811,125541.3734983679,95926.60202308536,51673.52291367034,43540.15472039857,31346.83334510354,123884.0050111062,54288.89889643366,37676.14561771417,27919.03952499117,106343.2905509541,28658.3370352549,5384.038171990394,19128.7112348487,51383.70192703707,29721.60391332896,40111.87844935139,1845.402655970758,36524.56796910871,26498.97975387337,17558.97404660474,23429.24520627021,62682.70206876408
2047,19864.76002825009,15211.70091434224,73864.09750482201,50393.00388648771,80528.71951667512,48284.71940481933,16386.7885758349,22674.32278857095,25377.41242506474,132845.081558897,109187.9229527103,50813.85885451981,44129.67127579329,33870.19926474176,123152.9029443039,54983.47219774202,38979.14986927481,31243.21575976353,109821.1076218072,31470.13988275048,5339.483549760839,18889.12750351104,53292.65542709766,32460.94685978468,42307.39565397386,2027.993843122479,38151.96027343129,27277.94651269222,18314.50979982548,23561.14065913697,62978.37857501392
2048,21306.44801412641,16067.73035131311,75222.67710899658,49818.17176636693,79267.3240928898,48843.09803622017,16759.43194548135,21888.6305378812,27753.90571779114,136273.3763053747,122442.7359666169,50427.36028077464,47110.95008213112,36277.17241325298,127505.3378678311,54985.17922381021,40234.2487712788,36303.44602954936,125124.9621959465,32176.85086087456,5646.229749470353,20179.83949842433,58492.44843568911,35676.42847861249,46211.72919548367,2330.240929008757,40706.24555774499,26437.08723077088,18251.54848868749,22991.00040213324,63720.65070564394
2049,22364.58352487585,17132.30007746949,80984.91166416171,49854.68766399731,79972.60718857146,50962.99817532753,17848.26685458558,22165.31969733981,31906.51045393501,139128.7753518903,128315.9089918277,50892.48077033189,53680.62064426346,37836.95902263164,131009.4148821375,59832.49548861964,43186.75107773917,39624.6269348543,155568.478386132,39611.20764293161,7025.75577985977,23023.42862955184,66370.05277148489,37071.87356798205,48178.11625746885,2632.969324141208,42717.96790107985,27729.48387103466,17684.89667132631,22640.29617592338,63961.35146217419
2050,22751.88088787248,17658.25768518226,81874.8020001463,47992.0671959883,79827.68886976014,53077.24277721294,18597.0823147884,22448.37708690513,33838.60244515171,142668.7829795754,126796.1624830803,49261.86903078321,57862.11241690622,39137.18088211089,134451.1346772164,62252.9421029333,45527.18845509916,40666.99620446091,163327.4352192778,43056.0680528261,7903.553791639511,24961.12658855794,71008.0515066198,37883.0804397868,49687.80331266391,2688.669724106417,44050.98874194564,28068.45831111753,17233.67393049882,22819.65367149891,64135.71841985731
2051,23143.33484445564,18073.20696325232,86473.66247757873,47996.69103847734,80690.89952253597,54138.97563065995,19172.68458292488,23628.80480057783,34685.63046455952,143700.72515634,120810.6985534737,51492.86329899246,60904.33652681794,37305.79091557595,137414.2628066228,66777.99590293995,47118.38280502447,41960.09884870148,170281.3302064074,44059.93800333155,8313.982253259737,26864.62579638297,76626.3698769378,36629.3733108021,46708.73166963249,2762.203699702796,44180.37611245997,28759.23879471039,16960.84157489737,22816.35754535887,64518.30519667813
2052,23149.21182265714,17785.3298323348,82160.3368505252,48670.7361805281,79213.60007289062,54132.46135590114,17490.72831244806,21960.56507948812,34945.30647517704,136063.4807086515,128480.913282437,46974.66116586573,58741.21595022329,34565.3419287633,135987.7594726356,68888.61845731102,47185.30360316217,41473.91610632767,159260.4831646899,42432.70411222448,8313.989979284974,28012.72032307189,73335.41192231142,34691.48730613357,42297.23241983161,2652.128996009567,45118.74953077432,27638.32675935899,16960.84157489737,23073.83830674274,64614.1464361671
2053,22562.05652013236,17530.11708097914,81299.12739311242,46373.74030800474,77450.44172473442,53608.23099133483,17470.66802282069,21356.44022086848,35202.8513031517,128313.0101375398,131457.2712118837,48128.62627223664,58368.89746279978,34909.84765243392,136701.029860756,69815.58703221977,48673.37476741197,39974.65698626895,152444.8424745013,41305.6700736068,8745.80099919015,29072.77625031301,73908.56822675541,34543.27142963553,42789.9658281846,2482.907661051104,45448.33791067565,27581.53541216607,17233.67393049882,23253.49015421059,64699.3485000933
2054,22179.87372841535,17714.13252757056,84538.17714065243,45852.24654873132,76957.53441921716,53598.6169656317,17861.40767050396,21626.1712705018,35438.188035908,135957.6427678101,129494.7944047232,49773.18740010431,59580.06508178196,35883.02302039709,139544.7494668997,68947.43098180158,48680.06814801294,39398.18125506146,164282.4209359176,43056.93817653247,8776.924804215882,29351.62839830947,74763.48337413544,35663.43779153972,43288.11053445647,2433.322950885418,46498.36930931978,27547.37039755611,17317.62234779508,23429.56812330126,64587.52250036442
2055,22178.03259910208,17692.24514556464,88971.4053049728,46918.41403140526,77430.70595009555,53896.83799934159,17861.39240562105,21896.46918403143,35340.89657946612,141436.9148018607,128357.5994293732,51914.79853367847,59580.04859377683,36552.77478767469,140981.3529450014,68220.91221829841,48687.5063198658,38976.91947950514,165498.7018823175,43059.22129164016,8621.779350271237,28986.370447782,75737.69998117036,36496.19010624103,44774.94219832169,2423.339093002498,46986.96557238041,27861.93950749706,17170.71261691523,23692.88284538591,64586.16560424197
2056,22570.49544884795,17775.4684641276,90879.33572201087,48528.10120271408,79126.44745463786,54397.97598600164,18227.66767790192,23372.96158955096,35336.76404794164,143039.3492938917,122100.160365837,53851.43463583973,59808.25676401666,37913.13116451596,140983.456682108,67145.27126352125,48624.29839004335,39513.15773908475,165633.7897253273,43874.59425282789,8212.094833513687,28780.07033326921,75721.93816790268,38430.14644009875,47207.06072644255,2432.057929286379,47929.80237785778,28605.09020730869,17013.30933540184,24346.77122301277,64621.21852499408
2057,22949.32176674802,17867.22545260384,91581.69438479464,52804.01740282884,82190.95749785418,54671.17577963597,18784.38660625984,25397.94054930378,35074.20241180084,145098.6049065264,112643.1934109689,54729.19014247024,61345.79533542941,39810.89792818858,140267.19055035,65644.22530489936,48077.13239711898,42284.28910817306,165498.6915644706,44812.52456393421,8211.391377895598,28620.7270066381,75737.70098280508,39759.36153334775,47703.94871388659,2537.968918409932,46366.43003010801,30027.58136637654,17065.7770959063,24393.24386943296,65068.35399816099
2058,23143.3399014497,17713.97132941409,92039.08019431007,56715.67008163921,84669.54654627142,54397.34270611836,18692.92661697956,25666.94868633731,33654.31069080402,145673.3699056958,111835.4295436436,54484.45962396875,59142.48438936599,40776.51378192324,137415.8356444847,65645.50546723731,44814.35410863609,43035.05728715935,151285.7352345796,44794.75388357826,8006.75241338022,27769.13585904572,73014.52210877764,39194.03950201709,45760.27323485275,2674.603144893039,45517.61001430656,28977.89810170217,17286.14169100328,24607.04908154588,65043.59802100567
2059,23143.35633148402,17425.84235670125,90234.25490429561,56272.98272405114,85838.92862074742,53605.85928771648,17678.26663581239,24859.89483201009,33243.12918435744,139634.1092376396,116153.4794319139,55051.48533526608,58694.09742291227,39830.91952467011,136701.2999331762,64699.33096479997,42473.93656176302,43382.23519374587,151398.8544483155,42708.37026223392,7176.211857156235,26697.36214495958,70126.17296890965,39715.87632269593,44759.72302494055,2762.740607109405,45660.86321631382,28753.34261491309,17223.18037741968,24132.62616920333,65200.68277747873
2060,23123.07099753167,17418.55083448515,86991.71774942912,55686.87909908225,84076.94096561891,52505.85668424433,18230.1311166774,24007.81518736693,32390.15717623217,141238.5020431262,116153.4767303639,57448.28783927925,59829.94444707309,36868.84627301407,138127.8527676286,67489.19626064297,45558.66044664961,42543.18499934172,153668.7092101206,44854.29010533691,8313.21345687116,25932.99727831092,70139.42866847236,39716.26186704454,45746.17688241888,2961.094034813843,46453.42129763745,27922.05613272467,17223.18037741968,24345.2403359312,65199.61912503564
2061,22947.97879611431,17368.03303071805,85014.21333910669,54933.41621864093,83765.386864518,53596.43961127131,18188.9773335555,22717.2600483009,31810.46881561274,137140.1080378992,113770.4667582711,55560.37173087095,61083.77369146694,35460.31856882523,138065.7384506605,68888.61768654827,49559.83433621337,40740.52492458648,153668.8218133242,45865.29803350849,8719.128683206607,27526.02770351263,71088.3980080581,37588.58232831438,43932.18447381772,2971.371812304429,45512.18220034704,27609.65707581177,16876.89315760111,23955.43944135975,65085.14037823719
2062,21969.75181886041,16804.73272779367,82684.57233265672,52887.13657359856,82264.61577789459,55204.20276620353,16655.82469661237,20651.57545227849,31157.72370439643,136232.1627085626,109313.387374639,54004.14041637119,61564.21617072928,32554.81702559346,135993.7265749143,68179.02594667106,47653.49799764544,37713.25638682759,148917.8540892077,45865.29491783529,9030.64855105017,27683.95561612851,67325.28094445202,33799.97035172745,40345.77565446831,2775.58534598322,43366.13700574239,27613.60549304219,16625.04790571233,23777.35510697793,65239.13375132856
2063,20433.45212107239,15967.91414352514,76022.69454374898,49504.44545894417,79315.11934470847,53442.42535647421,15130.59484899757,19511.63033191029,29420.82885911255,139541.6234339946,107713.6284521675,52708.5468722995,58490.10105794542,29677.60376404981,131026.672898292,65276.17358214212,45947.50483508121,34440.36522751177,144159.2727073762,42708.76632946629,8939.34896857987,26165.79011057715,61704.4709935927,31310.73198098115,38464.40086145714,2468.01493768533,41079.40065734875,25926.99286027244,16228.17521839671,23607.62527577298,65570.41757592784
2064,18376.9375639203,15279.60258587748,70616.41439005152,48078.06638721136,76226.64110284629,49747.24611699531,13968.01490944265,17985.27233958018,25284.49834006901,124619.1073928712,98925.12586489992,49429.55599867482,51275.61775309427,27558.66882404391,129691.3017734349,61015.57704270892,42243.65568320486,30689.07624178254,135248.9924260491,37396.72448272867,8268.312757539059,24020.80840160055,58463.40010292603,25907.26753742513,35143.01462819682,2163.696028031138,36712.42348623258,25252.46450615961,16838.97734684276,23355.49927307421,64545.61297727501
2065,17651.95288165332,14749.77124680615,68303.65583219388,47865.18637041146,76043.84729598834,48103.87627202991,13412.23906558689,17313.56640739453,25294.80469354028,124397.0506950804,93140.9623667768,47774.70019218738,48740.46569021085,26735.47904314059,127465.6268590835,60082.16064678707,40854.08127551439,29370.61689056288,130400.2229413798,33308.87534344476,7428.287895720669,22552.62047010965,55041.41561930563,24518.24200030769,33877.96776153857,2064.874130573785,35653.12895947444,24874.980913509,16550.54459164222,23267.26211557516,63918.24314680945
2066,17133.22761487357,14492.42169226471,66916.36018630536,47435.91784893784,76080.8359881817,47268.06167668278,13308.17886240713,16776.11361900999,24484.34383792614,122809.2431189196,90400.4962982293,47168.08304000344,46624.44028792786,25778.94899817674,125125.7362422585,57910.28839307195,40659.08025325494,28152.98070611406,124609.7088575262,31301.58791063873,6824.055705301001,21315.19372866002,52550.11335281385,24247.21319891152,33623.36277713978,2011.240095787307,34398.35439343605,24875.83288289097,16945.80429247565,22972.45367125175,63329.97879181026
2067,16823.21163578106,14297.86578058767,65556.24986734155,46947.87542190918,75781.75115950804,46967.29546698808,12919.09979034724,16508.42859458076,23948.10491826653,121107.5193016353,87983.01707357215,46158.62485819225,43670.44273235745,25439.69109963499,121799.1553615197,55413.38254274776,40483.00004216967,27565.90365633339,120760.2786566421,29274.13925028506,5694.400448165509,20473.57346905153,50900.93343594093,23687.38793853469,33121.67575855574,1921.013616252062,34027.18211560918,24944.23523785849,16999.21776529209,23035.78651021572,62909.39406363716
2068,16823.21492729762,14207.09164309457,63174.51676168579,46411.01115008775,75539.90017617815,46967.29548144563,13023.30401417224,16244.13074455203,23496.31087087604,120089.4706475374,88441.09495556103,45997.15363361144,42794.31999873458,25439.87378121191,120328.9138597937,55056.40196060722,38601.743443615,27246.86061611477,111403.3657637817,27579.16243485868,5404.689452328803,19659.75128320408,49654.13578391738,23969.45956126812,33116.53703033801,1867.583136799536,34019.731394698,24800.66244105463,16764.19848539768,22955.78770398707,62753.82329772595
2069,17023.02500105913,14244.77925207211,64155.95127167445,46411.05356909956,76225.94893043912,47281.8666478033,14155.67766463399,17753.78283181374,23688.84967572246,121345.9259123487,92431.28611265,47617.15734325696,42402.90912414707,28357.31084465523,122649.921981065,54340.30348352961,37938.7715991431,26841.25558092386,109787.6247107285,27228.7458327515,5302.252716873253,18795.13636184859,49655.18036265403,25405.28136480798,35285.98203396107,1864.943964151106,34951.86175910009,25172.93085321728,16977.85237666346,23360.74023834374,62783.47936747188
2070,17879.68799061725,14665.55654548945,70424.34541527307,47510.89430514663,78787.63144541199,48181.46172324479,15668.33340193673,22109.90375236431,24056.46660483562,125903.730714185,96491.27661611782,51667.87968678365,43951.22452607668,31338.68372539483,125308.6163351806,54341.35324958893,37038.87885480042,27932.85125680947,108555.2342740215,28580.73972340012,5449.735549159024,18430.53178260766,51705.33492628361,29399.52430760452,39991.41313759499,1864.970205804763,36137.3379148497,26479.48714507715,17522.66980287675,23313.58491320334,62755.39911293852
2071,19106.07320811345,15343.96867417965,74516.45367422167,50578.64008696735,80424.08736071673,47585.0532647166,16325.03672546649,22654.88462554882,25265.36878577783,133194.6367207643,109795.9061684103,50807.35287881909,44515.46221085275,33860.22032798877,124404.3018524989,55055.78149940221,38427.90823634081,31035.10721175828,112121.4953937863,31293.00035255188,5405.319255504209,18193.94277079547,53418.66672222966,32109.66453395214,42249.88461729062,2036.038031362515,37784.68325416496,27278.84692110428,18291.82381342527,23452.99839117306,63014.73396064155
2072,20652.91148093779,16228.20951492566,75840.50811794112,49980.69737123118,79165.41776402378,48233.20232508553,16706.2959766842,21871.80438378382,27587.41926604096,136616.922298483,123094.0065515308,50420.46641961747,47368.90175545297,36265.44853852993,129787.9139567429,55057.53732221317,39765.8695281282,35757.51913554433,127814.5408985929,31974.69265678386,5711.113101395264,19468.52128122132,58085.60632745041,35290.8675642414,46266.17104499604,2319.210251064272,40370.28596791701,26415.97430214148,18227.72764753934,22850.36020743121,63665.77327517042
2073,21788.22267302411,17327.86332241652,81456.3088005639,50018.68135687219,79869.17677000788,50693.91841622873,17820.30582083786,22147.57369892262,31644.89245623174,139467.3163568012,128986.3600969748,50886.05369866811,53656.86037815309,37824.10437880064,134122.1755275359,60043.4181051862,42913.29782533213,38856.97972766615,159032.2633739627,39145.86158173191,7086.356122300105,22276.56646349233,65155.94616756324,36671.43653434895,48288.9423028052,2602.83340450193,42406.6735171801,27742.20533472873,17650.86213713825,22479.66588210077,63876.88945355235
2074,22203.76777703841,17871.15444904689,82323.58463052836,48081.17594956661,79724.57161412072,53148.06973048008,18586.43463168461,22429.69007318953,33532.72237346674,143001.1190036385,127461.6504229103,49253.80549621349,57659.04694121933,39123.38364093789,138379.3062310979,62533.05517469831,45408.25229605968,39829.76096593715,166988.5375310722,42468.76854549799,7961.428837762725,24190.0438217089,69318.66186609225,37473.99554873307,49841.91813476188,2655.018542532864,43756.03818086791,28090.05398094628,17191.50627041892,22669.24673356035,64029.82493357645
2075,22623.77263802313,18299.7788428598,86805.57569861179,48085.98568938154,80585.9169018102,54380.4971777807,19175.34539093715,23606.19349243216,34360.34592505929,144031.2523759835,121456.639255122,51487.03876422552,60570.81841334869,37293.32134267898,142044.4575186374,67187.46135552958,47104.49826082916,41036.53674890943,174119.276387744,43437.09992974478,8370.583043620372,26069.74990212647,74361.23807515544,36233.65354383139,46777.42457142709,2723.911776133656,43887.01193637658,28798.91880270833,16913.75621077754,22665.76272862294,64365.38789310428
2076,22630.07825678373,18002.41440037658,82601.86327266264,48787.13019515806,79111.80983956963,54372.93560427763,17454.50063561173,21943.49978129262,34614.07304771213,136407.3946100512,129151.9032561175,46964.30221618377,58500.45391745787,34554.85904753146,140279.9875723817,69358.41778978283,47175.83721059699,40582.81131403465,162818.1591895032,41867.47266330887,8370.590745658641,27203.49361677568,71407.52395765395,34316.42634081782,42239.42996250434,2620.783906144686,44836.89050781352,27648.66176878402,16913.75621077754,22937.91986273635,64449.44926667026
2077,22000.09846716575,17738.79082847422,81762.5394630331,46397.78572052674,77352.46160892508,53764.42482126621,17433.97653233897,21341.38331657145,34865.71781074104,128670.5091852196,132137.9813305765,48119.42542846405,58144.10069985823,34899.11502137894,141162.2457020385,70311.88452303693,48762.15173450603,39183.6419545521,155829.1905621953,40780.33739229254,8801.06112344975,28250.29918613264,71921.9455611239,34169.79051721622,42746.29201191826,2462.242159081781,45170.51988536488,27590.38364836557,17191.50627041892,23127.81184411103,64524.17912787078
2078,21590.04096843218,17928.87070911481,84919.27624789375,45855.32578527832,76860.61945717486,53753.26515043457,17833.75046535735,21610.21765390004,35095.66324125955,136301.7421836114,130169.0954961412,49765.6370186809,59303.33262804832,35871.58488473263,144679.6982456606,69418.91151860842,48769.28701614877,38645.6514439063,167967.809402421,42469.60786546433,8832.088298510425,28525.66577203494,72689.25252003915,35278.01536417301,43258.7205228439,2415.786748602921,46233.42544667089,27555.32420825801,17276.96782742316,23313.9262364667,64426.09768414441
2079,21588.06555536435,17906.26200405073,89239.84416526461,46964.35754899686,77332.76848253775,54099.43112440183,17833.73484753531,21879.61697060392,35000.60062364228,141771.4100637712,129028.1866865248,51909.39744818734,59303.31684706001,36540.85111469127,146456.6612582264,68671.62461931579,48777.21626061303,38252.51288580527,169215.0214787002,42471.8101547265,8677.424524096356,28164.97342832131,73563.63541565114,36101.89013661659,44788.18560782621,2406.432973728291,46728.01226179954,27878.12860320897,17127.41010204332,23592.24986634597,64424.90756439588
2080,22009.15289367606,17992.22803979384,91099.28894069362,48638.76070951561,79024.84555477952,54681.1369721955,18208.47876470697,23351.2008240318,34996.5627638089,143371.0357835118,122750.3121725004,53847.97713573231,59521.73929583572,37900.22129960258,146459.2634119057,67565.23558406012,48709.83530497563,38752.95215754149,169353.5447283317,43258.31763787886,8269.011953378445,27961.25199883692,73549.48880818668,38015.22956100997,47290.04271895951,2414.601562737122,47682.40894483195,28640.73467109382,16967.16968359398,24283.40980361098,64455.65212364445
2081,22415.6091123736,18087.00898204935,91783.79878147607,53086.58617970571,82082.7333094233,54998.25904596267,18778.06958277473,25369.44780556971,34740.01612209716,145426.6819006366,113262.460797023,54726.61354754222,60993.3471681657,39796.61227506315,145573.2997881997,66021.28099339615,48126.54508175395,41339.08423494874,169215.010898461,44163.0437490881,8268.310681776475,27803.90041249993,73563.63631464244,39330.27457877353,47801.17847589321,2513.828490907444,46099.86849417406,30100.4660414507,17020.58315641043,24332.53138534164,64847.83008633454
2082,22623.77806385179,17928.70419849349,92229.56118783217,57155.50324942823,84555.96622204725,54680.40188002295,18684.49494850052,25637.56163359847,33352.65253779697,146000.4394427079,112452.0589465949,54481.63742034943,58884.51569316826,40761.52810446694,142046.4029926308,66022.59775022636,44648.35619424546,42039.73152003648,154640.6061717124,44145.90217860934,8064.307059115209,26962.95388014587,71119.51761255176,38770.97915359429,45801.77003311743,2641.839707581376,45240.64131629327,29023.30251701243,17244.91974323536,24558.52346907802,64826.11687128487
2083,22623.79569221946,17631.07961448803,90470.60136093784,56695.01805461587,85722.82130674686,53761.6718192972,17646.37502964252,24833.19080416861,32950.89074135433,139971.7644853962,116784.2106573202,55049.23219203104,58455.35586462672,39816.61935686519,141162.5797599107,65049.37607222498,42153.42286322561,42363.73200980247,154756.6021098615,42133.37980047768,7236.345079156735,25904.57699250778,68527.15461420099,39287.25294148961,44772.5300397653,2724.414799220405,45385.65090865875,28792.868263441,17180.82357485974,24057.05850724185,64963.89430890786
2084,22602.03083654893,17623.54779203401,87310.4657931474,56085.35067356721,83964.6412393074,52484.82200136044,18210.99916061217,23983.94387123214,32117.45937120049,141573.3450860297,116784.2079469474,57448.44009905685,59542.49699630051,36856.69346364152,142927.1109342628,67918.99195980598,45441.80208755643,41580.69637081819,157084.1813412077,44203.33072500552,8369.816634111166,25149.76644066167,68539.0519241865,39287.63437574908,45787.26948177919,2910.250107586796,46187.92633907425,27939.81905602153,17180.82357485974,24281.7916561481,64962.96139019939
2085,22414.16819145601,17571.36511776322,85383.21508666172,55301.59551242073,83653.76039466004,53750.73774321769,18168.89386150887,22697.67914172295,31551.05102479407,137482.1348100437,114393.4155766877,55558.62930008181,60742.56119040534,35449.18687324219,142850.2805175991,69358.4169969871,49707.13590101053,39898.38094687651,157084.2968080133,45178.54739134563,8774.471616909323,26722.88449830634,69390.77478848811,37182.63692950016,43921.26264266881,2919.879252751507,45235.14695331443,27619.24152516049,16828.29465377328,23869.77215701644,64862.55324907666
2086,21364.59370463955,16989.50062579797,83112.77652171995,53173.0470801323,82156.23241674788,55616.98068226224,16600.29322622067,20638.86184850994,30913.25957651676,136575.7809415094,109921.7803301632,54000.83617000245,61202.40196957652,32545.79167671732,140287.3683981998,68628.5409941987,47674.94208261161,37073.21128521598,152212.5076567744,45178.54438597208,9085.024310144196,26878.83836284765,66013.28648574071,33434.41338813771,40232.01711274255,2736.448904388774,43062.78965513766,27623.29331026844,16571.90998276055,23681.53703678698,64997.61926586794
2087,19716.24316392078,16125.10375280742,76620.19495872867,49654.35798675352,79213.10973213783,53571.96264525282,15039.79856295002,19502.70643947657,29216.15505617083,139879.440792317,108316.7969390358,52703.94238337478,58260.10700245601,29670.66425425807,134143.5223061319,65642.70820973908,45856.31821805368,34018.81664070876,147332.9112255852,42133.76184631058,8994.008185157885,25379.64943745494,60968.4740230634,30971.71150181271,38296.69576627898,2448.289318079113,40748.01622542241,25892.52587878048,16167.88380951236,23502.13262542039,65288.18492929726
2088,17474.73686364423,15630.01791560534,71177.49161330807,48382.12864125596,75836.55837360765,50035.34852219293,13975.5734719776,18023.66286325283,25132.09356365851,124418.7018179911,98440.68480729402,49262.98810969953,50625.58833488257,27603.22536302203,130840.0362296573,61504.76158180957,41937.68555101105,30303.35116394025,136255.8917267772,36981.65978851271,8412.503336232227,23636.66019293256,56319.30016137334,25584.6124849235,35141.52243201675,2096.764936459123,36454.17136777545,25236.58221487873,16951.28312304498,23072.17851689229,64751.80310480623
2089,16751.2172575228,15130.08102970056,69055.41343594754,48153.65712807926,75652.05169355718,48483.26549295705,13421.94815244572,17336.10946735488,25142.33993899124,124205.3938880406,92599.55234076896,47573.53550649741,48156.72533525038,26758.39409061873,128641.1921736114,60619.16845668769,40514.8836346082,28981.89221228117,131638.9417820739,33060.55009711338,7561.379073623337,22083.40470043025,52856.04508554158,24236.73299447836,33893.9436823039,1998.510072680261,35411.90247733732,24873.74715219113,16640.49495576789,22993.20188583641,64096.94408701713
2090,16233.54025015193,14887.25180198453,67782.4963795238,47692.94864949815,75689.38698906482,47693.87918834636,13318.29060080358,16785.97663082288,24336.59558505674,122680.1440279815,89832.09507031023,46954.23627638521,46096.02968765439,25776.71706579958,126329.5093032031,58558.57133739953,40315.2197471361,27761.48580815845,126125.2720224002,31135.1379945575,6949.163053728103,20774.28081955608,50334.69665127557,23973.73267305883,33642.85435393306,1945.183786528651,34177.29542362478,24874.56606027118,17066.38985087126,22729.33371057543,63482.90401207556
2091,15924.15076293822,14703.67323755178,66534.52329695986,47169.16161925533,75387.49957974518,47409.82010617154,12930.71703499705,16511.97615121052,23803.4773241529,121045.4660902127,87390.80578260646,45923.67412927917,43219.27315193133,25428.54014627637,123043.0308739392,56189.59360700531,40134.92910534941,27173.07311115072,122459.8829769314,29190.38702159963,5804.581456880595,19883.89665088179,48665.62692129616,23430.49069043769,33148.09476842808,1855.475020717842,33812.08885604627,24940.31401127046,17123.9432147844,22786.01974170277,63043.89070825735
2092,15924.15404780317,14618.02081144475,64349.15732754763,46592.97699470771,75143.38232671478,47409.82011982596,13034.51805000961,16241.44275912853,23354.31250600729,120067.5273333323,87853.39533242655,45758.82715007972,42366.05924344577,25428.72763051468,121590.5133628792,55850.90280327944,38208.6878915968,26853.30422250695,113550.3238403559,27564.54668571343,5511.04245713308,19022.92119060529,47403.79235788007,23704.20672009973,33143.02699719057,1802.351121912796,33804.7578877264,24802.31266301908,16870.7084141031,22714.41684351898,62881.50336667015
2093,16123.56033789882,14653.58198814385,65249.67534707001,46593.02252052065,75835.85971518444,47706.91731330708,14162.51008312326,17786.71185604398,23545.73082540371,121274.4797661061,91882.88639416371,47412.69903047451,41984.88296606547,28422.86351952022,123883.5413691635,55171.4933875237,37529.86306176734,26446.77640343151,112011.8313240309,27228.42324090592,5407.252206520804,18108.2100377005,47404.84953468186,25097.4962667711,35282.51570430882,1799.727092666927,34721.90647681831,25160.13492415418,17100.92186975568,23076.86944067317,62912.45886335208
2094,16978.49215086593,15050.6179394321,71001.25818049225,47773.41643910167,78421.54652977224,48556.54118467989,15669.31273596264,22245.60612562597,23911.2083965805,125652.7125195902,95982.86426499751,51548.10670846807,43492.71307359633,31482.61608542291,126510.184748075,55172.48936917687,36608.45207857589,27540.85554675653,110838.361441291,28525.27059674144,5556.683756207301,17722.48008232456,49479.72983665742,28973.42078981712,39922.97291411832,1799.753183747666,35888.32892712154,26415.98933290637,17687.96618542544,23034.66308655333,62883.14822868329
2095,18202.39904327281,15690.75230289183,74755.98372510562,51065.84628456141,80073.33688947758,47993.26235258361,16323.47500542093,22803.44465600519,25113.0753343922,132656.3655649598,109418.5328207362,50669.58952881914,44042.19709206479,34070.4433711834,125616.7719175582,55850.31413119282,38030.69593616122,30650.16938203902,114234.1197118698,31126.90071473324,5511.680582012028,17472.182981946,51213.72514472961,31603.28059419843,42150.25879510997,1969.839433147765,37509.19711401858,27184.32936169591,18516.73462792079,23159.44506192409,63153.84623709609
2096,19746.1114074952,16525.1019906382,75970.87363702843,50424.10978382811,78802.87290298851,48605.40767099489,16703.25900847423,22001.88931208524,27421.61257103038,135943.8171912575,122847.6079006779,50274.61473217552,46821.02500400397,36538.90454097808,130935.4837380238,55851.97999502058,39400.65056363022,35383.32517052493,129176.8811289103,31780.78744332826,5821.514937427365,18820.6112243264,55936.95003185167,34690.24926747939,46111.0872292384,2251.386828903457,40053.24242295026,26354.94115280871,18447.67059283462,22620.05400665258,63833.41185429849
2097,20879.1283202871,17562.71048894625,81123.6674885572,50464.87574583029,79513.22649746577,50929.43454573119,17812.95829236623,22284.16481394243,31455.47317218103,138681.909138819,128797.9959921806,50749.93568613804,52944.566315031,38138.53712549546,135217.4951094216,60582.41087599663,42623.34017867973,38489.83728330638,158902.0851238881,38659.45126192529,7214.929293690459,21791.35598322666,63092.56118565221,36029.9226933651,48105.92750218319,2533.382570966331,42056.89989295336,27629.70680942482,17826.09425828045,22288.2642052138,64053.77841721077
2098,21293.8336752223,18075.34772641765,81919.438887291,48385.46595035281,79367.26631593925,53247.2613074281,18576.12263712255,22572.93712020223,33332.31680560743,142076.4841953239,127258.2692569158,49083.56332674666,56842.10385048787,39471.97417452448,139423.3054382253,62944.49223908533,45177.9540105429,39464.8316766717,166477.9700253774,41846.8200358923,8101.564503587744,23815.70119999375,67305.4810107365,36808.70811267797,49637.45941442341,2585.268274038599,43384.57673380548,27964.05693169082,17331.1353280909,22457.94846732462,64213.41500375087
2099,21712.98977468433,18479.78802442127,86031.90250974297,48390.62795921598,80236.68285767236,54411.22919425516,19162.75465949511,23777.19761936707,34155.12397668738,143066.0315470315,121194.1139636923,51363.48508392314,59677.73842885251,37593.79991157544,143044.2727552177,67360.43150614512,46914.7606155063,40674.3529710361,173267.788447164,42775.65411119318,8516.124938144505,25804.31841382271,72408.87283933729,35605.10781529679,46615.28122560465,2653.766202705191,43513.44539816861,28645.41372983687,17031.8578346695,22454.83011015697,64563.68117756371
2100,21719.28265081482,18199.20165213444,82174.77424501441,49143.12482857155,78748.7626443564,54404.08765521303,17448.5685571949,22075.27620903737,34407.37452660767,135742.5446427086,128965.169607137,46746.1951637185,57661.50974794122,34783.34400103306,141301.0737694273,69420.15972766945,46987.80542252205,40219.59527452003,162506.9773612847,41270.05043635095,8516.13274195121,27003.75182019909,69419.53566993822,33744.67317503216,42139.94850108787,2551.230073787578,44448.05693414286,27539.79327073231,17031.8578346695,22698.4242396521,64651.42583128181
2101,21090.57594790412,17950.45240332827,81404.65030185474,46578.78292450029,76972.92840429876,53829.37876523768,17428.12387008207,21458.95409513543,34657.55483525944,128310.4832338249,131980.6579476656,47925.46764797706,57314.47444121844,35136.65039424272,142172.6961396957,70324.77591792642,48612.05190557785,38817.2426928763,155852.1511379709,40227.25837093957,8952.291002885679,28111.20984060027,69940.16141732615,33602.381032868,42639.81165916601,2393.598029051229,44776.32401414205,27483.77667587352,17331.1353280909,22868.38697846382,64729.43009787043
2102,20681.34710869175,18129.80748596114,84301.12309624301,45996.59280582691,76476.47743537278,53818.83899796457,17826.3509140506,21734.13100322499,34886.1620913285,135641.054795285,129992.3803040387,49606.0953169319,58443.39481542492,36134.68629202728,145647.7452441702,69477.55408092371,48619.35780610334,38278.0282108045,167410.4229346298,41847.62512080178,8983.72814563546,28402.53130758027,70716.72242539156,34677.77777835526,43145.16441551612,2347.409176723625,45822.14590034894,27450.0777432659,17423.22071088845,23034.96858779798,64627.05106275756
2103,20679.37568761249,18108.47442245477,88265.47244871032,47186.8509100244,76953.05074305838,54145.77595323327,17826.33535666032,22009.88622016888,34791.65269351521,140895.224314337,128840.2345371776,51794.67369582939,58443.37944707738,36821.54739471495,147403.2866904072,68768.55417113163,48627.47665469247,37883.99523105108,168598.0058347482,41849.73758079601,8827.020770730473,28020.94026466265,71601.65075161374,35477.24753524421,44653.51022367738,2338.109073206374,46308.78341051063,27760.35547495604,17262.07129032208,23284.08203675907,64625.80879605666
2104,21099.61207689088,18189.59003233606,89971.61127869698,48983.88864753605,78660.98345891587,54695.16888333594,18199.62923616297,23516.1889447566,34787.63833213031,142431.8266972785,122500.5284316124,53773.78177690699,58656.09059366555,38216.6551446258,147405.857474718,67718.85060087773,48558.48448537834,38385.57304214234,168729.906291503,42604.16417763638,8413.211770673011,27805.41511117242,71587.33353003042,37333.9095615968,47120.82100000686,2346.230791377941,47247.84044019836,28493.36805042725,17089.41119858264,23902.70445063927,64657.90047610598
2105,21505.24691366848,18279.02318892773,90599.68522544668,53757.47628058904,81747.52521475701,54994.67528501293,18767.01607411452,25582.05214385328,34532.58467142826,144406.4828203187,112919.2299906454,54670.78716395118,60089.21891727015,40162.90185217649,146530.5742807093,66253.99999726063,47961.24662404053,40977.58877679595,168597.99576035,43471.98737801651,8412.50123304223,27638.94649330027,71601.65166144735,38610.00000132619,47624.89885306954,2444.888361829642,45690.73555773608,29896.45346548194,17146.96456249579,23946.67070190102,65067.26232771931
2106,21712.99518954826,18129.65037029931,91008.69578627766,58124.40397011366,84243.93360814611,54694.47462446932,18673.80351841808,25856.4915437683,33153.29489184095,144957.6350026681,112100.8463884177,54420.68950940887,58035.52909041252,41153.18512199877,143046.1947762186,66255.24929050345,44399.88727014766,41679.8300904764,154720.3929355517,43455.5449957661,8205.80207353013,26749.27508798274,69128.05584549092,38067.27215899774,45653.09879494788,2572.165058392683,44845.3184100947,28861.09006817501,17388.68869200404,24148.94482229062,65044.59771429685
2107,21713.01278229185,17848.81853434714,89394.75720595151,57630.19248499742,85421.72273283577,53826.77868854246,17639.70051062475,25033.14330633912,32753.87116043206,139166.4826155414,116475.6660171576,55000.15054814236,57617.59091734311,40183.43491607978,142173.0261704483,65331.89029335795,41845.29508348493,42004.56770726156,154830.8431109861,41525.11147628637,7366.900081826108,25629.57530119041,66504.42784384135,38568.25276127129,44638.0708320294,2654.266339477888,44987.99731867004,28639.59798622019,17319.62465423521,23700.1088171324,65188.41208517331
2108,21691.29190985526,17841.71167677725,86495.16584864157,56975.87259543456,83647.06760228082,52620.85602945636,18202.13987962434,24163.86020979644,31925.28996956821,140704.962859411,116475.66328009,57449.51684837092,58676.30552253919,37145.69317462208,143916.2856462208,68054.48238932421,45212.30604478618,41219.75059959217,157047.1408412524,43510.63108680433,8515.348401927502,24831.03063922529,66516.4686404591,38568.62289659398,45638.79847123221,2839.035336822043,45777.37808252983,27819.65198412693,17319.62465423521,23901.25612842684,65187.438289177
2109,21503.80890461774,17792.47328382214,84726.81149421021,56134.71460268841,83333.27364217295,53816.45198455956,18160.19750316491,22847.24881718866,31362.17785381711,136774.9413664993,114061.3236890367,55520.19722948237,59844.9904820673,35701.18352293743,143840.3814322156,69420.15897549236,49579.63253719557,39533.60777355413,157047.250787593,44446.06960014199,8925.350164374819,26495.29596315419,67378.4636457297,36525.98018814785,43798.55797054433,2848.609230572401,44839.91235591335,27511.51470141894,16939.77245187194,23532.4782473952,65082.63060879352
2110,20456.35543715693,17243.43908995667,82643.5641464355,53850.26964394944,81821.7130470049,55579.02783015886,16597.66642605923,20739.85813675192,30728.09805233463,135904.2967544559,109545.6467332577,53929.83651736127,60292.80736139348,32721.45865866859,141308.3656182387,68727.67792085807,47498.84489220304,36702.01062503118,152408.381745966,44446.06671735476,9240.00624664668,26660.28587451367,63960.24139368811,32888.78742098645,40160.25456304522,2666.231393726403,42702.47052683579,27515.40925400948,16663.51630347927,23363.99848146119,65223.61475370691
2111,18811.33594482551,16427.81372203073,76686.2775102035,50073.86905150591,78851.01176968787,53647.60758446829,15043.209955646,19576.89757273404,29040.86988353028,139077.7963653539,107924.8556547916,52605.82957046877,57427.44741526643,29770.74472248213,135238.5845492714,65894.82326110105,45636.73408662937,33640.66698849827,147762.0786902353,41525.47793883595,9147.78750910027,25074.23317463873,58854.58634130104,30499.0362789401,38251.65666888854,2379.725248550969,40424.90156630472,25851.80553260787,16228.17547740535,23203.42263781561,65526.91200473248
2112,16804.29525049222,15762.98377229155,70988.6196007409,48752.65527599286,75977.31517884048,50028.58082531637,13941.7761734107,18016.89784075214,24964.3474099571,123235.2400730094,98049.2622899639,48827.08493128083,49781.05389116996,27565.27764241605,131789.557213637,61620.00952508331,41510.83575207897,30239.37666705176,133996.1090813785,36731.60288014752,8480.85157044296,24207.20465248761,55597.89407465382,25760.52281242556,35009.63022585552,2073.850276048799,36283.1151587221,25574.84397146451,16999.07186832596,23266.14635240898,63658.41850446705
2113,16015.59106913001,15272.25069997253,68863.68960613286,48525.25782840022,75804.1424823736,48457.75281715204,13400.77343467204,17329.24654404877,24973.60587731014,123050.3737475346,92407.52590383752,47100.33463905711,47356.64381551992,26739.81256124595,129897.9062871606,60829.26585018411,40215.2811222908,28919.14843777791,129960.4537616137,32882.18505194438,7655.798183021846,22543.53974130011,51904.92234401585,24373.09138876256,33843.45371044405,1972.067959026914,35237.50667979234,25263.15408356558,16692.61440242708,23183.5089108943,63234.60435467276
2114,15451.27461266625,15033.8919464465,67589.06190263922,48066.71518272429,75839.1843236483,47658.83285398853,13299.47926088542,16779.03537404026,24245.54765637778,121728.4944478503,89734.54006260297,46467.36327037643,45333.05186585549,25780.63866292414,127909.1808786881,58989.36432840046,40033.4740338733,27699.87864215803,125140.9796578102,30991.97634636447,7062.335015258599,21141.35994826476,49216.33363571909,24102.37363323801,33608.74750205125,1916.82720295708,33998.94375677768,25263.85755848824,17112.5746326899,22907.4096317887,62837.2075635595
2115,15114.01107458039,14853.69305439447,66339.41169469903,47545.39052345596,75555.8414295753,47371.34310386004,12920.74231882982,16504.99587946879,23763.83018521602,120311.7777615078,87376.58795615261,45414.04961996842,42508.09254999303,25440.4430540208,125081.8453300541,56874.1106039221,39869.30755856751,27112.01395511836,121937.0794688286,29082.78235387306,5952.813215510712,20187.68496945376,47436.5550186915,23543.19085563478,33146.27007565757,1823.897797834213,33632.56701165548,25320.33768839841,17169.32601487186,22966.72323531113,62553.08526387085
2116,15114.01465539106,14769.61748525735,64151.10885687628,46971.91459579005,75326.71995305314,47371.34311767935,13022.17668504187,16234.42396610663,23357.97175529633,119464.2333473556,87823.38629705962,45245.56334875533,41670.24111930389,25440.62624053044,123832.2541696601,56571.69451328692,38115.33837016841,26792.54287877433,114149.2736323086,27486.66817514965,5668.265639179694,19265.50914611385,46091.02335284442,23824.93875921624,33141.53296723533,1768.866695030149,33625.212553795,25201.78898903136,16919.61993380025,22891.801321932,62447.99080652573
2117,15331.3862006232,14804.52398243497,65052.83706405689,46971.95990758194,75976.65943801306,47672.02844435095,14124.45065565051,17779.9130940627,23530.93440826822,120510.2556931799,91715.32445645862,46935.94741005385,41295.92808224299,28366.127113174,125804.930922519,55965.051707538,37497.22376056478,26386.39367371974,112804.4841972297,27156.69026513164,5567.654598452858,18285.77795809928,46092.1506518616,25259.11274362384,35141.42394470159,1766.148460366687,34545.29982684962,25509.1726791158,17146.62546252814,23271.05471497664,62468.02470260306
2118,16263.34200384107,15194.25052130432,70812.1493314369,48146.8046858524,78403.51118006717,48531.9134816962,15596.8984161938,22239.44226610156,23861.174327372,124304.7128490763,95675.34324883451,51162.65161170179,42776.60907005442,31355.74052200123,128064.6147630255,55965.94101682722,36658.21851925235,27479.45386167645,111778.7594153754,28429.82662827939,5712.508894908365,17872.62931961024,48304.65713257842,29248.77169840483,39479.09979890919,1766.175488144739,35715.45967258609,26588.00204301986,17725.48956448762,23226.89196615464,62449.05533457936
2119,17597.5152252332,15822.60004248247,74571.92077453894,51423.75651597557,79953.83440148106,47961.83175978047,16236.14587629133,22797.36022717193,24947.16283013685,130374.5275235629,108652.3645023754,50264.73959344975,43316.19939603932,33884.24666313623,127296.0176431316,56571.16888959365,37953.26499982001,30585.87188083473,114746.9765486407,30983.88967337976,5668.884217589563,17604.54045381722,50153.66782152731,31955.80163564489,41561.05934504438,1942.368013295125,37341.52136836841,27248.03697919107,18542.70947002424,23357.45797098323,62624.2467012247
2120,19280.30638414821,16641.58939333856,75788.4433520448,50785.03687751926,78761.41321519,48581.37014343291,16607.2708565482,21995.6907496963,27033.12161502388,133223.6438338234,121623.0173586018,49861.04502147264,46044.99333446631,36296.12293529833,131871.6700706786,56572.65633484114,39200.69870071372,35314.61951061527,127808.3775443002,31625.82102158972,5969.228004866046,19048.81846405524,55190.1827774458,35133.35376217726,45263.4509596161,2234.023257517821,39893.7181864871,26535.55920502587,18474.60781299304,22793.06447650756,63064.05056199517
2121,20515.40100924551,17660.09557000825,80948.16193732542,50825.61119498695,79428.1307961846,50933.46499776542,17691.66915008999,22278.00644479397,30678.05608887007,135596.6498316563,127370.2797601641,50346.85953594859,52058.27769059507,37859.08690734072,135555.4559924745,60796.44510710066,42135.16934136565,38418.23841661781,153791.0455546067,38378.71834440711,7319.960542077666,22230.73144574654,62820.42344058161,36512.33832399909,47128.13154899033,2526.14294415302,41903.7956806215,27630.63409019534,17861.6928811953,22445.89519434146,63206.66823231314
2122,20967.46871370495,18163.29518104355,81745.00275688658,48755.97689609295,79291.13674152581,53279.28485840702,18437.4334532291,22566.81986937497,32373.94316527107,138538.6061733176,125883.1139756492,48643.69902521341,55885.63841194494,39161.95738321789,139173.6866638081,62905.54108410788,44461.31308564633,39392.32476253757,160413.092700623,41507.81065480053,8179.43713729339,24398.97235751054,67312.78495505768,37313.97628251446,48559.73380180918,2579.891398691527,43235.72660056868,27917.85427050581,17373.6309939013,22623.444845405,63309.98244554481
2123,21424.38814683735,18560.28975296782,85862.99303467745,48761.11463787791,80107.14625859955,54457.31033951291,19010.6903465441,23771.2518433278,33117.41908566895,139396.2113398765,120025.9679915497,50973.9541344659,58670.2161887082,37326.83678451352,142288.7807793254,66848.5211560076,46042.78961598142,40600.71958609453,166348.042648598,42419.66233208164,8581.299128365534,26528.94562745898,72754.68320994294,36075.05775459379,45734.74721879751,2650.848475244768,43365.00817978747,28503.16711888444,17078.52380549694,22620.18194276385,63536.66904009971
2124,21431.24797160909,18284.86896205346,82000.68125454939,49510.0739502827,78710.62687297582,54450.08254993113,17335.58745053435,22069.08809621695,33345.34880767989,133049.2081413584,127531.7466455162,46254.72927791571,56690.29055915958,34580.80536723237,140789.1182782781,68687.64684135848,46109.30171216305,40146.38542182386,156942.065753931,40941.58645961667,8581.306693133038,27813.63786329961,69567.06421618906,34160.03085502885,41551.42177887206,2544.631191150031,44302.61435366971,27553.39475012698,17078.52380549694,22875.0674115455,63593.45595881713
2125,20745.8987409306,18040.69917473565,81229.52235765067,46957.78725321135,77043.87961079036,53868.43272585004,17315.60889946295,21452.67822413986,33571.40789148219,126608.1073173884,130444.2966330738,47460.03631224466,56349.5037701193,34926.0128661441,141538.9692100539,69495.37615899376,47588.28485576201,38745.33890172056,151125.1118835434,39917.86035052356,9004.104945332594,28999.81686478918,70122.2229108989,34013.56331785042,42018.6697790519,2381.339989746782,44631.93325146042,27505.27424588826,17373.6309939013,23052.908447564,63643.93905674585
2126,20299.80095188655,18216.75233908092,84129.88766229637,46378.33406379954,76577.92492053735,53857.76566660106,17704.75642185038,21727.89431470034,33777.97389636089,132961.2505339195,128523.8919183962,49177.76684400773,57458.09745484003,35901.1706405857,144528.530857209,68738.89410211905,47594.93735822305,38206.62660954488,161228.1456227303,41508.60101988783,9034.579133716143,29311.84621529192,70950.2929742085,35120.51631192048,42491.04919124499,2333.492908903376,45681.10611049928,27476.32550965259,17464.4332059215,23227.21162832432,63577.68100341767
2127,20297.65191814195,18195.81201622895,88099.56462237939,47562.99665524315,77025.22300607823,54188.65113894139,17704.74121916643,22003.68879646059,33692.57665628428,137514.8506398052,127411.0764271755,51414.66200647219,57458.08236320603,36572.28672542221,146038.8114949425,68105.83002532281,47602.33010331079,37812.96060691777,162266.2065300234,41510.67485658285,8882.671878595816,28903.13069386618,71893.91832689618,35943.44556549173,43900.97819091892,2323.858921860658,46169.30288146534,27742.8665398708,17305.52933422483,23487.87225405396,63576.87702852936
2128,20755.74896842255,18275.43429170483,89807.9962972734,49351.58635317096,78628.23983835866,54744.67925460065,18069.5240497929,23510.20600366279,33688.94934100271,138846.5687635346,121287.7859833974,53437.46243950343,57666.96355550721,37935.41421565499,146041.0231235981,67168.55258362726,47539.50820003416,38314.0712805022,162381.500129988,42251.3078458404,8481.538304755219,28672.28545490142,71878.65144836396,37854.58914824082,46207.30144645645,2332.272218280889,47111.36879310093,28372.55377512526,17135.2751876789,24135.16972500495,63597.64624407975
2129,21197.92895797075,18363.22098826351,90436.91429969136,54102.732911983,81525.17971322133,55047.8028862084,18623.9745462326,25576.3633612529,33458.48677114883,140557.932338379,112033.5599663496,54354.27082540842,59074.28779665149,39837.04682432397,145288.0228094905,65860.59149334297,46995.68388589683,40903.67297741104,162266.1977240369,43103.26414448699,8480.849531675985,28493.98381701593,71893.91929707867,39168.12495620224,46678.48914047261,2434.471699569919,45549.27470910601,29577.86048526413,17192.02656986088,24181.17394762987,63862.57860415549
2130,21424.39404954653,18216.59811591072,90846.47452140875,58449.13127304058,83868.23728082576,54743.97661095847,18532.88722392729,25850.84183862498,32212.18171400155,141035.5961493402,111243.1131526612,54098.65181766187,57057.57552495584,40804.62968543178,142290.4342812175,65861.70698385652,43752.83219580352,41605.26026842706,150135.8470951042,43087.1223875982,8280.481795465745,27541.07226662497,69256.25062372597,38609.47140573197,44835.34543399491,2566.317763783432,44701.14871598074,28688.44175364857,17430.38237608326,24392.8240974293,63847.91043343912
2131,21424.41322728594,17940.93638030507,89230.36700219568,57957.24312154273,84973.67649059377,53865.80124723753,17522.3616218339,25027.37636454759,31851.26856596928,136016.6122685194,115468.5915549485,54690.90549560989,56647.162505708,39857.10920579034,141539.2531333168,65037.24226530576,41426.70816089996,41929.6954453568,150232.3910999991,41191.98407449619,7467.276297307156,26341.78132231971,66458.59817547978,39125.15269264761,43886.54619137072,2651.366567455121,44844.28478954048,28498.171161596,17362.28071640679,23923.18315896353,63940.98476496008
2132,21400.73544057686,17933.96035963499,86326.87894365576,57305.99924992441,83308.03590688718,52645.31429332438,18071.97745093024,24157.96949068693,31102.57532999117,137349.9578669027,115468.588911315,57194.34593937622,57686.81450602453,36889.00206404929,143038.9676734936,67468.23728790121,44492.59286991807,41145.60926616727,152169.6470443902,43141.20130852045,8580.546378309606,25486.4740399439,66471.4376344714,39125.53368915454,44821.97818027745,2842.768966687238,45636.19484976386,27793.80462220323,17362.28071640679,24133.65426859049,63940.35453996357
2133,21196.36139333041,17885.62844308278,84556.14813415252,56468.79561821958,83013.51786454822,53855.34982450897,18030.99135485906,22841.17062563481,30593.75587233402,133943.9493204778,113136.6665319868,55222.4331379195,58834.45679786619,35477.60511908658,142973.6677826935,68687.64616974167,48469.33059553354,39461.03680576033,152169.7431479951,44059.53667116737,8977.989334428485,27269.0396485586,67390.60850601073,37022.95204064361,43101.81001044824,2852.686573321206,44695.72533997732,27529.10232360693,16987.72159347672,23747.7823952499,63872.52470675212
2134,20054.5389429377,17346.70194183818,82470.10115308383,54195.09004521291,81594.81029218952,55639.21283481742,16504.08577042296,20733.47987360192,30020.81110400619,133189.3928899679,108775.1391851215,53596.96236756983,59274.21054460963,32566.18492514495,140795.3914073442,68069.33173345448,46574.63672704944,36632.07682579428,148114.9284435362,44059.53384108778,9283.007153748194,27445.75746964711,63745.65661265495,33279.03014343232,39700.89925371749,2663.761179771184,42551.43482127722,27532.44790066163,16715.3149574161,23571.49307247631,63963.76736186993
2135,18261.31351953925,16546.09219699161,76504.8086417814,50436.44265907308,78806.5949796058,53684.46623923093,14985.07069276236,19570.35371549846,28496.25764869718,135939.7510791763,107209.6763139927,52243.7255983822,56460.44261792046,29683.1106375239,135573.5990974032,65539.88356976911,44879.06248897229,33573.58432900922,144053.6157005614,41192.34383680402,9193.613177875444,25746.96404074046,58301.34501503871,30819.15457390745,37916.8338854658,2366.969161794384,40266.56818242231,26103.34550468293,16286.040421227,23403.47404316947,64160.05643033583
2136,17247.04596493159,15914.08233268281,72834.92145983913,50401.93904095587,76394.02405086075,49873.50373046843,13863.33056289195,17249.05733336988,25144.02629277115,138555.2049996996,127769.8924087781,51369.71580938844,46910.86600649909,26874.01968082137,132716.7751727233,56567.07868989134,40535.96558694104,31652.64689525391,151076.3190866289,34343.22142814704,7924.111090080572,22732.80489560102,54316.74799672853,25706.1531984771,36575.20493356996,2275.526673309019,36306.2731356722,27300.66775196826,17844.71967571921,23234.60810804365,62378.54678538266
2137,16144.47452182243,15236.24205497291,71249.2018892616,49512.09245411577,75579.4492307544,47781.4479590591,13363.14093908152,16416.8493762461,24683.32835581549,137956.3511401062,120707.5717058807,51015.78228188252,43813.33357641886,25498.15007630248,130176.9194311882,56288.38752408655,38256.71794743648,29012.23155155329,143600.5490428897,32346.05972535105,7233.481378029112,21152.84013532821,51131.8046826326,24213.69372800952,34992.4853866132,2086.097388604149,35230.94069096193,25968.95308492834,17618.0145704195,23557.88345973675,61915.73554591516
2138,15706.51900075608,15039.59647730142,68174.77662435742,48187.93915422962,75420.23838128246,47318.44915530706,12748.01987220902,16106.41087294063,23600.40963433321,134646.0601668355,115431.7247495284,50323.69652647997,42478.13860884893,25295.11881923031,128473.5237983794,56550.08561837738,37161.1937367719,28635.90838456776,135605.967053541,29818.17694301337,6704.101341526287,20077.23595951594,49017.18378356234,23739.69905519232,34212.83895179474,1990.498012602431,34271.29919833577,25879.1043055915,17261.69262600991,23444.63499808215,61263.140305141
2139,15549.37957559258,14873.56332349986,66178.29633062528,48213.00875035443,75380.54231741997,47471.57501035294,12890.1358784418,15806.17506864912,22886.57247350938,132561.3334987822,111227.532873024,49753.38423002454,40800.14605878257,25101.73276566201,127028.0961766978,56109.15720705204,36105.42505050261,27737.85811555878,127240.385176032,28343.31078557433,6271.361357684259,19310.76618417008,46857.75053991814,23024.33852216922,33582.8260152102,1897.60712675467,34281.09789107744,25797.48712937946,17331.03316153253,23557.8543047802,61075.80743557834
2140,15103.03937590562,14680.22795502455,65160.56610548309,47966.71709638996,76247.62355532662,47463.57631175744,13022.64562426061,16090.32101970933,22873.23564903052,131698.7831727799,107711.347355558,49750.73616986132,40341.24617376514,26084.21578001296,125007.3379769421,55968.48938546783,35998.32496866588,27417.17824593897,123083.9212924423,27608.71723114968,5963.983871523605,18767.00290861013,45798.10590202739,23031.27841778521,33141.3039663581,1808.348500929572,33802.99932561996,25484.67950049134,17288.22838256556,23665.66284158174,61073.71429689098
2141,15527.33740421258,14774.88116274086,65088.91402514645,47966.83412485867,77366.38506777464,48277.09428462641,13446.07693600319,17228.13086439604,23808.59715905085,131623.9342828381,105339.8527228065,49751.6285921891,40192.66750210128,28186.58945385863,127360.6536285151,55816.04840840057,36521.95454546645,26398.9541926316,117962.9616046742,26995.14502970209,5792.284723760838,18207.20233975666,45770.5844480686,23740.63972281884,34061.14077932464,1792.659818350834,34293.9540133535,26281.35480626996,17895.9503168084,23827.42875524784,60943.07351169077
2142,16431.14355578738,15062.5839308275,67430.2739465726,48052.8301690587,79060.70099227995,50221.97164124517,15193.08750836308,20764.60945215693,25298.49885637444,132776.1554595205,107709.1444667851,51343.52876974784,41717.85915335829,30027.66339674446,131910.3699813057,56862.20838723122,36477.56417013669,27401.36812050124,114793.2416211403,28448.80727025424,6010.24614703259,19748.10161986843,49440.30782530759,28210.34867546034,36546.4973298537,1809.099533733163,36266.40859406855,27548.00833686202,18283.46545926949,23881.2380947664,61050.94630974116
2143,17508.91025418028,15940.68152696176,79441.16940355313,49007.29032871575,80428.5772899143,49382.27064392563,16107.4304956828,21809.28651788475,25919.20220119664,129639.4662284704,100863.0607306632,54278.82611647811,45630.06615418582,31310.05605346751,134229.4369437558,57928.34396107369,39374.88223698626,33790.20673188341,111090.3539211849,31544.58743691134,6330.078603234287,21597.34385389343,50066.48415193651,32124.02032842162,40564.11111499972,2010.130976521481,39471.70821667815,28524.2020778848,18620.09115966224,23579.50569682859,61002.26181470141
2144,18801.52172188818,16331.7786620157,77365.68296843255,50402.79065836319,80105.25822904165,47561.06373588363,16485.84798788522,21142.85622835609,27011.86124502543,117760.7654485287,95916.66833503061,52099.56787594066,49810.16064145427,33378.33912980231,134400.8258988731,63369.4051857552,41319.27149733161,32931.75668603498,107566.2433780172,32944.49175330044,6642.709995811737,23175.11581843634,55014.86314443748,36671.77159622152,44582.46569795051,2274.831392044411,40381.17410329609,28304.94579428444,17611.71957268647,23132.80851929297,61318.33184571067
2145,19768.08895380987,16962.1559247061,77962.22477717414,52837.14499554149,80877.97667985361,48969.18290307328,16526.41673746962,21211.06239004072,29014.63150642813,117158.3354055936,99503.85999080873,49731.46169080502,53025.38570787422,35165.57577138195,134400.8258866695,64669.21453141238,42317.58852128112,33284.60768132775,111255.3537110888,35457.55058418876,7445.67241051798,24864.25157393111,61658.48141979257,38071.40230054037,46984.30735066809,2557.509848149434,40999.51402643582,28860.74054654872,16800.25370811091,22660.40435003441,61396.07925328911
2146,20356.29611148859,17403.42650588383,78634.27093692437,51382.75380930831,81416.62499304111,50386.34954526424,16642.16814779793,22117.00352005195,31145.10373705767,119268.4717973911,105821.4113421343,49002.77718632895,54861.85784650942,36344.00230928074,133462.1060911457,64012.21169197078,43290.98410675262,33282.3681885197,120792.1975267552,37157.42259745661,8188.457671773577,26853.89029649013,66861.83139703597,36634.90599684657,47943.63514751943,2724.316928585177,41192.64582561696,28277.66220226633,16153.40654403133,22425.78429644427,61768.41314734389
2147,20642.70701919237,17539.36184384919,82031.70657018005,50401.93879350604,83039.36829987534,50014.23743268431,17058.58611877531,23162.57546004172,31686.18434730908,119635.4384002996,105115.6624536347,49099.52980069834,56676.34230868673,34853.59026031646,132049.918756692,64577.36958217217,43945.8430464698,35805.61783681142,129305.5495052559,38834.08390473056,8136.395413165871,27994.66150777296,74102.41119844324,35170.64825997013,46475.7553897378,2771.770554539606,41474.30239538303,28524.31559750505,16172.37616940402,22479.16148100863,61661.65743793535
2148,20364.08742524889,17177.71880694967,75779.53171482046,50402.30734338863,81716.45477426855,49048.07207629764,16301.77219706138,21816.57854980598,31325.25464062428,117546.006227849,100868.4919278126,45788.41519075625,52999.78312317602,33584.64066650158,125431.3239623718,67209.03373809997,43170.6886881543,34089.79051209471,133452.749790228,38860.72393405802,7903.931894940741,28024.82193904895,69314.18875075181,33533.95464435578,42438.34727395277,2722.16275970646,41061.92850138401,28172.63818497655,16862.7466772167,22695.81587694833,61685.12436076154
2149,20076.7657888142,16681.81410401072,66549.68238049948,48397.0572508476,80826.73440505512,48597.89743084105,16412.73198648094,20912.42295479946,31293.52034881735,119744.1669218999,97274.0822947869,44980.71124581664,50577.25161399702,32754.4729751082,126379.3748915002,66054.38895385028,43956.81413942037,31652.60932616454,135392.3942945303,37430.19543963982,7962.216503507229,26665.88091029156,67002.33402082523,33157.48710953762,41960.06010778969,2495.656060984748,40828.10398235844,28001.39263449825,17217.05959417721,22480.41169628148,61213.58806542385
2150,19652.20779221445,16545.12438036303,69161.46679870204,47545.17217681299,81132.49788952063,48150.56901125131,15782.48896785781,21045.49612714366,30899.50405697632,119935.2731404772,93081.05342847401,45433.07863577846,51112.66970923988,30337.92685994184,130173.7566139465,64165.31118235899,43989.8056931153,31163.22409144757,139672.3531785489,37710.85567702431,8136.794000694706,26422.05725240381,68176.74652057789,33313.6668315131,41933.60342830248,2468.825490311944,41293.35912676366,27857.17531278888,17348.30993669353,22480.29898134819,60978.93915334439
2151,19372.84284846034,16513.00182120388,72319.72460771562,47083.75953661421,81559.99316214184,48292.82895218909,16300.77113962784,21512.55358511988,30357.57007002122,120734.2677870904,92301.89987036644,46820.99424327755,51069.69907575049,30016.91913239106,134436.7758653388,64045.44936462768,45040.36060465631,30673.70177519205,137599.026577075,38833.50060087075,8189.962311312778,25489.56417802961,69225.39934186178,33769.79446076935,43395.92266216348,2412.600758167564,42249.86925289162,27439.70656894869,17260.8476076984,22803.91121937178,61129.90945513331
2152,20077.45321065153,16926.79310860157,75855.00642242517,47967.73159231924,81904.52852988533,49693.46557615237,17195.28771475765,22793.11242055863,30434.53971798993,122758.4502985688,97324.83615657537,49002.05027225994,52408.44106374145,32685.72481455784,135338.2226387648,62672.5953057162,45483.16072361657,31977.61604680298,139672.9179528036,39121.76003625975,8240.556186145594,26735.65208047974,70291.86002122903,36138.06038695751,46267.34013565879,2469.463364386459,43134.26736370553,29200.51526711001,17231.32454709145,23390.73755018299,60569.00917776675
2153,20899.26879250518,17440.95864921028,81836.55053607919,50841.02359738141,83925.42340109378,51977.70573632027,18052.74958683963,25426.41971374888,31672.75874769022,125831.5838502299,102283.3805696665,50672.31983578142,55758.15084598691,37137.82297434515,139553.502049404,63846.39756471596,47215.83641877416,35581.41721252431,140622.4059070822,41910.64465214177,8618.98347698228,28264.15906077436,72420.46702126926,38309.86576040062,48418.01435276309,2559.41983204712,44282.43796120719,29659.6564852787,17609.6521088966,24150.98933773245,60545.58635342715
2154,21505.87799769749,18085.27149510853,91604.7357564413,55376.80895511654,85200.4353762754,53677.18261808123,18860.34881920243,24814.64079005232,32690.49593769639,127686.870123885,105819.7997012757,51864.28763894073,58215.55523212913,39267.82835750815,144730.6185464562,69028.21536760405,46767.26163095659,37587.22730622812,146930.5771389074,42760.44020437917,8774.544873770512,29121.0918896342,70422.3811923597,39988.5132930728,47256.71994055266,2648.368474861359,45104.73061311845,29978.35312694363,16892.16246412341,24045.92557255987,60805.40216212992
2155,21774.59403651053,18382.77840878432,91216.37843510394,58827.33787680979,84852.23813267196,54476.63046534023,18495.89481406835,24788.16581069214,32612.57556008802,127347.7601070069,104457.3427487895,55558.61914225434,57124.81431168484,39901.70015794969,139652.2660908414,67895.29669030428,48562.74728821902,41439.41406828198,151078.7703142586,43606.33302317265,9206.178662266324,29882.90119228405,67125.25365423675,38817.99002237032,46734.66011146689,2677.052296125889,47256.80648741619,29950.42384103889,17733.42020755655,24355.70190738865,61486.26319364446
2156,21774.5940381503,18109.32703050529,88243.77737110424,56821.92554517748,84955.21747142152,53401.13448613077,18069.39961810314,23912.7093253303,31996.42869160078,127009.4029708321,104305.139474724,56675.93856635872,55314.74041054496,40296.05294508187,136662.1309170087,66489.89734886444,47511.10291221391,42090.46946883912,150040.8188114619,43605.12413426903,9197.425440874971,29989.74974846382,68162.12383652656,37115.81507529614,45071.39340651737,2918.632258244358,46255.7856955266,29507.31940730559,17235.2400868345,23941.64872367742,62569.80168387431
2157,21490.40038244565,18105.41404474828,88281.05248211932,56379.30221182373,83641.64742760392,52554.30526971225,17174.74491982933,22564.53936328147,31292.25029933131,127634.6076550489,101824.6595237425,54865.78229067198,54694.35323495137,39146.0886038102,135808.9252546099,64686.2410545451,46387.62012327506,40807.91182191256,152113.0229293594,42957.4694753503,8987.50881718332,28834.5965011328,69646.19963269497,35203.26400973606,43392.43160297027,2948.432499575687,44456.73045637025,28720.77869682895,16970.40332021737,23719.86636387855,62689.31649929337
2158,20479.18473394018,17726.94196285108,86125.29899698881,55192.22190609116,82533.87453838754,55379.32498902418,16100.1667581976,20463.1338200145,29907.70917564256,127646.2773059535,96620.15148427931,52882.47591253032,52999.35870699323,35537.72603918226,133421.8270158514,62049.03248006548,43397.59440850239,38051.93216909021,155259.97273782,41615.2274988727,8774.95670685001,27408.11712440628,63205.619057792,31416.09901976264,40526.62948218785,2868.234438699438,41667.39757935124,29008.33911977077,16779.66621936447,23768.54778690907,62342.94139808654
2159,18811.22311828908,16857.915355435,81509.93612467613,52431.55446915018,80345.84494443359,53049.65704279319,14645.17050093902,19119.25415651176,28136.407766523,121365.370036818,86789.51163474377,50710.50828120467,50100.61015444212,30341.00520056147,130070.4607237782,59414.33191105779,41716.29696699632,34601.46899800152,158120.5619031855,37790.06468288725,8349.527157599281,24679.07262269397,57517.52317424119,28811.72106315383,38369.77381975965,2534.393672341439,39940.27173391496,29056.51659241736,17661.57712866551,23724.17297037915,62463.66401720186
2160,17448.16497563224,15851.48823172784,73359.00445404708,50306.98225106073,76095.86328352033,49229.85218840784,13620.13803801877,17508.73061479015,24864.9534635722,138755.2476499944,125746.8352240899,51140.82449499733,47373.42682958957,26932.68064478158,131863.7019394546,56562.51726927275,40991.5599245855,31542.58195196988,150917.0416949995,33809.36909706103,7823.708377487266,22882.08461161964,55594.89801806545,26130.00247834983,36575.04596322578,2296.596349143022,36293.8062239603,27581.72817593418,17903.0414758102,22966.53570319594,63747.74907279401
2161,16363.68120842545,15143.61710598226,71817.22741387394,49424.46245506903,75264.32286062153,47301.87764311181,13107.45174647755,16678.0100087641,24374.37495505465,138117.6989870504,118761.5667947131,50789.5389342618,44139.78456291765,25512.73643822114,129162.8907905321,56277.05225331867,38550.79417366082,28783.38544015782,142647.552288826,31675.84423515675,7168.918734116955,21300.2243039798,52483.80423708182,24610.02538236658,34898.5723246344,2109.788155552395,35207.57530725033,26119.3020243713,17681.19710762224,23261.5009568516,63195.94761551317
2162,15932.91034425748,14938.25939706961,68827.99881815756,48111.21192698979,75101.79603824476,46875.19212146573,12476.96258074614,16368.12633198336,23221.21882255471,134593.5143297179,113543.2810876776,50102.63104402366,42745.91929149908,25303.20127857849,127351.5477914466,56545.11116521913,37377.63601113659,28390.13307850277,133804.1675029244,28975.36146676266,6667.010751792532,20223.32968251039,50418.21522043621,24127.29130445257,34072.74269619001,2015.51156697162,34238.20786802164,26020.634338387,17332.51498807075,23158.16996968196,62417.87013129304
2163,15778.34879013502,14764.87035638046,66886.84381499818,48136.0751058622,75061.27320238376,47016.30822113661,12622.62919343808,16068.42711959688,22461.08264309743,132374.0835311534,109384.9583462675,49536.58556009778,40994.19344018509,25103.62029685459,125814.5207187044,56093.46557534144,36247.05063476878,27451.68330938102,124550.3929341799,27399.79369452253,6256.727709016532,19455.94034250023,48308.85292660289,23398.7411179441,33405.41026690002,1923.905991765607,34248.10587031078,25931.00621018252,17400.36880756236,23261.47435507357,62194.51654433137
2164,15339.33079793366,14562.96951125591,65897.31633275683,47891.81136037431,75946.41362344715,47008.93686541158,12758.44954424703,16352.06523509913,22446.88080077006,131455.799715737,105907.1355851304,49533.95731149451,40515.12886286126,26117.57616861002,123665.703293397,55949.37869043129,36132.36094193432,27116.57740273863,119952.6279077837,26615.04321109123,5965.30150618875,18911.5246922347,47273.77835293483,23405.80896976428,32937.73418544851,1835.882417803712,33765.16178581929,25587.49564578276,17358.4817969774,23359.84180634185,62192.02093299024
2165,15756.66822040411,14661.81620848665,65827.64983283241,47891.92742525771,77088.47620409809,47758.6501212755,13192.45980476778,17487.84154633181,23442.90925608007,131376.1144821181,103561.5147495034,49534.84305713161,40360.02143994856,28287.2972732828,126168.1529580625,55793.23249245295,36693.09735121009,26052.54773678801,114287.9643828663,25959.57723428566,5802.512645865022,18351.05250808891,47246.89504111086,24128.24931589314,33912.05851960451,1820.410816055769,34261.09228911917,26462.36684027419,17953.17369135634,23507.44144085607,62036.26029127227
2166,16645.64743912991,14962.26528037371,68104.1273617827,47977.21539793284,78818.08058863258,49550.98954574388,14983.11744537082,21017.99961616839,25029.44501819072,132602.7861630989,105904.9567306084,51114.83337466197,41952.23211073469,30187.34817233899,131006.1933432329,56864.82037068761,36645.56126697868,27100.05604633039,110781.7080813737,27512.49331849037,6009.16301164303,19893.80046713748,50831.52825148217,28680.36973735941,36544.63783378175,1836.623058732516,36253.53765605527,27853.34592457359,18332.38020207383,23556.53855078731,62164.87507433936
2167,17705.73338326352,15879.26586934738,79782.18393060472,48923.8167535372,80214.44640664263,48777.14681620659,15920.30425023614,22060.80959859422,25690.40678230647,129263.4204843273,99133.5660506038,54028.17018577933,46036.34686962932,31510.82099088883,133472.2239153071,57956.86936950443,39748.19679658657,33776.30160486028,106685.6764447835,30819.64863961754,6312.397836731116,21745.26131156173,51443.18537798498,32666.20077090587,40800.23928496081,2034.872873911367,39491.32292378769,28925.35578614323,18661.78838068863,23281.22967608427,62106.8294327927
2168,18977.13956995155,16287.69006361603,77764.21215789451,50307.82685644742,79884.39339987995,47098.77829065963,16308.17607223363,21395.57037653165,26853.9349881888,116617.1802064355,94241.1404451869,51865.21614633209,50400.12045968115,33645.35943997072,133654.474108975,63530.18069003343,41830.37454281355,32879.23350619136,102787.4031388362,32315.13629047823,6608.805295721083,23324.92619268625,56276.82591450096,37297.80243384337,45056.62541589793,2295.910688331485,40410.00622828303,28684.57889078594,17675.03707962912,22873.65098012436,62483.67400535402
2169,19927.85027399188,16945.99538606256,78344.22295002102,52722.13728342458,80673.20568760313,48396.45780197408,16349.75838579391,21463.65463778429,28986.6036392245,115975.8242858923,97789.194643993,49514.82703516578,53756.62693905617,35489.84841380129,133654.4740959979,64861.58312083488,42899.43696428456,33247.95778198525,106868.1946344345,34999.78295059699,7370.098162203035,25016.08847238853,62766.39808622831,38723.23920817197,47600.74273762696,2574.677785162572,41034.61301370505,29294.92643799689,16880.96968624219,22442.61652332599,62576.37083106408
2170,20506.40789784853,17406.81589692398,78997.64576087896,51279.72121761205,81223.07272877105,49702.47518923819,16468.40171319803,22367.97663819854,31255.25692698788,118222.3066516114,104037.8194037376,48791.59421074828,55673.79619009845,36706.0246632444,132656.2658718043,64188.61121122472,43941.81189798706,33245.61754382578,117417.5866623541,36815.7196357863,8074.336754651586,27008.11424466955,67849.09757505057,37260.25711499996,48616.89734649727,2739.176792920934,41229.70219966084,28654.61733861307,16247.99143795927,22228.54278322342,63020.29778834983
2171,20788.12023685104,17548.77367647527,82300.93365112806,50306.98200564831,82879.61381292205,49359.548059448,16895.22341262703,23411.6798955358,31831.43167723523,118612.9847165206,103339.7704709157,48887.62296685647,57568.01159592841,35167.86875997847,131154.5855854448,64767.50579396852,44643.07719450221,35882.37756895109,126834.8204169148,38606.86082332955,8024.976254875912,28150.254085127,74921.78947860103,35769.00172970555,47062.06615528933,2785.973813548884,41514.21335291334,28925.4804480287,16266.55433953137,22277.24558318016,62893.01488983497
2172,20514.07139516751,17171.10850657269,76222.01539723367,50307.34752097645,81529.14723159804,48469.15964862402,16119.50135755029,22068.08859794159,31447.09230216625,116388.5443684832,99138.93799158158,45601.28058327547,53729.89934156201,33858.26963936648,124116.5580634967,67463.13501525552,43812.99178532406,34089.36239786266,131422.3383075403,38635.31979328296,7804.576376997651,28180.45070108735,70244.59192439355,34102.13113247825,42785.49783504395,2737.052430800529,41097.66005806086,28539.28492302276,16942.12275656733,22474.92696692708,62920.99407683202
2173,20231.46326793176,16653.23337894248,67247.93823254893,48318.60819359886,80620.89616144978,48054.29247861866,16233.23335085785,21165.54894136162,31413.29974462544,118728.7387063458,95583.74456606618,44799.61950525955,51200.91846492836,33001.50835908522,125124.6887526787,66280.42550666595,44654.82575023609,31542.54269280539,133567.9192425107,37107.11699216231,7859.836319324579,26819.87929603699,67986.34235336365,33718.72237557206,42278.87881508509,2513.679855169983,40861.46573238995,28351.23114727296,17288.83892381033,22278.38631371576,62358.78989348616
2174,19813.87014194627,16510.48779161437,69787.3464132781,47473.73734410209,80933.0279520522,47642.04830322768,15587.24442864441,21298.38428068909,30993.72780979046,118932.1932089468,91436.46304268454,45248.60249187001,51759.86356790939,30507.55061421841,129159.5275396476,64345.43192830781,44690.15523920109,31031.14207707084,138302.291011997,37406.94028307033,8025.354157797407,26575.76311308514,69133.52365738217,33877.78170345142,42250.85494578351,2487.220533169159,41331.43622802349,28192.85849583635,17417.27515497278,22278.28346953444,62079.0222461321
2175,19539.08817790989,16476.94208348586,72858.08443482567,47016.12386879254,81369.42690646168,47773.15070914423,16118.47528983759,21764.60699728019,30416.6443333759,119782.8147094799,90665.810309674,46626.13435744245,51715.00474566507,30176.25972625938,133692.7022920351,64222.65675668677,45815.15736846167,30519.59821307658,136008.8346501624,38606.23769237063,8075.76331127098,25642.151289207,70157.86128256633,34342.31930935198,43799.79622946627,2431.773770207599,42297.64056441958,27734.41403805393,17331.68808762148,22573.55610747224,62259.02140222237
2176,20232.13941261919,16909.06586554186,76295.39859402202,47892.81750317892,81721.13810391755,49063.93453771847,17035.34034219876,23042.87717328793,30498.60618315349,121937.7893048237,95633.94468630057,48790.87273511381,53112.57289846207,32930.55792020307,134651.2754330268,62816.43419237189,46289.33636776456,31882.1700972743,138302.9157496077,38914.17904294826,8123.731628707098,26889.73417350856,71199.5938536168,36754.25077967576,46841.30519987205,2487.849581121192,43191.00203172359,29668.05098883872,17302.79802482973,23108.99246725963,61590.27016187619
2177,21040.47311627892,17446.01085393936,82111.18566654694,50742.45148687113,83784.12327650035,51169.02033147812,17914.22492198428,25671.47812780433,31817.13530186938,125209.4926687121,100538.3897266142,50448.64611514848,56609.47353710121,37525.2745766839,139133.6849816881,64018.76681610178,48144.79753876723,35648.09110263628,139353.212980964,41893.48445253859,8482.52052308076,28420.07496519871,73278.84467440042,38966.09940262873,49119.37691327589,2576.561341035519,44350.80931439119,30172.25818977225,17673.0139439013,23802.66694687034,61562.34355270591
2178,21637.13090220357,18118.86915781477,91608.68066903838,55240.89023774079,85085.69063516878,52735.20619188034,18742.00110082111,25060.79259674597,32900.88227073002,127184.6578349676,104036.2253464182,51631.69616712337,59174.85965289032,39723.51254475254,144638.8850313806,69326.53356034479,47664.43465065588,37744.13414643567,146331.1369765787,42801.30275072446,8630.009097272827,29278.03589089223,71327.08862000528,40675.69745361702,47889.29197974634,2664.279221152912,45181.43588525611,30522.23578987037,16970.90784569201,23706.80390014611,61872.11723502124
2179,21901.43865650121,18429.55673544336,91231.08527794215,58663.00830288923,84730.24129392787,53471.95285077499,18368.44162770347,25034.36493439264,32817.90802760045,126823.6363029394,102688.6332535409,55298.38839272118,58036.19007575014,40377.68979220601,139238.7078851014,68166.07823211,49587.15679043845,41769.61457021265,150919.7531749935,43704.95184277117,9039.243350453484,30040.75916684966,68106.41183949073,39483.59234323458,47336.30737618052,2692.566150726929,47355.32300385584,30491.56516716682,17794.12835644503,23989.45228240212,62683.89550952408
2180,21901.43865811406,18143.99044299311,88340.85919061465,56674.10807225946,84835.36544063599,52480.80868539394,17931.29093530442,24160.47309540722,32161.79826994095,126463.4162988265,102538.0905679418,56407.34855024857,56146.57903707773,40784.67527512542,136059.0822543196,66726.51934165315,48460.98799218367,42449.95821179136,149771.6000206994,43703.66041277454,9030.94437545549,30147.73591354629,69119.24003066518,37750.03308477197,45574.515282214,2930.803424342536,46344.15688702483,30004.96880549617,17306.62961229778,23611.6588573214,63975.77882380263
2181,21621.90719710893,18139.90409739827,88377.10135562248,56235.12919699104,83494.4369429927,51700.39680738361,17014.28430894989,22814.71262975391,31411.94732054749,127129.0184388198,100084.6734802435,54610.73502565698,55498.93119545414,39597.87298021551,135151.8073537624,64879.02348958029,47257.88997621235,41109.70369689461,152063.8147223448,43011.78488021412,8831.921326249758,28991.19678233265,70568.90444369681,35802.21884118728,43796.09837363359,2960.19132632582,44526.86826037386,29141.22694491682,17047.47115582875,23409.2985793979,64118.27417329063
2182,20627.28053340972,17744.66429314675,86281.0868462997,55057.82303575591,82363.59185174057,54303.84848550194,15912.85903654765,20717.0627917946,29937.6057510393,127141.4421215131,94936.94835872874,52642.26682750326,53729.45627594829,35873.92014196314,132613.4342361946,62177.71508744896,44055.97710263466,38229.7441243091,155544.8832879328,41577.89666600627,8630.399558370214,27563.00600083644,64277.66212116508,31945.22697147463,40760.5373873876,2881.102948279606,41709.2655525618,29457.01222015103,16860.82360956917,23453.71683837533,63705.29741449013
2183,18986.68181502036,16837.13657146458,81793.62220208935,52319.88629555701,80129.99094859207,52156.89783499437,14421.51135592689,19375.58495691616,28051.41887301009,120454.6954848129,85213.56406759027,50486.5488523056,50703.3327238729,30510.72756639053,129049.6855957758,59478.97565021451,42255.53508781384,34624.05914428608,158709.187655242,37491.55755920712,8227.047576878414,24830.68735450425,58721.45656779366,29292.83009125061,38475.91806410946,2551.881462766368,39964.63532254272,29509.9184452294,17723.82565009798,23413.22804470417,63849.23280644658
2184,17028.64700131393,15678.8411987328,72679.1411577692,49309.08951668353,76093.02359015893,49015.34532905801,13566.59316280464,17986.070212482,24273.7738122818,120758.5094281042,96076.9120046833,48778.52379984671,50214.75812370155,27635.11654835356,133130.9919105274,61828.32075707232,42228.42616987827,30308.27681836069,128662.4590536352,36239.43144647057,8227.935624592028,25171.53638102581,57949.46915367362,26603.82640677727,34863.62268304805,2137.734228227174,36379.26123388782,26064.01452007273,17029.4844321406,22911.46036321257,63763.78972090666
2185,16225.59440562718,15205.70514081355,70716.74715840162,49094.7124761157,75939.92809347539,47492.94935647456,12997.74222133666,17316.74422095817,24283.85384673252,120537.0667671621,90477.17962634697,47046.08999748054,47595.05116320358,26782.44504710992,131232.0765975006,60985.67551627549,40743.75786195698,28869.13247922145,123872.537829581,32295.31225456801,7498.287040461873,23501.72622316421,54015.40100193037,25100.41104018739,33613.13874844668,2035.792813950813,35308.30567547922,25686.17577535381,16736.099175617,22817.99421233283,63064.7029126863
2186,15651.01168391616,14975.89360502097,69539.61578790429,48662.42523457092,75970.90727324286,46718.66182912262,12891.23391371128,16781.19569704948,23491.19004296236,118953.6498370406,87824.09477133625,46411.03523596068,45408.44998999973,25791.65783334129,129235.7140135283,59025.00948747229,40535.41217268803,27540.04014098617,118152.3017168659,30358.60162322065,6973.448809756174,22094.3670573768,51151.28722529442,24807.06231914591,33361.46471877128,1980.465710341612,34039.71817492729,25687.02854630356,17138.1456375101,22505.71522104679,62409.19187221905
2187,15307.61251590043,14802.15639789936,68385.55138315077,48170.95077515137,75720.41443005885,46440.03601173215,12493.00142683082,16514.45911515094,22966.7264876376,117256.6316698934,85483.69815345695,45354.25465762331,42355.92778791134,25440.24975179183,126397.5208282948,56770.91812943939,40347.28211818807,26899.22507751923,114349.5910542886,28402.43863886479,5992.226233629255,21137.16939322677,49255.31539417723,24201.13400712776,32865.55300714071,1887.391046065212,33664.45992141554,25755.49525701611,17192.47624019485,22572.80120670211,61940.52854011939
2188,15307.61616185458,14721.09566327049,66364.63193232693,47630.31114391782,75517.85671186956,46440.03602512541,12599.65714330917,16251.09770645758,22524.85346484505,116241.3981499203,85927.16997931481,45185.21382247836,41450.58374282404,25440.43897592703,125143.1309425697,56448.65253617168,38337.28392342845,26550.97847829894,105106.2405921051,26767.05769407681,5740.58223173436,20211.58723615152,47821.94041601118,24506.43495427692,32860.4734347945,1832.273923433512,33656.92718073534,25611.78738102809,16953.42158888843,22488.06161733756,61767.17390157613
2189,15528.94221508485,14754.75046137153,67197.3869065246,47630.35386123047,76092.44387424689,46731.4505708048,13758.67084331061,17755.40090186722,22713.16427636135,117494.3790325614,89790.13177583943,46881.16169633294,41046.11814583522,28462.36113577257,127123.3832402984,55802.19188229016,37628.94237576889,26108.24644429169,103510.1093701393,26428.96184013478,5651.605318805531,19228.23711635312,47823.14131097717,26060.50038032102,35004.94428052537,1829.551439862331,34599.31871557401,25984.406038603,17170.74399962743,22917.01191161376,61800.22006691007
2190,16477.85252204783,15130.50194149041,72516.1691076651,48737.92894335444,78237.93262857803,47564.82348683082,15306.91308844297,22096.08752474402,23072.70864095664,122039.5804762189,93720.66732957741,51121.77787836816,42646.07449356921,31550.50891039369,129391.7448007104,55803.13956263707,36667.46652340743,27299.76117406048,102292.6761372811,27733.41923808475,5779.709431733669,18813.56238911902,50180.09173361414,30383.67951391352,39656.20753056696,1829.578509887856,35797.84494816617,27292.19159228627,17724.91615055727,22867.06213014664,61768.92985408416
2191,17836.2975434552,15736.31971130314,75988.35545623142,51827.2478555158,79608.51533846646,47012.31862125863,15979.06591405584,22639.13746047829,24255.06432722292,129310.3254834038,106601.0717147432,50220.9104286993,43229.13119136027,34162.35182955059,128620.1960862583,56448.09241243287,38151.55250695118,30685.98168362393,105815.6544686066,30350.31600613754,5741.12928101362,18544.4832564761,52149.81546674726,33317.00676602418,41888.67999980844,2006.046443850209,37463.32475873145,28092.30343882264,18507.27683124359,23014.73734471514,62057.91023238281
2192,19549.70269598191,16525.9412281713,77111.82616456079,51225.10026197685,78554.34041657843,47612.75529238435,16369.29461218339,21858.83177290364,26526.1244943878,132723.1476696871,119475.1551167579,49815.88711671567,46177.74147229445,36653.72088768591,133213.4201003432,56449.67748822731,39581.07561571636,35840.65890663693,121318.2375407015,31008.0398135686,6006.742903695123,19994.09614189192,57515.14034033752,36760.190056883,45858.73185082799,2298.15757815251,40077.39056213318,27228.61899385929,18442.08010954135,22376.38641633092,62783.37227138819
2193,20807.26664459699,17507.92517133341,81876.87763254948,51263.35136019213,79143.76046542246,49892.32995922182,17509.51248177448,22133.6240018282,30494.4989203121,135565.659745597,125179.6278453959,50303.30066478259,52675.42230666414,38268.19843111154,136911.3526305488,60950.70053786392,42943.89448921595,39223.82818023724,152157.0785959828,37927.0683837417,7201.283885334585,23187.76247609816,65643.5228388933,38254.45243639548,47858.21742557634,2590.733880843246,42136.19527590019,28556.09779907408,17855.30959649418,21983.72449562059,63018.6219250083
2194,21267.55854119285,17993.08073500198,82612.76806034039,49312.22094623338,79022.64915129176,52165.82310403815,18293.66512200509,22414.74080143257,32340.87364982649,139089.6906311529,123703.5343476599,48594.53428846258,56811.09375216765,39614.0100831532,140543.4781626398,63198.22997606717,45609.58825264124,40285.65280985778,160016.7895123356,41133.14098626257,7961.375159854833,25364.01243773874,70429.1691013857,39123.10425205919,49393.31575265717,2644.566350285318,43500.41415024771,28904.27371558512,17388.06641289885,22184.54003601943,63189.04002833716
2195,21732.79043100348,18375.83962648642,86415.77306808023,49317.06450930203,79744.05261074951,53307.52750370195,18896.43050582835,23587.07571747752,33150.32327092876,140116.9754524017,117889.9961446948,50932.4593130511,59819.98150473928,37718.40593034961,143670.53497565,67400.01305396094,47421.91482716299,41602.89064132245,167060.9844365847,42067.42556149975,8316.76795900208,27501.85340452025,76226.34280622554,37780.6168893964,46364.09994284116,2715.63434076149,43632.82970411349,29613.80546648659,17105.54727792519,22180.84956660295,63562.96243732401
2196,21739.77505238508,18110.29504709543,82848.8896976903,50023.13963283067,78509.44211306615,53300.52256255447,17135.10141963453,21930.27314438169,33398.47875526643,132514.1993725678,125339.8925731415,46197.70136960499,57680.56416561359,34881.86834148358,142165.1134162321,69359.85232322325,47498.13577456567,41107.63351373672,155897.0259736115,40552.9868396324,8316.774649019942,28791.29103748769,72830.6194490222,35705.50108969968,41878.34569663229,2609.251027057956,44593.16482356967,28462.46622350044,17105.54727792519,22469.13491578044,63656.63317902546
2197,21041.95768098774,17874.88085320665,82136.71678108936,47616.99270993735,77035.93326810283,52736.8062645049,17114.09446944306,21330.29005587306,33644.59760687975,124798.7081808017,128230.7579650369,47406.97561030139,57312.32550324329,35238.45349941704,142917.843952774,70220.59808314881,49193.00787857732,39580.39138728539,148992.8806501356,39504.07555633571,8690.68275096033,29981.85154784641,73422.02179361686,35546.78942846365,42379.3728653138,2445.704583068535,44930.46689330707,28404.13327263264,17388.06641289885,22670.28002386271,63739.90568849035
2198,20587.74430683876,18044.62099272669,84815.23300715473,47070.71806521823,76624.00017361582,52726.46809383598,17523.27342294734,21598.17187850728,33869.49362542493,132408.8390989142,126324.651099297,49130.35996412739,58510.22128061015,36245.75140026092,145918.8862230804,69414.46326954436,49200.63145487845,38993.15599228415,160984.1762143686,41133.95079549833,8717.6330656255,30295.03347259385,74304.152581798,36746.27944504681,42885.90241566704,2397.782711835011,46005.07323761412,28369.04084716382,17474.99537770093,22867.42368045648,63630.61219028466
2199,20585.55617703343,18024.4315611098,88481.26918983462,48187.54880854329,77019.43966245314,53047.15164917058,17523.25743770279,21866.61667872207,33776.51850447388,137863.3821138351,125220.1207719625,51374.61775244486,58510.20497327874,36938.98673222084,147434.9666953385,68739.84714757573,49209.10332791859,38564.0315525621,162216.2512003946,41136.07565163884,8583.291560811984,29884.80823747406,75309.3827102575,37638.00242633041,44397.76064615013,2388.133665782701,46505.10461264505,28692.14894974808,17322.8696886642,23162.24095609198,63629.28602352307
2200,21051.98710766311,18101.19869107558,90059.02284555451,49873.72677707866,78436.60682065382,53586.0362116581,17906.81752303069,23332.98652095511,33772.56931271164,139458.5845077041,119142.4196152227,53404.07612949338,58735.91246347786,38347.04140345629,147437.1868171708,67741.05019146758,49137.11123534793,39110.27846137727,162353.0932291883,41894.9293062577,8228.542948586151,29653.11030219568,75293.11913041153,39708.91027882724,46870.81694674765,2396.560113135242,47470.00758042339,29455.47250874398,17159.87788060994,23894.35949673211,63663.54510764137
2201,21502.21140817854,18185.83747719051,90639.83488038441,54352.83043178117,80997.68289126316,53879.81388404238,18489.80844768384,25344.08259340204,33521.65622362776,141508.5462997142,109957.0934111237,54323.90214324152,60256.60285625916,40311.34972882998,146681.294803925,66347.23924759132,48513.90422754412,41933.13176817367,162216.2407485651,42767.84498808764,8227.93382157726,29474.15005358886,75309.38374377858,41132.25263980787,47376.06862499913,2498.919343753604,45870.04605015346,30916.57725432937,17214.20848329469,23946.39205647927,64100.55439128503
2202,21732.79644109705,18044.47229978771,91018.06782147753,58450.36111049658,83069.09235354495,53585.35523204388,18394.03239085649,25611.24645959374,32164.75799920928,142080.7172727845,109172.5316533556,54067.44177862375,58077.43554931489,41310.82305553801,143672.1948273802,66348.4279548832,44797.68954938886,42697.91270217405,147818.7218008534,42751.30612013993,8050.735549004712,28517.71863781134,72499.51432707025,40526.89779628009,45399.67691786653,2630.971498253168,45001.36024196447,29838.40029020518,17442.3970155836,24185.77658330242,64076.35905789775
2203,21732.81596772538,17778.69541565129,89525.57644242782,57986.63767241561,84046.36976693425,52734.2559200873,17331.48982135201,24809.72561964945,31771.81856040511,136068.7129613505,113366.5504099632,54661.64482921745,57633.96195794476,40332.07334429671,142918.1289663692,65469.84834262102,42132.01837234254,43051.57053037612,147933.3099263151,40809.54460564506,7331.564826982788,27313.99775173284,69519.21656172807,41085.68805992063,44382.28530143111,2716.153242808467,45147.96614338607,29607.74923462339,17377.20029134892,23654.59447009368,64229.8863466441
2204,21708.70742547822,17771.96954550725,86844.17632206052,57372.68296288182,82573.83929497577,51551.39922694788,17909.39721338499,23963.48767801522,30956.68865564636,137665.8648304259,113366.5477860122,57173.3252189778,58757.36249528773,37266.14065964228,144423.6027647592,68060.40512001421,45645.43398490061,42196.8598363027,150232.6399307924,42806.71546238488,8316.10225297519,26455.53113468751,69532.89424744812,41086.10090627352,45385.3432935802,2907.854825603199,45959.07326220369,28753.89744347243,17377.20029134892,23892.64545676078,64228.84678252968
2205,21500.61532579037,17725.3707451429,85208.88879546814,56583.41624587342,82313.46692165107,52724.12673739701,17866.30135144621,22681.78035016788,30402.7181692995,133585.9676735259,111051.9870980292,55194.92196753678,59997.45241666504,35808.22562560336,144358.0521069485,69359.85160752383,50202.66093186611,40360.55391092651,150232.7539962072,43747.64323122351,8667.587010962883,28244.68118546001,70512.07337891373,38807.75150033637,43540.81750116608,2917.787934576202,44995.80539539113,28433.01830010332,17018.6183131231,23456.20940461748,64116.96061349801
2206,20338.02039568929,17205.76940850968,83282.40364610526,54439.89934617207,81059.24067888776,54452.98938080499,16260.79805720354,20630.25771188731,29778.93209511527,132682.120077844,106722.9323121127,53564.10104340338,60472.63026005858,32800.84822812412,142171.4106355961,68700.9532393266,48031.39630506208,37276.78274883071,145420.0924893199,43747.64033151977,8937.334185381183,28422.05176696617,66629.16004943359,34750.85209934175,39894.04172742801,2728.567229303143,42799.53413696046,28437.07389729713,16757.83141871685,23256.81934438779,64267.46652881686
2207,18512.17191543357,16433.86843020715,77773.3966395889,50896.46598001501,78594.28392271651,52558.51186380439,14663.59143483796,19498.1278478529,28119.09459010272,135976.6445641042,105169.1246673418,52206.410164703,57432.20096271825,29822.75098682332,136929.5654092876,66005.4812113733,46088.31704223497,33942.8045279068,140599.718457419,40809.91321863693,8858.277255345189,26716.98333364085,60829.41544628471,32085.34037166383,37980.99936051814,2431.311291889332,40459.27898752937,26704.6780887221,16346.86796070652,23066.78330677563,64591.2478334972
2208,16684.49373403195,15617.8633687519,71678.91183666367,49202.40620264973,75975.91527982143,48843.14538008243,13567.0887801829,17947.12816932268,24755.10710275151,122753.32383705,97885.64545614646,48978.32788912411,50563.91231365431,27828.86308145877,134999.0543542947,61872.37197682999,41901.94429645403,30329.10052645535,132518.078482493,35960.94984711863,8201.678454573936,24580.80269075822,58790.01355915883,27220.06521415285,34911.73454662166,2102.02868843866,36430.64921899095,26001.13694225589,17010.84461707004,22670.82021517116,63844.24154814944
2209,15874.48707468019,15148.8488980124,69774.96403116683,48970.43836796314,75814.9612616575,47283.60687217803,13001.52723630037,17291.17774583081,24765.46404839617,122535.330570876,91921.17399682125,47277.58136923098,47971.37138055207,26946.4750688256,133155.7917006853,61081.01706378048,40517.56932652282,28887.52319581292,127825.7110672132,32192.95814051362,7450.69117388318,23092.75035369828,54856.21186069092,25802.84654396624,33623.35113688705,1998.252975878943,35336.40062988666,25608.63815486648,16690.24229833643,22561.21273976252,63199.26451534602
2210,15294.92873263113,14921.03929858423,68632.89129227659,48502.6796232853,75847.53062895442,46490.42872612301,12895.63481614989,16766.33142952594,23951.02477536692,120976.5784007025,89095.28021695078,46654.1421508774,45807.44498291294,25921.15786375364,131217.9377222292,59239.69331373426,40323.29794901836,27556.18391800526,122221.9759977897,30342.73271832235,6910.503960130004,21838.58137773837,51992.29206963621,25526.31665503845,33364.04940935375,1941.930335648105,34040.22165053017,25609.52401310197,17129.58621578106,22195.00410127835,62594.49045741934
2211,14948.55588681432,14748.81555261936,67513.19851318102,47970.87702981109,75584.17977602148,46205.00515739182,12499.70512053742,16504.92521480718,23412.1535481235,119305.9945509632,86602.44165115675,45616.69074093422,42786.57704712929,25557.50283570426,128462.9251810264,57122.80451607746,40147.87658577383,26914.28550413209,118496.7131451972,28473.92360196675,5900.585363390172,20985.57409756294,50096.44865213183,24955.12858840676,32853.10768169251,1847.180918297916,33656.8016185494,25680.64721395637,17188.95701513656,22273.6756358796,62162.10197323254
2212,14948.55956434076,14668.46095500762,65552.46832611258,47385.87499661391,75371.22459863912,46205.00517111178,12605.74409714478,16246.82672505552,22958.14171896878,118306.5752430175,87074.79905498144,45450.74176689554,41890.62130443689,25557.69865450243,127245.2984582542,56820.15466037056,38273.6591760091,26565.45016548247,109441.6171450907,26911.57177199357,5641.581989991614,20160.74099573257,48663.17075603013,25242.92543546638,32847.87415844733,1791.072037369112,33649.10504253679,25531.36351065174,16927.72549852581,22174.30177304272,62002.16509690246
2213,15171.80219871795,14701.82257912187,66360.42126836121,47385.92121911279,75975.30580660075,46503.52948011883,13758.05576575559,17721.06847061015,23151.62566475443,119540.0385418173,91189.37522168741,47115.66970840697,41490.34996415475,28684.93802519687,129167.514304368,56213.0429248809,37613.16800534807,26121.96965667134,107877.9934890585,26588.57383209704,5550.002932157446,19284.42793881113,48664.3715696599,26707.89019864886,35057.33929738159,1788.3005663773,34611.99337089407,25918.43967290615,17165.20869594783,22677.33049936642,62032.65346746244
2214,16128.92962959346,15074.30080949091,71520.79360084907,48584.37881920163,78230.92431541384,47357.23454594451,15297.34525379188,21975.01238520308,23521.04716417198,124014.4397430436,95375.92656846781,51278.72240568665,43073.71496841788,31880.71104398673,131369.3956207742,56213.93292159851,36716.64243320463,27315.49873978515,106685.355079171,27834.77974473427,5681.853471589227,18914.89030360438,51021.16235674004,30783.20452551123,39849.57232000897,1788.32812349143,35836.58726624416,27276.96695778783,17770.79085324825,22618.75454013098,62003.78513753991
2215,17499.13815592576,15674.84117397486,74889.56744583596,51927.19303481031,79671.8601963606,46791.24998661711,15965.61133558409,22507.21020783828,24735.88364466295,131171.9289318573,109095.2972721647,50394.33237715181,43650.72544254189,34583.57947501026,130620.4591510782,56819.6286303747,38100.47441633643,30707.44393276198,110136.5827619209,30334.81710144199,5642.145037819795,18675.100271008,52990.75268106576,33548.35262752119,42149.70622215041,1967.971359960934,37538.29086970723,28108.12293088706,18625.73036618136,22791.93282228908,62270.39824587174
2216,19227.38060376621,16457.5841326222,75979.57770389457,51275.6359787703,78563.57358309494,47406.33576393266,16353.58352459154,21742.49786631928,27069.33268415996,134531.5898575981,122807.935274894,49996.71719128395,46568.75901055398,37161.77540244241,135079.0667713045,56821.11722540462,39433.4293936563,35870.83556026129,125323.432870197,30963.1697781879,5915.526575933532,19966.92367489579,58355.71416278512,36794.12472292581,46240.08179524419,2265.3386402173,40209.21198752507,27210.92775947232,18554.48540861519,22043.34059904677,62939.709049376
2217,20495.83447392382,17431.01380822621,80602.71112586794,51317.02578620437,79183.24906214573,49741.52617339196,17487.20805024361,22011.79874693349,31146.72333475533,137329.8243483267,128883.9693568244,50475.21564501494,52999.0597225602,38832.51921046977,138668.6217565828,61048.17095054109,42569.08080619505,39259.72435891045,155534.1954535329,37573.22414056622,7145.002111124947,22812.96136967865,66483.54612839226,38202.71518266425,48300.16747185911,2563.179458939971,42312.79521802664,28589.91238880032,17913.28077114798,21582.86713979895,63156.75022620234
2218,20960.11228522888,17911.94308028602,81316.68444902835,49205.79458290827,79055.92100170797,52070.48668737768,18266.82630437522,22287.29781029923,33043.82029476904,140798.961684251,127311.7303740112,48797.70365935204,57091.84478211196,40225.23383420421,142194.2983892359,63158.89724084034,45054.69978512681,40323.34409012814,163233.8317674252,40636.12726019655,7927.322383848055,24752.32784568156,71268.86826047499,39021.56378459284,49881.7913233904,2617.980571077337,43706.68553099385,28951.59743814707,17402.69189613719,21818.3629230185,63313.97785706109
2219,21429.37286780277,18291.36767899428,85006.4241450898,49211.03558648878,79814.35471159795,53240.04572982448,18866.10617933561,23436.20521026932,33875.50651259407,141810.2445713079,121119.526828101,51092.8665936641,60069.53075206082,38263.5658545755,145229.7086571905,67104.92520287467,46744.59882434175,41642.8088201495,170134.5612749235,41528.69068432687,8293.108705666047,26657.46612257153,77065.64932445005,37756.04648502521,46760.76650581306,2690.327334207948,43841.98109191185,29688.65883202371,17093.96373838163,21814.03512057876,63658.9584274439
2220,21436.41797277166,18028.13631398577,81545.77364997753,49975.04798771025,78516.37061164509,53232.86988617944,17114.96203127051,21812.51157932206,34130.47913945164,134325.8963315323,129054.6729422803,46444.71029248009,57952.29889815233,35328.17190491474,143768.4073977937,68945.47251677312,46815.6708417113,41146.71441978261,159197.9732880234,40081.88031513898,8293.115591334608,27806.54925288828,73670.15595858799,35799.90520864582,42139.05870849999,2582.029796230705,44823.20327361819,28492.64793303,17093.96373838163,22152.10648677101,63745.37899257648
2221,20732.55782602763,17794.77286238819,80854.8114567924,47371.46371318687,76967.22530995603,52655.40036433766,17094.07655439692,21224.51833540334,34383.35918472857,126730.5887341843,132133.8351160686,47631.86616166931,57587.8788237924,35697.18443598264,144499.0772052995,69753.82620231636,48396.04977585424,39616.89036529532,152434.4410646665,39079.80892121643,8677.95869911533,28867.5179752965,74261.51824767624,35650.29310910327,42655.27093169928,2415.540554521747,45167.84158378345,28432.05167920353,17402.69189613719,22387.98875302658,63822.20615543695
2222,20274.4111743595,17963.03436004357,83453.5531428391,46780.36428321058,76534.14734091886,52644.80996896756,17500.88941836251,21487.046904782,34614.43337908428,134222.177246506,130103.5738051688,49323.72875301608,58773.35257457542,36739.58774318689,147412.1661149586,68996.75939123124,48403.15835906851,39028.66220071042,164181.5162127975,40636.90090681719,8705.697180302539,29146.61023788169,75143.58928939934,36781.01166099624,43177.15230190936,2366.756393837339,46265.82036251802,28395.59767697224,17497.68517565947,22619.17852909725,63721.37204535426
2223,20272.20409636314,17943.02080278907,87010.40337125112,47988.83702149576,76949.88507356211,52973.31737597763,17500.87352555313,21750.1272014013,34518.9041149031,139591.7552774552,128927.0997938692,51526.93768256424,58773.33643634898,37456.98306596132,148883.8138999912,68363.20596127605,48411.05793429534,38598.81229093835,165388.498174959,40638.93087597521,8567.42683540208,28781.0377702769,76148.7513339188,37621.60866818004,44734.83169956268,2356.933726212922,46776.72730196984,28731.24228788781,17331.44693580365,22964.90986589793,63720.14852476595
2224,20742.67410289441,18019.11919822617,88541.16661828026,49813.37500010244,78439.79662199903,53525.34933195317,17882.21566321393,23187.19364016112,34514.84643388802,141162.1093301424,122453.5270160123,53519.2760145218,58996.70336863282,38914.10994450497,148885.9689553703,67425.20401207195,48343.92910123809,39145.98267494055,165522.5532140539,41363.89737369194,8202.303539861246,28574.56001443154,76132.48885560023,39573.78325546785,47282.84101088992,2365.511796122626,47762.61668162148,29524.18259768732,17153.33453773714,23823.46308740255,63751.75593340441
2225,21196.79713739831,18103.02067816898,89104.68026512009,54660.0133031868,81132.33489593912,53826.29442186189,18461.83542540587,25158.1006975744,34257.04044742182,143180.1390298901,112669.9137489051,54422.27784330896,60501.62439579665,40946.87651040667,148152.23032647,66116.23187896464,47762.82140325185,41973.60824670272,165388.4879359963,42197.83237658261,8201.676598829703,28415.07948011667,76148.75236736982,40915.51981934558,47803.40577944676,2469.712843065997,46127.85636559072,31041.97781828556,17212.70533709264,23884.4815144936,64154.9404131539
2226,21429.37892994094,17962.88696239987,89471.6482534002,59093.76850656905,83310.07155991421,53524.6517381927,18366.61319649213,25419.92565789185,32862.8665262539,143743.397341089,111834.2494892362,54170.50829689491,58345.05477617123,41981.18254871973,145231.3198626423,66117.3482317428,44297.64702330432,42739.68210557774,151284.1956917224,42182.03206370379,8019.296132730386,27562.75504264412,73339.07326228819,40344.87234200774,45767.11389584226,2604.141098015328,45240.27684604633,29921.96787508934,17462.0626954927,24165.20703266264,64132.61781436882
2227,21429.39862566085,17699.42531630121,88023.60790738395,58591.99405562915,84337.5134504559,52652.78779809387,17310.21481118036,24634.42211991917,32459.13254803765,137825.0415440329,116301.4460414209,54753.8430073045,57906.17994943925,40968.32236597899,144499.3538658289,65292.24620896121,41812.04910498081,43093.93782133536,151396.4500610417,40326.98130919242,7279.093141001829,26490.05844341464,70358.97735163456,40871.62496935797,44718.88733047155,2690.855573197532,45390.07139123118,29682.36761997711,17390.81773515914,23542.29135823889,64274.26199072235
2228,21405.08131460012,17692.75803661901,85422.06821837279,57927.66104595167,82789.39674248641,51441.07245234649,17884.78043643159,23805.09509060998,31621.61000203698,139397.3147051056,116301.4432465586,57219.58321402095,59017.93096634578,37795.53865673866,145960.7058331989,67725.12037007927,45088.12404174622,42237.78216875446,153648.9508194678,42234.96706183371,8292.423530953522,25725.03539587361,70372.65411096883,40872.01414561108,45752.34585027127,2886.006567467795,46218.81989849644,28795.38660672406,17390.81773515914,23821.453037858,64273.30288954917
2229,21195.18723367568,17646.565168153,83835.48463800363,57073.63073165291,82515.65923476501,52642.41148947006,17841.93377760362,22549.00093747531,31052.42125135341,135380.9697826628,113836.1234363191,55277.36617794252,60245.16131324205,36286.81372856018,145897.076308157,68945.47184463708,49337.49804940461,40398.37181764955,153649.0625617721,43133.87702296698,8654.1875202856,27319.43755103385,71351.76692292075,38724.29144231931,43851.91645328634,2896.118409342114,45234.60118287073,28462.05743804754,16998.97045885937,23309.64578568712,64170.07678305526
2230,20022.52476976173,17131.49018746287,81966.37620532731,54754.2266922991,81197.05249692732,54413.45392246913,16245.71435418641,20538.47518406826,30411.49899103567,134491.2013492994,109225.0952706972,53676.37397408424,60715.41162294336,33174.62602071586,143774.5200607415,68326.6794565378,47312.90818889032,37309.38728756057,148934.4180030516,43133.87425275162,8931.823496557547,27477.5014525458,67469.11658201493,34899.98998715983,40094.61475919947,2703.492932639095,42990.56154279538,28466.27039133238,16713.99062029254,23075.8216587957,64308.93344225734
2231,18180.86528703538,16366.3134000626,76621.44455352685,50920.03547888222,78605.56742322583,52472.75604009895,14657.74362689295,19428.96939292083,28706.06366713245,137734.4072889088,107570.0802227691,52343.51609871454,57706.5111900263,30092.73891372683,138686.3007624013,65795.27605088743,45501.08915719263,33969.77270309556,144212.217996262,40327.3334615055,8850.454533197913,25958.02868187694,61669.76479385723,32387.3024957214,38123.5921978967,2400.888275476922,40599.40639606431,26666.65808674975,16264.90248575534,22852.96696623289,64607.65386254622
2232,17417.32144114693,15730.49916578752,70971.56123592981,50003.86304962342,76491.31689068867,48649.76582210621,13562.9880122909,17589.119859788,25896.32614723919,137689.82395004,127969.5674001143,50569.0293260012,47865.21276000801,27071.45067815583,135433.1441370444,56584.03290532836,39787.97694926155,31532.87378541867,147191.0940157084,33129.95031863283,7513.159796173078,21762.7446874313,57317.51850802355,27814.3897910185,36305.13797937697,2241.153079290755,36392.69880524414,27182.16249560708,18021.50867362856,22576.64185367874,64679.70593137455
2233,16343.61022552439,15098.38580883498,69473.81394207083,49174.37038245494,75667.37374420483,46469.44610229514,13066.27581461651,16792.57348932249,25369.50401029902,136978.3983444698,120925.8337425321,50205.32171514997,44913.9796155373,25535.42654000354,132994.7926504082,56302.32723502582,37720.52496105721,28938.16492361164,140259.0330367298,31347.30953115158,6849.751609780602,20501.83779099588,54190.71370584946,26604.09091106355,34637.36405291533,2058.854631090607,35305.44085976115,25573.94220469825,17781.203658541,22974.21365993339,64026.19509168787
2234,15917.11835703674,14915.00588834433,66569.95111151719,47940.02789161846,75506.33183003022,45986.91335347196,12455.43120205841,16495.43782636229,24131.15343561717,133045.8433103065,115663.8720811954,49494.12360296373,43641.84712570233,25308.76195591942,131359.4724998712,56566.85602572585,36726.80068634126,28568.35603782013,132845.8930488269,29090.95395040018,6341.237359958468,19643.4409727769,52114.69346626567,26219.70846519689,33815.81989599302,1966.853978070314,34335.15688590218,25465.43800810177,17403.50616419397,22834.9379767742,63104.70047918782
2235,15764.09211618045,14760.17328593614,64684.23120702551,47963.39714027542,75466.1792265437,46146.49959678925,12596.55918716698,16208.06765867158,23314.85887832528,130569.2325170238,111470.7450526651,48908.06179569579,42043.10769626474,25092.86530024259,129971.8107785708,56121.15824657599,35769.1377138414,27685.85132245221,125088.7358114802,27774.50743300209,5925.554045368095,19031.75199721016,49994.678894478,25639.59217459461,33151.95044989345,1877.459857365232,34345.06424672923,25366.87455294159,17477.00639883983,22974.17780446631,62840.1778175739
2236,15329.43504122873,14579.88026882968,63722.96244370316,47733.81023847719,76343.2326607815,46138.16343265877,12728.14769665572,16480.03745187294,23299.60781291267,129544.5411366805,107963.8136461775,48905.34060778764,41605.88207192414,26189.71170226446,128031.8113211493,55978.96887055117,35671.98974567305,27370.72252974515,121234.5694942464,27118.81869708007,5630.292001072321,18597.79620185214,48954.3771950127,25645.22003120127,32686.70127643793,1791.561264643712,33861.66353974345,24989.11827497922,17431.63378562989,23106.76333714417,62837.22220910004
2237,15742.62690703203,14668.14819689973,63655.2854651157,47733.91932948014,77474.86091392468,46986.0037736799,13148.63522260154,17569.09012711714,24369.22221747624,129455.6222527155,105598.5604572884,48906.25767488486,41464.32090661795,28536.80673208174,130291.0777132122,55824.87899295389,36146.96183333721,26370.12427889615,116486.0546765348,26571.15206055589,5465.360463614888,18151.0416819767,48927.35812248472,26220.47129259508,33655.96955660478,1776.463163561481,34358.06294416595,25951.20829600981,18075.81261161713,23305.70695022764,62652.75138827096
2238,16622.77558833471,14936.44261450826,65866.75182482561,47814.08268474202,79188.66296073038,49012.93561326146,14883.5002007007,20954.02433640512,26072.97023337054,130824.4364220496,107961.6165551013,50542.11911579847,42917.47636324805,30592.18611331662,134658.9665862614,56882.3549169905,36106.69636672357,27355.18608292154,113546.8668626257,27868.67223511251,5674.730825174801,19380.7719758788,52530.09372779907,29845.14844206007,36274.88764661191,1792.284025725007,36352.39216350301,27480.85872328746,18486.57456615127,23371.88297074302,62805.0727599696
2239,17672.33133288193,15755.30398565554,77211.3088961387,48703.80650371113,80572.2710380417,48137.80758454388,15791.48647838465,21953.93513741453,26782.76343254558,127098.1165529582,101133.550758689,53558.47643193104,46644.90625445765,32023.85236195413,136885.3530235011,57960.02250503718,38734.78551945413,33633.43173891541,110113.2883571047,30631.92569948269,5981.956920455241,20856.57849048674,53144.83972231815,33018.911289105,40508.40553696911,1985.747882788311,39593.23874957886,28659.74082245415,18843.39425005211,23000.80520738929,62736.32800504591
2240,18931.10820307416,16120.01781435971,75250.96593933793,50004.65690600841,80245.23352379736,46239.7638565866,16167.27313057147,21316.06256752589,28032.25236279942,112986.4735195589,96200.17657951445,51319.03668831879,50627.57106146537,34332.88856665553,137049.8924918926,63459.93777874284,40498.4953386373,32789.84175346267,106845.4846340142,31881.46224400613,6282.265785741516,22115.7354040568,58002.89013980922,36706.87627217241,44742.70403515146,2240.483971049131,40512.79066697453,28394.96007555499,17774.53102748923,22451.44626990283,63182.63348285207
2241,19872.3751695403,16707.86999837569,75814.41290454831,52273.90095531118,81026.83891595143,47707.29164911738,16207.55983745967,21381.34597423714,30322.48121835844,112270.7994844951,99777.92724603893,48885.53385261131,53690.93811157427,36328.16385512782,137049.8924801768,64773.80670575592,41404.04525793932,33136.58477878552,110266.2877937434,34124.58615681183,7053.579023481125,23463.76732013005,64525.23464599022,37841.89635634053,47273.61918786707,2512.521338280104,41137.98801664082,29066.15520488314,16914.38578915376,21870.47225542663,63292.41641221336
2242,20445.18578082202,17119.37258617564,76449.17540341013,50918.15397373435,81571.6821581696,49184.24863011889,16322.50651902034,22248.46592038609,32758.74116918159,114777.5964873384,106078.8516813425,48136.72629528601,55440.67199387518,37643.76207846733,136148.6882221871,64109.69729726005,42286.98952586882,33134.38405235473,119109.5216666956,35641.87000023166,7767.087021254492,25051.61867591367,69633.60176330434,36676.98038922537,48284.50067321603,2673.049167752773,41333.26165896231,28362.01155634257,16228.73463313764,21581.93086802775,63818.16906253243
2243,20724.09977392432,17246.13776321714,79658.12868883587,50003.86281895686,83213.08843929425,48796.43708698203,16736.02946245845,23249.23324870851,33377.48334378994,115213.544980474,105374.9602257071,48236.15079022965,57169.45669775832,35979.86247963661,134792.9383541678,64680.96830194467,42880.99668570775,35613.95539653501,127003.7017585375,37138.43626672565,7717.076823373144,25962.02270752831,76742.0107555036,35489.55149485701,46737.7379558943,2718.716459304026,41618.04181684001,28659.87791229866,16248.84223550224,21647.57541398181,63667.42507157582
2244,20452.77315397698,16908.89106721762,73752.81091128146,50004.2063719127,81874.96024540749,47789.50916091196,15984.47707434338,21960.91469283751,32964.74921995734,112731.3441483837,101138.9676616835,44833.59779525708,53666.54476033388,34563.20409878679,128438.8528869276,67341.09824512461,42177.87237771771,33927.82962265083,130849.2782141082,37162.21481344637,7493.775974398578,25986.09254550925,72041.19335726081,34162.28701028995,42483.36199968785,2670.976089958268,41201.0946718285,28235.18126767899,16980.62767578433,21914.02220330748,63700.56145015347
2245,20172.97227081513,16446.43996064966,65035.0135657079,48134.962535727,80975.00730995493,47320.34162233014,16094.66544737722,21095.5037683522,32928.46008974226,115342.7121438529,97554.01801462288,44003.58862896209,51358.43162680056,33636.40288993217,129349.0153637344,66173.96407361545,42890.94830638308,31532.83686666291,132647.8533311457,35885.34352243679,7549.763265111627,24901.57587900256,69771.53962764179,33856.99346983145,41979.3719740249,2452.995962185313,40964.67702497911,28028.37978398039,17356.19562227307,21649.11295880743,63034.73042871294
2246,19759.52724148812,16318.97128857874,67501.90185862411,47340.85663856181,81284.28734323349,46854.1403920415,15468.80401413825,21222.87451929219,32477.89044702015,115569.742253289,93372.02461679463,44468.448411502,51868.56143641454,30938.56499042294,132991.7562338128,64264.45281108578,42920.87416968045,31051.92305574024,136616.5329183926,36135.85723191027,7717.459700369321,24706.98993666058,70924.51419635938,33983.6462509079,41951.49352877894,2427.175395921777,41435.0918766092,27854.21843484614,17495.31959787536,21648.97433927029,62703.39533032364
2247,19487.47478154532,16289.01570852292,70484.94638587053,46910.73934953236,81716.69918722412,47002.40228773509,15983.48297647699,21669.91773699418,31858.17241013286,116518.9308428054,92594.92168242698,45894.69212800918,51827.62034518938,30580.1911907315,137084.4057332325,64143.29449015322,43873.80784960975,30570.87453620684,134693.9983371166,37137.91561722064,7768.532354651622,23962.80438396919,71954.02472575924,34353.53955101364,43492.39690302863,2373.06717587355,42402.20975692927,27350.07012043554,17402.61045371656,22046.96045644041,62916.57236725848
2248,20173.64169912402,16674.89274822666,73824.09844608088,47734.75592613472,82065.19701451574,48462.13184812798,16871.78067946435,22895.60235560997,31946.18954928125,118923.6164700982,97604.63829930984,48135.97930705574,53103.1323264316,33559.65227801945,137949.8265696057,62755.59075086679,44275.4614349659,31852.2176111353,136617.0566168945,37395.21227286015,7817.132045860541,24957.2574687916,73001.0180454888,36274.0671463144,46518.1225936539,2427.789257997601,43296.41589539612,29476.47778634057,17371.31632156543,22768.65359845229,62124.55527695625
2249,20973.94594509774,17154.37282132227,79473.79948752046,50413.16665904138,84109.33395294845,50842.74422666099,17723.28129169073,25416.06776182942,33362.13076129815,122574.4335483626,102550.1325135244,49852.37435079933,56294.63225641434,38529.98537964234,141996.6441307119,63942.0896168047,45847.13085288204,35393.63576082001,137497.4887809868,39884.53472526353,8180.643430202302,26177.0979621772,75090.76908131105,38035.27652115575,48784.37272653228,2514.359423142102,44457.31977311741,30030.95108435776,17772.33953772744,23703.62954017296,62091.48116747772
2250,21564.67692329012,17755.22049789346,88700.06701373983,54641.31199300529,85399.00968647844,52613.92213181329,18525.26592002264,24830.50464983757,34525.94426744401,124778.4740493907,106077.2442820984,51077.25904865084,58635.97118908293,40907.92851625003,146966.8593679943,69179.95732363836,45440.23920106785,37364.72460396423,143346.86983324,40643.05127918992,8330.073294448095,26860.98189481926,73129.15666034896,39396.5632219569,47560.67106355968,2599.959701788609,45288.73169944841,30415.81911837086,17011.80809894724,23574.41959368986,62458.35308593967
2251,21826.35921743485,18032.6576760965,88333.25491286411,57857.80850007306,85046.80786853597,53447.09872784884,18163.34567773069,24805.16417028918,34436.83993996622,124375.6185859956,104718.3731267149,54873.61169777912,57596.746958471,41615.58451996901,142091.4611092224,68034.78426275036,47068.88206003616,41150.22871137036,147193.3669667625,41398.08430356025,8744.694014951334,27468.95153289774,69892.21546458105,38447.33610287908,47010.55605886645,2627.563755264928,47464.67422319782,30382.09083902225,17903.53241393778,23955.38998418762,63419.76030009225
2252,21826.35921903163,17777.65325341562,85525.56729776699,55988.41342867607,85150.9715601917,52326.22751394798,17739.81556834615,23967.22254771015,33732.25721040071,123973.6575288097,104566.5704304866,56021.78655751135,55872.16450079933,42055.84092071601,139220.8254163653,66614.18321004057,46114.96015248591,41790.01412292807,146230.9051643649,41397.00526491051,8736.285806287564,27554.22310651049,70910.15843733854,37066.97002078655,45257.90641945283,2860.049731649521,46452.55205118533,29846.98406355542,17375.46675230136,23446.17741579537,64949.7666789295
2253,21549.60444051285,17774.00423661344,85560.77446660506,55575.81106017304,83822.29430634699,51443.67052617433,16851.38070247666,22676.82405914956,32927.00774943298,124716.3873517019,102092.6187575588,54161.64174744867,55281.0787781008,40772.01796219852,138401.7177555266,64791.01739881172,45095.87530823874,40529.65798229356,148152.3988997407,40818.91706625614,8534.643154390573,26632.341345206,72367.14365453592,35516.0009939501,43488.71823645164,2888.728178908376,44633.54518241876,28897.13289684416,17094.74257931221,23173.42413312516,65118.527116704
2254,20564.85774677333,17421.06377841416,83524.61750134463,54469.24457612098,82701.78105526061,54387.87798328322,15784.27323996895,20665.46746968537,31343.74276178567,124730.2506479446,96901.80825900918,52123.56519261392,53666.14038971507,36743.63330985209,136110.0188830124,62125.28306505104,42383.69322602647,37821.3852686092,151070.4726021684,39620.84918292522,8330.468894914742,25493.92501532106,66044.13056313593,32444.82778203482,40468.90966415636,2811.54907711755,41813.27843788379,29244.39985911717,16892.56326871566,23233.29371855421,64629.42948049133
2255,18940.55566172904,16610.66146955352,79165.30493407554,51895.81964052036,80488.58719787272,51959.92121788707,14339.39243047648,19379.17543277053,29318.20559597175,117268.6668476699,87097.04128555054,49891.61739269167,50904.30237869099,30942.00165730016,132892.5885199791,59462.08386497686,40858.62781498573,34430.65078105145,153723.0125297076,36206.55816934034,7921.807870372604,23315.98338053814,60459.86617601242,30332.82689609085,38196.14589886671,2490.275342975393,40066.99866409199,29302.5804821835,17827.3795097761,23178.7205014264,64799.89539285332
2256,16993.21393146492,15264.86286438833,69933.02194080148,48582.43188937368,76287.93957302469,47599.94418683744,13012.67749211325,17639.52167688814,23860.15464897382,114005.3277461956,91152.48531067559,46089.29403260201,48260.59678115372,26313.2383934155,132841.8168908735,60934.92087806358,38960.80750142904,29453.22040383798,116074.0487502351,33883.71330214302,7950.044152952639,22321.8392287105,57066.61482352726,26508.81624677992,34439.5751141982,2048.382470248416,36228.3983779527,25451.67504360577,16909.95787918766,22533.8797956599,64029.05475582523
2257,16208.49430987805,14798.0219176542,67842.66985051037,48389.56428689801,76106.0930448276,45987.57169627224,12484.03009029518,16987.24609035639,23868.45767368296,113801.8428939631,87123.63249666875,44573.84875504615,45980.50148910154,25438.07222819165,131089.4320756638,60168.28760357911,37668.79897597365,28157.10545875576,112831.2000861944,30497.75148094686,7247.968749308612,21057.7274831912,53567.65836764139,25279.92483100789,33273.76124323599,1946.584131953181,35231.54979073566,25127.38591186706,16584.9207616144,22448.29592837561,63219.36040931311
2258,15647.02879893496,14571.26804179944,66588.78351491259,48000.65041983125,76142.89005329054,45167.52229298108,12385.04925719171,16465.34012529221,23215.53260869947,112346.8325600139,85214.81120634056,44018.33503901259,44077.36533082287,24421.14666522637,129247.1195439742,58384.4861352287,37487.4895175976,26960.10499387441,108958.5142593459,28835.11707833804,6742.963983062396,19992.30142666604,51020.31831083247,25040.14164591692,33039.12802113861,1891.334680588533,34050.74480984031,25128.11782291308,17030.34199597606,22162.35237026038,62460.1362653276
2259,15311.46912746894,14399.84242141385,65359.46822879556,47558.48786168048,75845.35514953418,44872.42915610204,12014.9618508747,16205.39838896245,22783.52675790475,110787.4334383249,83530.96046798858,43093.91695465823,41420.56378514798,24060.46794814747,126627.9365786699,56333.72817074786,37323.7723876424,26382.97735059012,106384.0219837854,27155.78314880966,5798.821485999656,19267.66527306568,49334.04277548729,24544.85596654984,32576.79441077055,1798.390647704723,33701.45332251601,25186.88101350778,17090.53405437029,22223.78079155427,61917.3223458594
2260,15311.47269018926,14319.86020601576,63206.77452931381,47072.09310036121,75604.7574924496,44872.42917028684,12114.07967471062,15948.74584670242,22419.55155082574,109854.5298960978,83850.02620056758,42946.04860033231,40632.58607389333,24060.66216427941,125470.3421493563,56040.53298603769,35574.60404483911,26069.34124783938,100126.1347878492,25751.83535394272,5556.687028333873,18566.96329763856,48059.20043923102,24794.40889883744,32572.05877544092,1743.350882606786,33694.4418253106,25063.54029480294,16825.68899799688,22146.18754842145,61716.54002652562
2261,15527.74606713992,14353.06722447198,64093.82937231429,47072.13153164864,76287.2509876109,45181.06687379229,13191.18008276498,17414.72843445989,22574.66504063264,111005.9007686727,86629.32054051459,44429.57783700699,40280.55429423351,27162.30684734848,127297.7875509594,55452.38719951212,34958.18129665518,25670.61014746434,99045.52995977974,25461.58559280405,5471.072523737839,17822.52870994459,48060.26851406651,26064.70166293601,34571.32784931676,1740.632220073516,34571.62264082938,25383.34916200763,17066.45723157372,22538.96316516977,61754.81466270838
2262,16454.99359862085,14723.81930260969,69759.42328237499,48068.57849297069,78835.65828706112,46063.69372540052,14630.00030895989,21644.84044078086,22870.82531249228,115182.5108229153,89457.23233278065,48139.0539267802,41673.09666288985,30331.924269319,129391.1101581356,55453.24939305723,34121.47252362989,26743.70615773848,98221.30936239137,26581.44093487976,5594.335624288764,17508.60368631322,50156.53796832966,29598.46741003435,38907.65482190089,1740.659252105935,35687.21438721089,26505.78736516194,17680.4162311226,22493.22580006249,61718.57380087503
2263,17782.42653249211,15321.57662098345,73458.0138783229,50847.93177769297,80463.63371938575,45478.5347640034,15254.64873437684,22174.05672676534,23844.74345990505,121863.6375177988,98724.32760566915,47351.02074453697,42180.56747992359,33012.67124912496,128679.0982837115,56040.02338902686,35412.9742907363,29793.38706216687,100606.4186451518,28828.0040115813,5557.21340480043,17304.90023508757,51908.40837487149,31996.16851105837,40988.96694368566,1916.879511234976,37237.44789892413,27192.50247745187,18547.18187424374,22628.44711650537,62053.27583760343
2264,19456.71617446252,16100.6921635982,74654.74060307536,50306.20043186071,79211.48683191609,46114.45839247098,15617.29801970208,21413.62854007848,25715.43832470747,124999.6981816145,107986.8751057293,46996.72688083648,44746.92796261533,35569.76609935213,132917.8844791371,56041.4654808916,36656.9936006426,34435.7665679072,111101.9003979752,29392.64914335764,5812.78957586885,18402.31401370349,56680.32319186697,34810.62583476117,44690.20723017774,2208.580664103981,39670.62804590015,26451.22466338929,18474.95140585409,22043.93025535936,62893.51842934552
2265,20685.57106040515,17069.61073581523,79730.49771386165,50340.61362081655,79911.59880028886,48528.76028842301,16676.93099263926,21681.4207139459,28984.2278387507,127611.6978174322,112091.0857094557,47423.09154690682,50402.26716776362,37226.8358131387,136330.464686979,60136.46759092552,39583.43220712626,37482.69948353058,131980.2593184661,35332.52201192339,6962.189245921888,20820.0446193849,63909.69882091635,36032.0356007523,46554.3079621663,2500.74633249208,41586.96953566669,27590.56507027343,17824.87717070756,21684.38270372328,63165.98861804787
2266,21135.3549037751,17548.31126786179,80514.37194831893,48585.24912814134,79767.74302087555,50936.62123275395,17405.6636459015,21955.37634642989,30505.10508143302,130849.9487531773,111029.0771989958,45928.34933401323,54001.80144184687,38608.15185444294,139682.315917894,62181.25556252872,41903.20898839313,38438.99464731571,137301.4017449521,38084.882906697,7693.556920679026,22467.55114864132,68166.04803497711,36742.07141872132,47985.46503142704,2554.503247426339,42856.78848087951,27889.39537086023,17307.22546795622,21868.26286136693,63363.36979186811
2267,21589.96596472327,17925.97752322465,84565.35226617457,48589.60671416839,80624.62462336336,52145.80254926208,17965.82858689942,23097.84721213461,31171.85679123148,131793.926300968,106846.3969982483,47973.44764192736,56620.62518908311,36662.53901905224,142568.0722430055,66004.01105169897,43480.35680834619,39625.31876586119,142070.427587095,38886.9509345548,8035.519542604678,24085.98056316931,73322.04878993447,35644.72252072463,45161.35693095212,2625.471493136985,42980.04126831802,28498.36795150984,16994.22676318407,21864.88362041412,63796.45314722641
2268,21596.79113343197,17663.96603463044,80765.88991991714,49224.83806115385,79158.1567157956,52138.38360267554,16328.98143189594,21483.25001462692,31376.26493370818,124807.6944675033,112206.3917554842,43831.7213860869,54758.55608126652,33751.16961062195,141178.8170913323,67787.06033948345,43546.68685212575,39179.28277957073,134512.2599067472,37586.83006008647,8035.525979808957,25062.13539686374,70301.89568002346,33948.52328686654,40979.33237449524,2519.237489672977,43873.9240252341,27510.20353305551,16994.22676318407,22128.85699293215,63904.94420884772
2269,20914.90430987787,17431.68404447102,80007.27969926567,47060.1109663428,77407.92582377704,51541.35059166725,16309.45914788569,20898.55089054968,31578.99548153814,117717.8881114137,114286.2895759784,44889.53319674909,54438.05487518405,34117.16198258372,141873.4628994584,68570.1613510152,45021.62182329484,37803.82564784428,129838.0497493564,36686.35687804971,8395.304217312872,25963.43637279224,70827.8883603304,33818.79240715743,41446.43507515005,2355.920585052805,44187.88578493843,27460.13788401056,17307.22546795622,22313.03892481828,64001.39185932653
2270,20471.06022171193,17599.16577854303,82860.44883545252,46568.64657845334,76918.6325087891,51530.40141531004,16689.7193793102,21159.6086937617,31764.24457052735,124710.8783453329,112914.8983217207,46397.06247541599,55480.65870970766,35151.03380758755,144642.9286403533,67836.74503070806,45028.256116977,37274.95265641268,137956.3370826242,38085.5781146817,8421.23608843333,26200.52736645619,71612.45464062589,34799.25530346721,41918.66759210943,2308.065972732576,45188.13253441957,27430.01897126025,17403.53276194808,22493.55685973962,63874.80625283658
2271,20468.92204495732,17579.24496884718,86765.5292627352,47573.42053776202,77388.33475160424,51870.03798300318,16689.70452382278,21421.21513326794,31687.66003796754,129723.0872605631,112120.21925194,48360.22543279921,55480.64451641428,35862.55765491232,146042.0202059412,67222.98357859824,45035.62862714388,36888.47675924421,138790.4703669812,38087.4022689268,8291.971304988932,25889.97078277398,72506.50535656624,35528.14948753534,43328.15814792959,2298.430469230574,45653.56321065088,27707.33422150738,17234.99499676091,22763.51130157348,63873.27026371936
2272,20924.70477369271,17654.99070631831,88446.16049849172,49090.41648694243,79071.64309950822,52440.77165531491,17046.15650055052,22850.23068178637,31684.4070494045,131188.9273205415,107747.4811006039,50135.49275285131,55677.09190291363,37307.75877310762,146044.0690112566,66314.28446782871,44972.9786757234,37380.43490615513,138883.1144772913,38738.86572056129,7950.628526372383,25714.56636328408,72492.04054418809,37220.90914620558,45633.76420901515,2306.845089964551,46551.69773423527,28362.47490689853,17054.41882157827,23433.88806822901,63912.94972326734
2273,21364.65085521628,17738.50336695572,89064.84443834484,53120.11099543178,82113.68419136324,52751.91215083981,17587.94454225801,24810.09610885665,31477.7274404504,133072.6482375253,101138.8925423149,50940.10992598873,57000.64413892043,39323.88829300729,145346.5056829376,65046.2041462621,44430.64288064376,39922.7388705386,138790.4632909355,39488.24955710141,7950.042418073218,25579.08643990491,72506.50627577885,38384.34890343068,46104.80537838476,2409.060658191607,45062.4488307409,29616.50297031932,17114.61087997248,23481.53256461564,64419.10138022729
2274,21589.97183761177,17599.01906397489,89467.74009502016,56806.51750604041,84574.10025421722,52440.05042850116,17498.93745813945,25070.45424484285,30360.03686704388,133598.4192222648,100574.4220226566,50715.77139835821,55103.97814074588,40349.72912069156,142569.604011667,65047.2856245872,41196.66730442818,40611.51203339222,129043.1265600887,39474.05120945726,7779.540410055601,24855.03036635919,70007.41110086902,37889.53197709135,44262.23483199519,2540.927475929868,44253.8735226156,28691.13182603231,17367.41752635043,23700.72906924009,64391.07792959816
2275,21589.99091846459,17336.77836146758,87877.93067094767,56389.32158115247,85734.90843316549,51538.64951700963,16511.4900835424,24289.35134040935,30036.3687401589,128073.9561232037,103591.9027035058,51235.55010834503,54717.9952567517,39345.15862636684,141873.7259198748,64247.95948775765,38876.91017859134,40930.02157000495,129120.7044433539,37807.0807062722,7087.546913550105,23943.76647012839,67356.73711549705,38346.28702527372,43313.73063628222,2625.9896668988,44390.3347273429,28493.17004578956,17295.18705515512,23214.34315249116,64568.89587190733
2276,21566.43275272205,17330.14197953662,85021.68959585132,55836.96778177736,83985.83965066721,50285.88372765821,17048.55387129194,23464.67045737918,29364.9381241737,129541.5875664351,103591.9008156456,53432.64080248484,55695.76121107728,36198.34235943419,143263.0292794808,66604.83154830933,41934.4031557592,40160.2563184022,130677.3854166782,39521.61922356909,8034.878993390021,23293.87358941141,67368.90203610994,38346.62448579883,44248.87173507586,2817.422194253836,45145.31562185971,27760.33134182901,17295.18705515512,23432.31857843999,64567.69183089787
2277,21363.09120996466,17284.16317975026,83279.7729875959,55126.89183791684,83676.56986054766,51527.92168022088,17008.50380934733,22215.61333182166,28908.62712059737,125792.5481240659,101926.638315415,51702.03391845697,56775.08925581261,34701.96549249183,143202.536862264,67787.05968834471,45900.25602437602,38506.45170068981,130677.4626406784,40329.39032448602,8373.081257748721,24648.33031194942,68239.78302021085,36484.30214341371,42529.23848378628,2827.341361990868,44248.70305506879,27484.92914909293,16897.91946919219,23032.68850045846,64438.10334853404
2278,20227.03728459558,16771.47517836449,81227.67118735453,53198.44388371237,82186.80240976631,53358.96341732322,15516.4694586237,20216.35116493472,28394.80832240656,124961.9977067913,98812.00294039176,50275.47443627556,57188.66633903074,31615.24928291532,141184.6283834504,67187.5981485324,44010.74818354514,35729.16120820412,127419.2184633599,40329.3878351378,8632.634774990636,24782.60679501904,64786.32361437682,33168.19339574183,39129.38530401075,2638.38623021655,42204.40730075635,27488.40996229977,16608.99758721659,22850.11360792378,64612.42188425429
2279,18442.87129572157,16009.84440120387,75359.44884504685,50010.53954445696,79258.93164951421,51352.51865037967,14032.14541250156,19113.06116806492,27027.58364825373,127989.3539777577,97694.0812471555,49087.83527355715,54542.39000690028,28558.58568089338,136347.2720699546,64735.27486107515,42319.81495636328,32726.53049132775,124155.7527906831,37807.39715449716,8556.565380390157,23491.80315286071,59628.03630491959,30989.40465007862,37345.87472433041,2341.547495028074,40026.09091673718,26001.53986111804,16153.69734683496,22676.10388494765,64987.43095154507
2280,16993.95344131269,15152.8632384873,70310.32094667271,47144.1360432002,76264.75301615395,46401.94433031216,12908.14115219146,17467.20430468526,22768.96828606796,108069.5538439471,86229.67088863428,45805.95114330618,47814.20530790286,25512.52387433282,134019.4092063495,60927.35140105151,38933.17431251315,28823.02789421914,104669.288696002,33613.61583404933,7883.260604319308,22865.14578776876,55994.80388618492,25360.92819470622,34351.4679541904,2022.937950704241,35814.38902445015,25105.29998787279,16816.70846832223,22518.47720140222,63157.84548351429
2281,16207.51478942392,14650.96119917731,68245.83670122336,46924.1306249464,76081.03314300513,44853.48190334111,12378.96851708873,16823.47030411351,22776.0789983968,107874.7387870406,82639.66374831232,44146.9517681557,45388.27617452761,24775.40747057207,132284.2542525646,60154.59126499254,37540.06443005866,27583.05728093441,102201.9243950272,30132.65105696559,7164.116766179154,21466.36863494801,52659.41676818279,24112.1161234453,33222.93576802771,1920.437203574731,34801.96306252899,24774.71738608721,16510.18607782781,22437.20887777638,62273.83348343451
2282,15644.81931531919,14407.17745760725,67007.46705170399,46480.4938664114,76118.20922656347,44065.9370297547,12279.88934239138,16308.39872739018,22216.91381798913,106481.7214793723,80938.76218197722,43538.8157163719,43363.41630694178,23918.89296663939,130460.0557728496,58356.53382180181,37344.56726942095,26437.90776609187,99255.34015752815,28423.36663549968,6646.834628117662,20287.4430920364,50231.15985279343,23868.44598938475,32995.805906499,1864.806530832824,33602.70609015193,24775.46350131026,16930.2352788325,22165.68394723714,61444.92408456736
2283,15308.5245567884,14222.87728200483,65793.36438801084,45976.1159548624,75817.609180374,43782.54058284929,11909.43423877105,16051.86094290425,21846.94390497485,104988.7630340671,79438.32608937458,42526.82996734157,40536.68696202557,23615.10814335585,127866.6252331237,56289.38639108052,37168.03905991299,25885.77979279602,97296.50365544521,26696.91413356782,5679.738707131391,19485.61168800357,48623.71438472207,23365.13159791128,32548.25731144365,1771.221183848178,33247.95635726378,24835.36710748991,16986.99868408765,22224.01485678762,60852.28808471472
2284,15308.52812731326,14136.88817308525,63667.31000296236,45421.28206090132,75574.53293647907,43782.54059647184,12008.65054030688,15798.56928030437,21535.2354513632,104095.6073289937,79722.63735887737,42364.95443738055,39698.31056045749,23615.27172360207,126720.4125456686,55993.84801782016,35281.99600646109,25585.72959111312,92535.10740590809,25253.57452111182,5431.717622319186,18710.26416225043,47408.46842226388,23618.72984935935,32543.67311749598,1715.801644208844,33240.83529405145,24709.63271893073,16737.23970149421,22150.33423222374,60633.0769954198
2285,15525.27527919989,14172.589133764,64543.38765357924,45421.32589973874,76264.05733707697,44078.94474019254,13086.82109262623,17245.35474257111,21668.07468079874,105197.9222168123,82199.19507545071,43989.01445004585,39323.76299083292,26227.65925110976,128529.8900724318,55401.00182506439,34617.33737198175,25204.27048600547,91712.91492871818,24955.18096311124,5344.021709435626,17886.52520347025,47409.48656669985,24909.61439577395,34479.00735468962,1713.064222896076,34131.72348140367,25035.64810781469,16964.29332251476,22523.30424336174,60674.86466237086
2286,16454.5540668902,14571.18575515614,70138.87054986306,46557.97989283773,78838.7177962474,44926.58666211097,14527.07084684091,21420.07319121725,21921.706407815,109196.5811659551,84719.07455358417,48049.87933656613,40805.37172594068,28897.29741608921,130602.6306372814,55401.87090917983,33715.15504309415,26230.8827652803,91085.79578477694,26106.45708701557,5470.281508270848,17539.15785061495,49407.75954373243,28500.66342203184,38676.66246943574,1713.091441449604,35264.7481567907,26179.86943756708,17543.28005982135,22479.87317267892,60635.29743939107
2287,17784.89491509703,15213.83636068484,73791.69155124681,49728.40755425674,80483.46429144507,44364.62181166184,15152.33988657115,21942.35935979199,22755.77014009668,115593.0478463231,92976.74484723469,47187.19786841839,41345.30014194646,31155.18014929746,129897.6194317873,55993.33434815745,35107.7185126961,29148.45941674531,92900.53773171506,28416.05399107405,5432.256795733479,17313.75393791886,51077.73345168413,30937.23189326109,40691.41609125186,1890.527620886019,36839.20657948896,26879.91161070169,18360.67309761203,22608.27599034187,61000.72004385116
2288,19462.85230609464,16051.4657126773,74973.60893293326,49110.45083269667,79218.41804827318,44975.33915574152,15515.34947911566,21191.88902352467,24357.83366570417,118595.49166453,101230.3627374639,46799.34269000733,44075.80385528093,33308.91578828032,134094.7288801179,55994.78796508578,36449.08396071738,33589.74310433365,100886.1638528495,28996.54187577524,5694.046380791347,18528.0748444049,55626.57062913357,33797.3123159734,44274.29402405658,2184.241512569567,39310.40910956113,26124.24783897772,18292.55701289335,22053.23323586338,61918.08415449089
2289,20694.39915834909,17093.15284557145,79986.55418632715,49149.70619716684,79925.74242391373,47293.94468586701,16576.03524169112,21456.17444362155,27157.22578029697,121096.2029072065,104887.5192663742,47266.09574607122,50092.85594284529,34704.59733624645,137473.7557932884,60122.51694976782,39604.520215793,36504.69080272871,116771.7394070197,35103.07506418793,6871.389563572972,21203.36549405662,62517.98715527173,35038.52145792795,46078.78248203163,2478.423124930665,41256.69654079749,27285.69939305175,17679.5122319045,21711.81577352566,62215.56297166983
2290,21145.16831167533,17607.80515902795,80760.72807548533,47147.34968709608,79780.40467230765,49606.36456618907,17305.49192129645,21726.54261149334,28459.70541140732,124196.4830184978,103941.1907923285,45629.76058179465,53922.61476587321,35868.02292704588,140792.6508311778,62183.6466759857,42105.82256434544,37419.56174470726,120820.4010078835,37932.66140758771,7620.537808884762,23026.38035046891,66575.3604084928,35760.06714465591,47464.17242835456,2532.550962736409,42546.3584649437,27590.32908486625,17191.34694618113,21886.4238233129,62431.06074190691
2291,21600.77525722719,18013.83523216364,84761.57802018266,47152.32041584546,80646.11369008975,50767.61722149325,17866.2134095713,22854.05275613521,29030.71173371176,125100.2409035388,100214.1120233641,47868.58560913115,56708.93726991081,34229.31339584833,143650.0337184714,66036.95327022077,43806.38426403991,38554.49738479739,124448.9774024007,38757.23377468297,7970.814020180112,24817.22051671136,71490.32826114068,34644.92993024042,44730.37677883283,2604.008889551628,42671.53727693393,28211.11997923838,16896.17723779608,21883.21497968295,62903.89457707044
2292,21607.61537735482,17732.14593012611,81009.13354374285,47876.93324033015,79164.53853643539,50760.49234178694,16227.73997851918,21260.59880089815,29205.76691537747,118411.6685736195,104990.265518887,43334.52464880024,54727.77108235881,31777.18689274903,142274.438051598,67834.25252148887,43877.90472050154,38127.78251852246,118698.2455467753,37420.63424729173,7970.820613881826,25897.36480286895,68611.36137367168,32921.23485733213,40682.08962696623,2497.041871150612,43579.38840058552,27203.77828174417,16896.17723779608,22133.87756536802,63022.34347175247
2293,20924.23479210563,17482.41889702932,80259.91102938935,45407.61395712206,77396.27713133312,50187.12409678318,16208.19829830396,20683.55634515583,29379.38540459009,111623.9346781199,106843.6089820075,44492.54015678733,54386.77076722837,32085.44718861562,142962.2539380602,68623.61200321242,45468.25528230544,36811.9066159686,115141.8109201807,36494.89568469001,8339.34556327465,26894.68107448216,69112.76492989715,32789.40100568604,41134.25480106683,2332.598079407203,43898.25632160302,27152.74101005822,17191.34694618113,22308.77217251216,63127.64355291272
2294,20479.41840578897,17662.478989157,83077.77255550216,44846.99710480182,76901.94321881146,50176.60891602025,16588.83633415859,20941.19558156469,29538.03276830804,118318.9774561077,105621.5975007631,46142.87367154354,55496.05906125537,32956.23483087027,145704.4896376293,67884.33428812819,45475.40871814563,36305.94302838457,121318.7172227408,37933.3761216439,8365.9078744323,27157.02929350012,69860.65427848119,33785.75746535412,41591.38574453501,2284.413270120919,44914.13354758084,27122.03758041633,17282.16839511854,22480.18753876023,62989.4393087352
2295,20477.27554508036,17641.06206958086,86934.52810246614,45993.14976253562,77376.48423602663,50502.78321319767,16588.82146391166,21199.37626984417,29472.4457564718,123117.6332495783,104913.4794169108,48292.00183067456,55496.04396016541,33555.52205239567,147089.8250044723,67265.66771177993,45483.35813687588,35936.20826292256,121953.3785656826,37935.25145781441,8233.500483402697,26813.3892193908,70712.90988051127,34526.46721729289,42955.80205313705,2274.711281616352,45386.837332422,27404.73467991517,17123.23085881664,22736.52959993771,62987.76233912638
2296,20934.05672510997,17722.49652894386,88594.36173754848,47723.59761383233,79077.13367494283,51050.89455381732,16945.6275905736,22609.6787783564,29469.6598962954,124521.0188655974,101017.0448955309,50235.43549885799,55705.05603073351,34772.75541136889,147091.8536654499,66349.70636253234,45415.80574481386,36406.85606113682,122023.8680624666,38604.99360153887,7883.859184673779,26619.29902494726,70699.1212696843,36246.66695858805,45187.67689470097,2283.183963258197,46299.00666348668,28072.58966213739,16952.94064305124,23373.10279711352,63031.08377090884
2297,21374.9665656941,17812.28122965474,89205.38954127187,52320.29822293092,82150.51323874347,51349.70228568358,17487.95392134058,24543.87965602299,29292.65943020005,126324.480860986,95128.30157156881,51116.27191521693,57113.26205618554,36470.85824061189,146401.1489445428,65071.49166139454,44831.03146442118,38839.03402331031,121953.3731817794,39375.40356989179,7883.258827262532,26469.38647001651,70712.91075675248,37428.96638257322,45643.65458880959,2386.104819207288,44786.48583234459,29350.95461286855,17009.70404830636,23418.34483249011,63583.69246891975
2298,21600.781142981,17662.32125590447,89603.29941474699,56525.40782044529,84636.27599397671,51050.20191447438,17398.85840496456,24800.82838738818,28335.46895822048,126827.8505378352,94625.31640690145,50870.68239596913,55095.28617715438,37334.88170470473,143651.5504264215,65072.58178279347,41343.99306948922,39497.9713223502,114536.9830967408,39360.80684652279,7708.61167708469,25668.19694177526,68330.64336984817,36926.12834273829,43860.00780035644,2518.881518376604,43965.27522462352,28407.624816845,17248.11035143628,23626.48841189049,63553.09689079013
2299,21600.80026563292,17380.38552533224,88033.16368282468,56049.50952145371,85809.04257632977,50184.53008538432,16410.42996013767,24029.95406998074,28058.27949764064,121538.7659636526,97314.11584687373,51439.69835969663,54684.61600624987,36488.77336605413,142962.5143723977,64266.86750608512,38842.71191442989,39802.68385340246,114596.0092553884,37647.06466263278,6999.794851339137,24659.85640324604,65803.88318397592,37390.28751128549,42941.83592040711,2604.530638713929,44103.86885682865,28205.82119790819,17179.99426407179,23164.6283751371,63747.23582174345
2300,21577.19049266704,17373.25073210537,85212.26823266107,55419.43569310854,84041.9552525573,48981.42052729123,16948.027343203,23216.07243008862,27483.26615896888,122943.866638196,97314.11416464997,53844.91360745909,55724.91941922077,33838.339674546,144338.1577732119,66642.57546816133,42139.45771610823,39066.26283246084,115780.4305650159,39409.70951890449,7970.157898318624,23940.73064830388,65815.47941845763,37390.63044213514,43847.07204332356,2797.284051071933,44870.64755137153,27458.76031385835,17179.99426407179,23371.61244842806,63745.92126804119
2301,21373.4035038369,17323.81879272808,83491.90762387519,54609.4471153705,83729.49942965631,50174.22747089091,16907.93748984827,21983.37177873799,27092.4813073516,119354.5609758944,95830.24157303927,51950.37093953514,56873.28078697561,32578.0030908652,144278.2601317298,67834.2518651462,46415.64375883065,37484.09673379915,115780.489321918,40240.14497527499,8316.582332497945,25439.47719874624,66645.64842807676,35498.11936109031,42182.43112523772,2807.271661095589,43960.0239601418,27178.01339852384,16805.3557888587,22992.13361043451,63604.43852955441
2302,20234.86090471918,16772.62645361257,81465.20032593531,52409.6530945008,82224.38470576053,51932.69168974198,15414.42074064845,20010.2900638067,26652.44676679601,118559.3974783166,93054.87008342837,50388.67727457409,57313.3100693361,29978.189201521,142280.1922057195,67229.99948465973,44378.27945807346,34827.11124936835,113301.4111410208,40240.14241608088,8582.44595857474,25588.05811126808,63353.63146245099,32128.25561189567,38891.3022090606,2617.012738355107,41883.78277160865,27181.56176377452,16532.89144204652,22818.7650081116,63794.75686149883
2303,18446.78646840218,15953.79502305282,75669.59649883,48773.18839795065,79266.35163247256,50005.7769404612,13928.62195655993,18921.44771229061,25481.55523179299,121457.7684269876,92058.71881002217,49088.53621502232,54497.77912575933,27403.68738534021,137490.3979221047,64758.07745838154,42555.02849420891,31954.54669357849,110818.3601163129,37647.38998972836,8504.527210653852,24159.74558286323,58436.48394723238,29914.14812331635,37164.82670240907,2318.12581501894,39671.42666383089,25665.83601641304,16103.52596183176,22653.529678959,64204.18607025134
2304,17332.61773403461,15393.76789923225,71637.61987824971,48566.26063825413,76457.33172583481,45879.01970602257,13031.99505715653,17218.05341598489,22744.07041118933,135368.4387162828,111723.3176182798,50747.66232390184,46716.91394977562,25969.79780949784,136274.0417355487,56146.84940639913,39516.75969211944,29643.75069151467,140220.9264979163,32523.87528403285,7548.293795960183,22677.18710415607,54463.26461290957,25523.86045971426,36522.96718337131,2199.627248591039,35510.6945274437,26478.01063083366,17639.68452881477,22514.59295456794,63207.66197149403
2305,16291.58906327257,14700.99710870559,70024.43589546277,47654.70015926049,75624.64531762218,43703.34043856069,12527.88733039554,16412.06170806418,22335.08118294648,134534.5389685348,105766.0540966062,50354.13067075043,43247.1275110589,24723.40094289723,133561.9585828533,55870.11531279272,37100.6546800952,27076.85006600868,131597.7129532448,30494.92157683661,6850.391823220875,21177.59847602966,51525.03887609451,24205.16578434973,34891.39653427171,2018.07737830264,34448.88333673629,25045.5136160266,17453.54147261003,22891.91969657692,62593.79496056067
2306,15878.07912085747,14500.0200986682,66896.76207113572,46298.2350852172,75461.89450931955,43221.83468142478,11907.94787555108,16111.40265122428,21373.70919357858,129924.982290622,101315.730762222,49584.61427775615,41751.47201879445,24539.47543003934,131743.0558307924,56129.97566650359,35939.34974319239,26711.00452771791,122376.0558809714,27926.79845721092,6315.437468727931,20156.71254808354,49574.22439165573,23786.35759319706,34087.6860840084,1926.454510487858,33501.30839751617,24948.86520374309,17160.97260594278,22759.73617918264,61728.20083569826
2307,15729.71082424992,14330.32979994273,64865.70305442373,46323.91642556242,75421.31582701567,43381.08127163938,12051.17710988141,15820.62488755543,20739.99307271716,127022.0152064766,97769.37823057594,48950.49537294889,39871.82235380704,24364.28748314364,130199.6138797016,55692.14361717722,34820.18745024038,25837.95786755719,112726.4547652165,26428.45450560958,5878.140776829998,19429.2347031266,47582.06889383955,23154.28540327825,33438.22761370597,1837.4274717018,33510.98388127812,24861.07135106994,17217.90674151943,22891.88566693406,61479.7248721061
2308,15308.28421494333,14132.73591173661,63830.34590271778,46071.61480258578,76307.67610209362,43372.7628496648,12184.72483570094,16095.81966120947,20728.15317261505,125820.9200014435,94803.37815781757,48947.55104749598,39357.77298266914,25254.3164121595,128041.8282308535,55552.4636169401,34706.65654643285,25526.20640016851,107932.022158381,25682.16725533553,5567.526636974992,18913.1338096601,46604.50827819242,23160.41729736148,32983.07785756464,1751.88160710165,33038.8969377834,24524.59086791429,17182.76058825329,23017.71970822124,61476.94855925989
2309,15708.89899158738,14229.4740072612,63757.45281968013,46071.73468676422,77451.31261337819,44218.79870179999,12611.47298448476,17197.7861734951,21558.52976305348,125716.6934536109,92802.95661625001,48948.54331414105,39191.33848306048,27158.85151555776,130554.7220252658,55401.09313666174,35261.72744922737,24536.3318466914,102025.0548917433,25058.82784770676,5394.019514633913,18381.81147375781,46579.11873861158,23787.18874031692,33931.30570303687,1736.845503831748,33523.67835038759,25381.55747310688,17681.74899000574,23206.53275831013,61303.66826380059
2310,16562.25695082065,14523.51388750773,66139.36472470127,46159.82919249347,79183.30064778552,46241.41654993751,14372.16830149431,20622.8584677154,22881.20498355205,127321.1532616143,94801.51995999832,50718.54547511516,40899.8240041753,28826.6758399387,135412.95427372,56439.90659410682,35214.67165482356,25510.83646188502,98368.81986379223,26535.63034589723,5614.276049544036,19844.32196490621,49964.57166842488,27736.49625111374,36493.37351106241,1752.601400286145,35471.33124347014,26744.06961348982,17999.92997162923,23269.33897803536,61446.74938727624
2311,17579.8654154981,15420.95298317304,78358.28699168931,47137.57993423303,80581.59086378751,45368.15108746639,15293.67355245551,21634.62607366525,23432.24062231377,122953.3357772078,89026.65832127516,53982.24424219585,45282.19064708798,29988.39217108055,137889.2769781867,57498.55537056483,38285.95911890333,31721.79636519669,94097.5820940601,29680.69097719707,5937.476309008968,21599.48935504218,50542.24204344916,31194.50504264775,40634.99212180523,1945.270830564416,38636.32735755492,27794.14036400335,18276.3266437965,22917.15715509047,61382.17488497327
2312,18800.32655336793,15820.66465616394,76246.85345971335,48567.13303669144,80251.08299531502,43474.14703378086,15675.05527786502,20989.18969845478,24402.25968083433,106412.3292774048,84854.23905259272,51559.17032748141,49964.63885122271,31862.04468663874,138072.2878044042,62901.40745567262,40347.09918803062,30887.24737467095,90032.56168934415,31102.87980070653,6253.399678381452,23096.99673957186,55107.30115986492,35212.76852008142,44777.3743952938,2198.960887929852,39534.35759994922,27558.29106421803,17448.37277508431,22395.77255282691,61801.4062014048
2313,19712.94242686824,16464.92698309364,76853.72727824993,51060.89009375739,81040.9823826815,44938.55143448495,15715.94181200527,21055.24722683612,26180.23912865119,105573.4497197437,87880.13477373293,48926.12013740349,53566.26194467236,33481.0979331255,138072.2877913732,64192.08906049827,41405.36013490954,31230.27425591078,94287.9074270816,33655.94299243239,7064.817205719533,24700.2026046597,61236.2800072525,36449.4423419064,47253.3495937388,2469.881179473728,40144.92250318512,28156.14760448855,16782.09428153989,21844.38276958412,61904.529385606
2314,20268.31733641992,16915.91725235218,77537.41317121484,49571.00908957807,81591.60722171023,46412.36495518115,15832.59993035141,21932.64936220739,28071.58728435572,108511.799663799,93209.1646769079,48115.91032288563,55623.43689458964,34548.63161475636,137069.9134829002,63539.6999374175,42437.20323610549,31228.09711529405,105288.5455263692,35382.87457651521,7815.42392029619,26588.62421851531,66036.5591058248,35180.19512659121,48242.287323874,2629.749828418252,40335.62585884111,27528.94268720719,16250.9809311812,21570.5344233756,62398.3883827979
2315,20538.7415056672,17054.84678286184,80993.69185239516,48566.26038476606,83250.4312637329,46025.3788052057,16252.27980122254,22945.28365205347,28551.93703948212,109022.7980529636,92613.84590199089,48223.48763139268,57655.98174189632,33198.47103146289,135561.9658402095,64100.88908038074,43131.38316591939,33681.09418484976,115108.5977299601,37086.22597282094,7762.813451395778,27671.36199770366,72716.25661497691,33886.41869970077,46729.10102766063,2675.229594918783,40613.74087265382,27794.26247463345,16266.55651355403,21632.83623217046,62256.78895165602
2316,20275.67375858928,16685.23798149671,74633.23031720996,48566.63792794316,81898.10354033292,45020.59395981206,15489.5375780834,21641.68839169775,28231.51806134996,106113.2785873534,89031.2396868091,44541.9251204707,53537.58250283037,32048.93273771008,128494.5646714547,66714.0727195688,42309.6846818417,32013.03910268887,119892.3448838451,37113.29007393406,7527.902115946091,27699.98810437271,68298.94772061256,32440.28284219739,42567.07712846919,2627.685263368981,40206.55217714138,27415.97059568169,16833.40601642686,21885.71507657882,62287.91518313579
2317,20004.3896952044,16178.41018684044,65243.52145195359,46512.45604772741,80988.600766288,44552.42496726312,15601.36654162739,20766.01554333428,28203.34562454524,109174.2017473427,85999.2554015314,43643.85516098204,50823.91697465533,31296.88588246494,129506.9028569425,65567.53627703735,43143.01301789586,29643.71416842782,122129.7021946623,35659.98957856797,7586.800455518054,26410.17926542934,66166.17787281529,32107.646852118,42074.02748890843,2410.60023432266,39975.6677728026,27231.76541575046,17124.32531058505,21634.29548247599,61662.47536776193
2318,19603.52946104548,16038.70965410107,67900.54156327271,45639.7834122206,81301.16272052185,44087.2159697074,14966.18668122807,20894.8966391445,27853.55369758317,109440.3157998979,82462.319178802,44146.83346896523,51423.68033076299,29107.7427427032,133558.5812952316,63691.72430669326,43177.98554867988,29167.95444823625,127066.5848439909,35945.11753205646,7763.216236010781,26178.7594301075,67249.61600408058,32245.64280567273,42046.75421626391,2384.885695871018,40435.07278870612,27076.63392403886,17232.09235822875,21634.16392169251,61351.24000009298
2319,19339.75796771374,16005.87954436254,71113.49989811645,45167.1114555781,81738.16309703777,44235.16231431189,15488.52867913158,21347.24083392055,27372.44634870295,110552.9101726137,81805.08152778557,45690.02924163621,51375.54558973597,28816.94263747535,138110.6755351707,63572.70420287298,44291.62100591898,28692.06146314464,124675.0267934151,37085.63338358438,7816.944403536845,25293.70424071412,68217.03627019438,32648.66418607809,43554.20836135801,2330.99966212647,41379.55573529977,26627.57171564882,17160.2787782019,22011.88387716746,61551.48511083287
2320,20005.038746879,16428.78524458446,74710.01223481545,46072.65405408033,82090.35900438369,45691.78508013418,16390.05221295369,22587.45945239585,27440.77692801668,113371.5699485792,86042.06769258085,48115.10208158309,52875.17437481745,31234.60709411678,139073.24934095,62209.49083172161,44761.009047921,29959.67201819975,127067.2363045056,37378.48150361785,7868.071026730418,26476.40102936744,69200.88493134633,34741.19649835124,46514.25297575288,2385.497037225492,42252.83340465875,28521.63601199615,17136.03797990744,22696.82711942332,60807.51403291606
2321,20780.98264433397,16954.27610097397,80795.15574664409,49016.05966484287,84156.1872747224,48067.33071629722,17254.23078552499,25137.8121912158,28540.01832835632,117650.8866006686,90224.7375252589,49972.24160485141,56627.44423427164,35267.7517888844,143574.3665054192,63375.05021814672,46597.72321566842,33463.13577762632,128162.4595845069,40211.7612387612,8250.48311848479,27927.14964306804,71164.60210125709,36660.1418624021,48731.30838215757,2471.711716549438,43386.5668796094,29015.52441067505,17446.67522165723,23584.19242147968,60776.44629311455
2322,21353.7324452653,17612.78096454957,90732.52439035976,53662.5265215534,85459.54838512762,49834.73896024061,18068.15613259425,24545.30555226918,29443.52475741749,120234.3595645924,93207.80521311393,51297.56690925521,59380.17357801527,37197.31838930742,149102.5428508645,68520.47938442515,46122.21376494937,35413.09989840676,135438.8615190387,41075.08434056972,8407.682560973442,28740.48849564119,69321.29544619529,38143.34700595955,47534.17027795637,2556.960492051141,44198.52000548312,29358.33957905403,16857.55873441814,23461.56207552804,61121.06271614073
2323,21607.44942881892,17916.84094232289,90337.4407816286,57197.25469060731,85103.60918228338,50666.14227676251,17700.847273531,24519.66458879481,29374.3501583016,119762.1512736991,92058.53495984337,55405.22066569071,58158.35003319669,37771.54128317908,143679.8277284698,67395.51648010407,48025.5093175434,39158.03367659914,140223.7539603945,41934.44258290877,8843.861409400579,29463.54295595545,66279.57569338268,37109.10598634781,46995.99691941782,2584.451194125346,46323.53563002015,29328.29664292483,17548.29874757983,23823.13277542909,62024.14823056711
2324,21607.44943036713,17637.36636146589,87313.35473726389,55142.90661236824,85208.87820556626,49547.65665310808,17271.01124039891,23671.78676954672,28827.35957724526,119290.99136384,91930.14727389511,56647.54592140863,56130.7457975608,38128.78449620045,140486.9317318128,65999.9863714069,46910.71897897115,39790.96232508469,139026.4890090573,41933.21445019463,8835.016017477461,29564.95590123607,67236.12604762499,35605.11268960361,45281.39300071452,2815.982505956118,45335.10169576306,28851.6586706318,17139.25295176923,23339.85021766539,63461.34006496144
2325,21339.11875167396,17633.36718595901,87351.27544730733,54689.4824561904,83866.10171073269,48666.97804289985,16369.34850148173,22366.08691294524,28202.21812533709,120161.5844477906,89837.79359160457,54634.86914378565,55435.80198108157,37087.03464799103,139575.8702628738,64208.9960171031,45719.7766915994,38544.11378135175,141416.7522879204,41275.25004032415,8622.888993069531,28468.56773043808,68605.23980245605,33915.2370471336,43550.60954960081,2844.54318999552,43558.66781707377,28005.59363307657,16921.8007463223,23080.98601778225,63619.86301394589
2326,20384.34662421082,17246.55865304909,85158.18465270809,53473.43520928219,82733.6981482013,51604.91923809925,15286.35291640639,20330.87993330344,26973.07781403058,120177.8343538231,85447.64661356798,52429.67020941049,53537.10708133012,33818.22793888143,137026.9030867878,61590.30689431609,42550.21495099185,35864.86640021956,145046.722184526,39911.6414600495,8408.09873061342,27114.65636141073,62663.5705986567,30569.00593947062,40596.35360742424,2767.681011203322,40804.40807349738,28314.91623621079,16765.19030370588,23137.80693732428,63160.43543331015
2327,18809.48644215596,16358.39034909063,80462.88442528379,50645.40241309383,80497.01901366281,49182.12997982297,13819.95933130001,19029.33522208733,25400.58716844954,111431.7155746666,77155.22905933227,50014.70257814378,50289.99388915888,29110.53140384518,133448.2809191566,58974.10816486113,40767.96404296443,32510.47138305554,148346.3784195622,36025.58743384959,7978.189451440163,24524.44409635247,57416.0958180062,28267.85176277406,38372.92596357622,2447.726533606568,39098.99914673663,28366.73971420899,17489.30982338134,23086.01268557947,63320.56039793643
2328,17273.53571765533,15187.10093733646,71602.65537344951,48861.20162541978,76334.67174418333,45800.8421135996,13150.01338761723,17210.36299424699,22999.85321339306,139881.4270551225,120693.0033185122,51707.21589197272,48650.94575790012,26781.97897858501,136849.1624335064,56136.90863444767,40915.65539339766,29987.94372826478,162378.8211413032,33581.15340430635,7793.896752108692,23353.83154512032,54997.00983421964,25592.666388945,37007.64381714165,2220.235532222274,35835.48184247145,26049.25144514201,17858.27891300978,22328.17033181048,64049.07259867286
2329,16262.93447065379,14509.44289647617,70024.48999721903,47909.32295422165,75514.71166325151,43444.80513825944,12599.13129430995,16403.49763801464,22485.03370548231,139120.833521187,113823.6161300196,51349.04725974246,45148.51077822263,25463.86088054665,134422.8967635154,55864.70191817835,38544.53558046522,27371.33844614838,151885.5966062732,31416.3315754442,7052.864147807209,21834.2755121962,51808.10106972521,24274.24834690341,35363.88891699635,2042.398665085423,34756.73694546258,24699.71268419795,17689.79209710569,22777.95723435866,62468.42785600349
2330,15861.51069128149,14312.85018682055,66964.71095752902,46492.86162010094,75354.44825000085,42923.38390461648,11921.66985803562,16102.51268417748,21274.896566634,134916.4923962522,108691.8985240003,50648.68013107494,43638.78209428926,25269.35176897435,132795.6821628155,56120.3109493981,37404.85285515214,26998.40878988564,140664.1514056955,28676.23505729651,6484.849392187078,20799.79622791665,49690.84733752103,23855.52801255624,34554.17651401376,1952.649640509466,33794.05013337874,24608.66134013783,17424.97428556608,22620.3897782591,60239.61155152578
2331,15717.47893713455,14146.8616709077,64977.74167723773,46519.67884252968,75314.48975026097,43095.83159042826,12078.18882460187,15811.41973426071,20477.19971065901,132268.7184889073,104602.5597599627,50071.54358059082,41741.44609034032,25084.08300783635,131414.8984593979,55689.64184436874,36306.52812443928,26108.45672870667,128921.9591641892,27077.55506668575,6020.527583240711,20062.63183003501,47528.72546661663,23223.58841756899,33899.86801466092,1865.44335585042,33803.87992122194,24525.95177360449,17476.50804360758,22777.91666981352,59599.81136917931
2332,15308.36988101885,13953.57828050099,63964.85980741402,46256.2179541361,76187.30337579826,43086.82359460749,12224.12796984885,16086.91280310442,20462.29611143586,131173.2088079703,101182.4319065032,50068.86383421749,41222.55983305797,26025.32674051126,129484.5147107297,55552.24701275412,36195.11104030664,25790.66860392646,123087.8165210812,26281.29297146657,5690.717360629983,19539.65892162848,46467.76150595077,23229.71902531487,33441.31928900806,1781.647049453516,33324.26416119208,24208.95742762959,17444.69561086995,22927.91532446584,59592.66264767103
2333,15697.27539747056,14048.2060407735,63893.54906973975,46256.34314077494,77313.46116713589,44002.99344551539,12690.47256454,17190.07378324066,21507.54140923205,131078.144576856,98875.72345567941,50069.7669351097,41054.55928790919,28039.45422703601,131732.5829307831,55403.35295767154,36739.84713772299,24781.62643083872,115899.8774159196,25616.21187491974,5506.487426118404,19001.26189340055,46440.20578608843,23856.35898531957,34396.62831489014,1766.918460029479,33816.77684102458,25016.2956898303,17896.35343092781,23152.98719853441,59146.48361679342
2334,16525.69121536394,14335.83146018701,66223.75500895423,46348.3340541436,79018.97843613285,46193.28063924963,14614.53655011425,20618.8586573768,23172.47280380292,132541.5600038571,101180.2891978171,51680.71550294113,42779.12059942265,29803.24992102785,136078.8221342355,56425.17139855249,36693.66747008901,25775.0010469908,111450.7593577407,27191.90789679636,5740.355906297971,20483.24608450239,50114.49819473356,27804.83801771238,36977.82914506611,1782.352121645051,35795.49079501625,26299.90251532254,18184.35396969633,23227.85444722337,59514.90286977333
2335,17513.55678741352,15213.692980442,78177.43187555531,47369.33057413046,80395.89794312985,45247.6239196957,15621.54500226564,21631.72296078898,23866.09473024679,128557.7073344906,94521.2316604032,54651.13608805954,47202.7225977018,31031.81472401968,138294.1733706812,57466.50065208528,39707.77096354162,32106.22802497909,106253.2704253236,30547.57633003106,6083.530075934083,22261.78397579407,50741.45414941823,31262.12139457642,41150.376554949,1971.081134886985,39010.96209255174,27289.16194476888,18434.53356902949,22808.0411829083,59348.63013356537
2336,18698.34600839168,15604.68496932491,76111.83283047938,48862.11260991765,80070.4413775987,43196.61224317551,16038.31378419377,20985.58696994482,25087.11645866033,113470.7827701044,89709.9683404191,52445.80123665425,51929.2297388026,33013.28255049788,138457.8972905939,62780.9619293716,41730.53488763201,31255.51909020523,101306.7186989638,32065.00149304848,6418.977640649935,23779.23105283252,55695.99417824317,35279.54192815131,45323.69333046195,2219.582799768205,39923.31407171771,27066.97106512879,17685.11366640708,22186.53218505712,60428.10787789352
2337,19584.28773669941,16234.89275556164,76705.53277938456,51466.16819204589,80848.26837129648,44782.4116606304,16082.99403470289,21051.71610085952,27325.16685508053,112705.6471899212,93199.16253585668,50049.35872022272,55564.74187446514,34725.50073963888,138457.8972789361,64050.52794785623,42769.09218787737,31605.18823611657,106484.869288526,34789.02960089043,7280.541107936206,25403.78401263819,62347.88416713892,36515.95632283582,47818.15862825846,2484.962311278903,40543.61623035251,27630.20475164899,17082.03373330874,21529.25594383173,60693.63952571268
2338,20123.43002154677,16676.04470147504,77374.37738484023,49910.38995990137,81390.4777590325,46378.40018772944,16210.47644575165,21930.06928930823,29705.92130915518,115385.6935311313,99344.12651315599,49311.9549084544,57641.27356630366,35854.46335478169,137561.1598869753,63408.81192866473,43781.72351346439,31602.96893803347,119871.0814014987,36631.60450879212,8077.535628994377,27317.35044160206,67557.71263527083,35246.97536784715,48814.48155227366,2641.561374866955,40737.3609126056,27039.32230081193,16601.29811463673,21202.8189710551,61965.27591214185
2339,20385.9501714103,16811.94349332687,80755.62800686705,48861.20136071998,83023.9492344085,45959.33397152639,16669.09692211272,22943.80121605176,30310.56663348731,115851.7712241633,98657.6577761921,49409.86524714869,59692.94340152359,34426.61067977381,136212.1298640691,63960.82000190675,44462.97858190303,34103.4650715565,131820.6883762291,38449.02019051362,8021.673811281258,28414.50515028785,74807.3074040504,33953.47034697571,47289.99507624751,2686.111002909774,41019.91128931812,27289.27698377191,16615.39630520776,21277.08494396707,61600.67186531562
2340,20130.57142852877,16450.3976838862,74533.23782770515,48861.59560257886,81692.28975421407,44871.25528115466,15835.58255557745,21638.79293396506,29907.23586275773,113198.0209401767,94526.51448423497,46059.13043726164,55535.79257684157,33210.924673184,129889.5387537031,66531.25188531556,43656.57921343325,32403.11029526561,137641.8283427262,38477.89662897572,7772.244857806665,28443.51242086336,70013.12332478778,32507.63785717003,43096.88999520597,2639.539033678939,40606.22877094964,26932.8926085734,17128.47839262557,21578.5255244592,61680.81872655975
2341,19867.21651770992,15954.62630455424,65347.3584846489,46716.55754575382,80796.68732710775,44364.27639246955,15957.78773169191,20762.17090697102,29871.77351057115,115989.8653670976,91030.29949740041,45241.76165266391,52796.59313707993,32415.60289644123,130795.189962601,65403.47281032921,44474.39189891773,29987.90649795633,140364.3740046044,36927.27641270066,7834.783139208473,27136.52944848379,67698.39019347199,32175.07164685168,42600.15835720421,2426.893762125824,40371.6622348657,26759.35505302228,17391.80309867243,21278.8244222544,60070.37519657805
2342,19478.07271803169,15817.9733298361,67946.70064795717,45805.2867219086,81104.47225401676,43860.50287405905,15263.67178672982,20891.19170242166,29431.46923047206,116232.5859437732,86951.81878447955,45699.54198918612,53401.99989483331,30100.49021520793,134419.8753970776,63558.34917510293,44508.7132799163,29502.93431613454,146371.8580909181,37231.4978523232,8022.101488152639,26902.02819907047,68874.26490904955,32313.03865187126,42572.68141308461,2401.705129653398,40838.39381662267,26613.20748067564,17489.34811102521,21278.66759711929,59268.97597023629
2343,19222.01079815259,15785.85940680285,71089.91286269891,45311.7085508824,81534.79375387695,44020.71355559998,15834.48004447313,21344.0262120957,28825.87027700602,117247.3746975362,86193.95069903044,47104.06514440054,53353.41223571131,29792.95664232777,138492.2394652485,63441.27624343513,45601.61407847535,29017.82628891302,143461.6720583854,38448.38791876182,8079.150078730358,26005.18827424799,69924.22336762042,32715.97548719894,44091.3929314061,2348.921156807051,41797.93932515229,26190.15120200053,17424.34626951633,21728.92322411029,59784.58664143868
2344,19867.84659875394,16199.53944672368,74608.3529820698,46257.30317157853,81881.60689006244,45598.08626247101,16819.65274688077,22585.58915569429,28911.88211494287,119818.2525587576,91079.66682899078,49311.21929626273,54867.15159868584,32349.74040894192,139353.3707979932,62100.36508030481,46062.26263505946,30309.98245618565,146372.6508257174,38760.84650297751,8133.436348456124,27203.63297208727,70992.01185615388,34808.06883192515,47073.54258103692,2402.303968039006,42685.14397861344,27974.52712545416,17402.4047853542,22545.39994059024,57868.93723845269
2345,20621.11103074812,16713.56675431293,80561.40167473686,49330.89519990228,83915.86216195309,48170.5579677961,17764.01538164571,25138.70632911391,30295.56383005632,123721.3843009501,95902.7501889528,51001.47500398778,58654.72799309994,36614.96375524234,143380.1300962493,63246.85588330264,47864.77921946522,33881.28618626748,147705.3818004878,41783.85574964334,8539.481666191565,28673.69867334525,73123.26910288428,36726.61164317694,49307.1545243398,2486.755410762836,43836.95817248752,28439.81363614719,17683.5771311337,23603.17095495206,57788.94098729522
2346,21177.1203696815,17357.70637718642,90283.05233063814,54182.87463434925,85199.30340829855,50084.47939708345,18653.46197249699,24545.55744730091,31432.86208410052,126077.750083245,99342.55890025204,52207.70567879386,61433.35881473577,38655.56312254074,148325.7102018151,68308.10568774938,47398.12322801389,35869.00879916215,156559.7281425601,42704.99095816351,8706.396099467745,29497.86734004376,71122.6955341736,38209.5056427106,48101.07642651589,2570.260704037863,44661.86028202645,28762.77581532445,17150.34015117164,23456.99121913389,58676.29301565339
2347,21423.42165529071,17655.13330635192,89896.54510104218,57873.9433348266,84848.80418711221,50984.80371622408,18252.07182822928,24519.8886905078,31345.78782732903,125647.0525399321,98017.32251861303,55946.24288624857,60200.03866724313,39262.8284398746,143474.4771094478,67201.54720729843,49265.98152563024,39686.45829752852,162382.2617610324,43621.89580189154,9169.530981752887,30230.54945478876,67821.46286939054,37175.48158426154,47558.88409441336,2597.189174570519,46820.76553853072,28734.47271494809,17775.5613536599,23887.99635885652,61001.64581216303
2348,21423.42165679365,17381.75544527057,86938.10518291626,55728.73172906291,84952.46433575804,49773.59877203646,17782.35283536217,23671.09182083027,30657.25765996718,125217.311216882,97869.2772421528,57076.93195296588,58153.35593178925,39640.62844652028,140618.0698725082,65828.8480093321,48171.94734834937,40331.64277735379,160925.3605840845,43620.58542773229,9160.138940937853,30333.31273928389,68859.62401885683,35671.80379244135,45831.47584841908,2823.985277892779,45816.56811441074,28285.43763012885,17405.3148072656,23311.9063537995,64702.2677331695
2349,21162.93380846419,17377.84351151685,86975.20271938533,55255.25268601783,83630.21010833459,48819.91437559408,16797.02801151282,22363.97666123739,29870.35425904219,126011.3724600111,95456.56081175974,55245.11567391984,57451.87312449356,38538.93334013042,139803.0221616216,64067.15830618885,47003.17908720479,39060.65065046243,163833.9710635789,42918.56067869533,8934.902378383453,29222.32588054494,70345.54758070798,33982.28264894905,44087.76724442538,2851.961847442424,44011.80376620967,27488.36960788648,17208.48861103738,23003.33101660997,65110.44810683676
2350,20236.06797881299,16999.47318155463,84829.71900773398,53985.41983984288,82515.11358745601,52001.40265412129,15613.54511038341,20326.56363515098,28323.16091867299,126026.1938740824,90394.23323521316,53238.07740953717,55535.31268191946,35082.03016769391,137522.6822144024,61491.31100904319,43892.63107539855,36329.52316546856,168251.1281922015,41463.63856286181,8706.837988564192,27850.38683655489,63896.94808669437,30636.75350744089,41111.4494956867,2776.671630732255,41213.61924016381,27779.77883125716,17066.73314966391,23071.06357451104,63927.46909503893
2351,18707.2381698581,16130.68021128933,80236.34321861503,51032.30354950914,80312.61864327708,49377.77096294154,14011.09006973939,19023.60812488032,26343.77172099077,118048.9263327229,80832.15381712919,51040.12040545805,52257.64616609822,30103.43934386755,134321.199213203,58917.91336232666,42143.5637051437,32910.17469790333,172266.3405701948,37317.35639081533,8250.360137514857,25225.68523499558,58201.77017377494,28336.08206259913,38871.41772831543,2463.260765542281,39481.01254590703,27828.60112656566,17722.1677100051,23009.3229834836,64339.77449506657
2352,16947.40396073506,14863.1967172045,71221.8960854024,47633.04253125186,76186.91027427194,46966.77730946447,13218.14611359477,17525.72213767885,23276.97766895495,121975.8064230011,94891.09061948117,49188.03530022043,51420.78039818721,27445.72940048094,134868.4163040445,60607.06642079969,42063.55855487275,29231.39107500457,145474.9972961215,36937.83935890288,8685.071917880301,25723.75316871938,57640.13845760263,25605.45517860275,35236.92960643669,2070.046178719283,36391.70835879385,24667.49164224415,17206.52939362871,22440.29903516006,62982.98949061714
2353,16183.24571653213,14367.12318932533,69290.06480294063,47391.16958394722,76023.04292525916,45118.40423186365,12612.37896641675,16870.40426171387,23286.91121115653,121736.3827335657,89430.01145918845,47540.00365942419,48727.66339856276,26671.4262415415,133075.3557678072,59869.77362979687,40666.98099607538,27957.57586024387,140128.2152711797,32719.60985412507,7881.211351940601,24085.3993430215,53819.95543138385,24230.39295962346,33975.69137234338,1974.526491198556,35351.15711194526,24372.85056413113,16914.16873643114,22324.50149738131,62032.23671975889
2354,15636.49183499274,14126.17047096917,68131.26631200234,46903.43736729901,76056.2018108766,44178.32540503208,12498.9586853595,16346.06406634054,22505.76712033622,120024.3931751343,86842.6188065967,46935.88802788115,46479.78877756513,25771.70147257844,131190.280145537,58154.24156646532,40470.99721131154,26781.16985549352,133742.9629475518,30648.30076586558,7302.992238879699,22704.55238713067,51038.75327304921,23962.0887023608,33721.85291830826,1922.684679058785,34118.58467224726,24373.51556039085,17314.81111776897,21937.61129220437,61140.74666341105
2355,15309.72456383132,13944.01054504906,66995.17553726661,46348.92660574589,75788.08420422941,43840.03992026745,12074.88246449814,16084.90993142647,21988.92554747273,118189.5780185211,84560.17201571686,45930.59257122345,43341.72808675686,25452.59102122204,128510.3016547908,56181.96992939091,40294.02959447214,26213.97172567968,129498.1614016273,28556.18741551225,6221.970288705541,21765.38666962325,49197.66686375221,23407.89114140599,33221.67631136729,1835.473186939635,33753.97995964639,24426.90634082607,17368.95197983908,22020.72578750806,60503.3680770125
2356,15309.72803320052,13859.02001446751,65005.73029044312,45738.94476865284,75571.27445462336,43840.03993652848,12188.45972066756,15827.06033176703,21553.4742262372,117091.908066596,84992.66317471198,45769.78720912243,42411.01427979346,25452.7628539213,127325.8375632542,55899.99587055707,38403.29187410218,25905.73174966675,119180.2088112488,26807.14997084806,5944.73177392144,20857.24087777829,47805.78585137811,23687.12721093994,33216.55305413973,1783.8281281753,33746.66107265295,24314.84201680884,17130.73218723524,21915.73980372208,60267.60707995453
2357,15520.33457272382,13894.30638536359,65825.5157720024,45738.99296486947,76186.28976934701,44193.85248619063,13422.68888583031,17299.88043334246,21739.04833338565,118446.6303429529,88759.97538513495,47383.11047344342,41995.21465356096,28196.94261250905,129195.7009650039,55334.35951886642,37736.97879652983,25513.86084023617,117398.5165186498,26445.556966897,5846.705089380142,19892.415371605,47806.95198231137,25108.515272193,35379.46658520911,1781.277145516824,34662.29821454619,24605.41243746426,17347.29563551575,22447.17698647899,60312.54961482719
2358,16423.28618258046,14288.2741653044,71061.46219462428,46988.62514919731,78482.73585773763,45205.6681302968,15071.4060094304,21549.72217556632,22093.36747153163,123360.8997716072,92593.18818015164,51417.12876315897,43640.00535103667,31001.26124362699,131337.6130176326,55335.18871465853,36832.55078956736,26568.49417346993,116039.5484226142,27840.67217919965,5987.838570561882,19485.55239823904,50095.67237323986,29062.60568831457,40070.73121121616,1781.302510285379,35826.79841804454,25625.23200563628,17899.53243216408,22385.29296052907,60269.99516208244
2359,17715.93745845001,14923.46176788235,74479.57201806363,50474.1787722404,79949.75324320997,44534.86031343546,15787.17892981693,22081.40678804956,23258.5400871876,131222.0254786339,105154.6649100218,50560.15052872951,44239.40059952957,33373.05181010786,130609.0741817096,55899.50577677307,38228.58057540211,29565.70514689897,119972.0968581909,30639.43931093868,5945.334463151274,19221.54225055525,52008.37568223591,31745.50195897655,42322.40318944571,1946.653972487146,37444.99543833924,26249.16435870892,18679.16084799281,22568.25145488266,60663.00629054367
2360,19346.35703494531,15751.3638586356,75585.54556872642,49794.79998813228,78821.40620761621,45263.86314692942,16202.73194727643,21317.43187558477,25496.59513781608,134911.9670452259,117709.977168623,50174.85948182348,47270.63752510607,35635.44116988422,134946.2495455895,55900.8926770958,39573.28489948039,34128.21225287929,137276.9602646675,31342.87392726483,6237.96343783036,20643.84693915731,57218.38278472004,34894.72562762926,46326.59792341079,2220.363774023134,39984.8481985376,25575.65768537193,18614.1918150228,21777.38262108642,61649.62917575104
2361,20543.01322422619,16780.95403856708,80276.38517146019,49837.95715570242,79452.29805585102,48031.54285604808,17416.94550600085,21586.47306339305,29407.29752920723,137985.2896181379,123273.203236237,50638.52680825746,53950.39788648982,37101.53339894066,138438.0413280318,59839.17142830115,42736.57554694182,37122.72251680482,171701.0255700352,38742.76450841791,7554.000240236577,23777.35012933434,65111.46131154667,36261.41629008428,48343.27929420711,2494.509440996375,41985.20367090787,26610.83417748016,18029.47050062767,21290.90400642475,61969.56692510167
2362,20981.01174314355,17289.629773614,81000.81469444522,47636.5755966048,79322.66530758611,50791.8388609419,18251.98659180583,21861.70645690794,31226.83905808752,141795.4699723413,121833.6588268801,49013.00954401463,58201.96008130487,38323.65259958649,141867.6945145513,61805.70155524608,45244.10404254124,38062.56456866401,180474.4811412365,42171.65430317328,8391.399798587092,25912.60330978855,69758.57059290464,37055.90749970675,49891.57963588581,2544.950772383401,43310.69252012403,26882.34399177969,17563.85908631986,21539.69937145286,62201.33425648192
2363,21423.71099593765,17690.94468176298,84744.59094104895,47642.04039298305,80094.82696505406,52178.00626608547,18893.86909627002,23009.50594001653,32024.52501944141,142906.169784916,116164.0678209595,51237.03357833489,61295.16358788042,36602.27187855409,144820.4339692899,65482.15307090311,46948.89871599458,39228.47791421603,188337.6114599605,43170.87024198547,8782.93931893577,28010.17105434313,75387.92517779101,35828.03415686469,46836.31223664663,2611.54188543787,43439.34881085,27435.64140493029,17282.32660254576,21535.12715715226,62709.86590412542
2364,21430.3573302376,17412.52659440134,81233.25892615692,48438.67640724093,78773.34884387188,52169.50141921227,17018.23662736371,21387.37807281287,32269.07408207426,134686.0522554345,123429.499699298,46732.94753957658,59095.79499735852,34026.43814621292,143398.9319306915,67196.96174102007,47020.59719846697,38790.11600208515,175875.7671738248,41551.18032164176,8782.946689390052,29275.31791491584,72090.50270554058,33930.08007206485,42311.9800101246,2511.860112779382,44372.42012094946,26537.81967391733,17282.32660254576,21892.29104266837,62837.25740425652
2365,20766.33743893115,17165.69960305171,80532.17753309564,45723.91811807574,77196.16340470618,51485.08156558413,16995.86640810106,20799.9518438071,32511.61611018606,126344.0672057602,126248.7852794387,47883.30734457778,58717.23746535122,34350.24985308493,144109.7016054815,67950.09201809752,48614.90640064057,37438.32368745143,168168.9681710009,40429.37129209204,9194.88468937064,30443.45032666798,72664.78487639867,33784.91831974613,42817.31606761031,2358.616160496702,44700.14622169578,26492.33126444789,17563.85908631986,22141.49471729212,62950.50738720441
2366,20334.12304058734,17343.66868493638,83168.97801136952,45107.57852309848,76755.24655459273,51472.52977440743,17431.59947854287,21062.2272510696,32733.24373478558,134572.1367825499,124389.8749282846,49522.73041545029,59948.70095743275,35264.96782533902,146943.4511811222,67244.74490655992,48622.07764254229,36918.54998549877,181554.3331028144,42172.52039292492,9224.576099277001,30750.73244621528,73521.37935670045,34882.00262558746,43328.2018278558,2313.713093395582,45744.24460902912,26464.96596584297,17650.48446613678,22385.74089419563,62801.8690564077
2367,20332.0408887593,17322.50047676362,86777.91861280806,46367.65349573997,77178.50930323327,51861.87844635905,17431.58245591837,21325.05385352993,32641.61981304375,140469.5858434514,123312.6935301425,51657.65057239889,59948.6841931335,35894.48846328937,148375.0179529093,66654.47324852341,48630.04684866447,36538.72342781623,182929.6451550419,42174.79292335042,9076.570826002428,30348.23514423636,74497.50964373749,35697.59531447951,44853.06220554771,2304.671882124069,46230.0801478306,26716.92773795638,17498.89005082628,22750.99734577626,62800.06547964383
2368,20775.88110907151,17402.98925023559,88331.10001731724,48270.09992306976,78695.38883498387,52516.14956581448,17840.03409363708,22760.7344972826,32637.72801453602,142194.3178391358,117385.4804265371,53588.23609577464,60180.71651123768,37173.12997799561,148377.1143143507,65780.55174542719,48562.3263077472,37022.21740721853,183082.3959969841,42986.38575814448,8685.741012318702,30120.90199688275,74481.71686911426,37591.70070294255,47347.38706256659,2312.567511429766,47167.58962553622,27312.17234829657,17336.46746461588,23658.03720534416,62846.65757488806
2369,21204.29963710723,17491.73129498292,88902.86636927105,53323.6914801522,81436.66310759375,52872.83123747832,18460.85885371648,24729.74096535216,32390.46142318284,144410.7354587426,108427.5892052073,54463.2492550734,61744.02004469329,38956.90032712712,147663.359398947,64561.00321991841,47976.09642936943,39520.78088931189,182929.6334881163,43919.96775836336,8685.069931482334,29945.31304949713,74497.5106473398,38893.52609913812,47856.9839608696,2408.478695249733,45613.05082870137,28451.5512063214,17390.60832668602,23722.50163708051,63440.98689483708
2370,21423.71671494359,17343.51278341591,89275.20863483883,57946.76967596539,83653.81765921258,52515.3227740941,18358.86730464292,24991.31344205927,31053.28288064351,145029.3664161992,107662.4537351827,54219.28334138426,59503.78760348854,39864.51287547308,144822.0012928103,64562.04330805345,44480.37823056745,40197.70367126941,166858.3053988781,43902.27946413133,8489.84896241333,29006.8991455696,71768.98255947638,38339.85304715959,45863.59506749278,2532.212318368223,44769.02691591278,27610.78188992286,17617.99994838998,24019.08107816741,63408.08142445873
2371,21423.73529583615,17064.8511292564,87805.96161523846,57423.56926977543,84699.85665089685,51481.98513860655,17227.36986979138,24206.5673825522,30666.0539959484,138529.1904924575,111752.6257080781,54784.53750988331,59047.88689176295,38975.719251997,144109.9707310326,63793.30887144708,41972.87098121524,40510.73323344134,166986.2151704238,41825.56846399204,7697.531953670015,27825.85427678958,68874.95975735664,38850.93694116589,44837.4537711606,2612.028099620137,44911.4706917743,27430.9187164543,17553.03091289639,23360.98635357736,63616.87737577916
2372,21400.79440577138,17057.79919128936,85166.32215700962,56730.86899406875,83123.71842340037,50045.85386551294,17842.78119582609,23378.04009167229,29862.77030199808,140256.0302597175,111752.6231490981,57173.85174990738,60202.76762083905,36191.57394004381,145531.5220965489,66059.97904791331,45277.82291764953,39754.21183616404,169552.8578691825,43961.53967177866,8782.205904474105,26983.55968440836,68888.24149544808,38851.31454101935,45849.13817245969,2791.653577800574,45699.55056790624,26765.07960966645,17553.03091289639,23655.91363861473,63615.4635764475
2373,21202.78085798631,17008.94129744514,83556.50292564815,55840.37126844186,82845.02615943977,51469.68708414499,17796.88858066321,22123.15721796006,29316.85061973113,135844.8475830538,109495.372572753,55291.83400575125,61477.60763107039,34867.65468781699,145469.6255512743,67196.96111480158,49564.65308067079,38128.86101965157,169552.9851954748,44967.86049609057,9169.439899880272,28739.00524606701,69839.07492114649,36767.47779213449,43988.74925518379,2800.960957651499,44763.62977082814,26514.85599425457,17195.70122272884,23115.20216434953,63463.29923293996
2374,20096.49404031462,16464.14987045489,81660.02124157432,53421.92781593963,81502.55212253967,53568.73570388246,16087.19438937214,20114.57025908311,28702.12997338973,134867.608034338,105273.50815534,53740.46478184577,61966.10101876016,32136.68289434802,143404.8781124153,66620.44208478133,47522.21744987953,35399.35396585093,164180.8191757227,44967.85739486184,9466.622846581977,28913.03447292772,66068.56586502197,33056.93364280791,40310.61080835122,2623.660075880965,42629.71041401222,26518.01857497526,16935.82508327806,22868.17286213869,63667.98613925455
2375,18359.07711850064,15654.82740375487,76236.81261276764,49424.01521494522,78864.1601527219,51268.61057112754,14386.33529157863,19006.13438895276,27066.41474002658,138429.6461894068,103758.1738545815,52448.91902496733,58840.47210289568,29432.30014178191,138455.2388378879,64261.97377766758,45694.42811878758,32448.38367885835,158800.0439976608,41825.96269502891,9379.525098566814,27240.08657662756,60436.71480531538,30618.98831350742,38381.11606649658,2345.129564439626,40355.89485316588,25167.08520487634,16526.2968469523,22632.73249107818,64108.32626433942
2376,16955.39141735639,14782.43693931541,71624.79996217415,48587.27241083371,76128.00834309564,47598.54492578511,13338.34980437211,17475.68683530419,23861.90758625482,123751.7504468903,97243.118947302,49310.23983959093,51739.22221650527,27432.81140383751,134838.9464505581,61058.55355448524,42466.98886948929,29838.74698852587,150085.0321979612,37832.61548312008,8934.437173217551,25747.01420472574,58035.64184267064,25742.75190679004,35261.63220459518,2061.276104840685,36545.18758984288,24864.45016040996,17130.61312851494,22637.08289754655,62428.75960328064
2377,16192.39984194226,14244.37650783562,69803.67164316509,48356.86482396887,75976.0423646124,45773.20451961146,12747.83374778843,16818.03154180846,23872.55536059017,123495.0243521243,91605.94671351225,47586.99447773032,49262.16412347984,26674.95759404613,133007.604043667,60300.88889850364,41029.22000341231,28596.88028856937,144763.7792114691,33898.96626782499,8150.535040525413,24156.88768970982,54318.85231179923,24351.78094205731,33990.54832719047,1968.426697759394,35519.18896338944,24579.99782984284,16812.27936310324,22546.57179268387,61302.41179327692
2378,15646.48070987205,13983.02992044722,68711.27772293435,47892.25228946894,76006.79298411429,44844.8400631072,12637.26899131631,16291.82110603779,23035.24618792459,121659.3146332872,88935.12331194847,46955.30790429703,47194.62824485854,25794.34663947338,131082.2820272091,58537.95560192066,40827.45578185916,27449.97968163722,138409.0142634852,31967.39678815662,7586.672083319717,22816.68795794194,51612.9235658756,24080.3725458296,33734.72832612519,1918.034138443772,34303.85465480577,24580.6398303986,17248.5145222977,22244.16588144576,60246.27196030951
2379,15320.21232644676,13785.4522573981,67640.29026061321,47364.02667398028,75758.14824379119,44510.76997106468,12223.86952123843,16029.73547470714,22481.24316228681,119691.9030923252,86579.07878356981,45904.13225323494,44308.32266227324,25482.01539232212,128345.085953529,56511.18885519343,40645.26859992088,26897.00742825915,134184.4801796291,30016.42659329063,6532.489992377208,21905.16793950729,49821.66627675088,23519.76321093994,33230.64717495809,1833.260668763184,33944.34911823572,24632.18434694343,17307.46521918909,22309.13086208649,59491.17558095819
2380,15320.21579051911,13693.26825848186,65764.84952673533,46782.95944557708,75557.08496948995,44510.76998712311,12334.58730074034,15770.96616539741,22014.48243298658,118514.9079471732,87025.51566560114,45735.98797278355,43452.276612974,25482.18357459581,127135.3335350061,56221.42367521446,38698.76458291077,26596.49840829285,123915.7922510927,28385.38689667564,6262.13481859206,21023.75473042979,48467.45661205558,23802.22989475016,33225.483923888,1783.059362525592,33937.13258947257,24523.99522971552,17048.08215341655,22227.07041788498,59211.87175891325
2381,15530.50078921205,13731.54121376504,66537.65746784992,46783.00535717698,76127.43290425047,44860.17366051353,13537.74290752393,17249.03958853069,22213.39951365153,119967.5317887065,90914.30525558293,47422.94091931781,43069.83506684738,28168.06579112553,129045.1185497967,55640.15843426255,38012.79895790215,26214.45599942199,122142.6069241473,28048.18854494128,6166.541962904651,20087.33025626206,48468.59118158132,25240.06266735617,35405.28187422465,1780.57969332376,34839.96409609696,24804.51766697599,17283.88494098208,22642.45892699422,59265.11475465453
2382,16432.07382929076,14158.85382318877,71473.55968333757,47973.40196526485,78257.0925280782,45859.38101814437,15144.9511207555,21514.03985908939,22593.19457055206,125236.9401835981,94871.12040145935,51641.06582379755,44582.67023482683,30912.80928587347,131232.7604584414,55641.01054125761,37081.69533116309,27242.63811094849,120790.1274316518,29349.18315746883,6304.171349865933,19692.44388203707,50695.36721029811,29239.8998273326,40133.1680654036,1780.604349012885,35988.17819214709,25789.07167004422,17885.1820531211,22594.08836860827,59214.70089721
2383,17722.75156642045,14847.80273157912,74695.79583483837,51293.73194893159,79617.56326113296,45196.93217178735,15842.70339128569,22047.62090837012,23842.1443229632,133666.1649941812,107837.6432733278,50744.97637312258,45133.97819931826,33234.21337170579,130488.6673069114,56220.92003982991,38518.90026800714,30164.67614088772,124703.8993059718,31959.13316589989,6262.722544116401,19436.20525428734,52556.30308319958,31953.83579500872,42402.41734073104,1941.333363354846,37583.74393211595,26391.42831727209,18734.07209055524,22737.09465169171,59680.29746176158
2384,19350.68192075925,15745.77718725742,75738.3919308186,50646.55735599797,78571.16590152688,45916.85086369924,16247.79424230791,21280.92101552719,26241.11788602732,137622.7671605752,120797.8028999011,50342.10121398644,47922.03009584703,35448.54037753449,134918.4414330343,56222.34526108362,39903.26592608327,34612.75116587995,141926.1379633544,32615.11099341937,6548.086059952378,20816.64235053811,57625.30101376354,35139.49432309812,46437.87014476913,2207.391528373869,40088.07560366954,25741.21163971244,18663.33125593425,22118.92596415775,60849.14025677095
2385,20545.51113056625,16862.51030307128,80160.42449547496,50687.66876984797,79156.2372876918,48650.04237445132,17431.43816537084,21550.92183165015,30433.0038931766,140918.1891965515,126540.415778812,50826.92962986422,54065.89776477604,36883.48684322871,138484.7830249582,60269.44113887339,43159.85613736305,37532.15622271615,176185.8402401416,39515.77245454955,7831.448000840219,23857.90634945803,65304.75287078421,36521.99687680612,48470.2943981651,2473.873374086016,42060.45512201267,26740.59152120867,18026.66372511087,21738.67852755661,61228.16748063414
2386,20982.84094086801,17414.23957323163,80843.34082021378,48590.63800037678,79036.01951671895,51375.94218969438,18245.45584753151,21827.1369401199,32383.37237202858,145003.7194337464,125054.4531081483,49127.2261673278,57976.37270668763,38079.64326017692,141987.6593609586,62290.30773392398,45741.3428432486,38448.42612897728,184917.4055896039,42713.33428355752,8648.056412199554,25930.30526918837,69826.08784537113,37325.67993133769,50030.68128502704,2522.904603492625,43367.40635847884,27002.71247170198,17519.68773129539,21933.14504044941,61502.74004474555
2387,21424.86430826143,17849.52116054199,84372.58118639924,48595.84375224051,79752.10055745867,52744.83649192777,18871.17800346558,22979.03044649872,33238.41279312009,146194.6860670487,119202.0455422769,51452.75136170893,60821.41983252951,36394.83166865152,145003.4398495028,66068.34192445842,47496.41952273908,39585.09724272902,192742.9921754235,43645.13872643266,9029.874700145783,27966.12807824359,75303.08359218956,36083.60074052811,46951.56345672475,2587.634142758017,43494.26332777194,27536.87674939002,17213.14410636109,21929.57124971125,62105.19267512163
2388,21431.50049535585,17547.53819269845,81062.46491081303,49354.7173001104,78526.59885172267,52736.43762438633,17042.76737687635,21351.11670002492,33500.54519060674,137380.5262116123,126701.7520378087,46743.10551294266,58798.49852333355,33873.71912389866,143551.58872002,67830.53184001599,47570.23271356006,39157.72987036897,180340.6488939018,42134.72020203404,9029.88188760476,29194.03351407267,72094.90606781293,34163.68832644689,42391.91279462053,2490.739002830508,44414.28517719513,26670.10187381581,17213.14410636109,22208.74210701289,62256.11217973287
2389,20768.49438789347,17279.8201428476,80401.55875900501,46768.64509444071,77063.96135892003,52060.54636154858,17020.96036121791,20761.5952124949,33760.52624567899,128435.6918493562,129611.9457788278,47945.96603416515,58450.31127470483,34190.65175277247,144277.5333385472,68604.47158180452,49211.56521195644,37839.84181145117,172670.6471959148,41088.59333676955,9431.592197083894,30327.78026147346,72653.64525537581,34016.84712909733,42901.19367271179,2341.779029472626,44737.42786741532,26626.18646266453,17519.68773129539,22403.52776790603,62390.27836276816
2390,20336.93986733344,17472.85225524092,82887.25824330062,46181.52148119452,76655.06745198321,52048.15097888355,17445.72320231796,21024.80611557907,33998.08912962575,137258.3784218256,127693.0946673437,49660.2099437319,59582.97896413354,35085.9373940024,147171.7835122032,67879.63528456647,49218.94796579808,37333.10453551955,185992.1016308322,42714.1419430906,9460.54642190151,30626.01708810914,73487.05595186265,35126.62412262277,43416.06757638045,2298.131240575013,45766.92402585122,26599.76746157115,17614.00884687118,22594.4384880654,62214.18793894079
2391,20334.86089440396,17449.89240235019,86289.38967712151,47381.86586427047,77047.58944089776,52432.64795712654,17445.7066082634,21288.57017988912,33899.87735152797,143582.0177828992,126581.1794414095,51892.56469186469,59582.96354477263,35702.08445256085,148633.9142570863,67273.05404821175,49227.15221938757,36962.80439443223,187360.8470427708,42716.26115863225,9316.215857266845,30235.36787542975,74436.76721091119,35951.65278942681,44952.83151913447,2289.342778974626,46245.96491595847,26843.01634509579,17448.94689392664,22879.93475702711,62212.05125861721
2392,20778.023487358,17537.19362233016,87753.56652630534,49194.13174743543,78454.30092840483,53078.76617070964,17843.87486736169,22729.37167449646,33895.70572861366,145431.3907952954,120462.8427261423,53911.25927665128,59796.38076039429,36953.56241967237,148636.0553758778,66374.98554262161,49157.43429737795,37434.17187826463,187512.8685521724,43473.10037615484,8935.089655226813,30014.72660754305,74421.40186873237,37867.6719797814,47466.62790197707,2297.017683683757,47170.36286303336,27417.6772774857,17272.09480325248,23588.90647973195,62267.24847291976
2393,21205.78793290623,17633.44665782526,88292.56799338621,54008.17088923945,80996.4817205984,53431.00321382575,18449.06943900439,24705.40128416708,33630.66040923301,147807.9820223133,111216.1033576029,54826.20673943181,61234.26618087236,38699.43822978002,147907.0617818026,65121.74012193098,48553.9138826424,39870.06897714032,187360.8354315509,44343.69883420819,8934.43523613832,29844.30637437838,74436.76818735084,39184.55881025793,47980.20288242005,2390.24764267223,45637.56505499493,28517.6561861964,17331.04550014386,23639.29396682991,62971.34479371338
2394,21424.87001853596,17472.68315845456,88643.57330650318,58412.10404032184,83052.60859953481,53077.94968168315,18349.64567915815,24967.90674945125,32197.33732285593,148471.3195148719,110426.2960136495,54571.10658309393,59173.75937796773,39587.7693952122,145005.040635405,65122.80894835738,44955.09134739837,40530.01388250318,171366.2423860857,44327.20386999469,8744.061257759971,28933.51603880532,71782.08788484783,38624.48005263724,45971.25293523544,2510.522256636798,44805.34523128357,27705.96084130232,17578.63842818678,23871.11006074045,62932.36199436334
2395,21424.8885710604,17170.43600869238,87258.5210095944,57913.704593917,84022.67579022622,52057.48851930591,17246.63537829286,24180.36162209645,31782.26627401042,141501.3960953057,114648.3560131963,55162.15811391758,58754.43390946661,38717.8573641257,144277.808209933,64332.83389426741,42373.6265144067,40835.1923611857,171493.5414326269,42390.59691514789,7971.416076196556,27787.23693119516,68966.39199300246,39141.47691815576,44937.10124013991,2588.106764682454,44945.79686095909,27532.31737242824,17507.89759081801,23356.72191597045,63179.72058191198
2396,21401.982705705,17162.78720549674,84770.14523216698,57253.83998018165,82561.00945212254,50639.25295143557,17846.55280715958,23348.87910248644,30921.22563746028,143353.0292013734,114648.3533717016,57660.51711396663,59816.66279028983,35992.85862517355,145729.7097194643,66662.13359776814,45776.05623852299,40097.64525058705,174047.929298509,44382.46612375452,9029.159495065443,26969.73649643439,68979.314260012,39141.8588866407,45956.68318489238,2762.710760765755,45722.85505285094,26889.50311542944,17507.89759081801,23587.2466312186,63178.0456672235
2397,21204.27147256182,17109.79405434959,83252.57616838097,56405.5539922,82302.55807151734,52045.34371152979,17801.81560696882,22089.5202556082,30336.0537557646,138623.064073235,112318.317512453,55692.60686984692,60989.22705879226,34697.06480388706,145666.4916819746,67830.53119649476,50189.32416175889,38513.05980099874,174048.056016862,45320.8961253478,9406.779156623219,28673.50798307983,69904.41331887465,37033.91324393848,44081.77145566481,2771.757950126077,44800.02356792448,26647.93228279914,17118.82299078534,23164.60903558009,62997.77800950676
2398,20099.67366408612,16518.89231539552,81464.7717505192,54101.75058603259,81057.5853430581,54118.23597909244,16135.16551458836,20073.76897763987,29677.13404830319,137575.202461945,107960.3186316254,54070.43545429278,61438.53041231714,32024.10996156386,143557.6618528171,67238.08258194498,48086.6479856884,35852.01141805221,168701.5402353725,45320.89323334155,9696.583577427073,28842.41440834552,66235.95332895363,33280.44005281024,40374.92024210943,2599.413565688973,42695.94812167772,26650.98550084452,16835.85964405802,22971.52293456746,63240.26865032367
2399,18364.90932125191,15641.07003469331,76352.33832867871,50293.34867438105,78610.81470979242,51846.77282322206,14477.12807906135,18961.37948815992,27923.80916898992,141394.6580350968,106396.1222165186,52719.9454636418,58563.65924893443,29377.17930074401,138502.3477019201,64814.44830753094,46204.94898699141,32975.05431351184,163346.4564013318,42390.96454962745,9611.64831214016,27218.71214915009,60756.5286745639,30814.28897989376,38430.36322535226,2328.669455101658,40453.9329885429,25346.7676774962,16389.94921697926,22787.49511737259,63761.93542926812
2400,16812.77790997326,14757.68220978864,71603.8966466255,49508.46599820201,75832.390981338,48081.25406470368,13412.74450238541,17770.85950546748,24496.22596228334,124736.6730219655,98164.60189948652,49509.1987932987,51578.23433858456,27124.06737032197,135259.9977086071,61795.57071468578,42205.1528276244,30289.57498165824,150749.0820144352,37483.74924775624,9033.398335161015,25044.72542559136,57883.16386137049,26076.80844477746,35726.70765769627,2040.025783736178,36873.58538667946,25727.32373657759,17016.94333838763,22782.14066200462,61353.51853494099
2401,16025.46067980106,14240.73881458672,69835.58431377189,49297.33081303741,75676.36235229163,46420.16902276388,12847.72950830492,17113.91713300562,24506.69736071843,124507.7629442028,92231.49941097538,47837.10345660108,49133.66502331534,26277.93539211585,133525.7508583121,61044.95074622132,40829.62616375297,29009.63480571286,145895.5911867205,33778.88227304834,8283.555897176886,23649.62789216278,54176.60107651596,24721.12166852718,34462.35725059635,1950.021974725198,35841.72702591241,25471.35114124347,16677.41878662604,22722.65323749224,60631.97683451183
2402,15462.13658447767,13989.64918913808,68774.87177566277,48871.58071150559,75707.93505725553,45575.344513893,12741.93942092779,16588.27712750684,23683.25786207706,122870.9505474263,89420.46786661202,47224.16684463082,47093.24668136085,25294.74697319417,131702.5070835373,59298.40902088294,40636.59648206378,27827.57221825479,140099.4387644216,31959.65346465544,7744.192171927134,22473.80362759336,51478.11769326203,24456.597977481,34207.89243655784,1901.173819127966,34619.45163966363,25471.92886387327,17142.69317150505,22523.9002906117,59955.41056945398
2403,15125.46613068953,13799.82577530374,67734.9448698066,48387.53843385144,75452.6430613796,45271.33610484535,12346.39234556082,16326.47560604514,23138.43166338065,121116.7060899489,86940.73989758221,46204.19258960466,44244.79751436524,24946.03399901198,129110.4338308473,57290.4869415003,40462.29633376835,27257.6467960606,136246.2602969794,30122.15229259017,6735.813145789204,21674.08151908173,49691.78904838645,23910.20938906181,33706.48161700534,1818.998440585699,34257.89287721755,25518.3126767565,17205.56808806376,22566.59780698472,59471.69362100685
2404,15125.4697052033,13711.25968384817,65913.89527948614,47855.07447061423,75246.2045719629,45271.33611945874,12452.32884776497,16067.98681159684,22679.40262910301,120067.2371980203,87410.61303004851,46041.03923172665,43399.97925577588,24946.22177190182,127964.8210205039,57003.41596816037,38600.0580840031,26947.9246915044,126880.2363923972,28585.97436321857,6477.204610133766,20900.77362043122,48341.30549144599,24185.5108566567,33701.34571786571,1770.335676646301,34250.63513305691,25420.95559387191,16928.91845579158,22512.66448590444,59292.77077594531
2405,15342.45899847017,13748.03055620926,66664.29040482463,47855.11654194653,75831.80015874068,45589.29829983046,13603.52694045961,17544.45795213108,22875.02473205033,121362.4706912443,91503.5493883379,47677.91939839248,43022.55376415033,27944.96744519512,129773.3515466239,56427.5552712304,37943.7884776977,26554.16952595732,125262.9220602249,28268.38757067768,6385.765160012186,20079.20158712642,48342.43693920382,25586.87071656992,35869.59635411075,1767.932002995947,35158.62293582287,25673.39176189993,17180.41812202643,22785.67399801272,59326.87839469496
2406,16272.77593981705,14158.57260354135,71457.04260701753,48945.94263707562,78018.39399216257,46498.59082956528,15141.32888328688,21804.83481521119,23248.52864368801,126060.943928015,95668.08238732272,51770.84031290084,44515.54677917714,31009.43081909909,131845.0073305799,56428.39945542275,37052.99309630819,27613.87391514591,124029.3316204994,29493.71593892278,6517.414699863407,19732.74801788934,50563.08599390371,29485.24565207869,40572.43692726322,1767.95590305094,36313.39476924662,26559.3709448072,17821.74227502824,22753.88298247964,59294.58313021035
2407,17604.60299241634,14820.48261770925,74585.828133326,51988.54420869902,79415.23547902041,45895.75320760052,15808.94916322311,22337.83744422063,24476.79006912985,133576.8706148975,109315.2987447164,50901.34893059423,45059.62385877971,33601.24233470208,131140.3650968223,57002.91701552558,38427.98024390913,30625.49655571635,127599.0652794701,31951.87045719476,6477.766799623582,19507.93705211586,52418.90150193973,32130.33832205796,42829.66502689853,1923.758982080747,37918.07318351644,27101.41886545611,18727.14107581825,22847.87228337957,59592.84565082504
2408,19284.43493131504,15683.21463954978,75598.18707336484,51395.50241970186,78340.86378683825,46550.88918470551,16196.54642199456,21571.96868052037,26836.02564484303,137104.7788721836,122955.8178104664,50510.43206537458,47811.10802252334,36073.50395776195,135335.2779633836,57004.3289852196,39752.41556877978,35209.94183499318,143307.3914140295,32569.69641378173,6750.731581198188,20719.06356931211,57473.95208521249,35235.18756023711,46843.74032618997,2181.663141330991,40436.70771849516,26516.30272261205,18651.6911777062,22441.58773750668,60341.60976290045
2409,20517.35761920123,16756.11979043694,79891.97276586197,51433.17507663865,78941.57644100432,49038.13130125085,17329.0754306922,21841.67680644088,30958.4748246368,140043.1452085086,128999.8961797941,50980.86961955576,53874.39350736002,37675.59934337714,138712.536443063,61013.79538460381,42868.02529897265,38218.85078007852,174555.5112051232,39069.01329531075,7978.332842170033,23387.31660662197,65132.27393122814,36582.62074016285,48865.39796646123,2439.977996539182,42420.35198870548,27415.62339782404,17972.64207418301,22191.67430737949,60584.4157107491
2410,20968.63035406942,17286.19556903411,80555.08329285655,49511.55007360522,78818.14477439629,51518.7378739276,18107.94027397563,22117.59248820089,32876.53627054118,143686.012308369,127435.9260803348,49331.61740256008,57733.57915909829,39011.08935773075,142029.6945178295,63015.87217130904,45337.7573123414,39163.2119301717,182519.5325442292,42080.60395108541,8759.460506600704,25205.53584508727,69641.16845309161,37365.9170971319,50417.51882229749,2487.506543525188,43734.76754998566,27651.50045973961,17431.91779119195,22319.48527624841,60760.3076981446
2411,21424.74628575415,17704.39383905789,83981.969361229,49516.3203912785,79553.36948842717,52764.45064166444,18706.64101426787,23268.23730226692,33717.41330694137,144747.9388916041,121276.2892175968,51588.11547239926,60541.31101000267,37130.02344973686,144885.5819770828,66758.77859114546,47016.85527220001,40334.73140595633,189657.2147427973,42958.21436277922,9124.689205389006,26991.66503203563,75103.09424666876,36155.34521840131,47354.71238683927,2550.252287117393,43862.34903110241,28132.18351908365,17104.96822391438,22317.13644173708,61146.24061468142
2412,21431.59404739456,17414.26267245108,80767.85239198449,50211.71809595554,78295.1052838432,52756.80755591717,16957.18914443111,21642.08827047364,33975.20359159444,136888.7844890844,129169.7019831371,47018.26312547815,58544.92207847596,34315.24054937893,143510.7062362444,68504.58384733823,47087.47302900031,39894.26169226563,178345.09342253,41535.64224138285,9124.696080560707,28068.96789355767,71903.7440224247,34284.13443304264,42819.21612782325,2456.326736677501,44787.62535500665,27352.191265096,17104.96822391438,22500.61840591131,61242.92009061059
2413,20747.45001627439,17157.05164270465,80126.11370344613,47841.95744083752,76793.36571639731,52141.73714884114,16936.32385095465,21053.20584458051,34230.87816991472,128913.1140325775,132232.6699058471,48185.41988257637,58201.30160935481,34669.09089460698,144198.1621502409,69271.32757754707,48657.75088734837,38535.96947453683,171349.3194978111,40550.3584343258,9508.95251419067,29063.6606276862,72460.94583916978,34141.01809596377,43325.7991291415,2311.932007472116,45112.61359380878,27312.67272170724,17431.91779119195,22628.63913128034,61328.86733975301
2414,20302.13669861263,17342.50790323874,82539.72344635513,47303.94367799244,76373.54046102388,52130.45717899859,17342.74357735162,21316.13141796233,34464.50592467847,136779.8712908212,130213.086357133,49848.78095151561,59319.11337395192,35668.66337268412,146938.9626847236,68553.23073314584,48664.81403567592,38013.69651389072,183499.7579520277,42081.36463689317,9536.648709444815,29325.3187141893,73292.06340620977,35222.64383284483,43837.94552740883,2269.621912241752,46147.98946183664,27288.89882517233,17532.51765827203,22754.11309462785,61216.06329937647
2415,20299.99144398445,17320.44914624366,85843.1869692815,48403.88546823668,76776.55611237031,52480.35475266232,17342.7276999008,21579.60955292414,34367.92098334782,142418.3506172283,129042.799780743,52014.87409577758,59319.09815682933,36356.58196963277,148323.5730282027,67952.28942631691,48672.66312034868,37632.04361366204,184748.1844634498,42083.36059821126,9398.58915079862,28982.58261872879,74239.16153482543,36026.74433671742,45366.56857988958,2261.102794627043,46629.76627406802,27507.79331587234,17356.46789014923,22941.75236578901,61214.69453571369
2416,20757.28292195541,17404.324091178,87264.90006487469,50064.56469332617,78220.87455160434,53068.33127270083,17723.70131450321,23018.84916898924,34363.81846161123,144067.3459032977,122603.2734924896,53973.64901903873,59529.71621949329,37753.83763334038,148325.6006274685,67062.5710686991,48605.96334478899,38117.86240581779,184886.8425959176,42796.18181553295,9034.022467536945,28789.00299742541,74223.83847038414,37894.16065615481,47867.04831731073,2268.542483035753,47559.44368861028,28024.91845247316,17167.8431404731,23407.71620414668,61250.05403258764
2417,21198.68532964567,17496.7995234087,87788.26952309278,54475.9343857246,80831.017872847,53388.87185875174,18302.76094125151,24992.73669437013,34103.16350638928,146186.4358348563,112871.1152253978,54861.43866275316,60948.74251833972,39703.08079055968,147635.2573909156,65820.97819415979,48028.56982748143,40628.43987876958,184748.1738729084,43616.14600118835,9033.39648224578,28639.48480205591,74239.16250857849,39177.64255991847,48377.90267329956,2358.91518100628,46017.89168960119,29014.76605018505,17230.71805703182,23440.83282381072,61701.10019440306
2418,21424.75217808332,17342.34544292432,88129.09505284978,58511.50133019141,82942.11314080098,53067.58825638225,18207.63073360569,25254.95759467085,32693.58281365648,146777.9013699164,112039.8459784221,54613.91048641563,58915.26105964211,40694.8887046957,144887.0978912551,65822.03708274868,44585.54329340682,41308.61754865474,170159.5777591259,43600.61038913478,8851.2940460836,27840.40288081911,71591.78655865832,38631.77108983287,46379.59498588536,2475.503684093423,45180.91885069878,28284.33869302863,17494.79270775067,23593.19139249881,61676.12769915723
2419,21424.77132209827,17051.96046263792,86784.21175566185,58054.79041700291,83938.11405730346,52138.95447006367,17152.25323511805,24468.26619341229,32285.38724203285,140563.1622198972,116483.5481842557,55187.41820058756,58501.43541045972,39723.64546725514,144198.4224482787,65039.40713491179,42115.83220603633,41623.15226942088,170275.6866448213,41776.63708665944,8112.21945695024,26834.71488018128,68783.83805377345,39135.65350845761,45350.92163085326,2550.710424382441,45322.17263469758,28128.08063284019,17419.34280670793,23255.11546271661,61834.58633359539
2420,21401.13517322403,17044.61184887291,84368.00333691988,57450.12006174125,82437.37160735573,50848.34046745431,17726.26360916428,23637.68502954804,31438.60938121763,142214.1727207365,116483.5454040924,57611.61995724761,59549.73223287358,36681.22680575459,145573.3458980759,67347.0492509622,45370.96793605155,40862.99324547681,172605.5322862437,43652.65857332638,9124.005075191206,26117.4808555036,68796.72476516671,39136.02578770507,46365.10241768819,2719.963252268323,46103.66879992899,27549.62577063647,17419.34280670793,23406.62528703449,61833.51337834859
2421,21197.12052159734,16993.69849811575,82894.44649666913,56672.78880463262,82172.01080098662,52127.90252683932,17683.45835667512,22379.69137112033,30863.13062544498,137996.6946093492,114031.191461106,55702.12197451154,60706.91729810601,35234.4931808961,145513.4796043748,68504.58320980036,49593.18184431562,39229.82715831334,172605.6478654812,44536.50919921837,9485.217573339147,27612.28480732702,69719.27841406282,37081.55153531481,44500.12289095125,2728.733168295463,45175.56679399165,27332.24132220495,17004.3683568343,23128.85139282803,61718.0333897287
2422,20057.30598753597,16425.98763648349,81158.49161208663,54561.68662539219,80893.75503637087,54014.26319006426,16088.78149466319,20366.12523710097,30215.12564560024,137062.3677613376,109444.4140960681,54128.10046875008,61150.32764619881,32250.18071961416,143516.4573788957,67917.6431211223,47581.5322572969,36487.19565399255,167729.1149564912,44536.5064754121,9762.43030739287,27760.47486330255,66060.91219143152,33423.29115516361,40812.90844017346,2561.67070070844,43059.47444755324,27334.98884811075,16702.56875559407,23001.94768442889,61873.37360325707
2423,18267.23398489239,15582.61688550279,76194.32792500885,51071.83781555554,78381.57256428144,51947.20026921271,14502.3453573645,19254.94161621622,28490.84385494332,140467.9891223398,107798.1032760149,52817.6962363625,58313.16292602308,29294.92385176223,138729.1698621238,65516.54354723066,45781.29356305525,33522.03604169143,162844.7671654474,41776.98333940533,9681.18538696531,26335.91964996895,60596.56417342212,31019.69792241,38878.65256652822,2299.224208198109,40804.654606236,26161.35100004734,16226.97504129257,22880.99743307394,62207.55486715617
2424,16707.92321671987,14680.7746153623,71976.50352688112,48955.03638679738,74792.49713309926,48006.84306627139,13208.24514398055,17980.78437887351,24639.33549865017,124782.3035472823,98295.07235604992,49338.04431796568,51078.39967973171,26676.05106238341,135492.8850865446,61785.15775065462,42140.08393130558,30556.02977670194,147509.3185320478,37078.25347351858,9089.583529101938,24457.06873863676,57213.4477082673,26218.5346512697,36507.38157611056,1984.672418387429,37335.93985174864,25608.88623753222,16839.38008616908,22488.34770195952,61263.67343302389
2425,15902.73429216109,14196.46837380505,70237.5620602298,48730.8952830874,74618.27438879544,46325.06485646909,12653.87256525752,17323.19963901445,24649.31976653031,124575.7516286956,92342.00415187917,47735.25056925793,48623.74405973328,25740.47695038723,133857.3284801641,61030.20076241595,40863.59484195127,29293.78293186423,142672.77314787,33251.73259406134,8396.788056680833,23126.00747618046,53772.07281595286,24896.78548474629,35267.8323362607,1896.595958799929,36325.29863405776,25307.35011439182,16547.25869597392,22414.47314061121,60626.03157479037
2426,15326.62303089439,13961.23125901893,69194.46747651548,48278.91899316884,74653.52870934883,45469.71584407493,12550.07510119543,16797.04565540079,23864.18675984898,123098.8103588965,89521.5130951218,47147.71770049205,46574.90694190557,24653.35856265323,132137.8394694917,59273.56766418912,40684.4632488898,28128.06065869814,136896.8573711294,31372.76715013354,7898.458370452655,22004.15463612979,51266.65377910176,24638.88375236157,35018.35903753056,1848.793841871094,35128.15575895065,25308.03067256567,16947.57319290164,22167.65144866814,60028.13547230171
2427,14982.3103317336,13783.39232158991,68171.81328512522,47765.0597315252,74368.46774078104,45161.9202134937,12161.97840557695,16534.98814076683,23344.70593313731,121515.9068803626,87033.44049634067,46170.01725248564,43714.70505997375,24267.78416106438,129693.2725199029,57254.04397796273,40522.71266751926,27566.0136353472,133057.1318637267,29474.9293467967,6966.795412470622,21241.14051427576,49608.12891260932,24106.17319267132,34526.7837616113,1768.378174058829,34774.03139281792,25362.67087768227,17001.66974626793,22220.67543346112,59600.66444230659
2428,14982.31398738697,13700.41783873475,66381.01050294565,47199.79601049875,74137.95696608597,45161.92022828908,12265.91952665003,16276.24659237684,22907.03097774466,120568.9419618955,87504.8948172959,46013.6259413275,42866.40107719425,24267.99178287653,128612.8527399892,56965.31433240479,38794.55510428231,27260.57299319858,123723.8084287386,27888.30910876095,6727.861453073505,20503.32816554663,48354.26637874672,24374.58289593822,34521.74860692733,1720.757478794685,34766.92288289536,25247.98407968752,16763.64491196057,22153.698245097,59442.54649106746
2429,15204.22882551151,13734.86718687861,67118.94190543637,47199.84067342334,74791.83741612971,45483.84346098881,13395.4340739706,17754.16144694646,23093.5527199173,121737.6671034793,91611.60447609742,47582.66404635393,42487.41832617851,27583.72608042882,130318.465784253,56386.12636024273,38185.53674489547,26872.26092620427,122112.1407763831,27560.29395977081,6643.378588626398,19719.46705071692,48355.31687650752,25740.86178814875,36647.46740518854,1718.405277621717,35656.24057757749,25545.35428585445,16980.03112542572,22492.73558141193,59472.68812444296
2430,16155.66348081314,14119.48971574747,71832.08866629621,48357.86161023319,77233.40458662069,46404.46361241597,14904.2705429883,22018.70416583271,23449.68119035759,125977.2299526485,95790.15170825516,51505.94994504272,43986.57143755202,30972.12490429011,132272.2304994779,56386.97542206111,37358.87840736065,27917.31642711941,120882.8572855909,28825.85750558493,6765.012415327961,19388.91602170187,50417.08848137897,29541.64668335611,41258.05828636466,1718.428665878849,36787.26791258784,26589.03916801247,17531.81597329194,22453.25585361106,59444.14810735756
2431,17517.72231946724,14739.61012774257,74908.90648341576,51587.8873109785,78793.12832889173,45794.11606784631,15559.31577200628,22552.22797223279,24620.80376528751,132759.0592731634,109483.2928481494,50672.49546339296,44532.89338179668,33837.90922591875,131607.687121261,56964.81249686315,38634.86682548043,30887.30771838742,124440.127601721,31364.72857796441,6728.380871972002,19174.42408780741,52140.1287385734,32120.52337756745,43471.00918934129,1870.895364172724,38358.95081817032,27227.57247793757,18310.80634378366,22569.97663001599,59707.72908649292
2432,19235.68557555598,15547.87367622147,75904.45060040332,50958.31417266752,77593.47679213082,46457.41348064222,15939.61239086116,21785.61033139361,26870.28745423537,135942.388841972,123169.7141590813,50297.78052095684,47295.7301824075,36571.50638592706,135563.881391372,56966.23262480067,39863.94313941716,35408.37963866237,140093.6097975533,32002.84161654046,6980.578874146569,20329.95877434057,56833.51319377217,35147.6473155135,47406.34543631535,2123.276741241789,40825.79701541098,26538.30473398326,18245.89048125703,22065.4314617728,60369.42797308305
2433,20496.59497151328,16553.04110073343,80126.91845909216,50998.30746369061,78264.23707366655,48975.64071675262,17050.80949820894,22055.58218167432,30800.95986521726,138593.7583675534,129234.1316933535,50748.72034146255,53384.03281225952,38342.95458353315,138748.9512774468,60998.86538770913,42755.22975110948,38375.69474738039,171232.630124294,38715.57163334226,8114.78594546963,22875.73652198382,63943.91656420277,36461.34950226704,49388.34676851166,2376.060019589702,42768.65345475852,27597.70591522879,17661.64770086673,21755.07603494049,60584.00079082078
2434,20958.11136432963,17049.65061437784,80779.01502084777,48958.31044111599,78126.41234353934,51487.14974590395,17815.00392874868,22331.76765762899,32629.79289121019,141880.8184917147,127664.8986168317,49167.82295754683,57259.14148252176,39819.61533674996,141877.3408735822,63012.5100076431,45047.14167946221,39307.00146350249,179168.8459356434,41826.05160559781,8836.48650799752,24610.49781069906,68130.21996719346,37225.0371955469,50910.02162716092,2422.570786121314,44056.04191223685,27875.56946814128,17196.41734141238,21913.79830839725,60739.44030821051
2435,21424.58089202814,17441.44599132012,84148.98206516853,48963.37461015773,78947.36980590534,52748.38113114699,18402.42776131322,23483.53758821253,33431.5522395624,142839.0243309212,121484.5337187351,51330.79831004807,60078.45804852061,37739.70745972021,144570.7092370688,66777.04262960274,46605.34500769431,40462.32636834252,186281.6076810839,42732.47944424921,9173.929117406284,26314.64201103087,73201.36954180917,36044.77019010009,47907.29440252418,2483.972886882541,44181.00005410314,28441.81487415708,16915.11526289909,21910.88140418385,61080.49749438238
2436,21431.58409432015,17169.63221797056,80988.25012169589,49701.60878425885,77542.38250247538,52740.64283073444,16685.92792574409,21855.7984852581,33677.35009309854,135747.4911132695,129404.5089168588,46950.34785760661,58073.83200667934,34627.38210115436,143274.0731206485,68532.93500342644,46670.8783037313,40027.94551461087,175008.9814211589,41263.19540187516,9173.93546952452,27342.49567182922,70230.9184331909,34220.4023941861,43460.76525314032,2392.058666379457,45087.25078215457,27522.9827623054,16915.11526289909,22138.73879975617,61165.93521842224
2437,20731.91034713128,16928.66017294634,80357.17042184844,47185.87097223823,75865.52877204797,52117.91010965305,16665.45564328871,21266.34024193099,33921.13066318266,128550.8222251725,132477.7841529412,48069.13068833536,57728.79375785312,35018.63693023919,143922.4081956356,69304.10891516427,48128.09655044588,38688.42973221927,168037.6324920243,40245.55857830412,9528.958210279483,28291.53108671624,70748.25496663208,34080.86876255099,43957.41125465915,2250.756018510911,45405.55659028316,27476.429855538,17196.41734141238,22297.72155968657,61241.88864373451
2438,20276.48864721326,17102.40767672755,82730.69120111316,46614.71558418099,75396.7487246541,52106.48961822159,17064.22019666707,21529.52290759869,34143.89003025756,135649.2157106285,130451.4044244943,49663.55216935269,58851.2176191567,36123.87128804648,146507.2388500389,68581.86296689587,48134.65115386695,38173.37644370711,180145.6489913884,41826.83726946809,9554.547317675098,28541.1788243169,71519.9098106995,35135.41760175052,44459.51152298605,2209.351955353477,46419.64298800695,27448.42416772709,17282.97182730274,22453.54161878158,61142.20129665651
2439,20274.29469641324,17081.74159647031,85979.28569251535,47782.41374254257,75846.75904137648,52460.74608323864,17064.2046182781,21793.25867514878,34051.79823054166,140736.9721526499,129277.1796708908,51739.86951474914,58851.20233924824,36884.5077455296,147813.0556051074,67977.44947115595,48141.93510641341,37796.99934562822,181389.7167553212,41828.89877065297,9426.991137457188,28214.17463358349,72399.24732892364,35919.38864094162,45958.14950505125,2201.015266867086,46891.51347205937,27706.28222482229,17131.50147636422,22686.56177324902,61140.9916908847
2440,20741.96645469142,17160.32110772629,87377.3847781099,49545.39073820317,77459.49590684635,53056.04739190701,17438.00235349801,23233.90559974635,34047.88655854711,142224.9063817014,122815.9834804063,53617.46114079174,59062.6894130497,38429.46321403264,147814.9678204152,67082.59039483557,48080.03769795127,38276.10239207221,181527.8907777664,42565.12635723632,9090.16017835827,28029.48049647564,72385.0205608093,37740.05695976639,48409.58048524106,2208.295641138727,47802.07479521837,28315.4564556244,16969.21181626538,23265.21977441495,61172.23963577756
2441,21193.38846900203,17246.95811563803,87892.06130689118,54228.50061851949,80374.00163077816,53380.58115108652,18006.15502533511,25209.72321982837,33799.35729921787,144137.0200610081,113051.0751461967,54468.45549493134,60487.57062121679,40584.75515766827,147163.9097308347,65833.82369988835,47544.21636895382,40751.97474416351,181389.7062017556,43412.01508447997,9089.5818171539,27886.82532497689,72399.248233009,38991.40879580018,48910.41405565321,2296.733090265392,46292.22029517416,29481.49849510253,17023.30836963166,23306.34570600593,61570.83879172105
2442,21424.58691811015,17102.25547332386,88227.22587910878,58512.65831740315,82731.26653349173,53055.29511937268,17912.81665541649,25472.20052337583,32455.35044835481,144670.7158346437,112217.0085625066,54231.18636023819,58445.69900825949,41681.40418221628,144572.1388855866,65834.88870664744,44349.08688107186,41422.74993653329,166852.044609228,43395.96934132538,8921.333480037667,27124.42200520787,69941.28012255378,38459.20240915225,46951.3046497394,2410.824956969267,45472.45734975046,28621.05391030171,17250.51389477866,23495.55245889106,61548.77006268736
2443,21424.60649668437,16830.20391078818,86904.6804837979,58027.81403112922,83843.40867088432,52115.09276531808,16877.31786070745,24684.73988431348,32066.14417759458,139062.9841545952,116675.6644447497,54780.92449952746,58030.1659124621,40607.49366612011,143922.6536809743,65047.73678803683,42057.19437205076,41732.93666739816,166967.7481131815,41512.10361196416,8238.486653563554,26164.89601674431,67334.22770107379,38950.47087802763,45942.80948247916,2484.421213556198,45610.80666366003,28436.98166765728,17185.5980297305,23075.71227889,61688.80335259451
2444,21400.43381944142,16823.31925079208,84528.60419152772,57385.89600735989,82167.66832937783,50808.40078263706,17440.51638571591,23853.34656662452,31258.75851179892,140552.7367678841,116675.6616552309,57104.65289940139,59082.78801259727,37243.46983665959,145219.3347913948,67368.71226838544,45077.96114660164,40983.28574809671,169289.4593480153,43449.72659223521,9173.297034878571,25480.58369915474,67346.19242624023,38950.83383781575,46937.09636397353,2650.049646609983,46376.23365061888,27755.56092285857,17185.5980297305,23263.86501710631,61687.85515905707
2445,21191.7881406194,16775.62030777602,83079.52246237158,56560.68117743596,81871.36445105216,52103.90314117402,17398.51739727502,22594.12282448488,30710.05108818559,136747.1891746169,114215.0551999006,55274.29588402688,60244.74762896355,35643.8062366127,145162.8752901733,68532.93436220489,48996.17671332133,39372.69583197386,169289.5745237205,44362.59955026194,9507.028990583243,26906.77476290701,68202.74151185047,36947.79030422647,45108.69978837171,2658.631762889705,45467.21534240399,27499.48169794974,16828.56077700873,22918.91102461598,61585.80301918955
2446,20026.10040547786,16243.75179714158,81372.40100144458,54319.53519255186,80444.0544208704,54013.76337056664,15833.87728420649,20578.58779746848,30092.19136806112,135904.1201191607,109612.8426906288,53765.51120267703,60689.9874902811,32344.0308436505,143279.4969848209,67942.60298249027,47129.36539160822,36667.97726157311,164430.0675072266,44362.59673701608,9763.151766944378,27048.16275784206,64806.11493455411,33381.10905226015,41493.81277290537,2495.146785568122,43394.63423334454,27502.71828782289,16568.89731933765,22761.31543414784,61723.08049373291
2447,18195.39469314873,15453.62714821901,76490.6898227559,50614.71184248922,77638.9325201389,51920.94976331225,14277.32267658061,19466.3176457703,28448.12334740147,138977.1068262992,107960.9918055281,52509.41792506587,57841.11661485089,29076.38242581978,138764.6381437237,65527.63005487885,45458.74343146008,33743.80671406854,159562.7728935028,41512.46123434863,9688.087846608336,25688.99595031534,59732.71643476738,31037.68621469253,39597.49875711639,2238.320345159949,41186.17815376369,26120.17104203675,16159.70423957655,22611.11315463994,62018.4036357948
2448,16686.28991683307,14711.5892391662,70981.00650487418,48786.19030102182,74230.77071627286,47696.64004729791,12934.77563806955,17939.1831386454,24627.8273055027,123447.5263930245,97985.30314631357,49208.88436932961,49935.59839932201,26405.92679592946,134685.8519680052,61504.3758804504,42288.63866949669,30384.09670295868,138477.4989894815,36522.86613888958,9063.916284057641,24828.21247500251,56954.79943261755,26140.58120085981,36615.51052382548,1946.086034983701,37494.90785672532,25441.35160148844,16880.06977292719,22598.75819037591,61944.81375988674
2449,15877.44446822505,14226.51006217746,69195.6504141285,48558.95889563035,74046.55217033884,45906.42527082389,12379.75783056724,17283.47926243116,24636.80281262155,123282.4849101102,92373.54146664067,47655.65981270141,47419.45856652954,25469.58277253543,133048.9010566854,60741.59874988403,41148.71225594256,29177.1577426952,134099.1042693575,32783.74483750504,8413.690266872836,23313.49541316066,53639.01820752508,24828.10370554914,35379.40777605039,1855.178008327976,36500.58135107307,25150.92567797803,16622.18756637579,22541.23685861818,61457.63390951174
2450,15298.71697042358,13990.89751737369,68124.71427051906,48100.75107090791,74083.82916133206,44995.92563888347,12275.83955765999,16758.83021626415,23930.99573940569,122102.3623578102,89714.75727547664,47086.29742260648,45319.30217755567,24381.56976317099,131327.9461890621,58966.76975300384,40988.74470421353,28062.51393583195,128870.3227461878,30947.69586840793,7945.980906722524,22036.85271786906,51225.03494114741,24572.01107592641,35130.62812281599,1805.839102787055,35322.76387150158,25151.58116075761,16975.58170062,22349.05280813938,61000.82115484538
2451,14952.84067838847,13812.77475536417,67074.76410006234,47579.80707507655,73782.41319327366,44668.28416821329,11887.29116012336,16497.52225438328,23464.0006713434,120837.5726662159,87369.33303587153,46138.83406614258,42387.45796025507,23995.67806108958,128881.2952567124,56926.32704369858,40844.29869080862,27525.09413339261,125394.3223051838,29093.20559367141,7071.564836406374,21168.56021969673,49627.03827244794,24043.03731992488,34640.41964237217,1722.838154437709,34974.35611078546,25204.20812918356,17023.33766446641,22390.33914764147,60674.21889411929
2452,14952.84435064289,13729.66784820348,65236.16244738835,47006.74989092044,73538.67716497173,44668.28418396263,11991.35325724257,16239.52077421915,23070.54621629341,120080.917896408,87813.75752444028,45987.27942904099,41517.9056597212,23995.8858537599,127799.9544236053,56634.60662256314,39301.02466712409,27233.03698738766,116945.1151122468,27542.82452529764,6847.31239398489,20328.94675893439,48418.93570335175,24309.5642101876,34635.3984876328,1673.686503080334,34967.36235305234,25093.74700474118,16813.2114239874,22338.18835308137,60553.41145522297
2453,15175.76694845926,13764.17217627427,65993.7902049954,47006.79516962636,74230.07314890684,45010.96416679883,13122.18243540989,17713.20840733481,23238.22272946212,121014.7660630384,91685.01770530948,47507.79229414134,41129.43014893949,27314.3487663894,129507.0214956188,56049.41919288575,38757.16093965927,26861.73959471638,115486.1156448266,27222.30140013963,6768.020656875463,19436.93086286974,48419.94786298598,25666.25906860841,36755.20685268498,1671.258681072807,35842.32385302792,25380.16050588681,17004.23527937304,22602.17474764661,60576.44067805132
2454,16131.5222589416,14149.40854893617,70832.73702261504,48180.78209388362,76811.7220360577,45990.94344646757,14632.7750243196,21965.55342320933,23558.36975075826,124402.3101939422,95623.99680480923,51309.74373388818,42666.13404672871,30705.53600309948,131462.4517868205,56050.27704962157,38018.94101925442,27861.00388668163,114373.2782954186,28458.95886562323,6882.180581181437,19060.7714045631,50406.47469943399,29440.38260567687,41352.97826334629,1671.282821238209,36955.0930911434,26385.39046837946,17491.34611372281,22571.43444301278,60554.63514399823
2455,17499.76647937142,14770.51865091888,73991.67913496066,51455.34114299372,78460.9328839769,45341.24232255916,15288.58265402211,22497.55121254985,24611.16792629558,129821.2052378038,108532.0707740227,50502.06528569485,43226.14026277119,33573.67866276318,130797.3418882454,56634.09958881096,39158.42032490186,30700.85903524834,117593.5796330534,30939.84090109501,6847.799896711252,18816.68452361983,52066.63225670651,32001.16925874234,43559.77618949572,1828.651166168559,38501.40442710077,27000.39680425656,18179.0319948919,22662.31734478668,60756.01988735965
2456,19225.53135042267,15580.07215909891,75013.79562764082,50817.08788802518,77192.45291247363,46047.30738075956,15669.32189636265,21733.12629785341,26633.37497304058,132364.7857391905,121433.8101813982,50138.93905638641,46058.18059824043,36309.5253801113,134756.9087968758,56635.53442699388,40256.00632560869,35023.83109499187,131764.2569148168,31563.37913083263,7084.501360597635,20131.6563845031,56588.73070446438,35007.05883650601,47484.17047083365,2089.146343443583,40928.42849493765,26336.5253615947,18121.72483961181,22269.46073109466,61261.58011744769
2457,20492.16678829329,16586.84379485224,79348.96668087061,50857.63257873559,77901.69718611095,48727.90318246998,16781.81231506934,22002.32595831956,30166.91179617329,134483.3134258366,127150.5372137749,50575.93277646784,52298.98302944915,38082.43135443492,137944.6939412648,60709.93879100362,42837.97432307182,37861.12732333031,159953.5762241016,38122.78716412358,8149.016034851991,23028.69283111758,63439.63847715728,36311.54579917964,49460.66096758752,2350.056342707844,42839.92153569675,27356.89255086181,17605.960426509,22027.80708004336,61425.52097529794
2458,20955.77901941289,17084.24587951014,80018.46855348194,48789.50949572478,77755.96494271621,51401.34760518206,17546.89618397327,22277.72147187176,31810.96863048296,137109.7779052373,125671.2727835218,49043.92740136146,56271.1554198282,39560.3072951286,141075.750476012,62744.44153632839,44884.69055939362,38751.62696231912,167138.0193846786,41162.22227716042,8826.371042286737,25002.8112254811,67473.16189745546,37069.87645393769,50978.10490085516,2398.062382272061,44106.52776937695,27624.51812793711,17195.25913698467,22151.39382468474,61544.28200054501
2459,21424.36687859141,17476.66654785432,83478.38442964775,48794.64348600784,78624.02376359611,52743.89982119656,18135.00371334564,23426.19704043872,32531.72220251255,137875.4145244558,119845.2459832184,51140.00896868415,59161.09022582183,37478.68780085716,143771.4149243896,66547.96867235917,46276.1925677957,39856.32898246434,173577.0116814561,42047.94686783617,9143.079180083187,26942.08807838718,72359.23885079699,35897.8886650736,47983.72657858519,2461.438497057577,44229.46872050756,28169.90003197884,16946.92812409295,22149.1226204718,61804.86117486213
2460,21431.40188382658,17204.41896944888,80233.28841306946,49543.05591957069,77138.4271549098,52735.66257584358,16416.50606053936,21803.11369531511,32752.685863613,132209.0563207382,127311.1462209563,46895.03158634109,57106.25231184469,34363.80121840051,142473.6734312833,68322.04927212065,46334.71491298677,39440.98139961594,163372.2056933125,40612.22197995718,9143.085141889678,28111.7618725255,69497.1949514219,34086.3182582582,43549.56073594299,2366.569329442666,45121.08990505318,27284.92259757936,16946.92812409295,22326.54040279027,61870.13847288874
2461,20728.55077812576,16963.06234166356,79585.36436992252,46992.63286391513,75365.36613926623,52072.77771232479,16396.00995059623,21215.34145610707,32971.83605754669,126458.6914078301,130208.2217472962,47979.21410678265,56752.57154512716,34755.37802256837,143122.5612091202,69101.2113074777,47636.03553029287,38160.15919572763,157061.2306235203,39617.82847108721,9476.293183686495,29191.74231803019,69995.65118426921,33947.76341290753,44044.8258431389,2220.723947610576,45434.25732429662,27240.08494828145,17195.25913698467,22450.3299713618,61928.16944733195
2462,20271.06091712467,17137.08714024358,82022.23752582689,46413.60278251999,74869.6904510034,52060.62085811178,16795.23862210723,21477.77135079667,33172.08892625633,132130.5311814084,128298.0201976824,49524.32532270069,57903.10987877104,35861.52191016961,145709.5954204866,68371.48405073874,47641.88890235248,37667.67400310508,168022.2929729852,41162.98999608985,9500.309944833938,29475.83569393996,70739.14432996656,34994.91491049148,44545.53005188238,2177.988786651567,46431.97339467618,27213.11113943458,17271.66867958412,22571.65694982541,61852.0049574908
2463,20268.857003155,17116.38807766172,85357.54125675488,47597.40035113066,75345.51951989571,52437.7188337179,16795.22302558671,21740.75276535319,33089.30162388648,136195.8086847282,127191.11712693,51536.42893292691,57903.0942161314,36622.78431771989,147016.5253786959,67760.8098015583,47648.39359555514,37307.78862467838,169148.5141280474,41165.00441159577,9380.591571472532,29103.71245591284,71586.39024902009,35773.38662961516,46040.00116121499,2169.384082253924,46896.2265057855,27461.46832989833,17137.95197947859,22753.09463780249,61851.0807779513
2464,20738.65255248287,17195.09299900583,86792.95743711598,49384.68404772216,77050.78504948187,53071.40358062499,17169.4558203057,23177.27906448414,33085.78516777221,137384.7149574074,121100.3599000589,53355.95276326389,58119.87861805617,38169.01117542566,147018.439224159,66856.68142188808,47593.11815965445,37765.89880740461,169273.5993618824,41884.416205855,9064.457500569848,28893.53478145841,71572.68268966273,37581.28351005582,48484.61608507283,2176.898513027478,47792.08869979675,28048.19733177341,16994.68408793935,23203.65810988051,61874.95526003063
2465,21192.12456450372,17281.86827648204,87321.37135618414,54132.36139066981,80132.50671977724,53416.86240971527,17738.26975943664,25147.44533150821,32862.36606853303,138912.5539593048,111895.3018499861,54180.62863279942,59580.45025004306,40326.07677206407,146366.8261103704,65594.97950885467,47114.6206221793,40133.28583205768,169148.5045741878,42711.96158707569,9063.914677301827,28731.19648169425,71586.39112011071,38823.85749088911,48984.05711787885,2268.179134662637,46306.60767765682,29171.27616107084,17042.44005178577,23235.68020668506,62179.49843680715
2466,21424.37293203906,17136.93469392869,87665.48190957907,58475.58607691845,82625.01660701753,53070.60280356709,17644.82275390938,25409.17188159698,31654.15098431519,139338.9936772634,111109.0547027807,53950.69745991299,57487.43383790231,41423.6282612833,143772.8457916767,65596.05554737398,44261.31578131708,40774.66966007855,155987.949735211,42696.28233641536,8906.004514063123,27863.5990622277,69218.12704904866,38295.38437130823,47030.39489778387,2385.938936862829,45500.07810938061,28342.53494569759,17243.01510083107,23383.00323919953,62162.63718472687
2467,21424.39259952349,16864.44894683408,86307.6360463985,57984.05709476161,83800.96644204739,52069.77871315263,16608.11875236129,24623.96358508151,31304.26817910283,134858.2395957065,115312.0830177075,54483.43398845738,57061.49246932036,40348.8339927019,143122.8069037342,64800.74999864541,42214.61688678784,41071.26493537562,156092.6930117792,40855.44500676198,8265.11583912145,26771.68058559471,66706.21952880724,38783.20674024577,46024.70379065263,2461.901236970038,45636.19405978026,28165.24490659418,17185.70794332499,23056.10090856903,62269.6273334186
2468,21400.11014931551,16857.55329916699,83868.13916750131,57333.28875163794,82029.08269455493,50678.83472180989,17171.97277858089,23794.94826884396,30578.4567447569,136048.5988146137,115312.0803881198,56735.29703479664,58140.48064731567,36982.04180929091,144420.5934291978,67145.76705868424,44912.2128664285,40354.46147906075,158194.4758763636,42748.81174584831,9142.485936447969,25992.94892814366,66717.74759892795,38783.56715398058,47016.22611730163,2632.854452818145,46389.26481125192,27508.93133777118,17185.70794332499,23202.60324819091,62268.90288162841
2469,21190.5169687096,16809.77823034467,82380.37955008344,56496.69643345187,81715.77876952551,52057.86761193299,17129.9249079314,22539.32623461166,30085.18798976045,133007.8465311624,112992.5475789537,54961.54700241191,59331.54502759616,35381.06179911407,144364.0857964955,68322.04862425715,48411.2458434845,38814.44279988867,158194.5801418381,43640.83424627168,9455.711425071328,27615.92151298584,67543.03675378856,36794.57436582661,45192.91328835925,2641.712475258798,45494.92072340005,27262.28743782508,16870.51858149348,22934.00993702879,62190.93161046876
2470,20019.53561227326,16277.06087659924,80627.69278266863,54224.65108610805,80206.57869689462,54090.87052737732,15563.46372565967,20529.55616278271,29529.75374230436,132334.2078253891,108654.193151375,53499.4241187742,59787.93725674669,32078.57092412567,142479.1019192764,67725.6023592155,46744.15166109774,36228.23691431612,153795.3988722842,43640.83149728175,9696.096501783237,27776.81779500406,64270.37074497863,33252.91230564519,41588.07724872312,2472.971625027464,43455.79714939776,27265.40477445841,16641.28995369512,22811.30046738965,62295.81622342871
2471,18180.51629892461,15485.67521701019,75615.68234225045,50468.74820784208,77240.51660330502,51863.11788896423,14005.0974594707,19420.46739344447,28051.79417627562,134789.620907932,107097.0476291639,52282.17771650048,56867.70786499323,28808.23346249958,137960.3941805273,65285.61418927154,45252.25790711369,33432.19478145432,149389.1676999824,40855.7944608791,9625.644953097722,26230.11727015321,59382.12694144146,30925.92787152997,39697.0358199493,2207.88848022501,41282.99202522784,25933.79794582222,16280.05788423297,22694.34768969931,62521.45304808858
2472,17030.31394442836,15101.82964247915,71236.84625662412,50136.67660217245,74438.14858723599,47370.29203678917,12869.43771724248,17628.22934769409,24749.04042996038,137139.4975003595,125111.2173258159,51190.57077343805,47439.47198047966,25868.46259006887,134329.5510887094,56798.43376410932,41701.67564227562,31290.26116765287,156967.0815648549,34522.07061183121,8541.991275795937,23561.65914139404,55482.81833828166,26401.67024383197,38534.74572010624,2068.309720369326,37202.75116585931,26326.03320018756,17530.6071774059,22688.05640601628,64996.88273542208
2473,15958.88290383729,14387.60368736986,69907.24697164743,49223.43159151165,73550.47953068517,45113.8641602414,12358.56022415111,16820.20802632021,24306.75869499467,136597.2077560196,118512.1022607229,50874.80356948684,44142.297335783,24264.35403386235,131980.8329845364,56526.61559192863,39723.15142113217,28841.13397455919,149050.2331583537,32537.160655349,7980.02193189841,22034.37691119014,52659.68330361699,25012.36670790968,36837.26457037668,1899.484186055788,36180.7392903839,24929.8391354525,17345.83650707937,22964.57197111353,64183.31619869486
2474,15533.29675012233,14180.40240389797,67329.39291108225,47864.45981777554,73376.98221520837,44614.48769912024,11730.29547487949,16518.79186284928,23267.12918389024,133599.586855982,113582.2891588473,50257.34868913735,42721.0463586999,24027.64252022973,130405.6269222702,56781.85977036499,38772.17042719318,28492.07400418212,140583.9623511045,30024.78536973364,7549.262370595643,20994.63780702966,50785.282488137,24571.13363727434,36001.08665805923,1814.282915520054,35268.68180854422,24835.64002843761,17055.4246769903,22867.70420124858,63036.13219656875
2475,15380.59548176192,14005.45678358995,65655.37764364772,47890.18861633343,73333.72410473421,44779.64460013009,11875.44816405216,16227.28187519447,22581.82735671376,131711.770865943,109653.843097569,49748.53586063906,40934.90380330928,23802.17622446945,129068.9754078564,56351.80539643847,37855.69962274715,27659.08409604427,131724.8022687424,28558.96689530513,7197.139372476204,20253.72528966952,48871.1599924022,23905.21745150554,35325.39203737027,1731.495539425913,35277.99463119308,24750.07108500844,17111.93905152272,22964.54703324171,62706.8235261903
2476,14946.86146153398,13801.74339749222,64802.02790592872,47637.42074884161,74278.61113709428,44771.01744652662,12010.78932974527,16503.16963242312,22569.02366606032,130930.6918292552,106368.2782250401,49746.17335330746,40446.42689483851,24947.64044903824,127200.2899977729,56214.60668029954,37762.73030149928,27361.63627563325,127323.1026069083,27828.87976309954,6947.024555212585,19728.093320475,47931.8905591648,23911.67767485435,34851.85561295599,1651.945351499628,34823.60267645486,24422.11783371013,17077.05202199396,23056.76172984589,62703.14403993858
2477,15359.17585696917,13901.47747926402,64741.94883737803,47637.54085456182,75497.76246825175,45648.45324778042,12443.26836717815,17607.91106911099,23466.99450180071,130862.9127129642,104152.3259033965,49746.9695415215,40288.27202801753,27398.77069240057,129376.5061447355,56065.92515452452,38217.27231029663,26417.17872142058,121900.000865327,27219.07156881606,6807.311977354628,19186.95880737332,47907.49553130609,24572.00928775962,35838.38898448119,1637.963087758531,35290.21328013583,25257.36682583956,17572.36150791734,23195.12920140404,62473.49324041839
2478,16237.45542019069,14204.62379718202,66705.13989282282,47725.7981558356,77344.11443136337,47746.13895191671,14227.60842367967,21041.60823222042,24897.33801923662,131906.3020429591,106366.219820006,51167.20760593782,41911.76535838359,29545.25496292473,133583.8321719191,57086.28506594579,38178.73879105401,27346.97153425911,118543.2640403746,28663.81620346171,6984.668433200068,20676.47816136344,51160.33980892926,28732.78053503702,38503.95655328518,1652.61469634011,37164.86331533486,26585.34960267513,17888.19662128881,23241.15535170148,62663.12065486469
2479,17284.78228720729,15129.85665055724,76776.0744438265,48705.35574651721,78834.73436292571,46840.46293495267,15161.48875815983,22055.92362758837,25493.22901467081,129065.8855140676,99969.15910575716,53785.97797921542,46076.1219935776,31040.37995609963,135728.3770255588,58126.12794055561,40693.78536706564,33272.9628419345,114621.9020381556,31740.60506200799,7244.917930770788,22464.05904568723,51715.3827567141,32375.94671374363,42812.88398157936,1831.780450966887,40211.22753030713,27608.80901254787,18162.55549039537,22983.06668491341,62577.53916365599
2480,18540.88596972315,15541.94742475573,75035.81385089557,50137.55061277136,78482.4029151008,44876.16442416336,15547.99213718951,21408.86194241823,26542.20948292301,118309.1749980541,95347.19219869083,51841.71944527234,50525.63200419616,33451.76441325245,135886.8680513113,63433.00342957937,42381.63234790562,32476.70426988228,110889.8652346192,33131.92155472513,7499.307881713735,23989.22159699895,56101.62788600721,36609.36614112006,47122.60592227572,2067.690063112113,41075.59737335951,27378.93670626838,17340.70591705889,22600.98150017321,63133.15229177986
2481,19480.15402493303,16206.16260542535,75536.00416012703,52635.91604506821,79324.45970507382,46394.9190318417,15589.42774500486,21475.08581401004,28464.91986405531,117763.6468550317,98699.10603734016,49728.97733234233,53948.08481309819,35535.48047130601,135886.868040026,64700.7572871507,43248.2316493722,32803.99253903408,114796.6369906932,35629.56382759294,8152.68298778392,25622.03461197002,61990.53379748224,37912.25705706993,49698.60300145691,2319.6222892471,41663.2767906765,27961.64211120854,16679.33972706276,22196.90768157649,63269.82289035025
2482,20051.74819325075,16671.12007795579,76099.50360230758,51143.28179325503,79911.44254345506,47923.43197153228,15707.65248921253,22354.69738548383,30510.22738308987,119674.4725199222,104602.2999095652,49078.87031885222,55902.92128628501,36909.39271276828,135018.7918960007,64059.95724449809,44093.19764132039,32801.91528904831,124896.1647080205,37319.00784164409,8757.091600156875,27545.33058786584,66602.78531020558,36575.04862122828,50727.49081338665,2468.28617997403,41846.83211188531,27350.33208833994,16152.14214168941,21996.22397228086,63924.34112772238
2483,20330.06987371467,16814.35226669413,78948.1964434297,50136.67634821594,81679.79946371133,47522.08313776724,16132.96832737507,23369.88164719393,31029.67852854039,120006.7776759877,103942.8398937719,49165.18964194563,57834.35293290448,35171.74060375681,133712.8791606139,64611.17738907822,44661.65464055386,35142.36500024188,133911.813484085,38985.38353761175,8714.728242772946,28648.06379023139,73020.83815848372,35211.99756919089,49153.17638497447,2510.578393500321,42114.52268564465,27608.92802859832,16167.60288921569,22041.88047617393,63736.67742085287
2484,20059.31945356406,16433.29665236734,73705.85260692885,50137.05458907956,80238.17694827399,46480.00650037579,15359.98308206656,22063.00372964467,30683.17683172769,118114.70063505,99974.2340798964,46211.12815556781,53920.83209016104,33692.28870355654,127592.3687854025,67177.94027369417,43988.77397306076,33550.84290518886,138303.7029851562,39011.86014157376,8525.571349379175,28677.21854855346,68776.55585492805,33688.42907544676,44823.01935653052,2466.366314666419,41722.5964316976,27240.2229837218,16730.27315344991,22227.1971494381,63777.92945084528
2485,19780.11276647494,15910.77236198969,65966.77862243695,48079.07665308129,79268.61930760127,45994.46178727334,15473.31381975915,21185.1257997944,30652.7111045942,120105.2363587473,96615.57567888602,45490.52274101123,51342.16353758138,32724.4069417409,128469.0738456576,66051.77097490587,44671.17820998048,31290.22632030261,140357.7885727573,37590.10733726802,8572.997868487577,27363.59020866713,66727.32689244545,33337.98225418805,44310.05200847413,2264.496184095705,41500.36614710333,27060.68600999337,17019.04757291259,22042.94985551527,62949.0253145057
2486,19367.54574514394,15766.74529302334,68156.71608640534,47204.79134927272,79601.81986460809,45511.98692702885,14829.60399839235,21314.33143840495,30274.44544464401,120278.2918392353,92697.56046489211,45894.10921922221,51912.0904093077,29906.98711716272,131977.9081860945,64209.28104354628,44699.8168655382,30836.29520332758,144890.2695710475,37869.04584224398,8715.052575723228,27127.89663539339,67768.32660459915,33483.36713349195,44281.67697841884,2240.58390761306,41942.55152432989,26909.48592668261,17126.02008125232,22042.85344410221,62536.5407279884
2487,19096.07102642001,15732.89843226507,70804.86233026313,46731.24591149815,80067.67556743731,45665.42418278223,15358.96063440322,21767.8147067647,29754.17503585675,121001.8182817883,91969.51026728217,47132.35933298903,51866.35023179359,29532.72836423922,135920.1125918187,64092.37522015611,45611.76179951514,30382.23693585549,142694.6145007337,38984.80381207556,8758.315933949496,26226.49671933835,68697.85288717494,33907.96809633019,45850.02769420985,2190.474599220224,42851.6329090906,26471.80404422827,17054.73596466666,22319.65716699919,62801.92837439988
2488,19780.78077315973,16168.90155449911,73769.13688438063,47638.46192083633,80443.12712484405,47176.10834637675,16272.59091315569,23011.15639011551,29828.06785523476,122834.8087502677,96663.0006809541,49078.22179135977,53291.37684192022,32644.25435155349,136753.7207066694,62753.37805500819,45996.13897086919,31591.68752766637,144890.8676675821,39271.29489717527,8799.484459063435,27431.03492078246,69643.16406231864,36112.5440264401,48929.64912406745,2241.152401716929,43692.17796689675,28317.86815567282,17030.67388767359,22821.60268690463,61815.93309772635
2489,20579.38546181055,16710.66690306506,78784.56137944103,50587.30684152392,82645.36294092254,49639.82047325795,17148.37471749291,25567.93131687893,31016.78961149496,125617.6726850245,101296.3225752627,50568.378300788,56856.98217791536,37834.89794723316,140651.7779482722,63898.23237294723,47500.20582645712,34934.40686707918,145896.3764183653,42043.07087995848,9107.412908467544,28908.57518525233,71529.96216332394,38134.23838019984,51236.26683771335,2321.324528964468,44783.41630113545,28799.24022399077,17339.02087926575,23471.88874041731,61774.75858757334
2490,21168.86194064854,17389.56571283424,86975.02098244874,55242.3602053736,84034.78555645666,51472.82467131078,17973.23043542838,24973.93265334483,31993.84319482456,127297.7198332564,104600.7939734974,51631.81058722786,59472.77123473716,40318.24364269432,145439.2889258408,68952.25781967309,47110.81589474955,36794.9035712783,152576.7364444788,42887.65329421611,9233.99410612437,29736.9343454718,69758.85808090713,39696.86101676497,49990.76798872022,2400.598449958119,45564.93541134502,29133.36762421877,16754.24779953365,23382.02180114776,62231.48355370967
2491,21429.98851606308,17703.0424514689,86649.38987695791,58783.62042761851,83655.34353210998,52335.08486200646,17600.9889101612,24948.2271219054,31919.03765081551,126990.6400985097,103327.698261913,54927.76487980432,58311.7298613208,41057.26656702287,140743.1094709141,67847.27882543816,48669.40558023967,40368.01390572996,156969.6774175148,43728.35691665661,9585.216986768295,30473.34178948352,66836.28290494224,38607.24206828074,49430.85406043899,2426.16240359223,47610.3001832125,29104.08604898531,17439.89516052293,23646.99089894726,63428.35541887685
2492,21429.98851765651,17414.91252138102,84156.91370238716,56725.47598646885,83767.5635151191,51175.08753221801,17165.38052054614,24098.21421341049,31327.52098853351,126684.2421319067,103185.4777424695,55924.59847439452,56384.99304529624,41517.03737519024,137977.9978538026,66476.538999254,47756.51492549373,40971.9027937108,155870.4856750105,43727.15544377748,9578.094440494298,30576.62757488807,67755.36505157452,37022.7181870475,47646.98534911008,2641.466316330097,46658.91520274294,28639.52723939333,17033.86515635746,23292.82795557843,65333.08586129464
2493,21153.82146638376,17410.7894911016,84188.16825828255,56271.2139184165,82336.12290005482,50261.72323442272,16251.60916728475,22789.22639991224,30651.49182479044,127250.3937612777,100867.6882647887,54309.63989752275,55724.62066455922,40176.30884022755,137189.0004500967,64717.36390754064,46781.26420177829,39782.26161953268,158064.9520340257,43083.47387355199,9407.284084046152,29459.99189276923,69070.85043422408,35242.35898092308,45846.28350138396,2668.025259807463,44949.06646889439,27814.90354272642,16818.0161712617,23103.12504681286,65543.1785430972
2494,20171.16601914586,17012.00146822325,82380.60508910766,55052.9194590156,81128.94623417786,53308.7037851174,15154.06981178375,20748.89445009355,29322.29713734952,127260.9611675059,96004.53508122839,52540.20281136339,53920.38031949908,35969.36564967781,134981.5440351022,62145.19333907438,44185.74180395521,37225.94231641879,161397.5752194213,41749.46598656476,9234.329217054945,28081.07721150092,63361.91722209568,31716.95556742696,42772.68458852728,2596.550141800039,42298.04320721304,28116.38716057716,16662.5603780005,23144.76500212814,64934.29274373405
2495,18550.31336538622,16096.326523686,78510.7006691855,52219.66055780101,78744.57819648588,50795.99462658753,13667.98372566508,19444.072245288,27621.8027406316,121573.3104282854,86818.6702274899,50602.4487058144,50834.80157429921,29910.57611463069,131882.3858604136,59575.46892443994,42726.27436684539,34025.45221123802,164426.9421800122,37947.76893420007,8888.154761344245,25443.03028937776,58319.98674304671,29292.58721733629,40459.43721839199,2299.02040217272,40656.5572340524,28166.89730590178,17381.34114680774,23106.80872923385,65146.50859927663
2496,17029.20645591236,15146.11393134256,71157.55390869184,50161.22343910755,74462.6633977354,47386.8648782657,12596.87912038751,17813.53898523384,24458.41223509856,139679.5538310659,123389.2331160446,51641.77739600312,47304.63082458574,25448.68282437992,134884.6640589318,57267.96654330116,42252.08428587979,31263.72477303758,158264.4541686701,34502.15913434836,8467.881959026588,23812.71761957854,55182.76786396007,26501.98689324832,38820.45409357169,2074.642117304713,36815.38928763862,26551.67448119357,17676.60631535124,22808.36542542144,64511.28492601425
2497,15957.71348174564,14400.70086641608,69845.99974060358,49249.86119824544,73649.3035501239,45157.81281314858,12085.02640352769,16996.46802048107,23992.78027323229,138999.373533269,116817.786705648,51286.81727872502,43852.9248785832,23867.53990758523,132339.2494593547,56998.23262413156,40251.2378817639,28689.53205152695,149484.1487717862,32514.2826316147,7900.701670811807,22386.32444789619,52185.45094878779,25066.04857345259,37095.2670823865,1905.8947133513,35756.73633610662,25217.5201475012,17505.20347958796,23128.50510572403,63882.91597461727
2498,15532.10272721997,14184.45201314405,67303.13191865206,47893.69111626023,73490.33017030884,44664.49497059648,11455.56234772045,16691.67606887697,22898.26360975941,135239.5335256879,111908.6432382749,50592.72411768619,42365.06300379588,23634.2173362069,130632.1256878338,57251.51963596942,39289.52769304277,28322.64721285902,140094.4978092485,29998.15247668581,7465.947827414374,21415.2683266529,50195.40328862756,24610.00462214585,36245.44128396756,1820.7328729052,34811.97985304988,25127.5067675362,17235.80243704967,23016.35511928372,62996.87313001446
2499,15379.39263203335,14001.867286145,65651.83612881921,47919.36687165417,73450.69331478984,44827.64812744712,11600.99212162371,16396.90123986233,22176.78133040764,132871.6937210578,107996.6682972135,50020.75762143052,40495.20788745668,23411.97898760015,129183.5345294095,56824.76284187944,38362.71704601749,27447.1203865403,130269.106809069,28530.14326393867,7110.559716427204,20723.29893509167,48163.18319864553,23921.7356123914,35558.71814520046,1737.983809780326,34821.6265581625,25045.74007077897,17288.22809551118,23128.47623356159,62742.52719203621
2500,14945.63354001106,13789.25863140293,64810.0679224216,47667.12011700877,74316.48126467809,44819.12564163851,11736.59164264353,16675.8788732483,22163.3016699859,131892.006059024,104724.8790838518,50018.10188052715,39983.83714397312,24541.0438742072,127158.3535950131,56688.616140898,38268.69882267511,27134.4832901533,125387.3324827443,27798.96498034954,6858.125672323487,20232.38911053555,47165.96268826311,23928.41268620652,35077.45277806945,1658.470436692844,34350.94378472383,24732.35938644609,17255.86508150026,23235.23906074521,62739.68529181869
2501,15357.97176908912,13893.3476623872,64750.80423774392,47667.2399751159,75433.57409742654,45685.91606960678,12169.89624754093,17792.9931468446,23108.68080027464,131806.9924293465,102518.2177685033,50018.99689133981,39818.26990746863,26957.08187078709,129516.8198334569,56541.07467840611,38728.36908301499,26141.79668380401,119372.7560952066,27188.2453975132,6717.117588809312,19727.00080758463,47140.06253515348,24610.90966561122,36080.08809977956,1644.494643769715,34834.28326898691,25530.49418067556,17715.33979313972,23395.43589484867,62562.3114378467
2502,16236.30210085448,14209.73104826663,66687.35116629244,47755.31532282911,77125.36287869689,47758.15188062919,13957.64246473191,21265.14688773888,24614.53918309494,133115.689251666,104722.8293092623,51615.51440044148,41517.8527884463,29072.83543822433,134076.4939279115,57553.61065296277,38689.40081940177,27119.06968868147,115649.9142588205,28635.14927457998,6896.118608767993,21118.12563939559,50593.60090863738,28911.34561743042,38789.16239369415,1659.139471768849,36776.14308537092,26799.4681876093,18008.32478891754,23448.72330033918,62708.77269724294
2503,17283.6895081161,15175.3647557389,76621.60454334866,48732.85343196273,78491.19893148563,46863.46385761581,14893.30550115411,22290.8223702221,25241.89019338247,129553.0267070505,98352.59007974745,54559.32562336697,45877.383631647,30546.55508365276,136400.6365188013,58585.4801988393,41232.82275177951,33347.67379506268,111300.8659780751,31716.5365464825,7158.78130850919,22787.6226824463,51182.88891491947,32676.80203938913,43168.41905443345,1838.222310709985,39931.72527087299,27777.45029018975,18262.83427410025,23149.91761377251,62642.67269255724
2504,18539.86579912424,15605.44972370429,74904.96249938275,50162.09564782327,78168.36211454733,44922.99693753853,15280.54668383908,21636.51375067036,26346.25149699707,116061.1570221386,93750.00207502025,52373.74640997196,50535.43235986747,32923.41632495974,136572.4005845424,63851.66351806123,42939.71242551817,32510.75400322933,107161.7917903526,33109.93243061617,7415.530128105092,24212.03619677507,55839.75674401491,37052.32475444642,47548.48319540696,2074.022746817177,40827.08442228886,27557.79233477734,17500.44407877454,22707.55326134247,63071.80789286437
2505,19479.18814828951,16298.66826337201,75398.36430270979,52655.3103846033,78939.92802339396,46423.32545671592,15322.06138887471,21703.4793136077,28370.47121056205,115376.9148828568,97087.86206771298,49998.77149554062,54118.28798124052,34977.30031744604,136572.4005723122,65109.69646634311,43816.08890735196,32854.75536120792,111494.6585288493,35611.30755358016,8074.96375201612,25736.98901108096,62091.99657087068,38398.94983985953,50166.52505263891,2325.838381847414,41435.83326819419,28114.60528858003,16886.92657492527,22239.73126709523,63177.36725013091
2506,20050.81535734369,16783.92838613856,75954.21601717598,51165.75338660166,79477.77292003973,47933.29391623883,15440.5118145464,22592.94232194734,30523.76056758635,117773.6151401436,102966.3051314969,49267.97343018007,56164.74332712732,36331.54258520316,135631.6262466826,64473.80996353115,44670.58800750079,32852.57203573214,122695.698787446,37303.27652539605,8684.976833134842,27533.23609160631,66988.81493285765,37016.85529757194,51212.2061133038,2474.433472772421,41625.96939794972,27530.45875992787,16397.87081201201,22007.3869557967,63682.89312898797
2507,20329.15312606361,16933.41489533055,78764.246837433,50161.22318567454,81098.09583719877,47536.81439387757,15866.63954620607,23619.49640186559,31070.63609245638,118190.4170848071,102309.6100881707,49365.00667703155,58186.6969138616,34618.76802678154,134216.3481268772,65020.80345086855,45245.4584744155,35312.5376220869,132694.6460377031,38972.14270238436,8642.220655219306,28563.12505314529,73802.84902205547,35608.05067939393,49612.19611976088,2516.706113987646,41903.2571896164,27777.56401777494,16412.21300151829,22060.24639810303,63537.94856529532
2508,20058.38705531021,16535.72025632889,73593.05128475638,50161.60064674688,79777.15549257815,46507.38061284245,15092.17873465304,22297.98176770909,30705.84086778045,115817.2327519071,98357.64377562358,46044.28812700191,54089.75798330483,33160.49708639575,127583.2675378331,67567.88485786974,44564.98620646686,33639.74389999614,137565.5402507472,38998.65887694252,8451.309776400165,28590.35390932539,69296.70284590388,34033.3405268366,45211.36335466438,2472.514495954624,41497.27963154646,27425.24234136847,16934.17505707058,22274.79931309957,63569.81012013951
2509,19779.16422880773,15990.37962567464,65959.0108214445,48107.86549188536,78888.76217859657,46027.72670646384,15205.72581154746,21410.27181735986,30673.76670515205,118313.9113180269,95013.0674990533,45234.24142404601,51390.23292477462,32206.47225679894,128533.3934196628,66450.35082335831,45255.08949102776,31263.68814619531,139843.65621867,37574.78119264494,8499.17606496025,27363.50110040339,67121.04048583565,33671.13024903585,44690.02348224818,2270.737788372706,41267.08196716406,27253.68307349319,17202.05715277509,22061.48448667265,62929.59496938418
2510,19366.57335923093,15840.06352732707,68119.22679115328,47235.38263752488,79194.06960400596,45551.10540836128,14560.787200253,21540.9245278744,30275.53054158337,118530.9704261556,91111.4796710016,45687.92091274873,51986.87101159497,29429.38875953008,132336.0797198093,64621.98877445987,45284.05125473988,30786.57687950434,144870.4756456885,37854.13658503368,8642.547995595103,27143.37694988391,68226.26783331113,33821.39526594071,44661.18532207112,2246.836578194579,41725.12053399326,27109.20154939937,17301.29038738821,22061.37286503951,62611.00700466778
2511,19095.08294803644,15804.73872285102,70731.4328017029,46762.81347340986,79620.92724950553,45702.68110699441,15091.15433521989,21999.48669916452,29727.79250043779,119438.4713263593,90386.48202957866,47079.86219133173,51938.98709287361,29060.48817986304,136608.4292329415,64505.97936396383,46206.28496934396,30309.33196933202,142435.3498135783,38971.56211041966,8686.21251974464,26301.52162033928,69213.14405979411,34260.24881910381,46255.13426477171,2196.750459767209,42666.79422121144,26690.96801367243,17235.16355185706,22381.84616397888,62815.98268835327
2512,19779.83227410634,16259.78018604211,73655.47667773315,47668.15914249604,79964.94872830347,47195.03709567859,16006.52866019766,23256.75350866585,29805.5864849836,121737.5448672521,95060.29365839864,49267.24440768531,53430.8015562954,32127.46719211849,137511.8489588325,63177.24938901502,46594.99877578072,31580.54357452985,144871.1389740686,39258.4813706372,8727.762786130272,27426.49055639576,70216.77907567853,36538.82580036989,49385.02050298069,2247.404809206437,43537.47442336484,28455.00246759701,17212.84232401461,22962.98046003679,62054.43610289746
2513,20578.48312573171,16825.20204736854,78602.83260335172,50610.9246473719,81982.82935008628,49628.85856250096,16883.98426490495,25842.16369625127,31057.06670612247,125228.0206500375,99674.18904137566,50942.35861438823,57163.51894788053,37243.79758207894,141736.3541453568,64313.32516930035,48116.03487298545,35093.96003482403,145986.3142885117,42034.39990992517,9038.546547876545,28806.42761219729,72219.98890950427,38628.38241518917,51729.28625225602,2327.539833789384,44667.83573431263,28914.98482054214,17498.88095051615,23715.8580392919,62022.63442153382
2514,21167.99367898485,17533.74538571241,86682.13254902698,55256.3810314596,83255.93959145248,51439.62408064774,17710.41456561723,25241.51239134456,32085.70375099047,127335.2612562349,102964.8055094916,52137.78373893819,59901.90426679075,39691.58980981742,146924.8015440838,69328.59725501623,47722.25175103525,37049.46364764134,153395.2727753561,42880.24459443696,9166.30148851377,29580.06710493197,70339.61118772477,40243.45764188145,50463.45868352496,2406.777067797143,45477.37379600805,29234.26530617017,16956.41517947698,23611.8133602974,62375.39203273351
2515,21429.13534870031,17860.91027639896,86360.9208587896,58790.34049901314,82908.26169863594,52291.42301413681,17337.46246141879,25215.51896416993,32006.94885459371,126950.0989189282,101697.0476114309,55842.83070897555,58686.4474457145,40420.03231929096,141835.3343468214,68232.09104160196,49298.42581773559,40805.03609893627,158267.3331399411,43722.20469008495,9520.781135552263,30267.82901883448,67236.71887006317,39117.26342899089,49894.40598057956,2432.329190751067,47596.06879814759,29206.28485453966,17592.45715410141,23918.58496004355,63299.81196020132
2516,21429.13535029383,17560.19897803822,83902.27218730217,56736.43918227151,83011.0874393843,51145.49919783865,16901.02253065927,24355.98611667605,31384.20312000825,126565.7917061445,101555.4233917041,56963.39093567115,56669.40872592721,40873.22069851268,138838.6548103753,66871.86180265059,48375.23571251476,41439.7627821502,157048.257228244,43721.00142154506,9513.592544408673,30364.29196204124,68212.5065779512,37479.55179804502,48081.42141168789,2647.533463512629,46610.57485058578,28762.36866500212,17215.80270999539,23508.5479647473,64770.95588852801
2517,21152.95233531241,17555.89591313922,83933.10256117457,56283.1136327793,81699.47664035801,50243.21617103983,15985.50686187277,23032.3379562462,30672.48305357385,127275.9013622522,99247.35190137227,55147.98427319058,55978.08614863157,39551.6870540478,137983.5817784718,65126.17575014518,47388.98197712727,40189.37216935789,159482.0647013694,43076.35783732851,9341.19832352749,29321.41888938164,69609.15482207097,35639.43123333492,46251.32896016988,2674.080115840868,44839.42477669845,27974.38703238982,17015.57002113491,23288.91682556236,64933.22376976549
2518,20170.24008613097,17139.69456920425,82150.07136117261,55067.33084109885,80593.35604084893,53253.22963501484,14885.87239261011,20969.15478204522,29273.11364469847,127289.1557923611,94404.58886176987,53158.92528365534,54089.28503914867,35404.97366525685,135591.2590145463,62573.72812444396,44764.17627548916,37502.51353560088,163178.162926072,41740.35620947474,9166.639706810285,28033.5924177602,63547.99165623114,31995.69052204597,43127.56353697337,2602.638075630195,42093.35727209799,28262.47425855142,16871.361182396,23337.12605377618,64462.94271223155
2519,18549.29373973356,16184.03612246035,78332.68868851232,52239.9130605353,78408.58998476673,50771.00558652067,13396.94948848176,19649.71888411798,27482.84178970591,120155.2794578981,85257.23834218386,50980.65782599908,50859.09202562532,29432.92637417773,132232.5577509784,60023.70789590561,43288.24277805755,34138.58929464866,166537.9300590859,37932.97733255021,8817.255296976007,25569.8093383278,58194.98398057414,29489.94334356198,40776.5599236187,2305.246029070456,40393.02089432695,28310.73999107553,17538.13942078167,23293.18165930574,64626.8504549879
2520,16979.46119432984,14895.69986277103,70378.75194462395,48887.75952479945,73486.35119465088,46753.15744927999,12525.10256078353,18330.97786870049,23833.40987799867,121888.5249502164,95037.11400572794,49183.61791833874,49544.93294118578,25683.42508213456,134873.0168381319,61886.82388538033,42624.14097539876,29794.28581593977,132619.968599585,36186.73938559097,8887.38593542213,25493.67838092948,56485.78335261578,25823.95167034768,36667.99346798252,1944.772978874137,36980.1683252885,25873.92448114177,17091.42338089993,22901.86670620091,63482.98481148926
2521,16169.99770120161,14352.467610558,68633.88886250494,48654.68704464424,73307.74917815339,45043.87956417268,11973.36313366174,17673.94953215104,23843.06647947267,121669.9166582222,89515.43037701889,47531.42579614719,46841.32417129432,24766.6630529731,133185.7226202973,61143.93533561339,41431.51579379203,28496.20176589401,127870.0930448416,32314.28221732999,8225.795490594812,23983.72372995726,52723.4355075573,24406.60248198616,35361.63500098421,1851.057410954113,35995.53829290596,25561.06584206593,16813.12936119413,22850.93856352222,62696.34086742401
2522,15590.82799363142,14088.6089676083,67587.24222994951,48184.70080330323,73343.88965318857,44174.54427227016,11870.05868543266,17148.24074411465,23083.70018035052,120106.7667704094,86899.32406698108,46925.78506533816,44584.69234289885,23701.40392887088,131411.8409618946,59415.38306688225,41264.15294636302,27297.38277437217,122197.6804083459,30412.76033061673,7749.911666426338,22711.09491765533,49984.33901001614,24130.04712615114,35098.71558995249,1800.194756429327,34829.20665389324,25561.7719548257,17194.49523933849,22680.78296308209,61958.73033867699
2523,15244.6874150786,13889.13219398647,66561.10559536389,47650.36573231596,73051.66337690999,43861.715706994,11483.80536640732,16886.40496465734,22581.26781604026,118431.4696915855,84591.54776330896,45917.95172473414,41434.40648257282,23323.5824754329,128889.9449522673,57428.14267325272,41113.02919756566,26719.37833778247,118426.7619374472,28492.13952721716,6860.212851498438,21845.53241159537,48171.12549719617,23558.80645618759,34580.64538893169,1714.630463609317,34484.19649599634,25618.46386965688,17246.03116855775,22717.33699485761,61431.36926181713
2524,15244.69109013903,13796.06212523683,64764.20459443577,47062.57788251629,72815.35847108692,43861.71572203132,11587.25278930719,16627.8823456998,22157.95659581808,117429.2307154441,85028.83850422119,45756.74040700663,40500.06682665885,23323.78592248367,127775.3482208728,57144.0285435674,39498.40965644358,26405.26574765761,109260.6896054497,26886.47236698432,6632.041001689063,21008.55877339303,46800.31669260691,23846.62980778036,34575.33884947155,1663.960846298096,34477.27093999022,25499.4706453396,17019.27308047339,22671.16380962349,61236.30281944957
2525,15467.78402468691,13834.70295901854,65504.64887392133,47062.62432512956,73485.67489500044,44188.9028975749,12711.40238324979,18104.54668962554,22338.35701696216,118666.1739922739,88837.95856015771,47374.13653088913,40082.64733981271,26572.84899916356,129534.9149740029,56574.09923714981,38929.40312319315,26005.92888049328,107677.9026829207,26554.51948994025,6551.36343075384,20119.34745800309,46801.46516904735,25311.72948629471,36815.62964332694,1661.458045097652,35343.69999036466,25808.00693954596,17225.41679735048,22904.89165209202,61273.48785216481
2526,16424.26963455261,14266.12288443079,70233.8453082729,48266.78905594666,75988.61342811979,45124.57661260277,14213.07220060239,22365.48104362878,22682.79796685087,123153.1988507205,92713.71053414457,51418.33876223973,41733.84576711881,29893.11549814094,131550.4831873854,56574.93472620792,38157.05531532588,27080.65517725414,106470.6476818895,27835.27576418094,6667.518603119963,19744.37067990659,49055.53576505079,29387.4191275664,41674.72216007084,1661.482930791396,36445.61772536574,26890.88161623593,17751.08327875009,22877.67485142803,61238.27869625096
2527,17793.55934005532,14961.69394906995,73321.14060972795,51625.52196382056,77587.5424695709,44504.24894152108,14865.00610438555,22898.55341861074,23815.48632407825,130330.8815103507,105414.5885796508,50559.19707298803,42335.57612294165,32701.27598072409,130864.9182884444,57143.53473016658,39349.21271923922,30134.96926782767,109964.1724964142,30404.62525768764,6632.53702482112,19501.05123074594,50939.28194251081,32152.82188476199,44006.94669477783,1823.711331960347,37976.84974235643,27553.39150151005,18493.20066142934,22958.14060642982,61563.4524255636
2528,19520.64288023387,15868.29970828979,74320.07485200434,50970.86215195881,76357.73642779363,45178.3922930836,15243.49639534955,22132.58443727769,25991.1458483572,133700.02106932,118109.2337435075,50172.93335286826,45378.62205698387,35379.90725876608,134946.2589712112,57144.93215651071,40497.54009182865,34784.40164535383,125337.1477344484,31050.39866079664,6873.375475829084,20811.88869818949,56070.4127967758,35398.89289822279,48154.3897018366,2092.251463968808,40380.20595676192,26838.24213205286,18431.35754780753,22610.31386002136,62379.77496651601
2529,20788.24616318899,16995.7668293268,78556.9214758578,51012.44906026808,77045.35697554373,47737.79643999819,16349.41555325538,22402.32785581128,29792.82038807026,136506.1502372231,123734.197857506,50637.77121464723,52084.4052429087,37115.7360117943,138232.0822690461,61113.1008755912,43198.87240175933,37835.96357227779,155918.1636662945,37843.71308166355,7956.495372990892,23699.81659363575,63843.99505251308,36807.61308152463,50243.21694538381,2361.219229044853,42273.05849958632,27937.42324623564,17874.76950839592,22396.35894549673,62644.48846588071
2530,21252.21264368892,17552.79930468791,79211.2386213194,48891.16404073865,76904.06787564867,50290.37252687732,17109.98022311492,22678.27964247303,31561.63427672681,139985.0750728841,122278.6780665201,49008.15030690123,56352.53055541588,38562.70476728254,141459.4323076208,63094.55618331509,45340.20827573929,38793.71157445566,163712.1642359603,40991.53347641388,8645.688959268751,25667.72817674974,68420.75000652214,37626.53709498094,51846.90703828881,2410.707854272522,43527.31304253083,28225.72042306347,17431.56051662974,22505.77997543394,62836.25058664517
2531,21721.15855416034,17992.26480556327,82592.68141071736,48896.43000230896,77745.66096857781,51572.22699629207,17694.61391766636,23829.0750239795,32337.0812697379,140999.2110989301,116546.1686265381,51237.78892433297,59457.7844781391,36524.61869653145,144238.0000737751,66798.91050236403,46796.0393853128,39981.83799974795,170697.4668554504,41908.84272203723,8967.932413433142,27600.90776344278,73964.87968464411,36360.90324811423,48682.33881632291,2476.041233603061,43649.05509808777,28813.22803330946,17163.57368372866,22503.76910036073,63257.00491231831
2532,21728.19893489269,17687.37918648798,79421.18623022683,49664.08067880315,76305.35782934805,51564.36216269714,15986.26709049633,22202.71320271853,32574.8124627759,133493.7472187708,123892.2288246425,46722.33225062848,57249.8476486631,33474.87450786237,142900.3474279806,68526.73388761417,46857.2672169795,39535.12437936504,159626.8435785687,40421.92034493782,8967.938479438044,28766.90399473359,70717.37812579905,34404.58182170249,43996.15063088518,2378.242191558057,44531.98137111944,27859.8942799294,17163.57368372866,22660.85096643626,63362.40744720972
2533,21024.81077569767,17417.08783876973,78787.95751537013,47048.09797164799,74586.35461411072,50931.44679830907,15965.89204701953,21613.75371871113,32810.59257611636,125877.0109306817,126742.8015000408,47875.59615676969,56869.81534275658,33858.26216944028,143569.1913059471,69285.58012367011,48218.74785212362,38157.57760313946,152780.4196888212,39392.06708233579,9306.970217274114,29843.48888159415,71282.96602385379,34254.95594369471,44519.56485948298,2227.89262079167,44842.09484430756,27811.59333706195,17431.56051662974,22770.45157229315,63456.10942314086
2534,20566.97134346249,17611.97537003912,81169.56084233939,46454.18368888093,74105.79128644131,50919.83956417609,16362.76255375393,21876.71369717616,33026.04136597871,133389.735510415,124863.2618427809,49519.15797656945,58106.07633604313,34941.27299623678,146235.7879863934,68574.8797083578,48224.87182541927,37627.90112862453,164671.4631958046,40992.3285719542,9331.406735147755,30126.68904159221,72126.5921995981,35385.77862865115,45048.72732897109,2183.837656375884,45830.08138705989,27782.5360510438,17514.01800386101,22877.87185414601,63333.12745941576
2535,20564.76574546663,17588.79482773089,84429.21776899746,47668.41125061449,74567.11308648794,51279.88867040226,16362.74704935898,22140.22630952658,32936.97185987634,138774.4627667987,123774.1263959783,51659.46777251136,58106.059506434,35686.61493470555,147582.9116822554,67980.12812342653,48231.67723041727,37240.83808321717,165893.2375390539,40994.41482087124,9209.595965057242,29755.73579352448,73087.94448474387,36226.4530502732,46628.1389036765,2174.967210177962,46289.80719465599,28050.07653666576,17369.71740060576,23038.51285772201,63331.63519688197
2536,21034.92026889194,17676.93518441951,85832.07779987367,49501.63779422486,76220.38779183017,51884.92407635026,16734.76932500026,23579.65425705812,32933.18856219228,140349.2472695917,117781.1358903628,53594.92708893399,58338.99576958636,37200.50516756698,147584.8843867276,67099.573904034,48173.84641257182,37733.54363083708,166028.9355134098,41739.4806090764,8887.936611131194,29546.2189371638,73072.39080284857,38178.8074222827,49211.69711522524,2182.713711487537,47176.93311967691,28682.12492550864,17215.10961294794,23437.432008072,63370.18506040964
2537,21488.73878208009,17774.11340120559,86348.50695607344,54371.35609478781,79208.15268709596,52214.76446451985,17300.22339273063,25553.80007517083,32692.81560337585,142372.9704496611,108723.8342375661,54472.14923250215,59908.38957744632,39312.45951767929,146913.231356965,65870.7694907243,47673.22794655136,40279.70995586544,165893.2271746058,42596.53599328727,8887.384300583994,29384.39104406423,73087.94547315223,39520.66755284159,49739.5246143121,2276.813381355282,45705.93821144624,29891.95120362425,17266.6455421672,23465.78367979271,63861.92757712755
2538,21721.16461223348,17611.80464789952,86684.81286384106,58826.22512027013,81624.66992613846,51884.15950299631,17207.32836017687,25816.05528834492,31392.91673318491,142937.817885198,107950.2076567067,54227.56742308637,57659.42970103506,40387.0576410471,144239.4749464077,65871.81747271412,44688.01489810306,40969.52952795837,151616.0772801018,42580.29762557509,8726.714237592407,28519.52143131817,70400.72559360745,38949.96752195724,47674.82312613112,2398.209996674354,44907.27375825604,28999.1973968917,17483.09644584902,23596.22030548413,63834.70189891425
2539,21721.18429474598,17306.65230759695,85357.76380614714,58322.06118772703,82764.76692761715,50928.58338603595,16176.74796405757,25029.26094471073,31016.48353918184,137002.7645924255,112085.7704197505,54794.24858448614,57201.75290400289,39334.74081093135,143569.444556731,65097.2486477706,42546.69716762636,41288.52295584304,151729.7074027147,40673.81662690324,8074.624329878156,27431.0360476059,67550.516486249,39476.76866037568,46611.97208454041,2476.518264458214,45042.06233312347,28808.21334255811,17421.25332982502,23306.78805439391,64007.45771481712
2540,21696.88329014626,17298.92998433434,82973.59626388684,57654.56458233038,81046.90508750416,49600.52496809133,16737.2714161009,24198.57109528305,30235.59487473622,138579.4736179971,112085.7678323721,57189.5946853053,58361.13278528691,36038.35918546753,144907.1436198221,67381.12194850462,45369.00293830304,40517.58824887419,154009.8140829056,42634.70021690791,8967.328801288826,26654.75279468097,67563.59714713466,39477.15787246983,47659.8490421536,2652.751082398842,45787.78928920165,28101.20562276825,17421.25332982502,23436.4980563537,64006.28795048252
2541,21487.12995791069,17245.42746460739,81519.57997830886,56796.46732177558,80743.15329908824,50917.21079422768,16695.47191390431,22940.41282229927,29704.89507989344,134551.7973554934,109803.4673588829,55302.82575821283,59640.93928175569,34470.86086635975,144848.8981334958,68526.73325664292,49029.79611766132,38861.27111103858,154009.9271946877,43558.53195372142,9286.028737730596,28272.62260325292,68500.03554959681,37329.23737553238,45732.90554464669,2661.882669940812,44902.16666607243,27835.51076350499,17081.11619649739,23198.69134959978,63880.38859684217
2542,20315.2538463491,16648.84599585713,79806.64525854468,54466.01813400508,79279.9663278564,52858.30019277013,15138.26350791726,20926.58320341015,29107.31244732685,133659.5186126601,105534.7506909835,53747.54007868024,60131.33572839214,31237.43580014591,142905.942865412,67945.83867669971,47285.63221516381,36079.76125782827,149237.5014750286,43558.52910670335,9530.61518248752,28433.01301244403,64786.60964180082,33504.58372289156,41923.18334234919,2487.930542802189,42882.92821744552,27838.86888555159,16833.74373480358,23090.04703996994,64049.74462736575
2543,18474.82932535391,15762.58611371496,74908.3103941374,50613.56826004777,76404.33473340543,50731.26584562384,13589.10220294519,19815.25417877303,27517.19989604023,136911.8746302879,104002.5999282996,52452.73379454031,56993.53007437282,28035.49171500533,138248.2653584371,65569.4705340518,45724.7682522562,33072.56883516281,144457.4277101691,40674.17854244215,9458.932305761937,26891.17545743561,59240.02128392569,30991.6648265243,39924.66179034235,2214.660751617866,40731.31185439888,26404.40774945309,16443.91953560187,22986.49958084694,64414.0779255104
2544,17033.8452177191,14881.31985720507,70393.50450820176,48133.88261552122,73002.39055386955,46742.23612024226,12454.7410986511,18631.08690854628,24087.36247977348,123405.5522014943,96309.98978234282,49448.3213054351,50149.86498185338,25832.16372262721,135468.6918042345,61885.43164582881,42767.4849317883,29654.06065414113,135514.0627505624,36099.14103938963,8921.102910058138,25253.46512434466,57406.65029988017,25581.55556546875,37532.85508284649,1927.959300396254,37041.19179021287,26071.68913078768,17223.08420975118,22707.53334642786,63405.51112956158
2545,16224.38108387385,14337.46910382458,68520.34394116877,47890.04133722329,72823.35609523549,45034.02464300925,11925.96832140398,17947.96780187677,24097.48380803081,123192.3596787078,90460.01901969034,47796.90174670512,47538.15162304106,24942.44658120181,133754.5714696293,61142.71280527553,41556.71956067329,28455.07008156143,130754.0686797549,32162.71319695553,8207.08562902034,23763.23285685897,53861.45396774641,24223.42249313149,36279.21509706145,1835.606885409691,36047.03882323416,25733.58988640272,16995.06998454535,22665.52692306406,62997.43330009373
2546,15645.21091787177,14073.31004263193,67396.73875987304,47398.34001841152,72859.58407580144,44165.23172400516,11826.9640137419,17401.38297794393,23301.57278263477,121667.9350329804,87688.3742723995,47191.54421292454,45358.22250098165,23908.61307520416,131952.4870496675,59414.55541575822,41386.81107374583,27347.76684567815,125069.5722743849,30229.77930701991,7693.491037563796,22507.2265791848,51280.44996270804,23958.4214770264,36026.90587640338,1785.484060757979,34869.42690680709,25734.35296646738,17307.5339222072,22525.17960596462,62614.79194648699
2547,15299.07006533729,13873.60615322885,66295.15164969148,46839.31671946951,72566.65024337207,43852.59833053118,11456.78883650763,17129.14962999376,22774.96071315973,120034.1415140187,85243.39103702705,46184.18213422999,42315.01456456797,23541.93752273877,129390.4956754485,57427.76899736457,41233.38868704903,26813.88626193946,121290.6207300541,28277.43099772781,6733.28924845969,21652.96968131984,49571.88973389574,23411.0469468033,35529.74255113656,1701.164355356538,34521.07995330103,25795.61863464195,17349.75877843522,22555.33001109731,62341.21917545843
2548,15299.07374040061,13780.43011885225,64366.12688419927,46224.37092849615,72329.77318164411,43852.59834555908,11555.93016739126,16860.36100902859,22331.27751608062,119056.7318567296,85706.68053731913,46023.04619876095,41412.43302681221,23542.13496801104,128258.1780855621,57143.71977214657,39594.21029465371,26523.75248032877,112105.0221917239,26645.23917724062,6487.036230321281,20826.92823571679,48280.19993108566,23686.84518763128,35524.65015864135,1651.231760068534,34514.08741618045,25667.02535255311,17163.96941142558,22517.24555984926,62240.02690034601
2549,15522.16685153392,13819.11494744596,65161.01505658996,46224.41951692747,73001.712616721,44179.58139105251,12633.28602345376,18395.66408708299,22520.35976050027,120263.0312853817,89742.26867619854,47639.6860297575,41009.20158956974,26695.34923839101,130045.7200090484,56573.92066325934,39016.54900003831,26154.90029468132,110518.863506142,26307.80263739135,6399.96547485574,19949.33141918042,48281.28212088626,25090.73375933969,37674.53335679327,1648.76536371388,35388.8962101211,26000.45353674726,17332.86883633766,22710.02837473777,62259.31693309035
2550,16478.65321848946,14251.02606925986,70237.94307768274,47484.22104754243,75510.71141785049,45114.67134505114,14072.44748409453,22825.80127838079,22881.37703231129,124638.8952594875,93848.45027871389,51681.99719599955,42604.27593563295,29917.66639843165,132093.3335336042,56574.75596145402,38232.45354855498,27147.58385617666,109309.0367263387,27609.71623855772,6525.32520609095,19579.2524277899,50405.25447496229,28996.14319538147,42337.53576195671,1648.789887429278,36501.47123788774,27170.69167060203,17763.56237261887,22687.57948123474,62241.05190221947
2551,17847.94400783007,14947.38908156743,73552.24313751838,50998.13965849128,77113.51188418567,44494.73069255722,14697.24405279957,23380.04209925667,24068.57634955404,131638.7590798792,107304.448525321,50823.25724058286,43185.55353252737,32642.98489740232,131396.8689090324,57143.22607155505,39442.74402693651,29968.73692416621,112810.003690989,30221.50984755609,6487.571560132737,19339.11111347124,52180.27643306586,31646.00885567203,44575.64268773465,1808.658572642247,38047.51269788726,27886.65109646417,18371.60030387685,22753.94904417401,62409.73837169398
2552,19575.02891505213,15855.02706359479,74624.62769930226,50313.23217705736,75880.72816072943,45168.45345026266,15059.97934499743,22583.65628580335,26348.94012772439,134924.432078119,120753.8433194545,50437.17413701049,46125.16661779529,35242.59536099447,135543.0984064347,57144.62317866396,40608.5378059692,34263.23972489313,128215.7275126663,30877.95104069214,6747.49492707758,20632.8269811338,57015.25369550344,34756.46070108681,48555.71440905942,2073.292616507355,40474.11317997546,27113.80537243338,18320.93047758412,22467.05545649558,62833.21221036102
2553,20842.63320135698,16983.77787080436,79173.00407662307,50356.74055211661,76570.01361744688,47726.26080079929,16119.86362331921,22864.11128728225,30333.57137172734,137661.0426207147,126713.235023241,50901.79464104833,52603.02085581148,36927.21639352228,138881.162670038,61111.88538923315,43350.95819686852,37081.8507246169,158861.8892567341,37783.48694897399,7916.445189367538,23483.03399443398,64340.16793403572,36106.32528373272,50560.2464131462,2338.3480732433,42385.27261002937,28301.66550391377,17864.90202717247,22290.58169861696,62970.53445261121
2554,21306.60004910167,17541.44455968084,79875.43230023111,48137.44443250645,76428.38241973321,50277.24435128487,16848.76910476286,23151.02119284013,32187.50994851538,141053.7810915824,125171.1785067359,49272.9357424855,56726.07298520952,38331.498926954,142159.8240140622,63092.88804329545,45524.8644367555,37966.48591097306,166672.4931498047,40983.30745220293,8660.25298530878,25425.24155598365,68652.76622218684,36891.03507546151,52099.2191193839,2387.116854733698,43651.65778436494,28613.2217324128,17501.76826321789,22380.83407906296,63070.012584498
2555,21775.54633075924,17981.41041730832,83505.50812548511,48142.95370069599,77272.01322938266,51558.29907964408,17409.0668959736,24347.51496524375,33000.27555591877,142042.7930630366,119097.8474585451,51501.53178302498,59725.77961539863,36353.53730205321,144982.5679425965,66796.39612092747,47002.83917756123,39063.9128325257,173672.6763479444,41915.77009741675,9008.032184318748,27333.17077563258,73876.90524632484,35678.27875611997,49062.35798132537,2451.499918234496,43774.57727875126,29248.12789860123,17282.19901004493,22379.17547411069,63288.28225180463
2556,21782.58671706428,17676.17766841779,80100.8170803771,48946.07263656511,75828.22274001456,51550.43915287017,15771.83154192919,22656.56988318545,33249.44763247555,134723.2684251654,126880.6615908434,46988.1865325572,57592.89035376635,33393.76192380891,143623.6480953293,68523.82479347372,47064.99830305505,38651.30055255572,162578.4696575233,40404.28465279378,9008.038731015964,28483.93726157803,70816.83980603406,33803.69142707713,44565.28230218443,2355.123425868404,44666.04284966621,28217.8817062104,17282.19901004493,22508.73934630557,63342.96065870445
2557,21079.19800111437,17405.57857845216,79421.02789190842,46209.22199296582,74105.05736895253,50917.91866045353,15752.30462796194,22044.22266130969,33496.57473305105,127295.2280253957,129900.7127073533,48140.91117359503,57225.77531065443,33765.83947879762,144303.1258531385,69282.4976748615,48447.18747019595,37378.91330003246,155717.461038279,39357.41883081519,9373.936578434872,29546.46025593027,71349.78365499694,33660.31684086467,45067.5739952192,2206.96078586479,44979.15561215629,28165.68397136503,17501.76826321789,22599.13984411286,63391.56930718303
2558,20621.35820648418,17600.68800038644,81977.74737558037,45587.86670549081,73623.33047193328,50906.31866800198,16132.65504291804,22317.62485050944,33722.39205923201,134621.8334873531,127909.4265740716,49783.70446545441,58420.01590755663,34816.90100436223,147012.1184792198,68571.95961554282,48453.40459097644,36889.67140584363,167633.8356751746,40984.11568224558,9400.309534977077,29825.96137625496,72144.7182402904,34743.89433891504,45575.38195718799,2163.546629111061,45976.69755228547,28134.28242056993,17569.32803357635,22687.74197252425,63327.77143115631
2559,20619.1526067425,17577.48106569736,85477.08258396629,46858.19600649014,74085.76925256512,51266.14314182319,16132.64018390748,22591.60161883323,33629.03605697669,139873.1603141342,126755.5374799487,51923.01345457583,58419.99964998439,35540.2550240367,148380.6599558029,67977.34389866858,48460.31350824155,36532.156079759,168858.2127273109,40986.23639474578,9268.846035857398,29459.85336126044,73050.58413455194,35549.44581800594,47091.05591198843,2154.805209232077,46440.86963782753,28423.40736306274,17451.09843495701,22820.24148361722,63326.99730804715
2560,21089.30750231062,17665.72177525217,86983.09306572439,48776.12429860778,75743.04696783991,51870.80106993292,16489.1766977376,24088.18963328167,33625.07068697991,141408.9313406259,120406.2386797744,53857.56775206691,58645.01843117859,37009.4848214851,148382.6640241001,67096.99083753089,48401.60306617606,36987.24934327552,168994.1997749526,41743.61022373844,8921.697223315816,29253.07312469516,73035.9281648551,37420.23183412763,49570.35386995456,2162.439032720677,47336.57547802955,29106.44773974448,17324.42386627295,23149.27698022376,63346.99535767723
2561,21543.12637471107,17763.01063502804,87537.49457778162,53870.84133499707,78738.04602238556,52200.43567272952,17031.09323134336,26140.72930727344,33373.12970889037,143382.5191045892,110810.44264722,54734.37970739681,60161.06868921563,39059.1355786413,147700.33245208,65868.46713850988,47893.37004196501,39339.04576186729,168858.2023407838,42614.82364982027,8921.101145669463,29093.35895849758,73050.58506591222,38706.02974245364,50076.88073464629,2255.169962646222,45851.35371520199,30413.87959355616,17366.64872250097,23172.66193523547,63602.09071612144
2562,21775.55238883716,17600.51708386985,87898.52861612303,58531.54154765285,81160.41428091009,51870.03697359157,16942.06503806712,26413.39874476493,32010.67282361532,143933.373094038,109990.8207377525,54489.91226420197,57988.55075020479,40102.03257927121,144984.0662640769,65869.51488109345,44862.75100070629,39976.20570824456,154550.6382661836,42598.31703399456,8747.699001762496,28239.78590366962,70518.46351497393,38159.17326368855,48095.50088395267,2374.800786475605,45044.96490961355,29449.10077725221,17543.99311944591,23280.24834684895,63587.96717807749
2563,21775.57207136527,17295.01731007458,86473.90338858274,58004.0834037263,82303.27175504735,50915.05703464561,15954.38347781468,25595.36058833059,31616.1236715415,138145.3539259805,114372.2599649358,55056.32844603077,57546.4303450119,39080.75956382928,144303.3831303303,65095.12300256579,42688.86318029069,40270.84773295413,154664.5104516058,40660.34211053954,8043.935114997409,27165.51785167864,67832.75998905115,38663.96492301004,47075.54150960653,2451.970010370458,45181.05710385124,29242.70863589885,17493.32329118502,23041.51956085848,63677.58563750052
2564,21751.27104753048,17287.28619450275,83914.43114624594,57305.7460221054,80581.2505226769,49587.82718411349,16491.57463704585,24731.68382388441,30797.65451066683,139683.0017974111,114372.2572237268,57450.55448529636,58666.40301177075,35881.62266290696,145662.3501328781,67378.47456374376,45554.09707484065,39558.76483994145,156949.474374014,42653.61832356809,9007.380739749908,26399.37407943177,67845.0856731462,38664.3378740242,48081.13108355027,2625.639409147332,45933.99642274164,28478.66140823917,17493.32329118502,23148.50664050161,63676.97881290819
2565,21541.51754926824,17233.72275907944,82353.50295773691,56408.00154031025,80276.76327183479,50903.69153812683,16451.51507672163,23423.56375100703,30241.41463225891,135755.1065856711,111954.2644629533,55564.66780955591,59902.70900424486,34360.36624160719,145603.178607571,68523.82416264663,49270.57202500878,38028.8880700998,156949.5877267546,43592.71120762191,9351.335619788206,27996.11196276658,68727.47563983646,36606.1563845255,46231.94995918882,2634.638171902328,45039.80842374576,28191.53099234521,17214.63923968646,22952.35950696718,63611.66751755967
2566,20369.6405101281,16636.46204800987,80514.61840350147,53969.8771054735,78810.03354272958,52843.56990302905,14959.12687114834,21329.76442194772,29615.07315990914,134884.933023277,107431.754775614,54010.10938012456,60376.43692118962,31222.32865342707,143629.3324940433,67943.06228519625,47499.87886234405,35459.71383872465,152166.9954530978,43592.70831357283,9615.30398515603,28154.40742085727,65228.37761644129,32941.29478334761,42575.97021994687,2463.216289819609,43001.04073566036,28195.16003877289,17011.95992861108,22862.7477790239,63699.5223111607
2567,18529.21453237626,15749.19310801158,75256.11542630068,49939.43000498777,75927.43929301162,50717.8625994235,13474.45079877293,20174.30422594914,27948.43597486075,138056.7156582033,105808.5112563593,52715.90854616899,57345.28499002904,28114.84334337235,138897.6030526985,65567.23701209335,45915.27368675661,32682.08525251586,147376.7388418418,40660.71000470648,9537.940696225927,26632.7086902263,60001.9218202231,30533.36433876684,40658.09959458498,2193.921382699356,40828.61482869615,26644.97038236098,16692.56584733897,22777.34002257755,63888.52311976213
2568,17042.35067217327,14993.9127432712,70765.79611198588,48006.06894260598,72968.74023664827,46481.2697836882,12348.66637772331,18686.45188106802,24390.71321160681,123690.9360690023,96589.32356716416,49246.09323310934,50805.49053008352,26485.28511573935,136054.8944212928,62006.71370117157,43490.88712053878,29637.7554156047,139020.2528760072,36997.27991444224,9026.483873896104,24677.83667636133,56764.38519425969,25257.58086241572,37914.90574720426,1927.184165102168,37085.96473402035,25907.38020507959,17060.21249402581,22720.27454775646,63892.60047115442
2569,16232.87894142548,14434.69801377288,68863.91571699391,47767.22039402655,72803.33665562521,44924.25569268093,11805.81483179224,17996.28223252572,24400.3575200376,123489.2757948194,91031.22335990968,47553.23886382825,48325.9637328596,25628.9085173147,134286.4095388326,61246.65600711662,42349.51010103201,28450.91267243483,134240.9499712266,32879.32489040672,8285.6747501684,23370.96761255455,53039.18866175506,23905.16580092579,36673.1610992491,1834.912050356194,36073.41457407115,25579.75050390682,16815.25564645605,22648.72236116361,63155.05682593665
2570,15653.70333985301,14163.07636568074,67723.08310305394,47285.58682011916,72836.80640086059,44132.36145997856,11704.17449821076,17444.05605095771,23641.95790911745,122047.3120335649,88397.86331942848,46932.69265519193,46256.36729113793,24633.81605479866,132427.1707273674,59478.15459215033,42189.33898363417,27354.82831610077,128533.3945040849,30857.25433766244,7752.808712675288,22269.50458289616,50327.13937895473,23641.28049190089,36423.24594981671,1784.832807400523,34874.01048441663,25580.4899545199,17150.93725175851,22409.6599364974,62463.48605592394
2571,15307.55923875169,13957.730770776,66604.60614752611,46738.00970558641,72566.17523155232,43847.39990489824,11324.14327142728,17169.0129548975,23140.1651510676,120501.8955026016,86074.8667817338,45900.05543871276,43367.18513705437,24280.88100642736,129783.9239710983,57444.98642501596,42044.7091563932,26826.35685767534,124739.1137078943,28814.87407547403,6756.577578109343,21520.35833454194,48531.83044718784,23096.21051751629,35930.80002809291,1700.586417814717,34519.21723306991,25639.85847689771,17196.29963062485,22461.01702051333,61969.04150587351
2572,15307.56291384949,13861.92248047623,64646.00502837357,46135.6551302895,72347.3329228094,43847.39991859598,11425.9242765237,16897.45013920037,22717.39281433662,119577.3569826681,86515.04154021826,45734.87653492365,42510.28592872671,24281.07105279464,128615.6941219849,57154.30603921008,40499.47124937481,26539.1626285229,115516.2539472849,27107.41422192098,6501.084486517405,20795.95581405282,47174.55769733027,23370.84759279661,35925.75595547404,1650.697238818702,34512.09529629051,25515.24719993308,16996.70516403583,22396.14537604157,61786.15061089005
2573,15530.65811873417,13901.70016915874,65453.08065119392,46135.70272385681,72968.11391458187,44145.4410078518,12531.9651264824,18448.59923668756,22897.5635822041,120718.4039122184,90349.28348451972,47392.07853849028,42127.46323084057,27316.12431325659,130459.9292113366,56571.20490708748,39954.91543165653,26174.04754767938,113923.6610363114,26754.41689790391,6410.746602867054,20026.34146932941,47175.69483313745,24768.82551388842,38055.23968709113,1648.232986990753,35403.09277218354,25838.35048444006,17178.15467950121,22724.52448662034,61821.01464916716
2574,16487.15346241072,14345.81293291082,70607.8495695868,47369.70940716272,75286.0888432941,44997.76418571357,14009.44478763402,22924.46032512777,23241.56605200367,124857.563753621,94250.59679734326,51535.81299021799,43641.80613194158,30417.6909573925,132572.4842579061,56572.05970541099,39215.7560942874,27156.67352336979,112708.9266150109,28116.3678517586,6540.810167312042,19701.79824505128,49407.50760379379,28657.79239803792,42673.99654366025,1648.257489382829,36536.2564398878,26972.35115573197,17640.85094689807,22686.28587242508,61788.00315852558
2575,17856.4571026835,15061.8484465874,73972.96541595875,50811.6793882495,76766.85929843361,44432.69578265796,14650.87679360782,23484.42152196304,24372.81247472232,131478.7831041549,107035.239606288,50655.52688853138,44193.66354510778,33040.88306767729,131853.9307614812,57153.80081312365,40356.68543692322,29949.24347570137,116224.0951918609,30848.60353457191,6501.639903338623,19491.20472787125,51272.65272523968,31296.50159590359,44890.86687976056,1807.987169092943,38110.9080072096,27666.14026245932,18294.06920426495,22799.33732911275,62092.88037706349
2576,19583.55821877162,15995.12752259652,75061.79208135193,50140.79561092694,75627.9341773018,45046.78592381471,15023.27004569339,22679.81612942051,26545.70234172765,134586.7238003862,119813.6084265153,50259.75679768259,46984.49409080989,35543.07782417433,136131.6608819024,57155.23053585264,41455.66816356545,34200.23560285309,131692.3120669083,31535.31631515906,6771.316291874909,20625.73743239837,56353.11621594031,34393.8578192807,48833.17313552182,2072.39111418485,40582.41368881362,26917.22639228057,18239.63435089399,22310.65341189183,62858.25015721599
2577,20851.17440167057,17155.76593929661,79679.90545257903,50183.41313781371,76264.74054272445,47378.19637266535,16111.37413076078,22963.16573553285,30342.53727514065,137175.3025419789,125475.6702739675,50736.034825371,53134.4849071741,37164.570726019,139575.5942322544,61215.10892163618,44040.92182763142,36990.28924242705,162462.7894383121,38759.29892716659,7984.128702002618,23125.24536307262,64049.9382155985,35738.03920306842,50818.68485814844,2337.216105729942,42528.93987830995,28068.30338039963,17749.72065575442,22010.05454530619,63106.44091840175
2578,21315.14560379089,17729.18690935468,80393.10350451393,48009.55783022648,76133.89250673649,49703.3870103419,16859.68698737065,23253.03686744656,32109.09942900239,140384.5172054366,124010.5510465855,49066.30717269926,57048.85713592538,38516.23030771568,142958.2406571036,63242.35830182111,46090.24259940449,37865.96155819901,170305.0769115631,42106.67818692082,8755.846160622352,24828.47715657242,68581.4999921607,36519.44521021786,52343.05480724759,2385.942482862124,43818.76001004255,28370.21199373393,17359.60419708099,22163.78710925707,63286.23373906778
2579,21784.09628655663,18181.58195805567,84078.83667971076,48014.95429435265,76913.29306483013,50871.0528936304,17434.90291229783,24461.87977393307,32883.55926277256,141320.0304341693,118240.2345907869,51350.81962421159,59896.73971395319,36612.38922240925,145870.5099207544,67032.32518525435,47483.51535464831,38952.26966419321,177333.656232291,43082.1410655213,9116.674967587405,26501.64833095524,74070.88414887071,35311.79483662667,49335.00934959896,2450.269565417652,43943.95417817945,28985.45772691939,17123.71982613023,22160.96190297846,63680.72565811113
2580,21791.13673893641,17867.72627606231,80621.94394789783,48801.62910801813,75579.42628292432,50863.88866548627,15754.07556785105,22753.48227546711,33120.98781933622,134396.4417169433,125634.743486099,46724.23264518606,57871.8023057633,33763.52608096063,144468.490962196,68800.0808712712,47542.11217206956,38543.83785378161,166194.4460834915,41500.95392591584,9116.681759934252,27510.82062775776,70855.45005172794,33445.09989375721,44880.60480017344,2353.976872219403,44851.91667127787,27987.11402236183,17123.71982613023,22381.65620676846,63779.5492369176
2581,21087.74142161244,17589.48266610681,79931.73203919652,46120.81637415606,73987.45496498316,50287.35389056554,15734.02874265409,22134.8149555494,33356.467779965,127370.2071938908,128504.1162432684,47905.87963176981,57523.26804414975,34121.66070156704,145169.5188412743,69576.46505500887,48845.08877647396,37284.34206482818,159305.6059009412,40405.8122025909,9496.309075573276,28442.60720975486,71415.45305076674,33302.32894312063,45378.13042843246,2205.943059335691,45170.82370899968,27936.53263670862,17359.60419708099,22535.64106834962,63867.40257566602
2582,20629.89733010963,17790.10399821188,82527.65186959915,45512.18353888927,73542.40458501715,50276.78063781356,16124.5061265871,22411.03895658873,33571.64229928945,134300.4937113398,126612.1806560422,49589.89129752031,58657.0645813387,35133.33559473133,147964.4290988582,68849.33940608677,48850.9495972041,36800.05702952269,171270.3191063312,42107.52368824794,9523.671616151765,28687.71756967745,72250.74883787501,34381.3443639976,45881.11998373839,2162.566651104649,46186.82555638484,27906.10346280715,17432.18400369002,22686.56265407265,63752.09683091819
2583,20627.69170966817,17766.24145941063,86080.63987578779,46756.50243304652,73969.63535893627,50604.75629158712,16124.49087194996,22687.84346704176,33482.68618041645,139267.7598887429,125515.8621489245,51782.87644798181,58657.04914661041,35829.58322893248,149376.3748435626,68240.84231951824,48857.46256791188,36446.16394642476,172499.6628228937,42109.74219676488,9387.275254086857,28366.65671946832,73202.60824764328,35183.50431085253,47382.41225485237,2153.832831872809,46659.5873295434,28186.2753948173,17305.1693415956,22912.25741649214,63750.6977115871
2584,21097.85101768738,17856.97500021701,87609.7409364859,48635.16051772066,75500.73541055486,51155.8946762976,16490.52030092545,24199.8779188086,33478.90769894459,140720.4562696318,119483.346704152,53765.96952557484,58870.67905969678,37243.75629322488,149378.4424723141,67339.93731877241,48802.11679161428,36896.64633521278,172636.2014996524,42902.04209124092,9027.100487380581,28185.31942053185,73187.208150616,37046.41394508567,49838.18504839708,2161.46001776712,47571.8685597853,28848.16481994234,17169.08220499657,23472.72430140084,63786.84139143532
2585,21551.67414922375,17957.01230468809,88172.64268943363,53625.56156080229,78267.70872151396,51456.35262794956,17046.8655605378,26273.60206381829,33238.84073962226,142587.286514909,110366.3103835927,54664.78106124516,60309.99751631742,39216.60009002958,148674.4702682733,66082.733598083,48323.01034520617,39224.61502541951,172499.6523942338,43813.43126145942,9026.482043302833,28045.25702394487,73202.6092262915,38326.79838801788,50339.90566229615,2254.110318334088,46059.16218213251,30115.11088587431,17214.44458386293,23512.55736811955,64247.89060057871
2586,21784.10234469138,17789.92825324326,88539.21220383146,58190.83241620036,80505.64876709715,51155.1982117285,16955.46695903821,26549.08575034438,31940.5966662047,143108.3430937002,109587.5815848157,54414.17982719075,58247.43715568246,40220.41640908561,145872.0557625684,66083.80580033312,45466.07454980348,39855.31944953296,158134.0499323655,43796.16344802798,8846.573386059254,27296.71047627428,70541.92430570256,37782.24428399149,48377.32641062653,2373.637123400813,45237.85083347627,29180.20730199174,17404.96657594733,23695.81607910178,64222.36427942097
2587,21784.12202740421,17475.79800279716,87092.7442191026,57674.17414983696,81561.49421865692,50284.74555326922,15941.48801582933,25722.60453878366,31564.64267904534,137633.4159379518,113750.4191894327,54994.80762899408,57827.69377589068,39237.41375542666,145169.7842781955,65291.33565772812,43416.77114189126,40146.97624555517,158248.3840383467,41768.81939602538,8116.402391447076,26354.623988138,67719.85959480917,38284.9106698457,47367.04506304102,2450.73924880944,45376.46146747362,28980.20627649696,17350.53172046194,23289.17430214443,64384.33712006242
2588,21759.8207755019,17467.84848047626,84494.02942396005,56990.13545391487,79970.57992983866,49074.99160486963,16492.98208624525,24850.01367848974,30784.7481011952,139087.8876393817,113750.4165849899,57449.10580548789,58890.98130322089,36158.1587320633,146571.851887598,67627.99231371506,46117.79992977248,39442.10797266361,160542.6168775552,43854.01493987554,9115.999079071784,25682.74912928331,67732.81109067838,38285.28205066174,48363.09296007917,2624.257642390542,46143.33422558798,28239.81844943926,17350.53172046194,23471.41213323406,64383.24036941947
2589,21550.06530868189,17412.77185905936,82909.16864268818,56110.77258324472,79689.27496737844,50274.38604072236,16451.85592546871,23528.39236511363,30254.72389760671,135372.4645325668,111453.063895538,55515.90144072226,60064.7141815112,34693.90864768573,146510.8036952016,68800.08022571745,49621.285578514,37927.73147650481,160542.7306901093,44836.41380877845,9472.860068364222,27083.01899879785,68660.00262995572,36235.76591533376,46531.45804869139,2633.248580739278,45232.5989248026,27961.57928174138,17051.1400195212,23137.30236681189,64265.19933075768
2590,20378.17727135755,16798.63832167865,81042.08979002318,53722.56954157093,78334.2154361694,52042.56169651733,14919.7323378239,21412.98271993435,29657.90199945943,134549.3613726363,107156.1942101392,53922.33848716887,60514.46532311112,31673.46335066801,144474.3556456657,68205.7603979866,47952.06994625473,35384.58738331475,155740.7379132589,44836.4107812712,9746.73323450909,27221.83724990772,64983.24495493022,32586.33411173336,42910.16858304518,2461.975749641048,43156.1030361026,27965.09595152514,16833.40059969411,22984.66106661893,64423.98459190959
2591,18537.73402102228,15886.30372033951,75702.96195690543,49774.64716027143,75671.08893428021,50105.00521174756,13395.52622174541,20245.59690157404,28069.81369265794,137549.5723905824,105613.9386148817,52595.66561054758,57636.72898408676,28682.42544033192,139592.5560333658,65774.47122103936,46458.27769256523,32635.10093516841,150931.0497085553,41769.2042555208,9666.467067564638,25887.37346269492,59491.42639670584,30188.54153411296,41010.49594056619,2192.914993905297,40943.47553043875,26462.90929383156,16490.27390568966,22839.18065585409,64765.57713935763
2592,17043.05505049016,15232.85689115043,69303.85007711103,47799.75793614008,72757.7954736038,46489.24309942924,12340.74004555915,18387.99827885679,24302.19951239089,123954.2746682093,97071.20459493218,49447.51800480609,50663.23023265573,27113.22801987416,137266.3350415612,62405.29324545939,43703.08525750345,29418.47271896908,140995.1827110132,38028.51150050467,9303.783772303006,23700.64049918267,55886.87209303435,25418.92045948641,37789.9590446971,1947.934108457366,37104.05126637608,25808.09722323286,17123.06953372147,22758.8897689232,63706.6255177663
2593,16233.57823817151,14671.47316007299,67279.91766118992,47555.32438450983,72600.59735670936,44929.20961917605,11797.49034940681,17729.91145341868,24311.95035619849,123740.3635141626,91734.80814038125,47794.25826977381,48279.68489792604,26308.27117954956,135212.0828479323,61590.76392076974,42627.6143552229,28220.70696736736,136264.909378098,33990.41360103126,8542.210915736832,22459.62207447617,52413.319200661,24152.94560505256,36504.8776989934,1849.169081877115,36075.99216934435,25479.42546129677,16913.62131359413,22689.83742560206,62563.16511108718
2594,15654.39900074403,14398.79798503929,66065.87280612274,47062.42875774248,72632.4067098769,44135.77973118071,11695.77546851751,17203.35573553179,23545.17312142573,122210.800324223,89206.48863199272,47188.22618628103,46290.20168324081,25372.92744651059,133052.4119088067,59695.51797495181,42476.69194027757,27114.53488986295,130615.9061740222,32007.55589521251,7994.409468180831,21413.65966569642,49884.47366235699,23905.92664231489,36246.24054917909,1795.565912867145,34858.21715516804,25480.16726381042,17200.64294804777,22459.12720681908,61490.97935089032
2595,15308.25272667521,14192.65592520594,64875.61827028846,46502.04763048538,72375.20121332695,43850.26557361601,11315.46551080259,16941.09813216249,23037.83733445242,120571.4995994743,86976.15272126028,46179.74160433452,43512.85858202474,25041.18381654755,129982.0461390896,57516.63720430746,42340.4134204361,26581.19968834301,126860.5498751235,30004.78233442044,6970.255517249711,20702.26146770161,48210.44103663408,23395.69505651933,35736.60834032101,1705.391357643832,34497.98963850782,25539.72461402498,17239.42965521093,22508.6900107851,60724.41079600295
2596,15308.25640179609,14096.47602750389,62791.32511213261,45885.60817939298,72167.21539694731,43850.26558734032,11417.32116638127,16682.15902687635,22610.39486398008,119590.7952809823,87398.76961065958,46018.42611514255,42689.12958960987,25041.36245188575,128625.0434561685,57205.12440705143,40884.40162267168,26291.36229099948,117732.3049306175,28330.43426412242,6707.601349847586,20014.36020832666,46944.85447096723,23652.77858161486,35731.38823034138,1651.991626824033,34490.7586170886,25414.71699777269,17068.76814405464,22446.08480919479,60440.86351237885
2597,15531.35300719177,14136.40800015822,63650.19432358621,45885.65688584217,72757.2002225893,44148.88464314432,12524.17323335212,18161.2023135561,22792.55587933804,120801.1609145234,91080.06975900067,47636.86736740154,42321.12580090438,27894.18081153336,130767.2862400577,56580.23372429316,40371.28989305526,25922.88690388989,116156.049998244,27984.28241343121,6614.73143517705,19283.52526229311,46945.91479123151,24961.40412531905,37935.19061756093,1649.353972989423,35395.40324286209,25738.84794629813,17223.91497270727,22762.99122621608,60494.91542868962
2598,16487.85435540025,14582.24332455663,69135.76741114228,47148.51838585902,74960.18332336712,45002.86066117768,14002.73654040731,22429.00113811307,23140.3583554335,125191.7750899988,94825.76590594526,51683.68287972287,43776.84911115112,30809.51886550702,133221.2064751803,56581.14978409576,39674.81156389369,26914.5563959852,114953.7772078117,29319.82183866684,6748.440479972714,18975.33515197736,49026.96464648212,28601.80597032324,42715.14137997588,1649.380199541303,36545.92324975995,26876.45542613295,17619.53938830246,22726.08856759347,60443.73563375971
2599,17857.16659166623,15301.0560936915,72716.83752613788,50670.97205821945,76367.49461409611,44436.69646748712,14644.63899966988,22962.93230586609,24284.10103590033,132215.2341138797,107100.4497033527,50823.98603064001,44307.34435083195,33275.20561657384,132386.5427972995,57204.58297254428,40749.86063934569,29732.82753350853,118432.8846239043,31999.07285215236,6708.172334142407,18775.35304039315,50766.11590327184,31071.86090226195,45009.38015077131,1820.349577512699,38144.69329836835,27572.45120216877,18178.06797289817,22835.19030678384,60916.40600460082
2600,19584.27854987066,16237.95503821061,73875.53898245012,49984.40098463599,75285.07013925564,45051.97746309987,15017.30538067407,22195.7293295731,26480.99362352517,135511.9824880098,119369.1097714464,50437.47271478505,46990.14299397518,35627.16010572245,137355.5061007361,57206.1151602953,41785.38520696243,34022.94331298542,133742.4172585894,32672.46860821208,6985.407334344052,19852.7188062098,55503.38506443874,33971.24823213971,49089.27229016775,2103.35883482535,40654.05431557071,26821.15533256688,18131.52392538713,22363.57970710395,62103.00702238146
2601,20851.90269040566,17403.09517209698,78790.01697856231,50028.01503848133,75890.28533986749,47387.90902430113,16106.20752717369,22465.90731142066,30319.77010654406,138257.8176218664,124805.3210021751,50902.61094530656,52902.07019532169,37151.29306927927,141355.9404328807,61556.95592641187,44221.35951098202,36838.6749790761,164197.2286507337,39756.36069569616,8232.21299868597,22226.28130039812,62680.27307174606,35229.51566802491,51144.07806736617,2386.818766366666,42630.39488206922,27975.89344225261,17712.62748513244,22073.48296616813,62487.79280497162
2602,21315.87680516945,17978.74024485471,79548.98408295214,47803.32840452844,75765.92851077461,49717.6087127606,16855.06922799642,22742.30366323094,32105.84650200642,141661.9923658759,123398.6430440679,49271.93700977808,56664.91868507455,38421.79442122949,145285.1845601196,63729.49372391793,46152.34710037054,37722.40647214316,171959.0642244252,43038.82616184597,9025.560502919805,23843.69049296254,66905.71980418006,35960.97776447993,52721.64829387326,2438.973872444686,43939.9708146125,28278.76230772201,17379.06180316777,22221.8445228314,62766.53694868401
2603,21784.83043183799,18432.88997833642,83471.24694940785,47808.85105434332,76506.6639850668,50887.53895436876,17430.70704054556,23894.95300453902,32888.86136808783,142654.3381077177,117858.4953086655,51503.01637419451,59402.56089983752,36632.26641762966,148668.0438554561,67791.07903554062,47465.16861473074,38818.71232440125,178915.5392567699,43995.37245195839,9396.50278271918,25432.55376366263,72024.28631429869,34830.5148988639,49608.62251114198,2507.827458773745,44067.0825455068,28895.96489474591,17177.37092519622,22219.11802175306,63378.14263887703
2604,21791.87092841519,18117.81695811153,79792.51022300715,48613.920709679,75238.96866065706,50880.36083322678,15748.64690642707,22265.9710741883,33128.91266747745,135310.1407508183,124958.0490375791,46984.64190451346,57456.00798586443,33954.45869019265,147039.4743665714,69685.52580768743,47520.38189748118,38406.52154580739,167890.6032427962,42444.84836176129,9396.509765445007,26390.8757935584,69026.06049965772,33083.13058922145,44998.75992618067,2404.758937700056,44988.95203673304,27894.44585291253,17177.37092519622,22432.10185299561,63531.35506277126
2605,21088.47119542973,17838.49413690221,79058.00438365254,45870.42244816264,73725.97304241042,50302.70803188014,15728.58537804293,21676.06276189596,33366.99384586341,127857.0618461209,127712.9670918019,48138.6510262614,57120.96534216618,34291.0896924229,147853.7804840138,70517.55170496617,48748.12119872859,37135.43409216058,161072.4338027223,41370.94408967177,9786.777447013184,27275.71142719437,69548.23430178496,32949.48490706643,45513.64912255295,2246.308429607917,45312.74368104408,27843.70358783615,17379.06180316777,22580.70689268034,63667.55963195815
2606,20630.62422974725,18039.89361014553,81820.51579484287,45247.55793235194,73303.00105340597,50292.11427528952,16119.34915455967,21939.44637538539,33584.54527989038,135208.3638952114,125896.4977977191,49783.27488217657,58210.87308172975,35242.02019068185,151100.3168748991,69738.31459123954,48753.64360022345,36646.69197982914,172914.4042613895,43039.65526685389,9814.90691724218,27508.47114366078,70327.10437534492,33959.53457988782,46034.19293618792,2199.879753688991,46344.30733400694,27813.17763074293,17441.12053499039,22726.35567922572,63488.79386719736
2607,20628.41859545973,18015.93851676443,85601.51465157415,46520.9727739677,73709.03744466191,50620.72594524788,16119.33388873413,22203.38351306704,33494.60651164284,140477.3919413657,124843.9096873416,51924.96770264128,58210.8582444734,35896.4627533827,152740.4172071728,69086.20788292623,48759.78049483758,36289.54187118768,174131.1364742874,43041.83075311591,9674.687576313558,27203.58793722781,71214.66399188688,34710.42411880909,47587.88007728798,2190.531361805327,46824.31026210763,28094.24067908435,17332.51775384882,22944.16526636047,63486.62472430023
2608,21098.58085496906,18107.02398176538,87228.74484549991,48443.5595791497,75164.18154373534,51172.93310725553,16485.63177913195,23645.13041459765,33490.786291362,142018.3397585515,119052.0216624568,53861.67767338627,58416.21863148993,37225.72406621987,152742.8189415275,68120.73704090095,48707.63052952812,36744.17023715715,174266.2744378042,43818.76603311842,9304.41766850884,27031.38787885998,71200.30419875789,36454.26505949166,50129.35896464849,2198.695249884166,47750.56463932141,28758.23531322158,17216.15763235937,23485.05092757817,63542.6605496052
2609,21552.40683544298,18207.44929653007,87827.77047706414,53550.65132525614,77793.88878035868,51473.97371227799,17042.38508582435,25622.4566304146,33248.06744422788,143998.5801097777,110298.6493800456,54739.46666000618,59799.82166264467,39080.111624277,151925.0927292501,66773.43234861188,48256.18895202943,39093.56419349822,174131.1261526121,44712.48115928693,9303.781890401044,26898.38295924952,71214.66490442576,37652.81316422416,50648.58955101615,2297.865074086817,46214.68857688336,30029.21103452297,17254.94433952252,23523.4923327898,64257.45420229874
2610,21784.8364900108,18039.71718352263,88217.86436773764,58222.67205125904,79920.80742814267,51172.23529209002,16950.91944873519,25885.13434321877,31935.48238176006,144551.2909227746,109550.9828310641,54494.72680681515,57817.10216524132,40023.65540389455,148669.8394879596,66774.58139319292,45564.22015895982,39730.07325329932,159912.8965089827,44695.54821059297,9118.83067202439,26187.55424416485,68733.71397446441,37143.0644767046,48617.51658449364,2425.802621762702,45380.79744054325,29091.33389134851,17417.84851033092,23700.34847136376,64217.8791374721
2611,21784.85617284718,17724.36852988842,86678.57017731777,57693.93274856102,80924.27371158148,50300.09463644997,15936.19681059975,25097.07245445127,31555.37543744604,138743.7614480058,113547.7714829052,55061.77414601979,57413.60687904132,39099.67556654772,147854.0888125629,65925.316692445,43633.248930797,40024.41428837553,160026.0576923896,42707.51927144275,8368.194114863201,25292.93769701164,66102.28474557553,37613.60271809297,47571.97657283951,2508.330192376436,45521.53113341374,28890.69674153244,17371.30446101197,23307.91367756833,64468.99584281106
2612,21760.55476839039,17716.38817410489,83913.0844362204,56993.89915450665,79412.2826845691,49087.99471181098,16488.09537002892,24265.04434314555,30766.86579265249,140286.5924366158,113547.7689823495,57458.66807061854,58435.73498351748,36205.30946789451,149482.7148137218,68429.43629141747,46178.3131978552,39313.05881898521,162296.7546193308,44752.27782185573,9395.807950094877,24654.91733060485,66114.36134490249,37613.95036193986,48602.78638870541,2694.058554638213,46300.14985911211,28147.9540330295,17371.30446101197,23483.78460308046,64467.29548115203
2613,21550.79798480144,17661.09792941857,82226.5161754693,56093.97411444242,79144.93290835334,50289.71503455332,16446.93904559138,23004.85914608849,30230.98670287137,136345.4570406118,111342.0540276527,55570.67995193998,59564.03314484409,34828.97792925387,149411.8019185134,69685.52511586828,49479.49835173797,37784.74488475239,162296.8672643128,45715.62559661466,9762.671200435138,25984.63027259383,66978.91944940484,35695.42995724745,46707.22769985566,2703.682158339487,45375.46508990786,27868.82989636074,17115.3121933736,23161.34774410352,64284.28901780815
2614,20378.90259078771,17044.58237929372,80239.61866974797,53649.92764666063,77857.09618034362,52061.31956783296,14913.69173388241,20987.78519791136,29627.57204109702,135472.350289401,107216.5796209658,54014.38927853284,59996.37460473482,31989.89042133586,147046.2867170768,69048.61171874366,47906.66762933364,35218.19517651083,157544.1368285694,45715.62262781808,10044.22060742441,26116.4537368444,63550.53328368103,32279.25320213234,42959.55578731012,2520.357372054265,43267.16411602422,27872.35775128307,16929.13599790572,23014.03932534218,64530.46381772503
2615,18538.44778681516,16128.70914585746,74557.8555459216,49609.69087335452,75326.08404288498,50120.0057392811,13388.3677007474,19874.6657947489,28021.94099523355,138654.8243975641,105735.8421416734,52718.74631698921,57230.0342557846,29178.4445807742,141375.6430707073,66443.07749823057,46499.13087728902,32443.40405861861,152783.7899102799,42707.89666758009,9961.704704086307,24849.23103420373,58429.69682019288,30034.71659805794,40993.58486099006,2232.363618306422,41020.64643668829,26365.39323074763,16635.74850516809,22873.64161356019,65060.05627744738
2616,17042.52249412267,15483.31063285939,68427.49649086194,47823.14333029272,72254.73572795733,46532.93868918157,12223.32525211057,18370.49803099798,24160.51225641955,123130.0717738326,97290.97617961654,49106.51277295095,49993.87199561256,27575.85759580911,137326.131438435,62964.51769630228,42918.1970427144,29541.40531898142,138481.6122435618,38679.08014947135,9466.110024047373,23233.64518849115,55839.35306048462,24985.46084584836,37759.20568887473,2001.23787550823,36853.4625915853,26179.06728297988,17116.87246728723,22893.13773885548,64321.98602903042
2617,16233.70420348213,14951.80549737082,66589.07141551863,47579.58897276723,72079.04643980227,44947.21573251862,11668.53954500999,17713.22697485191,24169.73645994864,122929.8282259353,91831.35379814949,47524.20690175554,47583.49636879864,26764.68770896245,135423.9112470119,62081.22489991836,41833.47467160107,28377.90847430161,133810.0821754146,34689.35967301468,8755.298803648357,21847.71092356081,52400.95281540971,23714.92366517684,36472.6741809814,1899.075159131316,35845.30537129864,25859.77825936821,16865.88369140846,22825.33836440752,63698.92056443964
2618,15654.99613715869,14693.64294682364,65486.30213004757,47088.46622425818,72114.59751843529,44140.72022852951,11564.66472921812,17187.32397932416,23444.37264379499,121497.994709578,89244.65134958496,46944.18423288882,45571.61860806938,25822.12454025143,133424.0741870956,60025.98018303271,41681.25398441508,27303.38474532688,128231.2315539779,32730.25709854851,8244.010340415427,20679.60969855304,49897.69940655771,23467.01449431936,36213.745169631,1843.627947278245,34651.10488538181,25860.498885317,17209.83127252635,22598.81442966589,63114.69227380321
2619,15309.13145833979,14498.47241127687,64405.1426172568,46530.10071138863,71827.13701005772,43850.50443519332,11176.2788169891,16925.39147241806,22964.43791722558,119963.435211466,86962.81341641585,45978.98134237454,42763.01244441526,25487.82035237636,130580.9414011975,57663.15587388594,41543.8031627696,26785.30863295236,124522.5114373543,30751.47726603381,7288.12002281641,19885.14031841962,48240.60813174594,22954.94413349362,35703.5378614904,1750.35122951006,34297.85090133019,25918.35602548293,17256.31067514589,22647.47790643098,62696.9931650263
2620,15309.13513047089,14407.41150813797,62511.88927728483,45915.87850881914,71594.68587929351,43850.5044491437,11280.29739684775,16666.77334996042,22560.08149203793,119045.3918628229,87395.18920554644,45824.58911938951,41930.01117630974,25488.0003665086,129324.3683712289,57325.34481975051,40075.26638851476,26503.76368409365,115507.62630779,29097.18830447721,7042.972723166341,19116.91165454474,46987.82940852363,23212.95413742696,35698.31186082845,1695.114454477008,34290.75986300872,25796.91705700536,17051.80130405315,22586.00868901036,62542.48976554455
2621,15532.05024339055,14445.21817648447,63292.03721224341,45915.92704007791,72254.07045772974,44154.04094248139,12410.65367864483,18143.98320365187,22732.40404318101,120178.4225820177,91161.49646063059,47373.5708319238,41557.8649662309,28362.83815912394,131308.0671065072,56647.70017040891,39557.74074387356,26145.83063276801,113950.9462190493,28755.18343955157,6956.29293039778,18300.73586412003,46988.87899825769,24526.29571212686,37904.60114967954,1692.38606073343,35177.89175445381,26111.79489581751,17237.71891453137,22897.16477436808,62571.94236587199
2622,16487.77346322855,14867.32475240031,68274.81975846873,47174.24619973898,74716.18985483091,45022.07960535369,13920.61455963081,22406.49163324697,23061.42180725573,124288.5035353178,94993.6867208937,51246.70692125438,43029.97457341044,31300.67820332789,133580.3765307678,56648.6935649991,38855.2711344819,27109.12777452979,112763.603946133,30074.72276837083,7081.089774836437,17956.55786845471,49048.86845401575,28179.81685471822,42689.94589270687,1692.413189524603,36306.13920188872,27216.92659119099,17711.80882428388,22860.93172202338,62544.05476913544
2623,17855.97174319832,15547.88006082846,71527.6601419626,50684.03008727593,76289.04278567721,44446.59223887105,14576.14794008894,22939.7609359787,24143.39127345552,130863.2067560149,107551.8125941325,50423.90615805466,43566.44131362138,33785.39631822158,132807.48501042,57324.75767673989,39939.56805010712,29846.76622476577,116199.50579804,32721.87568446636,7043.505649254682,17733.22350427457,50770.41935387336,30658.77338243908,44986.77361892566,1869.264213369939,37873.95915770289,27893.05346762019,18381.11222373866,22968.05378787258,62801.61032810901
2624,19581.67866959985,16434.91431721844,72580.15863221072,49999.92851608409,75079.29301752846,45072.00522640715,14956.7279627974,22173.50899016475,26221.63032226029,133949.3132000794,120103.7756405156,50053.98104827708,46279.43878292068,36155.50433054913,137408.7030865408,57326.4192134854,40984.00045822668,34014.13882333736,131318.9158191385,33387.20399091007,7302.261915489238,18936.39510993493,55459.74695285872,33568.60953824887,49071.26975116513,2162.009484525006,40334.74223437881,27163.20517388289,18325.33694189507,22505.00065884826,63448.18288113215
2625,20848.27157864863,17538.0420539911,77044.19088407997,50043.38569613374,75755.69951575386,47446.40317919289,16068.75315413723,22443.35205738941,29853.07558798834,136519.7063691269,125665.517680944,50499.15668370576,52257.91337956175,37691.4012900545,141113.0715105676,62044.56279706781,43440.92962053515,36749.3104581755,161395.521783571,40386.22927906116,8465.963389655788,21587.1225489147,62564.00425015871,34831.41152433987,51128.39429336239,2455.220933891087,42272.82343770034,28284.97846343146,17823.35939013752,22220.16778252767,63657.85059765039
2626,21311.86824342498,18083.04949801198,77733.59342790749,47826.70095619388,75616.71462705299,49814.4666373701,16833.51707605752,22719.40578623941,31542.68650939049,139706.3752992303,124226.3572795371,48938.46728474596,56063.11823761091,38971.70898640798,144751.5184057657,64400.50865222791,45388.52804659242,37607.7577817467,169060.9664026387,43629.36998777641,9206.431360412524,23393.39937427163,66746.68910641973,35565.50966739794,52707.74474390094,2509.170266912599,43557.04769651881,28579.20119728745,17423.63652717607,22365.8372884431,63809.73679186374
2627,21780.44036919752,18513.02796419058,81296.35389809746,47832.2037417916,76444.58261148364,51003.66242406001,17421.37866738612,23870.62629490593,32283.41096704109,140635.3162559224,118558.27867435,51073.79418022009,58831.57662321565,37168.3685394797,147884.0175586395,68804.97751407276,46712.64277892562,38672.69756500616,175931.0519124511,44574.45661404112,9552.648970885988,25167.79692173213,71813.45529312926,34430.97283429792,49591.20603780447,2580.392537135482,43681.69871089552,29178.78422876124,17181.94363268779,22363.16026028369,64142.99746383852
2628,21787.47513822381,18214.72411419832,77954.79872056292,48634.37767151962,75027.76863468024,50996.36609893325,15703.59966538754,22243.66366259425,32510.49716457209,133760.3679075855,125821.7724508943,46749.33729051304,56863.11240657991,34469.8921958459,146375.9759586359,70859.35559015693,46768.33102009977,38272.29984979451,165043.0299179725,43042.50819032775,9552.655488187405,26238.0238511867,68845.57177579847,32677.2912927197,44976.1414098422,2473.778278521548,44585.72201697304,28205.85599448938,17181.94363268779,22572.27945640737,64226.48209480357
2629,21084.64763160177,17950.26772596816,77287.6153984158,45900.7473985902,73336.79975793355,50409.20093890902,15683.11212662048,21654.48660500523,32735.71964677005,126783.494872204,128640.3059680424,47853.81916354381,56524.29836744814,34809.12147909297,147130.0165498553,71761.62203925152,48006.6316409108,37037.57908769844,158309.5324417499,41981.46956006852,9916.910391216072,27226.18325242797,69362.46113514816,32543.16397761586,45491.61163779419,2309.876795592851,44903.24547941134,28156.56229132292,17423.63652717607,22718.18802729513,64300.69923663383
2630,20627.17313137792,18140.94809019619,79796.92361903781,45280.12324138283,72864.07369017997,50398.43273217775,16082.17384648811,21917.54372622096,32941.52119021606,133665.0939666292,126781.8914934646,49427.85978642981,57626.47461416834,35767.39171922249,150136.2818439047,70916.6008615401,48012.20154748018,36562.82022537552,170004.4424755601,43630.18915989891,9943.164928638533,27486.12271837309,70133.4489780827,33556.85367228095,46012.74286401528,2261.850891951681,45914.83941201936,28126.90777224377,17498.00357180064,22861.19398686052,64203.29072679562
2631,20624.96929140737,18118.26796170591,83231.36789858941,46548.95778371427,73317.87203047916,50732.45573583518,16082.15825648985,22181.15368547625,32856.43998905659,138597.4635507906,125704.9974405535,51477.63638977295,57626.45960989693,36426.88558639627,151655.0009075552,70209.4425794903,48018.39123319169,36215.88842846474,171206.0646054873,43632.33858329125,9812.291723285058,27145.63777940274,71012.02641668658,34310.44927051535,47568.18327805331,2252.180899023414,46385.55011252347,28399.947189289,17367.86124316601,23075.05137455005,64202.10877242357
2632,21094.74906677956,18204.50557376402,84709.45124185512,48464.62930671178,74944.18432976145,51293.75623656998,16456.23455247882,23621.11338689326,32852.82609777789,140039.954286784,119779.3654600724,53331.22750590357,57834.13162870245,37766.4067814568,151657.2248932948,69162.46561496584,47965.79266087891,36657.5095623134,171339.5243477656,44399.96598427922,9466.701668736108,26953.32962622487,70997.81194587132,36060.57467352363,50112.5301212833,2260.625639142567,47293.87341894275,29044.98647458757,17228.42303530735,23606.12255497148,64232.64239415928
2633,21548.20585292732,18299.58593960938,85253.57205002948,53553.35154124597,77883.22330545844,51599.75415540592,17024.81062186572,25595.98849452065,32623.21642599128,141893.6694676788,110823.8638152111,54171.34393635201,59233.30913746987,39635.10740027812,150900.0173231268,67701.41996177634,47510.46767037927,38939.68573195035,171206.0544119926,45282.9741796621,9466.108267581112,26804.79349507437,71012.02731999049,37263.44211165063,50632.34663831336,2363.207078888664,45787.72990415542,30279.67908918277,17274.9024379269,23643.86643303407,64622.129635432
2634,21780.44642244187,18140.7810535492,85607.91114984873,58208.56764672145,80260.33080887792,51293.04693030099,16931.40269452162,25858.34059009085,31381.52370643611,142411.0654615854,110058.9324501113,53937.10771900887,57228.27122956204,40585.93390749634,147885.6802991811,67702.66600997922,44795.34189060261,39557.9838271316,157164.3949514595,45266.24409192953,9293.484729182752,26010.96009734283,68556.18382201825,36751.85638937202,48598.98168830647,2495.54590215166,44969.98180731777,29368.57594010806,17470.11592979561,23817.51348085154,64600.56539410948
2635,21780.46608926598,17842.21624021856,84209.70386993296,57681.73014708914,81381.83455528406,50406.54450801769,15895.13222755928,25071.25558866443,31021.9462292098,136974.6013756948,114148.0133427002,54479.8187734529,56820.23401322732,39654.82234652495,147130.3020594892,66781.70543844964,42847.75996651435,39843.90356153122,157276.1508339694,43302.0322368008,8592.880863549179,25011.87764861409,65951.38487815455,37224.09035872605,47552.26182714492,2580.912565654112,45107.9910803398,29173.6664678503,17414.34064578556,23432.19949654258,64737.39754480274
2636,21756.18445437072,17834.6606238956,81697.69393721798,56984.21447827411,79691.98843956226,49174.48461917643,16458.75045819856,24240.25886555419,30276.02376427,138418.8549600489,114148.0107844027,56773.84387378064,57853.86766584266,36738.11612934373,148638.395989382,69497.22559961626,45414.71751092138,39152.90046432748,159518.6489357266,45322.2940682577,9552.000451415526,24299.35455473998,65963.33926128095,37224.4392554135,48584.23487008962,2773.030308684138,45871.53676796569,28452.12716433471,17414.34064578556,23604.87920819042,64736.47102682199
2637,21546.59831111019,17782.31309872453,80165.71126949054,56087.52634568272,79393.1903826916,50395.99398252137,16416.72017135906,22981.63580338014,29769.08735049431,134729.5338586933,111891.3623445124,54966.8835870027,58994.86647472371,35351.1613976933,148572.7312469927,70859.35483993359,48744.30028253386,37668.31264923738,159518.760181818,46274.10069568145,9894.410914768556,25784.34034716264,66819.14796508085,35299.00487770717,46686.5371201228,2782.984981198283,44964.75268400215,28180.97130799208,17107.57658806322,23288.2930318759,64636.75178298953
2638,20375.65627179386,17198.61043179651,78360.92659984394,53652.27077927978,77953.86577452156,52196.77198767909,14850.91406044694,20967.06223497529,29198.26294160658,133912.2132550308,107670.6241372323,53477.38510250067,59432.07457066281,32490.16043816749,146382.284137701,70168.67250530432,47157.93967812465,35175.19370401822,154825.051896109,46274.09776245182,10157.19401668609,25931.55706239376,63425.45735558467,31870.51688845672,42934.63611178898,2593.353501365716,42897.26565383527,28184.39845167778,16884.47545418946,23143.65755446009,64770.8911158293
2639,18536.69870575027,16331.48283247398,73199.93618492961,49626.56618590141,75125.13137536286,50223.49004021587,13293.19948044098,19855.32266285093,27679.35156820421,136891.3468553806,106155.6940618766,52237.34796763183,56634.59501135845,29657.01449776619,141131.3159868858,67343.17618743044,45738.29494401837,32479.79127996659,150123.8217137304,43302.40511163801,10080.17810225533,24516.35860125677,58356.44418762458,29617.89141262915,40966.44666699701,2295.452258373024,40694.23761248692,26720.45391459653,16532.89945313492,23005.80738783397,65059.46321682498
2640,17369.4092270698,15739.92252830107,67297.65767764632,48947.09462733754,72208.72100814905,46678.76145534433,12323.76001930412,18452.95778459816,24448.42408181514,140982.886706614,125863.1429794251,51177.37885545778,47781.78846080572,27005.34029165879,138142.529223986,57709.29309868578,42101.78948980699,30729.36443011949,161854.8387661118,37954.97180280767,9051.269695522064,21651.19177553535,54679.50558007231,24880.24024159547,39891.7001227046,2182.205526132257,36631.15541483372,27768.11772536174,18006.93117803408,22758.51322475222,63669.74632655842
2641,16316.54168693976,15028.47993576373,65838.20599205598,47984.8275575548,71358.69205070565,44357.38091639032,11809.17357765937,17676.11987607125,23993.97664163385,140310.5027412957,119226.7135431564,50859.93161705253,44695.38881690252,25630.55416721707,135514.9961713935,57408.81135781404,40230.45496596691,28562.45585488528,153002.3684189609,35952.71092388207,8448.92446234238,20272.62157791855,51810.37991801385,23599.98999824113,38120.15720866008,2006.189973223768,35609.37063642127,26373.19215434117,17804.85912093873,23003.18262751944,63130.55073847974
2642,15898.32919374182,14822.08612266329,63008.59146352295,46552.90756744803,71192.5515942983,43843.62959710071,11176.34765342029,17386.33605993529,22925.75036705125,136593.7586052957,114269.025055855,50239.19157770024,43364.99264980168,25427.68279471639,133752.7983214708,57690.97135642129,39330.99488028481,28253.61887605703,143535.5443213089,33418.37392227714,7987.216059179725,19334.12225281283,49905.44394625084,23193.39148938332,37247.49652804962,1917.360112250241,34697.51581913019,26279.07863068331,17487.25397393566,22917.47107131132,62370.24838490806
2643,15748.27361134547,14647.82227132236,61171.08716326789,46580.01746162578,71151.12777054787,44013.5406409515,11322.55414485241,17106.07611736419,22221.59815706668,134253.0593491832,110318.3657897714,49727.67161853143,41693.03094289458,25234.44903024255,132257.4736898429,57215.56720698488,38464.17533967776,27516.61633077582,133629.3988574939,31939.74211967577,7609.794031246362,18665.35265982312,47960.13920333108,22579.7463522045,36542.3210876447,1831.046949752022,34706.82657241498,26193.58742978986,17549.06018970051,23003.1605617301,62151.99729643729
2644,15322.05442070473,14444.90276314272,60234.39689336163,46313.68127325663,72055.94847269086,44004.66514943243,11458.87788156792,17371.31672753681,22208.44227930301,133284.6010196709,107014.2228524618,49725.29654151668,41235.78038178635,26216.15835152793,130166.9577308749,57063.90071338718,38376.24277931289,27253.44411393426,128707.5014391409,31203.27299257595,7341.709180066615,18190.90166883013,47005.56848623869,22585.699480733,36048.12408442811,1748.108842262815,34252.5355862475,25865.93213609529,17510.90644045904,23084.75493684808,62149.55869717865
2645,15727.22510069787,14544.24817784304,60168.45033423245,46313.80782612917,73223.4037617332,44907.35847917818,11894.4966981493,18433.42363540947,23131.11331768831,133200.5618294535,104785.7405375355,49726.09696583758,41087.7357140819,28316.87643244325,132601.5112201035,56899.54053341124,38806.15925165539,26417.81859846931,122643.4915084333,30588.13421155742,7191.958653277512,17702.45762233312,46980.77604818781,23194.19840573961,37077.70029154669,1733.531095517876,34719.04250630191,26700.42227376224,18052.59526229688,23207.18669441168,61997.35639741571
2646,16590.28768544941,14846.21312436297,62323.37214216226,46406.80268916397,74991.46430489978,47065.42735478263,13691.79098645936,21734.6064781706,24600.80084645113,134494.2581650292,107012.1528082777,51153.89138459139,42607.44570117057,30156.50055266333,137308.2864520124,58027.49868293379,38769.71334712041,27240.46922478726,118890.0517960247,32045.50795918841,7382.057662969427,19046.94192888465,50286.61118430892,27028.37017895988,39859.56761253209,1748.806693465614,36593.27598321299,28027.19852934987,18398.00425469336,23247.91203550047,62123.03298394236
2647,17619.46867835734,15767.84031418591,73377.8624476288,47438.94193051232,76418.87702929255,46133.68089737122,14632.45125186707,22709.77709493667,25213.08282893708,130972.431413213,100578.9202292304,53786.59488455041,46505.59190844599,31437.88334123456,139707.4089672658,59176.99429865745,41148.50327370343,32483.59478297638,114505.2588755767,35149.1923072177,7661.005342235931,20660.46540491508,50850.69612728195,30385.56626050076,44356.49522433063,1935.602840690186,39638.96327809992,29049.72808866584,18698.05328825878,23019.54731418065,62066.31339138565
2648,18853.80924182394,16178.32515677561,71467.64311732617,48948.01555393235,76081.48559826435,44112.83884740547,15021.76062874926,22087.68701773328,26290.91727451813,117635.2076393389,95930.81863788747,51831.99195358375,50670.66279251518,33504.53767055749,139884.7143697169,65043.48649356107,42744.9084591703,31779.09093656556,110332.1658161398,36552.67087533807,7933.672483216569,22037.12231755313,55308.39592060015,34286.68369955011,48854.25201341719,2181.559478630106,40503.14105307808,28820.0646298403,17799.24811742981,22681.46669320833,62434.5489736506
2649,19776.80363842647,16839.95186854351,72016.68341704071,51580.49069008786,76887.83639984595,45675.31173934,15063.49705728924,22151.35515685423,28266.51504814843,116958.808389995,99301.68570827924,49708.0090293918,53874.33207574862,35290.36688567179,139884.714357092,66444.92659252018,43564.55836481204,32068.66501789487,114700.6441989431,39072.14607681109,8633.990721023154,23510.94772860331,61293.2357757963,35487.30427603317,51542.64084939917,2444.221108927462,41090.68988456452,29402.24062546537,17075.95352597953,22323.92985858149,62525.12814627199
2650,20338.49442686711,17303.0973861634,72635.21579744415,50007.73335664214,77449.92922764504,47247.82386286761,15182.58010803797,22997.02048204381,30368.08220077086,119328.0372957624,105238.258899564,49054.44313173687,55704.20378255594,36467.86542743492,138913.5894032111,65736.55337809472,44363.74697989484,32066.82713425215,125993.7453229273,40776.35822276895,9281.824362678142,25246.97166781477,65980.623737242,34255.05993119661,52616.41943766873,2599.216365007803,41274.20441869899,28791.48600026044,16499.39069604652,22146.35879388859,62958.91362044818
2651,20611.99393544325,17445.77139424427,75762.11998254756,48947.09435974884,79143.30197531529,46834.92195639963,15610.98372083142,23973.02643358897,30901.82172625124,119740.0617916393,104575.0699995852,49141.22171543448,57512.166838422,34978.62705928779,137452.6525330378,66345.90038134377,44901.40691683995,34137.5813863756,136074.8734881321,42457.30040089252,9236.417319289052,26242.33133261012,72503.23066228756,32999.00148467666,50973.41705700849,2643.30973854767,41541.83551003494,29049.84699658579,16516.29914288686,22186.75706056855,62834.53849165594
2652,20345.93450832801,17066.20076646431,70007.79412281443,48947.49290419553,77762.8090148129,45762.84850291968,14832.3866359995,22716.58395946867,30545.78891574594,117394.0792670723,100584.0238995611,46171.44319126883,53848.82150884434,33710.67674738107,130605.5799613955,69183.33164573139,44264.98062999015,32729.45408079089,140985.8013700237,42484.00844784789,9033.670044377926,26268.6472813894,68189.80635752389,31595.02540281352,46454.33358932944,2597.214735603797,41149.99634441169,28681.47693381796,17131.65620988913,22350.73090325045,62861.87849590525
2653,20071.5653266575,16545.71277082274,61512.90043627688,46779.04481520184,76834.36381961289,45263.32708701138,14946.54014995704,21872.5853706601,30514.48517739424,119862.1405147296,97206.3741300124,45447.00380691079,51434.99677704624,32881.16280264466,131586.35816509,67938.40637564614,44910.41453174178,30729.33359831032,143282.6410745477,41049.82751169639,9084.504023173142,25082.92741619441,66107.19417939598,31272.0868824697,45918.98527590024,2386.74726815232,40927.81544069663,28502.10307604059,17447.47062390958,22187.70328001444,62312.5178313769
2654,19666.14639773798,16402.2469801889,63916.71334384898,45857.82876953062,77153.43557276446,44766.9638915612,14298.15702306585,21996.80466464783,30125.81468236203,120076.7116575645,93266.20469192571,45852.73756064668,51968.49053564234,30466.51968727035,135511.7241718441,65901.62355986958,44937.50164257368,30327.71001881129,148350.7757130031,41331.20433401289,9236.764954633725,24870.18341285346,67165.15242498528,31406.0597849321,45889.37223222185,2361.816604769512,41369.90256172585,28351.04036357257,17564.45972599301,22187.61797225662,62039.14145813608
2655,19399.37522116958,16368.53202178552,66823.48498772441,45358.86389647141,77599.53745552436,44924.8179329682,14831.35676541024,22432.78696415638,29591.23335832476,120973.8106411503,92534.03777032475,47097.57576471507,51925.67434214201,30145.76474928353,139921.9053501269,65772.38987012577,45800.04050894434,29925.97394066233,145895.6356870095,42456.71560773464,9283.136661350323,24056.55313821734,68109.82126942578,31797.33172223505,47526.15070115433,2309.573218373668,42278.78194324429,27913.75613122352,17486.50077259834,22432.54234583076,62215.02854495178
2656,20072.22175952937,16802.8360251861,70077.25892054854,46314.77833430019,77959.06862714476,46478.98806812874,15751.61996055953,23628.14521440192,29667.15872435129,123246.5318431476,97254.06729441926,49053.79115376402,53259.60478138096,32812.46878040941,140854.4705953079,64292.19376705441,46163.59343553684,30996.05673019956,148351.4444932505,42745.71103041498,9327.263027189862,25143.80501188056,69070.53215216174,33828.85960511957,50740.13721456742,2362.409310158684,43119.14022698403,29758.1430254523,17460.18559288189,22876.67904581635,61561.55488416494
2657,20856.98990812832,17342.49009596498,75582.5038586084,49421.91423753438,80067.92237277348,49013.61966188344,16633.76191752254,26086.24827943457,30888.57827779985,126696.9992490372,101913.5880792208,50551.87601751943,56597.27543131626,37261.06096867026,145215.2639255126,65557.77441509892,47586.17507641197,33953.58675216031,149475.7853853662,45541.71625843448,9657.315254545507,26477.47663726507,70988.06736894987,35691.86118934191,53147.39355827997,2445.995844403664,44210.13608163258,30239.07774952244,17797.40529761138,23452.07197273836,61534.26625660523
2658,21436.25318007563,18018.7432142359,84572.86675097187,54326.84610994879,81398.42888149412,50899.38801167485,17464.60605237429,25515.17339905516,31892.50736815336,128780.0863353049,105236.7444482549,51620.96627875362,59045.8477040912,39389.388999278,150571.0975229377,71144.75321220564,47217.88096373289,35599.69409762308,156945.6377815414,46393.68151840714,9792.990949041527,27225.17816133043,69188.11089834388,37131.82586157267,51847.55310895545,2528.645919178532,44991.48153368919,30572.90158270508,17157.8757719209,23372.55496489158,61836.96317884679
2659,21692.85550416703,18330.99832347548,84215.4335971194,58058.19756286497,81035.07645190854,51786.4688915912,17089.66206969742,25490.45990356595,31815.64417146514,128399.338788679,103956.4500796602,54934.45664442867,57959.02699617602,40022.76163361761,145317.4373596334,69923.2527909844,48692.03157346011,38761.06662487067,161857.7413995233,47241.73408043209,10169.44818863444,27889.88134162098,66217.9251531721,36127.73648305226,51263.20991770439,2555.298602090103,47036.391813448,30543.64661086084,17907.72515241099,23607.00770134992,62630.19643029016
2660,21692.85550573281,18043.99124541719,81479.53519872755,55889.57403089344,81142.53793708437,50593.08032615237,16650.89118197206,24673.25096044882,31207.85684554383,128019.4365650057,103813.425381293,55936.59387651811,56155.45864942847,40416.80387287021,142224.0809644327,68407.9667232812,47828.59822224761,39295.36799294352,160628.645955639,47240.52210497943,10161.81390779184,27983.11015210552,67151.97972019212,34667.58970295876,49401.51031907039,2779.771975729992,46085.21823632899,30079.50987005201,17463.6756826594,23293.63353087288,63892.56675240575
2661,21421.47329547121,18039.88428272543,81513.84216233634,55410.92763914161,79771.79513075826,49653.42427602359,15730.48588811902,23414.78001614727,30513.23235924266,128721.4068336695,101482.5300771456,54313.04293787756,55537.30119634099,39267.74511411099,141341.4221417481,66463.2844019511,46906.18325801029,38242.8119358111,163082.4567871122,46591.21384676913,9978.73131600722,26975.20169712472,68488.895178744,33026.97967932871,47522.24314773585,2807.462023564532,44375.74944094778,29255.63537437551,17227.6152280258,23125.77861328607,64031.80680469611
2662,20455.84323218869,17642.65035018656,79529.74729716114,54127.23637787544,78615.80674164784,52788.11403343588,14624.97844426045,21453.18919834217,29147.47592967423,128734.5093394369,96591.87843338473,52534.19158946455,53848.39861804831,35662.22408979834,138871.9198705945,63619.87520663868,44451.27741529101,35981.06324649251,166808.9330832497,45245.54484270685,9793.350136733525,25730.55244562459,62686.95989021759,29778.30258224332,44314.54191608826,2732.942890742414,41725.3152522617,29556.84508325905,17057.60300760052,23162.62291532258,63628.2644736889
2663,18863.07329943062,16730.54382170932,75281.89714219733,51141.89103354689,76332.5437820081,50203.07499838068,13128.1034372873,20198.72310225315,27400.20656597096,121682.4026062772,87354.07255916994,50586.12769360127,50960.06840607787,30469.59560373528,135404.8624469139,60779.17011516151,43070.878948445,33149.37305358417,170196.3139970041,41410.61557721664,9422.304036959213,23349.37312275113,57562.89322456743,27544.2348713859,41900.3666613892,2422.741819321772,40084.19402696003,29607.30933825688,17843.68831159797,23129.03804780509,63768.91167076903
2664,17168.17805923128,15626.24662783603,67204.05257703082,48961.66114002558,71643.61221357918,46441.38708003205,12451.95023662502,18508.59064533077,24185.77463685029,142758.095019015,125884.5922009227,50869.83507925383,48076.92384390462,26927.993607192,137742.8417136995,58061.05476289592,42440.10098392537,30601.93416472719,167130.3656627517,38500.33538811075,9161.55526030073,22438.40607143749,55109.65150423963,24390.65360946475,40034.11406138197,2194.219335705152,36403.38950337061,27609.18220220494,17974.37196007144,22392.44198605996,62545.87657514677
2665,16085.59974083337,14921.44214004269,65687.5681573598,48049.79162525622,70827.5770100232,44342.20010917878,11901.73164886598,17692.44455288229,23699.29305896883,141995.5685277096,118957.7365199313,50466.90960964801,44879.26378496278,25564.21790862759,135222.942548124,57757.45512915851,40477.86534521299,28390.65651424799,157520.9318927233,36410.40185791103,8622.63755785016,20950.96290273925,52080.51059752281,23002.98896272939,38181.73221485171,2020.092761975027,35399.48137915231,26175.25053009089,17781.94407979345,22656.9396106912,62146.03060225335
2666,15655.58574537549,14716.97408140822,62747.37740725648,46692.866684593,70668.08072466023,43877.62307942672,11225.08617562103,17387.9976063595,22555.76719074954,137780.5425733602,113783.0875625913,49679.02443819195,43500.90868616317,25362.97129809517,133532.9311181182,58042.54290848244,39534.71348581003,28075.49586708014,147244.6117683447,33765.09427974864,8209.547492338992,19938.34532811755,50069.33362014232,22562.27639181906,37269.25033810562,1932.216213109567,34503.57993441905,26078.50532364344,17479.49709092384,22564.28191518828,61582.2206583696
2667,15501.29575744715,14544.33619639323,60838.06676002639,46718.55673138515,70628.31349302623,44031.27089522882,11381.41662416504,17093.55644368119,21801.97907821149,135126.039665754,109659.5378671216,49029.76876724579,41768.67508484772,25171.28510964273,132098.8607501789,57562.20581636023,38625.78770410586,27323.40264295767,136491.4044693864,32221.71788179676,7871.868365911162,19216.75946745888,48015.53644745907,21897.14575277066,36531.89637729032,1846.829353793561,34512.72779125022,25990.62354471918,17538.35351698589,22656.91575667108,61420.37434372226
2668,15063.04912424222,14343.31002572812,59864.7723273329,46466.16957351581,71496.9492487722,44023.2449314352,11527.17999417125,17372.21829215036,21787.8958386396,134027.7458781723,106210.7976227023,49026.75415912906,41294.94127689036,26145.13208963518,130093.9803870457,57408.96558361615,38533.5837707347,27054.84177796323,131148.6418946709,31453.00110823186,7632.013106665682,18704.83857532389,47007.72795522872,21903.59835532968,36015.14820816008,1764.781328774631,34066.38486130237,25653.80607364743,17502.02070978467,22745.12261113626,61418.56597563718
2669,15479.65328069376,14441.72849948404,59796.24869586366,46466.28949833717,72617.71649569218,44839.53594649311,11992.96290383084,18488.06806352229,22775.60623797674,133932.4400527005,103884.791517857,49027.77011172332,41141.55980479454,28229.02588035166,132428.805176406,57242.89995081948,38984.38367473518,26202.10620451237,124566.1062266826,30810.92735165594,7498.031453964742,18177.81952217062,46981.55280742322,22563.15100934499,37091.7059706428,1750.360028773252,34524.73000104342,26511.63093780273,18017.85666085505,22877.47634514937,61305.69881208683
2670,16367.07055405471,14740.87596647008,62035.38095327255,46554.41386972484,74315.0700183081,46791.04281486466,13914.70946586728,21956.29154747468,24348.89248577688,135399.5745747357,106208.636988365,50840.02319531294,42716.05322352205,30053.91676704722,136942.7727429552,58382.5621481721,38946.16739012523,27041.6012182478,120491.7146826552,32332.11487185624,7668.112855622881,19628.48485692059,50471.75910061895,26719.01401099408,40000.51528256882,1765.471690716566,36366.1727920355,27875.50764507679,18346.78051698449,22921.50210341115,61398.8955631744
2671,17425.29391659821,15653.90392722644,73521.8607601491,47532.49608695713,75685.3986675949,45948.47952516894,14920.50503471162,22980.80603062263,25004.33441065454,131405.5974209565,99493.87055179654,54181.62824244722,46754.7221805843,31325.03718101109,139243.6179476753,59543.98529123591,41440.50835989082,32392.0836972913,115731.983724856,35571.69971036286,7917.687076739649,21369.43680561709,51067.30386821787,30357.88253587471,44702.64640635766,1950.263162633332,39358.57420940259,28926.63004991105,18632.50928294251,22674.63050583694,61356.83457237739
2672,18694.46622991972,16060.55874697308,71536.99351092137,48962.53383422198,75361.49995486738,44121.06466136043,15336.77184280091,22327.23804676447,26158.14573275608,116280.331244753,94642.3567636955,51700.71422407666,51069.93807783805,33375.14003086939,139413.6602370568,65471.3500506694,43114.45981477043,31673.15460722737,111202.0548125575,37036.63215213605,8161.642106275367,22854.81558711454,55773.6159591688,34586.30801833988,49405.64454439923,2193.58022151236,40207.63274638476,28690.54454515094,17776.600869421,22309.15153637992,61629.90341400003
2673,19643.50652575903,16716.01216034668,72107.48931322109,51457.13632081698,76135.60374832539,45533.98369036985,15381.39827853826,22394.12780894867,28273.00399181311,115513.251164133,98160.74115105928,49004.81168145559,54389.09518352606,35146.66684661194,139413.6602249489,66887.33193201298,43973.92467026672,31968.65793464963,115944.0761974539,39666.42717909114,8788.216162005256,24445.03677665595,62092.23889899395,35887.6619815802,52216.7097670972,2453.422996643861,40784.90210659253,29288.99984356554,17087.82654282707,21922.63960473904,61697.07332080462
2674,20221.04761809295,17174.83630546242,72750.19282112418,49966.75021956246,76675.21775927611,46955.98103454735,15508.72714441273,23282.58400180029,30522.71124954063,118200.10852213,104357.1131807138,48175.26171417952,56284.9312206394,36314.73500485267,138482.31629436,66171.60841475337,44811.93431663962,31966.7824189635,128202.8359620749,41445.26136793169,9367.832299893309,26318.16369724429,67041.04919595392,34552.03098104304,53339.48695094901,2606.754861014538,40965.20595885385,28661.16677550392,16538.78099538291,21730.67802604016,62018.75135153005
2675,20502.26498570263,17316.17909578963,75999.29077025951,48961.66088645154,78300.87034762707,46582.6005018198,15966.79523899501,24307.97608786694,31094.07423582966,118667.3706957964,103664.9015263137,48285.40695205817,58158.06883041244,34837.42369093935,137081.2250325487,66787.27819378466,45375.71138393626,34079.93691458426,139145.9885095309,43199.80667087568,9327.206661720418,27392.13217295709,73927.43124480238,33190.58784950159,51621.51119116756,2650.375029413469,41228.15470555868,28926.75228283594,16554.88246250829,21774.35020349765,61926.51970966352
2676,20228.69765057061,16940.15004622188,70020.09625621437,48962.03855762271,76975.58508038243,45613.14177345599,15134.28479219765,22987.95732412756,30712.94456467763,116006.876223303,99499.19757111676,44515.96352427467,54362.66499616142,33579.62817524215,130514.6349594407,69654.15153565268,44708.37033637871,32642.97714828108,144476.8435567453,43227.68417847011,9145.808869300896,27420.52643123079,69373.4410928995,31668.81663033815,46896.21319690547,2604.774712872862,40843.17096919167,28548.08154151816,17140.87073678735,21951.61262945077,61946.79396790981
2677,19946.5860686366,16424.51845624017,61193.23747795613,46907.16027195127,76084.26960551401,45161.43261576258,15256.34277926139,22101.25220491632,30679.43421632836,118805.8157884555,95973.73365723362,43596.45614216678,51861.82523958483,32756.75766517551,131455.236705503,68396.3085301779,45385.15654873981,30601.90270161373,146970.0830882502,41730.70500937974,9191.289981376975,26141.16400447652,67174.67865282288,31318.78321298373,46336.43590361783,2396.565958683762,40624.87723552273,28363.69187861443,17441.61245795717,21775.37310539294,61539.40997917878
2678,19529.72665794364,16282.39127107553,63690.98704933914,46034.19178436328,76390.58126790157,44712.57938587826,14563.06285671897,22231.75702488199,30263.36622038189,119049.153210406,91861.13285007064,44111.44081829827,52414.55070627139,30361.45301166759,135219.8045822945,66338.39141655054,45413.55943103947,30192.05557866541,152471.5874408173,42024.40243001543,9327.517690729914,25911.61848332856,68291.64074398976,31463.99658930035,46305.47155943203,2371.902848385069,41059.22981327708,28208.40502146346,17553.01808846905,21775.28088422,61336.6849488905
2679,19255.42748856211,16248.99088960033,66711.3500753998,45561.35958323,76818.84296124372,44855.32424888435,15133.18360900404,22689.80013299362,29691.10209690072,120066.5209282453,91096.92452855837,45691.47352066873,52370.19104853804,30043.2669448722,139449.3277314809,66207.81675747504,46317.99660237654,29782.09365357318,149806.5115297161,43199.1962714808,9369.006412256756,25033.731527738,69288.99512195816,31888.09667244686,48016.9393983454,2320.220132154321,41952.20787902843,27758.89307365207,17478.77983719342,22040.05414271482,61467.11580719519
2680,19947.26102533108,16679.24262582496,70092.2756126942,46467.20917733572,77163.9960177942,46260.73522889041,16117.16972799943,23945.64379652427,29772.37946497452,122643.9323676367,96023.51399016549,48174.43417971367,53752.20782507143,32688.61380156248,140343.6915077454,64712.26167499858,46699.20931449715,30874.0871892997,152472.3134076089,43500.84588681864,9408.48622945428,26206.84942549221,70303.2862256582,34090.07197889157,51377.58633793733,2372.48919292646,42777.86365911475,29654.85429065929,17453.72058692024,22520.18406835785,60982.52576707894
2681,20754.17447860131,17213.86146215917,75812.65557283239,49411.61265676095,79188.5139833463,48552.76168824907,17060.39493271299,26528.12746440589,31079.89725268582,126556.9834516733,100886.9467033212,50075.90464223953,57210.19686038097,37101.57797927228,144525.8499255768,65990.97438511816,48190.8936494683,33892.17485249341,153692.7952521143,46419.27931283017,9703.783640734935,27645.84814452325,72327.7651259917,36109.38144487838,53894.69044853291,2455.178685857922,43849.77197592478,30149.23732255044,17774.84600080389,23142.20734008378,60962.28960773945
2682,21349.78393083772,17883.80481056304,85154.34559797609,54059.65475123392,80465.81182145984,50258.03158411595,17948.77023670441,25928.15605852927,32154.59360868558,128919.3376553818,104355.5324533429,51432.86618874031,59747.03675846456,39212.8605963375,149662.2879238722,71635.92542799888,47804.70944551109,35571.98747814509,161801.3851776414,47308.54942848942,9825.17255448162,28452.59960782849,70427.42250680161,37670.16073671995,52535.53576330022,2536.941769297313,44617.44738439921,30492.3958230838,17165.83893286607,23056.24620454584,61186.75758938001
2683,21613.62729377162,18193.14642805537,84782.94460249066,57595.5812581784,80116.99032397674,51060.20451266666,17547.86354359796,25902.19205425905,32072.3123019827,128487.5455458473,103019.2092986095,55638.57189382373,58621.03767542413,39841.16065806448,144623.8379418003,70401.75033497311,49350.46774066643,38798.09147451971,167133.5164966354,48193.73552157173,10161.98848570652,29169.79790969545,67291.5852514922,36581.8271550878,51924.5278610723,2563.308418604264,46626.58089912724,30462.32279871192,17879.90068336026,23309.69919531692,61774.98777554483
2684,21613.62729538161,17908.81726535724,81940.13223951333,55540.53671813946,80220.15428581825,49981.04248571906,17078.71030002942,25043.63214321692,31421.68186337223,128056.7120866948,102869.9254926229,56910.55213494226,56752.45319792176,40232.0470807208,141657.1973541955,68870.74118337702,48445.0926343891,39343.33306308663,165799.3226725521,48192.47047755928,10155.15810195826,29270.38949184398,68277.73337859655,34999.17245433843,49977.87530591124,2785.372769166952,45692.0485966445,29985.20746964771,17457.04410719079,22970.92890865864,62711.11132840384
2685,21334.58697394493,17904.74862262105,81975.77985725406,55086.9588428294,78904.22925151425,49131.32667893342,16094.57224281377,23721.48226822009,30678.09308664581,128852.7913413683,100437.0245578081,54849.83165847167,56112.01202829574,39092.19093614789,140810.6956408958,66905.88022783717,47477.87085044331,38269.22513273161,168462.9557314086,47514.73107079552,9991.354282672733,28182.88118169321,69689.21052575504,33220.91344545409,48012.85353570026,2812.765650512831,44012.48784369682,29138.29509113765,17232.24997407042,22789.47088210421,62814.36620549234
2686,20341.70787922645,17511.22107550203,79914.15015077253,53870.49933352839,77794.47032841445,51965.97605502925,14912.51477823546,21660.63448599708,29216.06407270062,128867.6504222885,95332.34613883887,52591.99341574854,54362.22686074021,35515.54591027711,138442.3537064995,64032.96692615651,44903.71659159807,35961.16544583396,172508.0782519081,46110.13949047689,9825.493919365184,26839.93540369092,63563.69300206807,29699.66876716925,44658.77868744778,2739.046248668823,41408.4243746147,29447.92748335222,17070.35182908172,22829.30107852288,62515.11528520907
2687,18703.99170916862,16607.62494369941,75500.30168925622,51041.5077821845,75602.51799817247,49628.3669597191,13311.98980179786,20342.69210548992,27345.62916234187,120870.1096109109,85690.27147893334,50119.37918225872,51369.77636130565,30364.50429364601,135117.3203257339,61162.78578694139,43456.26450178637,33071.49427639734,176185.1097773576,42107.2908396094,9493.519329746461,24270.70177062908,58153.84980456621,27278.16031844022,42134.43994256388,2432.174220365893,39796.01541558978,29499.80286298135,17818.92009200845,22792.99446404039,62619.41364482958
2688,16730.36166533394,15242.63967730875,65437.21496366816,48118.96060284485,71188.77462815757,46418.41304854977,12827.00567242492,18882.83348793266,23653.1360969664,123025.1934163379,96080.09008944537,47549.86748619589,51001.15140262185,27452.58726509914,136625.2142131464,63681.26623952627,43551.47154712537,29268.4378584568,146641.805296885,41095.9680217078,9647.319917610606,24823.75707664082,56585.32432489922,24569.53289722807,38056.46756101432,2009.599473196073,36513.75630239323,26174.25925667273,17218.06998075814,22242.32889320372,62941.44706790147
2689,15899.13052210487,14715.62672178481,63274.25680002518,47902.53113819866,70993.48324014044,44819.42132325,12218.55864680711,18193.39456567831,23663.2834534461,122777.961007845,90307.85946500405,45388.47415139859,48431.24138557923,26608.85810498155,135069.7364833485,62780.60393359627,42398.84934067716,28076.75584799653,141038.294716914,37344.87826134062,9018.73935506879,23201.28909465369,52854.64121267705,23290.95613866626,36747.49700832602,1914.641627766443,35560.33371017732,25814.23757943298,16964.58354987646,22154.03007161095,62259.05467706598
2690,15304.38609912085,14459.64611184317,61976.81810610456,47466.10522237725,71033.00084286205,44006.17735023983,12104.63660105818,17641.75306091928,22865.3256463808,121010.1355147036,87573.04704636389,44596.17656005297,46286.20442418351,25628.46171257373,133434.4357836976,60684.94386081128,42237.10016964156,26976.20228527137,134346.4511399123,35502.95232944781,8566.599629897204,21833.83113849268,50138.59754341749,23041.47827299281,36484.05188551725,1863.104746608911,34430.96846833086,25815.05013778472,17311.95384339934,21859.01560188899,61619.19745066197
2691,14948.93729720332,14266.12512041353,60704.80390995664,46969.92543625046,70713.46763585413,43713.53313382995,11678.68429179153,17367.0011703924,22337.35933014169,119115.4785098827,85160.55514169266,43277.73166753119,43291.70637433264,25280.73900216083,131109.5578588062,58275.65579744688,42091.04540619037,26445.576021875,129897.8332120619,33642.52606360593,7721.292104746771,20903.77178102351,48340.64442751533,22526.1676846367,35964.94579443052,1776.406228185253,34096.89326417832,25880.2882859904,17358.89577471995,21922.39270068893,61161.72594937219
2692,14948.94107109143,14175.83384664852,58477.3387701157,46424.10977593331,70455.08134235961,43713.53314789701,11792.76400710135,17095.72587543554,21892.53514794514,117982.0084402135,85617.68799757645,43066.83545095311,42403.57164574542,25280.92624181934,130082.036769085,57931.20185846781,40530.58335426949,26157.21077857841,119084.458693684,32087.18241960851,7504.504829732806,20004.43157310646,46981.3726461771,22785.81029842563,35959.62864445566,1725.064943109508,34090.1872107951,25743.35698588176,17152.3512773469,21842.33798769692,60992.51107524372
2693,15178.03329897427,14213.32098024974,59395.20448430741,46424.15290221716,71188.0351320419,44019.60952721289,13032.4533299252,18645.2326732006,22082.10364027381,119380.9145050753,89599.64729070454,45182.70875341733,42006.79437068216,28271.15617462275,131704.1408868239,57240.23166718389,39980.66241015944,25790.6069668326,117217.2175072547,31765.6333400705,7427.852645107921,19048.96122999916,46982.51145679157,24107.46230437229,38204.39893737025,1722.528965205221,34929.15515206364,26098.4047303124,17340.11900262931,22247.57352109546,61024.76808754169
2694,16160.24019739563,14631.85999194719,65257.58654739084,47542.33179602307,73924.85944030088,44894.91163048447,14688.46428167926,23116.35488422805,22444.04931175599,124455.4610952421,93651.26193241769,50473.32334357749,43576.33779934521,31326.91718504681,133562.2468624539,57241.24459638012,39234.22065446038,26777.23953039679,115792.9978423317,33006.24919121699,7538.212285515196,18646.04329066996,49217.61130735729,27784.10183204235,43073.20729119082,1722.554180779457,35996.14806184865,27344.52137421889,17818.92670516268,22200.38524169325,60994.22509504222
2695,17566.35209370627,15306.66337679602,69084.6436066466,50661.22753462146,75673.19956528627,44314.60878933954,15407.40373961419,23675.72321470415,23634.30165593619,132572.9746403608,106928.4437018317,49349.39647341896,44148.31140965789,33911.36855855364,132930.2403508672,57930.60316958464,40386.39077339153,29581.19598907396,119914.3696622804,35495.07221936833,7504.976103920368,18384.59304419815,51085.50346974567,30278.7444525391,45410.09514801554,1886.933053835461,37478.8483156594,28106.90377410681,18494.89051792978,22339.89614807085,61276.30452914528
2696,19339.87942105576,16186.20058894609,70322.9373137094,50053.31504099608,74328.47494458806,44945.25501147012,15824.79513932548,22871.96970881436,25920.52966595108,136383.2623477221,120199.1097719127,48844.08730330047,47040.87275777414,36376.60953341633,136692.7344509823,57932.29737961632,41496.20100575294,33849.52123577412,138050.1351995338,36120.60631688486,7733.797983377529,19793.10674965737,56173.44961745514,33206.99317807018,49565.831037007,2159.032907817807,39806.0311524577,27283.94655537869,18438.56020165789,21736.83681366537,61984.44230178824
2697,20641.57039908825,17280.0049006252,75574.99524712449,50091.9323513524,75080.3498328601,47339.52108620917,17044.38030783838,23155.01931476545,29915.4078721507,139556.8202507376,126079.3072449067,49452.18695631047,53415.04182156074,37974.15534063092,139721.8593717044,62743.22088889273,44106.9253602626,36650.95112160657,174127.0901313823,42701.01019376283,8762.875896429769,22896.22679477417,63881.60772437738,34477.78579606207,51658.83492570133,2431.566063498401,41638.89051964087,28548.82781129437,17931.58733989452,21365.88343047016,62214.07411816554
2698,21118.01361274756,17820.40604574675,76386.09648818498,48122.12201238408,74925.85804731748,49727.39966153013,17883.11556658192,23444.58354176579,31774.11407669351,143491.2682912956,124557.7430849598,47320.32122414823,57472.09997167395,39305.85287385141,142697.0791396635,65145.49523692481,46176.43665172163,37530.19392927323,183321.8077927343,45750.17415792497,9417.682348895718,25010.77608466733,68419.84371925668,35216.5290918083,53265.73162387481,2481.710701461905,42853.39198547487,28880.58541738648,17527.88673009975,21555.59676955423,62380.42258248329
2699,21599.57016048927,18246.75041599283,80577.7831375105,48127.01194723506,75846.09336429149,50926.54621779873,18527.83772171487,24652.14656975921,32588.96980936668,144638.1931859169,118565.1204051085,50237.12852639554,60423.79300150082,37430.1287556797,145258.5768531645,69636.5757684834,47583.43634585178,38620.93137968974,191562.4904551516,46638.73384208367,9723.847550158469,27088.00534504353,73917.31280343633,34074.81325019296,50094.83579461257,2547.910128873569,42971.27547711487,29556.65904558056,17283.78868635741,21552.11032983748,62745.41560431564
2700,21606.79986729456,17950.96777320784,76646.35065900051,48839.84696249841,74271.2018555523,50919.1888396049,16643.9075644347,22945.55785984981,32838.78266211901,136149.9794268633,126244.5088843798,44330.02012960349,58325.04297588385,34623.33918430872,144025.4256464897,71731.35215841058,47642.61047660145,38210.83421747664,178502.2841520764,45198.41337865473,9723.85331350164,28340.88505978792,70697.1429197796,32310.0349382386,45399.27749721186,2448.814679485692,43826.21776841638,28459.61145285633,17283.78868635741,21824.45765959525,62836.84945863731
2701,20884.4965779369,17688.74651989815,75861.39094938882,46410.66383261451,72391.56728874835,50327.11048927385,16621.43838063005,22327.54556217928,33086.54527998639,127535.9234814942,129224.4266052323,45838.7169007087,57963.80401238245,34976.18467682816,144642.0174334416,72651.3612244096,48958.424395273,36946.20292358036,170425.4391360306,44200.83694070484,10045.96915141123,29497.69099942183,71257.97070781127,32175.05890574703,45923.7383013484,2296.472100572556,44126.5023237967,28404.02920486482,17527.88673009975,22014.48234602599,62918.13339384594
2702,20414.34517777748,17877.81529008003,78813.66176732094,45859.15920976323,71866.09797361317,50316.25217799874,17059.0991086981,22603.47710738645,33312.94332279152,136032.3486410698,127259.6026314212,47988.8200968979,59138.92947643164,35972.91860147277,147100.2915784866,71789.723129326,48964.34295855765,36459.94325031717,184453.5094149957,45750.94433422653,10069.18641561399,29801.99364307716,72094.49674327916,33195.16292451128,46453.95884007948,2251.833151097564,45083.17504317949,28370.5915702858,17602.99382065032,22200.72680348866,62811.44985946019
2703,20412.08026804505,17855.32684970717,82854.38085436093,46986.68237753338,72370.52774669434,50653.07016796591,17059.08201076649,22879.98854738523,33219.34724426128,142122.1409198936,126121.0475451584,50788.76767273693,59138.91347907971,36658.88366955035,148342.173928374,71068.6589345586,48970.92009699611,36104.60719321854,185894.8577997755,45752.9651976242,9953.453362052229,29403.39904461257,73047.75807976087,33953.52704947747,48036.52847474859,2242.845119784849,45528.33003213131,28678.46344062213,17471.55641163982,22479.24493843682,62810.1553619866
2704,20894.8779301,17940.83559792703,84593.38696167506,48689.00364319519,74178.29183755726,51219.06743269011,17469.34061464822,24390.42211258092,33215.37167683495,143903.1244403776,119856.1244429657,53320.73039674426,59360.3305874551,38052.17145204146,148343.9925192526,70001.09369346923,48915.02903759721,36556.92639206544,186054.9430538459,46474.67973893473,9647.843117499124,29178.27017010432,73032.33530101489,35714.72672068448,50625.2525543221,2250.694307388372,46387.33886919558,29405.79231260104,17330.73061767801,23170.88788934769,62843.59632817916
2705,21360.90028285379,18035.11236266686,85233.56020552007,53210.98978272853,77445.24685244344,51527.62583384186,18092.91186716648,26461.95067459172,32962.78280198405,146191.8297377267,110387.8467417129,54468.3100690948,60852.11479544386,39995.87921190236,147724.8110398733,68511.31731075938,48431.20229153126,38894.38720985211,185894.8455726562,47304.87398927545,9647.31836434229,29004.38377227284,73047.75905985055,36925.20554288402,51154.13545335618,2346.041346355322,44962.96653398641,30797.99834885594,17377.67254899861,23220.04379944868,63270.16968985084
2706,21599.57638147274,17877.64966519492,85650.4499982731,57347.74980524131,80087.57427424232,51218.35219119716,17990.46911344331,26737.14268910347,31596.82219369345,146830.6371253371,109579.1167705316,54148.34879728899,58714.37039296939,40984.87062216218,145259.9365043206,68512.58786187477,45546.11911226702,39527.66328661887,169051.8442005903,47289.14455129757,9494.664892139795,28075.06893863154,70383.15540375517,36410.38265972229,49085.30555988093,2469.047174405001,44189.6154191227,29770.6630519582,17574.82866142036,23446.19381661611,63246.55214879147
2707,21599.59659327666,17581.60826468389,84005.42029805866,56879.58672592133,81334.20704054182,50324.43183030879,16853.96600009884,25911.53652550965,31201.25841065417,140118.4602599471,113902.3311441379,54889.67958367482,58279.32661061466,40016.38548969733,144642.2508995142,67573.51706290511,43476.62535574266,39820.5092925858,169185.8956271858,45442.41493190605,8875.110839895515,26905.47574402994,67556.93427242356,36885.60478387951,48020.32932978611,2548.393483167993,44320.13192605903,29550.88839663678,17518.49834296042,22944.37840851356,63396.41315660081
2708,21574.64209933528,17574.11650698808,81049.97084080873,56259.75407616813,79455.82050406038,49082.06250024826,17472.0998698567,25039.86953238604,30380.68445713066,141901.620296232,113902.3284393567,58023.26497444414,59381.37288433989,36982.60658981901,145875.444897227,70342.43656521304,46204.26548513044,39112.76696919632,171875.7770269527,47341.84210079111,9723.274055084301,26071.34822767532,67569.90484363936,36885.95588828048,49070.30153497107,2726.962413144656,45042.22337580794,28737.30017081034,17518.49834296042,23169.2686110506,63395.39841761109
2709,21359.24819506358,17522.21141310896,79247.5506812047,55462.93099953319,79123.6847894939,50313.79302174815,17426.00422844769,23719.64750314015,29823.01414045698,137346.5684547632,111516.4683334363,55554.99888810598,60597.89044108812,35539.98135208289,145821.7497230931,71731.35139343454,49742.26851979551,37592.21571004941,171875.9104668838,48236.71985351768,10026.07254151482,27809.77259806392,68498.46197806028,34948.33793980763,47139.50508158538,2736.215047446327,44184.67019410589,28431.55215263675,17208.68159580684,22756.96117416428,63286.18412621096
2710,20155.85863122832,16943.44208971911,77124.1713892307,53298.89228608912,77523.77108110394,52129.63930009711,15708.74645002049,21606.47757603706,29195.06195509606,136337.4565833636,107054.0581820467,53520.37830355271,61064.03582224229,32564.14364432449,144030.5839515564,71027.08713732498,48056.60727709422,35038.70212680203,166245.7970662222,48236.71709572857,10258.45540955267,27982.11439876824,64816.28906550023,31498.15550772246,43322.16527577509,2559.957040718131,42229.4306699432,28435.41650727038,16983.36032415514,22568.59450676781,63433.09591196015
2711,18265.94241931676,16083.64328737025,71052.12281888736,49721.53444769665,74379.4276043656,50139.84562748919,14000.3628510279,20440.32774292681,27524.1388105234,140015.6693546152,105452.3859117191,51826.51617044817,58081.40080803465,29617.27901886634,139736.778189585,68146.02885238147,46548.09773642841,32278.00484224924,160606.6611339801,45442.76550458206,10190.3491312213,26325.38777799467,59316.38199434774,29231.27609407551,41319.64764636764,2283.064832008347,40146.00889440952,26784.7121965986,16628.28569829214,22389.06471953066,63749.145215152
2712,16680.42244480431,15219.17098645,64385.78800090704,48001.65342456266,71062.69809184365,46238.87900353415,13109.97823068985,18945.55724826599,24358.15633928079,125235.1556886261,98152.1158769471,47287.22612446625,52308.86587186631,27566.98335849774,137042.5503484379,63764.02227855184,43629.30769531959,29612.21153090504,154718.8120862349,41177.60173957946,9739.314449739042,24490.61995999698,56597.67102879133,24781.98694581743,38619.26450580037,1967.666678773864,36531.72131276484,26235.70893782085,17293.94172457506,22430.1459570249,61920.09575593974
2713,15871.9036864668,14682.0906813278,62217.22412456299,47799.9596268633,70872.55451974821,44649.42338721587,12491.20122930736,18240.84923837732,24369.13981131922,125006.0185782982,92239.26481632664,45071.013526949,49738.98632738082,26733.41462319256,135261.4383537128,62847.85555307756,42497.09021141443,28408.59034831431,148874.3484910601,37386.20808824295,9045.88251043439,22940.26652005639,52862.96229425762,23497.70517898941,37383.59268027055,1880.337793498397,35579.39593309695,25894.38348629608,17015.80430733339,22358.32386629749,61216.71994168826
2714,15293.40993498006,14421.22016068541,60916.42287435822,47393.247904315,70911.03045162842,43841.02946003921,12375.34505959674,17676.99046214291,23505.43237388916,123367.5827942051,89437.82815132543,44258.62094913659,47593.97480063491,25764.82444100274,133388.924440248,60716.11981377804,42338.20446513152,27297.01060720515,141894.7531798305,35524.49143240722,8547.09501182867,21633.58856409957,50143.9878571827,23247.11414331941,37134.89975500997,1832.941410801433,34451.33038115165,25895.15384781546,17396.95558210135,22118.35966713754,60557.18723928571
2715,14947.67334135038,14224.00240344593,59641.11201429155,46930.85067217668,70599.9200334962,43550.13052291771,11942.16109852414,17396.15360809172,22933.96301797749,121611.5984805239,86966.56422488546,42906.73643422807,44599.51225786882,25421.28910566435,130726.804707531,58265.35714590138,42194.73529035602,26761.06812837545,137254.8430454415,33644.07566427002,7614.576140892541,20744.8679605439,48344.0946461397,22729.50423961398,36644.86216791572,1753.208294125113,34117.63963558967,25957.00412462009,17448.4625108645,22169.91047673999,60085.64858493099
2716,14947.67701212158,14131.98632612695,57407.87397979393,46422.19703967273,70348.34471660994,43550.1305369009,12058.17761464781,17118.87034619533,22452.48648988275,120561.0887274122,87434.83354183054,42690.49127217262,43711.38806028704,25421.47409053002,129550.2336112845,57914.97361672136,40661.89789726109,26469.81382386464,125976.4894469768,32072.02050317969,7375.422674355791,19885.5011191019,46983.35613212927,22990.30537849581,36639.84276361928,1705.991793224224,34110.94129962991,25827.18378103472,17221.8320247868,22104.79412800561,59911.23038878446
2717,15170.50957216387,14170.1895637166,58328.11851553579,46422.23722969021,71061.97808859924,43854.38152984131,13318.91389821158,18702.69425940215,22657.67492876631,121857.606830668,91513.79950171855,44860.02931607114,43314.61548998702,28375.69483005178,131407.636674955,57212.1087434154,40121.712132833,26099.53709772239,124028.9562029947,31747.01651323673,7290.862196027541,18972.49898306998,46984.49617158603,24317.85459442098,38758.91213461789,1703.65955703602,34948.94374442285,26163.79360022608,17427.85973983941,22434.41192720978,59944.47929746977
2718,16125.87885591953,14596.72378408417,64205.69404382021,47464.28456815084,73726.6606199385,44724.46348336701,15003.03995658537,23272.83895764378,23049.44397424313,126560.740003956,95664.11772186027,50284.82938117383,44884.14030788108,31394.65750345169,133535.2755200933,57213.13910964569,39388.48453944518,27096.05449289648,122543.4945688317,33000.96226294431,7412.607766967771,18587.48971312569,49222.00782383967,28010.8992841252,43355.08069957478,1703.682746778581,36014.70874329105,27345.19836839148,17953.23041658471,22396.02907199879,59912.99711433364
2719,17493.57044657908,15284.41770893618,68042.66964090335,50370.82932708523,75428.91508173534,44147.62146759588,15734.1852876104,23844.59568654386,24337.76998970991,134084.1209721481,109264.7521065835,49132.39643515152,45456.10713605019,33947.98618367842,132811.5914988008,57914.36462172944,40520.25793908044,29928.10310913989,126842.0868923594,35516.52665383996,7375.942570441192,18337.66025979226,51091.91554963509,30516.67299759376,45561.10930592552,1854.855340068479,37495.70268414394,28067.98961493909,18694.93019269473,22509.50697345401,60203.75043208809
2720,19218.63828633286,16180.75642189677,69284.17261889798,49804.30674334809,74119.63695400793,44774.50662517071,16158.66299535159,23023.04135403745,26812.37719127738,137615.5282019071,122858.7120594935,48614.271145123,48348.63418579006,36383.54003054603,137119.8649272278,57916.08799668004,41610.42134376484,34239.19166801735,145757.6970157639,36148.78185366932,7628.372265348846,19683.56914225152,56185.35188477566,33457.98756612004,49484.1354899932,2105.094557527401,39820.20736517904,27287.76925037227,18633.12187961944,22018.97967707111,60933.66329325757
2721,20484.76213391822,17295.45530605717,74549.84224779549,49840.29478220144,74851.69267073224,47154.49371280925,17398.95380413108,23312.35969402515,31136.4228836326,140556.8088041871,128882.1602075332,49237.79398562124,54722.72766824129,37961.84774000859,140588.3882152599,62809.82897926753,44174.92838110672,37068.68839829733,183385.9742742401,42799.88941863003,8763.621325640825,22648.7634572748,63901.82753900038,34734.45045955043,51459.93695525338,2355.732265012345,41650.95745121778,28486.96416860818,18076.84704513609,21717.24691254601,61170.35624000139
2722,20948.18711343683,17846.17955081833,75363.04561020322,48004.59958855704,74701.27323718346,49528.1313949671,18251.92878224383,23608.33693516657,33148.2816042901,144203.288892474,127323.5283990866,47051.85789718759,58779.73771202571,39277.50859546716,143995.1869846286,65253.45719445621,46207.80338058245,37956.74012573717,192976.0681756888,45881.81537458926,9485.984909978442,24669.32645260409,68444.96055234151,35476.49002717135,52976.85188690853,2401.848258020419,42864.06125114914,28801.49332575321,17633.88745729283,21871.55937568104,61341.81988483446
2723,21416.58571137306,18280.6682328494,79565.59580348646,48009.15659068338,75597.25145780298,50720.1264494084,18907.59677811074,24842.6440083585,34030.27931207715,145266.2686924064,121184.9161928418,50042.64397193824,61731.39574232578,37424.3724768246,146928.2500652367,69821.84927365066,47589.89514025133,39058.40540929662,201571.1032224745,46779.92226100592,9823.737525809776,26654.22819804577,73948.36172282732,34329.6798505695,49983.51744568501,2462.729190770934,42981.80908075707,29442.45788704457,17366.05142676411,21868.72351235768,61718.03636581411
2724,21423.61787519051,17979.2353546408,75623.97427862826,48673.4580137664,74063.87356451702,50712.81294934054,16991.68199103096,23098.25927080083,34300.67608867025,137399.3195960035,129051.3864136099,43985.71401240474,59632.67060251402,34651.38305810001,145516.2205880908,71952.68611796487,47648.02171898186,38644.19958339055,187949.3032464691,45324.12615646269,9823.743883763671,27851.42062165638,70724.71709008554,32557.02709948556,45550.89741361896,2371.595118680722,43835.76749206924,28402.3808900102,17366.05142676411,22090.25030370544,61812.28179204885
2725,20721.05064896038,17712.00497773841,74836.98019836257,46409.66656755769,72233.78553864367,50124.26565147519,16968.83133420665,22466.55977963482,34568.85369640145,129415.7388852203,132103.8995238272,45532.67575052365,59271.43592238238,34999.97948555617,146222.2538578387,72888.53264762789,48940.54195323667,37366.89825624139,179525.1509250875,44315.83117682036,10179.09278169834,28956.80950314215,71286.15004365619,32421.44880406695,46045.98986465637,2231.491817723528,44135.70647562781,28349.68507447511,17633.88745729283,22244.81601617019,61896.06519127887
2726,20263.7455667532,17904.68546445893,77796.9023811243,45895.71130729088,71722.16741958141,50113.47209728294,17413.92249503836,22748.60241432192,34813.90634412172,137290.2983778443,130091.2094091445,47737.31185846437,60446.54745245045,35984.71045880589,149037.1199804362,72012.06191390331,48946.35574095745,36875.76686561708,194156.4333838047,45882.59382611315,10204.70539764747,29247.5866744711,72123.57873897803,33446.10452598117,46546.51952109639,2190.439183474283,45091.27824216909,28317.9838841243,17716.29854379403,22396.30689770263,61786.10116050493
2727,20261.54254293783,17881.76743504317,81848.09375130363,46946.4667119368,72213.30059190841,50448.28136324709,17413.90510682475,23031.23778680109,34712.59819421068,142934.3699369608,128924.9173658438,50608.27430202349,60446.53145528812,36662.41494181947,150459.1471217118,71278.58498495068,48952.81644516074,36516.87078301445,195659.7602790761,45884.63640284303,10077.03203236163,28866.70858397436,73077.86869943798,34207.8524709431,48040.46963745569,2182.173255031939,45535.92094030287,28609.86771167602,17572.07914181672,22622.85301005889,61784.76685750448
2728,20731.1483432409,17968.9096278549,83591.60681986509,48532.88490844735,73973.41262364096,51010.90311857105,17831.12892091695,24575.12310780619,34708.29505045581,144585.0006933122,122507.3710792051,53204.45501334923,60667.94593822321,38038.92435937403,150461.2295134845,70192.64217961804,48897.91481799159,36973.72165786685,195826.729257931,46614.10546511736,9739.891628759447,28651.58611074298,73062.42927862404,35976.91061338811,50484.23233527196,2189.391835030596,46393.94121753793,29299.42578923006,17417.55835552728,23185.43404880039,61819.23612641913
2729,21184.43719926509,18064.98732962992,84233.43919301938,52746.99022501088,77154.2517928078,51317.62133100015,18465.28692241227,26692.53006473979,34434.89351482425,146706.1923340985,112808.4315373502,54381.14066587372,62159.7124574683,39959.22544149415,149752.2308960774,68677.22009383755,48422.65319452785,39334.60092689047,195659.7475261865,47453.21980553499,9739.312736218246,28485.42851747775,73077.86968058522,37192.79059092735,50983.49925613484,2277.078645842565,44971.20807067193,30619.3334058589,17469.06528429043,23225.41737101669,62258.92652981956
2730,21416.59176237571,17904.51667569783,84651.40943404257,56602.09766371189,79726.92834412979,51010.19214265422,18361.1049356603,26973.8167902552,32956.38133514391,147298.2444835132,111979.9996573753,54053.06423948822,60021.99340317259,40936.30713790382,146929.806944475,68678.51251681037,45588.64427138766,39974.22164259639,178092.4909023881,47437.32136132326,9570.909830403098,27597.41934557466,70410.39076341664,36675.67056855643,49030.51810928556,2390.202124975469,44198.74693948826,29645.34848703563,17685.39438605599,23409.36735764187,62234.58275430803
2731,21416.61142191654,17602.82009680217,83002.11633010655,56165.8096122442,80940.7002860586,50121.60296756701,17205.30671670592,26129.92582657771,32528.22413389349,141077.3415674248,116408.5341975628,54813.19734495549,59586.95477932399,39979.48477690104,146222.5211899993,67723.2761166456,43555.78649642798,40270.00160144862,178232.3065896143,45570.74940437526,8887.435676804478,26479.81156982002,67581.1199764318,37153.01313337428,48025.17759976497,2463.173712142853,44329.11324613537,29436.98691270926,17623.58607057987,23001.19167512385,62389.05195679047
2732,21392.33877931791,17595.18522660211,80039.00726998565,55588.1784598909,79111.82739284428,48886.64291245101,17833.93502168177,25238.95391857864,31640.0370388562,142729.9895372326,116408.5314268891,58026.25963519795,60688.98798560015,36982.239499264,147634.5996653596,70539.8610862054,46235.13956373586,39555.16857991248,181037.8538785708,47490.58512395077,9823.104862591787,25682.75888299557,67594.1045436422,37153.36580440273,49016.35426823308,2627.396326179009,45050.37370257031,28665.64900143529,17623.58607057987,23184.11693096496,62388.00601478894
2733,21182.83025277416,17542.28860733348,78231.91579969622,54845.60732853522,78788.44666505387,50111.02760701317,17787.05678649128,23889.49277153622,31036.41615078382,138508.3285393472,113964.5480908716,55495.39109475244,61905.49111756291,35556.98676203316,147573.115584375,71952.68533982003,49710.50978612746,38019.38328764524,181037.9930564679,48395.07796394025,10157.14341576461,27343.91474716716,68523.66364478215,35207.10220650855,47193.67707096411,2635.905599275621,44193.80740550819,28375.7787326336,17283.64034026292,22848.7468591398,62275.43340675122
2734,20012.32185222416,16952.4632500184,76103.0333711076,52828.9078592806,77230.70614896322,51916.04449348354,16040.64407676195,21729.52221313486,30356.72235238444,137573.0750278048,109393.4267491771,53409.16657556866,62371.63097142567,32616.98493231818,145522.1271458323,71236.2975514778,48054.68958740959,35440.28667306866,175165.7827095317,48395.07517651981,10413.50149052443,27508.59639668745,64837.51745521474,31741.52506373183,43590.09772624489,2473.808247773937,42240.81799934956,28379.44240811087,17036.4070807593,22695.52977615122,62426.86269921138
2735,18174.04531330532,16076.24000300134,70015.24794539409,49495.1155342171,74169.2465186499,49938.11760480727,14303.25620881682,20537.54551788827,28548.11952330861,140982.0740773766,107752.7352732905,51672.34313977527,59389.03132363744,29705.60728286437,140605.4711248801,68305.64339015815,46572.88499695087,32651.93063409043,169284.1618588394,45571.10374380808,10338.36860943251,25925.5070266207,59331.67566702739,29464.53083632276,41699.71554025637,2219.161695730933,40159.79385581419,26814.46054786928,16646.80224462633,22549.50059439509,62752.63045243033
2736,16682.53492832549,15166.19371098769,64235.56281764283,47651.27173679263,70731.62144005697,46409.31265772831,13193.645289865,19183.2101177327,24958.26155350217,125106.2531456883,99046.960884467,47001.99868089852,53196.21513948428,27756.34160127872,136979.0130217199,64207.50580923938,43442.82661718053,29798.97865933287,159876.8071914694,41042.43333229292,9717.851652311834,24035.11085338782,56543.8674334285,24537.80223520774,38582.38941184647,1923.429896167322,36432.19056081605,25855.73104085509,17221.12550791295,22240.97275122909,60948.44546853739
2737,15873.21802126157,14631.44902451536,62203.39074225762,47442.32219783214,70557.62073766763,44916.7620200104,12588.44858265025,18483.6825674555,24968.74751211449,124882.4096327703,93128.98574358795,44858.37928482502,50727.8450362162,26959.66961621095,135176.292075082,63283.44365737843,42305.21601058194,28553.50096599127,154349.382050664,37308.94978496431,9057.75933574811,22602.31620630477,52825.2456881341,23229.72269656009,37320.16610742785,1835.764974309833,35455.80752156166,25517.36044857562,16957.05011268565,22150.68810991927,60284.49253887845
2738,15294.15319576299,14371.71296001927,60984.40337226184,47020.97941047005,70592.8301275958,44157.65376989792,12475.13510741974,17923.96883792959,24144.16304462182,123281.8255061859,90325.12135190058,44072.5970503156,48667.56079637838,26033.95271911579,133281.0602959065,61133.33684855907,42145.57343945222,27403.26549992722,147748.4014871462,35475.66916481558,8582.953119354574,21394.71983987357,50117.98303787316,22974.48820301273,37066.12939685274,1788.186213028841,34299.24475887377,25518.12414106449,17318.93120917361,21849.03883420303,59661.92539753878
2739,14948.07529994454,14175.35285007668,59789.30317459923,46541.94788062637,70308.13246109533,43884.49018504869,12051.45823146337,17645.19647578062,23598.57928082459,121566.4084930227,87851.71582666696,42764.99421895551,45791.37859095926,25705.62349327845,130586.6429774902,58661.45377137549,42001.42087400898,26848.68536129931,143360.1876655949,33623.9750443692,7695.268969165493,20573.38833524857,48325.84273737176,22447.28697542648,36565.56213482412,1708.146287855917,33957.12431214527,25579.43897915095,17367.83405980393,21913.84126903959,59216.81559327376
2740,14948.07897433944,14083.73692607597,57696.52462152026,46014.995920702,70077.9154658028,43884.49019817936,12164.92853398543,17369.95158256889,23138.91197992636,120540.1679458028,88320.39094608165,42555.8322801558,44938.33502243723,25705.80029004865,129395.7973896249,58308.05067459396,40461.28207438453,26547.30254700124,132693.6390231306,32075.9316019915,7467.613799576981,19779.18478231811,46970.96550663351,22712.92076564203,36560.43487615685,1660.748100545911,33950.25676271108,25450.74249211,17152.66151748639,21831.98614439274,59052.17320726771
2741,15171.13150889952,14121.77402799963,58558.89038738996,46015.03755651684,70730.96256387795,44170.1917987006,13397.99544787244,18942.13246674962,23334.80608976046,121806.7334810817,92402.89174030519,44654.30597199849,44557.2348450273,28529.25659449053,131275.7349899244,57599.12858734144,39918.52322824181,26164.14926800936,130851.7515615973,31755.89175362586,7387.11891772108,18935.41294321283,46972.10063545238,24065.06950025226,38725.03771688876,1658.406890045548,34809.42883920753,25784.43827535161,17348.27292000769,22246.33532956784,59083.55857748129
2742,16127.44390840757,14546.45336508362,64066.79586799014,47094.57155027355,73169.4180267043,44987.22711649681,15045.16000438499,23478.68105185561,23708.82934780463,126401.2133962914,96556.80662869378,49901.41387689998,46064.76392168776,31414.58912196634,133429.186948235,57600.1678331571,39181.80303168419,27195.32103921795,129446.8701984637,32990.68461775528,7503.011064301326,18579.59780658525,49199.9743672064,27826.54639628006,43419.96638149388,1658.430169020921,35902.11721120992,26955.61560578539,17847.08199962823,22198.08579686734,59053.84091119
2743,17496.48564869557,15231.15669292253,67662.44492743716,50105.67647404811,74727.15394558804,44445.55365945752,15760.25889436181,24046.23467450447,24938.79863530032,133750.7868570536,110169.2273312931,48786.72947408826,46614.13823837252,33854.89829150575,132696.7229887561,58307.43643134869,40318.96743869395,30125.8555205053,133512.2813165608,35467.8260410269,7468.108699497117,18348.71219418349,51061.82759997392,30378.75215651973,45673.39699277775,1810.184465848926,37420.52404563812,27672.14963832284,18551.28305052849,22340.73427069638,59328.29805518004
2744,19223.25643063226,16123.59746847113,68825.86358939596,49518.77378277638,73529.03133046684,45034.21925798584,16175.42059306274,23230.71976396921,27301.31465997356,137200.6104090859,123774.9678180128,48285.57564861784,49392.41137097633,36182.64576539943,137057.2656027355,58309.17465815941,41414.32364871901,34586.86427622091,151401.7962818176,36090.42411533751,7708.40178759478,19592.56472004559,56133.32432446793,33374.56935426606,49680.71914018657,2061.386589579432,39803.75040260188,26898.68365245042,18492.59963113977,21724.11227378624,60017.30068044787
2745,20490.63016280717,17233.44882521704,73760.34898536677,49556.05645687083,74198.93674717048,47269.10471747648,17388.49074884586,23517.91126283389,31429.4959863422,140073.9406241268,129803.635889813,48888.67467272966,55514.73014707612,37691.09189910059,140567.8699913166,63245.08937464178,43991.04627299258,37514.75812847212,186988.8920583066,42639.94203641658,8789.06903063578,22332.91697307069,63816.56181485214,34674.68513560521,51698.97560831199,2312.988736702902,41680.74892777509,28087.49712337476,17964.44884068513,21344.81623630444,60240.72743501636
2746,20954.51262343353,17781.77811748275,74522.4059313123,47654.32388621583,74061.28767072764,49498.02787823906,18222.74549156746,23811.71271184279,33350.22444131519,143636.1785854076,128243.6533701108,46774.34006286733,59411.48955831942,38948.51687319151,144016.0010020052,65709.7765151909,46033.60452188655,38433.69228571176,196058.762247474,45674.79436482167,9476.701983142746,24200.26655234652,68340.12560952242,35430.47471414074,53248.48522566912,2359.282181428329,42924.49817608462,28399.30339717267,17543.88432480843,21538.79618373669,60402.58086672422
2747,21423.37361230445,18214.37732440324,78460.63677678462,47659.04482213061,74881.19884624206,50617.35009170488,18864.02354688982,25036.94612920692,34192.27069295953,144674.6010925143,122099.7214388639,49667.16137726848,62246.55801617682,37177.40722414837,146984.6488292509,70317.53850639347,47422.27963726163,39573.66851415327,204187.5514904987,46559.18348199944,9798.215738094865,26034.65897060933,73819.82127532171,34262.41411757026,50190.83155778582,2420.397380544287,43045.22055332324,29034.7191192216,17289.58950061897,21535.23133481125,60757.71112521653
2748,21430.41271809146,17914.25529718901,74766.92349402985,48347.2438528757,73478.00215902505,50610.48247673141,16990.15732714647,23305.38473770602,34450.41942756136,136989.3967222268,129973.0087474209,43808.62932287069,60230.73186541243,34527.16029042866,145555.488213153,72466.73867364717,47480.68309192394,39145.05847963417,191304.6789352558,45125.62334438063,9798.221790363688,27141.07177422352,70610.06225996127,32456.91406866173,45662.96567259608,2328.912629729687,43920.75167623057,28003.64608341197,17289.58950061897,21813.70369192008,60846.67427349047
2749,20727.15193573657,17648.18703374741,74029.42739771653,46002.01467684983,71803.28553081141,50057.81737823011,16967.80817351459,22678.3290048834,34706.44951400179,129190.2551977046,133028.1671673214,45304.91952108106,59883.76584258315,34860.32658624393,146270.0872772023,73410.6502281346,48779.36002337352,37823.33837894961,183337.5027226057,44132.72915729938,10136.48581301785,28162.6422313437,71169.07688146777,32318.82350419017,46168.69641487731,2188.270219241499,44228.26772338232,27951.40645629475,17543.88432480843,22008.00198882757,60925.76177159382
2750,20269.39541382535,17840.02960454743,76803.18530761152,45469.57036817984,71335.10293020669,50047.68187898905,17403.13092200704,22958.29828371642,34940.40212141403,136882.8941464525,131013.7328541841,47437.341621542,61012.46083338519,35801.46982493476,149119.1041476832,72526.62616381435,48785.20150406922,37315.12765586664,197175.0974286972,45675.56092620356,10160.86699599604,28431.37061536306,72002.8984129201,33362.46612110957,46679.98119442661,2147.05961679133,45207.9791597893,27919.9797035957,17622.12888627285,22198.43504030715,60821.96101684769
2751,20267.19021524211,17817.21123951408,80599.5770414808,46558.12569246531,71784.53972162589,50362.07869403579,17403.11391541242,23238.855942999,34843.68288151074,142396.5745937014,129846.4301015024,50214.26419039051,61012.44546810585,36449.1766700986,150558.3837223854,71786.82820950929,48791.69298272272,36943.75078781656,198596.8749349568,45677.57230442393,10039.33205842232,28079.37340285916,72953.07783801673,34138.32927368908,48206.03254038093,2138.761881526625,45663.85442916155,28209.33668873776,17485.20090314027,22483.21698256282,60820.70149900782
2752,20737.25959819867,17903.97447422817,82233.43187492625,48201.61376468411,73395.22119999609,50890.39886295493,17811.1809216134,24771.39183212881,34839.57465533608,144009.0719604689,123423.322365421,52725.40564619876,61225.11414795906,37764.75683007918,150560.4913783211,70691.52686577817,48736.52984112216,37416.48887355503,198754.7865236642,46395.89938748123,9718.401081051783,27880.56304118772,72937.70492139734,35940.16810577473,50702.30555067637,2146.008238210416,46543.55002891629,28892.92525229408,17338.49235124929,23190.41482066595,60853.23883056709
2753,21190.99592921271,17999.63435976609,82834.89620808726,52567.31748522857,76306.01246957711,51178.41726300389,18431.4210622479,26873.23327672606,34578.55726692368,146081.2591664905,113715.9777167698,53863.54834544097,62657.95635453729,39600.05847975092,149842.8909901801,69163.04503531326,48259.00439089093,39859.46886491114,198596.8628738596,47222.19701636829,9717.850021175676,27727.00469502643,72953.07881493778,37178.57836834396,51212.30046163769,2234.032462881505,45084.87577362198,30201.40641007976,17387.39520187963,23240.6762356166,61268.28541813179
2754,21423.37966928047,17839.86154980355,83226.57821543555,56561.10872297599,78660.27310545993,50889.73123339225,18329.52555677094,27152.45220323774,33167.01659293034,146659.6335414052,112886.8279172331,53546.21823379814,60604.67653676023,40533.891026106,146986.2245969862,69164.34859624844,45411.49615507123,40521.33270141844,181982.5586975913,47206.54140649197,9557.54378502646,26906.33067626071,70297.08987133509,36651.87609960498,49217.35466315561,2347.591234726023,44292.90071648972,29235.85329242848,17592.78717543877,23471.91231344717,61245.30606521357
2755,21423.3993482287,17539.47696866606,81681.01738298516,56109.12562657944,79770.9978494444,50055.31703124063,17199.09363258328,26314.76486289428,32758.25343714844,140582.447876162,117319.2002280967,54281.45278228073,60186.82180299302,39619.42106410797,146270.3578527119,68200.88007143902,43368.95521273929,40827.39855188395,182114.7899506514,45368.47964555785,8906.930492231288,25873.46784809103,67480.00596475795,37138.0638335522,48190.41191527114,2420.843612409156,44426.56033894447,29029.29550718821,17534.10375377059,22958.81119491542,61391.11756093498
2756,21399.1027443075,17531.87530047519,78904.27303434719,55510.71474657134,78097.39319116932,48895.64928154326,17813.92543690598,25430.34268034115,31910.29815616307,142196.9158540877,117319.1974550219,57389.26953861181,61245.32504102147,36754.8446423498,147699.5680614845,71041.7380675896,46061.0709162334,40087.70686511007,184768.1476739332,47258.99161338848,9797.613492790742,25136.85334864565,67492.93460187901,37138.42303958326,49202.88647679161,2585.698145720783,45166.04128903055,28264.63507908527,17534.10375377059,23188.75912518106,61390.13024200522
2757,21189.3873963859,17479.20871446096,77210.83856204561,54741.43032973765,77801.4669436786,50045.38642293879,17768.07603798854,24090.80171140288,31334.01921379387,138072.7849930329,114873.0961615866,54941.30091940592,62413.77667834127,35392.67871733199,147637.3380383282,72466.73788879643,49552.9954652279,38498.51389397634,184768.2793019938,48149.66914448228,10115.59175408421,26672.04859434837,68418.4896940534,35156.09513072565,47341.04453195409,2594.240162016139,44287.83639992005,27977.27422128677,17211.34493915455,22767.17899107306,61283.86711581918
2758,20017.72350033313,16891.9483499255,75215.85217019914,52652.18202795934,76375.9759793879,51740.35612032078,16059.99183478647,21946.70955949432,30685.11320173166,137159.1380015303,110298.013483409,52923.4117742505,62861.50415322835,32582.81194260908,145561.4664309151,71744.17634747887,47889.28805259861,35829.72794297319,179214.612558214,48149.66639963719,10359.62434884428,26824.24291328669,64748.22131405579,31626.30076070391,43660.03333282294,2431.519069128303,42285.51054288822,27980.90618027376,16976.61125476133,22574.57600165773,61426.8090827279
2759,18177.63226254284,16019.53556353729,69510.95794133781,49198.4597159311,73574.42912644698,49883.01829424704,14360.73440523425,20763.49534039513,28958.43384702263,140489.3812855571,108655.9001833098,51243.47889746214,59996.71626213209,29800.30233897928,140585.1601556032,68788.26612353214,46400.42514156317,32944.40546952966,173652.0457923537,45368.82857277677,10288.10379330166,25361.19460646151,59266.09554334022,29307.11377586573,41729.03158938711,2175.892651640995,40151.91553281371,26429.47239005696,16606.70399055857,22391.00863175681,61734.31816927264
2760,16683.27107188507,14973.20012325179,65813.34761507965,47647.15443105345,71046.7216522029,46627.94214231882,13022.57947866291,19324.6066245076,24543.07735216088,124745.4002416254,98863.9783671226,46964.2909431878,53174.6385574459,27553.42672741114,137068.2106824583,64769.1684207247,42938.05417802475,29533.19927205371,160544.088034228,40306.89354757321,9504.082115679208,23915.1827358588,56086.48861974022,24363.68828665703,38876.49783495812,1891.162001829891,36346.5311565556,25485.45776988433,17143.60202947573,22053.71217354644,62002.31247887305
2761,15873.81958863258,14437.15177962777,63884.31805921517,47420.08503963849,70863.72663253479,45021.77105773622,12415.43837839554,18636.3128256303,24553.36184596633,124527.0794755015,92994.55564490156,44823.75431538514,50857.61907731713,26761.52141139902,135263.1908552293,63764.6707894982,41829.25399529478,28291.85063877918,155364.952689038,36863.49551757103,8926.575379522512,22514.91809351825,52571.58404989452,23078.2966571596,37638.12532258836,1801.247668260303,35376.67693845463,25123.52791287044,16883.70091607585,21939.78863269005,61257.84690260056
2762,15294.65847410746,14176.78250308375,62727.20016874242,46962.20391303085,70900.7560405425,44204.8756770455,12301.76084643539,18085.58756966786,23744.61996918533,122965.9855299759,90213.69479658236,44039.10212501742,48923.66326089157,25841.3432883167,133365.5422230401,61427.40679487051,41673.65443335903,27145.42848174186,149179.9079568998,35172.65777961492,8511.17319795527,21334.73885598756,50012.63331143449,22827.48906337675,37388.88885356749,1752.44807405543,34227.84781218475,25124.34477792787,17239.86170044059,21559.15962328375,60559.7856621993
2763,14948.52303118508,13979.94368569796,61592.75706156913,46441.6313456478,70601.34199010875,43910.91750888812,11876.72276946068,17811.29202821351,23209.51840655669,121292.8918957064,87760.58165475915,42733.37977511167,46223.83709238765,25514.97853065471,130667.6889076718,58740.35734619519,41533.15258678929,26592.68691053006,145068.2008371293,33464.83723998136,7734.549135759816,20532.05476730247,48318.6717946418,22309.43184668734,36897.78023933226,1670.354388480911,33888.01503650316,25189.92870007658,17287.99153592302,21640.9290441464,60060.70069377097
2764,14948.52670619096,13888.10441070835,59606.19709862732,45868.98274618106,70359.22478596529,43910.91752301838,11990.55763257149,17540.46730787875,22758.68260952347,120291.9711204035,88225.411656533,42524.51863494691,45423.0987577889,25515.15426960976,129475.3247199288,58356.19208970232,40032.01839153135,26292.30325322219,135073.7644263041,32037.07422127048,7535.376397857519,19755.88272041929,47038.0187742243,22570.45836714478,36892.74986461562,1621.740001630557,33881.19340859789,25052.27163939899,17076.220260249,21537.64208966864,59876.0933469221
2765,15171.61633074591,13926.23424350189,60424.79364882995,45869.02799260373,71046.02871787747,44218.36816353916,13227.5861786224,19087.40045277954,22950.8130416177,121527.2875001524,92274.41868253126,44619.97448317134,45065.36612532421,28321.71719503427,131357.6596696738,57585.56150394007,39503.00512082998,25910.42022010644,133347.9365388369,31741.90094156688,7464.952405134943,18931.26778002488,47039.09171730535,23899.15483700955,39016.45067791551,1619.338717543081,34734.62042336968,25409.20120086342,17268.73960217874,22060.47881628445,59911.28458816653
2766,16128.08774939306,14351.94890878826,65653.1464008831,47042.17787459707,73610.53104029497,45097.60031108867,14880.04279188619,23551.09635467326,23317.65025914403,126008.4107721791,96394.25390516767,49859.53645067711,46480.45952353797,31189.7861240257,133513.8577706528,57586.69121145802,38784.94264512357,26938.17340726044,132031.5784628334,32880.75243559488,7566.345034072298,18583.53102930239,49144.9158901163,27595.39101673046,43622.66463817974,1619.362593838322,35820.00227050384,26661.92248756358,17759.66392724032,21999.59628377213,59877.96328092812
2767,17497.35713897123,15038.32147881453,69066.29895435217,50314.40219215015,75248.78830707322,44514.69195140131,15597.43917174858,24109.53560248382,24523.98837145034,133176.6529415404,109894.9952016919,48746.45509069808,46996.14839529809,33615.49437069774,132780.459752476,58355.52437932842,39893.30792844009,29858.99245729887,135840.8230709652,35165.42405361593,7535.80937977601,18357.88741726808,50904.77125709943,30103.33019324169,45833.51474511225,1775.010784431525,37328.255910682,27428.345651571,18452.73355998207,22179.59388913003,60185.70180686196
2768,19224.41505469732,15932.93794087097,70170.66851633304,49676.60400609111,73988.73321241996,45148.16973027947,16013.93471366619,23307.11709074548,26841.11380740374,136541.3612194504,123389.111088352,48246.02198137488,49604.06888535696,35929.31440386164,137146.563053372,58357.41391101242,40960.92382335664,34305.2118890382,152603.0978923599,35739.64728384779,7746.038878811393,19573.49965855929,55698.43628512725,33047.18661459409,49765.11510313884,2032.658553549624,39695.54624865818,26601.02661126644,18394.9777587492,21401.52399552674,60958.25466951255
2769,20491.99953043251,17045.49501063313,74854.70501457348,49717.11978879663,74693.26689085976,47553.18588964832,17230.90225546472,23589.69656553601,30889.98114022107,139343.7996090956,129368.3185914267,48848.25368055985,55350.99145948788,37428.73516244943,140661.6442636747,63722.9779379094,43472.3899613014,37223.39906436492,185947.8073861228,41780.27845873132,8691.501500841194,22251.63526946574,62960.76314059054,34324.75261370649,51745.23488407586,2290.716610340703,41559.99376958069,27872.61196580128,17875.17553194946,20922.91825488427,61208.77472924018
2770,20955.95912713861,17595.16107803928,75578.08390053817,47650.47125920004,74548.50255884802,49951.78587018043,18067.83731535681,23878.77984091788,32773.80699033068,142818.148767952,127821.1345243358,46736.95972411829,59008.81710454489,38678.63667791976,144114.1724282716,66402.20507583504,45463.21964104747,38139.2867324115,194446.1739992179,44579.32776389161,9293.103204286797,24076.58875883895,67236.51263675671,35067.43344404447,53265.46518807227,2338.197907796193,42795.42638796588,28206.12794699655,17461.25894635186,21167.68726704424,61390.25492599148
2771,21424.89807993724,18028.81492105842,79316.43056455936,47655.60158899357,75410.79598427138,51156.31650932084,18711.1756869048,25084.33716745177,33599.67516119488,143830.9509454929,121727.608812823,49625.6208327582,61670.05045673019,36918.12397933612,147086.605958948,71411.05214970025,46816.72602781051,39275.48366368261,202062.7583236895,45395.00130449809,9574.391676509089,25869.33334278913,72416.01425222876,33919.63220626214,50265.5885090425,2400.881273993874,42915.34152585428,28885.78488726523,17210.98380094585,21163.18904667902,61788.44919659452
2772,21431.93835621263,17727.96122462509,75810.1910193808,48403.48041112957,73935.06627830188,51148.92609702145,16831.28905691169,23380.58301556291,33852.86413132591,136335.3586718233,129536.3018754564,43775.5140131591,59777.82673643396,34283.7340737102,145655.6228369274,73747.33058366712,46873.65039263796,38848.29457518881,189991.6512713534,44072.82642648141,9574.396971565442,26950.6262774661,69382.09539627888,32145.44754748862,45823.28053367322,2307.049097714209,43785.01819831966,27782.92274458449,17210.98380094585,21514.57280910209,61888.20024593582
2773,20728.56063307123,17461.24431183129,75110.12640164742,45854.87578449085,72173.7814207688,50554.18935694806,16808.8680992886,22763.59720523811,34103.97515849559,128728.6403419272,132566.3950784309,45269.65237604116,59452.1352881483,34614.90696006406,146371.1331778563,74773.40541928334,48139.43783391723,37530.95629660887,182526.4965432187,43157.07848104246,9870.340049193108,27949.00311651782,69910.48553174511,32009.75208674638,46319.45505977255,2162.79791556836,44090.477965105,27727.04590066134,17461.25894635186,21759.74352302353,61976.87809826755
2774,20270.72799372385,17653.55457673981,77743.10273953264,45276.25854640781,71681.39786697003,50543.28229262649,17245.58946498721,23039.07044202567,34333.43287720778,136231.4837654922,130568.4876441333,47399.00781121472,60511.62319774086,35550.41912544385,149223.7831949976,73812.43101213062,48145.13137687933,37024.43041510403,195492.167539948,44580.03476471777,9891.670849525213,28211.63032223893,70698.6278360938,33035.29330525805,46821.07867484157,2120.529882051689,45063.63832422665,27693.4310405928,17538.26668357243,22000.03696835266,61860.49019598162
2775,20268.52242845208,17630.68058268293,81346.8093099447,46459.21207785215,72154.06661690016,50881.61257144711,17245.57240375333,23315.12261042876,34238.5718863889,141609.1287269802,129410.761709637,50171.93684986765,60511.60877459923,36194.25059374766,150664.8981796039,73008.2369531173,48151.45845635224,36654.28475127698,196824.3571125041,44581.88986216595,9785.34141140573,27867.62481393035,71596.75360209074,33797.69954470757,48318.29397159546,2112.019233543089,45516.46527343938,28002.93468732802,17403.50314287559,22359.38233167303,61859.07794575632
2776,20738.66997627259,17717.65533798673,82897.73814214554,48245.22145702094,73848.00626637302,51450.1511236916,17654.95045914279,24823.04742143439,34234.54259081312,143181.8419849885,123040.3506153061,52679.46699892162,60711.23745806957,37501.9593394495,150667.0085232819,71817.59452388107,48097.69234241847,37125.45559581759,196972.318499525,45244.40411496521,9504.562804198675,27673.32821982579,71582.22285963345,35568.28648841954,50767.39776210443,2119.451525938102,46390.27857597131,28734.11853341102,17259.11363642828,23251.74320982311,61895.56083815373
2777,21192.48175623064,17813.54843331068,83468.67526381926,52989.51374813446,76909.26003323936,51760.09493015007,18277.18332479715,26891.13527868367,33978.54008179301,145202.9034509792,113412.6472375656,53815.97291963522,62056.22348759445,39326.2799633726,149948.4930308884,70156.06518304333,47632.26040691834,39560.33651708931,196824.3458113913,46006.49978016267,9504.080688618023,27523.25624468015,71596.75452549319,36785.21721652796,51267.7558817589,2209.734381743844,44941.35809860119,30133.7035125679,17307.24347191073,23315.16438840406,62360.93704659968
2778,21424.90413792046,17653.38611229432,83840.47752300129,57329.64175370565,79385.2153911853,51449.43267081516,18174.96044656588,27165.87021309908,32594.11908086238,145767.0079675307,112590.2999722132,53499.09916475116,60128.8426099677,40254.52517794588,147088.1837361467,70157.48221313032,44856.866406644,40220.0061147501,181256.9291927899,45992.06058536696,9363.830713120606,26721.21471437103,69086.2685673175,36267.65030452327,49310.50629536685,2326.206980761041,44154.67877408425,29100.92315344544,17509.38878183431,23606.94416819857,62335.17115801264
2779,21424.92382014095,17352.26922185602,82373.36134603184,56838.46322735334,80553.35490775177,50551.49867099446,17040.89663880439,26341.63533982218,32193.20941690616,139839.7607892818,116986.308089081,54233.27636240842,59736.60906414697,39345.52669699887,146371.4040984113,69110.14806035369,42866.05359516466,40525.05728282687,181380.828393415,44296.8131933832,8794.617059523971,25711.80188496224,66423.51290807438,36745.40538371835,48302.9685115962,2401.338955811155,44287.44464917204,28879.983652842,17451.63297835801,22959.49964837242,62498.66413219859
2780,21400.62317609122,17344.64902151448,79737.55014555213,56188.15887628609,78793.23949929548,49303.55119087761,17657.70379209152,25471.41614173682,31361.545745802,141414.3960388288,116986.305338757,57336.62372510291,60730.20909967004,36498.08968523997,147802.4368763483,72198.29004521591,45489.9904384486,39787.81785306417,183866.9948123202,46040.43549764693,9573.864779420279,24991.9113963227,66435.7332759449,36745.75835952134,49296.31149779468,2570.423524468355,45021.98088117588,28062.08326279002,17451.63297835801,23249.65400960607,62497.55708842605
2781,21190.87295593113,17291.85403932682,78130.06562809543,55352.16304100234,78482.01644826028,50540.81209493893,17611.70708693189,24153.38693488576,30796.33874545889,137392.0172017428,114560.2724185832,54892.17556293392,61827.01593656772,35144.07390769204,147740.1274957115,73747.32973049862,48893.4806622092,38203.89344135229,183867.1181463362,46861.90885277396,9852.060091258352,26492.25174587888,67310.5837033228,34797.81282128679,47469.65065355858,2579.184722063288,44149.6483212912,27754.71472501678,17133.97606372527,22717.69308097499,62378.40822118144
2782,20019.01423130125,16703.16198936557,76236.33440324847,53081.73764183844,76982.84004572245,52364.81139411256,15898.13510261926,22043.72687675742,30159.90004604293,136500.9120338901,110022.7247628241,52877.18837166185,62247.29054600692,32351.0192027501,145661.6086782815,72961.8724371693,47271.90727634887,35543.95516185441,178663.3947135617,46861.90632119883,10065.56123917262,26640.99066251872,63841.38355739824,31329.2407635327,43858.19531853844,2412.288336203157,42160.71150000233,27758.59956142643,16902.95285206356,22474.66155074579,62538.68370008158
2783,18178.61701637986,15828.62234281964,70820.99103058234,49328.51268901025,74036.47767812732,50366.08368923388,14193.41825086387,20879.51395987269,28466.39506628917,139748.9903707134,108394.0837350027,51199.67142924087,59558.16003785544,29585.15798474605,140678.9564768667,69748.66344241411,45820.75038818309,32668.19823090866,173451.3320599463,44297.1350095324,10002.98877534733,25211.1592360444,58659.58496539556,29050.27878188415,41963.68150942253,2150.102749492453,40041.38328858619,26099.14622041048,16538.89277089531,22243.03140345368,62883.48213246616
2784,16683.60448171006,15023.76463127796,66551.43954142046,47667.48266667812,71460.93556458915,46239.9098075617,12916.67559265439,19368.9032728517,24262.02751435429,123693.3954307461,98155.06203372609,47341.09496571463,52860.35668610518,27158.09510086591,137658.731586844,64721.00482376587,42648.52084271299,29903.37640398043,154545.0406409524,39420.1703968379,9439.400393073705,24244.87403171717,56714.28824425926,23929.74482028446,39173.72951478732,1887.421902305414,36137.55944534856,25073.22299749849,17068.53507348654,22155.33587875669,63411.72135199951
2785,15874.14193706337,14498.21773432797,64641.00921948408,47447.36264699884,71277.14448036917,44594.34170410758,12311.77292444674,18656.29954147471,24271.25047173728,123486.4339370604,92464.06374723886,45299.00944275314,50632.44371065258,26367.55839869427,135853.348193384,63717.44808230546,41462.97717634623,28759.09026596082,149789.3339071632,36085.19800224385,8872.629943860711,22743.89590522729,53265.12495434187,22640.85748247604,37932.69276721455,1796.950740033025,35189.22465405499,24717.08948482541,16811.53218628902,22059.46772955634,62562.56413101602
2786,15294.97290813012,14242.94921801523,63495.04797835455,47003.49479686013,71314.33497363013,43757.40907891775,12198.51450335207,18086.1231531322,23545.98464878966,122006.5640168247,89767.73821886483,44550.44627513525,48772.86277302186,25448.97057749462,133955.3173377143,61382.37334896081,41296.6080883757,27702.30819245427,144109.9575400763,34447.60132283297,8464.950402981664,21478.83273980297,50754.03574198504,22389.36780070544,37682.92009073758,1747.848935783775,34065.88610547769,24717.89326770392,17163.72132734682,21739.16344135185,61766.33692875456
2787,14948.83273516441,14049.96656839628,62371.54289577716,46498.85415347434,71013.61841282016,43456.24054842136,11775.043473737,17802.1397340468,23066.11475912204,120420.5217736978,87389.19720258717,43304.77886953383,46176.86485247699,25123.16986115849,131256.9206220204,58697.84079753689,41146.38167525998,27192.78612839368,140334.4097056252,32793.55659580067,7702.764369396234,20618.41591346366,49091.75736083669,21869.90169284513,37190.75490519962,1665.246853843163,33733.59364503787,24782.4268565114,17211.31445427697,21807.97347815688,61197.0673502373
2788,14948.83641022051,13959.92646928391,60404.13686095994,45943.73124501688,70770.44795092137,43456.24056289819,11888.45864592756,17521.74972243481,22661.81296056669,119471.6791033668,87839.89684866763,43105.52401675543,45406.9208183872,25123.34529639191,130064.3162688525,58314.0353797803,39541.34934817925,26915.88981906406,131157.0846558884,31410.75094512194,7507.294403308717,19786.41799711465,47835.05712975757,22131.63809234336,37185.71370813248,1616.331403915405,33726.9233775326,24646.97438799212,17001.90469622801,21721.05615546934,60986.49930435369
2789,15171.92908336126,13997.30932018573,61214.84070226967,45943.77510669006,71460.23961586229,43771.23251629838,13120.9264657238,19123.31918745852,22834.11223175169,120642.7217287031,91765.8182105237,45104.60218999685,45062.94564664351,27925.05776711397,131947.0303576038,57544.12662591585,38975.72143588955,26563.86666503159,129572.3546268866,31124.872074641,7438.179645866443,18902.49295117486,47836.11000496763,23463.94804092226,39313.98345235664,1613.915248963067,34561.4142884683,24998.18768536955,17192.27720394859,22161.03009709572,61026.63936934863
2790,16128.41357247353,14414.68402899424,66392.7829483778,47081.02118597001,74035.8980309213,44672.03093772861,14767.29073594111,23744.66890847905,23163.08554708937,124890.6912747693,95760.41466442525,50103.17754793725,46423.61825660468,30788.16994338215,134103.6627589737,57545.25527526288,38207.95963950046,27511.25863360656,128363.6175406966,32227.8634398661,7537.687309157348,18529.74537130406,49902.54773821142,27170.23638158489,43930.10722349197,1613.939273121348,35622.71334585784,26230.84651024165,17677.72710174182,22109.79664993712,60988.63220077565
2791,17497.70167352337,15087.61022794523,69773.02671484493,50253.10033184927,75681.2820410365,44074.82469167818,15482.042190175,24322.83174008712,24244.90884435374,131685.9683929776,108850.7472611803,49041.29086888299,46919.47508411275,33209.68594912302,133370.1170201188,58313.36829483531,39393.03830572274,30203.69544066711,131861.431176783,34440.5953722265,7507.719335765917,18287.87243114353,51629.48751900577,29684.99606604223,46145.71375437987,1770.551374323909,37097.50138552507,26984.99532748472,18363.06813131065,22261.26698834513,61339.64694181981
2792,19224.78319000728,15964.70072022348,70866.74821403997,49634.82171493879,74415.74545734483,44723.84075053706,15897.00217969244,23492.07251121795,26322.86713293489,134875.6102368392,121934.6558537416,48563.87450773032,49427.10177805307,35519.50711265215,137737.0997394552,58315.25605663857,40534.54719257593,34302.25979717019,147253.2790294879,34996.73747501928,7714.040509435784,19590.91710520005,56333.49387544573,32636.85850137696,50085.77255925777,2029.794725229268,39412.2655497638,26170.92588774331,18305.9563803255,21606.51099948166,62220.84126808521
2793,20492.38498765968,17055.46225814806,75505.62237130247,49674.09752763599,75123.34399671956,47187.84842577027,17109.48295694806,23784.63244488978,29953.82180765724,137532.237205406,127732.1015762525,49138.40736944384,54953.01275188575,37016.33649072837,141252.8889557355,63675.79428344915,43219.83965510445,36992.27051886773,177871.8377089799,40847.16139889776,8641.92626635019,22461.67656751498,63459.9892586034,33917.89892647629,52070.15237081871,2289.450904670047,41235.34412964968,27422.14667043978,17791.95060593049,21203.75801087952,62506.59110595427
2794,20956.35092451108,17594.36010107584,76222.02661394064,47670.69798456995,74977.94991121344,49645.28254271871,17943.33237123135,24083.92588767807,31643.20447064972,140825.8152935955,126231.9503192371,47124.21954048271,58470.16799656789,38264.07785841498,144706.1125269054,66352.51185110165,45348.46080289934,37836.5438635479,185675.4065741266,43558.07430599824,9232.343739189242,24417.88911947368,67655.76695498245,34662.59952689172,53593.65329900305,2337.226248115979,42443.36458514418,27750.32135847365,17382.64971388756,21409.73433500862,62713.59224133032
2795,21425.29628549936,18019.51845528016,79924.32904841792,47675.67130258554,75843.99448369324,50879.35855020563,18584.29885717401,25332.0624402349,32383.82885994464,141785.9211744669,120323.6615446705,49880.02056443022,61029.05727949759,36506.60777363497,147679.144763723,71356.66725342393,46795.64754511559,38883.9002335987,192669.2846920257,44348.06393752553,9508.402845998695,26339.57615314367,72738.39337545965,33511.67676705009,50587.32268388125,2400.297804895755,42560.61900868527,28419.09352208443,17135.16545296344,21405.9490237563,63167.78320866812
2796,21432.33665798218,17724.5586284714,76451.8958123809,48400.66157987691,74361.84506144209,50871.78686194155,16711.34306829736,23568.13318798032,32610.88437920903,134680.3260423171,127894.9783405982,44298.98154416119,59209.60353080799,33876.77076393378,146247.8734137657,73690.75734925958,46856.5118209647,38490.1135574195,181585.0705777142,43067.52167067394,9508.408042615954,27498.64065724007,69761.21964724369,31732.66709470518,46135.45752505355,2305.884537182449,43410.99902485951,27333.89383143838,17135.16545296344,21701.64305423781,63281.5619064999
2797,20728.94932297591,17463.06682917732,75758.58104746879,45930.05602148487,72592.89826620396,50262.4621026981,16689.00477315641,22929.35598068708,32836.07643491949,127469.3867645214,130832.9598154609,45724.39902149489,58896.43732316381,34207.37129929227,146963.5278724456,74715.87108424005,48209.90831868209,37275.77949295507,174730.2416838642,42180.60877479734,9798.849314634277,28568.82535811629,70279.72699837925,31596.60260110241,46632.69952126062,2160.740024736047,43709.68115540712,27278.911860988,17382.64971388756,21907.95741565152,63382.71022154461
2798,20271.11042720998,17651.60964285532,78366.17086772047,45369.14714230942,72098.37274649894,50251.28750410013,17124.11601707984,23214.55869027055,33041.85017555458,134581.8557678103,128895.7867196977,47755.81761575229,59915.18010084001,35141.26666166345,149816.7524689902,73755.79679965308,48215.99592932924,36808.8594600025,186635.8832161918,43558.75904479916,9819.783559257565,28850.34192240637,71053.12822432189,32624.93284739251,47135.40232961003,2118.210230348352,44661.2487300369,27245.83534640315,17458.79871741948,22110.16749177367,63249.95508710831
2799,20268.90483179846,17629.18376142049,81935.13137563311,46515.89683410467,72573.09769903687,50597.91652799677,17124.09901874798,23500.36077882578,32956.7804684612,139679.700803353,127773.2544671651,50401.20951070228,59915.16623237466,35783.98542540441,151258.1577222878,72952.356010669,48222.76092550483,36467.6559166852,187859.1574692528,43560.55572898294,9715.43086580051,28481.59395309377,71934.45582803032,33389.41250148581,48635.83873605447,2109.646876412475,45104.02821416865,27550.38226001327,17325.53796068404,22412.56131350955,63248.34423696985
2800,20739.05880432445,17714.45463914369,83471.10652914694,48247.2460804309,74274.40632123135,51180.40049632244,17531.96776277091,25061.5441698593,32953.16706540205,141170.5854809559,121596.4973416642,52793.40918122553,60107.11771918376,37089.43411772292,151260.2684910305,71762.82882873822,48165.27349284374,36901.98536418669,187995.0220330647,44202.20874872088,9439.872145230089,28273.3226528095,71920.19686239892,35164.81467454303,51090.21152960516,2117.12519610446,45958.4530755759,28269.85612067726,17182.7585798936,23163.4946602432,63289.95759359636
2801,21192.87678575488,17808.46914228669,84036.53881391863,52846.34112347808,77348.97714783427,51497.9467693608,18151.90655544209,27202.67507398075,32723.58841279143,143086.4907210215,112261.4662800757,53877.64303983135,61400.37910635788,38910.60185151526,150541.6082755899,70102.85580411683,47667.62757624724,39146.48011067057,187859.1470920809,44940.30756370797,9439.39899254267,28112.45680982405,71934.45673416174,36385.05492697276,51591.64611995263,2207.967162827084,44541.68169606047,29647.02660068132,17230.35170682374,23216.86441126178,63820.77806464414
2802,21425.30234356535,17651.44447870989,84404.75624612252,57053.64117410959,79835.70340160212,51179.66442085161,18050.0605566014,27487.11340500069,31482.06344002451,143621.244768532,111464.1175288433,53575.34346735472,59547.12025258893,39837.24282221949,147680.7228587169,70104.27150690448,44700.13998926262,39754.56937426853,173564.469871579,44926.32302993511,9301.756370148702,27252.72875761946,69470.92583745444,35866.08045721342,49630.18570588384,2325.161062705311,43772.45745688406,28630.7863265336,17430.24284081771,23462.40091102913,63791.38880737551
2803,21425.32202605481,17356.22661399417,82951.78564659756,56577.49497838938,81008.92455625135,50259.70541816797,16920.17786058472,26633.76727986307,31122.53454000733,138002.3934277564,115726.4915040153,54275.75317170221,59169.97098231468,38929.81532188957,146963.7988475693,69057.91836787574,42571.53687723925,40035.76823626442,173678.2394920759,43284.45554757792,8743.124828819637,26170.7143071165,66857.97322739706,36345.1348232271,48620.48030485342,2400.758321081734,43902.27748147376,28413.38519503447,17373.13108761417,22917.56788214815,63977.87323867073
2804,21401.02104992958,17348.75569706801,80341.38829680726,55947.09294285978,79241.15229742492,48981.14761833061,17534.71094462175,25732.81270394934,30376.71284564936,139495.1000952997,115726.4888372983,57236.36624403479,60125.35976110429,36087.29940565239,148395.1198634447,72143.1677613577,45377.08448983308,39356.17441607098,175961.1453425066,44973.17471412579,9507.88574432521,25399.04597797128,66869.96503070515,36345.48875897141,49615.96036961755,2570.890010228975,44620.51559527901,27608.58356488128,17373.13108761417,23161.73657094393,63976.61051512331
2805,21191.26796347057,17296.99499415141,78749.40275420298,55136.68243985114,78928.57536452381,50248.75671608953,17488.88382195196,24368.23186303815,29869.84491657511,135682.0064209198,113374.2048316839,54904.34718920577,61179.98627781945,34735.62371181889,148332.7979324821,73690.75649689024,49016.1407789346,37896.09889867844,175961.25859315,45768.78153575179,9780.909194941092,27007.29771759235,67728.4526278272,34392.24565285855,47785.36964638577,2579.705464871676,43767.53862134098,27306.13756624077,17059.01644943153,22714.08449402119,63840.70615068061
2806,20019.39322504427,16719.83570656808,76873.93042535929,52935.74254024549,77422.87724793397,52117.49604047028,15781.62950327694,22184.06046441233,29299.09762335354,134837.2656303658,108974.5939745522,52982.0366252079,61584.09822579959,31947.396115938,146253.8604607851,72906.03492329383,47282.33329306072,35444.14429089983,171182.9740107624,45768.77908389084,9990.441195063122,27166.73462236268,64324.13892572743,30914.24058193454,44166.14462466665,2411.775509675589,41822.73294837464,27309.96018659087,16830.56943883581,22509.57028365469,64023.52062134568
2807,18178.97086054993,15862.42871526077,71510.80047673495,49297.38359926601,74463.69762092711,50069.74247909102,14083.19766970273,20978.72856974383,27780.39144766276,137916.3458119343,107395.4619649349,51381.67481959985,58998.38463850469,29186.31500973182,141270.204655945,69695.8356673028,45730.73735678157,32793.24614336275,166397.0319940605,43284.76723038783,9929.032000658506,25634.06313240886,59239.25849039153,28629.08081110107,42267.55495765469,2147.966239016562,39750.42904996888,25677.08316359798,16470.56908812686,22314.65048610479,64416.80687658019
2808,16999.6140121091,15205.69141024042,66407.60398822221,48882.67403852027,72444.66565823685,45698.01555334814,13140.09988226794,19076.6076475394,24725.57189877024,143530.6118374105,129285.1885452931,50209.32171038179,50146.23647406589,26577.98534353944,139017.8506899222,59243.2799113396,42211.23527918543,31050.36863651878,177495.3386680766,36934.58039448017,9008.00743248665,22529.20939260624,56182.73501256764,23762.31422598621,40383.46735908517,2025.100341281364,35744.97603427325,26180.92818831822,17814.01490888461,22099.30886013623,63548.6071366519
2809,15928.10351204261,14479.03258335448,65054.14973071871,47962.9535528447,71603.03736239816,43506.21056614421,12594.37864783937,18180.25888118792,24246.6962428064,142821.5156262707,122067.8956612712,49783.42520101161,47195.06432250612,25194.64214263884,136307.0583817393,58918.32451497401,40202.10278524274,28826.98468702875,168099.0795148269,35122.35844241787,8458.94408745702,21171.61887728451,53276.90157235503,22486.1883910219,38620.9078593257,1866.974882963432,34768.22959951538,24744.51247061579,17663.69010193343,22450.92624876142,62664.0259205701
2810,15502.48579600469,14268.22444833801,62430.04516559355,46594.34582417442,71438.53883799906,43021.13598017867,11923.26391063341,17845.8939342009,23121.04889015667,138901.8368109588,116676.2780475812,48950.62218998343,45922.95812373643,24990.50803856484,134489.0213555814,59223.46589867318,39236.40987351249,28510.09859890134,158050.7281404114,32828.5608676,8038.077205302821,20247.40204407426,51347.59372731575,22080.89976537637,37752.67240170138,1787.17362536627,33896.56762076705,24647.59966936037,17427.41828337415,22327.7491239226,61416.70640353044
2811,15349.77320301184,14090.2334661951,60725.99559484302,46620.25705591321,71397.52439739091,43181.56287574534,12078.31655199486,17522.51803940492,22379.04591766728,136433.3350923891,112379.8313992563,48264.35203631118,44324.25173532505,24796.07152984764,132946.314021927,58709.34100254551,38305.76103268195,27753.8878161116,147536.0688037947,31490.26921944601,7694.040945480476,19588.81007832019,49377.40063046654,21469.23152542161,37051.07287417706,1709.633270815914,33905.46797362799,24559.56565002641,17473.39696833824,22450.89453774593,61058.65300413501
2812,14916.00701619882,13882.97394404559,59857.33550401305,46365.69690706061,72293.40294236963,43173.18279921366,12222.88848755641,17828.56398683475,22365.18286324811,135411.9988209643,108786.4883918089,48261.16556344983,43887.03514709311,25783.89130102284,130789.5553938623,58545.32156695706,38211.35345239416,27483.85663456353,142311.8294835873,30823.69997605019,7449.670180954789,19121.57948935886,48410.61707425775,21475.16547556419,36559.38192169344,1635.124933103444,33471.20127631902,24222.16469930264,17445.01375162023,22568.15481132734,61054.65234250962
2813,15328.35198969675,13984.44414453663,59796.17852834716,46365.81786440501,73449.32051056613,44025.48930771228,12684.86420064606,19054.06831168204,23337.45085219163,135323.3710807979,106362.9548172955,48262.23943615401,43745.47690742077,27897.68487413106,133301.2531500331,58367.57456883389,38672.92734164833,26626.45250588753,135875.3200593964,30266.94535218482,7313.166195151273,18640.56879731281,48385.50744016079,22081.70408219971,37583.73719426213,1622.028858085094,33917.14545221586,25081.47560084086,17847.98519032815,22744.10298626226,60804.95576043178
2814,16206.69668789266,14292.86747496485,61794.59212732168,46454.70096482649,75199.90767451466,46063.09841354664,14590.90287223068,22863.1141063456,24886.13947307446,136687.7033927496,108784.2371639002,50177.81023179358,45198.60233179759,29748.75936031902,138157.1730717312,59587.40272377755,38633.7976990647,27470.54358545499,131891.3143671049,31585.99659351628,7486.449542306324,19964.59215552021,51733.63764351991,25903.52382478217,40351.49779142377,1635.751855210365,35708.76625647282,26447.71499525245,18104.94075780028,22802.62987161268,61011.13539209183
2815,17254.10122677083,15234.20629781269,72046.21410027803,47441.20422795079,76613.21357211882,45183.3604740341,15588.47731196027,23988.30762448636,25531.33385656761,132973.5844743707,101787.9262470285,53709.9223285064,48925.95518849731,31038.11785529285,140632.3171443513,60830.52252980725,41187.75268513213,32850.31887661089,127237.1727548574,34395.10352207436,7740.72223748116,21553.56032783001,52304.93952551392,29249.90448351238,44825.62168595054,1803.562175968021,38620.20540639861,27500.65829296699,18328.15228786022,22474.44413994196,60918.08365489517
2816,18510.2980644558,15653.47053262166,70274.73066516996,48883.55424639778,76279.15651130896,43275.31842356443,16001.3416560882,23270.51351693805,26667.1058546277,118908.1466694991,96732.99258705847,51087.56980880744,52908.53768607446,33117.63565391891,140815.2408646405,67174.8291453763,42901.71108795067,32127.45379482284,122807.7352849295,35665.37489238724,7989.269954404543,22909.26667537799,56819.67141653869,33138.45422216157,49300.57055304472,2024.519957584102,39446.29185683331,27264.16380975417,17659.51598191205,21988.5843481307,61522.19519876956
2817,19449.63577766895,16329.24802366979,70783.8951264033,51399.63464318461,77077.5383135295,44750.57671036652,16045.60332615996,23343.97653583881,28748.89925056022,118194.8159393407,100398.89985749,48237.97213103364,55971.84142580959,34914.58039956167,140815.2408516158,68690.41382456063,43781.71690096934,32424.57494334488,127444.5601914822,37945.72123278822,8627.63986762778,24360.6627687658,62881.0816975609,34335.20692234109,51975.32669038779,2260.484848112258,40007.94264526272,27863.65583137724,17121.44495224326,21474.76379391768,61670.79551457456
2818,20021.27233655693,16802.29923263783,71357.50457982092,49896.41668635153,77634.07609335582,46235.31385576335,16171.89143675691,24319.74131592956,30963.43334137295,120693.4050298865,106855.0805281949,47361.12898742029,57721.53914649345,36099.40804137382,139813.3436337417,67924.34498456861,44639.75473167053,32422.68915958878,139431.372984248,39488.182904183,9218.167835172439,26070.26713880031,67628.440401901,33106.93233180897,53043.6601958246,2399.72649749964,40183.36820525261,27234.73514805943,16692.53015149968,21219.57424689405,62382.44540702384
2819,20299.61465791504,16948.0247323853,74257.30717275303,48882.67378276305,79310.71358595119,45845.45943825784,16626.21539379716,25445.89867902497,31525.8633228825,121127.9261130669,106133.8450242924,47477.55367604112,59450.28812171463,34600.90021206822,138306.1137145978,68583.32212038561,45217.00590522916,34547.41274974394,150131.7638449612,41009.58321090905,9176.777380400325,27050.47898626082,74234.4979792332,31854.92035825166,51408.98940619711,2439.338252168839,40439.20262343497,27500.78073763986,16705.10862990809,21277.63108961461,62178.4008912491
2820,20028.84415837009,16560.33590127492,68920.90795459841,48883.05470558953,77943.86375384741,44833.22731924256,15800.5096855416,23996.16167558118,31150.69244369934,118653.8526589458,101793.4766237655,43493.21185785808,55947.44857870468,33325.05780147639,131242.0763497909,71651.85666263133,44533.7156027101,33102.585918627,155344.3597929413,41033.75633914558,8991.964600575211,27076.39444745833,69865.88744663793,30455.46727551411,46912.82200713654,2397.928312273042,40064.63498834487,27121.4540129146,17162.88311705307,21513.27990272552,62223.25373266923
2821,19749.61676475292,16028.71578141086,61042.98356655383,46810.48442629911,77024.59419182444,44361.58834741919,15921.57000021325,23022.32004713193,31117.70601466079,121256.6703492016,98120.19298825265,42521.28276942631,53639.3831467699,32490.38071599922,132253.932702268,70305.53464182427,45226.67680669644,31050.33700115111,157782.2895742172,39735.69662920529,9038.30193820322,25908.71938412094,67756.63019442816,30133.56912235606,46380.18842088005,2208.852607303483,39852.24739933402,26936.7449259145,17397.82277918368,21278.99091314327,61321.99612700609
2822,19337.01914662396,15882.18156457624,63272.21173910522,45929.99989602397,77340.51262437164,43892.93130950749,15233.95677966518,23165.64957533954,30708.1430557671,121482.9571023845,93835.15430586558,43065.62705264597,54149.50241356999,30060.70814593966,136303.6827015734,68102.85981276138,45255.75850953786,30638.24604789138,163161.7491622195,39990.36736645558,9177.094264829193,25699.2130117748,68828.12402581949,30267.11042250808,46350.72554361169,2186.455878671063,40274.8481548362,26781.18906038607,17484.85294277421,21278.86831632204,60873.50654356742
2823,19065.52429479023,15847.74551537298,65967.86963298237,45453.09672662768,77782.20577384607,44041.97420419893,15799.41750315243,23668.70457822504,30144.82602594242,122429.0377989653,93038.90337546196,44735.73843401075,54108.56216847123,29737.95673411582,140853.6103243627,67963.10028942845,46181.81146353231,30226.0396639691,160555.7950006023,41009.05392173935,9219.364051327117,24897.96491738376,69784.87902418112,30657.12185213343,47979.20398268729,2139.522472608825,41143.66584940239,26330.89840868482,17426.85796421248,21630.85212660967,61162.05937409573
2824,19750.28482097843,16291.33835186226,68985.32764534114,46366.74546161218,78138.18377273905,45509.39318012571,16775.36075818822,25047.95999456722,30224.83265871329,124825.849853444,98172.06056846217,47360.25427468313,55384.04778880435,32421.25912180202,141815.7259830111,66362.3450822174,46572.13504746649,31324.01164399388,163162.459024244,41270.62016145325,9259.587113945141,25968.67051801454,70757.88130370739,32682.10503745746,51176.89251532465,2186.988341909464,41946.98272679541,28230.14405980311,17407.2816587716,22269.12640559717,60089.99844051881
2825,20548.94873575508,16842.53446818956,74090.73625433074,49336.49952648711,80226.19614992285,47902.54590743316,17710.87626877264,27884.22432425849,31511.90799053023,128464.7131969792,103239.4129039385,49370.12878932386,58575.48176030084,36897.54066683819,146314.700793406,67731.00482149064,48099.47019976378,34358.62272824412,164355.8658343911,43801.25046324333,9560.443782187953,27282.04574715112,72699.94958932242,34539.10484241482,53571.94177059776,2262.079200747186,42989.88954423626,28725.38352719478,17658.14507720889,23096.030612292,60045.22988549779
2826,21138.46893135136,17533.2511932708,82428.14478474732,54024.56011336886,81543.5535360816,49683.05384416568,18591.99020842453,27225.29373023911,32569.8019496037,130661.5370900762,106853.4335222616,50804.45158497556,60916.77230469589,39039.11604215198,151840.2459451532,73773.03221467814,47704.05630679879,36047.63198911891,172284.5756971217,44572.35385080256,9684.117958649766,28018.36842344108,70876.96435992647,35974.43057596451,52278.69275361634,2336.328781183876,43736.79476413627,29069.13649214786,17182.38829088771,22981.75574860187,60541.82150735213
2827,21399.61487243659,17852.18477097512,82096.67137687023,57590.93007267462,81183.79204393107,50520.619363488,18194.36042942378,27196.77824335202,32488.80707433521,130260.0006813585,105461.0794673217,55249.92727303723,59877.56955165202,39676.430975561,146420.111821078,72452.04295128031,49286.75777104085,39291.39825400691,177498.4196042098,45339.91590307068,10027.27477279167,28672.95586093726,67868.77786740086,34973.5759358701,51697.31274035551,2360.272504514882,45691.56926005067,29039.01137131629,17740.21387540897,23318.69064122487,61843.16604672142
2828,21399.61487403014,17559.03922580049,79559.47650295909,55518.19210760774,81290.19150931975,49393.84373773067,17729.04193071735,26253.84765258893,31848.34895167325,129859.3557503292,105305.5363175485,56594.42392451529,58153.02273579486,40072.92585054316,143228.7355168654,70813.3397698186,48359.74446573664,39839.6249302687,176193.8233884728,45338.8189588394,10020.31580051889,28764.76587473806,68814.78278859428,33518.13311241447,49845.05373649133,2561.930565410409,44782.32161816426,28561.06952014414,17409.87799534377,22868.33679133808,63914.15679548024
2829,21123.42734165482,17554.84442396694,79591.2918116925,55060.70903901609,79932.99547262095,48506.63770564398,16752.94797936748,24801.77011359121,31116.38585294106,130599.6536805551,102770.6259032092,54416.22045037121,57561.94922901993,38916.71500937654,142318.1076772185,68710.26684199426,47369.40636533906,38759.63647569636,178798.3667059203,44751.13795704329,9853.428217244931,27772.19621005211,70168.80282946286,31882.80841935254,47975.31624429609,2586.806216637424,43148.20297939114,27712.69000829817,17234.26864696731,22627.11043805381,64142.58806885388
2830,20140.69901871754,17149.11450781373,77751.29829284149,53833.77611431803,78788.43147933947,51466.35436060011,15580.55236590323,22538.40282637917,29677.21500881564,130613.4715847219,97451.91263341378,52029.66139953941,55947.04421644299,35288.75215318135,139770.3537088799,65635.2674779344,44733.73057603343,36438.94062766421,182753.752675467,43533.18931956107,9684.44537353545,26546.48857350233,64292.63720789381,28644.59714419923,44783.88112104373,2519.861155043473,40614.59492507868,28022.85878658526,17107.79369252713,22680.05983475513,63480.5537833458
2831,18519.72615927344,16217.49997288067,73811.96207894848,50980.42764566982,76527.7335385859,49025.60785046365,13993.10969256008,21090.94625234122,27836.02351182959,123176.318971082,87405.55393402379,49416.08184078712,53185.26328411498,30063.80320782069,136193.4348241228,62563.19246172694,43251.68480655882,33533.44909156636,186349.213339919,40062.24151616765,9346.221043898377,24201.5470757086,59103.01290393692,26417.7266259674,42381.94804026986,2241.188698100967,39045.81122455279,28074.82403158972,17692.57579089916,22631.79461123205,63711.29355826671
2832,17422.53889732173,15172.56563566013,66456.62814198132,48260.27334598762,72155.86673265761,45395.17734038342,13126.9916789122,19117.26153117855,24675.25375337115,143908.7005641181,129025.9437661511,50270.02839331025,50323.24666198379,26874.77769978415,136638.0522897216,58381.93702427417,42250.63204741492,30905.50123050111,176445.2758943047,35914.05581411623,8965.033418222589,22479.616268942,56679.58637532871,23418.27233669745,40192.28594132155,2013.34258629392,35692.30264625695,26334.18047908069,17863.12040826224,21920.06195125394,63581.77418385157
2833,16350.77419094812,14462.63265260477,65213.66822967218,47302.33185225836,71307.82615233937,43344.7173492233,12579.25350049177,18208.18898903913,24164.12501951475,143056.5590594661,121906.9152956246,49860.06814029054,47248.41310607184,25504.59328921385,134326.3974149009,58090.14756933939,40516.55616227305,28565.57042432503,166467.3034118769,34062.38643529376,8383.753654987619,21172.64531553353,53618.48432044917,22155.22440348044,38413.66533748167,1864.388151319149,34732.65048107091,24736.02144561493,17726.72753226345,22401.34757258213,62986.9581448057
2834,15925.05550090406,14256.6767863753,62803.7923420496,45876.84861865531,71142.07432961349,42890.92422572107,11905.65837448718,17869.07769244303,22962.66343138973,138346.1672241136,116588.7052810321,49058.42707114541,45923.00251469269,25302.40097216213,132776.0484112402,58364.14529032962,39683.0696720927,28232.07358504628,155796.8683086679,31718.65876679595,7938.192311607782,20282.88913204196,51586.08696166849,21754.08922781637,37537.51819230686,1789.215238860226,33876.24366406164,24628.19606687804,17512.35311526362,22232.74561778899,62148.22718255832
2835,15772.30667821088,14082.78270536456,61238.85928776406,45903.83664863051,71100.74740395439,43041.00552072037,12061.2840785658,17541.11143892165,22170.68531531094,135379.6970390353,112350.7553317878,48397.83587199378,44257.30637882341,25109.81400392707,131460.4895181822,57902.49355323777,38879.82960839104,27436.22322954741,144631.2565676827,30351.23593980694,7573.96964501731,19648.85364072537,49510.61971230218,21148.68944268399,36829.52542640625,1716.172100692247,33884.98824974941,24530.2492388693,17554.07054836123,22401.3041672891,61907.46251231281
2836,15338.43758423975,13880.29377193098,60441.11554109622,45638.69769279143,72003.45156080707,43033.16585809016,12206.39034095655,17851.501744443,22155.88856094602,134152.3275884378,108806.3361727677,48394.76863102867,43801.76933535192,26088.23732652422,129621.292328,57755.2144427987,38798.34672518392,27152.03736930609,139083.5896367832,29670.15719255068,7315.260369610527,19199.04436360935,48492.17760561425,21154.56258094197,36333.35400131197,1645.985127241361,33458.32175626582,24154.85625851284,17528.31785566346,22561.80727508023,61904.77236056836
2837,15750.88038290404,13979.42838567337,60384.95134589767,45638.82367678438,73168.17595301238,43830.50887267613,12670.07348098896,19094.40224680716,23193.64042819766,134045.8210598835,106415.7993338882,48395.80232141064,43654.27945570179,28181.92383841143,131763.1673601082,57595.60884683468,39196.72968548146,26249.68924608091,132248.6021305843,29101.28344761221,7170.746981006486,18735.96879281829,48465.72627792704,21754.88530189744,37367.04358381484,1633.648603600595,33896.46135803209,25110.92730599875,17893.94236292525,22802.64100354342,61736.86970876578
2838,16629.43346054383,14280.75259300891,62220.21691026218,45731.4005099757,74932.10067102959,45736.71675774295,14583.15672589109,22957.51789293546,24846.63582287174,135685.3788108453,108804.1155956301,50239.69601572361,45168.2944254694,30015.39032895975,135904.1009627481,58690.93761018522,39162.95701503634,27138.0264677071,128017.950493675,30449.04705343965,7354.197768458743,20010.62418506035,51992.75852405487,25537.53854402971,40160.02505495365,1646.575688870101,35656.7265843123,26631.0080202005,18127.08358267625,22882.75122929311,61875.51040066197
2839,17677.08648680483,15200.42418281687,71634.909041813,46758.90008638443,76356.17440939776,44913.71130871465,15584.41812453981,24098.68366493573,25535.28512926084,131222.0142718124,101903.0603930441,53639.64303807357,49051.83257570807,31292.48404532706,138014.8044807138,59807.1808074888,41367.26746565583,32799.80249022792,123075.6754692291,33319.30103945377,7623.389972575686,21540.34557281428,52594.58701867112,28849.62506321266,44674.91884663775,1804.65327977348,38517.21195145488,27802.51486340144,18329.60812375783,22433.53830954599,61812.93992692885
2840,18933.58134598287,15610.03801793936,70008.04734112998,48261.19013283983,76019.57220019295,43128.71496607467,15998.80838374269,23370.7003859073,26747.55327463076,114319.1692892305,96916.9503348507,51115.41407908905,53201.29511935046,33352.22082454844,138170.7944871966,65503.96808968531,42846.57952866042,32039.04577343474,118372.0158035322,34617.22296150453,7886.521284023947,22845.50261214199,57350.5564688109,32698.32444382619,49190.6451283491,2012.795863921609,39328.84086821365,27539.39062293713,17722.94026490536,21768.50484036929,62219.16066634382
2841,19873.14190868856,16270.26082450382,70475.64424037996,50881.83178558118,76824.03679604632,44508.83687991976,16043.23364156563,23445.20622097104,28969.55894429051,113461.9390401297,100532.9457846527,48372.44305377559,56392.95885401601,35132.07247346166,138170.7944760894,66864.86756202178,43606.10975563202,32351.74162101991,123295.9020617585,36947.20659669076,8562.347698906373,24242.78147829474,63735.84862283994,33882.81266835605,51889.77464810423,2235.075168698929,39880.66207381478,28206.38665900121,17234.73704205337,21065.19933647343,62319.08348817312
2842,20444.91408325051,16732.42359401127,71002.42492171226,49316.14429965814,77384.81478332003,45897.82638026263,16169.98850337151,24434.82209647207,31333.2456170675,116464.566093661,106901.2246870323,47528.40975200952,58215.973232021,36305.6296666202,137316.416742769,66176.98605039304,44346.67948671951,32349.75698696436,136024.8068575426,38523.24370499243,9187.525030930718,25888.64098323226,68736.87493219452,32667.1255938617,52967.8432096488,2366.241025418536,40053.01746973176,27506.64823439974,16845.57357383836,20715.90187943939,62797.61588578508
2843,20723.32243884123,16874.7948622257,73665.491188372,48260.27307960186,79074.2264145997,45533.11287238266,16625.99160704871,25576.96539531912,31933.55620030918,116986.7426950971,106189.808901537,47640.47804502128,60017.1610603722,34821.37610937178,136031.1115648154,66768.70596464956,44844.90314432084,34585.85578778252,147387.6485818999,40077.76099670157,9143.70598169365,26832.3043326438,75695.91674952058,31427.94440009747,51318.27668589538,2403.555361755491,40304.37446946193,27802.65109559215,16856.98629327307,20795.36872187961,62660.41090284442
2844,20452.48770141082,16496.02964506464,68764.7490558091,48260.6698325144,77696.96268599591,44586.15752100539,15797.23415357559,24106.64920520632,31533.11693373018,114013.5767936387,101908.5352006552,43805.22289743888,56367.54388635213,33557.66990819244,130007.1840359606,69524.05648827445,44255.15745073327,33065.29303815227,152922.9513106431,40102.46031197856,8948.049269454492,26857.25350151842,71093.87642152532,30042.83309261019,46781.13852098594,2364.547132055275,39936.36223083836,27380.61141426347,17272.33476520467,21117.91928138629,62690.57115154564
2845,20173.19406358556,15976.64607249494,61529.96875033835,46101.96933586952,76770.6892982053,44144.9335765206,15918.74189792182,23118.98378070969,31497.90881341972,117141.4583815887,98285.26381597457,42869.66159030361,53962.76481048475,32730.93253048572,130870.0545195312,68315.14420981478,44853.25006871361,30905.46793684908,155511.8109701012,38776.14516937459,8997.105461038156,25733.11675072518,68871.91434356931,29724.23379314218,46243.65137746412,2186.437515167588,39727.69168708209,27175.10371039023,17485.50048850799,20797.23001638055,62084.54146267758
2846,19760.49856035249,15833.48470181029,63577.20546965129,45184.89433398161,77089.01468269543,43706.49926716195,15228.5873114411,23264.34788836806,31060.76110293004,117413.3937428427,94058.56651167716,43393.63752147198,54494.25933487065,30324.37176080939,134323.5187703482,66337.28110934193,44878.35039422636,30471.77571886756,161224.3077056616,39036.35943579592,9144.04145938937,25531.42210118243,70000.66175340793,29856.40654486836,46213.9200233935,2165.339760927296,40142.89640715611,27002.03193970503,17564.46479620615,20797.06220873171,61782.9650865072
2847,19488.93929878721,15799.84128315085,66052.7931600468,44688.17240425301,77534.07304950044,43845.93069209054,15796.13793456377,23774.54381597616,30459.5037271828,118550.3263841986,93273.15664480372,45001.25643689325,54451.60359235479,30004.69046069343,138203.5144223767,66211.78587032958,45677.6237625719,30037.96201950024,158457.0214387548,40077.22018626327,9188.791435343737,24760.04960408247,71008.53944211906,30242.42108718272,47857.23776957127,2121.128417252414,40996.50871847109,26501.0376496588,17511.84472584017,21278.84937942343,61976.9957177143
2848,20173.86227830143,16233.22373722547,68823.90960202842,45639.7898223341,77892.76321029275,45218.71883609664,16775.68820131257,25173.37792459815,30544.89894073979,121430.6450185183,98336.4252121022,47527.56776939842,55780.53521141015,32662.46844236857,139023.9680387391,64774.40863449865,46014.51081026188,31193.48824382485,161225.0615145585,40344.48005256213,9231.37459542325,25790.83252712358,72033.53255977096,32246.65198428237,51084.06484099073,2165.841342150612,41785.76655785268,28614.14220337416,17494.08272996827,22152.50421811441,61256.11330857764
2849,20972.71566896692,16771.73271645265,73512.51891538422,48732.95855046697,79996.6839515675,47457.54206568497,17714.66130575498,28049.90335885164,31918.66095293769,125803.5727483096,103334.7848638643,49462.23651270049,59105.69815110794,37096.17020657211,142860.5131774982,66003.37877557165,47332.74893747008,34387.16964214068,162492.3509877178,42930.1956894423,9549.884097955062,27055.23681990175,74079.37219309068,34084.62101631074,53500.93868452427,2236.5770514344,42810.42121727044,29165.14663669151,17721.69641408008,23284.35127054285,61226.00973630268
2850,21562.37572297041,17446.55089375958,81169.27164152886,53615.84180819074,81324.07815607352,49123.22870730106,18599.03177521475,27381.61916782535,33047.80584289304,128443.5598026898,106899.6001053064,50842.88961334904,61545.09455373404,39217.37425153052,147572.476298952,71428.73837715924,46991.46846019554,36164.71454271624,170911.9196204241,43718.08402123567,9680.814885199889,27764.10472917625,72158.97863078419,35505.23734706916,52195.90509682822,2306.520275117102,43544.25467287291,29547.60688092998,17290.03222186614,23127.93452167742,61559.93120802816
2851,21823.58361860047,17758.14342912653,80864.85931602654,57330.4201167287,80961.57567595497,49906.781348787,18199.9323869279,27352.69890025995,32961.35582705022,127961.0218422243,105526.2031381258,55122.02385787677,60462.34663787068,39848.62684727987,142950.4034709162,70242.57331742284,48357.49307569256,39578.51476061692,176448.5475682183,44502.35393194587,10044.10650443211,28394.28500637924,68990.05445009984,34514.6395940997,51609.22733055276,2329.075300840988,45464.81819959787,29514.08961054794,17796.15917005027,23589.12308740012,62434.99003843196
2852,21823.5836201944,17471.74535116322,78534.79791904606,55171.54496575602,81068.7857885663,48852.66916585174,17732.89410659848,26396.38329925213,32277.76177659586,127479.5551963798,105372.7777292606,56416.21194182984,58665.53704974271,40241.35013982062,140228.9258539293,68771.12119363413,47557.3908311765,40155.47875680239,175063.1850607569,44501.23311005043,10036.73921285876,28482.67176211702,69986.60764826922,33074.11233596104,49740.08984704066,2519.037517161687,44571.48351499999,28982.33054003047,17496.43844104032,22972.68931742137,63827.5795391835
2853,21547.33056479092,17467.64710303238,78564.01586500472,54695.05018184283,79701.24940669985,48022.67722618092,16753.19258657351,24923.69334940896,31496.49973659596,128369.1927127605,102872.380461212,54319.5127960465,58049.69610272055,39096.13753540876,139452.378982997,66882.69431978778,46702.6331568001,39018.87873063606,177828.973139494,43900.75979920504,9860.05946220609,27527.11137307624,71412.97760880878,31455.54666076001,47853.31460464786,2542.470420456104,42965.96397168247,28038.42177883101,17337.10436595901,22642.50435195341,63981.18282936434
2854,20564.36909832604,17071.25606086498,76874.23715976872,53417.12936035805,78547.96509119733,50791.52784089724,15576.46388848757,22628.19729829464,29960.3983244655,128385.7980893835,97626.08218806487,52022.2543522703,56367.12258031269,35502.68498910615,137279.7566603735,64121.53879383177,44427.78974001881,36576.53506443268,182029.2332342646,42656.29954176362,9681.161511229395,26347.10587048773,65222.82836966965,28250.52099139361,44632.79792602809,2479.408065221512,40476.69718909495,28383.51618904217,17222.35096545396,22714.98024226699,63536.0132912152
2855,18943.01167753189,16161.08493051884,73256.50352168604,50445.20371908106,76270.04311176762,48508.18005365498,13983.15414829712,21160.19390855038,27995.19949482858,119448.3558651094,87716.50601381603,49506.47008632804,53489.61620363056,30327.43738150017,134229.5038055801,61363.00914784389,43148.64073552532,33518.7414908313,185847.2853959215,39109.79810151742,9323.091791166156,24089.59862476846,59755.90469777027,26046.47172874932,42208.97752899065,2216.898164485341,38935.3691418711,28441.33282576276,17752.93612865647,22648.91593815883,63691.16887950223
2856,17011.22234529267,14719.31365080412,66382.26860219263,47088.06475349422,71772.42757824277,44974.64758369153,13030.5842256167,19355.9399152496,23833.31201660839,112825.9277471659,93970.41060981952,45523.56556495279,51063.79655501407,26803.12640797436,129517.8495052448,62077.43522277103,40961.43914812351,29800.97712726516,141485.3307011733,36374.89634895942,9111.2829879367,23905.52711164958,59124.80616587825,22854.649138321,38360.6689471349,1908.520792721845,35591.44435439781,24787.37704966816,17350.26184911374,21850.2724015995,62107.83370446641
2857,16200.03333228624,14217.43316313195,64800.89386659052,46859.23546404298,71585.21580235874,43436.05137997268,12440.30610183125,18616.91967562225,23843.27854653952,112593.1542147968,88263.25761698783,43824.83940284624,49028.34773955817,25946.14379050927,127940.6970271564,61354.49959972982,40088.67492261712,28691.70047863413,136873.2163331806,33018.02440341918,8544.647995409608,22474.850730692,55307.77254623876,21632.2954095049,37074.26150929376,1832.29130114995,34660.89909301688,24378.2909202206,17112.20839346519,21717.86475616909,61587.79710798513
2858,15619.62901827398,13973.65988961839,63852.31482976681,46397.80553638149,71623.09847941529,42653.5244476734,12329.78589449815,18025.60661818361,23059.54039918924,110928.7163396857,85559.27818591888,43202.14078296785,47329.41162380788,24950.34714600095,126282.6092889223,59672.37377917916,39966.19863403314,27667.25070345691,131365.321332471,31369.67422212979,8137.065888896791,21269.03969370876,52528.86324568506,21393.78786795844,36815.35746844408,1790.918940287453,33558.63291771466,24379.21421559994,17438.4297950414,21275.47865634159,61100.17564748549
2859,15272.75057760135,13789.36762785238,62922.32406668703,45873.19827883901,71316.78502778141,42371.93369689937,11916.55299278301,17731.09581900896,22540.98247684196,109144.8644315625,83173.9853433864,42165.9217865617,44957.6758556163,24597.16234143623,123925.3354364883,57738.50782774962,39855.60613304553,27173.31749143457,127703.7712434811,29704.76798487155,7375.06201582149,20448.92245848904,50689.29465100851,20901.13710220854,36305.19936348819,1721.319804485981,33232.57383257544,24453.34314513111,17482.51376800524,21370.51517296708,60751.54643398177
2860,15272.75426049583,13703.38221129902,61293.78720647977,45296.11137467888,71069.08871428604,42371.93371043517,12027.22616148932,17440.31163637462,22104.08509033291,108077.6830148548,83625.96436437898,42000.1699473094,44254.24547506611,24597.35252229069,122883.4963912246,57462.02459830247,38674.02603979569,26904.89283799691,118803.5435610426,28312.88195234476,7179.638766555281,19655.8930685737,49298.56112271787,21149.36241601883,36299.97386680931,1680.104462664939,33226.02869063179,24297.75058195232,17288.54428737535,21250.46990099544,60622.59140986719
2861,15496.32275854537,13739.08163898107,61964.85411637012,45296.15697178325,71771.71867662416,42666.44927784696,13229.89698860086,19101.2519285824,22290.2754598715,109394.7769515089,87563.03001121635,43663.12008078697,43939.98550908615,27634.55355286682,124528.2036602521,56907.40278005848,38257.62652554818,26563.63984928078,117266.6623895821,28025.12581928182,7110.540527363034,18813.36867501692,49299.72629227818,22412.89723850636,38506.05038634571,1678.068650822257,34044.86563510098,24701.1849213837,17464.88017923066,21858.13693271984,60647.17378668349
2862,16454.84729289255,14137.66114466269,66250.93927549942,46478.39933498096,74395.31485377417,43508.6903425706,14836.45761986867,23893.91695102174,22645.77123608571,114172.5491787223,91568.96569409494,47821.2273874194,45183.11281373598,30738.31503563448,126412.2013465427,56908.21582907221,37692.4216759854,27482.04631504422,116094.4215441293,29135.36012769741,7210.02440857725,18458.07958107967,51586.55983354324,25927.86339604492,43290.9336420574,1678.088893177114,35086.25609955369,26117.12475757419,17914.53670633848,21787.37620392582,60623.89762757162
2863,17827.05589050829,14780.28415482012,69048.96442778509,49775.98497981233,76071.32250045701,42950.30612189834,15533.92874960962,24493.51251240475,23814.81320653506,121815.326731509,104696.4570578026,46937.8879471172,45636.1337365941,33363.36346049915,125771.388163029,57461.54404802525,38564.84358133742,30092.10788859062,119486.6232568497,31362.62226599344,7180.063597454702,18227.53531359614,53497.68628605246,28312.80875721171,45587.53986764904,1810.047636149079,36533.37902961265,26983.40610907563,18549.3459186615,21996.57843666359,60838.8643106977
2864,19557.82102597204,15617.87753906786,69954.30157970956,49133.24354813064,74782.2319426391,43557.13220355166,15938.85638000702,23631.95670325238,26060.30048559196,125402.7776421381,117817.5061818687,46540.74509791286,47927.13246052295,35867.3289072137,129586.3106013983,57462.90394149118,39405.19062869355,34065.27647162403,134413.7343268073,31922.41635173308,7386.335460892447,19469.54890833437,58703.39819363778,31112.29320316709,49671.64210075331,2028.481757437479,38804.72122228774,26048.29468497602,18496.44515233779,21092.26663404709,61378.52091014211
2865,20828.12643778285,16659.51994199073,73794.16860322736,49174.07334782446,75503.00019824569,45860.96444670844,17122.02338511384,23935.36195187456,29983.98970386228,128390.7365742446,123631.4087768793,47018.67513179677,52975.67298698484,37489.96926635019,132657.6447540104,61324.49330931874,41382.0281445138,36672.98618600567,164107.8055380473,37811.2578820018,8313.999455487192,22205.84978151849,66589.9695679869,32327.20508448553,51728.56825873091,2247.263721160649,40593.60121405077,27485.55641088235,18020.33824104072,20536.00706967993,61553.51838935853
2866,21293.08194791994,17174.15015631354,74387.17822874346,47091.40728866942,75354.9000601669,48158.65045270815,17935.71308041832,24245.75032351679,31809.5736436627,132095.0865577522,122126.9991276084,45343.15590305717,56188.98946542966,38842.58535648511,135674.322614454,63252.72955399785,42949.05974373376,37491.42894712844,171675.7558132076,40539.97236833451,8904.275820062254,24070.43864182717,71233.2477144371,33033.46352078702,53307.76640045181,2287.518428285901,41778.96077359863,27862.52658676603,17641.2160731408,20820.48987569872,61680.28898407136
2867,21763.02750259671,17580.1627945468,77451.79014691382,47096.57738100983,76237.06332231188,49312.50404055684,18561.18311818925,25540.15580238763,32609.90859449394,133174.9359217997,116201.9388368072,47635.59235799587,58526.82232389847,36937.39700882964,138271.5134254025,66857.59020025091,44014.43831397599,38506.74139870021,178458.4628978078,41335.14957449084,9180.26894945215,25902.11906550767,76857.96138912482,31941.95250519755,50191.52824596844,2340.661469507088,41894.01565632971,28630.73683982615,17411.97941290696,20815.26181868164,61958.44233302745
2868,21770.08289119168,17298.48558822784,74577.4543873306,47850.25262714742,74727.32836077805,49305.42455791838,16733.50920121508,23710.83698003472,32855.26976605818,125183.1377904667,123794.7478900371,42992.95771372342,56864.54690365019,34086.51785560478,137021.1789177412,68539.00671409107,44059.24489856611,38125.0026448046,167708.9221804829,40046.19845224443,9180.27414482743,27006.89613104356,73563.25735312673,30254.7770300406,45576.90868391065,2261.110425675491,42728.44364704448,27384.18147413783,17411.97941290696,21223.6576276178,62028.12211117734
2869,21065.19533114526,17048.76927839206,74003.55727082098,45281.89507718599,72925.45819723695,48735.7096008552,16711.71097211578,23048.3800435686,33098.61723805571,117072.8570928381,126741.0692422964,44178.70333183985,56578.43438785019,34444.90591190705,137646.3625806963,69277.47142273096,45055.57770320529,36947.82118940501,161061.0659098617,39153.46152190823,9470.646002125544,28026.95628234389,74137.06607859359,30125.73631698832,46092.32920113446,2138.814081621377,43021.52288845994,27321.02436962356,17641.2160731408,21508.60731154442,62090.066853795
2870,20606.37993019987,17228.8216387522,76162.01163328085,44698.79327456212,72421.72864388642,48725.26141889003,17136.30266628384,23344.15533283273,33320.98085309994,125072.386397915,124798.3972057629,45868.55611883288,57509.1703739154,35457.29672170094,140138.8914580994,68585.859406769,45060.05923260178,36495.18659730144,172607.2321150403,40540.66160356615,9491.575243517973,28295.28737409672,74992.95437171175,31100.98316295738,46613.41017069408,2102.979186596258,43955.24029035728,27283.02978937309,17711.75043029391,21787.88838961846,62008.76562173611
2871,20604.16963056737,17207.40563881708,79116.24865243255,45890.91527025429,72905.28910492973,49049.35745547872,17136.28607891541,23640.55222028934,33229.05266274073,130806.0297692546,123672.6784861134,48069.14780338647,57509.15770351417,36154.03705890674,141398.0787727732,68007.08200100352,45065.03943435668,36164.4221927906,173793.5711965596,40542.47008592155,9387.247490087417,27943.81055980406,75968.27992475388,31825.99963908627,48168.70058174177,2095.763847472876,44389.7138060168,27632.85903512095,17588.31530476229,22205.53756990126,62007.7791129922
2872,21075.32637457815,17288.8366013902,80387.66497910462,47690.76708930234,74638.26222405338,49593.97643570307,17534.29390666387,25259.60931042605,33225.14794018299,132482.8561516908,117478.3877588609,50059.11938861523,57684.52695301149,37569.21086960551,141399.9227047407,67150.17821184458,45022.71878766422,36585.46330997131,173925.3335069656,41188.33660770184,9111.75462734553,27745.29412249603,75952.50016989111,33509.75383755231,50712.80205418711,2102.06495484912,45228.11076591745,28459.30969596589,17456.06338587079,23242.68407940981,62033.26375566312
2873,21530.11228515022,17378.61744675241,80855.70629920125,52471.82994924677,77770.05649455552,49890.880276496,18139.2446311896,27480.11280228917,32977.06021541342,134637.7112528616,108116.8578867075,50961.04851976363,58866.06653180216,39543.45075886174,140772.1132633825,65954.37773220266,44656.36572510193,38761.28763181316,173793.5611327128,41931.28224919583,9111.281587740388,27591.96279940723,75968.28092752876,34667.00410982602,51232.56844134317,2178.6068800629,43837.91617876127,30041.24827014166,17500.14735883462,23316.39534982153,62358.34616005763
2874,21763.03357358372,17228.66391227275,81160.50136961516,56845.59605419548,80303.06531857474,49593.28820959885,18039.86093151299,27775.0953771676,31635.4411134808,135239.1593114878,107317.245747879,50709.57805646247,57172.90634996384,40547.97743338939,138272.8920225688,65955.3975668912,42471.78401881049,39350.77237516575,159930.4930578729,41917.20588407519,8973.671861580684,26772.50207800939,73242.00227228492,34174.81960334362,49199.39958423714,2277.352504399494,43083.1215879938,28873.90572711786,17685.30004610463,23655.51642467901,62340.34773886369
2875,21763.05329805311,16946.74028800071,79957.79275926792,56350.61065577381,81498.1222866466,48733.13211752648,16937.29505942225,26890.11536637583,31246.92630263104,128919.5302290101,111591.7190765271,51292.21980950861,56828.33811777167,39564.27915314971,137646.5992999933,65201.63255567311,40904.76569702321,39623.36794446404,160040.827552977,40264.55685502962,8415.173831759386,25741.16625047836,70350.36533869323,34629.14472038464,48152.78066626044,2341.04949276042,43210.50635740583,28624.17975565579,17632.39927772612,22903.02397428141,62454.55359680269
2876,21738.70049140568,16939.60580114134,77797.01444066539,55695.26613023272,79697.44851980994,47537.68832341332,17536.97076745689,25955.76204030146,30440.97503001476,130598.4058382219,111591.7164022404,53755.03090399811,57701.19310785137,36482.84508008102,138896.9771949631,67424.16427746545,42970.13170478132,38964.56632986165,162254.8040370056,41964.36522623829,9179.75197136465,25005.64077348634,70363.63612715401,34629.48038562399,49184.6541881685,2484.399614923265,43915.27125634305,27699.71414897568,17632.39927772612,23240.25590627288,62453.78028599566
2877,21528.50003147706,16890.175984368,76479.23504425894,54852.79092131067,79379.05395264609,48722.89514743806,17492.25159293553,24540.59563625753,29893.24243444122,126309.7467836655,109232.7551046225,51815.121074353,58664.71292116916,35017.55881205161,138842.5338073631,68539.00610006692,45649.10358395742,37549.16189309689,162254.9138681935,42765.19650853793,9452.710170075025,26538.56636240918,71313.68567390564,32777.06557479883,47287.13944767902,2491.827369895232,43078.29502342172,27352.29819808112,17341.44505575387,22621.98426994969,62370.55041832773
2878,20354.12585108044,16339.00731341227,74926.7970808853,52564.76862290598,77845.33201206161,50470.15509018795,15826.273033049,22275.45612136821,29276.48039762462,125359.6507331797,104820.6553276476,50216.03072772473,59033.91458877944,31994.97608231567,137026.4091010238,67973.71351990222,44372.72280565738,35172.22495438752,157620.9033603106,42765.19404057653,9662.192092585621,26690.53567487435,67546.28507251943,29478.59848417314,43535.60026379423,2350.332392017676,41169.97138086398,27356.68919445671,17129.8419842946,22339.52085245846,62482.50873742686
2879,18509.77812771447,15520.21104341586,70487.42124648743,48782.45435432791,74831.07658458583,48555.51792076513,14168.90365977403,21025.4420863489,27635.3332115243,128822.750837201,103237.040727699,48884.75618635301,56671.57471448588,29001.82154954073,132672.7714576204,65661.17123570727,43230.48109491916,32602.43116308005,152979.4666243616,40264.87058454723,9600.797574821197,25229.65036166069,61919.07698113642,27311.40086737567,41567.60062653179,2128.051102939693,39136.54121410581,25481.02369983317,16796.38531205459,22070.30869329371,62723.36312877041
2880,16966.03885031403,14848.30193923831,68013.03207079963,47965.91329948758,72283.86846095447,44836.52477516502,13011.22634165857,18693.08000994773,23511.96455470869,129510.6271088003,109549.2002011793,46669.8279871769,47622.97311401952,25281.93903642814,128680.9910022146,57236.92627515663,39431.38282589411,29597.50161169702,143665.0497583548,33584.14106548262,8431.751704226495,21089.74593034384,57356.88213863949,23071.51844419717,39606.02470323357,2018.876621401317,34777.08532238568,26541.10774884756,17925.92259714377,22096.80447529803,62923.74749116625
2881,15924.3771788967,14119.92494419399,66833.76765682011,47092.36420514934,71401.3249637913,42756.54543869063,12508.09206267474,17850.18692884943,23083.94274758899,128774.746411042,104058.7188303107,46355.64288194249,44930.64446170998,23886.841727811,125942.7023097465,56957.89410284838,37975.87358721322,27408.55200386795,137427.6007297182,31951.8688178646,7999.912661896822,19871.6445180076,54552.61555977672,21904.95400065908,37925.84259892071,1885.011693254422,33818.41724074919,24906.42074834535,17763.47512840319,22583.34793124739,62289.41748274777
2882,15510.61580050114,13908.618358169,64547.3858932275,45792.46270191597,71228.82945274538,42296.21930504849,11889.34973029493,17535.76255414501,22077.83268945518,124707.0106986149,99957.10115419455,45741.28165591065,43770.11305525926,23680.97311978577,124106.2243854918,57219.91241092078,37276.28062408622,27096.57364381363,130757.278157988,29885.84036104786,7668.900306067575,19042.38870255175,52690.74232392273,21534.46130542913,37098.18618310647,1817.45401008365,32962.88863346101,24796.13088278475,17508.14961268732,22412.90407394183,61394.96914339809
2883,15362.15728809875,13730.20652042412,63062.64785549748,45817.07314973259,71185.82112231327,42448.46123794923,12032.30238449689,17231.67187588483,21414.62617808243,122145.2669767596,96688.6235320959,45235.01814891553,42311.62714013726,23484.88450646718,122547.8689058848,56778.44447960238,36602.07521957436,26352.074567618,123777.4098299691,28680.43816734036,7398.315335657016,18451.46544949098,50789.41288812539,20975.30765425912,36429.37757227565,1751.81034902625,32971.62425193828,24695.94535485324,17557.83616236549,22583.30405177055,61138.21033852679
2884,14940.47442905826,13522.45693787998,62305.78449843846,45575.29231419814,72125.25220849256,42440.5087120057,12165.59222548359,17519.46611543824,21402.23530055341,121085.3520649965,93955.02477719291,45232.66747853145,41912.75825438294,24481.09766836957,120369.2336243155,56637.60453687517,36533.68196739977,26086.22545546315,120309.4417863332,28080.05780230146,7206.117408256776,18032.24166008079,49856.42107305705,20980.73214693559,35960.66696175263,1688.733515097518,32545.3952872726,24311.97228820684,17527.16403443087,22745.56058571769,61135.3414784647
2885,15341.33280073796,13624.16706233678,62252.49843821915,45575.40719929669,73337.36394251166,43249.3306356574,12591.51631025332,18671.88485582925,22271.25400394657,120993.3766147685,92111.34652325946,45233.45967757778,41783.61590515094,26612.85190180602,122906.4082886598,56484.97703303209,36868.06761004352,25242.10025088621,116036.7414700752,27578.58770354543,7098.756844057403,17600.65363945345,49832.18908965048,21535.19656787883,36937.14656295943,1677.646716298724,32983.08559502367,25289.89556126965,17962.63234814784,22989.02531718479,60956.28495755741
2886,16195.20964687852,13933.31965266805,63993.71579271631,45659.82823056044,75173.05474021754,45182.98114776533,14348.81166957195,22253.7700175359,23655.48077329824,122409.2434575479,93953.31217870321,46646.58187691653,43109.28957463895,28479.65475452506,127811.5832712576,57532.41709318685,36839.72027284278,26073.11859030298,113392.0685177683,28766.66002104565,7235.044424287476,18788.63683791917,53063.29294475429,25028.89515085059,39575.54930908393,1689.264251157921,34741.54574221917,26844.71966274285,18240.30961486943,23070.01071206441,61104.13562984041
2887,17213.43687148362,14876.88424960935,72925.9518924985,46596.80750359573,76655.06756654494,44348.1273417098,15268.5374650902,23311.86020178182,24232.1592127365,118554.8321967391,88630.94056774491,49252.23133961429,46509.72112454236,29779.96878000306,130311.8334770099,58599.85719049106,38689.92432290091,31369.57537928224,110302.5442076165,31296.82873181471,7435.030233154324,20214.34241924403,53614.62625654944,28087.97332641877,43840.56441982958,1831.328133656615,37599.09780009038,28043.00279194242,18481.52161964339,22615.8903379138,61037.40856378226
2888,18434.64011446705,15297.13982510193,71382.45874273365,47966.7493195678,76304.77054331407,42537.43338797265,15649.18273046718,22636.87328863161,25247.31873699172,103958.1046673567,84785.4517484558,47317.71418759158,50142.99645304062,31877.15600165268,130496.6126477858,64047.57609755221,39931.59568979107,30657.90556730213,107362.1835817972,32440.96491355884,7630.513339103837,21430.75325743408,57971.55586556389,31642.67282215007,48106.36594609451,2018.385283556305,38409.89442501016,27773.8645107094,17758.96439431051,21943.59166935544,61470.61477904533
2889,19347.81090683001,15974.51517655487,71826.09363225172,50356.51858765238,77141.96514725851,43937.424158331,15689.99031143202,22705.95518250216,27108.03761104567,103217.8295013146,87574.25302049429,45215.55761535087,52937.6217766961,33689.36917966069,130496.612634629,65348.97588989254,40569.11292412147,30950.42509443293,110440.2126716327,34494.87781432579,8132.592114665733,22733.02195426274,63821.10320596545,32736.67868700012,50656.11101624852,2218.147064181355,38961.14976081972,28456.10559354829,17177.50163679812,21232.60286086088,61577.17553102813
2890,19903.52351378767,16448.68490427539,72325.87943010003,48928.76449797375,77725.5586420826,45346.41017695533,15806.42315930525,23623.52813266712,29087.40087930384,105810.7970767676,92485.72609898665,44568.70785422553,54533.85576927698,34884.26416536722,129484.5528709803,64691.16914179279,41190.71552797587,30948.56851648369,118397.32971058,35884.17639133896,8597.043137087589,24266.96865923197,68402.5286821209,31613.85723400752,51674.51342338292,2336.025447514288,39133.32841341665,27740.37375303968,16713.99780732832,20879.48948209287,62087.49710926366
2891,20174.1121152751,16594.75496863045,74852.47682816634,47965.91305656974,79483.7047542158,44976.44608919264,16225.29261522788,24682.52468090224,29590.10402168737,106261.7311994693,91937.05360338207,44654.59468880033,56110.97840381349,33373.02368777283,127962.0346640035,65257.01855917463,41608.90318791724,33040.38575321507,125500.4908188071,37254.50495145845,8564.489490022668,25146.46613826185,74777.68639962593,30469.33636371517,50116.24284724072,2369.559735724248,39384.427656954,28043.14213789397,16727.59065350918,20959.82446498213,61941.17752090244
2892,19910.88440905194,16206.14945615554,70202.87329567238,47966.27485648098,78050.40642419743,44015.85794218168,15464.02327116254,23319.24585965849,29254.7741386858,103694.2052825034,88635.16295979224,41715.33403299761,52915.368394718,32086.34059128783,120826.3446368356,67891.90281929844,41113.89583971294,31617.93547148138,128960.729729008,37276.27774055509,8419.133995848031,25169.71884924484,70561.77080615387,29190.03289536486,45830.21448738834,2334.503150354087,39016.79279963925,27611.45620031369,17222.28150459994,21285.8987480818,61973.34133215958
2893,19639.43539056574,15673.27233269021,63338.83940953461,45997.7508118126,77086.4471821962,43568.28193911765,15575.63628948252,22403.4813698533,29225.29067927067,106395.3384544945,85840.75019384372,40998.33909124327,50809.74040194949,31244.57135083077,121848.464553594,66735.84521171937,41615.9092397701,29597.47046627761,130579.0825754004,36107.11254096383,8455.578372779264,24122.01954098617,68526.23788924894,28895.77120923163,45322.47479411485,2174.436542931623,38808.33623888309,27401.25135524508,17476.16743463335,20961.70609331031,61327.05274475339
2894,19238.33141212,15526.39163905496,65281.16545413936,45161.46796720927,77417.72377978334,43123.53573202318,14941.68298124731,22538.26313358022,28859.22095822347,106630.1726719248,82580.95106456308,41399.90346696443,51275.11776645698,28794.25413301796,125939.2923890379,64844.45596471374,41636.9773810151,29191.76171285487,134150.0893382534,36336.49502704456,8564.738720042365,23934.03943566864,69560.28006773272,29017.84736209435,45294.38893424191,2155.476051047536,39223.11518371315,27224.22380806819,17570.21598234877,20961.53645243638,61005.44247758274
2895,18974.39953172806,15491.87416660183,67629.89161824012,44708.50607476309,77880.88954873096,43264.9744745283,15463.01632042612,23011.3173701248,28355.72496696964,107611.9894017258,81975.21135437394,42631.94953581613,51237.76833739928,28468.76033965227,130535.3713005148,64724.4474840652,42307.85331085569,28785.93931648546,132420.1981135709,37254.02821955391,8597.983962665065,23215.11762206266,70483.59385060017,29374.37448027395,46846.75657401104,2115.743441908922,40075.85215095694,26711.77865329011,17507.54410763898,21448.58693695639,61212.36267449681
2896,19640.08483689819,15936.51586819633,70259.00215886174,45576.28822968892,78254.17318190912,44657.52589479482,16362.79898412566,24308.31792520365,28427.23535408925,110099.3355464898,85880.20792231175,44568.06257607159,52401.38276071119,31174.86243841546,131507.2459885797,63349.9136009612,42590.62191083804,29866.90661214025,134150.5605606967,37489.62149967775,8629.619454266845,24175.81084259209,71422.58702752268,31225.50335646935,49894.99355462746,2155.92682067001,40864.30063911295,28873.18091196871,17486.38910780457,22331.7860721197,60443.59163498375
2897,20416.50054940433,16489.01527512036,74707.3436214767,48396.95604581702,80443.69289576742,46928.58023169404,17225.30880086187,26975.43553545449,29577.63066561261,113875.6486253365,89735.14412133375,46050.75290575762,55312.90017892507,35689.17843174738,136051.8552579125,64525.15212437604,43697.09469520299,32854.51959023465,134942.770952866,39768.96570798095,8866.243619162535,25354.23998118956,73296.77469150009,32923.07101380073,52178.10450674396,2219.496801935071,41887.90455761552,29436.7792557516,17757.4829355717,23475.99805787336,60411.48826520031
2898,20989.59861259731,17181.36518408321,81971.72594560776,52849.66873804891,81825.09273741097,48618.24684822852,18037.66243264517,26355.80168368532,30523.18235207759,116155.4525135928,92484.47315615347,47108.85704274224,57448.83915243576,37848.95052616029,141633.4476813081,69713.3103993993,43410.63843806291,34517.37056118792,140206.0276196989,40463.50020367276,8963.513521456416,26014.90730451084,71537.50780379381,34235.16729755088,50945.29854754146,2282.354578638621,42620.98549740244,29827.98111762745,17243.3596365533,23317.87252453344,60767.59233110694
2899,21243.46986953586,17501.05287292962,81682.913234042,56237.00140764611,81447.8416789603,49413.07986635956,17671.06285846971,26328.98677914864,30450.78866814713,115738.7489859466,91425.25412165564,50388.29750807,56500.78353118026,38491.68065109359,136158.3355014429,68579.00548283414,44557.22115982141,37710.89945890446,143667.094953339,41154.84501097752,9233.406806683728,26602.23748479183,68634.46569297039,33320.24072503395,50391.09070705761,2302.624716270916,44539.57956577461,29793.6977671983,17846.17001790081,23784.09937334684,61700.78181965377
2900,21243.46987108498,17207.21419182538,79472.25586638693,54268.31809528664,81559.41368378077,48343.79220979295,17242.05685215291,25442.28988085841,29878.34352579695,115322.9706095182,91306.92626938198,51380.13663480183,54927.49449003526,38891.5444973235,132934.5881044709,67171.8864947949,43885.64950672312,38250.63555274457,142801.0745226661,41153.85699092632,9227.93356584717,26684.61424436342,69547.40514339828,31989.75449795002,48625.40141755014,2473.343221179502,43647.16095889662,29249.78466357618,17489.1948210644,23160.93133441469,63185.88183671462
2901,20974.97603310502,17203.00947147892,79499.97653829065,53833.80138453864,80136.23846202741,47501.85133242961,16342.13525216768,24076.81010692916,29224.11071115594,116091.2315998963,89378.51922945684,49773.26953753957,54388.26327742366,37725.50946591888,132014.7234918907,65366.02324667856,43168.20242003665,37187.37326525788,144530.0291971268,40624.53143640881,9096.676262313535,25794.02868358442,70854.09846421033,30494.83010389981,46843.05053828739,2494.402304894005,42043.28780937506,28284.30166139541,17299.42378653245,22827.13924281226,63349.68908123646
2902,20019.62335354058,16796.32021622869,77896.79056676305,52668.46239092418,78936.03224943673,50310.56356735398,15261.23096541812,21948.42359267011,27937.77155863264,116105.571443771,85332.3627835332,48012.69791970115,52914.9994985482,34066.72022753918,129441.1268863397,62725.58778385259,41258.79601052016,34902.61886302991,147155.7037311353,39527.52245374857,8963.771033694224,24694.25950698645,65183.32097352848,27534.63446272035,43800.77469914782,2437.728345144617,39556.57366677517,28637.28364535655,17162.74949687536,22900.40690048477,62874.94667628261
2903,18443.80557295337,15862.50290005826,74464.44774025837,49958.3564299939,76565.4319778833,47994.34367722035,13797.66903215939,20587.28920252317,26292.10404144132,108387.4974099761,77689.69867519698,46084.65260672296,50395.45080614855,28797.37549328305,125827.9262341023,60087.66339529386,40185.13296633482,32042.1257125101,149542.4517191609,36401.23222977105,8697.757154011208,22590.25500925954,60175.08829541065,25498.95122854693,41511.10165342997,2201.811442060469,38016.82618762662,28696.42175519466,17794.69024951645,22833.62087278886,63040.40933896085
2904,16401.33828490106,14492.89742370427,68007.95628494234,46643.79442481568,72086.36066990167,44477.87666498942,12517.95279196203,18665.39072225177,21566.66955005953,100006.6419783482,80966.26790497951,44305.37022836144,47652.50048652525,24642.11966685344,131926.3553531665,62355.17727978522,39607.05342581979,28088.79378198498,107128.268944884,34751.8057936644,8525.732359226165,21079.63878077465,57166.6628400346,22463.10742386438,37627.83083978858,1867.975958319069,34494.44295410122,24697.82485030239,17322.54110621178,22151.81340103364,61114.48378601709
2905,15573.43162597506,13932.53975239677,66243.71398057269,46427.67990589605,71887.0743325081,43065.74787687183,11999.86318156813,17958.94337620779,21574.11162826874,99788.20198840252,77094.26580944553,42756.22746833311,45463.58215825199,23931.39034263905,130121.1655057884,61556.03845144649,38689.86229332892,27053.66433717746,104070.5237137393,31236.98184697516,8001.361264274306,19942.24552270477,54210.33864805922,21209.31503015397,36398.6363370786,1780.143775980667,33561.32270928426,24306.38142986031,17091.23314030182,22044.952695945,60714.30645460779
2906,14981.06586567067,13660.36295487544,65185.44282691991,45991.88907216648,71927.40032122121,42347.54201759165,11902.85912729173,17393.69290306873,20988.88882470303,98226.25553768646,75259.7584751355,42188.3613341775,43636.54903705894,23105.53709686399,128223.3381284696,59696.60309578042,38561.1515114858,26097.69169651917,100418.8927418485,29511.07130176571,7624.17969537447,18983.62108308622,52058.05035008278,20964.67312790918,36151.24704626733,1732.474236697197,32456.00636838415,24307.2649061636,17408.21072262388,21687.92126928303,60339.07314195056
2907,14627.03867069375,13454.59766776059,64147.90946435892,45496.4313212927,71601.33063045391,42089.09707623896,11540.16285849124,17112.16289712042,20601.67796588072,96552.24823578593,73641.4631716194,41243.38786411818,41085.98826962787,22812.62707470557,125525.2306943286,57558.89218303206,38444.92944570744,25636.77438417539,97991.35378034643,27767.8256830337,6919.011799724336,18331.62470809788,50633.28921849133,20459.351494497,35663.77820888472,1652.281599172588,32129.04502004692,24378.19686801857,17451.04553082994,21764.62129021274,60070.79681437044
2908,14627.04242948835,13358.59356126561,62331.05128500463,44951.40992579527,71337.65869598677,42089.09708866214,11637.30116761306,16834.19525418119,20275.44360524918,95550.78086291364,73948.10708297383,41092.23150503752,40329.52038846153,22812.78479915348,124332.7541942812,57253.26540660318,37203.20258273062,25386.29199745203,92090.66993327168,26310.44677863824,6738.164685535782,17701.1632749279,49556.15456787604,20713.96110793774,35658.78511602576,1604.792978386613,32122.48176653709,24229.31456489993,17262.57237512262,21667.73774271253,59971.5636492987
2909,14855.21840980061,13398.4525489216,63079.71926662666,44951.45298932216,72085.6060463932,42359.40447034271,12692.89044856833,18421.9283072832,20414.47326767752,96786.77184243813,76619.1983352945,42608.74853823043,39991.56573484775,25331.65483452208,126215.266446715,56640.1820062609,36765.60680270226,25067.84932836265,91071.74657233254,26009.15076148145,6674.220312487292,17031.35312236947,49557.05700136303,22009.99376385106,37766.74644352134,1602.447300968514,32943.58457775811,24615.34994078537,17433.91160794683,22158.16053709199,59990.48022174882
2910,15833.49700086399,13843.47300522702,67861.44025130376,46068.00472175836,74878.41579607387,43132.41616188099,14102.97552200781,23003.35288002213,20679.92447164816,101270.3422323075,79337.01427227083,46400.70863938222,41328.42280581046,27905.7260656225,128371.6676463618,56641.08075715312,36171.63094884661,25924.86689578966,90294.57290122623,27171.62529043678,6766.283937943438,16748.89691809532,51328.22854312711,25615.36406589929,42338.8221491006,1602.470624359059,33987.85675394237,25970.22436140462,17870.82665444379,22101.05249512858,59972.56880685638
2911,17233.98519435058,14560.97197628815,70983.02442184728,49182.36187830144,76662.52058207794,42619.92923975288,14715.14888793086,23576.52079928287,21552.85635807655,108442.4989410042,88243.32432444967,45595.15272983252,41815.60076558302,30082.78176665035,127638.2005472596,57252.73420247762,37088.46233582897,28360.46453581283,92543.53894641655,29503.68752761493,6738.55782935296,16565.61333348275,52808.41182901883,28061.64968908144,44533.2868764845,1754.514461132248,35438.98412927605,26799.14548800174,18487.64789420822,22269.89091849759,60137.98946028221
2912,19000.41935175709,15496.15851935658,71993.0532702811,48575.33401211028,75290.28780119086,43176.87626536757,15070.55558490436,22752.93873453269,23229.57755030596,111809.0446684021,97145.26365703787,45232.98077812789,44279.33704761539,32159.41860096983,132004.7151043216,57254.23743960736,37971.58613665018,32068.05523877924,102439.9333215616,30089.82178882397,6929.444386510714,17553.01894658227,56840.27887091889,30933.13624972624,48435.74877600699,2006.195866508507,37716.6115278046,25904.36273201256,18436.24612555892,21540.05846408425,60553.26472995424
2913,20296.90425533109,16659.16908775763,76276.95618938585,48613.89512699016,76057.54330683997,45291.34127294511,16109.02627864382,23042.97116013042,26159.42396954682,114613.0134549078,101089.6897236574,45668.82610052711,49708.52927563393,33505.13794508366,135520.1274105062,61522.86925767928,40049.05194803073,34501.45822458831,122126.5450130563,36255.75291894801,7787.916226422381,19728.38872736193,62948.49380142579,32179.29539328353,50401.19320013872,2258.278058503249,39510.44166711997,27279.63949052563,17973.63019373901,21091.12449907534,60687.92837614765
2914,20771.44194848866,17233.76203481556,76938.54047088475,46646.95123390728,75899.89118295071,47400.16524331804,16823.20517200741,23339.67892215349,27522.60037611398,118089.2599375607,100069.0271758275,44140.84675907072,53164.12456292439,34626.91556352204,138972.9807789286,63654.35704749238,41695.85121538564,35265.1939454955,127143.9539533037,39112.86250663486,8334.165342164451,21210.74408529955,66544.75123122496,32903.71863882491,51910.15654829131,2304.659828908598,40699.08132636667,27640.35202617632,17605.25084276763,21320.71874295712,60785.4805842742
2915,21251.07252510062,17687.08170368146,80357.53906166031,46651.83405297995,76838.9511574948,48459.17596018808,17372.18287442279,24577.0324697562,28120.21612992231,119102.6152010422,96049.18647925572,46231.41992866834,55678.22619666928,33046.86808153744,141945.6942918988,67639.19888036903,42815.46147072691,36212.64002722698,131640.7614015573,39945.45544774272,8589.572829111086,22666.93710879682,70901.13861640729,31784.1342037018,48932.51299932798,2365.891632903435,40814.45458632192,28375.43157894098,17382.50983929752,21316.49939552235,60999.52449130105
2916,21258.27331690798,17372.58455292473,77150.81985092982,47363.63175873383,75231.84311368543,48452.67838713116,15768.0257332098,22828.34230158006,28303.42904764797,111602.9296238676,101200.506691281,41997.59813498201,53890.61792748042,30682.52209283848,140514.5763813513,69497.85016271591,42862.54887516254,35856.41777656558,124514.0177341622,38595.85488385992,8589.57763697621,23545.23915021981,68349.36301849144,30053.56495215185,44523.12851434808,2274.23233355684,41651.19158697292,27182.63656344039,17382.50983929752,21646.09867172951,61053.14430933289
2917,20538.8588581326,17093.77225935239,76510.55821748682,44937.98354886217,73313.75808054488,47929.79207690533,15748.89333516512,22195.08367138217,28485.13832170142,103992.0573051122,103199.4302288825,43078.93147788094,53582.93299577037,30979.74737590855,141230.1541183127,70314.15496666163,43909.59868164906,34757.92247526334,120106.6138436828,37661.1117087416,8858.291378207676,24356.19091706049,68793.78263479663,29921.20534078092,45015.62571835897,2133.32158407151,41945.08183052172,27122.20324332348,17605.25084276763,21876.0697133578,61100.81188112166
2918,20070.58781455344,17294.80362806091,78918.61268590037,44387.28146934497,72777.53958013216,47920.2027002379,16121.55926423142,22477.82243403283,28651.17880173568,111498.9979919967,101881.4297817524,44619.98221865358,54583.84495347302,31819.36281433365,144083.0728349851,69549.64150448657,43914.30833736397,34335.54326570987,127761.5052524692,39113.58417267881,8877.6595594358,24569.51517316229,69456.67521545278,30921.53531780844,45513.53162624483,2092.032353761543,42881.38299372937,27085.8472601187,17673.78653629663,22101.46585890432,61038.2491493721
2919,20068.33196326033,17270.89231820297,82214.47280620137,45513.16387806279,73292.28814621258,48217.65913635511,16121.54470542784,22761.15539745073,28582.5353734802,116879.5796571053,101117.6890432547,46626.79812103383,54583.8313277443,32397.19692546177,145524.3235624682,68909.8563242147,43919.5420496933,34026.88809404828,128548.0257893859,39115.47775015014,8781.113354168341,24290.08974595509,70212.07294437887,31665.19905577201,46999.65053938306,2083.718786814548,43317.05877450445,27420.58937594442,17553.84907212173,22438.53314636818,61037.49001349736
2920,20549.19869038562,17361.81130326146,83632.91362195593,47213.00794493494,75137.03249565758,48717.51227434619,16470.87786229557,24308.85128328672,28579.61968960016,118453.1517655494,96915.18970489934,48441.54033357294,54772.42313193277,33570.85611717209,145526.4341049257,67962.62801198008,43875.06712653166,34419.78562633322,128635.3817272796,39791.73444207844,8526.168820222201,24132.26841024595,70199.8513933807,33392.25903615874,49430.60316937891,2090.978969200548,44157.77572718162,28211.39759509535,17425.34464750358,23275.57096941852,61057.10089543337
2921,21013.3572005618,17462.0530673287,84155.07846910896,51728.41374101752,78470.81749230811,48990.01162139584,17001.84567653048,26431.48435149488,28394.37083536136,120475.3169225736,90563.88576615627,49264.04899609019,56043.04886319976,35208.17075311949,144807.8509334358,66640.7805835632,43490.06534652856,36450.17166668337,128548.0191172445,40569.63814951086,8525.731063467027,24010.36941515984,70212.0737210363,34579.27352696523,49927.25296087724,2179.171139885153,42763.73422555126,29725.11170522881,17468.17945570963,23335.06027083743,61307.25753817528
2922,21251.0787212035,17294.62752389884,84495.1195392498,55859.15399679905,81167.19729395605,48716.88061810515,16914.61618221216,26713.46533926482,27392.57438739622,121039.7294936337,90021.39113160783,49034.72207084824,54222.22717189215,36041.26415547364,141947.2722177129,66641.90791699658,41194.28040180341,37000.25357444023,119357.0652699049,40554.89944454657,8398.385305202824,23358.89497119988,68100.5482943033,34074.43014490479,47984.50923231951,2292.946576438757,42006.85098455957,28608.1132910174,17648.08565097368,23608.75078962796,61293.40743567929
2923,21251.09885217086,16979.85524351713,83153.33168692497,55391.6721831349,82439.33161894215,47927.42645400789,15946.88944444691,25867.49151283608,27102.46763732793,115109.2454768852,92921.39568845386,49566.05859438917,53851.67905834641,35225.4445580895,141230.4250643865,65808.69003602742,39547.49508775127,37254.62808115411,119430.2149685714,38824.48777648181,7881.54425710632,22538.9789981309,65860.95150972118,34540.44040248321,46984.43866170135,2366.338716157376,42134.58825017448,28369.15728296513,17596.68388032779,23001.44542170931,61381.29085728959
2924,21226.24416298787,16971.88947369605,80742.68452390956,54772.74150689325,80522.52014627168,46830.24410547263,16473.22735435609,24974.32053851278,26500.65813642198,116684.7406264575,92921.39387409145,51812.00385705279,54790.34588759919,32669.89032428088,142661.5926355279,68265.49440351351,41717.99581670197,36639.86263882435,120898.039808928,40604.2777907671,8589.094411135866,21954.23339821443,65871.22984543482,34540.7847009576,47970.41963733218,2531.507784039261,42841.30335832381,27484.56122088739,17596.68388032779,23273.61129184368,61380.69578098681
2925,21011.71172024775,16916.70028483413,79272.51928942963,53977.07795825155,80183.5901466151,47918.03092831377,16433.97714539302,23621.52869772155,26091.6623432867,112660.165189451,91320.9631340829,50042.91515120983,55826.51351952922,31454.67090461797,142599.2773857863,69497.84948396869,44533.33721127747,35319.06785727508,120898.1126249433,41442.79085112505,8841.693335348984,23172.91517221327,66607.05109788229,32640.72619493197,46157.29681231568,2540.066098093439,42002.01106402909,27152.12832144403,17313.97414576852,22774.62996203429,61316.64893012619
2926,19813.13507728052,16301.31156074378,77540.55995794924,51816.18832964233,78550.9480402309,49521.67200029745,14971.74070423717,21456.22697402336,25631.12177940194,111768.5733937544,88327.58629564715,48584.63465352292,56223.55238924906,28947.92439995535,140520.5627865295,68872.97053792771,43191.98395993474,33101.01213894254,117825.850664163,41442.78826703777,9035.550521241448,23293.731363584,63689.16809013643,29257.42326744293,42572.60722961923,2377.034541137705,40088.4067521969,27156.32994676616,17108.36706518152,22546.66548266654,61402.80283096572
2927,17930.7775292036,15387.11229936471,72587.822016895,48244.03622220451,75342.28276651229,47764.41154482069,13517.06058264943,20261.3082827539,24405.66559794549,115018.4254890686,87253.18736903336,47370.58711403092,53683.09595075407,26465.58385419157,135537.4412543864,66316.66777378772,41991.59794773037,30702.99066815009,114748.665253606,38824.81626801765,8978.735268161869,22132.32188749384,59330.84875853814,27034.48581198168,40692.13432165939,2120.920400663611,38049.34972426908,25361.55651406101,16784.35923103852,22329.39554290389,61588.14453237337
2928,16237.05566906768,14623.0720347699,69026.88187921904,46548.67659843626,72297.55344334815,44288.23651285795,11968.58777534742,18717.53569358278,20830.53247428596,103543.6755274464,76745.43389098998,45797.40575401313,47759.28349664264,25524.19331829259,133977.1485319175,62594.27450906739,41197.0615659562,27769.41006883814,108176.1126868221,35177.54807117805,8398.385298198717,21811.31795913869,56608.35761457104,22987.50660304107,37187.22352178518,1904.796572424583,34448.93665093694,24912.92582688179,17237.07296704949,21939.90684631357,60965.48695718071
2929,15368.29549867948,14052.6944702275,67149.66615896687,46316.07421963713,72105.01402243497,42970.59016526683,11427.53824107723,17954.6607472855,20837.92007690387,103322.1213799802,72638.92139529763,44080.29273914854,45349.67402157493,24857.92870667543,132191.5675045391,61782.97127531295,40160.08397140999,26573.67006154643,104297.0019723766,31542.05723479693,7838.996294254169,20492.68152148567,53543.94249737096,21681.74552869806,35879.23051107727,1813.567092940312,33499.11374307674,24496.24146758245,17011.78681844574,21835.42184067441,60336.99556612434
2930,14746.69912268006,13775.65081249914,66023.62851606165,45847.03592877587,72143.97475911237,42300.43788506251,11326.23530557023,17344.26079779856,20256.98107113964,101737.9072699068,70693.30589563864,43450.8540877738,43338.43574775488,24083.74256674472,130314.3552195808,59895.23179437047,40014.56337900595,25469.36881879321,99664.47710274889,29756.89471550988,7436.626247231496,19381.30064496195,51312.96092410702,21426.96341747542,35615.98212964407,1764.053723918804,32374.01246395387,24497.1819119434,17320.51228077099,21486.32784398788,59747.67956011233
2931,14375.20226018453,13566.20618571625,64919.65661058035,45313.77859824637,71828.94428457625,42059.28492798646,10947.46560361297,17040.24353540583,19872.60457388977,100040.034729641,68976.99745322464,42403.41915407482,40530.72231571194,23809.15760802243,127645.5558956605,57724.98087570318,39883.16254668782,24936.93563066641,96584.85742110152,27953.80199491102,6684.366691815665,18625.4088976025,49836.10680847953,20900.69661107026,35097.26370808535,1680.759282347786,32041.19857382502,24572.68768758276,17362.23193763174,21561.3226899672,59326.342944881
2932,14375.20620445891,13468.48540619891,62986.45575301945,44727.17630182087,71574.19906602635,42059.28493957845,11048.90874367169,16740.07318036509,19548.75823031489,99024.29008477506,69302.21345844268,42235.87323245021,39697.98582184701,23809.30546489907,126466.0326354491,57414.70188130839,38479.26439521288,24647.58842638247,89099.14353604507,26446.39003561343,6491.442466880158,17894.48367678334,48719.58930489683,21165.85958705588,35091.95052896928,1631.433829644831,32034.5178394091,24414.20519983024,17178.66544783336,21466.5930323395,59170.49406224873
2933,14614.64165457566,13509.05712220901,63783.06475670865,44727.22265076053,72296.82436791208,42311.50664711347,12151.27805852297,18454.62667738416,19686.77020348259,100277.9017875248,72135.08114140203,43916.82298230521,39325.95790057987,26170.58972411268,128328.0961556021,56792.2861912927,37984.51798600471,24279.7362303417,87806.51899481159,26134.75027042884,6423.22783893477,17117.93953322801,48720.52473370635,22515.61174830558,37335.04442267607,1628.997422804036,32870.31822434135,24825.13279464343,17345.54407527635,21946.11287449108,59200.20314869635
2934,15641.19394316556,13962.03509866242,68870.98367808526,45928.95861146932,74995.08245703556,43032.79782152428,13623.85318251698,23401.9933062843,19950.27831966332,104825.391537818,75017.50342083669,48119.93725268768,40797.59958926006,28583.62167683216,130461.0735125811,56793.19862287446,37312.96804365299,25269.72854238035,86820.5824675079,27337.13353674412,6521.439544803422,16790.47404109987,50556.454927854,26270.42173329429,42200.21674010863,1629.021648329608,33933.28266058642,26267.3718269133,17771.08457797847,21890.27444368867,59172.07269457515
2935,17110.79000026026,14692.36384515858,72192.4587739499,49280.91703917477,76718.78568144239,42554.60027551256,14263.15593609559,24020.94310922986,20816.82039408656,112099.7970415181,84463.2301062553,47227.03662907855,41333.89581043442,30624.47622116596,129735.5736776105,57414.16259125066,38349.53890941736,28083.2332247657,89673.66132884158,29749.25745012461,6491.861865146784,16577.98428755242,52090.757576334,28818.1039169636,44535.35940413364,1786.946451269913,35410.38492149086,27149.7432004204,18371.84763832894,22055.35929506772,59431.87115995777
2936,18964.38982703152,15644.27268863631,73267.16491124862,48627.57765976013,75393.01037518954,43074.28319698406,14634.31301783641,23131.57728892347,22481.26808208271,115514.337431879,93904.32135652412,46825.59514289837,44046.03093789548,32571.19431305995,134054.6571026508,57415.68871049461,39347.99993048618,32366.0932636123,102228.4056103439,30355.51419806834,6695.495974850483,17722.73260651619,56270.04019604006,31808.61127304429,48687.99178076374,2048.362745355399,37728.78138830062,26197.26332741507,18321.78405126282,21341.75228628216,60084.07434944974
2937,20324.85049441614,16828.07933483397,77825.38794209859,48669.08068831667,76134.29014721092,45047.27398775875,15718.80510941457,23444.77610316115,25389.6681913491,118358.2805861088,98087.64422961613,47308.6982466729,50022.60524202564,33832.72264122169,137531.8833492158,61749.29718364072,41696.78572171705,35177.06276949476,127203.1960427765,36733.12697791687,7611.297230994692,20244.74672780012,62601.58740015275,33106.42270518916,50779.43260972226,2310.195328250006,39554.7207231243,27661.22027509629,17871.21175405534,20902.79890461903,60295.56794410876
2938,20822.80451220118,17412.94671959096,78529.3368330335,46552.07424755204,75981.97539730699,47015.00117075782,16464.63391950439,23765.18344744075,26742.86622376898,121884.0856643729,97005.16457099648,45615.04335484692,53826.60059384078,34884.31950630929,140947.230202584,63913.23025166376,43558.65930778685,36059.29963471729,133568.3714604758,39688.32356304207,8194.025286950151,21963.31484367229,66329.33338387574,33860.87270833353,52385.129274039,2358.371118250716,40764.6367910851,28045.19216978058,17512.42270466397,21127.28886888427,60448.77682970485
2939,21326.10272458824,17874.37230886429,82167.27130848925,46557.32958780984,76889.24313109211,48003.15580288868,17037.94039826345,25101.37081719177,27336.10746408145,122911.8876778084,92741.85953038056,47932.29292710515,56594.17900903634,33403.1230985421,143887.6527051262,67958.7289189396,44824.49224956431,37153.75133866688,139273.1024418692,40549.50012657498,8466.48908424656,23651.55166714194,70845.0016572568,32694.88240391176,49216.60147649618,2421.971332404677,40882.07520898321,28827.67090484751,17295.48048821023,21123.16332488614,60784.93968131053
2940,21333.65884344541,17554.25155726364,78755.20954242212,47323.43193211238,75336.54435531622,47997.09296819632,15362.69260958527,23213.00372853572,27517.97927361834,115305.2839385917,98205.17290110278,43239.40684059443,54626.34048006532,31186.69553854191,142472.0802695032,69845.67239148296,44877.72933576733,36742.25768563641,130231.9869696848,39153.56662970888,8466.49421318466,24669.81080211414,68199.92648614362,30892.58245659633,44524.54983197449,2326.766705277621,41733.78963216387,27557.96243395794,17295.48048821023,21445.43503556408,60869.15133294086
2941,20578.7444807609,17270.45375254866,78073.9486972442,44712.72559657019,73483.39683716181,47509.19183433947,15342.71233041371,22529.16345903827,27698.35844606955,107585.9083404004,100325.162581522,44437.98685814218,54287.6341349232,31465.32578643042,143179.8850649869,70674.40289948133,46061.5253312125,35473.31998303508,124640.6749531349,38186.73292792041,8753.152866761811,25609.9874220722,68660.59524306901,30754.7366463886,45048.61896767202,2180.405610892465,42032.94045143903,27493.632270368,17512.42270466397,21670.29342070615,60944.01479008945
2942,20087.36634383968,17475.07981256679,80636.20315182398,44120.00922403911,72965.33222268466,47500.2440618361,15731.89351319481,22834.48602777765,27863.18351918695,115199.8706207296,98927.33655459115,46146.13045331271,55389.46004858874,32252.41312746338,146001.8140385747,69898.2520954955,46066.85007463991,34985.40446517904,134351.8081696276,39689.07000449392,8773.814470175346,25857.30481659274,69347.7249058971,31796.52949188145,45578.44353658206,2137.51933744236,42986.0012154836,27454.93199140742,17579.1741560301,21890.67861766829,60845.75800436122
2943,20084.99917631826,17450.74093870081,84143.11397368628,45331.78771918645,73462.65377580875,47777.79834011111,15731.87830919589,23140.4502591702,27795.04255694142,120657.1597552955,98117.33934675723,48370.54113599965,55389.44504908658,32794.09672839751,147427.4092237168,69248.72817392385,46072.76731721833,34628.85839351179,135349.6022993706,39691.02859008717,8670.820834334016,25533.35305469515,70130.74194655287,32571.01749029689,47159.83130489701,2128.88420661628,43429.47550433168,27811.258849337,17462.35911565322,22220.25231271573,60844.56575701379
2944,20589.59453774866,17543.2856684755,85652.38477565424,47161.31669076455,75244.9435876458,48244.20740077752,16096.69269272445,24811.76861347271,27792.14821570236,122253.1652625728,93660.31282138405,50382.05198714818,55597.05105814736,33894.32934705317,147429.4968404708,68287.08125405494,46022.48390604695,35082.71786053389,135460.4236167262,40390.50174829835,8398.850906399059,25350.38294965138,70118.07354376533,34369.66270999773,49746.62211984642,2136.425208586195,44285.2411198722,28653.05973017289,17337.20014507098,23038.6813282183,60875.36527887663
2945,21076.65720603408,17645.31988016159,86207.98649612711,52021.2128914589,78465.86199629832,48498.47441408555,16651.19114789684,27103.94735401998,27608.25537259246,124304.1591191084,86924.33790585617,51293.74351467474,56995.78383030198,35429.21015589048,146718.7192568999,66945.11280605207,45587.20034782136,37428.13835926644,135349.5938349715,41195.11155034015,8398.383915907762,25209.05939643585,70130.74275160691,35605.87799137249,50275.11004801164,2228.028600554135,42866.24655822718,30264.38070583521,17378.91980193174,23096.84807893426,61268.24434532756
2946,21326.10922644121,17474.90055944291,86569.80212701781,56467.09655767214,81070.95481079363,48243.6180072704,16560.09594674107,27408.45162048291,26613.79201792984,124876.6181547982,86348.986720435,51039.55115864899,54991.38323521696,36210.18349306614,143889.2134907692,66946.25729963394,42991.58263495575,38063.57091090692,123689.7841222297,41179.86685312325,8262.53390899899,24453.77274961395,67942.01444650536,35080.10925945077,48207.82516108145,2346.204804065622,42095.81526080065,29075.35633026028,17554.14236152471,23364.45398117395,61246.49231316381
2947,21326.13035078233,17154.49975855687,85142.09276794123,55963.94951115618,82300.02053331121,47506.9844900825,15549.48293643451,26494.90549277832,26325.80883285355,118861.587066767,89424.63199552115,51628.49937141954,54583.47571585658,35445.40327550352,143180.153067917,66100.35626557005,41129.72482450979,38357.41413605972,123782.5831484422,39390.04868361235,7711.177814287294,23503.20348060206,65620.53216058582,35565.43526528954,47143.64425749034,2422.435708575885,42225.83899755086,28820.99203157431,17504.07877251397,22770.6500685099,61384.51605804741
2948,21300.0491932306,17146.39155084793,82577.0795953257,55297.7992296976,80448.10345874174,46483.21220645376,16099.14630607554,25530.39233707491,25728.40454343486,120459.5430307249,89424.63007127063,54117.96770235795,55616.78082207467,33049.72985800786,144595.7746246973,68594.55784527173,43583.69602542589,37647.26176025639,125644.6921976727,41230.94039988494,8465.978717147376,22825.27889353741,65631.1862990685,35565.7938346572,48192.83234120914,2593.993418843299,42945.20416273682,27879.35570786425,17504.07877251397,23036.76521768648,61383.58147154302
2949,21074.9305285849,17090.2155105366,81012.77219679064,54441.4327298296,80120.64806607681,47498.21759840892,16058.15666479838,24069.54602110519,25322.40257635825,116377.5918271884,87727.26817161788,52157.06047054329,56757.41695792665,31910.53710615914,144534.1362724671,69845.6717024039,46766.72499698263,36121.53261628999,125644.7845733825,42098.24032538727,8735.446393709539,24238.15714096572,66393.91109619243,33586.97944035361,46263.47781070325,2602.882763450695,42090.88870667468,27525.48696852478,17228.72903684411,22548.87711124245,61282.99382893867
2950,19817.2094590161,16463.82286943204,79169.90669252304,52115.68399971352,78543.27969334809,48994.56256292395,14531.1190064311,21731.2904590541,24865.23314333693,115473.2891844692,84552.5954601721,50540.66171988491,57194.48608475964,29560.61790422129,142478.0016475364,69211.28091615974,45250.1891095971,33559.32363448923,121747.2576740648,42098.23765258608,8942.24951304211,24378.22534610901,63369.34267320669,30063.44134298795,42448.98880234286,2433.545241774666,40143.03126594939,27529.95952180817,17028.47468274575,22325.98067898971,61418.30130573363
2951,17841.96593781992,15533.27658638542,73900.01972846563,48271.00442068191,75443.24503073245,47354.87655099022,13011.97253735061,20440.92743690327,23648.74723177416,118769.4723171804,83413.1248429979,49194.97758765704,54397.89572041139,27233.57777336283,137549.0091219918,66616.06638589663,43893.03098260764,30789.22543531745,117843.4847976177,39390.38845254151,8881.640093234255,23031.74571530222,58851.67181640842,27748.3649279441,40447.96665734123,2167.524757005307,38067.47553096597,25619.45603946681,16712.90199252578,22113.54102811442,61709.38641874653
2952,16484.31229885051,14839.0506617669,70013.05171486425,47419.5640252727,72517.59580888646,43207.06953213386,11548.1055755136,19125.55370699765,21098.24782007775,111135.6193728751,81789.48331203105,47607.74780240714,49138.45437884104,26240.8545774585,135753.9629130662,62791.06592025857,41893.39662161123,27968.87331406321,116777.0747008017,35755.07830901475,8490.783939691673,23373.6146733212,58276.76761252017,23334.24087436657,37970.14649649244,1893.790045710403,34671.88490904483,25688.1623710721,17273.23913794528,21884.7441781562,60974.82649694822
2953,15606.57489020184,14260.17114304072,68177.98356562883,47187.84449933592,72325.55499011418,41617.32959557722,11033.95729117981,18325.84002294424,21106.61145513881,110915.4606775892,77163.1510546672,45953.62491593691,46640.26332243919,25518.16159952233,134087.6494032181,62022.46869544007,40725.63002592132,26736.53691805116,112575.1725806625,32068.11599467888,7805.174754959953,22001.41039558383,54746.62806841212,21980.83273533363,36686.84741426213,1804.506290663107,33691.04264216367,25305.66020952167,17083.51122783485,21787.14679788368,60353.42496281266
2954,14978.55531599496,13978.99791810753,67077.22791403116,46720.58646454858,72364.41483365178,40808.79106369959,10937.69118763507,17685.96425468168,20448.9201731005,109341.2246927701,74971.25129643164,45347.27642876394,44555.08830966709,24678.40682763746,132335.8251267968,60234.09750959097,40561.755620449,25598.43782852715,107557.1626541088,30257.6790468779,7312.01418520546,20844.88115870369,52176.58583433272,21716.75365548957,36428.56896512189,1756.048933060351,32529.19775512895,25306.52350566625,17343.50873379724,21461.06498990499,59770.75688583084
2955,14603.21963127749,13766.43134415903,65998.04257611635,46189.35313636634,72050.20016539736,40517.8400908658,10577.75410224119,17367.26619531565,20013.76076952571,107654.0461519862,73037.68525491717,44338.26532645361,41644.15827828857,24380.56627291573,129845.2877048961,58178.08594221665,40413.7818325543,25049.70918168732,104221.2794009321,28429.058040995,6390.015259845058,20058.28232098373,50475.28202428658,21171.28343656001,35919.64355889059,1674.530978994747,32185.51481408579,25375.83525626843,17378.64353172321,21531.11619444626,59354.17326540585
2956,14603.22361630957,13667.25395477152,64108.24627752788,45604.97731552182,71796.11463778629,40517.84010485151,10674.15343929812,17052.60080796953,19647.12861920383,106644.699144427,73404.06848086118,44176.86561595416,40780.80889207554,24380.72665232748,128744.5504582889,57884.13965420832,38832.8167532071,24751.5063209074,96112.65880208138,26900.30406079189,6153.559734905658,19297.6642415234,49189.07815165745,21446.12217767479,35914.43068861714,1626.257529868175,32178.61589994643,25230.35368783338,17224.05042117645,21442.63109209094,59200.08247571627
2957,14845.13324647848,13708.43042610879,64886.96967851662,45605.02348854208,72516.868621472,40822.14552190666,11721.71240762345,18849.94898444706,19803.37440519629,107890.4150113105,76595.5325653529,45796.15184124721,40395.10455481352,26941.99663919213,130482.2378285351,57294.4871640835,38275.67035674749,24372.39577282022,94712.4714395172,26584.25208277957,6069.953201486825,18489.57403165852,49190.1557452944,22845.12663308923,38115.1766494786,1623.873086234397,33041.71189124438,25607.57133411379,17364.58961288037,21890.54110651274,59229.4564212611
2958,15882.29330093475,14168.16041779121,69860.6537670219,46802.19820598995,75208.13927262802,41692.38311482604,13121.07036950649,24036.22074807493,20101.69658538872,112409.2625332382,79842.82407723344,49845.0801580812,41920.84644076191,29559.39701940044,132472.7434015878,57295.35156638402,37519.42104708037,25392.68743359748,93644.49243882202,27803.65875709409,6190.325334505005,18148.80569227503,51305.10738556187,26736.94918321599,42888.49815711765,1623.896795082715,34139.39066760656,26931.49803067427,17722.96455401807,21838.38353106442,59201.64329987933
2959,17367.07526825048,14909.37532448687,73107.55453135235,50141.43412368569,76927.3787767543,41115.43791412935,13728.58667458133,24685.05923668989,21082.72413253692,119637.8504111489,90484.23089258686,48984.93446931773,42476.85787630047,31773.09893672033,131795.7031788997,57883.62875171892,38686.72961524156,28292.30122866217,96734.98379080112,30249.93365267193,6154.0737659317,17927.68382693957,53072.59065557583,29377.59598361334,45179.55507644968,1778.453408814632,35664.73220023476,27741.48513511997,18228.90564546228,21992.58603044427,59458.51104262358
2960,19239.829066223,15875.47316465289,74158.13118115789,49490.57452347281,75605.03671239491,41742.4352082971,14081.28964299397,23752.74651613128,22967.07468042941,123030.8844208485,101120.4154997568,48598.21935847717,45288.6959725904,33884.69164403588,135826.2943147567,57885.07453791433,39811.12172711999,32706.24094190347,110334.4426610523,30864.77381678728,6403.655747259621,19118.93601394154,57887.03330697088,32477.22659374925,49253.78886374271,2034.294267476155,38058.84296258517,26867.14079718893,18186.74388893373,21326.01981670329,60103.35688822405
2961,20614.34790520816,17076.92543805274,78614.01220259961,49531.92002540499,76344.39685840117,44122.84802565668,15111.86025241251,24081.06949854261,26259.72567746054,125856.9150840655,105833.2811177368,49063.60043331647,51484.97990531319,35253.06338153104,139071.259949252,61990.56716672588,42456.14858387722,35603.24196976479,137387.4536713547,37332.68118693346,7526.097819187741,21743.4035828033,65180.83793388692,33822.39500909551,51305.74485614432,2290.542536420766,39944.41390590007,28211.00380622147,17807.28806871289,20916.00213186867,60312.4646756196
2962,21117.44747640689,17670.5107598709,79302.15591166184,47422.94877845738,76192.47654440039,46496.91030176016,15820.60608588159,24416.94910624928,27791.70500741306,129360.5129843548,104613.7765946491,47432.07513818459,55428.81697303202,36393.72379897979,142258.4794118939,64040.59344737895,44552.8513387337,36512.48025926539,144282.2927341046,40329.71760682348,8240.312264853774,23531.78622781799,69475.12020448028,34604.37480219267,52881.12716995558,2337.690842625614,41193.84346694128,28563.47703065046,17505.12880622195,21125.69377399224,60463.94524943083
2963,21625.94646585837,18138.81428310079,82858.41085502955,47428.18417183324,77097.39480797168,47689.11857909022,16365.40748350038,25817.66009988683,28463.32386589519,130381.8414175075,99810.80432728802,49664.31932826083,58298.13655210535,34787.07949554078,145002.4969980582,67873.14201776483,45978.33770691157,37640.42835854274,150461.7299737474,41203.08675520946,8574.25462091735,25288.60541227945,74677.071810339,33395.83765167921,49772.41880429906,2399.934603892024,41315.11719394547,29281.76606850539,17322.42785635179,21121.84018481978,60796.3159305248
2964,21633.58066504386,17813.92186421766,79522.9572880347,48191.3787399941,75548.71691752976,47681.80377079077,14773.4538418719,23838.10498584864,28669.22414526031,122823.1476447444,105965.6870667347,45143.58585754777,56257.9567369176,32382.93464710196,143681.4774321689,69660.75909612235,46038.28933098397,37216.34067872514,140668.2785701755,39787.38955560168,8574.260907145805,26348.2299615152,71630.00276075916,31527.77199586794,45168.94958091748,2306.760482370851,42194.646944865,28116.21659726824,17322.42785635179,21422.86782515644,60879.57761120949
2965,20870.86547730881,17525.89381609354,78856.99222881439,45590.58145857738,73700.36832998163,47093.15119417066,14754.46699204414,23121.24251202088,28873.43458388696,115152.3923031923,108354.0340288077,46298.19747666014,55906.79893689398,32685.16310120056,144342.0045518937,70445.866244805,47371.39182699024,35908.56632505991,134611.6981974596,38806.86736942218,8925.601037876742,27326.5999980897,72160.68314620356,31384.89620861061,45683.12468381189,2163.5209486871,42503.56744498034,28057.16368088947,17505.12880622195,21632.90360194505,60953.59655209679
2966,20374.40973812006,17733.56999851344,81361.71850460133,45000.11476788008,73183.6453011636,47082.35570923816,15124.29789429563,23441.30891013286,29060.03595266243,122718.3982695164,106779.265257166,47943.67997530165,57049.12995431077,33538.9117236981,146975.4433600029,69710.57106888968,47377.38815471988,35405.71784030025,145130.9213532672,40330.47461643419,8950.924712406839,27583.96433069071,72952.24156825426,32464.70394984365,46202.94656164999,2121.549345261798,43487.75331009806,28021.63813253457,17561.34448323105,21838.76106199667,60856.44817702024
2967,20372.0181097318,17708.86833339589,84789.8915600368,46207.29390287228,73679.67898508189,47417.22486555057,15124.28344624703,23762.04795637251,28982.89236895758,128141.3148314694,105866.7351687009,50086.49095354796,57049.11440339986,34126.47247333503,148305.8162079177,69095.23729132931,47384.05171067137,35038.25944776404,146211.7446599125,40332.46093178933,8824.691657763653,27246.8524621247,73854.26016338986,33267.45292225132,47754.47891321089,2113.098382811555,43945.71060211292,28348.73414738312,17462.96704805571,22146.60934172456,60855.26937912212
2968,20881.82765217452,17802.79251969448,86265.27595373373,48029.87881438642,75457.35336018566,47979.94726209401,15470.95907853364,25514.07319305465,28979.61563425518,129727.2679457294,100845.5193297404,52024.21206244676,57264.35238302157,35319.8877827102,148307.76438274,68184.21028796563,47327.42629446946,35506.00957444319,146331.787722004,41041.83726920327,8491.35460743165,27056.44944149684,73839.66643899861,35131.7304898765,50292.43305483877,2120.478551771185,44829.42384941362,29121.47891048438,17357.56265427778,22911.08772178943,60885.72145914837
2969,21373.92332930403,17906.3476365614,86808.4032085828,52871.32905896493,78669.93084412483,48286.72033997166,15997.88759678318,27916.93976248276,28771.42730718023,131765.3436787197,93256.87615157162,52902.45933448301,58714.50508944493,36984.76321384474,147644.463041697,66912.8814160766,46837.24251265757,37923.21316963556,146211.7354911677,41857.83878079733,8490.782245501478,26909.38480811501,73854.26109079467,36413.05511831303,50810.9435267083,2210.128244570066,43364.08769988702,30600.61711758853,17392.69745220375,22965.42013488658,61274.16855340678
2970,21625.95303489756,17733.38807347198,87162.09529254521,57300.33817238599,81268.27748244298,47979.23615899848,15911.32169399861,28236.14834303059,27645.57782525775,132334.1970982717,92608.69457384145,52657.59170490474,56636.41912078515,37831.8800153245,145003.9535313449,66913.96566491754,43914.25201005983,38578.09354147403,133581.6811413537,41842.3782483241,8324.279129019484,26123.41565233203,71332.8937023557,35868.10114854493,48782.68743024013,2325.784009202132,42568.49562267915,29509.13291943359,17540.26360414794,23215.3855231669,61252.66190057201
2971,21625.97437752472,17408.21143093483,85766.44111016119,56799.10084327066,82494.1604032381,47090.48803396426,14950.95686145996,27278.48766366849,27319.54698842462,126357.0515038885,96073.66806735101,53224.93509421927,56213.51618682462,37002.32778748592,144342.2546536233,66112.59182563938,41817.56702053083,38880.93002672101,133682.2022281939,40027.21973534895,7648.515394075508,25134.23077924797,68658.59661627465,36371.13664201531,47738.59746513666,2400.389075939373,42702.76568044162,29275.63508852811,17498.10184598168,22660.72501549803,61389.12863351108
2972,21599.62371318221,17399.98236361511,83259.0180555516,56135.47896537284,80647.03907290503,45855.30707042292,15473.29069701766,26267.39879148919,26643.21506871454,127944.9427899359,96073.66589952084,55623.08041470821,57284.80744858227,34403.75609980414,145663.3200596321,68475.50168786828,44581.04581726285,38149.04298264775,135699.2624612921,41894.17489715221,8573.629094908942,24428.76641333893,68670.86995201,36371.5082955361,48767.97766357882,2568.287837026039,43445.6239053774,28411.24476243297,17498.10184598168,22909.29792078328,61388.20458984734
2973,21372.17880942212,17342.96897248452,81729.83275644314,55282.36284333661,80320.4316622225,47079.91078170043,15434.3390809396,24736.00915174505,26183.57308980248,123888.701634133,94161.44473447588,53734.10659509891,58467.37542180702,33168.08098225798,145605.7988284637,69660.75844331559,48165.53493799771,36576.61792109551,135699.3625238369,42773.75410240098,8903.899287452195,25899.04094821666,69549.51232408496,34320.48720177777,46875.04790170246,2576.987591435955,42563.40817692815,28086.40521738727,17266.21217934269,22453.57127595238,61288.75165171826
2974,20101.46121665681,16707.23942567614,79928.34358622052,52965.44159784995,78747.14805947951,48885.25054779461,13983.22648877811,22284.84074090357,25666.00352134663,122990.0947145991,90584.9084918757,52177.00339689343,58920.51199641854,30619.13860058778,143687.0032929742,69059.7612113666,46457.72566635332,33935.99089247103,131477.5117577435,42773.75139175817,9157.365331735822,26044.79923669134,66065.27530478769,30668.37562266161,43132.57358912396,2411.261667194057,40551.93752075441,28090.51087016824,17097.56514831539,22245.36812061072,61422.53275812149
2975,18105.80673243931,15762.82257275412,74776.77703290305,49135.35467427137,75655.14127973735,46906.96984952548,12539.61273207653,20932.16692297425,24288.79839168802,126265.5169363008,89301.19885308103,50880.68399228295,56021.11393672338,28095.01300150288,139087.2418095571,66601.15559662237,44929.39570618595,31081.11206383779,127248.8952696911,40027.56431474517,9083.080040804998,24643.62067335078,60861.0167664016,28268.82234743469,41169.32924364126,2150.914815124106,38408.5981937153,26336.73323168432,16831.8011527283,22046.93243824068,61710.33421151316
2976,16781.36812384238,15378.40737820072,71685.76189981036,49110.72684049226,72970.44480602095,43458.7748762796,11718.45464919735,18820.29494217132,22733.84558874169,135396.9911614807,117923.9684333875,51174.1639155071,48722.66403088378,26674.97536451198,138102.2536905798,57983.93203344372,42652.60884430454,30054.85206119333,152794.5044228079,33790.80226659404,8197.201924546764,23877.11438421982,59731.44040817664,23952.67021596044,39840.21746038165,1986.901986673982,34890.36857786634,27229.59805626991,17993.34559590932,21884.42709444019,61340.73629341296
2977,15651.45214184284,14573.72382026725,70278.5637150883,48242.78819911154,72078.12178353395,41122.88882887181,11226.00994542573,17823.2834589677,22242.62283079718,134736.3635665174,111192.1936537068,50843.30897446271,45696.77818185513,25419.1312785548,135671.7718324423,57708.81545347615,40771.33742964789,27702.36561394655,144097.6087254258,31730.24047826256,7524.964727137678,22298.43247069749,56687.18737533974,22565.77062707397,38078.19493430733,1848.274601719562,33837.15575546086,25502.63893123803,17858.50252157522,22333.98948942104,60809.71564704222
2978,15202.63501915158,14340.28023732291,67550.2593338408,46951.23543813041,71903.71483784048,40605.92725431376,10620.4133933579,17451.36830245588,21087.95232258633,131084.6052464071,106163.2782339274,50196.35135670061,44392.46655663051,25233.8116795019,134041.7295764714,57967.15692073225,39867.10116068527,27367.07929157665,134797.1560230637,29122.10981995187,7009.682882332758,21223.7016278585,54665.97680722569,22125.30103317704,37210.22398950842,1778.313446985545,32897.25411860608,25386.12360465261,17646.5639930036,22176.5006818683,60060.94051579633
2979,15041.59842691612,14143.17753727781,65778.54414705664,46975.68782298223,71860.2299291344,40776.90001382976,10760.32887992348,17091.67630241537,20326.81789862883,128784.8322002635,102155.859988027,49663.22683879948,42753.28632958447,25057.29587387413,132658.5464474857,57531.88400426188,38995.67875991458,26566.95854851621,125065.1026545233,27600.42389804198,6588.467419301619,20457.85418491237,52601.93341528284,21460.53709902173,36508.83820823435,1710.334408732628,32906.85125192904,25280.2829687362,17687.80740026381,22333.94894512337,59845.99841197865
2980,14584.1886797409,13913.66359823495,64875.39068163318,46735.45984808558,72810.07091593242,40767.96906241726,10890.78684910226,17432.09214882465,20312.59740581304,127833.3069854331,98804.24654778141,49660.75144802387,42305.00089608568,25954.07088734457,130724.8082182347,57393.02043507068,38907.27927274406,26281.24779888545,120229.7034041428,26842.51060234691,6289.275860876628,19914.53241600409,51589.09705227704,21466.98614408277,36017.29705217048,1645.013516548318,32438.58718904271,24874.63602164004,17662.34732963829,22483.8727291361,59843.59678521605
2981,15019.00959435029,14026.02912512912,64811.80524114788,46735.57399532355,74035.61414362428,41676.30301226212,11307.66176403998,18795.22436973659,21309.93388980852,127750.7371875504,96543.7477074562,49661.58567906918,42159.85888056092,27873.04165034391,132976.7829678568,57242.53471681491,39339.47862556108,25374.05784054007,114272.2632990509,26209.46049382771,6122.149321320838,19355.18637522536,51562.79131888733,22126.17516850221,37041.34024913225,1633.532287325187,32919.44292336437,25907.75950000504,18023.81732761313,22708.83226036268,59693.70208024049
2982,15945.23076729681,14367.56930009988,66889.57327298954,46819.45282440592,75891.64635758949,43847.85691791386,13027.62168091686,23032.03769496264,22898.55316095569,129021.8137492581,98802.14676334675,51149.68442774149,43649.7725259447,29553.50745567112,137330.5747499235,58275.27629885857,39302.83919123794,26267.16171734894,110584.7871025635,27709.26937852078,6334.306101961315,20894.83452766389,55070.40995416697,26279.74692808794,39808.25763242921,1645.563134384542,34851.3240511409,27550.3477563708,18254.3094159646,22783.66213965786,59817.47323802917
2983,17049.72682965348,15409.98404160417,77548.27396481062,47750.41425806889,77390.08147019711,42910.28829740253,13927.80701084479,24283.59389777737,23560.38292933663,125561.5647591912,92276.48816283874,53893.58280166391,47471.48935038098,30724.02915956742,139549.7756627417,59327.73726227053,41694.26062516215,31959.31779528588,106277.0531945896,30903.32537686968,6645.620935722005,22742.57527605421,55668.9258439142,29916.60924424045,44281.01845989592,1792.681164475702,37990.69055941494,28816.26960178047,18454.53271610078,22364.05842180621,59761.61359197996
2984,18374.39596107996,15874.2666233298,75706.44720167543,49111.55749115322,77035.90278150662,40876.81870061816,14300.36509877557,23485.18930944453,24725.43913199604,112457.5371206796,87561.60746283573,51856.42525466827,51554.89736696814,32611.88325632878,139713.7840901832,64699.00962106897,43299.14281130676,31194.47899698283,102177.2987023228,32347.66978705606,6949.926481083043,24319.06617427935,60398.71732524974,34142.70347894234,48754.60400859741,1986.393168707048,38881.44870405959,28531.93944528693,17854.75828808685,21742.85964524517,60124.26621977281
2985,19364.93473283124,16622.60548022961,76235.82992857609,51485.97823659068,77882.37439656332,42449.05494817771,14340.30568314691,23566.90245078459,26860.90849796838,111792.9644473598,90980.90365938768,49642.73378047817,54695.75359673498,34243.20831733892,139713.7840785053,65982.14717856717,44123.14510371644,31508.85271333929,106469.0047867987,34940.50590618859,7731.504791236503,26006.83044202344,66748.8633370324,35443.33996979758,51428.54526640868,2193.261791020882,39487.0693554773,29252.69055122845,17372.10240897953,21085.91147824598,60213.47208839749
2986,19967.72983725872,17146.45039318333,76832.21667538617,50067.3940346802,78472.43473112934,44031.39315903508,14454.2648023626,24652.24860975349,29132.54108171658,114120.768313405,97002.7673845431,48961.56387135074,56489.74774590613,35318.83350267236,138815.4884014772,65333.57127665725,44926.57745497186,31506.85743010017,117563.6392474365,36694.34051592011,8454.508556626224,27994.85368451983,71722.36282728355,34108.44533952292,52496.55329802199,2315.333884513265,39676.2284274577,28496.55825638399,16987.3609179863,20759.63744389694,60640.68078219277
2987,20261.24393474056,17307.8231162272,79847.1666984133,49110.72659913459,80250.06298151606,43615.91117058815,14864.23497087787,25904.87690026882,29709.47249016693,114525.5887223039,96330.05047345177,49052.007635604,58262.26279823196,33958.43921008549,137464.1141322412,65891.48026327655,45467.09239620488,33754.95472842405,127467.6001449665,38424.22759361938,8403.832794772206,29134.69865068741,78643.1004499525,32747.75280918474,50862.3805200634,2350.06120813124,39952.09131269988,28816.41681330323,16998.6439572493,20833.86634753715,60518.1913502613
2988,19975.71438102097,16878.50633585328,74298.86593308799,49111.08607535117,78800.88217390877,42537.13869888107,14119.13953157322,24292.32998290984,29324.62838360671,112220.6247835858,92281.66515741782,45956.79753560798,54670.74320524259,32800.18784852033,131130.5360825537,68489.38981707011,44827.28665023409,32226.23291697056,132292.222639175,38451.71331317595,8177.560131918878,29164.83459330879,74066.390828852,31226.82058452784,46367.58290374081,2313.757429220877,39548.19996270712,28360.36377757023,17409.27291763371,21135.15646635277,60545.11684269711
2989,19681.26696810203,16289.80369619156,66108.11930328907,47155.20506542452,77826.24123310347,42034.4959454757,14228.38122318414,23209.12295141284,29290.79144818261,114645.5329467221,88855.48881491371,45201.76072695245,52304.24536287424,32042.44076103114,132037.7610663022,67349.55489190176,45476.14784204493,30054.81858889371,134548.6973361256,36975.77255755721,8234.29253313346,27806.99695187169,71856.65895013731,30876.98015026477,45835.11158730821,2147.996198757643,39319.18522141305,28138.29363496458,17620.01648662426,20835.6049575777,60004.08523632214
2990,19246.17963780528,16127.53542035323,68425.86725845953,46324.29332771061,78161.18872950258,41535.03114716164,13607.89686717992,23368.54882543597,28870.66851289832,114856.352397142,84858.71110399236,45624.63105288868,52827.27912419222,29836.70473982167,135668.7452156936,65484.7070619225,45503.37878694775,29618.79925773012,139527.7638116343,37265.34238049586,8404.2207673118,27563.37126573307,72979.19347009256,31022.11346643604,45805.65768607142,2128.361157348921,39774.8700528232,27951.27352782165,17698.08354060131,20835.44821072058,59734.85362235787
2991,18959.88624908117,16089.40181271126,71228.56625908376,45874.24062652294,78629.48687026085,41693.87156417301,14118.15397448074,23928.09844873873,28292.82718490129,115737.7659562679,84116.02516651926,46922.04624757094,52785.30241055506,29543.70047919471,139748.1859421729,65366.38263183992,46370.49778286285,29182.6577933339,137115.770786952,38423.62577272383,8455.973125336923,26631.63532578389,73981.52356415025,31445.97973149251,47433.64000001269,2087.21499771958,40711.70473548741,27409.90271135918,17646.06138029517,21285.47909618415,59908.07402065887
2992,19681.97143847917,16580.62527100144,74365.84364686822,46736.44936721343,79006.90688510786,43257.7531738875,14998.81988374711,25462.24848049618,28374.89667061041,117970.7495179547,88903.86718530106,48960.88435643409,54093.07901286734,31979.68992289637,140610.8136863629,64011.13725694009,46735.98119579631,30344.38436019941,139528.4208386367,38721.03603092027,8505.219608698677,27876.7114716071,75000.87487982262,33646.74102812928,50630.35433881675,2128.827963814551,41577.91074926699,29693.30825158972,17628.50120999935,22101.54827478255,59264.50791327705
2993,20524.16861853144,17191.0058727291,79673.98146312972,49539.00117338433,81220.68881783391,45808.22280858101,15843.00484379521,28617.0339973137,29695.1573401677,121360.8868523175,93630.33113790517,50522.24233758177,57365.30929850364,36043.40433718856,144644.5703942726,65169.88393669831,48166.11682462102,33555.20246923574,140633.002394245,41598.45405045609,8873.568807952652,29403.97738611214,77035.45373305076,35664.93719303146,53024.67392883608,2194.659547832634,42702.46344136358,30288.71966817876,17853.52857085956,23158.79131112652,59237.63301859
2994,21145.82215405383,17955.88805856097,88342.45775942429,53963.11589069427,82617.39604633942,47705.77467610279,16638.0992356329,27884.10347569812,30780.32753355118,123407.5519765354,97001.23117516638,51636.48669871948,59765.87340080629,37987.59632654324,149598.7445695137,70285.23801628998,47795.86704963817,35342.28535089167,147971.5784771667,42475.22644218737,9024.987369270162,30260.21443141871,75125.63046630514,37224.85598413859,51731.81890745631,2259.753589484078,43507.84150748907,30702.003449654,17426.76928206368,23012.68453976485,59535.74064197749
2995,21421.2025375855,18309.06701484142,87997.82196899236,57328.69309088806,82235.96464290713,48598.3986192898,16279.28842458606,27852.38561213559,30697.24432497028,123033.4616516767,95702.54286335042,55089.92565473001,58700.36154883079,38566.17161392878,144739.0813568539,69166.85053177807,49277.84548141924,38774.40339687078,152797.3560449017,43347.97220783551,9445.12609661161,31021.40518572307,71974.14878587534,36137.12243087125,51150.61601489306,2280.744869362461,45615.64911317376,30665.78492901851,17927.1452232315,23443.47454668819,60316.94739369656
2996,21421.20253926591,17984.44507183916,85359.87835097943,55372.65383618236,82348.7729848034,47397.55297922056,15859.39706651042,26803.56102270549,30040.27293491545,122660.2018696298,95557.46333427755,56134.38915835672,56932.15504033153,38926.12259611058,141877.7104630144,67779.47731099772,48409.82725089789,39354.46327641644,151589.8609098256,43346.72494264029,9436.605986755714,31128.1669865988,72965.2167220373,34555.34029137345,49298.92131217358,2457.536955433243,44635.21935054658,30091.16991266612,17630.83015365472,22867.67209239104,61560.17845721058
2997,21129.96068317535,17979.79985466246,85392.9570046891,54940.92785074189,80909.82746032157,46452.02534166782,14978.59517279437,25188.41072046811,29289.43724804147,123349.8984630095,93193.08014099237,54442.26591675902,56326.11755148476,37876.47667595623,141061.2464214515,65998.95531383585,47482.51421169304,38211.76446222964,154000.5480994524,42678.51042584151,9232.279760505053,29973.95166182593,74383.73560852741,32778.06168579858,47429.75344604295,2479.34524940009,42873.17073440376,29071.18891314321,17473.30655593889,22559.25077813525,61697.30744009296
2998,20093.66618304542,17530.5048342065,83479.89971053026,53783.07335873769,79696.32167996163,49606.30269706896,13920.65574483705,22670.86034189945,27813.15950787988,123362.771876594,88232.16468067768,52588.28299675433,54670.32860589599,34582.89364171081,138776.9438652013,63395.57245605192,45014.57268186763,35756.31562626514,157661.5347388152,41293.65885195434,9025.38823461137,28548.63050994028,68227.65839936539,29258.75836696638,44239.29061148742,2420.655023783648,40141.21452264344,29444.09544386519,17359.85707259101,22626.9495278669,61299.88336210116
2999,18384.33795886124,16498.85852254591,79384.1375239122,51090.37331363081,77299.4526233992,47005.11064231397,12488.1886028036,21060.84995316595,25924.49560569605,116433.9684683409,78861.63958117641,50557.94066757083,51838.6287212141,29839.51453796605,135569.8975595183,60794.66543522524,43626.8442220816,32682.11449117642,160989.3853092162,37347.06588367758,8611.288518232519,25821.80184617516,62790.82595467826,26838.58496273046,41838.08929316359,2176.345003273932,38449.61571032311,29506.57168450985,17884.41331556454,22565.23975416613,61438.3981555361
3000,16501.66553873568,15480.68256136406,72801.04883888656,49092.7538245164,72637.60266340474,44300.58404639644,11925.05814250534,18923.91511236893,23674.67648283776,140023.2794470559,124763.0929893654,51292.73202765096,48838.20357911142,26996.28112647225,139987.3296622535,57867.73336630748,42670.29185776419,30499.75419279711,157142.1488634717,34113.98319305413,8336.462123916486,25511.64676454887,61949.44536164081,24293.34317239354,39904.56031943507,1988.458042084952,35473.87775495095,27761.7594786242,17843.35279687111,21901.28360252031,61471.55947856805
3001,15343.09713236888,14654.81332964081,71363.14295714349,48211.08933678446,71751.84530278813,41959.10096719542,11414.6178947094,17946.8025485688,23169.99356255218,139328.935568906,117233.2823691589,50984.58944364709,45854.05691206272,25682.26031321496,137232.7959307455,57562.5136198202,40792.60520608881,28259.49562572276,148160.7544447496,32039.67610353388,7685.032937558577,23648.44193648523,58604.04635529758,22873.08027526013,38113.12950160027,1854.999481460777,34460.6892073334,26246.80694593252,17723.50163494667,22328.78893289491,61071.3314894299
3002,14882.89889916364,14415.22365417622,68575.30187010001,46899.11156658431,71578.72163344688,41440.90069763692,10786.89085909642,17582.31028522226,21983.68353390055,135490.8033846266,111608.2010235571,50382.04383423614,44567.73700992349,25488.35582062468,135385.4230063922,57849.12272623012,39890.09195948105,27940.20449569683,138556.0590569768,29414.14749984685,7185.700805686078,22380.01434629467,56382.89201850518,22422.01472838123,37230.6720548375,1787.646879999833,33556.50578486685,26144.59538426356,17535.12652535129,22179.02706345294,60506.98287672851
3003,14717.77873889931,14212.93164279864,66764.92454335991,46923.95064890693,71535.55668421714,41612.28312609709,10931.91931627351,17229.79722167287,21201.69300597768,133073.6574042007,107125.7129048709,49885.51696955255,42951.16769591521,25303.66295543755,133817.822502448,57366.22238909488,39020.33005423435,27178.25436780856,128505.6441907591,27882.31093288968,6777.523383458774,21476.13963851791,54114.66771586879,21741.25920822764,36517.58009081761,1722.202490344552,33565.73820719012,26051.7480567738,17571.78447242249,22328.75037783879,60344.98193273507
3004,14248.76998932519,13977.37507072961,65842.06257967325,46679.92363555815,72478.40879524617,41603.33077517366,11067.1446473707,17563.41885597378,21187.08285258775,132073.5694380608,103376.7736870344,49883.21150810884,42509.06592836462,26241.98089289961,131626.2623545929,57212.16441341823,38932.09901230065,26906.17375484065,123512.0660968266,27119.34185746341,6487.592813979529,20834.89599446849,53001.63876399143,21747.86339175722,36017.83507497561,1659.317135820469,33115.26915128396,25695.89952453331,17549.15506366556,22471.31838960079,60343.1718369197
3005,14694.61709841948,14092.69895233918,65777.0895859189,46680.03958795535,73694.93454581617,42513.84118992007,11499.25353848267,18899.34491260662,22211.74769376164,131986.7855463233,100848.2981019299,49883.98847129745,42365.92600720203,28249.84759451451,134178.4889386219,57045.2125969142,39363.47480918191,26042.26226301227,117359.74219051,26482.0688887231,6325.639405121399,20174.74005373692,52972.73079432084,22422.90989193835,37058.96963181843,1648.263992700016,33577.85136895786,26602.19371959909,17870.43666801976,22685.24063886283,60230.19683912094
3006,15644.32540007999,14443.23118221362,67900.19840336891,46765.24490241953,75537.31018068352,44690.59837004836,13282.06642985021,23051.59751982026,23843.89726341795,133322.7337204695,103374.4249781642,51269.93299496495,43835.28772832902,30008.16064376859,139112.7641250473,58190.95642629496,39326.90519130673,26892.75966487833,113551.6387841105,27991.88248424906,6531.229217059215,21991.87613832169,56827.33281672904,26676.40012871694,39872.06707949093,1659.846260750149,35436.31700133702,28043.13300014224,18075.3025444449,22756.39910902656,60323.48263117749
3007,16776.82928814651,15513.09057379115,78791.4918849161,47710.92884408955,77024.7198932553,43750.78323525042,14215.14748311659,24278.17445566735,24523.86205502501,129685.8848793897,96075.1651184521,53825.46966766955,47604.28764870163,31232.90653259994,141627.8471942274,59358.57732532688,41713.76977130651,32313.3653536579,109102.9873773721,31207.24493502259,6832.907805568594,24172.631776251,57485.05556225754,30400.75094041578,44419.47862988701,1801.478886542568,38456.38106179224,29153.6465485493,18253.26492986347,22357.38258088873,60281.38145495201
3008,18135.08939687086,15989.59676717849,76909.47301606224,49093.59761134026,76673.1472311416,41712.44122870258,14601.32006506391,23495.70487793593,25720.84236008128,115913.0703023457,90801.34655948154,51928.15784704907,51631.36898318429,33208.21509460727,141813.7225769737,65317.5725551293,43315.59385418899,31585.01400764503,104869.1189493465,32661.2240715495,7127.794066820968,26033.25070639235,62682.73116648466,34728.50825567726,48967.72866617885,1987.968195771336,39313.28854682436,28904.22160012002,17720.17368698705,21766.66193528548,60554.71118886943
3009,19150.74626385445,16757.63785702463,77450.40786444957,51505.56817052163,77513.39055636669,43288.44472178928,14642.72020933895,23575.7871421586,27914.82645053552,115214.5800018747,94625.99216291773,49866.43070798633,54728.90012526179,34915.11096434557,141813.7225637387,66741.11060599497,44138.02601009889,31884.39018987758,109301.2182196081,35271.35611143149,7885.179889296395,28025.19759915043,69661.05127614897,36060.43290647526,51686.29820966562,2187.123568870152,39895.89435560634,29536.49117590766,17291.1797011532,21141.94588628417,60621.9452703745
3010,19768.82705448666,17295.27453611162,78059.80888581405,50064.55004544723,78099.10926066854,44874.57438355396,14760.84376840162,24639.47134827534,30248.70481353965,117661.1874040557,101361.7334666786,49232.02139470348,56498.14785239353,36040.56427228115,140795.6587032918,66021.56774026864,44939.92742088062,31882.49009375775,120758.7878501753,37036.88995051032,8585.80424694396,30371.51858502752,75126.54316307983,34693.42600117803,52772.13137763875,2304.644114289302,40077.86498996563,28873.18391025162,16949.21393862666,20831.67996901817,60943.93063502759
3011,20069.78408632188,17460.89587320416,81140.55075880645,49092.75357934186,79863.65782384646,44458.09685600469,15185.79559101867,25867.09897449,30841.44491629789,118086.6685295976,100609.2675706392,49316.25642270717,58246.21276614095,34617.14998488328,139264.1080784478,66640.52294638152,45479.41241080681,34023.33950782401,130986.7338004865,38778.31651178155,8536.697071024713,31716.79569627843,82731.89939211297,33300.00060057094,51110.68413006906,2338.076604023626,40343.24451259791,29153.77568795163,16959.24252461365,20902.26694944255,60851.61087426561
3012,19777.01407041491,17020.27605926901,75471.17569084713,49093.11874042498,78425.14000591001,43376.73953054222,14413.47192146274,24286.73618106888,30446.05556510776,115664.0667303281,96080.95583338803,46433.52468765456,54704.23472804016,33405.24285954914,132086.085201794,69522.69491689342,44840.82581478715,32567.54700419858,135969.1826017262,38805.98557914935,8317.428311090436,31752.36298396925,77702.44893132686,31742.48077358102,46540.86799511274,2303.126438295629,39954.70187279236,28753.7090670855,17324.21757627971,21188.77474729421,60871.90450271073
3013,19475.10005611748,16416.07408206013,67101.69164608093,47106.3068317647,77457.67041751981,42872.89239155707,14526.7056626492,23225.14840850737,30411.29145227467,118212.7343170082,92248.61445911051,45730.3192511489,52370.38044495527,32612.3932890652,133114.2688977286,68258.13962568495,45488.45060149328,30499.72231732932,138299.4726217938,37320.19932880306,8372.404652931964,30149.80478172348,75274.1242317705,31384.22456478095,45999.50969137098,2143.54573761236,39734.39016733397,28558.90090973004,17511.53058242672,20903.9202573439,60464.13129585054
3014,19028.97977556328,16249.53361409803,69470.01719774869,46262.25480244543,77790.15338935748,42372.23082238225,13883.54677393228,23381.3923707156,29979.65658514139,118434.3133063057,87778.02828544076,46124.16059600304,52886.19945911009,30304.47698573567,137229.3657805066,66189.24075390252,45515.62965782634,30084.50375435211,143441.4176800796,37611.70077274628,8537.073034504232,29862.27088983198,76507.70298726072,31532.84921342006,45969.56420225249,2124.642803209707,40172.75802868736,28394.83994217518,17580.9181069501,20903.7712010223,60261.21258034337
3015,18735.4265553137,16210.39602648906,72333.87633394347,45805.08483059835,78255.00581912405,42531.45183795271,14412.45034888284,23929.7741859801,29385.98162982068,119360.7113459328,86947.29870186294,47332.51151061612,52844.80177382258,29997.89936105907,141852.7111674109,66057.96930324215,46381.09635835618,29669.16888463853,140950.5219117886,38777.71067634519,8587.223482307983,28762.60990877956,77609.18636085658,31966.91202116058,47624.71766648324,2085.030808500655,41073.9910475927,27919.92940281308,17534.67979334519,21331.72203613845,60391.76805339989
3016,19475.82239046371,16714.55239466988,75539.61498364604,46680.92880324325,78629.64879904287,44099.08067459219,15325.29867785953,25433.30478320834,29470.29992950066,121707.6591239056,92302.72796989392,49231.38852677156,54134.53885702659,32546.73553084476,142830.3515522385,64554.43342109491,46745.8833425879,30775.47404404314,143442.0962001929,39077.10485640151,8634.94562073022,30232.08382010647,78729.37474263075,34220.61491364614,50874.78541397503,2125.092204451848,41907.2794337277,29923.01734866738,17519.07197051899,22107.75207713002,59906.71503183611
3017,20339.37601771046,17341.00307038913,80963.5862976886,49527.80101831038,80827.1418506589,46655.66150621196,16200.33292412567,28525.12530534723,30826.73751199076,125270.8180384724,97589.50294842779,50685.56322141924,57361.63187635916,36798.70070647701,147401.9219506895,65839.96978491709,48173.29384774341,33833.11664364434,144582.8115730988,41973.7171449704,8991.893168545832,32034.60603897047,80965.21979246684,36287.36088077764,53309.06638248378,2188.469209287883,42989.09678781422,30445.33430480174,17719.08069026288,23113.12316373469,59886.45953869777
3018,20976.79345178192,18126.0230412135,89821.22496402515,54021.88003488616,82213.5721870937,48557.76011013967,17024.48267186875,27806.82302585693,31941.64282398268,127421.9382920893,101360.0151433451,51723.31751811761,59729.08250812137,38832.95700273775,153016.6274593021,71515.04424080558,47803.74958376595,35534.94482649622,152161.4521094412,42856.33818470949,9138.62481412974,33045.16109956701,78866.47149856812,37884.80513651467,51994.63351115581,2251.136171568595,43763.8688146464,30807.88215112367,17339.76868720433,22974.18488896283,60111.14197895796
3019,21259.15693470951,18488.50047772686,89469.06857589052,57440.68149925095,81834.94733415775,49452.52287537879,16652.55973737508,27775.73820536495,31856.28302406473,127028.7556141006,99907.37043036897,54939.68660193892,58678.26836627446,39438.33467514323,147509.033893762,70274.28316222051,49282.90410540855,38803.33001303535,157145.0937697517,43734.90573812344,9545.758829272521,33943.53985234119,75403.23648869984,36770.90502431327,51403.73029752201,2271.344776088902,45791.57535337174,30776.1099228342,17784.51261079223,23383.83886867279,60699.93416524767
3020,21259.15693643254,18155.33190229789,86773.56009298516,55453.70884328046,81946.92563871284,48248.79988123925,16217.3241724031,26747.84665063412,31181.30973686531,126636.4458671271,99745.09206923234,55912.45032095523,56934.45256413982,39814.96031492457,144266.1614489226,68735.10401576677,48416.53988376405,39355.71751609153,155898.098238913,43733.65015284975,9537.502445584594,34069.54313466207,76492.34362043031,35151.0714746611,49521.13066750263,2441.545038789593,44848.40395808948,30272.03633954679,17521.14198119277,22836.28724691116,61636.95209851432
3021,20960.52976551577,18150.56438604496,86807.36058480336,55015.15541145206,80518.5677932728,47301.00665874724,15304.33488965907,25164.93243216326,30409.90014523357,127361.3423308006,97100.41688895533,54336.48707110015,56336.77477896184,38716.68975645614,143340.8396920377,66759.75788194693,47490.99383970359,38267.53237008835,158387.645454791,43060.97820611898,9339.500805938562,32707.30572171568,78051.18633887568,33331.03858865127,47620.76624562815,2462.540194425265,43153.31684915767,29377.27121388345,17381.13192646808,22542.99813439296,61740.305626191
3022,19897.95689579007,17689.44034578996,84852.55680147847,53838.99025542557,79313.99091918438,50462.84199869237,14207.73488640252,22697.62874876445,28893.17041517187,127374.8727615326,91551.39673578912,52609.77540143037,54703.8258476924,35270.53214375296,140751.9750917554,63871.51372030583,45027.75497285751,35929.22334509048,162168.3927597964,41666.888762204,9139.013271335116,31025.10158104154,71286.13285732883,29727.07477789762,44377.05434047259,2406.038277173824,40525.18064775229,29704.3986397651,17280.29580665904,22607.37535253463,61440.76879903223
3023,18145.2835039629,16630.63289480971,80667.41742146834,51103.70703067099,76934.75788833946,47855.41721068966,12722.92069845625,21119.75185849504,26952.75458920204,120092.4457692234,81070.01824046139,50718.81095111229,51911.18653657345,30307.41694721982,137117.3389401071,60986.01630089495,43642.6708298733,33001.68026068616,165605.1062239282,37693.96942539738,8737.731339375094,27806.82164249857,65311.47383197119,27248.68159196766,41935.77678708363,2170.837536035912,38897.8661037725,29759.2051129617,17746.53165544525,22548.69327083066,61545.16680619299
3024,16027.47666759576,15256.68033892807,72862.71035376923,48537.2702950306,72480.05513109238,45035.63939104498,12115.61961096324,19469.94286355425,23475.32371147586,122142.2717364822,88803.45414900266,48766.69186390323,49884.04868099167,27402.89962077132,140445.9266626396,64182.97373029792,43147.74862943131,29419.30632795189,132036.9855362404,36577.15090051588,8748.169245183199,28639.45674665715,67007.21959719654,24025.06116258538,38086.0262140076,1868.58702339491,35792.60271923791,24985.72981841125,17175.49551914589,21724.7947947903,62597.12548821884
3025,15177.41107777948,14689.70147130242,70822.23453662165,48324.23903012079,72295.46362795221,43398.12274011065,11572.88366465019,18714.38649337444,23485.13074027091,121949.2284730353,82157.94234707052,47301.70152527524,47545.19345655156,26603.34080554829,138389.9739608857,63191.08601135042,42003.14108977877,28299.13691439051,127558.3174401698,32846.09581238787,8137.484361599271,26708.7298765278,63028.5691153582,22585.61257687624,36784.59051443443,1787.098683152462,34830.44804563544,24585.31860126135,16980.17297425085,21617.51442866982,61967.39085058725
3026,14569.19064134364,14414.3086278484,69598.26621227933,47894.6655196984,72332.81608758161,42565.28506746628,11471.26497526191,18109.84236405055,22713.93528589277,120568.8803039556,79009.37996510528,46764.68297434669,45593.01191303159,25674.26946960757,136228.5152480922,60883.16274688352,41842.51662873316,27264.62734881042,122209.7871028959,31014.00765689918,7698.217047456519,25081.46336092083,60131.99813134944,22304.74515260571,36522.66186600332,1742.872164661034,33690.73932201344,24586.22231761843,17247.83720194078,21259.080875971,61376.90909255917
3027,14205.68790457448,14206.11201440181,68398.28266662583,47406.27634572851,72030.78989183556,42265.59009744949,11091.31467569503,17808.7416654887,22203.67619757603,119089.499936501,76231.90199035614,45871.04228504621,42867.74240475164,25344.75050605165,133155.6078323421,58229.84504309615,41697.47744545774,26765.84386037011,118654.1797919565,29163.51797824725,6876.975414559567,23974.6984742069,58214.54043909165,21724.59766232558,36006.54391558907,1668.471588954431,33353.60443383868,24658.77929954217,17284.00804333824,21336.08211155114,60954.73901276282
3028,14205.69176397325,14108.97352165855,66296.95272516744,46869.03063976573,71786.56041100054,42265.59011185548,11193.07400664243,17511.45096929928,21773.770776174,118204.4672557048,76758.19450818514,45728.09703081324,42059.4578593054,25344.92794346473,131797.4818238162,57850.50238651234,40147.86594224527,26494.7833571153,110011.4700522043,27616.48146687457,6666.36006993448,22904.48918558573,56764.92192015256,22016.90877364963,36001.25737282984,1624.412921786825,33346.83696193605,24506.48616829858,17124.85634152664,21238.81808509488,60798.58183857338
3029,14439.97487692425,14149.30348382927,67162.84223920347,46869.07308891566,72479.3561514756,42579.04086939051,12298.8793264627,19209.55604271197,21956.98141498572,119296.7568696053,81342.58470306879,47162.23393498833,41698.3539309318,28178.61535801799,133941.4979543623,57089.54587442015,39601.7688296616,26150.17936611093,108519.0567855598,27296.64978969934,6591.890171828151,21767.48538302715,56766.1364241089,23504.85237814586,38233.10605005223,1622.236665266082,34193.48873239398,24901.36544496813,17269.53970711645,21731.16685718305,60828.34969387685
3030,15444.43710530598,14599.58230984685,72693.25379855372,47969.69524557266,75066.23168153071,43475.43185505141,13776.04436000437,24109.46052931696,22306.78795125539,123259.04903126,86007.16840912806,50748.20745272172,43126.78326260883,31074.40321102872,136397.4495424563,57090.66140020975,38860.51739731478,27077.60430869393,107380.7333927416,28530.63947790642,6699.107874968635,21288.0155256514,59149.79668951095,27644.09042766281,43073.8879859244,1622.258304081534,35270.25387644652,26287.27944304406,17638.48229173083,21673.83454176199,60800.16359366215
3031,16882.40938079327,15325.55926164906,76303.5951872671,51039.62061549327,76718.78141732841,42881.14762585612,14417.33977376354,24722.47248980521,23457.12095040296,129597.3414718644,101293.0559430445,49986.41089325325,43647.33202028905,33523.5551141285,135562.0949307312,57849.84305820821,40004.67599300478,29713.29590628309,110674.7856156506,31006.16963470148,6666.817926953169,20976.89134836763,61141.84206789252,30452.61151791237,45397.32396889945,1763.32049305237,36766.53369024867,27135.19078830861,18159.34240920293,21843.33602370719,61060.47597786199
3032,18696.12216797545,16271.79598572297,77471.76774199287,50441.25307028294,75447.73336157667,43526.98817227556,14789.65372513051,23841.63872509165,25666.67217401928,132572.4788261618,116571.4420170173,49643.91282021604,46279.82972495213,35859.73744167277,140535.1715375376,57851.70886974785,41106.76924822562,33725.4798165184,125169.9977421049,31628.36273762213,6889.125251017852,22653.01395187497,66567.96880747892,33749.29547399459,49529.1381130934,1996.823742635529,39115.03042300267,26219.90895267134,18115.93740053757,21110.63738718652,61713.96931928479
3033,20027.30750434436,17448.5487079086,82426.41614136017,50479.26404298509,76158.41352627128,45978.93992544516,15877.5260996731,24151.83289305931,29527.56793333998,135050.4467352637,123341.2549796195,50056.08218441292,52080.91167624095,37373.64959886674,144538.9174256374,63149.91654895122,43699.34013867764,36358.79646038919,154004.9048509052,38173.62049875866,7888.905331696539,26345.70762525397,74788.46517333768,35179.9805106565,51610.09400205372,2230.698831281117,40964.67634139096,27626.6926972346,17725.29231074753,20659.94037849528,61925.8812787631
3034,20514.54620411196,18029.93105555885,83191.58695948402,48540.382066684,76012.38624260215,48424.35028350345,16625.67960391301,24469.16643664705,31323.93581554617,138122.5305864098,121589.4932708082,48611.10562665803,55773.20891128937,38635.63099316732,148471.4141776438,65795.51013898749,45754.46124804735,37185.27608464877,161353.8851115055,41206.49879541405,8525.069454521412,28862.00821024873,79628.34416723262,36011.6732386396,53207.74088894065,2273.730592387496,42190.30102344649,27995.66899852994,17414.22307439224,20890.43627988734,62079.39323362162
3035,21007.01409841596,18488.60715778175,87145.90997172587,48545.19522374805,76882.20248041794,49652.38819122456,17200.77303726457,25792.53520615414,32111.46246350599,139018.0690230399,114690.2462838895,50588.11483115458,58459.52190200591,36858.10352996847,151857.0738008735,70741.47889412222,47151.67748176256,38210.5586008383,167940.3422981716,42090.31265817834,8822.518137208212,31333.89819079252,85491.21361036654,34726.30554953539,50055.09775013645,2330.539815894731,42309.26417089865,28747.58890075257,17226.1346984511,20886.20036232331,62416.22106380919
3036,21014.40761949578,18170.39390303769,83437.10365545501,49246.83788234754,75393.59822688418,49644.85354979464,15520.30362308514,23922.28400705914,32352.89695387875,132390.3275595721,123531.4499867573,46584.28239991414,56549.46574064007,34198.25312968956,150227.1561836254,73048.4289701161,47210.44014990271,37825.07128654881,157501.8272881787,40657.68498544428,8822.523736469095,32824.81730731908,82057.00864740979,32739.48103687152,45386.56858795338,2245.500779260499,43172.03659516468,27527.46747572641,17226.1346984511,21217.09403362395,62500.59929822648
3037,20275.73802476809,17888.2871583921,82696.59404605959,46855.79581373218,73616.94758415285,49038.51010099214,15500.26106683674,23245.00410120817,32592.34997128438,125664.3263797761,126962.19966936,47606.87563086604,56220.70495467721,34532.62669088815,151042.1363829422,74061.62302506488,48517.1046611932,36636.33026132512,151046.3191609045,39665.43663033016,9135.468941422481,34201.40922529394,82655.11298432613,32587.5221827992,45908.0104279767,2114.767569721899,43475.07135721947,27465.64965480839,17414.22307439224,21447.96821251441,62575.61084608567
3038,19794.93370152421,18091.69391736739,85481.68592204616,46312.95046870618,73120.26838227066,49027.39017758498,15890.65529905588,23547.39758377097,32811.15495062723,132298.4794442308,124700.117338243,49064.21352432523,57290.17754816789,35477.18026750081,154291.3602537427,73112.71216350934,48522.98207021904,36179.25093289964,162258.4102083279,41207.26485818309,9158.025210470094,34563.52749035646,83547.24040817005,33735.97672591014,46435.17884772024,2076.460530567572,44440.50592482589,27428.46077200823,17472.09642096535,21674.24952889094,62477.15969427054
3039,19792.61747234625,18067.50007104229,89293.59024806682,47422.7701831242,73597.06078457324,49372.32321143293,15890.64004766719,23850.4265732506,32720.69794942864,137053.4926821122,123389.3101728345,50962.01531783989,57290.16298910165,36127.23415095324,155932.8182596015,72318.61351559921,48529.51347504871,35845.23852086056,163410.4239208226,41209.27492809446,9045.58707516509,34089.20238188714,84563.86218000732,34589.75899578579,48008.6387054603,2068.747426395858,44889.73794071718,27770.87168257542,17370.8180640409,22012.64053965934,62475.9650884859
3040,20286.3546027458,18159.49335646274,90934.12124283663,49098.36298237535,75305.7786867978,49951.95719621511,16256.59153109294,25505.71127662274,32716.8557167935,138444.1148624118,116176.5664135104,52678.17723465479,57491.67298644394,37447.58146297227,155935.2219821097,71142.91775833262,48474.01104968396,36270.41413588829,163538.3738389718,41927.13477244786,8748.677549578926,33821.30041273854,84547.41429519826,36572.55459948657,50582.46126134773,2075.483228658102,45756.6141548902,28579.79697043629,17262.30553984855,22852.96555940408,62506.82553624312
3041,20762.93632058459,18260.91957901633,91538.04324410668,53549.34856691484,78393.73941569681,50267.94977558695,16812.81831761636,27775.9001947634,32472.73830809506,140231.1748290294,105275.8323123437,53456.0056408653,58849.33425296834,39289.53353370275,155116.8188568066,69502.24634546366,47993.54855439752,38467.60440183147,163410.4141481618,42752.89493276062,8748.167736136404,33614.37667410666,84563.86322524058,37935.33709727414,51108.29974127619,2157.305556421495,44319.19646575575,30128.18960549702,17298.47638124601,22912.68848591087,62900.48177412514
3042,21007.02046035757,18091.51573235536,91931.32571938843,57621.15654216077,80891.29548066523,49951.2247222219,16721.43917934478,28077.48322536323,31152.59004631231,140729.9664865227,104344.7495268943,53239.13619633421,56903.78961090391,40226.74992686725,151858.8709198001,69503.64558693227,45128.52657144746,39062.87770906248,149948.4581456562,42737.24950613793,8599.860305942113,32508.49776614605,81722.15131851232,37355.73867575156,49051.37869428762,2262.863351278415,43538.76248445857,28985.60124858001,17450.3939157897,23187.4538361414,62878.68671330602
3043,21007.04113013052,17773.02409704977,90379.44950735674,57160.34417941389,82069.62606928693,49035.76690439639,15707.6761617962,27172.70112498034,30770.29290140633,135488.9847931217,109322.0233074032,53741.60949552416,56507.85963029251,39308.96628055262,151042.4449667253,68469.4590926296,43073.42287508473,39338.1500853242,150055.6002379138,40900.38331977588,7997.94494804623,31116.68909379741,78708.07970543006,37890.75373052643,47992.53280795675,2330.954607732342,43670.47434880531,28741.1708634137,17406.98890543836,22577.76347181883,63016.98348905462
3044,20981.52120491643,17764.96420354927,87591.35898961707,56550.24363868933,80294.15507812936,47763.46484529544,16259.05279217837,26217.44094446059,29977.23981346703,136881.3064339238,109322.0201934156,55865.55068144124,57510.82341804542,36434.00974533297,152672.4191430284,71518.83423691044,45782.09657587749,38672.87923589881,152205.5178360729,42789.66559658908,8821.96096953,30124.0825050574,78721.91239179471,37891.14901123994,49036.46103734348,2484.194033677952,44399.17919471157,27836.3090943679,17406.98890543836,22850.99818582617,63016.04705380339
3045,20761.24679897172,17709.12289823958,85891.00490518233,55765.93163106861,79980.21685780711,49024.87177223997,16217.93538917089,24770.60913376623,29438.27295400105,133324.6445949418,106575.2031441249,54192.56228482096,58617.9666348721,35066.90785954012,152601.4475461891,73048.42812765783,49295.4983879681,37243.57595088006,152205.6244894208,43679.76378294553,9116.138787704116,32192.79676066083,79712.18794700736,35709.73800333831,47116.77886581971,2492.134207643591,43533.77196776558,27496.26030331547,17168.26135187799,22350.0572674143,62915.26043434113
3046,19530.59023888842,17086.46272992208,83887.86671752202,53635.87089653505,78467.96135424991,50884.46770965868,14686.1380654979,22454.78542820225,28831.38137824452,132536.7129074039,101437.6746468135,52813.49839526581,59042.20193993376,32246.85921788857,150233.9741733884,72272.83103435278,47621.55825658599,34843.29820231974,147705.6937933083,43679.76103988589,9341.905719059321,32397.88243825846,75785.27199298971,31825.45011131539,43321.4128887317,2340.877906937327,41560.62505311873,27500.55818602693,16994.64131215862,22121.19753091193,63050.83556883129
3047,17597.85137020145,16161.46127363526,78159.66148609758,50114.68182648916,75495.8943591138,48846.73341793906,13162.25652737467,21176.80139430186,27216.49858331479,135408.7239084794,99593.68526596302,51665.40025874656,56327.72888861442,29454.26687910338,144558.63637329,69099.95890281977,46123.53801697553,32248.26980454798,143198.5517385738,40900.73202003369,9275.738425425641,30426.38799972518,69919.80251716671,29273.34962607138,41330.42239121204,2103.262084761297,39458.1219083633,25664.66728285084,16721.0405544771,21903.07433337752,63342.49649016071
3048,16264.14593764141,15303.71826251225,73031.77553587686,48716.46881711985,72621.16648979821,45446.42896550421,12412.0560590015,19302.51031970666,23819.52846548253,122843.3095092644,93203.89002089351,49020.51392463416,49533.27249809267,27464.23894989135,140913.6693037695,64561.08121622055,43627.14210908613,29390.15582140299,132818.7228280177,36211.9182882192,8406.97266816394,28066.56908117099,67911.91836089418,24351.24246959139,38323.09493268997,1928.760276794104,36237.87829796709,24681.22373429761,17067.64458427682,21854.00171432962,62308.08893147019
3049,15379.07929476283,14773.0207222074,70929.51447126044,48500.16892555969,72452.00201409085,43810.69608098801,11857.84433608713,18552.54349033593,23829.12577370393,122642.6840145141,87340.11628652211,47560.5972669968,47189.51947421619,26675.76649962956,138872.2039543105,63584.73284039817,42562.80051955542,28193.76071462172,128329.2413134015,32460.24001293415,7857.407461221164,26451.24395569554,64392.87317162265,22972.66935574373,37059.02236005903,1842.023864889043,35289.71832755154,24264.3910349475,16835.36726975045,21755.96504552406,61837.3949943691
3050,14745.81566633768,14515.25043660463,69668.4846021655,48064.00429141183,72486.23278388304,42978.76562835357,11754.07698972144,17952.47172629825,23074.42211887439,121208.1194023921,84561.93185969902,47025.43856506632,45233.24986506331,25759.57729782245,136725.9760461056,61312.96650259527,42413.43989745195,27088.85446812511,122967.7973384345,30618.02509811699,7462.103698365086,25089.80618364611,61830.90794416946,22703.68004726889,36804.61346334848,1794.949037820699,34166.5868609385,24265.33181410761,17153.67321869253,21428.4155342252,61396.04054621951
3051,14367.34587440194,14320.37645282002,68432.16576662342,47568.12156070783,72209.44808803227,42679.39711964198,11366.09290358291,17653.59854471416,22575.07477874628,119670.6328677935,82111.17970071643,46134.89280933514,42502.27336674736,25434.62731333607,133674.7219943969,58701.21682453444,42278.57163079829,26556.12958054223,119403.6052721143,28757.30694680156,6723.055066140342,24163.84137880384,60134.9509109059,22148.06747443613,36303.31282623276,1715.756861844825,33834.35565698766,24340.86446987899,17196.68753590038,21498.78204119355,61080.49033647878
3052,14367.34989270965,14229.45391211993,66267.20792555666,47022.63267206949,71985.62981159531,42679.39713403228,11470.00386527632,17358.50717943389,22154.36276479285,118750.8384326779,82575.5623298683,45992.44261544488,41692.29619169768,25434.80229047246,132326.1660746818,58327.81711450599,40837.62710322258,26266.62385416762,110740.0283379687,27201.71928226733,6533.518909989019,23268.46048357072,58852.7892586979,22428.01650696916,36298.17805568038,1668.86069618398,33827.68661911361,24182.32556220152,17007.42454058683,21409.89866492249,60963.77095861162
3053,14611.27950325598,14267.20313514516,67159.31642119288,47022.67577253425,72620.5259266174,42992.50644591863,12599.19067456864,19044.0498180891,22333.65549522825,119886.0303077353,86620.67241530275,47421.61269290668,41330.43607516914,28229.19892082586,134455.0743104873,57578.78207711184,40329.82521592953,25898.57012620149,109244.0117479816,26880.11975434175,6466.502243842595,22317.19656403402,58853.86346572483,23853.03374512873,38465.95223005171,1666.544282799774,34662.02369573351,24593.39944765154,17179.48180941823,21859.82473482249,60986.0208844924
3054,15657.0999940775,14688.66834145805,72857.18786608934,48140.18522934721,74991.20624135452,43887.92098218785,14107.58934215162,23907.70523424812,22675.98151635201,124003.9508768531,90736.54252923663,50995.16695763199,42761.85668236524,31084.8349296222,136893.7199382613,57579.8801265906,39640.55426460809,26889.10481656188,108102.9399560806,28120.93024784079,6562.98918956251,21916.05245633576,60962.16833646201,27817.21999223108,43167.75937828844,1666.567315214037,35723.12710783535,26036.15191846668,17618.22784774527,21807.43239667112,60964.95323839385
3055,17154.28010542998,15368.18958049977,76576.8497545971,51257.21373167777,76505.64599010281,43294.28411389132,14762.44450435522,24516.18218516614,23801.71496537471,130591.194762309,104224.2901248204,50236.0087177624,43283.49552180228,33500.02786519319,136064.2516859551,58327.16811552498,40704.47839250756,29704.15090884409,111404.9454286238,30610.14375171348,6533.930942927754,21655.75323510217,62724.09684403113,30506.96640146782,45424.49146371221,1816.714294406412,37197.64327754446,26918.83741706974,18237.63401714231,21962.3289658052,61159.5232265654
3056,19042.67166830246,16253.8760331802,77780.39436802281,50649.66518617731,75340.8243472187,43939.42113850072,15142.63077698718,23641.86475261285,25964.01555276736,133683.1876814013,117705.418687123,49894.69681361425,45921.50594295988,35803.8176164739,141002.285311115,58329.004696452,41729.2870246688,33989.35736029571,125935.1551910422,31235.77599034935,6733.988900540052,23058.06601000101,67523.40889380351,33664.23086497677,49437.68469069783,2065.255790978281,39511.98072633701,25966.01846027213,18186.01683769588,21292.76251892919,61647.97556086999
3057,20428.66793826546,17355.32762312424,82885.06864611094,50688.25937692697,75992.11021580469,46388.70195138176,16253.50546126405,23949.76413090096,29742.34713386425,136258.4836480275,123678.8715406973,50305.43871729281,51734.73594668649,37296.73846899524,144977.8186449416,63544.20835664954,44140.05309681298,36801.86688715032,154839.682086931,37817.21227809846,7633.707170478095,26147.52468153943,74794.29089807876,35034.41104751838,51458.89808214881,2314.19307406372,41334.72323060804,27430.49657809836,17721.46220864313,20880.89933304959,61806.3687451814
3058,20935.96846360142,17899.50695588621,83673.40870150627,48719.62833397046,75858.28699826408,48831.44849477119,17017.47815444194,24264.7500683246,31500.30019028189,139451.2308672044,122133.176550882,48865.46652707517,55434.76522565434,38541.22173051901,148882.6049025392,66148.35493027474,46051.05821642689,37684.58709567203,162206.4059261437,40866.85463083423,8206.20155703967,28252.76474479003,79075.07730238058,35830.93080179307,53010.67786744703,2359.996198108438,42542.52099344308,27814.60516716316,17351.53908025461,21091.53480310782,61921.1109589751
3059,21448.71349311302,18328.83209152253,87747.46791636801,48724.51534129056,76655.40932149572,50058.14868615293,17604.731541102,25578.32866990434,32270.9858006765,140381.9436965922,116045.5155136882,50835.62878265014,58126.70362751829,36788.34075712255,152244.4073408873,71016.83799413219,47350.29423889975,38779.6384071854,168808.7656348907,41755.55372264855,8473.88043898005,30320.84907860161,84260.68046188579,34599.92237592798,49948.54446787707,2420.464090759948,42659.75380170495,28597.36246544634,17127.86462997179,21087.66386882293,62172.87226928269
3060,21456.41143896512,18030.98149914989,83926.35959968177,49436.92359288328,75291.21349557152,50050.62225229773,15888.72976221837,23721.91342774545,32507.25728185785,133493.8819924773,123846.6931503045,46845.66276947427,56212.64761533112,34165.37078604856,150625.9750028061,73287.6463898547,47404.9361571526,38367.91931277102,158345.0475892241,40315.00728486724,8473.8854778455,31568.21303579136,81223.18759614362,32697.12231604089,45414.04486072856,2329.948307918246,43509.97705448461,27327.20197706475,17127.86462997179,21390.04644297187,62235.9406174252
3061,20687.32746917001,17766.92693903237,83163.42749006099,47009.19477863595,73663.04443372323,49444.93930064579,15868.26341996578,23049.64398017707,32741.58966331839,126503.7011889936,126873.8700597188,47864.71446728424,55883.19837102536,34495.10805625482,151435.212411809,74284.96730737938,48619.97042414028,37098.28640850691,151873.9531068535,39317.27433543589,8755.50993089014,32719.92617918499,81752.20018448624,32551.58992765615,45920.51654304975,2190.795522642788,43808.60412444307,27262.8489118719,17351.53908025461,21601.02759665487,62292.00785381332
3062,20186.7262528016,17957.31757408658,86032.85145630597,46458.02033336041,73207.87463797492,49433.83149030377,16266.91226849664,23349.80038185758,32955.71555924725,133398.4263249069,124877.8854984796,49317.00518236146,56954.91054831361,35426.5648281341,154661.5404976712,73350.92249486454,48625.43567807946,36610.10358069652,163113.1149330586,40867.62492797009,8775.808682341569,33022.8891414759,82541.27093433622,33651.47537777035,46432.55039979245,2150.021405547418,44759.99628224706,27224.13485557312,17420.36198818816,21807.81162688062,62218.42073077642
3063,20184.31465397061,17934.671906905,89960.17957227396,47584.86846986042,73644.81965106986,49778.38878448409,16266.89669462787,23650.58758902969,32867.19295577244,138340.2039677051,123721.2738098036,51208.23434489695,56954.89595875915,36067.60532262843,156291.4319045573,72569.26454072389,48631.50906616878,36253.36217129022,164267.9100989177,40869.64610842444,8674.623785255995,32626.04934129069,83440.4547082875,34469.15048893143,47960.837545256,2141.811556401953,45202.69414214765,27580.58856622233,17299.92189880319,22117.04554030907,62217.52782499284
3064,20698.38117978032,18020.7784852712,91650.38555590675,49286.17058122101,75210.7333748572,50357.39136705343,16640.58596932992,25293.62663904577,32863.43288820983,139785.4461271665,117356.9938763334,52918.45270163194,57156.82793842049,37369.6452232375,156293.8186891396,71411.98774301683,48579.89876518002,36707.47029027969,164396.1689428433,41591.4738807695,8407.430099513465,32401.91158849648,83425.90684835988,36368.09202574954,50460.76781517515,2148.981162725886,46056.96149451291,28422.68912901799,17170.87894717964,22884.96485890279,62240.59440699026
3065,21194.58592694114,18115.71438130736,92272.5942087445,53805.44947523218,78040.62125605965,50673.03973193982,17208.5737869499,27547.02089552633,32624.53586216232,141642.697105779,107738.5566192958,53693.58726536831,58517.33228497664,39186.05751814586,155481.1824739337,69797.0197999591,48133.12884778251,39054.17575377226,164267.9003026615,42421.79838171265,8406.971310148316,32228.79071923185,83440.45563277774,37673.24132397646,50971.50991355887,2236.073071860388,44640.45128986823,30034.58373656743,17213.8932643875,22939.54182370797,62534.83200073284
3066,21448.72011700464,17957.15079124332,92677.78520793826,57939.73288134189,80329.44687962832,50356.65969095294,17115.26249993461,27846.3728408976,31332.61860249992,142161.0799867725,106917.000816738,53477.46890181641,56567.71347562229,40110.27884104844,152246.191796344,69798.39712030409,45469.01739845633,39689.95643421805,150773.4413859918,42406.06647591621,8273.507054266383,31303.56716047835,80927.01227797275,37118.15459932912,48973.64134393345,2348.429076992652,43871.36885341608,28845.13606711955,17394.55339746246,23190.63231317866,62518.5413246714
3067,21448.74163784581,17659.03963205292,91078.9184582116,57471.85008426102,81409.29981350285,49442.19909224676,16080.0641638023,26948.2842403951,30958.49677533728,136714.2463265778,111308.7780240916,53978.20199210593,56170.95437757969,39205.22081824623,151435.5188211444,68780.41264008368,43558.02847075695,39983.96064465668,150880.8421650426,40559.04711994151,7731.833685371495,30139.12305754375,78261.11984571358,37630.54342470209,47945.19403455587,2420.905596324737,44001.16494631953,28590.68121448754,17342.93621601106,22633.4752630816,62621.91098226289
3068,21422.17094164736,17651.495496107,88206.40505187074,56852.38851905202,79782.21181517364,48171.28296695324,16643.09927208047,26000.09099223546,30182.40290633976,138161.2546968775,111308.7752764147,56094.78736158105,57176.01847296293,36370.1272884623,153054.0073197352,71782.01495102968,46076.75560852936,39273.41920395961,153035.9505829561,42458.77229321884,8473.379034772062,29308.66775736099,78273.35460939248,37630.92198866716,48959.15196040329,2584.014059810044,44719.27065644324,27648.70966729965,17342.93621601106,22883.16700195237,62621.21104554527
3069,21192.82684006608,17599.22751035406,86454.56454598045,56056.04248848487,79494.51062881401,49431.31582828777,16601.11246999498,24563.96271839017,29654.96170273599,134464.8965418988,108885.0772758978,54427.59300277905,58285.4801596832,35021.98109442923,152983.5358270691,73287.64556059481,49343.77905525231,37746.85417227729,153036.0574938107,43353.7904448537,8738.11441281849,31039.43877743889,79149.23562596619,35541.76465745002,47094.58225328077,2592.465602664302,43866.45092463621,27294.71495033325,17059.04172203823,22425.3891187716,62545.87828173195
3070,19911.49857173228,17016.41175011999,84390.77168767968,53893.29935267772,78108.64017950813,51288.88608567292,15036.92635025199,22265.27127670458,29061.04833394142,133646.0169714896,104351.8967534646,53053.30520631942,58710.60385638894,32241.03412716967,150632.7449493337,72524.19930768161,47787.22448218409,35183.2414557299,148525.2620421507,43353.78768663186,8941.285727004142,31211.0218496092,75675.94870123139,31821.74651470499,43408.17804882628,2431.46798309982,41922.00376707863,27299.1890958501,16852.57299823758,22216.24883521582,62647.21365382797
3071,17899.18008412067,16150.60170734793,78489.11741324188,50318.08322496069,75384.96034350953,49253.37152222078,13480.82338987513,20996.741658375,27480.69935686194,136630.8330056312,102724.8232006424,51909.18326236406,55990.4464239066,29487.16276458595,144997.3986422471,69401.03476683867,46394.25336523672,32411.62562738685,144007.2378205672,40559.39774761947,8881.740708949617,29561.58890776347,70488.0458593167,29377.57647089508,41474.34721791468,2178.549053028346,39850.08188775561,25388.00547234853,16527.20733560605,22016.91998830015,62865.2150454544
3072,16341.78341933152,15117.63374560703,72963.26390867548,49063.15498263827,72657.46003277655,45286.42874283771,12501.41618788999,19015.10700972631,24005.77993146531,123281.6551027679,96340.52978757236,49384.86321656076,50021.3846855216,27606.94703591596,139268.5694301729,64057.7462719054,44053.43610383449,29426.97787149676,132748.4813965174,36110.10168135892,8165.689371421362,25729.57143532802,65862.93983432192,24311.35252217469,38894.58449518517,1977.141654509135,36009.45368701832,24398.46301651285,17069.82651369856,21932.85797772722,62265.97680271632
3073,15442.37865436216,14581.28109551621,70860.26020369775,48847.95842776031,72486.99893669623,43726.8756199143,11959.71450080833,18293.17955510662,24015.30563099687,123075.5412448097,91106.00171105516,47776.79987315455,47672.70240761522,26817.19389705734,137514.8148997028,63188.87305708788,42937.98097500224,28228.0074090023,128248.3661781221,32277.84662639622,7590.941472557161,24483.69755223121,62364.89721571392,22941.46984487736,37654.65760840179,1887.764546061335,35036.02833328584,23945.86457801749,16837.41158499985,21835.99615349191,61766.55505840413
3074,14798.85612476493,14320.76401130609,69598.78486582011,48414.01865113267,72521.49208021269,42933.69004068997,11858.28946004106,17715.54296607986,23266.23306966571,121601.7323100933,88625.94619685544,47187.33533969828,45712.31847849934,25899.51656074032,135671.0623626183,61167.1798068908,42781.4475146831,27120.72274537714,122874.223185045,30396.06548696753,7177.523730232168,23433.64283760611,59818.22245849737,22674.17622776235,37405.10830395664,1839.256522364738,33882.96906133962,23946.8860794004,17155.9061163259,21512.37190576558,61298.26347659132
3075,14414.25510403632,14123.81345152662,68362.0292908633,47920.66539745673,72242.58587111825,42648.26379714768,11479.06320889494,17427.84390155444,22770.61152514282,120022.1858940234,86438.18596497895,46206.42045121774,42975.59833877891,25574.03877120563,133049.8321672503,58842.92814091763,42640.10238522902,26586.85111615757,119301.5890386044,28495.3837072385,6404.609719003904,22719.46130917835,58132.38733487625,22122.06620097679,36913.38326238899,1757.653334672813,33541.88497498538,24028.89970767579,17198.94591763956,21581.89515979963,60963.45432834238
3076,14414.2591874408,14031.92204078168,66196.30666130276,47377.95902477918,72017.0520611104,42648.26381086781,11580.62862320913,17143.7852607265,22353.03858262672,119077.229323144,86852.7353696216,46049.51496359443,42163.91766373865,25574.21403255135,131891.3329282507,58510.63178594998,41129.95848081221,26296.7222008196,110617.4917146354,26906.385863228,6206.388459487179,22028.86865064687,56857.8779545928,22400.25045275201,36908.34657367096,1709.329411743614,33535.03822891492,23856.75759366349,17009.57079226066,21494.07693754971,60839.6112305356
3077,14662.14046938463,14070.07351929961,67088.73030132649,47378.00190539028,72656.81455977494,42946.79091745786,12684.32667637807,18766.30969663842,22530.99355072027,120243.4758023476,90463.76186450364,47623.71168300063,41801.29650267187,28373.14950493837,133720.206714665,57844.04955253003,40597.77010709516,25927.87620175027,109117.9316871234,26577.87917205315,6136.300892861896,21295.17432831394,56858.94575047462,23816.28447357847,39034.71300347432,1706.942474980809,34391.60767846147,24303.10309139193,17181.72999751533,21938.61121673843,60863.21913350248
3078,15724.90330234852,14496.02985630679,72788.61456441169,48489.8109932962,75045.66578410199,43800.50398367322,14158.67676541009,23448.1252613098,22870.76536421627,124474.0472774387,94137.95507976993,51559.89638828194,43235.72759592372,31233.42382477787,135815.1655240579,57845.02673014851,39875.39786742199,26920.54311344746,107974.1571734522,27845.3392091485,6237.209153828482,20985.77843069712,58954.66771316536,27755.48074466287,43646.70856907301,1706.966208618643,35480.98604972859,25869.648893687,17620.73597372333,21886.84673400839,60840.86566825947
3079,17246.33780335757,15182.79206956982,76509.59045292407,51590.93966386339,76571.71348672856,43234.51412029272,14798.750101092,24033.85278840535,23988.09934377154,131241.4935196689,106178.3230537618,50723.70171169358,43758.46351782866,33652.53967490443,135102.5971203138,58510.05422793386,40990.41548660299,29741.64886360997,111283.9837157466,30388.01486871653,6206.819372985354,20785.01389332271,60706.08057629266,30428.2711649346,45860.3336801374,1861.684423813839,36994.79328571042,26828.07197079472,18240.50911424506,22039.88706511019,61047.31082343166
3080,19165.32140017634,16077.91639174361,77713.56022801105,50986.49019803268,75397.96366039023,43849.60566180731,15170.35455616745,23192.22388710785,26134.26629155435,134418.0718011433,118212.7822875602,50347.7547979724,46402.02205918783,35960.07139239214,139344.6964750897,58511.68864041801,42064.43914222271,34036.07963473204,125848.609467174,31027.08414202141,6416.044573809802,21866.59482995624,65476.7490920832,33565.63243562989,49796.86888526371,2117.79278482371,39370.80030988372,25793.49773348627,18188.86135387235,21378.34451902668,61565.57481109659
3081,20573.77087622948,17191.1050431812,82820.03777269347,51024.88752143268,76054.24153762526,46184.81795520987,16256.15383779331,23488.61168152945,29884.40649148468,137063.8182339505,123545.2197403397,50800.17719856013,52227.47813244082,37455.41714474508,142759.9440555008,63152.80945587189,44590.97893549874,36854.64335926558,154821.5990966516,37749.87341976808,7356.990577457495,24249.44383730007,72704.23659447844,34927.1750901222,51779.47406335926,2374.308982097127,41242.11298110492,27383.63332115052,17724.03149647492,20971.41698868812,61733.63518783131
3082,21089.28969442227,17741.08314762816,83608.65631545322,49066.29838292579,75919.39258516302,48513.80029475627,17002.8816309236,23791.82108645211,31629.24287891162,140343.9070763443,122165.3943602277,49214.08220984989,55935.28911197528,38701.92177749301,146114.4151914393,65470.29495726977,46593.75744464072,37739.26370806649,162205.7716231736,40865.01455516095,7955.7183382964,25873.18110918894,76959.47415978642,35718.6736349187,53301.61252266742,2421.506585676509,42482.09463104716,27800.69980344528,17353.88920477614,21179.52826100163,61855.38044954433
3083,21610.34121801963,18174.98316931821,87684.15472398042,49071.16046182634,76722.62473162863,49683.37029757853,17576.87914332793,25056.28828572424,32394.1781491532,141300.0807279289,116731.0044838372,51384.16889745552,58632.88905244006,36946.19366000986,149002.4271081541,69802.86172926397,47955.38748812136,38836.67222301154,168823.7695603346,41772.80070766289,8235.663052812448,27468.26077389676,82114.1283001874,34495.42540726905,50297.97047295368,2483.815427838892,42602.45131284354,28650.62048259584,17130.08223714263,21175.70371493232,62122.50747803022
3084,21618.16387096398,17873.95868283121,83861.69657053573,49779.93474878303,75347.97254899469,49676.19438668599,15899.61209858157,23269.27974347505,32628.68673069442,134223.5874165633,123695.0322957228,46989.31659293568,56714.80750163376,34318.9632893103,147612.0860739939,71823.70248640058,48012.65350925965,38424.06686358651,158335.2673435416,40301.31489171126,8235.668322573518,28430.33221850547,79094.76397645648,32604.62047699983,45850.08662297038,2390.54388522383,43475.33025354159,27271.47567323638,17130.08223714263,21474.46261918606,62189.42506918119
3085,20836.62070394831,17607.09035891503,83098.49494910844,47364.58967747696,73707.32381511483,49098.71945316122,15879.60773622647,22622.14476084005,32861.27068077893,127042.1814091901,126397.3607351765,48111.7777085831,56384.6653775754,34649.23614038791,148307.2748376145,72711.23961277162,49286.03812388888,37151.70095219524,151848.8455451707,39282.15310373231,8530.197635221662,29318.62975288029,79620.61928102718,32460.00551546364,46346.88393500881,2247.154583001014,43781.91476488842,27201.60088446839,17353.88920477614,21682.91543254654,62248.91425055495
3086,20327.90972384985,17799.50979542707,85968.93256208199,46816.22674994828,73248.66521104629,49088.12895854457,16269.25801765094,22911.07906908787,33073.79891260123,134125.5204389273,124615.5666722749,49711.44125832583,57458.63152169163,35582.20584536432,151078.9052739886,71880.013239962,49291.76583912311,36662.46726382255,163114.6282444539,40865.80139637601,8551.42653508447,29552.3001368241,80404.98065282406,33552.95735819723,46849.13717557801,2205.139094863399,44758.65843330415,27159.565023424,17422.75288727925,21887.221419627,62170.83589336947
3087,20325.45905700208,17776.62281615273,89897.64803779325,47937.32688132755,73688.95934223167,49416.63944412051,16269.24279532591,23200.62059859543,32985.93680553939,139202.4866360543,123583.0717923116,51794.58502844758,57458.61690145325,36224.2875598165,152479.0904104925,71184.39917809628,49298.13089331271,36304.95793416841,164272.1586370155,40867.86598679257,8445.605048822188,29246.22408128162,81298.79786575213,34365.47789786631,48348.23173977829,2196.679296247136,45213.15275316196,27546.60373964573,17302.24144239728,22192.74955858809,62169.88849097316
3088,20847.85348520096,17863.64694569822,91588.45110006836,49629.95072191556,75266.87556020744,49968.67657339413,16634.49690703242,24782.23054821704,32982.20479308406,140687.2652158721,117901.7471867441,53678.34971754735,57660.97357348375,37528.44231891283,152481.1408172139,70154.5139070622,49244.04207868328,36760.04356462717,164400.7212724922,41605.19683618999,8166.167763618844,29073.35029382038,81284.33683121021,36252.44862894862,50800.40958452397,2204.067181771422,46090.18355556313,28460.95954803507,17173.12203845628,22951.46634253,62194.36289293259
3089,21352.09677307967,17959.59447806944,92210.87955303772,54126.17696368034,78118.45410822779,50269.62448357189,17189.66372564211,26951.37605722667,32745.09025673514,142595.3236352424,109315.471154458,54532.14193344589,59024.33925886908,39347.8049496414,151783.0322529817,68717.31953745012,48775.81665117868,39111.80053768246,164272.148817556,42453.35465584128,8165.687951177461,28939.82499526948,81298.79878472467,37549.37034965283,51301.39574126026,2293.810610588382,44635.92795519478,30211.16048844446,17216.16183976996,23005.38927194675,62506.55865482018
3090,21610.34794921858,17799.34123534686,92616.21368915921,58239.37156339332,80424.8232374367,49967.97897309619,17098.45872309517,27239.53598576466,31462.81241889711,143127.8875331362,108582.0770792899,54294.09271574124,57070.62011715252,40273.52745335102,149003.960074091,68718.54524416062,45983.76491782297,39748.94979728614,150745.7271723813,42437.28486757882,8026.107971090403,28226.21517784179,78800.35630908703,36997.78285613951,49341.68946380974,2409.587302693877,43846.35197001076,28919.65394708294,17396.92900608982,23253.47076180752,62489.2737118597
3091,21610.36981869843,17498.05340544368,91016.7821270976,57773.87541685244,81512.95308233534,49096.10686243406,16086.62757272157,26375.02466074012,31091.4820383839,137532.0488748584,112502.5696049389,54845.63825987393,56673.02657692975,39366.99937602892,148307.5380636154,67812.6191732349,43981.00337819001,40043.58688010846,150853.3823389523,40550.5960994674,7459.613537472726,27328.0984623321,76150.37461146712,37506.94161519881,48332.88704364236,2484.270375073593,43979.60670717525,28643.36595636541,17345.28124371096,22702.99052909983,62598.95231749729
3092,21583.36867594639,17490.42887923064,88143.25398265888,57157.57369912748,79873.3936981645,47884.38016124868,16636.95347784069,25462.28197489913,30321.17886234493,139018.6419824374,112502.567152117,57177.0065116417,57680.20446851591,36527.30090164181,149697.9273433889,70483.80900065548,46620.68891861516,39331.51593051552,153013.5953072365,42491.12267561119,8235.138672790965,26687.58185470954,76162.53635491613,37507.31779272087,49327.47684928033,2652.344687919697,44716.84760186112,27620.56987527818,17345.28124371096,22949.69003060452,62598.209661625
3093,21350.3091889128,17437.60392613705,86390.79462524354,56365.28979628927,79583.48732529632,49085.73045657004,16595.91442979372,24079.84692758579,29797.67307195053,135221.1652925157,110338.9578780522,55340.6317290827,58791.99951478159,35176.96496025987,149637.3876435285,71823.7017484245,50044.60666786814,37801.66482055215,153013.702471318,43405.36360572546,8512.005003419234,28022.49727051551,77033.18988734181,35431.33037541558,47498.52322573077,2661.053538627785,43841.30299440373,27236.20114320803,17061.21855463952,22497.39803211346,62518.27912217673
3094,20048.2233411385,16848.57768468007,84326.2727157798,54213.57872258259,78186.99438653825,50856.78948667056,15067.03616009791,21867.09778127402,29208.19108716774,134379.8842396247,106292.236125897,53826.88653190582,59218.01730855031,32391.50099679036,147617.9019083881,71144.2946673708,48413.30070471224,35232.5336806857,148492.2228320773,43405.36078826384,8724.486223959522,28154.83649128728,73580.6324361284,31734.76298860855,43882.53488169062,2495.15433450343,41845.04263621743,27241.05918644138,16854.62750713023,22290.76402839712,62625.79928401353
3095,18003.30519745232,15973.54157531867,78422.53363525558,50656.59962250445,75442.43795248309,48916.0734172942,13546.05859131571,20645.99529699641,27639.63361632131,137446.353677412,104839.7649732531,52566.66352613601,56492.13898873507,29633.15661596727,142776.7645756188,68364.92402241992,46953.43406791263,32454.95168228899,143963.4973009813,40550.95425776154,8662.21267828684,26882.65580657203,68423.69233841663,29306.00083609617,41985.64312590535,2234.535268703913,39717.91076900499,25165.88916013742,16529.06907954245,22093.8238837532,62857.1059287073
3096,16302.19950777882,14910.9769357965,73458.51213175918,48783.88181809511,72721.71460767604,44943.43570957243,12496.52148512031,18557.90353584948,24014.75217914675,123782.2826453977,96095.83465401332,49812.07280911747,50535.29839308716,27689.29112004286,136145.0839675679,63760.05700551111,44184.87618594796,29617.1515774558,131501.0239052282,36213.52240541212,8008.653472907236,24328.78015166369,62707.66460500892,24521.69722827046,39784.98569162451,1980.280683831414,35954.59381531966,24822.28540263553,17132.86525488119,21987.40135816122,61929.29306330132
3097,15418.92715250313,14374.16202035702,71362.53730835677,48563.19548344747,72545.3387970651,43383.22163126522,11958.59280736384,17840.16420254836,24024.27793652088,123593.8328562425,90806.55744558148,48254.53531634295,48251.92992277337,26922.2865328892,134512.7764244888,62996.59682106482,43071.27290727496,28425.96532748118,126625.2459947349,32359.80014726319,7345.340023299656,23058.11792879225,59331.62353546389,23214.65605262944,38544.58241415074,1895.871509477713,34974.82958402873,24396.37336240723,16916.34209123345,21881.39008966232,61240.18170453349
3098,14786.94733370633,14113.42040472945,70105.2782068743,48118.18566990251,72581.02879488934,42589.69989146307,11857.87420269186,17265.87865952688,23275.20082662181,122246.3301421916,88300.56246090445,47683.59194195177,46346.06172784525,26031.04255822219,132796.7032103842,61220.17849516073,42914.99931981476,27325.86961421911,120802.4778161855,30467.4778049415,6868.21683706013,21987.17096062425,56873.76938428758,22959.62416607068,38294.93723069313,1850.059754086778,33814.26167106083,24397.33463337305,17213.05901864141,21527.19670863401,60594.0243196822
3099,14409.24481015795,13916.30009950513,68872.65624730449,47612.24670957866,72292.44500747604,42304.15268120952,11481.28930234091,16979.84862500958,22779.57627255301,120802.1517059731,86089.91994207089,46733.49770449896,43685.44622531721,25714.9400379454,130356.9924380341,59177.90860429294,42773.88884794017,26795.46410059636,116931.6056700047,28556.14894630665,5976.200946178217,21258.77982829711,55246.73128487998,22432.84143463511,37803.02326408927,1772.992395147455,33470.9564690841,24474.51252170473,17253.15590052151,21603.28704049084,60132.04846519577
3100,14409.24882031933,13824.3294904659,66714.17212514751,47055.69560566332,72059.08555200491,42304.15269493547,11582.14730284331,16697.43789498181,22362.00079442282,119938.1784229197,86508.80521418972,46581.52223612115,42896.33733699109,25715.1102509518,129278.7189318989,58885.92695250773,41266.25204592282,26507.21882226678,107522.5732675228,26958.2499881765,5747.434859872506,20554.44689821985,54016.67308362528,22698.26436282519,37797.98464023168,1727.354507473251,33464.06513748393,24312.52036098955,17076.72962062285,21507.17362107581,59961.16746857201
3101,14652.68391457165,13862.51385053388,67603.61301242287,47055.73958018191,72721.04673784232,42602.80632052338,12678.15798278431,18310.54957184643,22539.95684310634,121004.476949792,90157.60026490438,48106.25720476009,42543.80020004525,28433.4234058328,130980.9437444578,58300.21549749153,40734.94719777233,26140.76752409599,105897.8322769556,26627.90309592253,5666.547177316918,19806.15473865841,54017.70363789346,24049.33975198196,39925.16803850494,1725.100246120631,34326.21250714545,24732.54815033899,17237.11714814328,21993.69804078487,59993.74208967417
3102,15696.3842229678,14288.83730580666,73284.44651901964,48195.91151544829,75192.78709859437,43456.88119951644,14142.23906810605,22965.20449669096,22879.73071978719,124872.4861675328,93870.22271124601,51918.76576177709,43938.3416252434,31211.30856499192,132930.8272701159,58301.0741224233,40013.77422207007,27126.98963131816,104658.577227319,27902.46308376656,5783.004856949879,19490.60299273378,56040.3329159801,27807.8307604213,44538.93557289866,1725.122660548765,35422.68483388008,26206.72627827216,17646.1053459369,21937.0439510986,59962.89836494216
3103,17190.52911461704,14976.19141765344,76992.9857680706,51376.15164506483,76771.78610054255,42890.65146354562,14777.85422556568,23547.53403978216,23997.07148409174,131059.9586164995,106036.5236604502,51108.8445821262,44446.54093921871,33560.74266358228,132267.604019551,58885.41946471541,41126.94071743412,29929.77959523974,108244.7029950586,30459.38208941615,5747.932174816189,19285.84397434918,57730.66159413697,30358.01056125373,46753.41117797698,1871.241023840103,36946.34987629694,27108.63820163162,18223.50044650561,22104.54027650518,60247.75520790495
3104,19075.09235834774,15872.08721910832,78192.93150794097,50756.28234850684,75557.30912113024,43506.00368746969,15146.8704164586,22710.78768439879,26143.2514639714,133964.3024258316,118196.8540685895,50744.71003741782,47016.58554659282,35801.80676985926,136215.9392369291,58886.85558777153,42199.18130636973,34196.32914424661,124025.1612871321,31102.03124708243,5989.397850424501,20388.94442119544,62334.9430722465,33351.44965762249,50691.45883415511,2113.113866599934,39337.8292913902,26135.06519142735,18175.38418937088,21380.50926604293,60962.86544250661
3105,20458.2788106039,16986.23529256056,83282.34164287831,50795.65920826303,76236.35874151312,45842.2056689534,16225.10699168618,23005.45604284043,29893.41443575115,136383.3069622535,123585.064709947,51182.91718539863,52680.04324284675,37254.07963210206,139394.6819230524,62964.90851123265,44721.52660271114,36996.59358642173,155416.7714972231,37862.47967886071,7075.33855731082,22819.20342053528,69310.35683876612,34650.53339764316,52674.8257463977,2355.371876466596,41221.32781933989,27631.44218873469,17742.33786207536,20935.14388067168,61194.75825831947
3106,20964.55089017157,17536.68740570339,84068.32438127314,48787.10540821334,76096.83075625738,48172.17505625945,16966.63374706071,23306.9064375404,31638.26141828898,139382.2904216014,122190.8074191353,49646.65779477947,56284.74480856875,38464.67915261516,142516.8569156757,65001.23311898354,46720.98015004559,37875.47061375649,163417.3633809408,40995.07094916053,7766.327036264292,24475.24713350648,73417.18409831167,35405.72302494032,54197.54902453609,2399.946050086629,42469.38414272639,28023.91733066303,17397.50467753267,21162.9130780934,61362.74462190509
3107,21476.25643632074,17970.96139206909,88130.20122764804,48792.09152135974,76927.93371288119,49342.24073542566,17536.63330631374,24564.03807698579,32403.2013334211,140256.5194754932,116699.5780103424,51748.55968339369,58907.32799383824,36759.52414449397,145204.8748533356,68808.16624853906,48080.34965005144,38965.75429838369,170587.8215998325,41907.94226157638,8089.409721128395,26102.06305758438,78392.0588996426,34238.58964332662,51192.75294943183,2458.79151972871,42590.5245787843,28823.72444376899,17189.00089100852,21158.72727028478,61731.33143587538
3108,21483.93877619681,17669.67746211859,84320.51889843207,49518.94702129862,75505.58340189882,49335.06178330487,15871.04860325393,22787.39651624474,32637.71133896082,133786.4854579133,123736.44418927,47491.79500583003,57042.58580295066,34207.97018834469,143910.8145284259,70583.83550714776,48137.52059960177,38555.82774373743,159223.7553613159,40428.21360047391,8089.415802931226,27083.27621001765,75478.00121875264,32434.52281342652,46743.16018380153,2370.70437930134,43469.08764585864,27525.8976517073,17189.00089100852,21485.70655923913,61823.66556567397
3109,20716.41396338012,17402.57913285277,83559.8681302449,47041.98519912624,73808.00690485672,48757.3421096935,15851.18357339032,22144.01576099012,32870.29670135697,127220.5298189626,126467.0369027987,48578.98804394709,56721.6245031238,34528.72965016205,144557.8616738538,71363.69526878679,49408.79117356677,37291.72255850011,152195.8570547656,39403.34275793876,8429.33049382311,27989.24762085924,75985.51622026379,32296.54186624466,47240.14836968658,2235.285223076899,43777.66861401775,27460.14286487328,17397.50467753267,21713.84955923909,61905.74983828585
3110,20216.82761133155,17595.16440957814,86420.7118628069,46479.63323860551,73333.433615429,48746.7471267114,16238.11989955042,22431.27387320427,33082.82622370728,133696.8228731573,124666.6066463819,50128.38966718888,57765.72504185032,35434.82550237547,147137.557514587,70633.31455376493,49414.50937979418,36805.66517773578,164402.0899541027,40995.86219803636,8453.830652635701,28227.56719197283,76742.52134949366,33339.35603210002,47742.59458031764,2195.605122373763,44760.77276862421,27420.58554912181,17461.65968891463,21937.45402904242,61798.01587711333
3111,20214.42090151304,17572.25770474178,90336.29636982021,47629.33323685751,73789.00521552301,49075.39683856367,16238.10478325048,22719.13568400242,32994.96358312332,138338.6903287172,123623.3126652279,52146.08041184065,57765.71082818184,36058.41228675224,148440.7802406375,70022.09345623461,49420.86386688322,36450.47694662982,165656.2492022274,40997.93835370144,8331.70264619331,27915.4013408543,77605.16481857523,34114.60329889274,49242.26510968321,2187.615552910187,45218.22672358251,27784.80344130311,17349.38841852895,22271.84196597299,61796.70863376631
3112,20727.44526490284,17659.35683762619,92021.44825113757,49365.1368212987,75421.672483429,49627.66792710886,16600.81486158514,24291.57023198875,32991.23154800626,139696.2225833673,117882.5657801859,53970.65662823699,57962.44022364695,37325.00134270809,148442.6886572943,69117.15544505742,49366.86484912448,36902.60797280677,165795.5440486369,41739.39952087061,8009.20558276168,27739.08799643639,77591.20814284425,35915.0118182704,51695.38510247722,2194.592790461893,46100.96868899184,28645.24641839413,17229.09777288864,23102.22616874926,61830.47886620291
3113,21222.64406066609,17755.3870641344,92641.79635785047,53976.06421093199,78372.19603098994,49928.74338224714,17152.11488480981,26448.13186641206,32754.11557183471,141440.7593670066,109206.4839139688,54797.6224270371,59287.89247778986,39091.95789508285,147792.9239065916,67854.32369953106,48899.41675753424,39239.09636615471,165656.2385630544,42592.30847946939,8008.651833811422,27602.90603213953,77605.16570549678,37152.43902180871,52196.56374245075,2279.347923646067,44637.24307825839,30292.2508928625,17269.19465476875,23161.24258924079,62261.25235199134
3114,21476.26304678378,17594.99570422136,93045.77574331961,58194.18861546909,80758.59230607159,49626.97003116045,17061.54513471515,26734.62009132919,31471.82994766443,141927.6822515905,108465.4191016532,54567.05278982663,57388.5037311686,39991.01529902407,145206.3016618305,67855.40070162453,46112.00031726529,39872.10898903647,151000.652058076,42576.14867282227,7847.563331755699,26875.09798577321,75193.86163424865,36626.15485314331,50236.10452880982,2388.689288115644,43842.52542969565,29076.8949852545,17437.60155941277,23432.75753993333,62237.4022680385
3115,21476.28452399596,17293.44820388728,91451.68997071647,57716.81741205483,81884.47843409222,48754.72841172237,16056.76149491225,25875.1240601369,31100.49731233425,136811.4099846759,112426.9169594579,55101.26860133792,57001.96675156726,39110.59943300486,144558.1066715312,67059.38297037374,44112.56371126742,40164.83316596103,151117.2941122552,40678.89121067736,7193.775161865899,25959.11202795625,72636.30358818133,37111.95664774793,49226.91451798167,2459.221179192109,43976.64791235267,28816.89766354857,17389.48530040905,22830.27964718635,62388.73883641871
3116,21449.76769432967,17285.81710633681,88587.7660361909,57084.79350628703,80188.02908536956,47542.48816773095,16603.25432211891,24967.67647296056,30330.18945880943,138170.6012610795,112426.9144809816,57359.38453718228,57981.13633243328,36352.69743955912,145852.2119010598,69406.49995309902,46747.86691307379,39457.38527571297,153457.8383342489,42630.2880649474,8088.804536974368,25305.85147930044,72648.04116540309,37112.31556863859,50221.88645367033,2617.953255266058,44718.68966798245,27854.40833839414,17389.48530040905,23100.28206866693,62387.71410611205
3117,21220.88853997196,17232.94662509049,86841.1639339289,56272.29801528423,79888.06344692365,48744.34760822591,16562.50111536551,23593.26135293516,29806.68048954856,134698.5703718115,110240.6755203765,55580.70922171693,59062.01380060958,35041.25743346404,145795.8645576766,70583.83485870411,50166.10036139384,37937.46659239089,153457.9544442231,43549.65031280444,8408.334475599891,26667.32683616169,73488.32883576406,35131.56124602466,48392.23013023692,2626.178033518629,43837.44357551398,27492.70300105314,17124.84587962656,22605.26714539377,62277.4244696003
3118,19942.1578968516,16643.41272058598,84783.54228811037,54065.69563567678,78443.11454216053,50516.15723218808,15044.27164390348,21393.34903920679,29217.19492527429,133929.3875589334,106151.628175581,54114.52636966805,59476.18459213594,32336.02774558962,143916.2276179921,69986.85448622903,48537.50265079755,35385.01531529815,148559.0286439151,43549.64747956028,8653.557905997695,26802.29912406369,70156.18654331278,31604.56885232518,44774.85249203593,2469.500164998731,41828.18371003435,27497.27460123789,16932.38084548066,22379.11475747504,62425.7827773075
3119,17933.91896431586,15767.62244533741,78899.53530922264,50417.97608710131,75603.32659666917,48574.61866647246,13533.88784414079,20179.33054281999,27648.62792972948,136733.0589118739,104683.9652934104,52893.89996288368,56826.10941256482,29657.1364706547,139410.3376270807,67544.68134859315,47080.05964735981,32625.46652893063,143652.2520758521,40679.2513752724,8581.688342870844,25504.80669030602,65179.10551221106,29287.22285490356,42877.23193394575,2223.367340307731,39687.20010945028,25544.4620757197,16629.08302770208,22163.57189818158,62744.94396328366
3120,16363.46816643709,14895.27299498078,73123.25574822849,48996.39656253149,72669.7643618146,45331.0168720835,12418.99564931837,18529.33263654959,23762.34964092281,122118.3731850579,96540.6029856466,49806.09552067115,50815.77596945542,27645.17130015416,135426.7321812249,63485.8670918447,44266.99783102344,29886.53518249554,133763.4329852964,36740.83467649677,8083.905599115086,24107.76375669182,61247.35746229235,24325.54609146147,39526.6596222442,1975.155713691564,35581.60505048991,25519.25105997246,17126.99790645471,22044.06808038284,63347.41454548233
3121,15497.44360326268,14332.2805972252,70985.76078793609,48780.94200808629,72473.50178691561,43751.94802385964,11901.37366458155,17811.09960392224,23771.19622581956,121952.7161646532,91146.8493863972,48230.70423401619,48505.64946973676,26879.03951109969,133710.1946968469,62700.47106971275,43130.46915221096,28691.26056556758,129271.3215414014,32942.05570861118,7360.164016589664,22768.64782155204,57921.20095508052,22996.21223826237,38265.6153340688,1890.271145154436,34586.84094532066,25118.60955598677,16941.75705176871,21949.41921562335,62447.09960336428
3122,14877.80454941985,14058.82406098748,69703.59605809551,48346.48198021833,72513.21591124403,42948.83678602915,11804.45716578533,17236.41903672903,23075.52721110358,120768.1922360388,88591.35476290603,47653.21623044526,46577.44704454108,25988.80971035034,131905.569085431,60873.01246056562,42970.97840960017,27587.38912457218,123906.7368432927,31076.71258501914,6839.57470836312,21640.00629514974,55499.66418751552,22736.83057013578,38011.81591384243,1844.201377027181,33408.50511251481,25119.51379209449,17195.60562993872,21633.18866867921,61602.90346417744
3123,14507.47747984484,13852.09129315127,68446.55651873264,47852.53724436914,72192.09366100104,42659.83881409833,11442.08826521924,16950.19225552561,22615.23995810698,119498.6853941956,86337.04655164333,46692.23122037153,43885.65268114269,25673.06689284912,129339.96494451,58772.06380458488,42826.96294086216,27055.16316316158,120340.4568803991,29192.63392482463,5866.295796429959,20872.37493352037,53896.66728956746,22201.063119784,37511.716221166,1766.699973157878,33059.94401879704,25192.11250341311,17229.90949168072,21701.12355552095,60999.33807608728
3124,14507.48141169923,13755.63578825228,66245.31398400971,47309.18021996825,71932.42240875204,42659.83882799016,11539.13889768297,16667.58726836203,22227.43699683437,118739.2086103724,86764.20585056626,46538.51368241278,43087.29649037195,25673.23691216494,128206.0506282153,58471.69289786361,41288.28889460067,26765.92857483082,111671.8048402388,27617.51653225293,5616.689023901838,20130.09784891584,52684.78449369135,22471.01305742481,37506.59375176328,1720.805051973866,33052.94718313625,25039.73178445515,17078.97250033569,21615.31167755179,60776.08429768569
3125,14746.16291226016,13795.68218751044,67152.3742181317,47309.22315198897,72669.02118817411,42962.10160277985,12593.77540787969,18281.80852932085,22392.70504122447,119676.5396501962,90485.07368603181,48080.72643504,42730.62808893714,28388.45681493973,129996.1132361992,57869.15270486006,40746.04624079428,26398.21954943434,110174.9118867299,27291.8794618213,5528.43243960639,19341.49334256285,52685.79982043489,23845.13216438373,39669.1746825047,1718.538094575548,33928.29375051938,25434.83816639857,17216.18794730372,22049.68987767398,60818.64261244709
3126,15769.48272779046,14242.79507018245,72945.74198907595,48422.36518996798,75419.45576308806,43826.4977482958,14002.58774404406,22939.66517363867,22708.25354069554,123076.717940555,94271.02966706584,51936.93714514166,44141.51167745535,31163.18093317765,132046.6141826387,57870.03599991546,40010.02670406395,27387.82654954954,109033.1716572586,28548.26779258184,5655.499462602331,19008.94204472548,54678.54262077409,27667.7273722299,44359.71791298177,1718.560635242196,35041.55271437224,26821.54923942053,17566.08733931071,21999.10803530272,60778.34569106636
3127,17234.4512274623,14963.66762496042,76727.74541124712,51527.21180971632,77176.49040866531,43253.4252773823,14614.20856468006,23522.3952739931,23745.92955339662,128515.8232551638,106677.6453441022,51117.73197337637,44655.66640877294,33509.94153848014,131349.1674453906,58471.17082886587,41146.10960764705,30200.23619625861,112337.1114379938,31068.73229173187,5617.231644445066,18793.1521523001,56343.89491251484,30261.40261687439,46611.04364212295,1865.501940121726,36588.54457638413,27669.94824040592,18060.06294967476,22148.65192130278,61150.50741619395
3128,19082.2143213463,15903.25128944804,77951.46143252718,50922.03766824801,75825.0784530842,43876.21386838001,14969.29447295823,22685.07335991776,25739.09006020639,131068.8902755151,119078.172547026,50749.42341479275,47255.82850706887,35748.45546901504,135501.2437071565,58472.648214797,42240.4240760494,34481.42931605994,126875.832968187,31702.21907161326,5880.694944177224,19955.67934469075,60880.14328271408,33305.89731409869,50614.62263419061,2108.737015641883,39016.63676877956,26754.14000253825,18018.89831654372,21502.22334666856,62084.78954822083
3129,20438.39108375613,17071.73017721163,83141.6900520817,50960.48102627361,76580.69242599152,46240.64822608188,16006.82784710901,22979.94440694461,29221.8719328947,133195.3192073016,124572.8137607641,51192.65365861115,52985.65436489625,37199.07574532167,138844.0151089422,62667.87228722563,44814.69610098079,37291.30477297452,155797.2920780357,38366.28243575679,7065.56530402843,22516.86239865657,67752.48796456667,34627.13801097509,52630.99389139444,2352.35942753784,40928.97105074737,28161.73282477792,17648.41660717173,21104.59271055377,62387.75446730062
3130,20934.77711229672,17649.02478307075,83943.24268689273,48999.54373144769,76425.43235057704,48598.77467037211,16720.36212539524,23281.60215527538,30842.31389425131,135831.5793291366,123151.0164179048,49638.78438146651,56632.59821947576,38408.29768742376,142127.2998247112,64762.70483943915,46855.31176907307,38173.19826544618,163168.3313293178,41454.21172475359,7819.50312265773,24262.12127659528,71798.63252618272,35395.20802732982,54179.05614440527,2397.184643808539,42196.1347132731,28530.9213338768,17353.4033958707,21307.94935620475,62607.22644564485
3131,21436.4905072998,18104.47590008514,88085.58313464696,49004.41163950408,77350.24401102019,49782.98028038162,17268.84432268245,24539.59851679267,31552.71471953959,136600.0714610089,117551.3215596422,51764.78002271937,59285.91457764331,36705.08302760668,144954.0242175733,68679.01926865026,48242.66618105061,39267.22400114727,169774.5586871579,42354.06804798977,8172.018775353217,25976.57779246536,76699.99831295644,34208.16821229347,51124.25856650857,2456.361532330177,42319.12977027387,29283.27368466137,17175.02331417269,21304.21218785652,63088.78027850948
3132,21444.02283296993,17788.50002599973,84200.4330421497,49714.03567732884,75767.52054415272,49775.7145725442,15666.13508743429,22761.73488739692,31770.50450691787,130912.5800497793,124727.1833616142,47459.22075786431,57399.32009833851,34156.43256314486,143593.1881029742,70505.7072882025,48301.01409094213,38855.89050432104,159304.7110164187,40895.43617484756,8172.02541121082,27010.65132085188,73828.99890328736,32373.33151769298,46600.62206561804,2367.778283339795,43211.14335409433,28062.45053628131,17175.02331417269,21596.14547888883,63209.41360673351
3133,20691.48559258768,17508.37679450056,83424.71419028721,47295.79484412958,73878.53852760898,49191.01331116635,15647.01995821728,22117.91158060496,31986.50687537533,125140.7686185598,127511.7120781657,48558.87610940934,57074.59756066927,34476.8270229097,144273.6240195979,71307.97408231991,49598.45591202168,37587.44668113778,152829.8257798619,39885.17712123025,8542.906472728988,27965.42964919266,74329.01483615367,32232.99719035595,47105.88041544876,2231.59644367855,43524.44859719205,28000.59716233738,17353.4033958707,21799.83586254875,63316.65563112494
3134,20201.65473835956,17710.35338568243,86342.22970252427,46746.77448322303,73350.4560460107,49180.29029064812,16019.34952047282,22405.36728424242,32183.88335565709,130833.7620436726,125675.7188425938,50126.03826640891,58130.93356348324,35381.89180079739,146986.4367047372,70556.60797324631,49604.29183716066,37099.72106340967,164075.5714845529,41454.9916926357,8569.638606265,28216.58808421149,75074.83441734746,33293.59742170468,47616.6876146381,2191.692863842765,44522.6037588238,27963.38689124992,17408.28957497771,21999.47416064389,63175.90262541245
3135,20199.2950247256,17686.32964805965,90335.37983815094,47869.21870372528,73857.39435560972,49512.91164638328,16019.33497480997,22693.42710171995,32102.28519199993,134914.2013758042,124611.8172083678,52166.85746532674,58130.91918324947,36004.76898660172,148356.908016497,69927.82519134972,49610.77714207498,36743.3137619642,165231.043127107,41457.03824813355,8436.384687313737,27887.60508769592,75924.7314206668,34082.06717732835,49141.31350812416,2183.658296961785,44987.06118605671,28305.99473117811,17312.23876114071,22298.02203265686,63174.1947291438
3136,20702.30148422674,17777.6761219647,92053.91367425672,49563.87183432053,75674.14848330167,50071.85678334971,16368.35282493587,24266.94325390552,32098.81924549258,136107.5417844963,118757.676282607,54012.34849619014,58329.95398452931,37269.91675193294,148358.9149108113,68996.8863831,49555.66646353633,37196.99658371129,165359.3771048065,42187.928254903,8084.508006408359,27701.79330794989,75910.98096951834,35913.18316586871,51635.25480229898,2190.674830457016,45883.31764579578,29115.38525287102,17209.32717591469,23039.40474809707,63218.31509441513
3137,21187.83045864089,17878.38920933226,92686.55054418495,54065.48861045183,78957.35011247294,50376.57065485221,16898.84138969725,26424.98828623733,31878.60928935219,137641.0790033987,109910.2202032224,54848.79366674626,59670.93876916486,39034.86263012636,147675.6211556989,67697.7707910045,49078.59516523562,39541.50422840172,165231.0333251123,43028.67711961299,8083.903810696954,27558.27488488983,75924.73229448308,37171.71572260033,52144.77333773955,2275.907306271775,44397.1828688035,30664.66840853961,17243.63103765669,23092.09572407335,63781.11499749193
3138,21436.49698867934,17710.17645350223,93098.53254457009,58183.61452715242,81612.81786655102,50071.15045351539,16811.69062837953,26711.67357300835,30687.74874247043,138069.1091677651,109154.5175162213,54615.58104803648,57749.29172275797,39932.89696900854,144955.5246518969,67698.87873766258,46233.79506018012,40176.68946525421,151728.6693814386,43012.74770656655,7908.140078673371,26791.25802150207,73549.05778039049,36636.45533842259,50151.69097617273,2385.864483525624,43590.29834976661,29521.42291953924,17387.7072576127,23334.50940529952,63749.95517596195
3139,21436.51804650278,17393.9241561694,91472.86878794084,57717.56029637816,82865.65015553053,49188.36802735412,15844.83735698482,25851.58633468583,30342.89157738259,133571.6436990328,113194.2648175901,55155.92048676746,57358.22504591299,39053.48295526926,144273.8816595867,66879.98972104122,44193.19668219043,40470.41832457108,151836.1330756505,41142.53982414328,7194.791532835245,25825.92563780607,71029.2903479862,37130.54288788034,49125.70747391178,2456.793611644395,43726.47420430625,29276.85195614341,17346.5426228827,22796.60575223859,63947.67441548401
3140,21410.51901495681,17385.92093236938,88552.21205659164,57100.51969332786,80977.92237578207,47961.47818418147,16370.70019635403,24943.51455674609,29627.50553980659,134766.4424728505,113194.2622901577,57439.92083095756,58348.86918674497,36298.71926328621,145634.7649959618,69294.54437531928,46882.75204142786,39760.54234503328,153992.5039517587,43066.11522253225,8171.358458669425,25137.47232995037,71040.85449014285,37130.90793046622,50137.2363042373,2616.419669992978,44479.87637950569,28371.46977771676,17346.5426228827,23037.66901878853,63946.33561879311
3141,21186.10921826334,17330.47225135983,86771.01070362849,56307.28591978099,80644.13494552915,49177.8617746234,16331.48541447614,23568.15404082663,29141.32198937114,131714.3494222451,110964.8396681432,55640.85685543751,59442.41309551232,34988.77158509074,145575.5100305159,70505.70662112767,50371.35558570022,38235.40702550773,153992.6109252415,43972.36993864273,8519.997708456835,26572.29372690118,71868.72602521205,35116.37019057451,48277.13346680467,2624.690770363629,43585.1386940391,28031.22541581925,17120.13713506569,22595.71033656324,63802.24365680626
3142,19932.34854069705,16712.19005220843,84672.62867679397,54152.99515549242,79036.26484325217,50971.08324408821,14870.56878221603,21366.72851028455,28593.86587801936,131038.1983185533,106795.0234599226,54157.86739259886,59861.43741565761,32286.62026124327,143598.8805174867,69891.57373065774,48709.2304467129,35674.1952733411,149479.1730586408,43972.36714579262,8787.561096012785,26714.53730531139,68585.81964442988,31529.22199945405,44599.56062282042,2467.130488907738,41545.11770908972,28035.52577035409,16955.47859774468,22393.79720900386,63996.07183786391
3143,17963.32479178068,15793.6923487876,78672.06267606269,50591.75158626859,75876.28450117171,49006.08170399638,13417.20164921952,20151.874947341,27137.13540009345,133502.7690915097,105298.3705825554,52923.24914781842,57180.30689372628,29610.77737904542,138860.478674845,67379.23175561706,47221.78352296148,32905.17521573915,144958.502187518,41142.89485379957,8709.144185600948,25347.14574955883,63682.28022725372,29172.35173296281,42670.36258750285,2219.611439151699,39371.35634120351,26198.57899888852,16695.99990713628,22201.3564691843,64413.05173671837
3144,16853.57830852189,15178.51255862511,73437.760323706,49561.85548063757,73216.920097214,44921.48131406891,12254.96530307946,18176.7547288195,24026.32183111183,137961.1536648838,124217.5877821585,52485.03295097216,49351.64871385766,27655.32848135783,137243.9349065225,58613.85723599992,43671.8969258837,30996.33549193418,157610.91009349,35767.28168758933,7788.254471211193,22830.45275635886,59088.61416955591,24301.24033874115,40901.5056093735,2111.81091662301,35076.90961309705,27667.25203330938,17547.11275275505,21800.08103233418,63496.13011642141
3145,15685.84215580488,14350.87755731184,71888.73361340637,48716.70195667516,72319.24646602519,42733.40815939994,11753.78389959828,17307.74125375168,23585.25574491169,137347.5701037259,117782.0299412986,52155.80926068546,46416.38244813645,26353.93127680003,134894.4488904487,58329.32739912177,41839.094389643,28754.49235894704,149402.1443704781,33709.56736946083,7146.900157123616,21526.89675530335,56256.08066529632,22954.1060529227,39171.00873844655,1966.945453677235,34015.83573162235,26153.62826305616,17401.59435606448,22148.24736403511,62822.98207526609
3146,15222.00237614484,14110.77562137459,68885.44921021163,47459.05502717542,72143.79372940418,42249.15947589028,11137.44316614309,16983.57318945596,22548.48374347111,133955.8575993982,112974.4008806133,51512.0414097162,45151.13250001332,26161.88959674279,133318.7278155553,58596.50815407999,40958.15476859518,28434.97538988259,140623.6974385887,31105.0408614247,6655.290595185706,20639.46539392397,54375.43980148108,22526.26564071559,38318.56730719175,1893.836124866794,33068.91877732229,26051.50635098411,17172.87697456748,22026.27919894442,61873.79767667668
3147,15055.57562082897,13908.0510946928,66935.16660100382,47482.86548823969,72100.04807349665,42409.31322384036,11279.8409610399,16670.05905228177,21865.06552634305,131819.8539775908,109143.3202580331,50981.54541466882,43561.04263412154,25978.97104931089,131981.6392837728,58146.34214832565,40109.18360269845,27672.48632411562,131437.8742568477,29585.45774242298,6253.425962558097,20007.08655839397,52454.94502037692,21880.56187466634,37629.73054043842,1822.798105572446,33078.58754254181,25958.74045973648,17217.38556003395,22148.21596425715,61601.32643260065
3148,14582.85560722548,13671.99088522488,65940.98621004715,47248.94397598248,73055.58456217153,42400.94741547691,11412.61344815889,16966.77174079139,21852.29702771658,130936.0879431438,105939.1871934496,50979.08222858646,43126.18250521561,26908.27470149011,130112.342908175,58002.72728987184,40023.06163059683,27400.21326476169,126873.8710763163,28828.59179970617,5967.979400728386,19558.45257690736,51512.54867500059,21886.82601215841,37146.983912678,1754.537845960519,32606.82841068177,25603.20404167331,17189.90985410429,22264.32535084556,61598.28201170699
3149,15032.230702397,13787.56133783543,65870.99212764467,47249.05512662822,74288.47647648613,43251.80276149677,11836.88434262561,18154.90275856595,22747.79971464672,130859.3980334044,103778.1566313427,50979.91234652999,42985.38721974727,28896.85211688801,132289.2705676323,57847.09262447713,40444.1258448475,26535.69071636967,121250.8037390483,28196.41649694689,5808.530730592678,19096.5869649191,51488.07243390741,22527.11471275829,38152.70519138637,1742.539974204212,33091.27319676091,26508.70332755309,17579.99688539458,22438.54662834289,61408.26806832544
3150,15989.45404138156,14138.84303158147,68158.17400015774,47330.73196944283,76155.63795851324,45285.94257330218,13587.35890041782,21847.78687574561,24174.21181191806,132039.9598040345,105937.1798054093,52460.67415713619,44430.68075702227,30638.27330592108,136497.9721774033,58915.16999702528,40408.430385048,27386.78968682777,117770.2942262967,29694.15281039574,6010.940932008384,20367.91184134547,54751.74572171428,26561.59490929344,40870.1175984663,1755.112195987493,35037.57366252599,27948.37876256263,17828.73668395231,22496.49908358982,61565.16651094986
3151,17130.91942738758,15210.98986178326,79891.14256704136,48237.25381191054,77663.05809083975,44407.70250184088,14503.51485374836,22938.66619195568,24768.4649505389,128826.1190350365,99698.66845472714,55191.04398502145,48137.9443590211,31851.25323739394,138643.2181886285,60003.64145983412,42738.23948923653,32811.22944508809,113704.3401573895,32883.79497396735,6307.953820377868,21893.63625759907,55308.63645722604,30094.18079954066,45262.85293629445,1908.850373648663,38200.37204044368,29057.91828131616,18044.81136008821,22171.53443164484,61494.35606021765
3152,18499.92744196362,15688.51486070715,77863.68198414952,49562.66432506484,77306.7556515276,42502.90914066777,14882.68267494196,22242.7621251461,25814.56220723048,116655.2439380092,95191.2557068717,53163.93046149305,52099.06199474144,33807.58529454224,138801.7610329218,65558.69469674659,44301.77365991344,32082.36292608035,109834.6922600352,34326.14345872497,6598.279430252316,23195.38308410541,59709.48378973563,34199.1041006122,49656.39823965655,2111.279202414021,39097.77870117408,28808.71210310941,17397.55369727089,21690.44326008103,61954.0724717866
3153,19523.62119695851,16458.1980792926,78446.42007523238,51874.75179841849,78158.30293792218,43975.65560871573,14923.33186454187,22313.9847962095,27731.98785621917,116037.9962319602,98460.09329697692,50961.15339554259,55145.85549479196,35498.08326149776,138801.761021633,66885.73547331584,45104.5464441225,32381.950861233,113885.5180978214,36915.39656295718,7343.951676516234,24589.01103457455,65617.9943968689,35462.44863128905,52282.49802624333,2327.456682428535,39707.91963530483,29440.42711626544,16876.68668183222,21181.6657556113,62067.15424390727
3154,20146.59285797986,16996.98426542252,79102.91537952384,50493.40825623579,78751.90143286418,45457.86479637115,15039.31278761927,23259.99239305929,29771.67367450479,118200.0345674677,104216.9781574137,50283.34193385699,56886.12289736226,36612.72450159876,137933.4010606604,66214.96820950604,45887.27924897269,32380.04942114889,124357.4448908777,38666.80756577698,8033.740319306979,26230.57011357344,70245.60050831834,34165.82821348236,53331.39753205691,2455.021884227215,39898.49056878815,28777.70163634905,16461.48578860016,20928.98084482508,62608.70511835674
3155,20449.9313613924,17162.95971320142,82421.73583181849,49561.85524561603,80540.18882007182,45068.67415662315,15456.55643521707,24351.80616055095,30289.69706453649,118576.0272598944,103573.8626739723,50373.33977320287,58605.55446159172,35202.98475025094,136627.0613579297,66791.96634234992,46413.86842023732,34522.41308765717,133705.5269613763,40394.30412942506,7985.392625055586,27171.76778816097,76685.01962983962,32844.1495751987,51726.46295434077,2491.311898746637,40176.41246279838,29058.04730745052,16473.66208902537,20986.46787082,62453.43145483649
3156,20154.84465772663,16721.39782146712,76314.23357977283,49562.2052848662,79082.31833479808,44058.1654942003,14698.24189728406,22946.28072381149,29944.14775695153,116435.2023948092,99703.61764704951,47293.39033035456,55121.59411742908,34002.72024212348,130504.5498857165,69478.76472306639,45790.54656206164,33065.59088183077,138259.3582518739,40421.75186673434,7769.515031491311,27196.6517679641,72426.60773003993,31366.8256487517,47312.08510423139,2453.374490201707,39769.50651433863,28658.33158437639,16916.79992346693,21219.80383623197,62487.56354106361
3157,19850.54159925409,16115.9040156774,67297.95893942345,47657.67004564573,78101.83318492548,43587.3295489556,14809.42169859149,22002.13762965729,29913.76576744643,118687.4301212339,96428.20265667798,46542.07616329628,52825.96842922412,33217.48746327208,131381.5415841374,68299.92975294411,46422.69056252532,30996.30359392045,140389.1839726475,38947.85069922543,7823.641120329838,26075.45224651956,70370.5567006493,31027.0158691989,46789.14062803461,2280.154188906892,39538.78243342126,28463.69429294354,17144.22774223921,20987.81434794269,61801.72511176058
3158,19400.89117101822,15949.00747185905,69849.30780362814,46848.57139540758,78438.78911654785,43119.47046049284,14177.92902946832,22141.09614230692,29536.53980266391,118883.2368815573,92607.29435574482,46962.86156483211,53333.33831428537,30931.74297946822,134891.5231357456,66371.27518429128,46449.21993223422,30580.79134110273,145088.790779368,39237.02036845496,7985.762773959846,25874.28459998038,71415.02199415948,31167.98791057491,46760.21370844502,2259.635592494144,39997.86844387183,28299.77722300038,17228.47524686781,20987.69295438563,61460.43379889777
3159,19105.01506551753,15909.78620518884,72934.48490237087,46410.33347368938,78909.895298838,43268.25959030703,14697.23885494648,22628.80984552003,29017.69940111,119701.883990132,91897.2886789911,48253.87996969248,53292.61872417766,30628.11060187665,138835.0164427107,66248.90222227602,47293.99856574456,30165.16269928328,142812.1754956968,40393.70314018,8035.137605063414,25104.92760316154,72347.64275305229,31579.7010459994,48359.06858033835,2216.637901488828,40941.69555258885,27825.28322691123,17172.3345707707,21336.22211139101,61680.01654507038
3160,19851.26964942861,16415.02049702795,76387.96183551308,47249.90751826311,79289.57842554561,44733.18009492423,15593.52908413095,23966.00312045512,29091.3891198226,121775.8542817647,96474.4522433121,50282.66576922794,54561.22987984935,33152.46046967845,139668.897105208,64847.28642181944,47650.06570255406,31272.25036364979,145089.4109294681,40690.70241004636,8082.121682528083,26133.01721878118,73296.10095383538,33717.36192740608,51498.58812602349,2260.12340473104,41814.36682818032,29826.61426753849,17153.38418833779,21968.23185130469,60864.2003098658
3161,20721.65657246603,17042.81057069346,82231.09562335577,49978.88675958901,81516.63478981139,47122.2581690298,16452.69113792944,26715.77197592915,30276.84357377004,124924.57612489,100992.9385482216,51836.32561420223,57735.46303017898,37363.57762826277,143568.228814164,66045.68022205356,49043.35546779331,34332.05567621101,146131.9957237963,43564.1441537342,8433.548751638167,27394.11778059001,75189.18037485062,35677.69220007558,53850.06916398654,2328.917336740712,42947.31305190794,30348.47310030776,17396.22662518965,22787.02015252804,60830.13236384813
3162,21364.11788769517,17829.50897236229,91773.24929179007,54286.85965707454,82921.71705029794,48899.73455985117,17261.8916839994,26076.93630522468,31251.21164266716,126825.4959244706,104215.5095455508,52945.07629296467,60064.1347579813,39378.29111727158,148357.3050654234,71336.05880269692,48682.64476898381,36035.0875857075,153058.6801295131,44439.7049422637,8578.011075217126,28101.13350628812,73412.18012818242,37192.88486682092,52580.34557308305,2396.940537798344,43758.70236705751,30710.7029564947,16935.68144862005,22673.866874608,61208.02833476428
3163,21648.71571153509,18192.76141248382,91393.87838973776,57564.08375483616,82537.99848164072,49735.8740151425,16896.71503677916,26049.29043423871,31176.61170802439,126478.0449922487,102973.9671556945,56381.48837642511,59030.53297956857,39977.85301356848,143659.5901975897,70179.40510857111,50126.44166466891,39305.78454635724,157613.6016628167,45311.24466906525,8978.848437883507,28729.66720089885,70479.87543747848,36136.33890258271,52009.54141361796,2418.876401902005,45882.24240567739,30678.95859557576,17475.67139664562,23007.4948161762,62198.32465987143
3164,21648.71571327175,17858.88049796262,88490.06201978307,55659.39442507718,82651.48325267827,48611.01687116814,16469.37418299761,25135.11570651284,30586.72087933089,126131.3654589512,102835.2715321136,57420.80224596653,57315.28092639125,40350.86046507247,140893.5745289814,68744.56219127285,49280.78696433784,39858.56276074508,156473.8795113255,45309.9991274536,8970.719745758715,28817.82301305013,71402.01729096298,34599.90975523285,50190.97675763299,2603.623935026244,44894.49482834707,30175.32713442037,17155.89751094176,22561.56110255768,63774.3058591478
3165,21347.72550695613,17854.10278840681,88526.47460096279,55239.00210632899,81203.90942403891,47725.32142252986,15572.94555679752,23727.32111181655,29912.54983893638,126771.9479824649,100574.9278194462,55737.02186698794,56727.39311914119,39263.14083367947,140104.3191630725,66903.118707677,48377.36512052389,38769.6079263164,158749.262252442,44642.70800976695,8775.780359494209,27864.75938431637,72721.88204237094,32873.58943312235,48355.25156359541,2626.41357794278,43119.29448450053,29281.34680581474,16985.90300811885,22322.70233945451,63948.13734167827
3166,20276.74450311012,17391.99283079805,86420.60431264159,54111.54360004982,79983.12713682615,50679.99877564496,14496.23671367095,21532.97807766366,28587.00855554366,126783.9046657938,95832.30652961378,53892.17984430071,55121.19193455222,35850.08996082454,137896.1410215972,64210.65975102659,45973.00737611861,36429.64498295885,162204.7689853388,43259.77014873931,8578.393524621799,26687.83708916808,66993.94327983305,29455.19187861729,45221.87167184812,2565.082357512467,40366.94726657476,29608.18730875546,16863.47190067277,22375.13204802882,63444.34291967886
3167,18510.20221497715,16330.92157106114,81912.03892719117,51489.53229234309,77571.88580911509,48243.40795330432,13038.35547911518,20129.66352574604,26891.18811153677,120348.5091385536,86874.1107713281,51871.84793676133,52374.2961292059,30934.6546971658,134795.9695791009,61520.76134338309,44621.03220608527,33500.03120678351,165345.8375509694,39318.63093872614,8183.317738001197,24436.2284287697,61935.22776226301,27104.40989223732,42863.63203169849,2309.778658066153,38662.72255576341,29662.94571128225,17429.55646844532,22327.34053837546,63619.93112422225
3168,16902.40685789286,15313.98822972254,73162.31918337074,49615.67052735978,72987.52387411061,44575.70098094647,12165.00149120056,18133.31360673123,23706.70769735901,140444.818596623,124206.5797882784,52710.07910593213,50063.63173059298,27590.45417079422,137673.1698451535,58938.75364904713,43576.60772441251,31110.29463917334,171189.8027436221,36986.6024739312,7953.462225343047,22884.37927744005,58735.89182411841,24270.60326709949,40924.81733870601,2068.387562009629,35079.82889393801,27474.3699493948,17603.39406553196,21774.16782847704,62347.94032722164
3169,15712.1003456611,14513.43865441209,71535.32135089369,48769.66816609258,72061.48263746462,42658.81157608547,11664.76999746746,17282.93376317299,23223.51291964186,139749.5200382509,117578.2881971711,52374.97480452026,46973.33131455277,26266.95743409403,135418.5949186303,58669.42243692959,41584.51967891995,28979.77858906633,161086.6390493429,34898.14803977682,7299.326734206857,21545.77763377058,55840.79279173761,22950.10343832516,39191.67021261256,1927.21878071596,34020.87130937328,25891.77980073962,17435.34437770981,22083.05658981303,61689.92392657087
3170,15239.29532966762,14281.19436491154,68380.86495461586,47510.75810794258,71880.48537571123,42234.57933834847,11049.59743997963,16965.71660174649,22087.7130192339,135906.110657756,112626.6790182773,51719.70793784194,45641.25371507167,26071.65461956814,133906.5275122513,58922.33129660111,40627.01920999896,28676.12842690429,150282.3245729542,32254.71260918311,6797.920171279158,20634.48799372107,53918.61198190793,22530.72194309504,38337.92326769554,1855.975058164699,33075.84296760002,25785.00483117109,17171.2136187529,21974.84797798879,60762.07616749284
3171,15069.65182740806,14085.10426059911,66332.41378408372,47534.59248325085,71835.35730255961,42374.88407264822,11191.72534247314,16658.92492293776,21339.01770158226,133485.6412499418,108680.8642026171,51179.7361950208,43967.17888530529,25885.62986113145,132623.4527215634,58496.21164140367,39704.26551607408,27951.50359979475,138976.6205970608,30712.4284956956,6388.04701215321,19985.10787658243,51955.6969540341,21897.78451326119,37648.03154774888,1786.749789385118,33085.49244860345,25688.01217784138,17222.61367581202,22083.02873232756,60495.72978252815
3172,14587.79493760865,13856.76942684102,65288.19076944973,47300.43602988489,72821.08993509898,42367.55509949174,11324.24618043094,16949.27541447282,21325.02961215835,132484.1782242218,105380.7729325293,51177.22901137717,43509.35042423128,26830.71438010484,130829.6694388237,58360.26820457523,39610.65884122206,27692.75127478604,133359.3484284989,29944.25576141395,6096.911951837526,19524.41252898117,50992.48478248692,21903.92480125824,37164.54559374879,1720.231397324946,32614.67423368654,25316.27618652511,17190.88377836137,22186.0395100428,60492.7537969261
3173,15045.85569129246,13968.55768689409,65214.67349592712,47300.54729216571,74092.94277037805,43112.95778146991,11747.71293680378,18111.93019257391,22306.06677482958,132397.275009959,103155.0232683752,51178.07395693177,43361.11864902897,28853.06060210187,132918.6567680903,58212.94701837493,40068.31697460401,26871.15981821777,126438.603984165,29302.63641582306,5934.285721906241,19050.12982316624,50967.46790561721,22531.55422796728,38171.80713413562,1708.53968765506,33098.1528014639,26263.03341749007,17641.36980159044,22340.60642161523,60307.01116164674
3174,16021.58053410263,14308.34323281287,67616.9819418154,47382.306167829,76019.10888215789,44894.99191727362,13494.86974809812,21725.63044917909,23868.72347829983,133735.0600308604,105378.705426713,52685.28521402065,44882.74933436088,30624.05354171641,136957.3414240917,59223.97129807783,40029.51928781611,27679.99429468459,122154.8713825328,30822.74735515952,6140.72963848362,20355.63381980636,54303.22981746324,26486.26792266152,40893.38125707451,1720.791091069024,35040.57139836629,27768.30586727844,17928.62314169874,22392.02110617175,60460.38269683867
3175,17185.10851025442,15345.40267112393,79940.53601606934,48289.73848340688,77574.16536926443,44125.5984971696,14409.28927333144,22793.11882407135,24519.7370615417,130093.2107458096,98953.36152502113,55464.42505347946,48785.8222464917,31857.6315572252,139015.9269338767,60254.30028448625,42561.80783115996,32835.06326349907,117150.586826521,34060.03946183818,6443.661523932532,21922.37679803671,54872.42125936409,29949.01036215655,45292.8440670639,1870.606172851917,38197.0616194714,28928.400169728,18178.15366633837,22103.7165813578,60391.16398851516
3176,18580.57712810605,15807.30004675695,77811.02207556428,49616.48018415703,77206.60332883385,42456.87996977891,14787.73844214288,22112.13652811919,25665.7529245437,116301.4593939298,94310.9596147204,53401.10312001561,52956.15719041298,33847.18485000158,139168.0651969172,65512.62130308586,44261.22589095454,32142.3913301767,112387.9114785578,35523.93513581473,6739.772864003297,23259.12062813831,59370.47532821958,33972.77441690608,49693.11808304916,2067.869416101333,39092.67841525817,28667.83922296905,17430.67808489527,21676.89858506266,60840.54647196043
3177,19624.05714734346,16551.79438639274,78423.09261301172,51930.88982270745,78085.06057070583,43747.09830394369,14828.31058766018,22181.83202262457,27766.32263334642,115602.0087121604,97677.69319819086,51158.97993256069,56163.875458003,35566.38982049651,139168.0651860844,66768.77603471004,45133.76618651177,32427.10210894146,117373.5765489397,38151.86899380531,7500.30517870427,24690.21577376397,65409.49421918763,35211.14111427528,52323.23974025833,2278.530472064747,39701.6024318905,29328.33754244977,16829.16280344633,21225.51762475128,60951.08628804954
3178,20259.06979409947,17072.94809763625,79112.63297407306,50548.15891610386,78697.41751785086,45045.60657435576,14944.07168731904,23107.5550583361,30000.83026477673,118051.9800493764,103606.9867349741,50469.06136637471,57996.05986355049,36699.95921706402,138334.7839569936,66133.83889703473,45984.52486483359,32425.29509195718,130262.1878401798,39929.44425906015,8203.84021810603,26375.90758872953,70139.3157571676,33940.15643388844,53373.74563518543,2402.840460844764,39891.7932743314,28635.41580298541,16349.67442205979,21001.33877115641,61480.46368408707
3179,20568.27131636332,17233.49178418955,82598.50810221686,49615.67029210222,80542.21701511921,44704.6511487055,15360.52451585328,24175.95784774261,30568.3329693149,118478.0461853553,102944.6110627456,50560.66675192974,59806.30792872406,35266.28012664409,137081.2158492676,66680.01573463276,46556.8789358367,34461.27169955323,141767.5963964312,41682.74782824494,8154.529030779829,27342.4090303251,76720.96996876867,32644.6089640325,51766.35310089738,2438.204425579095,40169.16085703891,28928.53507477716,16363.73603579262,21052.34053277335,61328.68040472085
3180,20267.48108714149,16806.38057654335,76183.58132280395,49616.02068291735,79038.27600566274,43819.38214186938,14603.64724268446,22800.57008299208,30189.77831255749,116052.1134572816,98958.45893703485,47425.70308776997,56138.33264935428,34045.63346003045,131206.0326142258,69223.29440281575,45879.38531739537,33076.79343432793,147372.3492321774,41710.6056062591,7934.349338229752,27367.96200713512,72368.49747301551,31196.49349963216,47345.21463312907,2401.235105074231,39763.06647676156,28510.60680354379,16875.48696511631,21259.35324701003,61362.04523853561
3181,19957.29636660412,16220.70233878283,66713.46747691129,47709.57260713701,78026.80630313994,43406.90030462301,14714.6163203371,21876.67157078454,30156.49436911943,118604.2853054872,95584.95097161422,46660.96890696541,53721.45718487613,33247.06633792491,132047.5968884976,68107.42882304701,46566.4677943416,31110.26432517436,149993.690688779,40214.68588520234,7989.554074407511,26216.61943261446,70267.0320051708,30863.40216609619,46821.4692677061,2232.435045129886,39532.80257177356,28307.1011067939,17138.12849234551,21053.53511022881,60691.62371594828
3182,19498.95495813472,16059.26770024944,69393.23990714317,46899.66133162062,78374.41046212755,42997.02638074233,14084.32054526877,22012.65049589716,29743.23744027113,118826.1689522971,91649.61312092026,47089.27039979897,54255.62520404411,30922.50673794255,135415.787354274,66281.79648012416,46595.30278294867,30715.38588313783,155777.8607417676,40508.17544913491,8154.906556166279,26010.04346495949,71334.56764280744,31001.58702150267,46792.49804655238,2212.440042935824,39990.97294164307,28135.71536009339,17235.42043051011,21053.42741140198,60358.00426297042
3183,19197.36006927923,16021.33000026558,72633.71111340882,46460.98326182777,78860.40418688678,43127.37499632254,14602.6461014543,22489.90650462268,29174.83968686567,119753.8407323774,90918.34401057434,48403.34904430281,54212.75489693764,30613.7182608415,139199.9772034448,66165.96026923119,47513.49957918151,30320.39683182966,152975.8540021493,41682.13786084434,8205.265349557498,25220.00257705252,72287.78830289445,31405.16009551281,48393.80156395097,2170.539568424972,40932.91760048684,27639.60163714289,17170.58723204995,21362.63806675428,60572.65102630878
3184,19958.03848875386,16510.02984635993,76261.020731359,47301.40053990759,79252.08577357237,44410.73729537197,15497.23755486639,23798.42730501383,29255.56792321714,122104.0154195181,95632.58565282766,50468.37312405701,55548.37123537637,33180.93509565912,140000.1719781814,64839.2140601096,47900.51185824883,31372.50792876683,155778.6240085227,41983.57399152026,8253.185745371246,26275.73201882079,73257.19622524071,33500.55686300011,51538.12928238474,2212.915407164001,41803.84834551192,29732.12082938883,17148.70267364093,21923.34910610283,59775.17345843164
3185,20845.248514959,17117.27467778874,82398.27191268597,50033.12065530944,81549.5198943829,46503.71962453525,16354.7712034519,26489.23484278742,30554.25176967583,125672.0734589292,100286.3927539325,52049.78452409413,58890.26022842204,37463.56287273551,143741.9842047975,65973.59370321679,49414.88988335419,34280.36719540875,157061.8138567523,44899.94197225495,8611.616200115934,27570.73682375661,75192.09033744084,35422.12906010928,53893.21161248224,2279.953853352109,42934.5349239553,30277.75750870125,17429.14553606269,22649.76772023382,59741.87132302372
3186,21500.12751788694,17878.22735663154,92420.73520042514,54345.42030290571,82999.00450536254,48060.9004956069,17162.43803841142,25864.09726632959,31621.68718853002,127826.1513708849,103605.4741407434,53178.33976664973,61341.92714984887,39512.48899517571,148337.5983788881,70981.37809348978,49022.83047882412,35898.82870310217,165587.0207844377,45788.58273014169,8758.957429307526,28296.76041749046,73375.8393780319,36907.36455449199,52621.54344047984,2346.241236125979,43744.30593454537,30656.49191629737,16897.29200475218,22549.37956470175,60111.27260089996
3187,21790.22613502358,18229.59189076595,92022.26845273135,57625.93590924115,82603.15995173257,48793.4111337518,16797.9535255253,25837.04418589002,31539.96179642839,127432.4280908432,102326.7497183726,56676.13322613114,60253.73285444517,40122.23228524862,143829.6549050761,69886.5089407249,50592.10511651268,39007.10700641739,171193.1154664383,46673.14235581212,9167.78284660676,28942.19201845456,70378.76539463975,35871.70776841208,52049.86509470555,2367.617340127364,45863.61060247105,30623.30116318354,17520.89111150814,22845.37005038315,61079.30813481665
3188,21790.22613679379,17906.63766106314,88972.28686854438,55719.33358816013,82720.23098296345,47807.96568067559,16371.42262845788,24942.47144996349,30893.7271917606,127039.5789420425,102183.9004023945,57734.01137547381,58447.88505268019,40501.5739213774,141175.3766799026,68528.31049533756,49672.95611609749,39532.43495669805,169790.3711500506,46671.87820710167,9159.492162505072,29032.71786847492,71321.27568930216,34365.65566406163,50228.51530778149,2547.650479619857,44877.83307377002,30096.72236292861,17151.60514568982,22449.74330564697,62619.8629798718
3189,21483.41830022743,17902.01630823274,89010.53229727726,55298.51904472418,81226.91201732296,47032.04088227222,15476.69304033975,23564.8631831797,30155.16230046915,127765.4720938684,99855.8633317676,56020.15522151003,57828.94633609888,39395.38329982729,140418.004494485,66785.23071528909,48691.01953563521,38497.55623639235,172590.8609040939,45994.61845275829,8960.667942608256,28054.03146074749,72670.29385940619,32673.46676073212,48389.97870144861,2569.858575678264,43106.1733420032,29162.00893615272,16955.28960222201,22237.83083522306,62789.78691853192
3190,20391.73704981111,17455.0294967477,86798.66185515071,54169.9281656718,79967.55148845361,49620.52367631569,14402.02492781256,21417.57186994614,28703.01114710847,127779.0211281121,94971.2087932572,54142.36053216254,56137.90922408416,35924.37408250663,138299.0290943309,64236.5938400572,46077.70346638667,36273.79288108741,176843.8206482454,44591.02093556262,8759.347500323913,26845.46802543581,66815.8353176017,29322.65501692427,45251.80003982988,2510.092407349777,40359.31564183309,29503.74151878051,16813.90191617031,22284.34580885536,62297.31725069624
3191,18591.05049505733,16428.6831665313,82063.15532002463,51545.28341806513,77480.1119298154,47485.917197844,12946.90687558282,20044.34758360284,26845.21339723058,120486.5812455954,85744.73067209974,52085.9413482745,53245.92857169343,30925.46790065095,135324.0938300403,61690.38073793564,44608.23061223485,33489.6600044756,180709.7769886191,40591.00519661494,8356.39847816798,24533.32566157175,61645.3819485654,27018.35080376652,42889.94875674965,2261.30355610997,38658.48998320119,29560.99491959126,17467.63599418795,22241.94578658129,62468.95842215699
3192,16515.61678168795,15113.34603765609,72285.38881365875,48955.11888116516,72546.42184568013,44293.25037445801,12262.14015705512,18087.63001851763,23270.90834122562,122301.8652672941,95734.99571910217,50129.84370067033,52665.42444480302,28023.99572265366,136714.7732012583,63964.77658980872,43746.90765393734,30072.41703000871,149939.9685324231,40155.20094782281,8760.126596016828,24476.88787995109,60631.98651318398,24179.01034597402,39436.12272828203,1891.427348723285,35206.84253900471,25520.89828453229,17027.19173505209,21834.57995700952,62548.04000496516
3193,15616.13910072174,14556.38801981469,70107.3381897485,48752.22222651472,72349.05978858535,42777.08870975726,11706.18741160695,17367.44757295202,23281.03597178238,122054.2180677554,90180.38063883649,48567.97424830822,50156.22158273445,27212.63947297791,135222.9916254852,63260.48736423632,42480.42696521806,28971.23950374226,144072.4344315497,36304.93071879914,8035.820115494499,23110.22911586451,57198.50981780345,22860.18157581636,38149.68586252298,1812.255180350465,34203.78800409809,25094.82604904744,16798.52437166739,21759.29176457811,61296.56808693455
3194,14972.56439985687,14285.86250118263,68800.8463655981,48343.08496570924,72388.9963953338,42005.971938846,11602.09408641256,16791.20721989242,22484.62935238269,120283.4266277572,87548.67180898615,47995.44291623636,48061.8553025598,26269.85975439051,133654.6557966559,61621.74796101372,42302.69986575132,27954.26950747833,137065.2877820704,34414.30345240727,7514.824474587158,21958.37378124116,54698.84089350174,22602.84967566688,37890.7758989722,1769.285727811255,33015.63184265537,25095.78768156925,17111.88335053566,21507.74700139989,60123.10343353598
3195,14587.93219898792,14081.34557865237,67519.95644358644,47877.93009931948,72066.0751867464,41728.4871118161,11212.89117178524,16504.20356800055,21957.68937466723,118385.590886115,85227.13187294058,47042.70619354,45138.09414854422,25935.4787615511,131424.9806378058,59737.76146223868,42142.21750095599,27463.94263254876,132407.0620107623,32504.68669507237,6540.785894671596,21174.9538394502,53044.1224579926,22071.31613656566,37380.60612361509,1696.999865940067,32664.16581776682,25172.99459826936,17154.22915827745,21561.78562982237,59284.1246511635
3196,14587.93628272341,13985.92392281365,65276.94873353556,47366.24296968013,71804.94923067145,41728.4871251545,11317.1285634662,16220.83154034541,21513.7299070943,117250.2191513755,85667.03062615824,46890.3080376889,44270.9391944428,25935.65881704081,130439.5361013782,59468.40945724009,40427.60967613625,27197.47781854023,121084.1881040223,30908.21907873934,6290.984297955913,20417.40965941657,51793.13762665609,22339.13279030259,37375.38050739751,1654.193493827235,32657.11067001563,25010.94150859867,16967.90760460835,21493.52679546806,58973.79343128337
3197,14835.83766074798,14025.54108858967,66201.2190338422,47366.28339938194,72545.67450870805,42018.70830982143,12449.86264467381,17839.43408658124,21702.92988832567,118651.4722131906,89498.86836406111,48419.28373266447,43883.5347065073,28811.15709140346,131995.2157427338,58928.09278393323,39823.366367148,26858.71640820208,119128.9671439529,30578.16809963565,6202.658827239002,19612.58519894667,51794.18571345077,23702.392898002,39581.50749324561,1652.079093814054,33539.75243349104,25431.12728000338,17137.29083557549,21839.05180099137,59032.95110301695
3198,15898.6866533748,14467.86163479439,72104.5070052534,48414.54527640904,75311.51728789766,42848.66851099974,13962.99985523883,22509.93298709514,22064.17195661443,123734.5325597028,93397.73541434685,52242.39597214366,45416.00192801511,31749.67209185395,133777.2330658869,58928.88486228991,39003.18950125216,27770.41734531698,117637.6417807175,31851.58638138223,6329.825029152531,19273.19401273815,53851.2254077697,27494.77998318909,44366.50020817472,1652.100117581811,34662.28937105781,26905.85988003666,17569.21807730504,21798.81660650006,58976.93685385604
3199,17420.24449919765,15181.00758636673,75958.26809770703,51338.42402184574,77078.39501390506,42298.42618782829,14619.9122052402,23094.24472118897,23252.11051335006,131865.6651604804,106174.3617964486,51430.22216882524,45974.46421288366,34234.96106015942,133171.1069531871,59467.94130160933,40269.17344428435,30361.42216860248,121953.2024191435,34406.21498873969,6291.527342027741,19052.96577114556,55570.31116663061,30067.95866576838,46663.1589710398,1789.152846144068,36222.17396539652,27808.1110330921,18178.9977103658,21917.77090029659,59494.2557676877
3200,19339.383670689,16110.52041363649,77205.20223937782,50768.52282341856,75719.41231599027,42896.40403277527,15001.29281000249,22254.65016564679,25533.89421733952,135682.3455298401,118944.7181238476,51065.07486125259,48798.69664330732,36605.6135947154,136779.5285139613,59469.26611987177,41488.6131007178,34305.58159637359,140943.4802488368,35048.28848384885,6555.196281305663,20239.40372941232,60252.92397506784,33088.39419265209,50747.35463226144,2016.019150410359,38670.50203845187,26834.17183981856,18128.18274225996,21403.57097783712,60792.9433680496
3201,20747.94733170263,17266.47507272741,82493.9074260842,50804.72548693159,76479.25931249115,45166.64369704397,16115.65723976389,22550.321545446,29521.00659213261,138861.22782948,124603.2296566559,51504.50078930447,55022.29324867328,38141.8634200103,139684.6120525314,63231.25501440837,44357.23038056735,36894.25173204051,178720.2918203038,41802.68114322767,7740.99146143669,22853.26499062355,67347.00847067176,34399.19376279042,52804.32784457989,2243.246724826103,40598.77384059817,28331.11165872838,17670.84801549056,21087.27672618923,61214.07609687543
3202,21263.50794372396,17837.58200182916,83310.66828343293,48958.0826154263,76323.12945490488,47430.82674350925,16882.02990684891,22852.79804687055,31376.09957037064,142802.2768404649,123139.0291112644,49963.96861961768,58983.51440207286,39422.46526160795,142537.9978315061,65109.75701127042,46631.17241556944,37706.71882597614,188348.2417734497,44932.46634822797,8495.517746963333,24634.42021292031,71523.70401350858,35161.1940929756,54383.56211211273,2285.055378991309,41876.49812875898,28723.73441953124,17306.67406851643,21249.03623919421,61519.15047123406
3203,21784.60170969395,18288.15140981274,87531.60323967026,48962.66679449986,77253.12200098358,48567.85579138099,17471.12811442658,24114.20883556123,32189.37126670685,143951.1259738186,117372.3308496086,52071.71650171897,61865.48168858225,37618.7105048871,144994.603298871,68621.63888833935,48177.15854327109,38714.61821265223,196977.2049646741,45844.51994256581,8848.308546742923,26384.13953264046,76583.21494389769,33983.53487996071,51267.25267041677,2340.249893878491,42000.51823468628,29523.84235837954,17086.47586746963,21246.06351838596,62188.52856400697
3204,21792.42499683165,17975.56229276981,83572.73842822267,49630.92996352389,75661.53196200718,48560.87953591096,15749.73561997068,22331.51976622587,32438.69849651955,135448.6712215121,124762.203124212,47803.1125376902,59816.30894085132,34919.61419779831,143811.9491116594,70259.68727972363,48242.17802098629,38335.66663442008,183301.6341320536,44366.11677045639,8848.315187779986,27439.48180226398,73619.58122907487,32163.19801307314,46652.52754410193,2257.627951811246,42899.96591861445,28225.52742398739,17086.47586746963,21478.28109276699,62356.21346579897
3205,21010.81846902304,17698.44153520879,82782.30150993071,47353.63776861627,73761.96768291864,47999.47169178787,15729.20498394447,21685.949007803,32685.97947699529,126820.1631527536,127629.7766823632,48893.32937223384,59463.60326824115,35258.92141752939,144403.2917261675,70979.10505522712,49687.97084765825,37167.08009234921,174844.2282107533,43342.16397124694,9219.485731032786,28413.89793453913,74135.730438859,32023.97268010852,47167.95985211012,2130.610618451484,43215.88226829589,28159.74790527456,17306.67406851643,21640.30607680015,62505.28394733834
3206,20502.06624701699,17898.25325970717,85755.17237032634,46836.61739348513,73230.92683145935,47989.17585658231,16129.10616366875,21974.1849176443,32911.93741400987,135330.8430821556,125739.0274062018,50447.04032687092,60610.96957995164,36217.41181616813,146760.9005864717,70305.3315191143,49694.47405925965,36717.7503051853,189533.2663693461,44933.25688833085,9246.238729652496,28670.22217606712,74905.61428089558,33076.19150036377,47689.05274194279,2093.392393797905,44222.35612095355,28120.17571111218,17374.42736129807,21799.10783994706,62309.63193070833
3207,20499.61538149022,17874.48701820751,89824.08635882003,47893.63926966755,73740.70505919382,48308.54619245698,16129.09054087561,22263.02658099868,32818.52328129343,141430.8524329358,124643.3963298744,52470.34284960602,60610.95396049374,36877.05719925108,147951.9283802806,69741.48229396399,49701.70090147452,36389.40089912348,191042.5275152361,44935.33118424852,9112.880802760119,28334.47268371528,75782.93365779307,33858.43036053659,49244.37873188806,2085.89852190969,44690.68436705338,28484.53059397038,17255.85909843679,22036.58696550457,62307.25789011532
3208,21022.05216093292,17964.85440371002,91575.22671866868,49489.51851146937,75567.63682171244,48845.22398854718,16503.95373778283,23840.81353751416,32814.55544215933,143214.8239759907,118614.6634873588,54299.99373705885,60827.14069013098,38216.88614360506,147953.6725006331,68906.6802910995,49640.28880390707,36807.36788368571,191210.1555894406,45676.12817653095,8760.729473503725,28144.83914221465,75768.7395411101,35675.07592430602,51788.53840331994,2092.442870085709,45594.41028730829,29345.29720333857,17128.82167521141,22626.31791142982,62368.58687130529
3209,21526.33632851718,18064.4880075287,92219.8668955359,53728.75581488842,78869.23126845587,49137.79862276547,17073.72585470306,26004.7158901254,32562.45758668774,145507.3691196988,109503.3438736158,55129.25956551309,62283.68554168255,40086.01608844018,147359.8462405054,67741.72262833675,49108.66861894928,38967.30593635546,191042.5147120055,46528.27312922354,8760.124806202799,27998.36884376182,75782.93455980362,36923.66290642748,52308.31668067665,2171.939532934228,44095.88996495417,30992.9211538475,17171.1674829532,22668.23081074226,63150.9000832953
3210,21784.6084414386,17898.07822395756,92639.66561770735,57606.85425694568,81539.57521336418,48844.54579758754,16980.12143593571,26292.17929205105,31199.15233339038,146147.2482583225,108725.1033655589,54898.04864784858,60196.43955350087,41037.06104400165,144995.9072728885,67742.71615882558,45938.59076391079,39552.48669559882,173405.9128886958,46512.12779796391,8584.223886289856,27215.57603916294,73330.60765869087,36392.63242640145,50275.10131270297,2274.497021313678,43282.28081705653,29777.10812309431,17349.01987625824,22861.05814075338,63107.58674949245
3211,21784.63031269144,17585.21564648318,90983.15740357332,57167.96428057315,82799.42599171543,47996.93179119212,15941.67108697939,25429.75762309911,30804.35750537076,139423.8101231097,112885.3307225832,55433.75026712842,59771.67250073623,40105.73556411203,144403.5156319032,67008.39271550007,43664.66799598172,39823.09197250748,173546.2804860428,44616.56983245597,7870.318554474005,26230.3887765701,70729.53860551177,36882.8154407235,49228.45845222197,2340.652895941234,43419.59157015968,29517.01301045102,17298.20490617855,22433.18408390013,63382.423991818
3212,21757.62698091914,17577.29820446835,88007.0857242873,56586.88826449719,80901.12297577976,46818.91897109163,16506.47493592162,24519.2211759053,29985.37870410241,141209.9618335875,112885.3281197734,57698.14667263956,60847.68591981516,37188.35924609115,145586.2108578782,69173.59954064761,46661.75024055385,39169.10044283496,176362.9024260195,46566.218693922,8847.647714665833,25527.77541640036,70741.47587079412,36883.17759855423,50260.35557931792,2489.536743571744,44179.27264883484,28554.16167105466,17298.20490617855,22624.93723008175,63380.56301363774
3213,21524.54859942841,17522.44384481788,86192.08882829455,55839.8886040682,80565.46563560178,47986.84408814616,16464.35623484242,23140.12768550167,29428.79246895411,136647.2678115159,110589.4159523636,55914.52434972049,62035.46654828326,35801.08586749409,145534.7144783759,70259.68668153678,50549.24476821972,37764.03024842795,176363.0421533092,47484.75740934895,9196.559085910123,26992.10810454596,71596.05911613021,34884.55977689588,48362.79743119084,2497.251231168948,43277.07816041752,28192.32028806612,17018.72257468801,22273.38234985522,63180.2697211415
3214,20222.35718974105,16910.78864400379,84053.89324530994,53811.16198770978,78948.58808729761,49708.62692958406,14895.25631921802,20932.72709224747,28802.06098934476,135636.4629154399,106295.2405574509,54444.26362160604,62490.60050891829,32939.42760517441,143816.896186319,69708.97447312305,48697.0703092682,35404.44795532764,170467.6517728138,47484.75457864266,9464.331313230596,27137.27733744665,68207.22803524388,31325.75908444104,44611.17242691683,2350.294141708831,41220.05550587568,28196.89360773424,16815.46269634314,22112.77107954847,63449.69824461557
3215,18177.2732616932,16002.13576995338,77939.47577790271,50457.48766668304,75770.90522538188,47821.90741794511,13334.26495571493,19714.57619940389,27134.38603076533,139320.8467616369,104753.9520114366,53220.24230183222,59578.42215849944,30105.63076155142,139698.9199511403,67456.07869301525,47039.54697567796,32853.41690854667,164562.8137414272,44616.92967442822,9385.853196503302,25741.76138205459,63145.47334112479,28987.51402470869,42643.12776960083,2119.432157952697,39028.17786721476,26243.34658477534,16495.15372272872,21959.69459534562,64029.31611985814
3216,16515.44951969839,15075.79492452808,72928.15868576846,49851.54855969558,72314.89056720382,44240.18072079066,12401.77259974789,18164.65877763435,23785.80246552234,125108.4387173959,96801.06324800909,50384.48832515322,53320.08906906597,28043.54769155716,136328.4097132083,63450.20966949698,43829.35537378606,30018.2773317617,160816.0528746621,41505.23283146312,9040.786712994915,24723.67560717469,60688.49735111382,24590.06926524283,39925.6027376472,1829.830520215393,35332.8764418963,24736.82923415004,16923.77827531735,21929.95447556989,61875.06502716196
3217,15616.03433378641,14524.63244084444,70776.12856544851,49676.768814598,72126.23101733213,42643.41815957661,11846.89703593263,17430.54012913329,23796.41448959974,124888.1024954494,90874.76751085231,48781.79160140787,50807.89036558552,27233.03704933733,134849.1763675162,62696.22276910576,42577.15211399816,28962.76244342935,154777.7032986207,37749.37229678872,8297.444973492,23290.15657192165,56997.43998293141,23313.39923759902,38639.12687705788,1750.087255795171,34348.42848786498,24236.73358967877,16674.04954342582,21841.68362364979,61296.54555507609
3218,14972.50434802299,14256.92192771288,69485.24499889668,49324.32876931148,72164.40665434903,41831.30793493351,11743.00539589749,16843.14898706286,22961.91661044524,123312.5971133106,88066.96092220288,48194.29429888659,48711.02353460713,26291.23990968454,133294.0327104789,60941.84687022612,42401.42858715147,27987.96324308317,147566.564807948,35905.10373556065,7762.757218515384,22081.94967241529,54310.2449850816,23064.29341619797,38380.20906535658,1706.807849834084,33182.31252756882,24237.86229086061,17016.27039760145,21546.76260317216,60754.08659773565
3219,14587.89887111925,14054.53314549549,68219.65747640157,48923.63389773492,71855.72437391026,41539.07169560491,11354.55657815078,16550.59154646005,22409.77366846825,121624.0581031067,85590.07782088665,47216.65303588081,45783.77158083367,25957.20741365007,131083.1126276754,58924.91818665026,42242.75538974306,27517.96880141271,142772.7289089635,34042.31131097653,6763.120252937983,21260.20292138579,52531.38896958269,22549.75130624928,37870.02382559206,1634.000565209849,32837.36616914843,24328.48270577885,17062.51645874348,21610.11962654327,60366.25083787846
3220,14587.90295457102,13960.10441811473,66003.4462923504,48482.85508725067,71606.11253839286,41539.0717096524,11458.59200553765,16261.73600541472,21944.58010390522,120613.8972008089,86059.41189143938,47060.27119185541,44915.58129445148,25957.3872814833,130105.9572302047,58636.55954649355,40547.47686980903,27262.55351033219,131120.2238397287,32484.98952356749,6506.753703104916,20465.59783732212,51186.55480035661,22809.00671716129,37864.79805097415,1590.885416030274,32830.44189382013,24138.27541798127,16859.03379014961,21530.09027180723,60222.79364086883
3221,14835.78710858843,13999.30933982543,66916.6746185158,48482.88991430582,72314.17618340158,41844.72138602698,12589.131367217,17911.66002261265,22142.8293138285,121860.6175602827,90147.65262882004,48629.21431531406,44527.71426822324,28829.88866911289,131648.5511582166,58058.11580641601,39950.04538272868,26937.83955306801,129108.0825462432,32163.03148605053,6416.106979914243,19621.39940649301,51187.68151500459,24128.68775443065,40070.99190955402,1588.755764123467,33696.71072363693,24631.46191700106,17044.0180347178,21935.19744216514,60250.14053098128
3222,15898.56225524125,14437.02723421067,72749.43781691778,49385.88628937123,74958.06154525276,42718.80322531479,14099.33681132415,22672.53743885983,22521.34919614136,126383.1088897377,94307.40786765551,52552.26271827574,46062.01116593368,31765.34110586846,133415.578912024,58058.96377722591,39139.11462458511,27811.73489680429,127573.3417641671,33405.22519819366,6546.615194707799,19265.40437787863,53399.04107674983,27799.84434005998,44856.12966850666,1588.776939542884,34798.42469137759,26362.40631706786,17515.72786138449,21888.02411019604,60224.2467547111
3223,17420.0143843331,15142.75240793368,76557.15920614266,51904.58125111883,76647.03034388428,42139.30938788878,14754.97636624782,23268.15615072579,23766.10555804725,133617.5255951968,107938.9674571774,51718.85868971134,46621.14022209656,34248.03986933766,132814.5512735536,58636.05835578936,40390.82673865377,30295.29826554747,132014.5368732915,35897.21360326653,6507.311018738321,19034.40203499734,55247.09327565317,30290.76672070246,47152.85804832786,1726.818276516114,36329.37355206416,27421.40954300861,18181.67114355446,22027.49082488096,60463.38840912468
3224,19339.02021543255,16062.59301006634,77789.19660760285,51413.65553150316,75347.97079897462,42769.07642228693,15135.61803018113,22412.31465639528,26157.02448725425,137013.2956040212,121563.8374385226,51344.16643060743,49448.74462080524,36616.22167484023,136392.6203318516,58637.47665892246,41596.51927427754,34075.90484229421,151557.6590964361,36523.5432781196,6777.909354175548,20278.88342421875,60280.99740326267,33214.64857319034,51237.1775108188,1955.321045367358,38732.28533645807,26278.26359738805,18126.17587147736,21424.62251649237,61063.73433310533
3225,20747.48601046885,17206.51915983166,83014.71925356046,51444.84132069995,76074.31300700265,45160.00463613463,16247.82333238014,22713.70755353562,30334.83609713694,139841.6050588448,127600.9817394258,51795.07895351532,55679.77183639522,38150.87039789798,139273.2675472776,62664.92765903215,44432.7977433507,36557.23033614236,190434.2280630847,43112.31635535072,7994.868025119822,23020.62113660309,67907.28270271923,34483.54606868852,53294.21307467856,2184.187690333741,40624.78785190305,28035.27337442867,17626.71840769429,21053.78663707034,61258.41188075805
3226,21263.01080171431,17771.68332554855,83821.72251914915,49854.10158709559,75925.06755887884,47544.55425541613,17012.71112045754,23022.03725776041,32278.6561486842,143348.028112304,126038.8059045374,50214.27726906775,59645.72245609345,39430.13757735945,142102.6518626031,64675.98483066742,46681.10492573468,37336.00677633789,200342.4666038837,46165.35835870368,8769.223766324261,24888.91480507353,72397.31546711338,35221.1876826835,54873.49521239763,2226.297924683397,41878.81045737709,28496.10821942714,17229.00228144157,21243.43988226075,61399.43898928369
3227,21784.06836246898,18217.56424658922,87992.23125848548,49858.05050212986,76814.0528973472,48742.02907418015,17600.66792568696,24307.85752330573,33130.82574300587,144370.1801015106,119886.2356846967,52377.1216860681,62531.13064292818,37628.2627204627,144538.5934129961,68435.68018718723,48209.66267315083,38302.11149896573,209222.6359103819,47055.04814584106,9131.28614439339,26724.23465014492,77836.39275112047,34081.17447243561,51757.09130826734,2281.890576566677,42000.53000032321,29435.22243997615,16988.52276264071,21239.9545469141,61708.87322850044
3228,21791.89110605041,17908.22783593908,84080.66179220035,50433.70743714107,75292.64262855727,48734.681952952,15882.61070098776,22490.67175553785,33392.07802221345,136805.3913177666,127770.5927330744,47996.93640376509,60479.51130282704,34931.97945137362,143365.8872081756,70189.31631346337,48273.94916616246,37938.8739434944,195148.9422735632,45612.89582972397,9131.29295996134,27831.20683074152,74650.4261551019,32319.0279597442,47142.2262991272,2198.672654049315,42883.29300212129,27911.34552482657,16988.52276264071,21512.21560750619,61786.38913554061
3229,21010.33888369406,17633.99071191026,83299.66798163262,48471.99668333741,73476.83797430684,48143.42902264884,15862.11984392515,21832.60860000926,33651.18618221067,129128.450603524,130830.0466660806,49115.65150908504,60126.38452027943,35270.93304011341,143952.2557009331,70959.49929929196,49703.44312265332,36818.74529571614,186445.324607039,44614.05063726706,9512.21811346102,28853.29377049609,75205.29706668218,32184.25321589067,47657.6742310622,2070.739101031502,43193.34912894782,27834.13784015715,17229.00228144157,21702.18010142044,61855.30013149766
3230,20501.6220094219,17831.72325694203,86237.02286455412,48026.62369514634,72969.21290455156,48132.58584901147,16261.24619843399,22126.42214390366,33887.95144084061,136700.5574770725,128812.7800844309,50709.97647195432,61275.12072023738,36228.42448591499,146290.0333614828,70238.18140656609,49709.87302153675,36388.04791149811,201561.989599952,46166.12951454389,9539.674198786322,29122.15801743394,76032.93787508398,33202.83596199049,48178.78291640681,2033.252408538431,44181.15297266123,27787.69059413968,17302.99597969996,21888.36556379779,61764.85583167551
3231,20499.17131417948,17808.20431965563,90257.32678407912,48937.1661306535,73456.51290737113,48468.93427897106,16261.23060591065,22420.85316320738,33790.06941206779,142127.8468495913,127643.8361192216,52786.16812768391,61275.10508213077,36887.38237684577,147471.0427376947,69634.54455664326,49717.0183933217,36073.31420289401,203115.1883106444,46168.15294815013,9402.81153633825,28769.98284319827,76976.0740713202,33960.06914482554,49734.15605182391,2025.704480778017,44640.79376749693,28215.34645806116,17173.50700720888,22166.79547490639,61763.75838099299
3232,21021.57179509523,17897.63136988572,91987.54680648462,50311.89242946367,75202.88771231909,49034.14248346734,16635.36748973845,24029.17177090415,33785.91179551674,143715.0788093686,121211.6975769863,54663.64609390158,61491.54992607483,38225.81493170313,147472.7721872512,68740.83533644526,49656.29861334461,36473.94930896319,203287.696368272,46890.78539263304,9041.40543450559,28571.0719675597,76960.81510683152,35718.64235356683,52278.39284252792,2032.296035585518,45527.75564468229,29225.65784754074,17034.76882378275,22858.21933991561,61792.10900501458
3233,21525.82092538281,17996.22821700879,92624.48566463497,53963.66685904223,78358.90124070607,49342.27072147616,17204.03564941716,26234.94765501311,33521.75637464766,145754.7979604341,111490.7045276862,55514.58893318156,62949.83380696129,40092.99684172846,146883.9409402412,67493.67325396462,49130.67154733198,38544.32099571408,203115.1751346865,47722.03551464108,9040.784876143369,28417.43598581435,76976.07504099973,36927.31599873616,52798.18687554762,2112.366135171565,44057.03275367488,31159.53077507015,17081.01488492479,22907.3596793137,62153.74990153466
3234,21784.07509374592,17831.5500425607,93039.26918007177,57304.34814495913,80911.49870581551,49033.42823909697,17110.61259311539,26527.97374224222,32093.24571840226,146324.1100793254,110660.3889542875,55277.33416155213,60860.09576918792,41043.05060420337,144539.8864185405,67494.73689223501,45996.33096147224,39105.23600624936,184965.1370928553,47706.28607138382,8860.261162350344,27596.34705305393,74339.7736821695,36413.26086667113,50764.90987618694,2215.663405944872,43258.51598997417,29732.48918321612,17275.24834258363,23133.43806084841,62133.72739312283
3235,21784.09696347914,17521.94301702445,91402.55076212509,56926.27844081142,82115.79746641805,48140.75409801846,16074.17428502356,25648.8634085381,31679.56828446547,140342.1447675246,115098.9931231218,55827.03902249703,60434.82156941397,40112.69576547175,143952.4777232693,66708.59643059765,43748.04282895755,39364.62006724344,185109.5910674483,45857.20771315011,8127.593920701878,26562.96203308551,71543.571480825,36887.77429601518,49718.23528957794,2282.296485621739,43393.2796396609,29427.206599306,17219.75306835092,22631.78160857851,62260.77674520897
3236,21757.09550787867,17514.10796148075,88462.03329951577,56425.72648175125,80301.19846102531,46900.11676259428,16637.88380295071,24720.70723069638,30821.41862060894,141931.3164619487,115098.990346148,58150.62675570018,61512.11968556116,37198.359980099,145125.2246216527,69026.58955547083,46711.33803743058,38737.74766933582,188008.2104200986,47759.0506435644,9130.607945207103,25825.97511821388,71556.40428409864,36888.12487681705,50750.16369582513,2432.254283589238,44138.86869548206,28297.07484932816,17219.75306835092,22856.60057454364,62259.91646852286
3237,21524.03332050412,17459.82439945747,86668.71961544195,55782.24416084924,79980.34163757476,48130.13012108552,16595.84670861159,23314.92699325029,30238.21147304921,137871.8045248273,112649.449866026,56320.38054080812,62701.31845460641,35812.53243828806,145074.1614077216,70189.31567306588,50555.00763564081,37390.94166033842,188008.354215125,48655.0665348224,9488.688940763082,27361.94652348484,72475.09867589892,34953.39648192398,48852.54802839029,2440.024418435532,43253.40984219695,27872.36916669637,16914.52906438232,22444.42374080517,62167.326640363
3238,20221.93238612758,16854.53389489612,84556.06840008253,54034.65339110206,78434.7588900552,49943.44491709795,15029.78698952029,21064.8111369168,29581.50411051168,136972.4730066779,108067.9346809523,54811.68719359099,63156.99581856201,32953.85663843669,143370.7926701542,69599.74284424393,48723.71331283493,35129.20440071875,181941.3374082923,48655.0637735258,9763.49840139836,27514.21778838636,68832.03625247836,31508.35927829067,45100.80930382077,2292.007277006979,41234.54479230374,27877.73702936451,16692.54796960712,22256.11674072854,62291.87569729304
3239,18176.99054902161,15955.33618371326,78514.69800509683,51145.72284673686,75397.19317358096,47956.42522794646,13471.82011189236,19823.08788660572,27834.06607803699,140250.5363903326,106423.5125908556,53555.66995346311,60241.34049757503,30123.0132197003,139287.4550939488,67187.87305485814,47084.87575298626,32683.95721191649,175864.5979108415,45857.55873169736,9682.957827249533,26050.42979783348,63390.54687676871,29244.86044311618,43132.70499059046,2059.480006457152,39083.32630739077,25584.79166450204,16342.7369926045,22076.64382162728,62559.81636968508
3240,16515.42039353286,15056.54909175432,73306.33567883538,49800.34414274881,71603.1627701272,44966.28097132647,12541.59325569774,18081.87993429358,24389.92518855258,125192.0171438572,97254.32504318633,50325.23417895701,53220.60745814174,28102.54595607285,136108.8443767018,63363.86218381471,44107.78018262989,30189.31397971882,169030.7380654292,42610.46685671991,9512.75876904912,24620.3824550865,61347.57550307981,25074.02321294787,40056.15315849985,1779.10789168298,35407.11429514404,24629.21827887249,16893.13734647624,21877.85985224706,62083.86799688543
3241,15616.01608916553,14516.85886122826,71120.82811197409,49624.08075332596,71403.09706175285,43354.69390939339,11988.16722008722,17347.8947657977,24400.31458301653,124961.7315295864,91612.8758479482,48575.9999482655,50715.88619500182,27289.49545627461,134677.1448432094,62601.79165618857,42912.14824397902,29128.32775836532,163359.2408872059,38801.39813525569,8749.685824246128,23246.54578093264,57610.64227237242,23871.71173942705,38793.03075357796,1696.97107147629,34428.45402200089,24154.8410072753,16651.65650213974,21802.90047131423,61563.96062336081
3242,14972.49388912825,14254.72064822692,69809.86328113951,49268.64896736078,71443.58075774179,42535.04397352356,11884.54698119548,16760.61042522707,23583.32363174752,123315.0834137796,88940.02607425136,47934.7866876509,48625.26058873585,26344.74705296417,133171.974306879,60828.60678226043,42744.36345390766,28148.47562024166,156586.2061222267,36931.00235625952,8200.805359101061,22088.64071815505,54890.04833866181,23637.11487359153,38538.81308886144,1652.392600655918,33269.19378935316,24155.91166284488,16982.57469561291,21552.45429754108,61076.46033103909
3243,14587.89306536107,14056.54451729583,68524.58800510078,48864.55273670753,71116.2358704005,42240.09458419674,11497.11292703567,16468.10617843534,23042.76409448507,121550.2975798875,86582.19399864148,46867.757887224,45706.72146162521,26009.66781562574,131032.100121135,58790.05424868285,42592.85870326395,27676.04493050223,152083.6137446947,35041.8202917079,7174.634107682878,21301.10612972753,53089.08306126886,23152.54182886938,38037.88926529916,1577.399949045812,32926.27540959629,24241.87174999057,17027.29337018124,21606.25691920315,60727.91774778034
3244,14587.89714876346,13964.08129064839,66273.90095998325,48420.03230856306,70851.53276512228,42240.09459837468,11600.87657765649,16179.30315810884,22587.32982397303,120494.5223567189,87028.96959541367,46697.07776379517,44841.11530247056,26009.84824710203,130086.3447196749,58498.60406442141,40974.16850460944,27419.30567693516,141139.042088623,33462.43637824514,6911.462584096808,20539.58320669005,51727.53405363413,23396.69713005329,38032.75835440904,1532.990665301351,32919.39184286595,24061.44623494993,16830.53120249747,21538.29619652997,60598.99476746733
3245,14835.77830376265,14002.47017570891,67201.33566373645,48420.06743125292,71602.40519542962,42548.5819564167,12728.46257681964,17828.92718038518,22781.41996446284,121797.5389976898,90920.70963687508,48409.47224049205,44454.40274405765,28891.35105191031,131579.3688010577,57913.95872645311,40403.72743481858,27092.9085428475,139249.1459299991,33135.91725459616,6818.409741338233,19730.53167963344,51728.67477213014,24639.51447372128,40198.90307405937,1530.797090244647,33780.56778023487,24529.2696770855,17009.40590077079,21882.31216602542,60623.57103585317
3246,15898.54059246575,14431.07712614448,73124.83458944957,49330.72902774851,74406.1370931221,43430.77885749879,14234.72283838687,22588.93895734707,23151.99887958042,126524.2456854778,94880.52684568944,52691.21216885701,45984.13287979124,31836.00217246997,133289.6147322768,57914.81578850844,39629.43244165988,27971.33378237595,137807.6464100995,34395.70876475509,6952.382156031507,19389.35795671842,53967.5191484226,28096.84768310185,44897.17600644208,1530.818901260662,34875.8046469269,26171.19695813239,17465.53638428591,21842.25269357188,60600.30066059215
3247,17419.97431431966,15122.11287870349,76991.78971710983,51870.80431297216,76197.21917378208,42845.90494227141,14888.64963447056,23184.44937174787,24370.6415024257,134085.3360962492,107856.8875078796,51781.60847830086,46541.59771482609,34326.48084768976,132707.9005678957,58498.09750036273,40824.59542329134,30467.77087030572,141979.0222491664,36923.00044674968,6912.034693073029,19167.97304123332,55838.54064315604,30442.6884195868,47152.2117699915,1673.003655778766,36397.75288607168,27175.73892223107,18109.48529973737,21960.68746978749,60815.21392703441
3248,19338.95692839092,16022.80732237161,78242.99295916624,51375.71129606669,74819.61985135335,43481.51879577781,15268.29692982155,22328.76348949362,26711.40135235974,137634.4437985375,120826.8800969366,51372.65741732407,49360.78588309533,36702.08370874978,136170.9916457749,58499.53100937518,41975.81787261555,34267.97447768851,160334.8264546754,37558.20315243656,7189.815769673083,20360.64236111612,60935.01077033861,33196.27127368846,51162.3883927905,1908.365112051254,38786.53768025377,26091.38143838584,18055.82289150602,21448.73324936441,61354.73642818305
3249,20747.40568315066,17142.92305184858,83549.80496691233,51407.16181055612,75589.87594742817,45894.6446223993,16377.59676445243,22630.10158632944,30801.56666810511,140590.4669816396,126573.8499358406,51864.79770090489,55573.26674158372,38241.541485491,138959.0718945684,62570.16102569145,44683.96057870148,36762.16209054692,196849.4979583237,44240.31746674833,8439.077296897389,22988.23203907202,68656.08257162225,34391.26291955248,53182.08249512837,2144.101366462044,40667.91395931957,27758.03363465378,17572.86120283301,21133.82037218585,61529.69042259126
3250,21262.92423733662,17696.32352432318,84369.3621500449,49802.91884190844,75431.60727605231,48301.332634955,17140.48639925984,22938.37522897536,32704.60732606148,144255.2243221469,125086.7598550512,50139.46041319359,59527.41289728352,39524.81744197696,141697.5365297244,64602.77909780799,46830.69502787692,37544.97537124609,206155.7738235482,47336.61103061367,9233.987476650114,24778.74217302435,73201.9216010741,35085.94122847256,54732.6958513183,2187.475572080371,41914.56402403367,28195.16916831437,17188.28060112851,21294.87342131971,61656.42951630745
3251,21783.97549409369,18132.9235908867,88604.7482263911,49806.90127790579,76374.33973563959,49509.92492775245,17726.90725656159,24223.96170220924,33538.89925765125,145323.5320957522,119229.9120272007,52500.0576701941,62404.23280344385,37717.29613792419,144055.2013237668,68402.78281480863,48290.19646951395,38516.08796323627,214496.4395186546,48238.90479490675,9605.660410313627,26537.6512980199,78708.60075003572,34012.32711286904,51672.86417108023,2244.736880427213,42035.56796401719,29085.98764791373,16955.74349253944,21291.91368348731,61934.51374743914
3252,21791.79814303192,17830.02590877653,84632.32953849708,50387.44476395585,74760.94659778559,49502.50959512801,16013.33819563634,22407.10634147596,33794.67072627052,137417.1514902341,126735.3086017698,47719.38399746707,60358.7200110437,35012.56365776013,142920.1789615044,70175.2199849,48351.57866419181,38150.96754125704,201277.7755868586,46776.32192523023,9605.667406793478,27598.53639376833,75483.03602508333,32352.81531705778,47141.77301942471,2159.021107571927,42913.14110226444,27640.47901121511,16955.74349253944,21523.11707747488,62004.17621098657
3253,21010.25537625918,17561.4969339872,83839.18641909973,48409.08173144441,72835.36029871249,48905.76741444821,15992.90086782822,21749.16283727839,34048.34305714829,129393.5546776922,129647.7103268492,48940.38528088146,60006.64429362307,35352.57940879157,143487.7050384279,70953.6602390669,49716.49176206886,37025.03263065267,193102.9353570245,45763.32638265152,9996.703807931011,28578.0703151722,76044.8033837028,32225.89041291871,47647.86400126364,2027.247529966006,43221.37437404603,27567.24187906904,17188.28060112851,21684.43443822632,62066.10556106667
3254,20501.54465668114,17755.11374567127,86822.23543061987,47959.92812722018,72297.04474968102,48894.82357171998,16390.98456530571,22042.92295897265,34280.14121830306,137307.5838250207,127727.4033697939,50680.48230521412,61151.96133474199,36313.07129873071,145750.3603495488,70224.6089693292,49722.63117466604,36592.10269732855,207301.2062209077,47337.39311119498,10024.88868544906,28835.74081254844,76882.73087479705,33185.14667792738,48159.51297659422,1988.63564539076,44203.3708072161,27523.18327131559,17259.83048085471,21842.54265509426,61984.82453140445
3255,20499.09399108841,17732.08434678876,90905.08006845316,48878.19984003386,72813.80639954854,49234.29469359564,16390.96901351549,22337.3004438047,34184.31265624574,142979.9451641274,126614.64452611,52946.50397972731,61151.94574318147,36974.09413379175,146893.4190683755,69614.50042171842,49729.45373694009,36275.73754519699,208760.04228099,47339.44521019819,9884.393151137123,28498.22791024784,77837.58923684244,33898.27546151254,49686.65135170446,1980.861160738079,44660.30932182175,27928.84611631815,17134.61819081276,22078.98462111016,61983.83826779632
3256,21021.48815175931,17819.65000443545,92662.21576818018,50264.59571114474,74665.76519345438,49804.75034667171,16764.12852151183,23945.32662142015,34180.24226231677,144638.8493770523,120491.6657865842,54995.64320689318,61367.74634930889,38316.72086931815,146895.0929436503,68711.20958652336,49671.47712037962,36678.4493705142,208922.0698267184,48072.31497891917,9513.39391385544,28307.59838310516,77822.14061988094,35554.42207740687,52184.70249453158,1987.650566163636,45542.05664979283,28887.20031456669,17000.46216710776,22666.13999296719,62009.31657783435
3257,21525.73118140556,17916.19459287939,93309.06298512734,53947.36878079367,78012.58798946707,50115.73927755796,17331.3111219222,26150.70144368841,33921.62855703408,146770.6730667427,111237.910853119,55924.38931386201,62821.68971735942,40189.7538760194,146325.1832508322,67450.67645824465,49169.59653267813,38759.55296934053,208760.0299055212,48915.34118029772,9512.756883440332,28160.35879925533,77837.59021857414,36692.69755960905,52695.06068248161,2070.124031746557,44079.98030503846,30721.62013629293,17045.18084167609,22707.86984308177,62334.31820308801
3258,21783.98222528921,17754.94413668635,93730.29896274536,57316.40794553613,80719.51281993151,49804.02947118627,17238.13211917751,26443.67425189545,32523.08662050288,147365.6927591579,110447.5042768871,55665.44190242719,60738.17168578346,41142.78477552727,144056.4527797593,67451.75149996948,46176.85738927544,39323.37552088084,191712.6747892624,48899.36861924602,9327.441362233449,27373.45464184456,75168.5224769305,36208.58312916009,50698.69385432504,2176.521850032975,43286.15811172435,29367.96688159377,17232.99927569683,22899.85502452623,62316.32425428932
3259,21784.00409475786,17451.78147244366,92068.11939868244,56935.12893947056,81996.62222042718,48903.06765555446,16204.40134887979,25564.72376108889,32118.08772390535,141113.6088112573,114672.7675824715,56265.40728907581,60314.16329450344,40209.51452931709,143487.9199262793,66657.18268706668,44030.14112934526,39584.10411674954,191848.3526427833,47024.0949042451,8575.32625832547,26383.0930184266,72337.56649774272,36655.45892955228,49671.01959979024,2245.154973156653,43420.12947066933,29078.38403714702,17179.33686538108,22473.84965259264,62430.50173342053
3260,21757.00296583359,17444.10950082411,89081.85860970021,56430.32796932964,80072.31446247708,47650.91212104548,16766.63826123768,24636.73634383063,31277.94117863714,142774.5403485175,114672.7649389727,58801.44491909936,61388.25488388141,37286.04623235843,144622.9816744539,69000.02742719301,46859.56228538149,38953.98228324552,194570.8699916508,48952.88069181613,9604.964209060907,25676.78942069064,72350.55879892167,36655.78909107512,50684.21536205587,2399.613870466661,44161.33512408596,28006.37146909788,17179.33686538108,22664.76534156734,62429.72861477202
3261,21523.94359815416,17390.95583204333,87260.64774964187,55781.38335133294,79732.05897202317,48892.34504457435,16724.71098242813,23231.21171023517,30706.96913164465,138531.7191191268,112340.9612654494,56803.85592908696,62573.91405916901,35895.87599052461,144573.5593302535,70175.21933763666,50529.58478158552,37600.19501394409,194571.0050505897,49861.59018031194,9972.550078703598,27148.81301794991,73280.67157126089,34833.74729722211,48821.04719940599,2407.617231922853,43281.08198356756,27603.50708668228,16884.19361281324,22314.74583207102,62346.51942874397
3262,20221.85841720241,16798.26423634786,85115.13167451358,54018.95789277727,78093.03191272974,50722.49483355969,15162.74235669394,20981.50497779029,30064.03883040952,137591.7778363895,107979.6559408176,55157.2199764024,63028.23512105395,33028.24209806307,142924.9267909435,69579.32559399046,48781.02362404022,35326.73388582136,188872.5822834297,49861.58737989688,10254.65406028131,27294.74470284353,69592.32981071941,31589.3633397803,45137.41396104448,2255.157241459479,41274.08606968842,27608.59889676894,16669.54397363462,22154.83601083309,62458.44992752212
3263,18176.94132075721,15917.78300911812,78979.78041349597,51105.50422414467,74871.81815909986,48717.02745811708,13608.84543110291,19740.00750191803,28353.26029388213,141017.8638119667,106414.2727591037,53786.3627716557,60121.25810990215,30188.52780368867,138972.8035373884,67141.5977209876,47216.22452812701,32868.8115923504,183165.0275155947,47024.45089557032,10171.97562339848,25891.89927480741,64083.2085903566,29457.70005881963,43205.03673623924,2015.650484955783,39135.51484160656,25433.5726230351,16331.28633926093,22002.42806848969,62699.24446939206
3264,16515.41792995173,15021.13056824529,72989.56830034767,49014.02106785717,72047.4472411566,45394.31358784981,12636.74339275601,17668.96637249896,24484.79406365977,125112.4100153111,96405.72261661083,49901.80802544876,52404.80046179178,28278.56302225525,136561.2798726831,63638.31038645855,44037.08333017954,30173.5990281704,170794.6806331456,43619.74450199195,9947.558782982172,25358.52435283381,61633.59743298253,24534.75345173194,39913.67305277901,1754.461538822251,35358.66272508208,24645.04402935852,16923.84594100472,21794.91268521367,61733.6954963782
3265,15616.01454493084,14502.43425971014,70895.91129003404,48811.04903369908,71851.02848228217,43827.52484537443,12118.14337947048,16938.50197914009,24495.21622022415,124893.9951043799,90720.84127355585,48278.61762988893,49939.94503255379,27484.15565373052,135023.1811335988,62858.3518859829,42851.0658455978,29101.65063668637,165438.0753744814,39927.81187835234,9187.469192962797,23848.00924622148,57823.10312195666,23336.52658280587,38657.63726770671,1671.92347785703,34410.31433332394,24170.54956505263,16674.20148966597,21731.74804139548,61184.77379848806
3266,14972.49300268432,14250.4932096058,69640.04251613033,48401.75977154431,71890.77421075024,43030.65924460993,12021.04376035583,16354.03472015825,23675.6489552314,123332.227980159,88027.41387832137,47683.60800346301,47882.59439959395,26561.07019572018,133406.1512681282,61043.5452963047,42684.63026601964,28111.67461040602,159041.0919150677,38114.93432204001,8640.734663108024,22574.90806741819,55048.95462451233,23102.72671130773,38404.84586535546,1627.127239908583,33286.95967448024,24171.62048512269,17016.30684826946,21520.70916720604,60670.06771465413
3267,14587.89257204556,14060.02611989486,68408.78363939897,47936.43209232602,71569.39641433561,42743.90875268001,11657.99017648731,16062.93355577711,23133.38480795804,121658.4128704183,85651.42942595667,46693.46564845437,45010.50754555256,26233.67427720429,131107.2486632891,58957.14210973473,42534.34381292991,27634.36273984482,154788.4917198817,36283.84819413431,7618.575391059025,21709.02428721392,53212.53756266354,22619.79990329591,37906.73242398366,1551.768247011582,32954.66244849573,24257.60180830996,17062.53730190186,21566.04603353919,60302.07411361631
3268,14587.89665544374,13971.1597079709,66252.68645562227,47424.55486234247,71309.51851806138,42743.90876646381,11755.2241827103,15775.51586384297,22676.51436295769,120657.0604756453,86101.64463958779,46535.08415088146,44158.67861258001,26233.85057141265,130091.2078275978,58658.85075684891,40928.67001343972,27374.97084167202,144451.582744268,34753.03333576563,7356.432778311879,20871.73998630668,51824.18662689016,22863.12573733502,37901.6302995475,1507.142022622837,32947.99208532939,24077.13171998112,16859.12330635035,21508.77882044515,60165.95636485134
3269,14835.77755706562,14008.05526739257,67141.14376346377,47424.59530706461,72046.70347610538,43043.82090350744,12811.85339152862,17417.22698066519,22871.21655073123,121892.909551502,90023.34624285635,48124.08933910332,43778.12107782109,29049.28093045244,131695.1885534951,58060.48212221311,40362.8160404697,27045.20135378565,142666.6170846737,34436.55529533308,7263.743740410321,19982.19861895345,51825.34980029227,24101.72086609102,40055.62208444865,1504.937731888104,33782.49496404707,24545.07073573222,17044.04512087988,21798.66443463416,60191.90415412518
3270,15898.53875944226,14419.98942967436,72815.6951763493,48473.24663094719,74799.32682188564,43901.49481136577,14223.32762909048,22154.40596503735,23242.9640559578,126375.965184311,94013.6491230627,52097.30173459798,45283.50360713503,31926.41162342624,133532.5343434432,58061.35930196381,39594.74739791852,27932.70253297181,141305.1522604817,35657.60582380768,7397.192368685836,19607.08265929274,54108.26555833493,27547.30850086494,44727.53583414922,1504.959649451571,34843.80924196883,26187.40364731234,17515.59575094694,21764.90825525298,60167.33513558598
3271,17419.97092612829,15084.14392728084,76520.1333738439,51398.21164634008,76557.75969968355,43332.87901157983,14836.10408577211,22747.05983907357,24465.44956801583,133547.2984603452,107089.9116358056,51253.24097454022,45832.0956782233,34359.78398005013,132907.5890935417,58658.33230228436,40780.29969651242,30454.93295122691,145244.9256665596,38107.17848644583,7357.00265053727,19363.67289632195,56016.11788572035,29885.17972856472,46969.91994878393,1647.838980635897,36318.61843218606,27192.1937788526,18181.31428497707,21864.70751136008,60394.24200615963
3272,19338.95157866811,15949.8014037806,77718.75216555125,50828.09872006652,75205.27230273627,43950.82429902878,15191.86091639474,21895.4785051244,26813.59081148426,136913.4576758717,120159.7570491662,50873.75752813573,48606.41287066458,36680.91460844628,136628.045722614,58659.79945984955,41922.26480249828,34294.40047894741,162581.5819751937,38722.84750247977,7633.697697932224,20674.99691231944,61212.91141319452,32629.40785435718,50957.59788329701,1884.350184475975,38633.41579342262,26107.56840951116,18125.83774191115,21433.30845787521,60963.87348757666
3273,20747.39889375016,17026.34468944561,82802.53422648043,50864.31483347575,75961.48758638374,46296.87091893161,16231.35467339264,22195.37114539692,30916.65412691853,139717.1045397567,125950.9714137059,51330.43586632521,54720.01417170757,38185.07283930584,139623.3269354781,62825.97879420556,44608.63047769482,36814.3581804264,197068.8919831871,45199.47411015447,8878.075038947827,23563.99673100286,69085.97158244066,33820.33976322712,52965.96069718659,2121.23801735418,40456.5205188384,27774.63234448815,17626.54883923368,21167.94661158994,61148.59109027602
3274,21262.91692098718,17558.2179122282,83587.64779361515,49016.98590319524,75806.1039564107,48636.6586808163,16946.23714962103,22502.16606309987,32825.69586696317,143192.9519158349,124452.4325873956,49729.42048177772,58611.22504746757,39438.92346228188,142565.3052653077,64906.30822054669,46738.10235710035,37605.25953257329,205858.4663533644,48200.55076607929,9669.877391194084,25532.63875138223,73721.29490538027,34512.65804625132,54507.87449476992,2164.824107230001,41664.55829905778,28211.87587045858,17228.96693756426,21303.65822443644,61282.40307689995
3275,21783.96764513993,17977.83425883494,87645.03285353613,49021.5717853681,76731.65157357778,49811.6549582909,17495.75568474402,23781.58584375505,33662.61866949416,144206.1908363729,118550.4943099467,51919.92117523454,61442.25669517678,37672.84836232037,145098.1839609199,68795.50888304526,48185.86748664927,38586.40571523133,213736.0430000949,49075.09728337592,10040.0972105359,27466.5358837327,79336.37236979399,33442.69131258346,51465.20968912525,2222.365138735563,41781.8144041934,29102.91442263909,16988.56857781395,21301.16419655558,61576.00627639777
3276,21791.79028608204,17686.71928085719,83839.56342395433,49690.08322535914,75147.6685897434,49804.44575442458,15890.01818672189,21973.44556263943,33919.19669238894,136707.3662953292,126113.6731107078,47483.72649431487,59429.30084810469,35030.13500975039,143878.8104657212,70609.5502181411,48246.75608771165,38217.51284823517,201251.3035204644,47657.49161485459,10040.10417966191,28632.9649023021,76047.31279193502,31788.81736491347,46959.53976376603,2136.230641833844,42632.20661602195,27657.04867972398,16988.56857781395,21495.98811117492,61649.55637342839
3277,21010.24831818088,17428.63606926711,83079.75381391792,47411.94497823511,73257.18333845896,49224.29159897504,15870.86694014001,21318.65807743318,34173.66895808401,129097.3677780133,129048.4967096441,48616.74660187418,59082.82886483124,35362.35424840882,144488.5132161193,71406.26268941494,49600.69348824937,37079.94471393993,193530.3454052055,46675.6476092126,10429.61176192852,29709.94938929077,76620.13847331196,31662.32366188829,47462.79137359822,2003.813346464089,42930.89303009453,27583.7934546835,17228.96693756426,21631.92244663431,61714.94179730641
3278,20501.53811859306,17614.72119701343,85937.43391065074,46894.73252136978,72728.68061361565,49213.65196926398,16243.90000601818,21611.00909254453,34406.19807566219,136603.4465958105,127113.4057755068,50231.45818691008,60209.91672428513,36300.82219715897,146919.3216361855,70660.0985031606,49606.78353189062,36642.54172386145,206940.3022443703,48201.30879619724,10457.68644619474,29993.25466577487,77474.56046609192,32618.32105210963,47971.56979436466,1965.012841708319,43882.47425155156,27539.72396245497,17302.93566380703,21765.15259179971,61629.12474011406
3279,20499.0874555053,17592.58764055365,89848.6884071509,47952.14709889417,73236.02234011955,49543.68659458067,16243.88543287182,21903.97450943028,34310.06732612149,141983.4105183256,125992.0800716224,52334.19809084282,60209.90138088416,36946.68787348027,148147.3287235654,70035.66896459258,49613.55123178649,36322.9078689407,208318.1410522554,48203.29778925858,10317.74020147198,29622.16372957194,78448.21509992667,33329.02712812669,49490.14031486326,1957.200378471714,44325.26008576841,27945.48702458532,17173.49039234345,21964.39079762808,61628.08343637059
3280,21021.48108219923,17676.74699865712,91531.97677987855,49548.61923658019,75054.22222425388,50098.28492589818,16593.56273995954,23504.28731785407,34305.9840965402,143556.8019655372,119821.9620052162,54235.68335470357,60422.2672450919,38258.52837065131,148149.1269957513,69111.17531240135,49556.04082351222,36729.7805357975,208471.1725316379,48913.63042063733,9948.19144458906,29412.56910603869,78432.46237880205,34979.54732838262,51974.17639569406,1964.022950340479,45179.69720083877,28904.07797980172,17034.79903144632,22459.15822323564,61654.98360728104
3281,21525.72359642206,17769.53600761528,92151.63888075524,53789.43148770427,78340.03659547694,50400.62909796087,17125.05364422044,25699.08341295551,34046.55487422273,145578.7349585266,110496.9646589912,55097.50719412688,61853.06924980328,40088.61299932173,147536.8634869567,67821.05386971167,49058.19601613962,38832.38621565967,208318.129363895,49730.73196514716,9947.556904745472,29250.68114666144,78448.21610098364,36113.95575502802,52481.67127091128,2046.899301204393,43762.90550281446,30738.95098645215,17081.02948507871,22494.32194905984,61998.1225067006
3282,21783.97437632857,17614.55818580921,92555.17152960488,57668.97070832703,80997.61754668747,50097.58408905115,17037.73821460203,25990.65089115968,32643.60275079935,146143.082729588,109700.4729344107,54857.21864738948,59802.71306541595,41019.79103708031,145099.5284210101,67822.15414573773,46089.52243347097,39402.03421394851,192217.2746526036,49715.25059068474,9762.965903979835,28385.49051695495,75726.60808248802,35631.48600324223,50496.50485590252,2153.816875931434,42993.67023187259,29384.96331798339,17275.19739119663,22656.09857332484,61979.12437466915
3283,21783.99624577483,17323.18853349019,90962.84856103316,57229.91767697278,82251.44682822937,49221.66688701124,16069.05810793038,25115.9165441766,32237.32672351416,140213.2795895189,113958.2655164456,55413.95258055258,59385.45330854432,40107.92054367527,144488.7440737297,67008.93453236802,43960.06859704523,39665.45667253497,192345.4194229909,47897.64510416459,9013.791313437381,27296.60111596165,72839.92507600093,36076.84363551597,49474.59626330414,2222.785273860161,43123.49211826536,29095.30893343559,17219.72084597583,22297.1244563037,62099.67372422084
3284,21756.99514445043,17315.81500116895,88102.09166854771,56648.62578141841,80362.21681185045,48004.31832320254,16595.91454665352,24192.38049074197,31394.53084526233,141788.593857075,113958.262852595,57767.25201387392,60442.44936017612,37251.4869551974,145708.1598818723,69406.77253306947,46766.73748386931,39028.82438432123,194916.7776180975,49767.11706538676,10039.40373119247,26520.02972701408,72853.17312906291,36077.17267538329,50482.10759374248,2377.998707381353,43841.74053262279,28023.03152964457,17219.72084597583,22457.99987100587,62098.85746035774
3285,21523.93601499785,17264.72900734836,86357.42102899626,55901.34859809635,80028.16375659067,49211.24233932755,16556.62566982346,22793.597868289,30821.75828491258,137764.480480088,111608.5071886658,55913.60245341319,61609.23725727329,35893.19311749526,145655.0646314239,70609.54955568453,50407.24816997378,37661.04970776804,194916.9051783166,50647.88201118141,10405.55246553891,28138.50004650782,73801.59505924018,34261.32089172889,48629.39254666786,2386.041165491315,42988.75132578638,27620.06762144838,16914.59985157117,22163.05536410613,62011.00464272033
3286,20221.85216500191,16695.0930840014,84302.07478378319,53871.86827579988,78419.0141258825,50990.51828051467,15092.94868692952,20554.68251402054,30176.80055588779,136872.991047716,107213.6252331051,54385.6174549008,62056.32721993058,33091.31365863261,143883.9111382457,69999.668483148,48672.74774499403,35364.09904964962,189534.8692887697,50647.8792968844,10686.55351682844,28298.94998842027,70040.64873561468,31027.95905784785,44966.42595812882,2232.836403534911,41043.91776155122,27625.16068944314,16692.69367284283,22028.30709409876,62129.18161531925
3287,18176.93715881492,15848.86253086838,78424.57457598737,50516.94800855759,75256.51910013198,49040.79816829424,13636.83546781274,19319.14024491992,28460.62722004828,140122.4700287116,105636.1905462928,53113.53953109451,59195.61845602399,30316.71360547985,139638.0790688783,67504.72017131915,47120.5316928661,32880.78136290557,184144.2084239647,47897.99014808042,10604.19832441634,26756.54014367229,64423.08112791858,28903.5376620589,43044.89013930667,1992.159649551285,38971.58414337139,25449.59708553802,16343.00075299083,21899.88029449903,62383.41411036903
3288,16515.41808881692,14932.00181604244,71342.34440474448,48237.5124639897,72616.21635478975,45178.80285888388,12643.18976691007,17694.06438991532,24356.73617952881,123203.728241712,97028.03110968966,49552.80314184105,51817.08206369121,28065.52241024596,135954.4199730469,64019.93231589731,43781.55820764044,30659.7856843767,171668.252355933,45425.14380537117,10359.90386379044,27256.22055314786,62733.3574058368,24151.16607036656,40447.16829041356,1764.426043645663,35318.19289327488,24800.54847256313,16929.83241516561,21696.89979790322,62170.99211799146
3289,15616.01472976277,14423.04275508323,69495.99276395478,48012.32566993321,72433.25918056858,43689.56353575375,12165.4954148437,16975.97479234153,24365.79581685961,123013.3211736721,91382.93401234303,48077.82451562624,49360.42771032636,27238.35364087212,134576.2176707762,63213.89242998831,42684.29159756283,29599.4259210102,166978.5080428899,41831.0547016875,9619.411359634589,25330.78452446114,58724.50262819373,22915.98881450844,39217.09163047757,1682.588103422275,34347.76942058437,24306.29404015252,16704.64488667859,21637.70504967515,61780.95849120173
3290,14972.49320609543,14175.83127860229,68388.46877129933,47558.24076523854,72470.28093047453,42932.13941357556,12076.05473136782,16401.40899199167,23653.37299504,121651.8230148876,88708.35590715056,47537.14457828128,47309.92230181192,26277.20009096571,133127.2897009385,61338.3997010822,42530.31055885624,28620.15233535557,161377.9055435941,40066.22198785758,9086.77306746918,23707.97726679061,55805.94205570035,22674.97912662191,38969.5247955511,1638.171845024799,33198.26599065056,24307.40955789027,17013.23520291819,21439.92996113129,61415.23660157691
3291,14587.89278656047,13988.93974008974,67302.64772415988,47041.98418485027,72170.92880226446,42659.58185879362,11741.63775861705,16115.23937183743,23182.00063736595,120192.6450396857,86348.99919836529,46637.41105685168,44447.39146550876,25936.30234788488,131067.3745718418,59182.22833371192,42391.27019135234,28148.00059172582,157654.7251675972,38283.66326561183,8090.967719067558,22604.24528836648,53873.92780473147,22177.16003662353,38481.70611592918,1563.452077151911,32858.23375059217,24396.97150915981,17054.93659679449,21482.41740704752,61153.7605487995
3292,14587.89686995853,13901.7415765027,65401.23142084112,46474.08332674139,71928.86167070655,42659.58187189519,11831.20222913692,15832.69082243099,22784.85821167864,119319.6983495971,86796.06369140967,46493.49120348947,43598.39674083395,25936.48591247551,130156.9584955735,58873.96228122195,40905.75056810796,27891.41292952979,148604.6910990207,36793.41803009724,7835.583824447793,21536.96873339297,52413.30437175174,22427.9894444445,38476.70943967239,1519.204390191336,32851.40811874189,24208.98587859075,16871.45046412755,21428.74943623486,61057.04274838217
3293,14835.77776442383,13937.94451253255,66184.74304668239,46474.12819803286,72615.52356377106,42944.64962599694,12804.48759811157,17446.5897146007,22954.10640881024,120397.0716757604,90690.32022929107,47937.4060368836,43219.10539847703,28868.02476472664,131594.1938778382,58255.5845268939,40382.24001384438,27565.20851622165,147041.9415315555,36485.3272839686,7745.284550934823,20403.08070393105,52414.52809572811,23704.7798185639,40586.18358984403,1517.018797129488,33705.3360513175,24696.41186568034,17038.25603963272,21700.4157500077,61075.47982309898
3294,15898.53893611741,14342.14562397688,71189.00939036421,47637.55167500432,75179.49551800359,43759.87230112751,14104.62885167391,22103.51615954467,23277.2542674308,124305.2548454137,94652.6979549238,51547.82868156968,44719.47921361066,31863.80847586543,133240.5343457335,58256.49103905545,39671.64671595868,28443.11509066639,145849.9698240387,37674.01755727903,7875.29252660698,19924.92475533811,54816.28414010912,27256.62095141487,45161.54054148508,1517.040528779443,34791.35496182302,26407.13850656901,17463.61025989218,21668.78114528544,61058.02242718194
3295,17419.97105887806,14993.8322542293,74455.87474149601,50882.64648462035,76817.41397458654,43219.40057967743,14669.07128309916,22686.12988552011,24339.92064679346,130556.9916760381,107637.449456379,50780.83820176063,45266.24600718166,34397.53323397662,132680.5566535862,58873.42648982051,40768.48295038116,30938.07816044096,149299.268219874,40058.67169725355,7836.139003885545,19614.65316301413,56823.45231656999,29666.58641160191,47357.58017252506,1658.707900509291,36300.4938693855,27453.77237380002,18064.11033326584,21762.30802173888,61219.24999390691
3296,19338.95165601482,15843.2391404975,75512.91119104266,50250.13618510936,75557.61947362724,43806.76018768559,14996.76704928474,21848.97518919737,26381.08246737638,133491.5006070039,120615.8287669456,50436.00498072876,48031.33248145522,36814.38740919907,136014.2450322252,58874.94270833172,41824.99366540988,34736.03794235825,164477.6286561017,40658.02426610454,8105.700133551572,21286.18262646078,62290.77200282625,32495.4398230623,51262.84275571148,1893.212922019097,38669.1736851456,26323.97858982788,18014.06866178054,21358.02238323559,61623.99885605725
3297,20747.39893043348,16899.57297349006,79996.19059324394,50290.3160576994,76262.00744650648,46036.68741752752,15954.26856105728,22143.78734886804,29947.74022708091,135935.6294299648,126366.5147402448,50850.98451099666,54124.59258620213,38380.57720307556,138698.145199762,63180.43679973776,44310.33591050446,37228.75286526114,194671.5029798692,46963.0074530198,9317.994191334881,24968.7570763369,70573.67503271058,33723.09716013264,53229.69772227331,2128.09137784936,40534.71554095722,28060.46615913927,17563.69360480653,21109.33851943655,61755.2490449087
3298,21262.91694278693,17421.4615845374,80688.56556953864,48240.80179282484,76117.27305340166,48260.66557636467,16612.76318608059,22445.38485450139,31607.20731600379,138965.7609581254,124878.4630698259,49396.15611938703,58002.85661110347,39686.13669040993,141334.2837026869,65330.33130366098,46280.45727949495,38011.10393483806,202366.8350840846,49884.54963916773,10089.38182025423,27478.16215082582,75450.29641889597,34436.7648462634,54739.74400963385,2171.307753132662,41770.87329480601,28515.91836566787,17205.06161708165,21236.52066230115,61850.32849731783
3299,21783.96765189639,17833.20066618856,84266.68726081713,48245.88958784405,76979.38814675836,49377.50450525689,17118.93729687742,23703.12998728469,32334.71673480619,139849.069937631,119017.8280577252,51386.64455031639,60824.46884010496,37847.22856224148,143603.8514235099,69349.5847079959,47619.88469649377,38981.64313461328,209263.7069825335,50735.9189432429,10450.05641008193,29943.27832086704,81357.67438162293,33333.80295463443,51759.96349230048,2228.360698666826,41890.85881671841,29444.0635538487,16988.21436814744,21234.18338398282,62058.94681424236
3300,21791.79029261267,17547.55065599058,80910.72461236472,48987.5678618293,75503.96363844015,49370.65212650598,15639.85570401977,21925.62140695145,32557.75155683409,133311.8367949039,126528.0778093844,47355.51403476922,58818.21050698645,35095.5295747148,142511.2405814969,71224.28659262526,47676.2169426441,38616.73829753045,198333.2327087913,49355.88263003137,10450.06319952576,31430.11181722061,77897.39833174151,31628.92757819658,47347.41452002694,2142.956828910484,42761.04594470176,27937.98581034576,16988.21436814744,21416.76262258183,62111.20747583729
3301,21010.24834727546,17294.31232200052,80240.6646582903,46460.09332369817,73743.0430346045,48819.21314922064,15622.21505208607,21281.92667518499,32778.95591350513,126677.6857688047,129442.3627662408,48385.07929482309,58472.89130654527,35441.44955190953,143057.5603416962,72047.64069294733,48928.83785343046,37491.4681937854,191573.4813991888,48400.05943336751,10829.52826360188,32802.93141002516,78500.04323345405,31498.53311865157,47840.26517498983,2011.662749836107,43066.68500067398,27861.67992608965,17205.06161708165,21544.15348995108,62157.66676887006
3302,20501.53816237463,17476.90415910788,82760.79202846743,45886.27331203658,73250.76131131277,48809.10013620255,15965.82435432086,21569.32497235075,32981.08581446172,133221.2429558085,127520.814090692,49852.3533015843,59596.22911520859,36418.61996726718,145235.6687269274,71276.52518463394,48934.47217301547,37058.79388339868,203313.9897599465,49885.28757998762,10856.87910951354,33164.0573491645,79398.94332575129,32484.01113094107,48338.52841549763,1973.191366431813,44040.41655492004,27815.77519272274,17271.78384767249,21669.01012528898,62096.68987874932
3303,20499.08749935763,17455.18610573815,86210.04428018976,47059.41915791116,73723.33230798111,49122.799442747,15965.81093066192,21857.32726271179,32897.52252103024,137911.3218166278,126407.3357093162,51763.09428629803,59596.21382285823,37091.12117739025,146336.0156370608,70631.21506400756,48940.73343915972,36742.61552867539,204520.2970014811,49887.2238607971,10720.54104283995,32691.03205113441,80423.28287648321,33216.63364464187,49825.71387305571,1965.445171623287,44493.50929028319,28238.43595497166,17155.0199436526,21855.72621705342,62095.94998546907
3304,21021.48111096948,17537.7655788642,87694.50053715908,48830.62100833933,75416.92163150985,49649.94750116066,16287.90670845284,23430.52917514048,32893.97310408222,139282.9536849159,120280.3976986385,53490.95697568361,59807.8731025967,38457.06204432222,146337.6269659071,69675.80685000494,48887.52659225261,37145.0895732992,204654.2771018422,50578.73127187019,10360.52021373619,32423.86422354815,80406.71012602432,34918.05185229546,52258.41112721296,1972.209871717239,45367.83547632234,29236.94671563457,17029.91576202373,22319.39752777271,62115.06377029813
3305,21525.72361063431,17628.8127023729,88240.96738012946,53535.57910262623,78477.54229635489,49937.32691482917,16777.47515549466,25588.14323411025,32668.4598283323,141045.6095920914,111020.6590558524,54274.08860718485,61233.9145377182,40362.61945746472,145789.0126565818,68342.54445227497,48426.93600970897,39224.96438710931,204520.2867682422,51374.1780086069,10359.90203397956,32217.50752560379,80423.28392965156,36087.44266115118,52755.41734985483,2054.383232329521,43918.06455708558,31148.23164026314,17071.61715590002,22352.3512146947,62358.87943644435
3306,21783.97438308485,17476.74420803814,88596.8342507035,57839.72377522627,80952.98559863317,49649.28135277484,16697.0469130951,25874.77126826605,31448.91976940145,141537.5897594916,110229.7413829651,54055.74054922977,59190.38030582169,41332.19932552562,143605.056117295,68343.68152092923,45680.4112401938,39788.45403032943,190423.8790302861,51359.10692120161,10180.07026915024,31114.65909805302,77559.9989022346,35590.09472187539,50811.2793704975,2160.393889558658,43130.92349222911,29737.85816509742,17246.76301095794,22503.96018394844,62345.38040667946
3307,21783.99625253049,17190.8443043833,87192.59845123567,57352.61753440087,82120.88353069036,48816.71834940335,15804.77347680165,25014.85579405555,31095.75740413938,136368.1788198254,114457.7368494514,54561.63970569979,58774.50885711783,40382.72324594318,143057.7671999959,67503.26828871302,43710.30656400888,40049.02867932495,190536.0706477656,49589.67157666984,9450.211347405804,29726.66444990306,74523.04568369499,36049.18609461381,49810.49107825081,2228.777270037783,43263.76729406334,29436.14133971919,17196.7213375289,22167.54757725938,62431.03615720545
3308,21756.99515198562,17183.60919199788,84669.75772024629,56707.70475656992,80361.13213407614,47659.6233933115,16290.07301147265,24106.96536300214,30363.14271410851,137741.4869408132,114457.7342042431,56700.06189863986,59827.98806767487,37408.49018895719,144150.4159562177,69981.2886799702,46306.94961108996,39419.27890046913,192787.3122252168,51409.598831693,10449.38081043902,28736.77793729453,74536.98338218691,36049.52528126616,50797.17966381672,2382.674121330754,43998.73466109076,28319.20974311413,17196.7213375289,22318.31197793889,62430.45616491112
3309,21523.93602926175,17133.48221207675,83131.1697461392,55878.64003402412,80049.97344749996,48806.80977276152,16253.88312701461,22731.87951407835,29865.25039808389,134233.3948132876,112124.4227281602,55015.66708602202,60990.89382387306,35994.18024333484,144102.8403392903,71224.28590801658,49675.03724168829,38066.29097316715,192787.4239050556,52267.02176360617,10806.08927842735,30799.82321957728,75534.77670653623,34177.67706842342,48982.75561316175,2390.648360104422,43125.89008681873,27899.46470347745,16921.4921375566,22041.90472268004,62368.03277516625
3310,20221.85221685834,16574.53980229928,81318.60355523704,53627.03838222878,78551.10709165646,50498.01907653068,14905.65672889261,20530.89362022035,29304.60989315806,133456.2231070029,107760.2972744555,53627.20075443976,61436.4962271943,33076.75113108302,142515.8110023924,70594.01074616436,48070.33121817904,35794.17220732319,188075.4149018216,52267.01912124344,11079.84539201195,31004.34689339323,71578.04920420183,30844.6062612656,45395.49340277201,2238.74314202315,41135.78586181835,27904.76986849062,16721.32544578413,21915.62537659186,62452.00284485555
3311,18176.93726971027,15744.19514668777,76135.36098066682,49904.93083953695,75605.3540652373,48644.80186766257,13564.39748685262,19316.28267015861,27812.79695372695,136289.0139764108,106193.9018768353,52471.27489778958,58585.30562380348,30187.72642863953,138711.3637426935,68015.63272811794,46634.26904559886,33337.70119099523,183355.8546741249,49590.00747623912,10999.61353058373,29038.25501316092,65668.05147039535,28654.6729039134,43513.67093397358,2000.107904226962,39015.21371364497,25638.60654075979,16405.89089905742,21795.27019672372,62632.64650035903
3312,16902.97948305831,15216.31307545682,71077.78929659129,49365.74816066761,72493.53139289758,45017.52699008348,12452.01518715813,17272.333488049,24480.96694017297,138051.9863965213,126173.4093267403,51648.20513586597,49662.97720151075,27320.39134362161,135833.7330521507,58955.76776041508,42628.8192934492,31811.3534899821,199435.7215297162,43302.47911831347,10136.3103060724,26089.25571374773,63683.05929405245,24519.55202456052,42404.73367696789,1915.694292450941,34956.21189746959,27605.54555444076,17582.89334222898,21562.53687408881,63354.71663845008
3313,15712.43063416033,14441.78832831572,69706.71759523131,48519.79035855833,71688.94335796323,43095.51006532901,11986.22477762835,16411.16319582952,24029.80781823386,137466.5653621854,119425.6064935868,51349.47982549035,46668.1807568798,25937.01506328095,133674.7000613592,58682.7522581674,40753.71550225875,29751.25590455029,190797.739617948,41589.71156339432,9496.589111159914,24152.79647937282,60272.49658184164,23356.67895273484,40793.69489037905,1776.984107502498,33913.46833476892,25725.07599513309,17433.53993777672,21830.81545674378,62758.83225577354
3314,15239.52935893436,14217.0939993847,67048.45597264163,47260.94660751882,71531.68445263624,42670.14304160334,11413.40703009843,16089.92087374011,22969.31107986361,134230.527162747,114384.7174520069,50765.34886297298,45377.27025568968,25732.87607781389,132226.7094107637,58939.12075999545,39852.44371188647,29457.64207993046,181560.2892667332,39421.79716459259,9006.231364302406,22834.49895074677,58008.07725704183,22987.35861130191,40000.09841983979,1706.98116605227,32982.90960954967,25598.20355115872,17198.79491336157,21736.83323192698,61918.59485653984
3315,15069.85131864581,14027.37852998288,65322.22538064483,47284.77972746457,71492.47506728643,42810.82307941016,11545.74938506297,15779.2363229578,22270.25401697998,132192.5627699844,110367.7577232085,50283.99656224521,43754.9317535143,25538.43491959917,130998.0073746686,58507.1720424046,38983.8782116173,28756.96777306599,171894.161962583,38156.95070835752,8605.390023828484,21895.08719191654,55695.67110912522,22429.97429570715,39358.81280556788,1638.961524970679,32992.41134441272,25482.95467752079,17244.47648296342,21830.79126173364,61677.39775107896
3316,14587.89632672644,13806.46656545976,64442.25824320032,47050.63560717811,72348.92578502983,42803.47450185943,11669.14612468633,16073.2710646505,22257.19333331137,131349.3602157623,107008.1642418595,50281.76155896729,43311.25221984877,26526.27831219014,129280.2390981724,58369.36898054937,38895.76853629799,28506.76780862609,167091.5182705888,37526.9626586619,8320.670311796695,21228.63219067321,54560.96190592222,22435.38162360641,38909.3907034635,1573.601617627248,32528.80197047485,25041.24952956237,17216.27667927091,21920.25902133777,61674.70276757763
3317,15046.05033783163,13914.62073419736,64380.30520842902,47050.74686359873,73453.97114690719,43550.87107408023,12063.4570714065,17250.67874028184,23173.18805285585,131276.1902530631,104742.2832552991,50282.5147770609,43167.60146309608,28640.12243176272,131280.7015836605,58220.03252850586,39326.55095222346,27712.33184284083,161174.434559476,37000.76262299698,8161.627655427361,20542.52133034142,54531.49084932847,22988.09154715312,39845.68594659153,1562.113530843387,33004.87785075747,26166.20797467642,17616.64410690111,22054.50473420433,61506.49854736259
3318,16021.97383023593,14243.36029280981,66404.73146293793,47132.50143300139,75127.51455459277,45337.67200313711,13690.32162679911,20910.2331494653,24632.24112780988,132402.5660828779,107006.0594579324,51626.10287389722,44642.20702015469,30491.24118209822,135148.2392330554,59244.88701654495,39290.03163785388,28494.43247611213,157511.9377567466,38247.42458228809,8363.522447538251,22431.10056656371,58461.17514202765,26470.73498422843,42375.51241465018,1574.15156374171,34917.55548536036,27954.80688810759,17871.9392213488,22099.15983476806,61645.38825053356
3319,17185.73869116313,15246.70627412108,76789.79523752458,48039.88595389011,76478.62052445709,44566.22051955927,14541.78310108942,21991.26685776708,25240.09272333716,129336.2355840167,100464.8635573191,54103.53872781485,48424.65769055334,31780.63050908617,137119.5882344589,60289.31028814805,41673.61295533428,33479.11453699403,153233.3849405975,40902.36825519621,8659.779034074887,24697.5955484236,59131.70940912673,29520.13328766796,46465.01244632022,1721.357465157979,38025.71572403311,29333.25728699098,18093.70835316131,21848.75924085987,61582.70539454664
3320,18581.49141500692,15693.58796527502,74995.253017986,49366.55777482,76159.26539412006,42893.03830875308,14894.17593427822,21301.6435944174,26310.12810932171,117723.984638714,95738.75693808211,52264.21144260228,52466.11081211718,33860.19803455105,137265.279346873,65619.56199787527,43273.23364175342,32809.33700714997,149161.4026633406,42102.92737354188,8949.365370337082,26631.36721681792,64430.62848345314,33063.58461169523,50555.26653072097,1915.185170574904,38907.61945848449,29023.65285204558,17429.39279101878,21478.05579861599,61989.65574330477
3321,19625.183878238,16413.87975973482,75511.04509611854,51680.84551283056,76922.51022387682,44186.70786976409,14931.95467574644,21372.22345331722,28271.43073322986,117135.0676380126,99166.19432534107,50265.49360385432,55574.69637658002,35657.18574995424,137265.2793364992,66892.90017601971,44094.5344973395,33084.63743863476,153424.0362303372,44258.12873912118,9693.138866382986,28701.63018349051,71544.87653421328,34154.12870268004,53000.0837879621,2122.17735231891,39507.22005417614,29808.47195686105,16894.79878921662,21086.01873081841,62089.75803559759
3322,20260.32580837293,16918.09143989966,76092.12102450937,50298.18743501286,77454.55464402185,45488.6895419131,15039.74558993963,22309.69296557924,30357.79123928738,119197.871791792,105202.3958376255,49650.47273736729,57350.258168295,36842.04172416795,136467.309997335,66249.27747750204,44895.33284895797,33082.89014772553,164443.5143433743,45715.940406431,10381.17105874601,31140.199937859,77116.8285788314,33034.86020501077,53976.57661813663,2244.322357585651,39694.49882674511,28985.12660800211,16468.65564617688,20891.31308713128,62569.14992085867
3323,20569.59028153664,17073.41605947064,79029.66934035192,49365.74792542239,79057.40292292892,45146.82208882746,15427.52551979804,23391.65269137829,30887.66870006451,119556.6070070702,104528.077217776,49732.13342365729,59104.56154972113,35343.49806152757,135266.8642419313,66802.9256880473,45434.07574783209,35051.57303706293,174280.3846548665,47153.846552772,10332.94647514472,32538.36842993104,84870.32653786064,31893.96095372821,52482.43242286087,2279.070423297183,39967.61954997879,29333.41758423444,16481.15284215689,20935.60955250063,62431.69850530689
3324,20268.73881388536,16660.18968310907,73623.80806753237,49366.09829778238,77750.70847610448,44259.18506095056,14722.75946758068,21998.81266552669,30534.21209327849,117514.042658564,100470.0528780897,46937.50205173204,55549.94295386103,34067.62514212746,129640.6531623284,69380.9948894986,44796.36756253331,33712.85496867276,179072.3245936918,47176.69306431398,10117.6185837182,32575.33409342282,79742.9093980982,30618.70559833116,48372.78388511143,2242.744960700886,39567.74300435,28836.82572013351,16935.96917961405,21115.40592102751,62461.91292455413
3325,19958.49094227697,16093.55108507899,65643.33947465631,47459.7506351034,76871.8961855245,43845.59986906055,14826.08829188005,21063.19082810203,30503.13486440795,119662.8966511253,97035.71896356007,46255.78756894788,53207.75964683817,33232.9280972862,130446.5545367512,68249.86493502265,45443.10150599399,31811.32417793074,181313.5136679137,45949.87062515112,10171.60684803195,30909.76915787723,77267.28432086694,30325.37504743889,47885.93883584291,2076.884723617161,39341.00474009059,28595.01562911972,17169.39065602723,20936.64707664114,61854.79475132194
3326,19500.05621924719,15937.36447722101,67901.58473585732,46649.88201781838,77173.91097293061,43434.62956648783,14239.18856470976,21200.89518640962,30117.27673482437,119849.7161870695,93029.42510437689,46637.59256471192,53725.41950810489,30803.1974272496,133672.0114729261,66399.25903196399,45470.24317605146,31429.49737829798,186258.8513664998,46190.56508062512,10333.31568151649,30610.93048390938,78524.89146969233,30447.06491349175,47859.00877302783,2057.237954501738,39792.15992398597,28391.37119228089,17255.85842861851,20936.55353717893,61552.67671658906
3327,19198.39992814011,15900.6600826484,70632.3310720207,46211.2270533102,77596.1651021426,43565.32685378472,14721.82725521613,21684.20708474662,29586.56356662725,120630.788672378,92284.9708650355,47809.0145646195,53683.87408338301,30480.43829757532,137295.8390209317,66281.83825088639,46334.51937989229,31047.56362528485,183863.1974638336,47153.34631089152,10382.56478650944,29468.03485087595,79647.83020285486,30802.46386929161,49347.49295119743,2016.067218907322,40719.68218148348,27801.87759865783,17198.23821499573,21205.11169384653,61747.05584443278
3328,19959.2332155167,16373.47293071886,73689.06628700906,47051.60006639984,77936.47642487891,44852.12204035602,15554.82582621168,23009.33167299298,29661.93954730342,122609.5669679028,97084.21252067505,49649.85921077543,54978.2139608221,33163.8048502066,138062.1240076896,64936.94294599158,46698.80457971479,32064.90002615234,186259.5039427248,47400.55784496133,10429.42922558368,30995.28310742931,80789.83829166187,32647.73519959015,52270.28804220691,2057.705039783656,41577.27784080942,30288.25642935467,17178.78841210898,21692.10501229818,61024.87866501477
3329,20846.62387042362,16960.97702043466,78860.93022615416,49783.17630141365,79932.59488213995,46950.70292335465,16353.31803304842,25734.28280061476,30874.52107935758,125613.7673978503,101821.9299717173,51059.59226796809,58216.82378101187,37640.19343512053,141645.3697661567,66086.84022513533,48124.25160380374,34876.64784362772,187356.6029340683,49792.30763558094,10779.96143475035,32868.67391412483,83069.23448410211,34339.93122634864,54459.4437822329,2123.575943989198,42690.65213293328,30936.59432452013,17428.03074513461,22323.02002315958,60994.7210239898
3330,21501.63620135801,17697.19211484467,87306.86390685066,54095.24881909887,81191.97505730318,48512.04912387823,17105.37677091773,25101.21286901461,31871.18587894874,127427.4379485418,105200.8559706032,52065.63132413113,60592.72333485403,39781.82002123591,146046.2359773814,71163.1281150874,47755.21566813338,36441.61546916899,194645.4666468404,50521.09301542737,10924.05590520112,33918.96030747333,80929.6055011572,35647.87563050685,53277.3705941452,2188.708865305445,43488.02449313168,31386.61514965425,16955.34831054873,22235.8300847332,61329.24224900716
3331,21791.79388019937,18037.13424378687,86971.07582478289,57375.59163984926,80848.04675374494,49246.5191671196,16765.98712302192,25073.81651271092,31794.87885362261,127095.9344712673,103899.0755402321,55183.70361509054,59538.15906335883,40419.15019455153,141729.3252523995,70053.2818061972,49232.33553199016,39447.15801234222,199438.5538345893,51246.53140779202,11323.87259151329,34852.66003043063,77398.91150445187,34735.84416943222,52745.96966768651,2209.712682950802,45574.87984229035,31347.17714295737,17509.56921279728,22492.90615197017,62205.87276454802
3332,21791.79388196993,17724.67883713486,84400.85516666368,55469.0897399938,80949.76355342759,48258.43772933201,16368.82300258746,24167.89256561229,31191.48939195243,126765.1669869116,103753.6505833151,56126.73829763757,57788.11995771097,40815.65455078784,139187.5271566822,68676.50401722871,48367.16304162401,39955.12266338469,198239.2384123661,51245.49466365219,11315.76459796755,34983.61730143845,78509.2329238221,33409.56801342465,51052.94251119003,2386.610364201607,44604.19585334618,30721.48425254125,17181.36797109209,22149.29318955886,63600.96348252553
3333,21484.9235818385,17720.20771848986,84433.08460421747,55048.29736096602,79652.29803618298,47480.43739656054,15535.69580750067,22772.80386183244,30501.89111147361,127376.3477734134,101383.6378998148,54598.93871591003,57188.30918907464,39659.41606152407,138462.2500699073,66909.5799468018,47442.89013666906,38954.44906939343,200633.5953258563,50690.06548381399,11121.32159762062,33567.82169057558,80098.43972386314,31919.37402381203,49343.93942727883,2408.431683925307,42859.66254292536,29610.83652911027,17006.89341452615,21965.24124488353,63754.84265816663
3334,20393.02007405225,17287.75186838637,82569.1405289773,53919.76592508012,78558.10657569597,50075.84416701427,14535.01890787768,20598.26562259084,29146.01710478766,127387.7556636581,96410.91072254973,52924.99779950343,55549.53261430724,36031.36645102252,136433.0703155386,64326.07924122945,44983.03958934297,36804.18621706461,204269.78201481,49538.95763664124,10924.4373807518,31819.47942930229,73201.61243763285,28968.54535975377,46426.8601632068,2349.706403544384,40154.86281699062,30016.8909454108,16881.23574426739,22005.64080861104,63308.87355509423
3335,18591.96691425005,16294.77072592335,78578.52734418189,51295.25941817487,76396.90248747282,47935.52779356623,13180.08615783405,19207.61652747016,27411.39073830404,121247.7347367453,87018.07482355213,51091.82389997032,52746.92697416734,30806.29256314184,133584.203637607,61745.03546453586,43599.86070520373,34112.07534733362,207575.0893373808,46258.49479062786,10530.36759943681,28474.66848209592,67110.57538901111,26939.30365870584,44231.41237466655,2105.250460436152,38480.07901765312,30084.92073662551,17462.23896672927,21968.81519595029,63464.30781690985
3336,16903.00808867789,15315.85185676538,71406.33489734156,49103.3028446215,71797.4433399047,44994.34081873346,12177.94022445505,16855.25737647307,24013.65914861386,138848.6845813557,125199.8230681517,51995.41284342454,49573.13847076749,26923.8552548714,135638.4197426528,59369.74645509163,42538.87678392794,31487.63089516781,199410.8445491116,41190.72766232715,10239.4184154544,26432.16688285491,65769.25889419303,24193.71297327106,42491.05307490299,1915.580537804683,35034.02179389855,27467.23482789906,17619.23775249321,21514.94769306704,64441.97840298637
3337,15712.45923835534,14470.24508759583,69946.18522114899,48231.16435689986,70952.18140775166,43123.89445346988,11712.85432583087,16038.84034609547,23553.91662476278,138204.9363166006,118479.5417820529,51665.02155752293,46512.53421316644,25566.55560527329,133573.454564625,59102.38148365178,40695.54613441903,29509.12080702952,190279.7116287944,39370.36526309131,9628.317764221416,24958.83866359405,62119.22257194305,22994.91648919788,40837.04267916198,1776.972537592328,33959.75196092446,25785.17236464858,17473.44245373982,21895.83248713406,63453.72576701824
3338,15239.55796256348,14224.92943275151,67115.21741427925,46933.36193392792,70786.97267931726,42709.94065671427,11140.90296872418,15734.29233160703,22473.24370178456,134646.4820531102,113459.2124794555,51018.97057644485,45193.25717742415,25366.26463789059,132188.5520252276,59353.44399330793,39809.54615802506,29227.13517773928,180514.8860175184,37066.26401770852,9159.89817639964,23955.83022642775,59695.80641403689,22614.18712368643,40022.27842691544,1707.021165766204,33001.0587576553,25671.68614809494,17244.28985363004,21762.40252790639,62060.22251576331
3339,15069.87992207194,14017.80282287298,65276.83431772931,46957.93264080639,70745.78116343547,42846.84604084062,11273.04515504969,15439.75342260662,21760.88692392586,132405.4692357933,109458.6362978542,50486.59317123213,43535.26932455028,25175.48869380159,131013.3838228286,58930.43520592639,38955.69827223111,28554.21016950958,170296.9098582192,35721.96080322731,8776.990112460575,23241.09178565865,57221.03402487353,22039.58412186142,39363.887653537,1639.051633255049,33010.84776761848,25568.59710668041,17288.88313298683,21895.79813660423,61660.20586456502
3340,14587.92492957587,13776.61665899532,64339.69607067379,46716.54223283754,71645.52756412956,42839.69463650457,11396.25525633314,15718.50777910203,21747.57775786668,131478.2559153266,106112.745233776,50484.12124943193,43081.84035371606,26144.7112471125,129370.4577119195,58795.48421818424,38869.08159223857,28313.91905068261,165220.0784445326,35052.39735059175,8505.008501056733,22734.02871778246,56006.65089916423,22045.15849264265,38902.47801204086,1573.739875114833,32533.22164503131,25173.49597594,17261.35514446045,22022.81874650614,61655.73633217502
3341,15046.07894122927,13894.69667843432,64273.71797224852,46716.65693241969,72806.43567752642,43567.037452229,11789.96980528198,16834.72798173506,22680.99947920455,131397.7958126704,103856.1058554447,50484.95431139841,42935.03300775664,28218.70942358431,131283.7612094125,58649.23854382941,39292.56451317102,27550.9456926237,158965.1825187601,34493.14180149528,8353.081268296502,22212.01076144035,55975.11052412963,22614.94270135246,39863.74727415194,1562.260251351307,33023.69118585451,26179.76080159329,17652.18445924274,22213.41223404261,61376.77573370825
3342,16022.00243480132,14253.60631570878,66429.67038309996,46800.94164064675,74564.580806341,45305.8958671365,13414.37371786673,20304.10281995743,24167.81136107228,132636.3958003321,106110.6490344078,51970.96766084523,44442.04162408745,30034.93460172328,134982.7924909052,59652.88188520998,39256.66400900017,28302.0722430401,155093.590118179,35818.11818181807,8545.94347126977,23648.91014648454,60180.71869311971,26205.17177174608,42461.05238711541,1574.289416096109,34994.19664525663,27779.6458298842,17901.39757639724,22276.81069326343,61607.11926889373
3343,17185.76729712101,15349.03439176125,77489.44755789188,47736.40788004636,75983.98849455538,44555.14356893827,14264.54735135555,21328.95741357702,24787.22746741976,129264.5577179393,99596.13201508707,54711.02077681771,48307.60806241492,31300.01895121444,136868.250961897,60675.68900013328,41599.85616654943,33089.34242546186,150570.7704515124,38639.84353524998,8828.945807919512,25373.34149846455,60898.33471040097,29348.77192319064,46659.63259640209,1721.386874169216,38196.3288855245,29012.65684138284,18117.88341376713,21921.30792557645,61503.1620257439
3344,18581.5200226349,15836.928657829,75578.31465494115,49104.13751469697,75648.48917963737,42926.85531386691,14616.4071881817,20675.1724632251,25877.6205128893,116495.3438402399,94889.30126518467,52676.71807179706,52437.86828525197,33340.38664707669,137007.5943972063,65895.62187722494,43172.37170020576,32446.0905674063,146266.3146419728,39915.82092682269,9105.576315217626,26844.62492032921,66569.31886228512,33001.68735450193,50858.98697144199,1915.071790987509,39104.89606483615,28735.71856503588,17469.3941061125,21395.0068587463,62178.07441908763
3345,19625.21248711482,16623.32524414942,76127.617536126,51490.04778462856,76450.31790625866,44185.81380537671,14654.12878906735,20742.08443096023,27876.23735227807,115847.7512956428,98302.7595274362,50466.12883157482,55614.76207072742,35103.50115981671,137007.5943872845,67142.60610643541,43979.75582831771,32710.4880817829,150772.3062136642,42206.41051524317,9816.074062389605,28419.7558582516,74183.09581991126,34125.9204747572,53369.01540329981,2121.911486153322,39722.62496274128,29437.7319266018,16947.53595034853,20838.41767314311,62344.09044014944
3346,20260.35441800971,17173.81095995837,76746.4457329606,50064.59923150052,77009.25847588791,45452.86138177719,14761.75666882913,21630.83556669432,30002.29132763733,118116.0787328887,104314.3418254283,49785.91350372246,57429.34014968136,36266.02260931597,136244.3921085162,66512.30429943008,44766.98486201162,32708.80999006761,162420.8973302521,43755.80087864442,10473.32432104302,30275.10792039139,80146.28402808434,32972.07559499465,54371.55445196852,2243.966509886748,39915.56591478725,28701.25719945046,16531.54498530124,20561.9870379968,63139.14449433198
3347,20569.6188915435,17343.39049916961,79874.84537677465,49103.30260209594,78693.13466388978,45120.16673856663,15148.95007912,22656.56805457248,30542.24982410407,118510.5557994737,103642.7734773465,49876.23052144349,59222.19268493211,34795.72648156367,135096.249077079,67054.49379702807,45296.59890383998,34599.52574277934,172819.3643855938,45284.03527035249,10427.25726139491,31338.88507515088,88444.19600419988,31795.93174554424,52837.55660393734,2278.688977464118,40196.94415985648,29012.80022577048,16543.74445559899,20624.87632987816,62911.18630699628
3348,20268.76742353222,16892.24026498987,74117.7674798119,49103.66381777288,77320.3836100581,44256.34632622665,14445.24998996138,21336.11108111358,30182.06862732978,116264.4847192072,99601.30017072622,46785.35800237139,55589.464715009,33543.90375549585,129715.168744742,69579.20537106394,44669.69651639518,33313.8258700096,177884.8809581602,45308.31698356292,10221.56294373616,31367.00988883111,82956.75584294621,30481.28127045379,48618.29046282111,2242.390275035504,39784.97776155019,28568.60343990636,16987.72552212161,20880.13972855367,62961.29582544207
3349,19958.5195515526,16273.59839985178,65618.81106477082,47138.31854469299,76397.14520421214,43853.85823731641,14548.42252876822,20449.11160032793,30150.40014731797,118627.435395369,96180.97350933748,46031.37929095388,53195.81415007406,32724.94074262375,130485.9574646021,68471.48611892114,45305.47172289829,31487.60274398225,180254.0217534659,44004.4264279667,10273.1358222705,30099.78784924976,80307.30406192059,30178.88916799604,48118.45968325921,2076.652223532891,39551.38430100278,28352.30657122465,17215.58610564115,20626.34934037603,61954.41235528646
3350,19500.08482797429,16103.07776336364,68023.77360876885,46303.38612918586,76714.42757936261,43453.91487637199,13962.41049110337,20579.65974428422,29757.20098162067,118832.8683146404,92191.0196956012,46453.65701276973,53724.84909607934,30341.0104743916,133570.8831164273,66659.18172468635,45332.15348447901,31120.89770032934,185481.6937169977,44260.24113860333,10427.60994980984,29872.42057833203,81653.21444670824,30304.33827083102,48090.81130866706,2057.019927759261,40016.17969402673,28170.14852385777,17299.9939220128,20626.21653902284,61453.36055249008
3351,19198.42853650624,16063.00482234605,70931.9354317856,45851.15567936452,77158.02768975517,43581.10536196329,14444.31918757388,21037.85491003886,29216.39087821569,119691.7613635306,91449.6017827331,47749.25402929371,53682.39075003187,30024.33535147883,137036.8226040249,66544.19117096033,46181.78475484705,30754.08993904625,182949.269542027,45283.50360363151,10474.65569469554,29002.86424689612,82855.00063554727,30670.71619201481,49618.99816865032,2015.879521738355,40971.74462512152,27642.85200834011,17243.74641771131,21007.49825441387,61775.73128589631
3352,19959.26182479324,16579.21007770355,74187.26549945837,46717.53654012448,77515.54258396201,44833.37392867667,15276.05784302459,22294.11547893075,29293.20090356743,121867.6911975588,96229.26928092935,49785.2349410677,55005.17251931538,32657.12046814491,137769.7209992089,65227.13081423175,46539.89723755351,31731.13604908513,185482.3835494506,45546.24479112394,10519.42346144409,30164.84995475606,84077.19514014458,32572.99154477543,52619.75364728557,2057.486668949745,41855.26879986417,29866.89465760028,17224.75997523304,21698.9002589079,60578.0266271667
3353,20846.65248076195,17220.63236538669,79695.14335046003,49533.64954335165,79612.56972174265,46875.64677979521,16073.34232540796,24877.45645996185,30528.85206701008,125171.2090083751,100947.66350677,51344.40485860244,58314.94772028158,37049.12916752242,141196.8468222557,66353.22896860729,47941.19043588158,34431.52823512317,186642.1170171783,48088.24260905301,10854.27317879509,31590.19343331338,86516.63977062076,34317.46279997083,54867.30124330946,2123.309047511949,43002.30480912012,30446.82685143069,17468.06450879044,22594.63308859402,60528.01127334313
3354,21501.66481248009,18024.41361278492,88689.805932134,53979.17199747793,80935.61465151304,48395.09975030458,16824.26356973589,24277.28588017296,31544.47863447971,127165.5809242554,104312.8082388982,52457.08773443566,60743.05541459857,39150.38611128659,145405.9698500641,71324.454249017,47578.40771729962,35934.51734429892,194347.1092340207,48862.80977012219,10991.92099386174,32389.28930590253,84226.77614315358,35665.81215215455,53653.6983444224,2188.393986840592,43823.78489573889,30849.36627776303,17006.64297629391,22470.84638369348,61082.80259196396
3355,21791.82249166864,18395.55393647435,88332.20183395718,57361.03480406773,80574.29992923845,49109.86287495882,16485.38725080367,24251.31325657144,31466.71985114798,126801.0487743338,103016.3372421686,55905.6870929864,59665.31809290569,39775.70261642908,141277.1444167507,70237.57814038552,49030.49817268552,38821.02926686424,199413.8385530967,49633.81968832738,11373.85024573311,33099.68182319866,80448.17348483433,34725.60626434956,53108.1232384809,2209.382331436407,45973.73415227076,30814.08934899711,17547.66045303003,22835.82656198466,62536.66250663751
3356,21791.82249343923,18054.42292948741,85594.9949774709,55395.53052048212,80681.1587624539,48148.29312492641,16088.82384358362,23392.46832738554,30851.85077173957,126437.3259464842,102871.5054145846,56948.68690115376,57876.82353685102,40164.73286903043,138846.0909869882,68889.29516305981,48179.98580313214,39308.87663565503,198146.0530164328,49632.71781665518,11366.10499643483,33199.31885116613,81636.45643168171,33358.35885682654,51369.93757813056,2386.14969606425,44973.70253953857,30254.41290048326,17227.27808035407,22347.98682788591,64850.36986252306
3357,21484.95219294058,18049.54147385164,85629.3183485692,54961.71546708939,79318.1031832124,47391.16769285344,15256.95675858644,22069.87953519921,30149.13273170945,127109.4004837587,100511.1590502112,55258.93497564014,57263.83249516129,39030.28946514097,138152.4138014151,67158.94066034195,47271.37446000623,38347.8334236024,200677.1061558206,49042.39696925712,11180.3611988482,32122.13034693033,83337.24982948329,31822.12987481913,49615.34986076861,2407.954940502651,43176.42507359137,29260.94888175933,17056.96010070915,22086.68163404024,65105.5728941328
3358,20393.04868384786,17577.3969806456,83644.27457937476,53798.25826226683,78168.59766252426,49916.93585735383,14257.79338902833,20008.34760851294,28767.46292266578,127121.9449758743,95558.7136073689,53407.55019944067,55589.04535863256,35470.62855795401,136211.6442297586,64628.90999661238,44853.20543469655,36282.72894720941,204520.8863719717,47818.97734267652,10992.28540254369,30791.92832422068,75956.15989587922,28780.14437074194,46620.46266864111,2349.272921741484,40389.84853287163,29624.16076589513,16934.29602322646,22144.03835390387,64365.9493119673
3359,18591.99552189054,16493.28497670542,79394.39286727332,51092.52857901212,75898.13941050993,47834.04734078079,12904.90998323741,18689.96770758806,26999.8349065497,120370.1755903691,86204.18727098945,51380.05316148822,52724.85511626505,30344.04726699947,133486.901017467,62101.28541134402,43493.46415377867,33697.2356425157,208014.8969884764,44332.43814486067,10615.84594437352,28247.07518756141,69437.43898567873,26688.21544445619,44366.45519484166,2104.997063938745,38664.42938214374,29685.01277895679,17501.45777428384,22091.75570146148,64623.73139759462
3360,16515.48276195065,15261.66573079652,71472.41739021373,48168.68881125674,71560.40505615476,44743.63251466085,12024.84925700148,16800.87428371075,23341.97202729472,122286.885476843,95412.79942278267,49627.4814235377,51641.52921977768,27223.27367852948,135476.7786998883,64376.41669391849,43741.9571403568,30420.57392492823,166148.9374099633,41106.73643663838,10157.51640525302,27006.39536261497,67510.79372799811,23628.3706824121,40927.33023331792,1798.425092607567,35454.38240065955,25340.03014000288,16963.56386538775,21577.78717821337,62934.06124976774
3361,15616.07939558758,14648.91865796736,69543.20678144126,47946.04312759829,71380.87727421374,43381.88778349775,11509.76376833217,16150.73184277673,23351.69762056458,122056.5190281967,90041.62418005384,48012.21088164535,49224.9701820816,26450.56252092477,133804.5687852571,63613.9673818074,42633.03244193357,29379.40036005996,161232.3044814761,38021.25300798226,9561.977912812014,25761.45281904376,63489.13844468802,22382.19469622061,39661.10363795725,1713.538225040554,34396.26980221478,24947.85373192472,16722.49836172231,21458.196465882,62349.30380277413
3362,14972.55786669069,14351.29529254779,68385.98028736611,47497.08232388707,71417.20507973686,42689.30715417075,11413.32218815479,15630.53267378891,22586.90601266491,120409.2929094044,87496.82690630882,47420.10441998982,47207.93128932767,25552.68762564049,132046.5455162803,61839.901152552,42477.41540652722,28417.84579586174,155360.7462835544,36506.16477956544,9133.605439421284,24712.18306144597,60561.25873912033,22139.03891913742,39406.26121981922,1667.46720915089,33142.89527511659,24948.73886255956,17052.8473846473,21058.63291627062,61800.9956985552
3363,14587.95744403032,14126.29243486355,67251.43070477723,46986.65141800148,71123.46407818467,42440.08340054136,11052.7289990507,15371.4410284053,22080.88400957378,118643.8876040719,85251.95527266592,46434.79315724436,44392.12012172203,25234.23327940083,129547.1950968969,59800.33536358202,42336.89778192546,27954.23718767297,151457.4394050938,34975.85898039691,8332.732489832351,23998.53541168352,58623.07545466434,21636.78696098208,38904.10634933894,1589.963706218742,32772.1371399226,25019.80364629465,17097.48914427708,21144.46998922654,61408.97804015341
3364,14587.96152742843,14021.31263669799,65264.68428929663,46425.15901195839,70885.93430984182,42440.08341252125,11149.30405560217,15115.62782039602,21654.54843327818,117587.7417848877,85677.3264745309,46277.18443302438,43556.98192979077,25234.40475880451,128442.56278953,59508.74031502786,40835.59501277296,27702.29223447923,141969.5670318085,33696.5008882168,8127.340890671002,23308.45899821319,57157.78816640222,21889.84989844681,38898.96282896265,1544.067542007912,32764.6947322971,24870.64255732411,16901.06540232222,21036.04498445864,61263.97399392193
3365,14835.84242390808,14064.89815227623,66083.35767050755,46425.20337690176,71559.72525097374,42700.74636047285,12198.77254465669,16576.81618563771,21836.23772909243,118891.2158080407,89382.61868552478,47858.43656368631,43183.8810415698,27972.94236316879,130186.3991275789,58923.8043811434,40306.5223351061,27381.99017888116,140331.2120449473,33432.00858869986,8054.718017495888,22575.31314112328,57159.0157978001,23178.00955009351,41070.4309643814,1541.800523210885,33695.78505425422,25257.40079414642,17079.63244084133,21584.89043026332,61291.61575606988
3366,15898.60360423812,14551.52481219857,71312.20114001344,47575.49825320645,74075.63751220074,43446.17737706093,13600.68129663041,20793.09439993802,22183.13954472005,123619.5816545462,93152.72658185515,51812.26290265402,44659.76709689438,30771.4951918975,132183.9482890756,58924.66186919834,39588.3792226462,28244.01187124891,139081.5730548849,34452.48527536431,8159.276474742346,22266.14852905828,59568.44078844193,26761.47832393433,45780.25015218556,1541.82306448803,34879.93849210252,26614.81225114663,17534.97839197817,21520.97927215719,61265.442776187
3367,17420.0357393626,15336.10476316058,74725.67404170799,50783.97393425522,75682.85444021913,42951.97573492295,14209.30499996441,21320.57998280555,23323.92041815967,131183.3261434945,105507.4079265539,50972.32047506326,45197.61005176759,33138.40925270483,131504.5122968137,59508.23349918336,40696.86897281789,30693.83096408618,142697.747613906,36499.68294345397,8127.787391781465,22065.534071039,61582.01796923018,29192.90350586058,48040.82778596792,1688.768349153958,36525.44577406033,27445.28555337212,18177.81973231159,21709.93092939036,61507.163012155
3368,19339.01635209386,16358.72450436503,75830.1472564919,50158.60116918832,74446.67382351718,43489.05116603771,14562.65088552995,20562.63863461509,25515.1239884776,134733.6796461618,117856.0262836102,50594.68860033692,47917.56725708816,35396.14704049815,135549.3660529471,59509.66772071652,41764.60475852749,34423.07028641805,158610.433197564,37014.22010871699,8344.58098237291,23146.30648355944,67066.79512414246,32046.94665885618,52060.85963093868,1932.010012499415,39108.16355168038,26548.82729419939,18124.24962200435,20893.15564203435,62113.98225810733
3369,20747.46363795816,17630.468174429,80514.6233842999,50198.32763378672,75137.85858265708,45528.07310760985,15595.10004880668,20829.55504414519,29343.95967331069,137690.7404463528,123327.6668233292,51049.1387183365,53911.3786188657,36859.22491947921,138805.8142990729,63582.32102941632,44276.35292830475,36870.68191045697,190265.079342336,42426.9743782879,9319.564215174827,25527.3742179397,75376.14594349648,33285.53576456796,54085.51723886983,2175.639022711362,41142.27896223152,27926.67929298356,17642.11861467348,20390.74147004634,62310.75894626605
3370,21262.98165450093,18258.78141864052,81238.07016442962,48171.94102180643,74995.83712503828,47561.65528139568,16305.13780464161,21102.61475585047,31125.41089065438,141356.7841823339,121911.8211515494,49455.93499137382,57726.34508621176,38078.83138932163,142004.3120331647,65615.94940722198,46267.40617361449,37638.87708367228,198332.7096210278,44935.08415003515,9939.95000306064,27149.89768261981,80268.33866442775,34005.55835918674,55639.94130979003,2220.465453036789,42490.13804625194,28288.06727191675,17258.19948144125,20647.68661326086,62453.30670121196
3371,21784.03236784468,18754.48320765204,84976.76769841684,48176.97140382821,75841.7925304336,48582.8810194996,16850.93228197576,22241.34938376242,31906.39808130469,142425.4669511043,116335.5667238868,51635.74781666787,60501.90548343568,36360.98990272717,144758.0395798643,69417.84190275252,47621.0645560109,38591.85530237242,205563.2503959615,45665.97473276943,10230.02127357624,28743.7849628027,86194.57922739434,32892.77505904614,52572.5899305828,2279.64394431659,42620.96566526504,29024.52327960587,17026.06233053409,20642.96462714934,62766.07746255619
3372,21791.85500862454,18410.5828411421,81470.19906814779,48910.28024219942,74394.02372591733,48576.61527663672,15256.07678129153,20632.03242512168,32145.82774993981,134516.3110643658,123481.3902300549,47221.1981706187,58528.39150487792,33790.45219777866,143432.3454638133,71191.16005652766,47677.9953133128,38233.55307025361,194103.9626073293,44481.22971045112,10230.02673396256,29705.13722132454,82723.25431552037,31172.71848944067,48030.36338161689,2191.058296120555,43569.78439135251,27829.49472548112,17026.06233053409,21011.82811343103,62844.42919674894
3373,21010.3130569362,18105.7036086394,80770.06874445642,46411.32687848452,72666.11023180762,48072.38529142654,15237.05532168579,20049.24545043079,32383.29239934667,126489.8978256152,126254.2628557325,48348.69005827315,58188.70829564946,34113.59813354591,144095.2099199668,71969.98723169469,48943.92489959103,37128.64365570154,187017.1762798231,43660.66668350535,10535.21017731361,30592.77071849988,83327.82349733463,31041.16292245889,48537.69810893991,2054.872768084323,43903.04151548658,27768.94824245445,17258.19948144125,21269.19494121963,62914.08323608551
3374,20501.60286790137,18325.52996068267,83403.29220557588,45843.98211331476,72183.0559528546,48063.13805897731,15607.56036238248,20309.44951280816,32600.28046769962,134406.7049389394,124425.95512323,49955.5231593655,59293.71198906389,35026.43540543615,146737.967395357,71240.57358957856,48949.61908192481,36703.79817425668,199325.6873948399,44935.71766359182,10557.20699895569,30826.26642467934,84229.59382972895,32035.41619907194,49050.60448881903,2014.968107492352,44964.76111939764,27732.52418175801,17329.62629726505,21521.44187876598,62822.6637067334
3375,20499.15220486445,18299.38311577775,87007.33700904004,47003.88964688151,72646.76896767727,48349.98139652661,15607.54588799754,20570.2004172671,32510.57460260451,140081.0573784857,123366.5070017494,52048.00339666548,59293.69694630162,35654.66172127985,148073.0478908891,70630.16178965234,48955.94687191409,36393.34076527667,200590.3554683437,44937.37993800363,10447.55758828182,30520.41917297672,85257.20415601923,32774.56240597238,50581.495887646,2006.933323001627,45458.7960897414,28067.89311060282,17204.62936905319,21898.66301892194,62821.55442262067
3376,21021.54582072152,18398.80237032135,88558.41140675296,48755.1044485223,74308.61325482525,48832.00002169896,15954.8534506348,21994.54263707392,32506.76427506914,141740.5438965055,117536.8716227311,53940.21095343659,59501.90171253728,36930.67429282012,148075.0029595086,69726.42197691329,48902.17472017024,36788.53242596126,200730.8174912657,45531.03095669208,10158.01210252942,30347.67461544261,85240.57848780764,34491.13102216973,53085.68612391567,2013.950046533991,46412.12788625409,28860.18213800568,17070.70409016388,22835.41474093104,62850.21074159251
3377,21525.788324484,18508.41601648439,89129.40211486639,53406.96965170235,77311.86492648923,49094.776726779,16482.74246939921,23947.998689956,32264.67396650349,143873.1158944986,108726.4511650123,54797.8297909612,60904.66857448992,38710.77713169557,147409.3544651974,68465.26230506087,48436.69051774134,38830.77388889548,200590.3447400233,46213.91266990949,10157.51493363406,30214.24913228232,85257.20521255041,35670.93476091061,53597.29854423564,2099.184830801424,44831.35318564824,30376.73071582811,17115.34584979364,22901.99083105582,63215.75108652686
3378,21784.03909903321,18325.33739205132,89501.23927028947,57662.54439448984,79740.90793762391,48831.39090264031,16396.01877178797,24207.50537323865,30955.48794101146,144468.3444494843,107973.9118640237,54558.71365759768,58894.48708104267,39616.52358874161,144759.5012672291,68466.33788113149,45660.9848471467,39384.06772450382,185811.956446005,46200.97431777098,10012.88586916899,29501.17276614354,82384.77755007868,35169.15814887545,51596.02553850185,2209.144986156487,43973.084707075,29257.64069403206,17302.84124107101,23208.2853110834,63195.51268234824
3379,21784.06096847904,17981.13617328048,88033.98539421144,57180.93488245211,80886.9145163128,48070.10407278443,15433.90335850802,23428.9569201082,30576.36531199664,138214.0659081236,111996.7487053307,55112.73118035422,58485.4031142614,38729.55736402854,144095.4609067045,67671.37413058481,43669.94847199793,39639.92752377382,185929.5758648861,44681.93478476789,9425.899397988156,28603.72742805583,79338.12716388381,35632.33753585083,50565.82571987066,2280.076035333325,44117.932502189,29018.23723485322,17249.27112868297,22528.63340824585,63323.93196355267
3380,21757.0598677147,17972.42566142237,85397.92680442582,56543.29959428221,79160.14831352954,47012.06864795981,15957.1893192603,22606.97300202888,29789.8975717738,139875.5804621061,111996.7461884781,57454.54841959738,59521.68837914182,35951.13637723355,145421.2010250845,70015.38337347846,46294.17997731422,39021.57246648215,188289.7319268896,46244.32103194751,10229.47792493925,27963.68963168498,79352.10936625482,35632.67974281666,51581.51146456846,2439.7064170246,44919.31277830843,28131.98474443214,17249.27112868297,22833.22161262516,63323.06241080129
3381,21524.00074309689,17912.07668137173,83790.29141331068,55723.59041585655,78854.82205851648,48061.04377480161,15918.16670105197,21362.00068473909,29255.4061808876,135631.2699264617,109776.6559725273,55609.94316676057,60665.61422743231,34629.93916119154,145363.4762497088,71191.15940894258,49698.05240514671,37693.0655651827,188289.84900977,46980.40858332632,10516.35945591287,29297.60714593212,80353.08870252299,33744.16351441557,49713.76446714059,2447.977741411313,43967.59647453768,27798.92935603537,16954.63551471029,22274.79807777704,63229.47421862328
3382,20221.91692011222,17239.15354915412,81896.38244855065,53497.39686311744,77384.05080597519,49607.46772623285,14464.40897896564,19369.2767317269,28653.55410641198,134690.998707497,105624.2946953193,54089.4134967342,61103.94390677448,31904.58236578918,143437.8908783891,70594.96947839955,48076.29692034969,35462.05862115554,183349.874231146,46980.40631488882,10736.52684756868,29429.84743795297,76383.727139933,30381.41312336313,46021.07850432885,2290.413192562633,41797.66302594452,27803.13884900642,16740.35506723887,22019.67684821725,63355.36624485582
3383,18177.00195634624,16239.48324913747,76480.5308080551,49817.29127803956,74493.51366672134,47912.90545495675,13018.16376143297,18269.59483892916,27052.08096196798,138118.2873006233,104133.9068357418,52823.54228228117,58299.28788693967,29205.75994305256,138821.8527126719,68156.02994130069,46624.97707062519,33050.03510477325,178401.9829017753,44682.22315061655,10672.00065515953,28158.61775812782,70454.85844080611,28171.97933695806,44083.95235979729,2042.887438953317,39485.47234936048,26005.00465797187,16402.67922705776,21776.52416788584,63626.19602862917
3384,16513.18744729151,15539.31753680641,72856.87285147641,48368.97595888092,71649.28084551079,44776.67303149391,12149.01039437279,16923.95893577753,23730.45577663092,124811.021647628,96158.36254806991,50546.69657644958,51370.09531685679,27400.98497777973,136965.0609201488,64511.48642256195,44073.08824013517,30771.61368340924,159280.6904235362,39373.38348443232,9623.10047913227,26529.46928521244,66328.4576560801,23460.52699155013,40923.87984752006,1861.332122078177,36091.68462680746,24362.72397642151,17068.00137742857,22014.90115575686,62391.01188986122
3385,15613.78408092582,14924.83429272094,70797.95278795919,48152.62310674193,71470.37803738841,43238.45130762421,11645.52572465027,16289.82995842207,23741.225827068,124580.4400535361,90798.30004455693,48858.32263010234,48975.959751403,26639.79227156575,135424.6744200012,63761.39148405433,42919.15060533921,29680.53487730007,154309.0410838022,35763.44754582641,8998.881690515022,25089.80887002252,62807.9916319691,22131.02215654588,39660.19563052103,1770.33007665059,35029.05519474536,23923.16355066336,16835.53566244034,21938.75738364595,61779.87441852367
3386,14970.26255202703,14626.36763460333,69562.92078271815,47716.35167859013,71506.57937821017,42456.11483502245,11551.25621364432,15782.44365923277,22894.30122696017,122931.6755458011,88258.7678510191,48239.41880105587,46977.63714694063,25755.30158619549,133805.2393916696,62016.07139784785,42757.21683830705,28672.89134761919,148371.7809990048,33990.83344097513,8549.879401307953,23876.42585675019,60244.9919962442,21871.60712618625,39405.86489477212,1720.940143895959,33770.33030681845,23924.15562563447,17154.09978979262,21684.35405020701,61206.83062053692
3387,14585.66212936554,14400.72724879139,68352.09035911113,47220.34753203038,71213.86095062105,42174.59262078952,11198.78434884902,15529.73362250234,22333.93618348035,121164.6214807929,86018.54076385082,47209.51463211515,44187.95414859185,25441.59429307037,131502.9174095607,60009.55378315727,42610.99539007818,28187.06118078379,144424.7966812129,32200.41517129033,7710.437536887677,23051.15863694011,58548.3502105238,21335.77076426224,38904.71827011577,1637.853354422192,33397.98949241675,24003.80668559512,17197.14899597465,21739.00677694814,60797.12796226889
3388,14585.66621276365,14295.44999851851,66231.7660993579,46674.72508157163,70977.15807316257,42174.59263432202,11293.1843300577,15280.22127293799,21861.81530279038,120107.4892985151,86443.03189030908,47044.77290199097,43360.56528029512,25441.76321630914,130485.3653193556,59722.68360498272,41048.75246320353,27923.04007228532,134830.756388553,30703.59923884536,7495.154567192205,22253.14936248837,57265.67087813637,21605.7554234499,38899.58507709707,1588.650869512861,33390.51531490491,23836.62347308186,17007.73248917505,21669.97224497466,60645.58238280977
3389,14833.54710924403,14339.15901027109,67105.48255228321,46674.76819258947,71648.6034068739,42469.03651941388,12319.01656027811,16705.41954555537,22063.01669230872,121412.1806712486,90140.65800511389,48697.58884258755,42990.9264293263,28139.47869462132,132091.7317988831,59147.22570058366,40498.20392264878,27587.38538779426,133174.0684463871,30394.15007809369,7419.034278588415,21405.33427699452,57266.74551888047,22980.05127259048,41066.69325544285,1586.220536606662,34325.58024228045,24270.11108666922,17179.92931390316,22019.42381805057,60674.47114123306
3390,15896.30828957717,14827.16448905195,72685.88454644682,47792.55126926976,74155.75725045362,43311.07259058167,13689.35135031869,20817.84787501385,22447.17321081954,126144.9624662706,93902.9657042855,52830.3562062975,44453.11760301216,30896.3147778302,133931.8104485956,59148.0692943014,39750.91029142634,28490.7252637619,131910.4461767946,31588.08145088479,7528.628124075313,21047.81411988684,59375.90162989784,26803.13815092813,45767.05588749755,1586.244701738275,35514.7885524212,25791.52937108851,17619.03121976909,21978.73138831828,60647.11742590164
3391,17417.74042470609,15613.96748638914,76328.86049298834,50910.34296954919,75757.37911964486,42752.82427537842,14284.26755549088,21332.34111860675,23710.46555747831,133715.7709403969,106232.0857247537,51952.39992937895,44985.96986393544,33227.94633457747,133305.9356579742,59722.18500134618,40904.39532276108,31057.9684028389,135567.085206028,33983.24986009769,7495.622571168146,20815.82213325543,61138.54152628782,29397.14699971148,48023.09464673571,1743.775799937668,37167.32011763549,26722.34313445551,18238.93979039557,22099.0374860734,60899.74232968028
3392,19336.72103744294,16639.48474123264,77507.5923801111,50302.64566705038,74525.5019066409,43359.50266126926,14629.65534141239,20593.06839656613,26136.98827082601,137269.4402140501,118555.1553016496,51557.67731043539,47680.6883376785,35452.02905901911,137031.9260773009,59723.59598342147,42015.47212436951,34965.95658540484,151657.831439494,34585.24505714875,7722.856636164178,22065.6350408227,65939.79132604599,32442.03328645091,52035.05491746112,2004.540386169691,39761.06290951127,25717.57189896135,18187.28074418109,21578.99416386342,61533.93686869294
3393,20745.16832331135,17914.8317982458,82507.02678232349,50341.24930750746,75214.28050683583,45662.77417332009,15638.85155721067,20853.41046802287,30377.01273992443,140229.2626931548,124015.4752436124,52032.6947884648,53618.88257585208,36893.29750602283,140031.6624578065,63730.2579144206,44629.17596409546,37530.88644790403,183666.6884955758,40918.02778516276,8744.793690152392,24819.11871022942,73213.60899096477,33763.44392417316,54055.64734013157,2265.720223407561,41803.86147994673,27261.90041730649,17722.34931420463,21259.10552475952,61739.5906970242
3394,21260.68633985561,18544.92531925167,83279.11412401793,48372.13624933261,75072.75345566352,47959.90094415018,16332.89775507701,21119.74452782042,32349.77871208748,143898.7302463539,122602.5588979129,50367.38634999361,57398.44962056824,38094.72386069483,142978.0166728116,65730.93432499256,46701.04908218209,38335.90253814321,191824.5943900511,43852.45145404713,9395.05638501555,26695.41638908939,77496.1237875253,34531.61273136026,55606.95037873644,2313.77591171071,43157.47425712908,27666.95245667363,17352.12614063787,21422.7032828841,61888.56917511011
3395,21781.73705320091,19042.03164079538,87269.18100896297,48377.02445322629,75915.76391307093,49113.4736948848,16866.39978183161,22230.43132445476,33214.63818138435,144968.4110868132,117037.8415098097,52645.85245625259,60148.25533911355,36402.4894505164,145514.6627606659,69471.22272495374,48109.65451258259,39334.55864332291,199136.0438703117,44707.57456289182,9699.097079936466,28538.59898044945,82683.82066428517,33344.42023668675,52545.75774536712,2377.217571252797,43288.8603484527,28492.38945294357,17128.27026768868,21419.69677989252,62215.44988980468
3396,21789.55969398077,18697.15685929783,83526.85009178329,49089.60713649845,74473.03509506061,49106.39593532587,15307.46381356817,20660.75296941994,33479.78083497548,137051.8686258672,124168.8806029736,48031.51051541945,58193.0537771893,33870.26957404901,144293.4755748812,71215.80685714669,48168.89617571931,38959.08236843692,187548.5283089851,43321.45347909972,9699.102803287315,29650.3135722547,79645.10139323807,31509.34754140864,48012.65125321741,2282.250288180374,44241.72935834268,27152.97369711481,17128.27026768868,21654.55328916431,62297.33628724294
3397,21008.01774229014,18391.4137751611,82779.6468761418,46661.28389789785,72751.13682980959,48536.81964152642,15288.87075762325,20092.32044600879,33742.74744072962,129017.9593031022,126936.0162699829,49210.0300751233,57856.5225195144,34188.59852132495,144904.0851943748,71982.01427944397,49486.21176503319,37801.21274365366,180382.4418676235,42361.41592603693,10018.98345203229,30676.77926392757,80174.32757347157,31368.99516396589,48518.96733440109,2136.254070341975,44576.40907869543,27085.11179285658,17352.12614063787,21818.41953514622,62370.13261277485
3398,20499.30755325381,18611.86298810524,85589.91372371635,46109.97449870514,72269.7641639981,48526.37400255049,15651.03123806627,20346.11550012347,33983.03843126848,136942.1601363212,125111.4912304888,50889.58472163753,58951.27278263383,35087.82854600458,147338.5091878197,71264.41971631839,49492.13708286918,37356.00368695387,192828.6834415116,43853.19264854997,10042.03960966631,30946.79535988261,80963.71691519856,32429.73181201807,49030.84388116302,2093.474711884719,45642.66091368116,27044.28685974537,17421.00487093043,21979.02593136021,62274.58889582629
3399,20496.8568902169,18585.64205814538,89436.2745730318,47237.09854162879,72731.8628966716,48850.39115721123,15651.01708967523,20600.44392721629,33883.69881621737,142621.8120068023,124054.2350633115,53076.76576919442,58951.25787945477,35706.69017983198,148568.3428073516,70663.89874494754,49498.72172745693,37030.66551993989,194107.5029678154,43855.13746668875,9927.109637595333,30593.11142190115,81863.26373979702,33218.30298233283,50558.66149747693,2084.86110834176,46138.80480302414,27420.17614352836,17300.46709241681,22219.20378440172,62273.42956884182
3400,21019.25050607546,18685.34300942767,91091.63463736964,48938.81721327466,74387.92195571131,49394.87758229665,15990.50254852264,21989.70360076217,33879.47928753689,144282.8483640828,118236.6609585512,55054.61025844704,59157.53069462962,36963.68181627303,148570.1437542794,69774.80271128933,49442.76688247115,37444.79939720429,194249.5367404553,44549.69382938067,9623.620048492301,30393.34838648594,81848.71000608683,35049.65449298557,53057.82372446813,2092.383310679373,47096.20614857476,28308.19208491382,17171.31947387071,22815.63646930392,62303.37865355096
3401,21523.49300983946,18795.26723734655,91701.01560369374,53459.20264332803,77380.71867914604,49691.70915948645,16506.50238565526,23895.04466316584,33611.39026086069,146417.4120286382,109444.4688960169,55951.04293868204,60547.28115462363,38717.24947726431,147956.9695675288,68534.07828347512,48958.38796986385,39584.92900897261,194107.4921194466,45348.6478005689,9623.098936642207,30239.05420843298,81863.26466466041,36308.34892490596,53568.40890973256,2183.758336431055,45508.68349286507,30007.97495002095,17214.36868005275,22858.02566939876,62685.40953357415
3402,21781.7437843894,18611.66987384565,92097.85303356299,57594.49832013509,79801.3056826915,49394.18952370017,16421.73188986493,24148.15951512126,32161.6072877557,147013.1964836412,108693.4865676876,55701.10496281247,58555.75231903286,39609.49438662967,145516.0092205,68535.13643141191,46070.01219379005,40164.74317056197,179163.735798208,45333.51026265913,9471.504739852013,29414.4476250701,79348.80649257035,35773.01969437599,51571.15413675751,2301.639928008764,44646.75126818151,28753.6728647606,17395.1753468199,23053.04430112517,62664.25811905649
3403,21781.76565383523,18266.49338764566,90531.94911929184,57126.50096292401,80943.32277239967,48534.24278553288,15481.28535866554,23388.7872555653,31741.76967754448,140753.0769027026,112708.0003261114,56280.1960357829,58150.46427977943,38735.74976127366,144904.3163953617,67753.05390328814,43998.15663064989,40432.86677044821,179282.6713613719,43556.27323347193,8856.249825810497,28376.63545075453,76681.83769082965,36267.17079444657,50543.02279286597,2377.680789739481,44792.21738443765,28485.34390800284,17343.51629859883,22620.30785700219,62798.47074890807
3404,21754.76455307085,18257.75819522852,87718.65652467505,56506.88772383857,79222.56780451362,47339.08995119894,15992.7858084267,22587.0493769776,30870.84108797072,142416.1431899832,112707.9978144661,58727.99850063376,59177.13375894573,35998.74542384947,146125.5459570265,70059.0819119453,46728.90967520494,39784.87289082385,181669.2372282973,45384.22479895286,9698.527564393342,27636.49118914286,76694.07739436501,36267.53588398504,51556.66920473894,2548.810808582786,45597.01856432176,27492.01153513592,17343.51629859883,22814.24009780755,62797.56196822912
3405,21521.70542845234,18197.23822102846,86002.93261846388,55710.34670960125,78918.30445415809,48524.00830702677,15954.64206244173,21372.74159964708,30278.94925389257,138167.8687781452,110492.5008732624,56799.91068536504,60310.44501470771,34697.24268971156,146072.3717329444,71215.80622005474,50270.95045047579,38392.68836685252,181669.3556213183,46245.42822691626,9999.22490640225,29179.04289348199,77570.31205296284,34252.73902987729,49692.67234142506,2557.677992154989,44641.23960767141,27118.71532121491,17059.39153739612,22458.69012615902,62699.75175408172
3406,20219.62160546385,17522.4084133624,83981.68768632028,53547.0740306334,77452.65326446308,50270.8429831354,14533.62605119255,19429.09983299059,29612.46269437191,137226.7194145045,106348.7306596334,55210.56536336537,60744.70739288144,32012.51154007775,144298.5838341228,70629.2766735182,48583.36544943385,36054.74541954142,176674.1032395212,46245.42557290298,10229.99524997669,29331.96650806861,74095.62276855246,30665.12945197158,46007.40069523135,2388.762626998121,42462.04322395925,27123.43341869467,16852.75534651842,22296.25365943381,62831.3231175058
3407,18174.70664169193,16519.90562516645,78201.70412571609,49970.98251867988,74572.1786905383,48356.67181839704,13119.95334694228,18356.50387525811,27839.00311606084,140657.208844975,104861.4263508369,53887.403748959,57966.07603266752,29353.91922736685,140046.4365334626,68229.85657693706,47073.13432453898,33527.10946396022,171670.8457219193,43556.61061406882,10162.36156689664,27861.90746148096,68905.62528087318,28307.95603971172,44074.16398692848,2123.40532827733,40139.98234963527,25108.04285898542,16527.12577933285,22141.43760458825,63114.37078123217
3408,16477.47449756397,15655.70002981164,73882.79560398292,48471.06374636936,72056.11813515212,45416.34818127074,12156.43960803809,17030.11775450886,24355.36869485841,125773.6204198765,96825.80768128514,51271.84856540791,50937.1582725642,27629.69214472817,138129.7311231599,64734.60591486435,44650.67523181515,30927.85709593098,156875.0736828137,40183.77851191363,9107.894926554482,26177.66777506629,64080.81102607111,23965.85828687667,40863.93771002903,1941.616793422459,36571.13051889521,24227.14155897779,17005.80809093646,22082.84390612382,62046.20839478502
3409,15578.07113119889,15075.40886235562,71820.3484728972,48249.24927655947,71867.41913937495,43919.98768994056,11637.9096436969,16402.99103786467,24366.79456856495,125530.6066976417,91453.66903419685,49477.25274290432,48656.18331611039,26873.66427477217,136577.489104684,64014.59420555483,43415.596923301,29776.58561267555,151622.8489593,36284.33114674953,8560.291171337934,24770.43362073227,60514.8997452195,22713.27246259257,39643.8571500048,1856.195433718543,35511.10269708476,23779.13166339909,16760.21158255018,22013.00551132228,61457.85836889425
3410,14934.54960230054,14793.54997173032,70583.2007753526,47801.96459982901,71905.60275834968,43158.94175594944,11540.82314013499,15901.20746505298,23468.29798525412,123792.9467526192,88908.41531122458,48819.41137515449,46752.31292486539,25995.17502573243,134945.5901644327,62339.27174429139,43242.27656607666,28713.35236635733,145350.5191797077,34369.55605983087,8166.398286096098,23584.38029833103,57918.81466692146,22468.86598803197,39398.30214320035,1809.834330605285,34255.45951522919,23780.14280857542,17096.76976008101,21779.6690223753,60906.18161989028
3411,14549.94917963932,14580.46503545529,69370.29611836789,47293.43931021554,71596.85593703779,42885.08089943376,11177.81859506253,15651.28793565581,22873.81049851762,121930.6195039131,86663.14102471317,47724.71210953349,44094.48638091516,25683.59629583274,132625.5484603878,60413.22731531868,43085.773360443,28200.71990236751,141180.7865214635,32435.54894086794,7429.987390389475,22777.70102458312,56200.27114403865,21964.03064376649,38914.44767525655,1731.842825063471,33884.030293948,23861.32496457631,17142.25059465331,21829.79602030717,60511.75551953691
3412,14549.95326303742,14481.04579326204,67246.33960155716,46734.04315080113,71347.19191139862,42885.08091259794,11275.0394675807,15404.5307835114,22372.94064758212,120816.4905660809,87088.58852356195,47549.60586526055,43306.20466660221,25683.76407289542,131600.1648243633,60137.86232252408,41413.67922517051,27922.13326729602,131045.3058831227,30818.69062449507,7241.12770723167,21997.6657505454,54901.03386415879,22218.39523723676,38909.49160400973,1685.657674586708,33876.57441528637,23690.92806532996,16942.13492295925,21766.47815772633,60365.86061081328
3413,14797.83415951766,14522.32267705405,68121.55278911525,46734.08735011481,72055.40360198289,43171.51178906281,12331.5259541492,16813.99154810368,22586.39384166403,122191.5261932911,90794.54533671615,49306.40659579737,42954.03707252014,28363.17504224131,133218.8946342876,59585.48367268759,40824.4181249867,27567.96117238227,129295.1226392143,30484.42410700909,7174.350230091099,21168.94646905484,54902.12237730629,23513.18067440326,41001.82331497172,1683.376381453073,34809.35004553948,24132.74841383602,17124.05826124837,22086.99205200715,60393.67219587138
3414,15860.59533985006,14983.17376084257,73711.51438456796,47880.08777518458,74699.84176093475,43990.63265416185,13742.80953942072,20881.0090915115,22993.94289537513,127179.4825176541,94565.3294609148,53699.18170485365,44347.11668624412,31101.30547201511,135073.1353700449,59586.29343332397,40024.57753899456,28521.13653704512,127960.1877570427,31774.10697811703,7270.492804508285,20819.47893446383,57038.50532145156,27115.08139919225,45539.99906749751,1683.399064661891,35995.64684538545,25683.41222884746,17587.96277685357,22049.66931510704,60367.33841684744
3415,17382.02747497797,15726.19618542018,77360.73099219266,51076.58509952297,76389.16369781825,43447.57653275937,14355.50322644788,21389.82113150942,24334.161206487,135158.4816865529,106922.2268111117,52765.98993752767,44854.78328632878,33417.11646833643,134442.4435610643,60137.38371583292,41259.17141862755,31230.00944343242,131823.1894697364,34361.36428718616,7241.538269584734,20592.71223054183,58823.89891638151,29559.01287390788,47718.19279325629,1831.269593732047,37644.13255704864,26632.11860115108,18242.8867963904,22160.01300467128,60610.54371131829
3416,19301.00808771351,16694.64994032299,78541.48212575683,50453.54706870424,75089.83253888154,44037.74474681064,14711.21200386998,20658.71170198702,26908.44275054819,138903.7519939344,119273.0600861743,52346.43385249317,47422.13387498954,35626.10837148924,138197.1109051129,60138.73810920853,42448.37507693666,35353.59366695127,148822.0181103169,35011.63859257694,7440.882200869764,21814.37491675534,63687.12745086723,32427.73609996114,51591.71963489565,2076.042833870846,40231.52515041328,25608.03310592528,18188.30979617562,21683.03386581919,61221.09107741444
3417,20709.45537358099,17899.03206098958,83549.48089297468,50493.12522057995,75816.32661426082,46278.33492828897,15750.56535315776,20916.17899067319,31406.65604858453,142023.1574288461,124745.6820502766,52851.33644444085,53079.65491902642,37057.59753990589,141219.9346274226,63984.70927561045,45245.86501052087,38060.02567783036,182637.2972889491,41852.30095969008,8337.389288710763,24505.84036381985,71054.84192064159,33672.6960198427,53542.5911433545,2321.20585981469,42269.32238591248,27182.04754785246,17697.11677940306,21389.63483329255,61419.07670405001
3418,21224.97339012491,18494.06489293465,84322.89087184737,48474.30381528487,75667.04996113379,48512.94759179999,16465.35126794863,21179.57210219429,33499.55013317566,145890.4694414714,123329.582424412,51081.25726658695,56680.57789917587,38250.87198987989,144188.9653306953,65905.14676718626,47463.4246679756,38909.45292640752,191255.5951822902,45022.06098826424,8907.840387071792,26339.8771613386,75392.63916648364,34396.42212689119,55040.36618449823,2366.314540801745,43619.62114527114,27594.88571804903,17305.98160165745,21539.68525112463,61562.50023075205
3419,21746.02410346982,18963.51041558299,88319.79300783294,48479.31541713935,76556.22117321259,49635.12696379059,17014.79557786469,22277.99432995337,34417.07369797501,147017.8236158879,117752.3278082277,53503.07013858413,59300.41199279213,36570.11970974202,146745.1346058692,69495.42755154263,48971.07807998219,39963.20292964726,198979.6668335302,45945.76368282318,9174.563897022777,28141.54474062923,80647.30337508024,33277.9151080583,52084.80056753342,2425.865650828939,43750.68556716626,28436.18971366655,17069.48126103359,21536.92771315303,61877.19256426713
3420,21753.84674424971,18637.82571789983,84571.05122787002,49209.886558324,75034.49280016671,49628.24181868644,15409.27497188605,20725.64887952826,34698.36174688898,138674.4497302173,124899.4330297017,48598.42280702699,57437.62449574274,34055.08142332963,145514.5486055259,71170.04357488712,49034.48540018231,39567.01236532244,186738.2090080765,44448.47777528459,9174.568917904031,29228.21957516203,77569.35765603183,31549.01124541928,47708.10975095745,2336.722221037699,44701.22169062403,27071.02697894065,17069.48126103359,21752.33602773385,61956.02566862161
3421,20972.3047925596,18349.09528799308,83822.56800322,46720.26265749711,73218.30848817367,49074.16599878735,15390.12631212364,20163.4931749786,34977.3412413621,130207.3809847295,127672.8030134911,49851.08740965198,57116.99963978361,34371.25044858398,146129.857755647,71905.52156239578,50444.42980338811,38345.26534496355,179167.7039691653,43411.4466560579,9455.188225858341,30231.56561727959,78105.41555100698,31416.77900845355,48196.95530237765,2199.679197655236,45035.08202261314,27001.86059621161,17305.98160165745,21902.6327002557,62026.10764202398
3422,20463.59460352361,18557.27790708874,86637.64902558103,46155.03598785012,72710.57728156744,49064.00462788238,15763.10899124554,20414.48574064127,35232.26432893339,138558.826154492,125844.1673453764,51636.30907741224,58160.00571253012,35264.37902773244,148583.0181884664,71216.7067718103,50450.77176790127,37875.49497806096,192316.3500707217,45022.86162545011,9475.414529089661,30495.49999266334,78904.99502127305,32416.1463320365,48691.16945448575,2159.523276439289,46098.72337870464,26960.25090400926,17378.75093739709,22049.93946738186,61934.12645779494
3423,20461.14394048669,18532.51600478359,90490.59894790081,47310.61318278588,73197.97917156883,49379.20396567864,15763.09442006762,20666.00578960224,35126.8756028302,144544.7043746425,124784.5291952909,53961.09380860086,58159.99151376091,35879.04156850633,149822.3171694615,70640.27023174627,50457.81942061176,37532.20854265356,193667.3398678669,45024.96241507519,9374.590770752588,30149.78227193182,79816.15398361514,33159.0944156907,50166.26944216614,2151.437900741055,46593.65257081655,27343.36573625626,17251.40459932274,22270.22847143685,61933.01035856472
3424,20983.53755634491,18626.66923348909,92148.79475457784,49055.29008990735,74944.71911751069,49908.87271363632,16112.7244951353,22039.9248009529,35122.39913337571,146295.2978230893,118953.8481799106,56063.37184105555,58356.51468997543,37127.50427931942,149824.1319772997,69786.83219067875,50397.93003559275,37969.18937343766,193817.3893265587,45775.2211522158,9108.350725286979,29954.51860888764,79801.41237757211,34884.4923842641,52579.19761558284,2158.498805236417,47548.7099335258,28248.45160354316,17114.96209560589,22817.27125860107,61961.84273358739
3425,21487.78006010856,18730.47687863601,92759.21963119319,53689.78826079175,78101.39252138,50197.62630344302,16644.14360923841,23924.2264607441,34837.98529717239,148544.9494638163,110141.8474353654,57016.20243085819,59680.57755454659,38869.17365258111,149206.2385218404,68595.86812707625,49879.49136956489,40227.38573716844,193667.3284072697,46638.25002885581,9107.893573385742,29803.699683202,79816.15492041755,36070.36456841732,53072.16496486012,2244.27027230635,45965.07397160715,29980.90862032215,17160.44293017816,22856.15025828124,62329.62885159577
3426,21746.03083465831,18557.09553840702,93156.73687008159,57929.47546153618,80654.52369664884,49908.20337989627,16556.83997359133,24174.5463352634,33299.92034108159,149172.856468406,109389.1731546731,56750.5399285725,57783.17981960378,39755.36451174174,146746.4914286734,68596.88383704246,46788.01557373716,40839.18710851569,177880.2201361198,46621.89848319926,8974.905664426402,28997.66616602437,77269.23792145305,35566.00701526514,51143.82583618967,2354.922794338311,45105.25199499722,28702.49565748008,17351.46243622973,23035.01962367502,62309.26610857517
3427,21746.05270410415,18231.12592396544,91588.1504578305,57449.6639654735,81859.07425820795,49071.65926946431,15588.29070960601,23423.55931392902,32854.51745837851,142575.2138118498,113412.7315547405,57366.06377188362,57397.04802279712,38887.54840866977,146130.0907360624,67846.16742904235,44570.47470562837,41122.10256137609,178005.8678362424,44702.12972037394,8435.16558051945,27983.22920431359,74567.84155214469,36031.56881444493,50151.17035394215,2426.300462516817,45250.3619700362,28429.00873542507,17296.88543389502,22638.11758176329,62438.4743603212
3428,21719.0516033398,18222.87678933974,88770.03850512035,56814.40919181961,80044.09584715583,47909.03137606826,16115.0759841633,22630.6744886608,31930.55520490272,144327.9466368028,113412.7290374366,59967.86658176412,58375.19120078797,36169.1151625404,147360.7194384299,70059.71011942819,47493.24431599405,40438.36013071158,180527.1197174602,46676.68024893952,9174.064282375213,27259.75561770611,74580.23925648634,36031.91278158853,51129.84070942185,2586.93596062091,46053.19277441879,27416.58198687174,17296.88543389502,22815.99051900607,62437.59946529177
3429,21485.99247872145,18165.72436602962,87051.37544927766,55997.7602731291,79723.17193731632,49061.70331249896,16075.79241420613,21429.77549715177,31302.6211591316,139850.6205867311,111192.2406135523,57918.47560046689,59454.93565200506,34876.44337023393,147307.1359612231,71170.04296334634,51284.34844285029,38969.37151787862,180527.2447919996,47606.95089505494,9437.854794084222,28767.56358427149,75467.78511898505,34133.68277006734,49330.16140166236,2595.259365594095,45099.75382855382,27036.11006988735,16996.71192529396,22489.8832274537,62343.43629460605
3430,20183.90865573385,17528.44453668703,85026.6679895815,53779.87787594543,78177.2660314352,50760.9995541609,14612.31313479249,19507.59606207991,30595.55007337544,138858.7278429162,107039.1345453487,56229.13866089435,59868.67229392179,32209.92862844435,145519.6961802648,70607.03670949473,49478.09863721913,36502.4488449731,175250.0849870668,47606.94802819379,9640.300970069895,28917.04281644311,71948.24150405632,30753.6357164317,45772.05073331251,2436.702707897154,42925.89271928551,27040.91886120565,16778.40391807503,22340.89793582933,62470.10176466404
3431,18138.99369196331,16581.72464002666,79236.78293113655,50113.51140620219,75139.06520515426,48898.92072631011,13156.39659749453,18446.84406165278,28714.09879477343,142474.1768941219,105548.4793613783,54822.7320346559,57221.37502416019,29569.37536663297,141234.8224111155,68303.8475045009,47861.67358359794,33835.36817268973,169964.468275921,44702.49415838664,9580.968473981773,27480.09471575302,66691.24698624085,28532.8374734779,43905.52071418554,2187.618402620463,40609.51689112466,24986.7873668877,16434.38121033011,22198.90201862977,62742.59544749655
3432,16913.10941995936,15542.46740669704,75123.29866020485,48487.05942969352,72825.99486749634,45828.7864183967,12161.20764790667,17151.0697511679,24949.70964159106,126406.2645425995,97814.02428387463,52085.70828093299,51104.93944795565,28306.61891011466,138353.9550089762,65255.23022553183,44814.45115069786,31303.24052602649,154108.6362217001,41382.12714039259,8759.494486294998,25384.5110549545,61956.0361922364,23664.81482386707,40539.83774886819,1948.298859455009,36840.65911427095,23924.19267615644,16867.93931095407,21850.03522179267,60690.30602940787
3433,16013.7060535944,14974.25635286634,73112.13953578821,48262.42500626315,72641.29086697391,44221.28859291284,11649.23415188377,16472.50654971578,24961.60032858767,126164.5419388788,92298.47017202749,50236.71601401569,48843.96820779861,27557.47369491076,136735.9980422462,64509.88779954188,43501.23118190103,30058.36683146423,148941.6355943656,37474.12095320655,8148.35447455561,24248.48791162584,58224.09041756376,22419.41452515106,39318.81334962627,1870.776189530976,35677.45454649754,23484.82624834554,16606.8594963826,21736.58144003458,60335.61854069817
3434,15370.18452469612,14698.26501221601,71905.75667017823,47809.45394647303,72678.66609067349,43403.71843447028,11553.37524292296,15929.56704711387,24026.55221637493,124436.1140853824,89685.26795226672,49558.934651452,46956.79439757681,26686.98195290074,135035.0118378065,62775.62585428684,43316.94509045492,28908.68917612706,142771.0824265033,35555.14316327735,7708.759785480525,23291.01824012869,55507.12749404096,22176.41010140239,39073.06838450837,1828.701976401842,34299.59459360179,23485.81788546896,16964.63553790538,21357.52193890473,60003.03957907152
3435,14985.58410203494,14489.61593570655,70723.01398011067,47294.46371463663,72376.45582818624,43109.51744888906,11194.96065014418,15659.1492966461,23407.88052353579,122583.6812787168,87380.05346754659,48431.0536816248,44322.27648663048,26378.23974386387,132616.7499988122,60781.8212970922,43150.54014802978,28354.37798308414,138669.0090394851,33616.89112928663,6886.906101754073,22639.80726617757,53708.56585476157,21674.47077208739,38588.83961273792,1757.922141452444,33892.01268121299,23565.43379180518,17012.98365138105,21438.9541868782,59765.25935155458
3436,14985.58818543304,14392.26633683998,68651.87505767943,46727.95588560778,72132.0775042203,43109.51746303101,11290.95222905471,15392.1532993518,22886.63490359611,121475.471646532,87816.85878025425,48250.63974803066,43540.90785294145,26378.40599353361,131547.9562297155,60496.7686943241,41372.65497831163,28053.14132543978,128697.9896003909,31996.484001693,6676.133790785318,22010.10529284894,52348.83402324303,21927.3761894641,38583.87970753576,1716.007611079575,33883.83109207213,23398.32436482429,16800.25195253885,21336.0931319664,59677.30643829961
3437,15233.46908191324,14432.68394605695,69505.32383774141,46728.00064683251,72825.29546189366,43417.22206612394,12334.08014301555,16917.21702787654,23108.77153703401,122843.2017852327,91621.75040385357,50060.69130646194,43191.82870164172,29033.4243956555,133235.2157820581,59924.95682291851,40746.11216053073,27670.17385797555,126976.2053289109,31661.48380905689,6601.608392128249,21341.10199997366,52349.97321929184,23214.73402072641,40677.83002040791,1713.937263157091,34907.39750372063,23831.62066067183,16993.6444064415,21856.7739625539,59694.07268428786
3438,16296.23026224552,14883.94134004155,74956.2767850374,47888.57031100774,75413.74753648431,44297.18048328631,13727.51898111468,21317.80844165698,23532.89999827136,127804.6573725284,95493.19997866757,54586.61692442106,44572.69127225748,31746.62769355572,135167.9567339869,59925.79507172666,39895.66679027511,28700.84555881396,125662.9314808306,32953.99738029354,6708.906001938728,21058.98604513078,54585.82954704143,26795.9722493815,45219.51644951679,1713.957848908904,36209.16131399403,25352.36747421534,17486.79516704829,21796.14247669409,59678.19733536428
3439,17817.66239737324,15611.49602046166,78514.7463170705,51125.70508433767,77067.3044016261,43713.79062547591,14332.46556185276,21868.35288129735,24927.63941635615,135741.2645585615,108179.9790189838,53625.13894720763,45075.90573286879,34041.35622957059,134510.5642693752,60496.27324978104,41208.37168105962,31629.95886711769,129463.2510260937,35546.93341066842,6676.591989033374,20875.92324566822,56454.35390391634,29225.88398049338,47399.39519897751,1848.155176794233,38018.10073073583,26282.77042726196,18183.00800290073,21975.39786922961,59824.8139264083
3440,19736.64301010855,16559.78915246304,79666.13506306119,50494.74629725728,75795.48171878328,44347.79167418956,14683.67663713595,21077.27837922026,27606.64470451084,139466.6364512001,120860.5320966548,53192.86559237241,47620.74114543574,36230.23812193685,138424.1873479609,60497.67529204137,42472.81457532146,36088.80424097792,146186.2518254716,36198.63499062508,6899.064993181302,21862.13942057089,61544.02208438981,32078.15062234389,51275.91855303042,2070.294875428007,40857.33458979104,25278.44264287413,18124.99026808207,21200.53631526275,60192.88310715007
3441,21145.09029597584,17739.09925121736,84549.59717171475,50534.8276108644,76506.5950001537,46754.79444216906,15709.88805100099,21355.86295079606,32287.84876336277,142569.4686569451,126479.2520440727,53713.07241351358,53228.64680654713,37648.69543515453,141574.983836198,64478.95148851068,45447.29774611768,39015.27820082775,179452.8346408003,43054.3117959982,7899.590184924978,24034.88873021347,69254.7890437693,33315.96876306581,53228.29923153796,2292.788317392613,43093.4787774788,26822.08957901843,17602.83063893918,20723.90408597263,60312.23896951387
3442,21660.60831251971,18321.7450874199,85303.77433944936,48490.34068998876,76360.47872166692,49155.37573137394,16415.63597083114,21640.8593769579,34465.88338164373,146416.2338539731,125025.3479981568,51889.33992141555,56797.9903774191,38831.10666646939,144669.7099508228,66466.95185076288,47805.1592712474,39933.76671772207,187931.2895747811,46231.02906989363,8536.228424944442,25515.45842878202,73794.56102013239,34035.54317659702,54727.23293291221,2333.725916594837,44575.20751367562,27226.96285055404,17187.03686259774,20967.66380304233,60398.70200727924
3443,22181.65902586459,18781.41800698117,89201.28331266431,48495.41600493102,77230.8250599922,50360.90134550863,16958.13292098332,22829.37341029842,35420.73250751915,147537.5984577888,119299.2021087935,54384.56097124297,59394.84902459089,37165.65545938424,147334.0959406893,70183.54222727676,49408.19978537764,41073.19011069,195530.0282366779,47156.75918173085,8833.898788687944,26969.89730830721,79293.89074151353,32923.45253309437,51769.38092697375,2387.770491186595,44719.02895975862,28052.03554404906,16935.62667162286,20963.18413090629,60588.41464189954
3444,22189.48166664445,18462.51319562868,85545.76355546902,49235.27498354284,75741.31359199288,50353.50482852817,15372.91306078869,21149.70569619312,35713.46356961831,139238.5524577733,126637.1075840126,49331.24764336865,57548.39781940074,34673.51333976903,146051.4124617488,71917.07288143548,49475.61879717695,40644.78793211171,183487.2037968863,45656.18691015185,8833.904392121813,27847.1413387339,76072.63098035331,31204.46661992341,47389.304356562,2306.869921264092,45762.08456442311,26713.21093312756,16935.62667162286,21313.11897664226,60635.9392693836
3445,21407.93971495444,18179.79336280829,84815.89327465583,46714.00019926055,73963.58018790341,49758.27681976854,15354.00652315944,20541.44238278335,36003.79216351452,130816.4687819142,129484.5158924437,50621.88207717842,57230.58478241319,34986.80405546547,146692.7710348847,72678.42570442986,50974.76839151365,39323.70880422952,176039.5399316728,44616.87963126723,9147.082827301982,28657.11622535987,76633.64858246675,31072.99294025667,47878.52807284923,2182.498907926276,46128.44085732196,26645.37897940476,17187.03686259774,21557.27873907255,60678.18826752427
3446,20899.22952591853,18383.64217530041,87560.97012960222,46141.58773603202,73466.59829001881,49747.36074591583,15722.27308308454,20813.0211791837,36269.08571745837,139123.5431837341,127607.0626767106,52461.21604699502,58264.44389038653,35871.80185544046,149249.7872511343,71965.37773530028,50981.51160316482,38815.74453972065,188974.8323518894,46231.83146438267,9169.65590697223,28870.18350903291,77470.45774303061,32066.62733974275,48373.12454290746,2146.05609974915,47295.61067911521,26604.57206418772,17264.39384460953,21796.58134412964,60622.73730498993
3447,20896.77886288158,18359.39574972521,91318.10662798848,47311.8559206826,73943.68126851947,50085.97049472778,15722.25869614952,21085.17072268527,36159.40969729126,145077.6187627797,126519.1362586272,54856.46791168408,58264.42981613785,36480.86868972609,150541.552579154,71368.66159354107,50989.0051509089,38444.54777218644,190303.9006033146,46233.93686499049,9057.133974339826,28591.09468035415,78424.04171406977,32805.31346198288,49849.36564967778,2138.718357600831,47838.71330825723,26980.29545098551,17129.01912552551,22154.44496142464,60622.06446328733
3448,21419.17247873976,18451.58895945278,92935.0671679237,49078.71311191697,75653.44053119622,50654.97867524438,16067.46793024765,22571.77758878532,36154.75112163217,146818.9114047094,120532.7984587492,57022.46862124538,58459.22952149546,37717.96576423008,150543.4442177968,70485.19876684432,50925.32664908133,38917.05660193082,190451.5153166991,46985.84233060314,8760.003169517271,28433.46345772772,78408.6137154317,34520.81359283698,52264.16043445926,2145.126358719714,48886.73022246577,27867.91947067003,16983.97478509853,23043.12622570082,60639.44609367794
3449,21923.41498250333,18553.23560643378,93530.31227354228,53772.13020683336,78743.28318582234,50965.17850369771,16592.1676012617,24610.62832314959,35858.76711282359,149056.6107702466,111485.5511457038,58004.18069821291,59771.68060671457,39443.77949318957,149899.3919314537,69252.33542176966,50374.08710084317,41358.85186156457,190303.8893286804,47850.7654527255,8759.492976123553,28311.71130333101,78424.04269449119,35699.88295778654,52757.50913717536,2222.966762497055,47148.95264088508,29566.9521445242,17032.3228985742,23106.2858896252,60861.16637724757
3450,22181.66575705308,18383.46360304801,93917.94423271042,58065.71705299548,81242.3613605021,50654.25962890639,16505.96786232368,24881.4792547601,34258.1324967699,149681.1817395245,110712.7833531219,57730.46563314014,57890.92268883097,40321.90273213347,147335.5102052708,69253.38686540678,47087.01799749445,42020.39472488098,174772.9471784633,47834.37801737585,8611.075016114353,27661.02163168512,75758.53719418102,35198.41867871058,50827.67826922629,2323.387535140784,46205.4407536627,28313.20363964889,17235.38497607341,23396.86252733654,60848.89067423512
3451,22181.68762649892,18064.27980614372,92388.36472112588,57579.80565656738,82421.41007051348,49755.58391123531,15549.66526294938,24068.8968150061,33794.61028379614,143118.5919948095,114843.7553059359,58364.6467741603,57508.17719440108,39461.98697091811,146693.0138786434,68476.25951937259,44729.17645048619,42326.31214763798,174896.5560831719,45910.39559101685,8008.711065770961,26842.09333719892,72931.35951864773,35661.30975773159,49834.25488098601,2388.165096974598,46364.67486273216,28044.99310862679,17177.36723900118,22752.08771871811,60926.7840171698
3452,22154.68652573453,18056.20239648848,89640.33230764183,56936.47481375349,80644.8570369242,48506.60559263539,16069.78968625273,23210.98014340291,32833.06053845943,144862.0126468558,114843.7527214296,61045.31348205511,58477.74224286234,36768.30153931175,147975.7418674194,70767.6768082199,47836.86556628176,41586.9791769441,177376.8974123613,47889.28002256011,8833.341205766601,26258.05212739609,72944.3344797976,35661.65175168927,50813.68232373752,2533.947050583972,47245.6483990796,27052.09913837746,17177.36723900118,23041.04564021612,60926.2565856967
3453,21921.62740111622,18000.23973412299,87964.40819086858,56109.44374065773,80330.72749020069,49744.88850777801,16031.00283104601,21911.58427543622,32179.58165495732,140408.4743833448,112563.9857866537,58933.80289633335,59548.0175407185,35487.3978497537,147919.8899066967,71917.07224838008,51867.82749708032,39998.55689052019,177377.0204574057,48821.59250182437,9127.738267303966,27475.26586573401,73873.20588755432,33774.31103814464,49012.61080634419,2541.500812062562,46199.40742869731,26678.96767700231,16858.26968961108,22511.27823089016,60869.49021012141
3454,20619.54357812877,17376.2263702745,85990.05024468513,53863.36514193226,78817.55035816823,51570.39447986909,14586.0282788224,19831.74905775114,31443.7463760959,139421.8515110151,108300.0077406229,57193.2600407673,59958.12579102001,32845.15827173595,146056.7779616589,71334.25888344784,49947.29881720753,37331.0651766322,172185.4893523938,48821.58962867082,9353.673457101117,27595.93652077101,70189.78673098671,30413.65380519379,45451.74762762788,2397.605473923453,43813.95572641356,26683.68369217174,16626.19874357575,22269.24883131496,60945.8506341956
3455,18574.62861435846,16449.21465558276,80344.14544106188,50150.38772111319,75843.67206754218,49570.0157716684,13148.52084284418,18683.99493684843,29485.75621903317,143018.0918806574,106769.5577896055,55744.22347027755,57334.04481453147,30228.64382803956,141590.5019017177,68950.04122786265,48228.60483331547,34447.14195045039,166985.6385653412,45910.76082892755,9287.456850639968,26435.92608958681,64688.01819748763,28205.5952901268,43583.77368398426,2171.553343072912,41272.11777786355,24669.18261570193,16260.48758043024,22038.57380153692,61110.12376379535
3456,16876.39605216653,15384.49970509825,75748.32357315323,48669.41712161057,72727.85784421372,45722.20313654101,12065.79820371842,17337.8259783548,25089.84319282117,125012.0853251164,98369.49144369482,52017.22428885914,51188.37122169458,28739.33355887421,138179.2597247701,64901.96758793752,44508.502843956,31769.130043576,150620.2274192794,41640.22583524919,8750.463320154293,24579.88270948999,60309.3671834223,23327.0135857834,39973.11019388213,1906.591302199102,37378.68896455356,24159.63441115019,17095.12668599397,21978.4451669242,61436.55772312675
3457,15976.99268580153,14851.11997958671,73661.85651706485,48450.19286308346,72529.58355898944,44134.0319638579,11578.00814362153,16572.93045278718,25100.70107107915,124808.4184797202,92944.20871153234,50413.30326257382,48897.20585373575,27960.5502399528,136622.8075938505,64125.30560566304,43212.07362871904,30568.224174157,146008.2728801989,38110.96227630816,8211.634100729585,23409.73116767071,56843.37333466968,22109.32036899145,38784.8993380303,1828.978033104534,36226.79248904945,23701.36882185204,16798.41340194459,21868.03138975082,60845.55478779193
3458,15333.47115690328,14592.04690361043,72410.30059810964,48008.13129834055,72569.70475692322,43326.29130212875,11486.67719909794,15960.9137750402,24246.86995344138,123352.1068108996,90373.77596968609,49825.35716994211,46984.82979140297,27055.6196147845,134986.4824894099,62318.16935094637,43030.14380843806,29459.1521050265,140500.5687509195,36377.96133925216,7824.052763184004,22423.49719970355,54320.03099563352,21871.72219372664,38545.75846950601,1786.854648696672,34862.32740057668,23702.40311382789,17205.02049414228,21499.12882304355,60291.39049159143
3459,14948.8707342421,14396.18801208309,71183.27006198982,47505.54425046519,72245.29097263803,43035.62744127134,11145.19257712185,15656.09128109388,23681.93523398865,121791.3129908994,88106.29022223972,48846.96908524283,44315.12922572562,26734.66277308668,132660.1481864456,60240.58441057208,42865.8665098546,28924.41868739738,136839.1455498429,34627.55411266268,7099.44175690532,21752.72255070671,52649.64135046467,21380.94977526964,38074.54275613392,1715.992094791084,34458.70779542105,23785.44366477862,17259.96739821643,21578.37908639434,59895.18589768732
3460,14948.87481764021,14304.80594203701,69034.57726201635,46952.68037113566,71982.9580650042,43035.62745524324,11236.64992483476,15355.12588356298,23205.96429257504,120857.5750766525,88535.94647658778,48690.46778088159,43523.325808981,26734.83560001926,131631.9834245693,59943.55379511461,41110.71327572355,28633.82143899427,127939.2262972471,33164.18799906339,6913.608269301716,21104.10307556287,51386.80891705136,21628.22867149841,38069.71614234235,1674.02857975748,34450.60574359246,23611.14609631347,17018.20102080237,21478.27420297081,59748.63313910532
3461,15196.7557141204,14342.74595246914,69919.98346485686,46952.72405431719,72727.1070529718,43339.63258208498,12230.50494231587,17074.22061144931,23408.80644317597,122009.9757144678,92278.5646079054,50260.609422452,43169.5848821044,29494.89333120185,133255.1036803359,59347.71418361777,40492.18139769232,28264.38003985211,126402.3983850998,32861.65419653625,6847.900801922175,20415.00159093432,51387.86692987792,22886.94596932486,40107.39409121378,1671.955812261409,35464.22155519405,24063.08044948329,17237.98863709902,21985.00334250291,59776.57012845241
3462,16259.51689445265,14766.34127557294,75575.047557371,48085.34219989175,75505.73384760063,44209.01141989245,13558.12369574312,22034.69102164631,23796.09568888478,126190.3212530441,96086.65135689775,54186.65464823916,44568.888174209,32315.43790168577,135114.3736331238,59348.58765594178,39652.60977210042,29258.64933832587,125230.1981626596,34028.9044074902,6942.502834565673,20124.41031075674,53464.38806565305,26388.51048897784,44527.02822980489,1671.976422071373,36753.33026963376,25649.24154548239,17798.44706224104,21925.99648291945,59750.11760866533
3463,17780.94902958037,15449.29686596657,79266.76411949765,51244.51281852879,77280.77826778832,43632.63555180611,14134.49519009963,22655.28019831529,25069.68995703285,132877.4234265514,108565.7897822367,53352.61398103072,45078.82280952465,34700.95177674272,134481.9712123949,59943.03753181401,40948.53049508237,32084.30898516427,128622.2823215062,36370.54723105406,6914.012253003651,19935.84794008779,55199.75463263955,28764.36268319086,46648.32539320159,1806.330583649437,38544.68408329174,26619.66538894024,18589.68248295781,22100.44871061815,59994.41953200357
3464,19699.92964231568,16339.45964446487,80461.26666188453,50628.75023794742,75915.51420929782,44259.01412168994,14469.1165579046,21763.55877025302,27516.00052593994,136016.2889261855,121038.8041433482,52977.63549392269,47657.64321239886,36976.43144379251,138246.822259448,59944.49848839337,42196.80629660089,36385.67192960606,143548.8761050887,36959.08945112184,7110.161994250212,20951.69201369354,59926.71468801703,31553.1734341149,50420.67190413846,2028.729892439309,41356.31633267162,25572.13686871605,18523.74619960553,21346.34964371935,60607.71989682885
3465,21108.37692818296,17446.4780534274,85527.59019922095,50667.86622080583,76678.87329831813,46637.07793494764,15446.85413832606,22077.58713464781,31790.60163069118,138630.6246871362,126565.5642275447,53428.89246961377,53340.43961834806,38451.00656182936,141277.8447211405,64093.0693397376,45133.25789989474,39208.78544741659,173241.9182934728,43150.35148146742,7992.303889276216,23189.7150413015,67087.98456276972,32763.45317720876,52320.58473012163,2251.48335797266,43570.7218464387,27182.18312642612,17930.31963150677,20882.48881913521,60806.59825383847
3466,21623.8949447268,17993.40770938716,86310.00756034788,48672.6193550185,76522.02179215336,49008.79747369734,16119.26554809915,22398.84312186822,33779.45515393915,141871.7718558265,125135.4557824864,51846.88320828114,56957.44996800664,39680.19701030976,144254.928262154,66164.60619081437,47460.97194574653,40094.83377163654,180809.6063077345,46019.19865693471,8553.614357149638,24714.76400330986,71304.23600232716,33467.01883656935,53779.23641413456,2292.468800115985,45038.04595791933,27604.47185088726,17457.7762559568,21119.71697202102,60950.66848677277
3467,22144.94565807168,18424.90268648722,90353.45890872397,48677.57243450655,77456.3128613285,50199.82927352175,16636.13726503911,23738.56956773355,34651.36739639306,142816.5936800269,119503.0279637335,54011.37982552248,59588.9883494817,37948.85628726643,146818.03057995,70037.36902903845,49043.5160778092,41194.01374977049,187592.0783433724,46855.21205932755,8816.064019519603,26212.8971244112,76411.66363858255,32379.66946428553,50900.87307787246,2346.576535504902,45180.46924393001,28465.0346981265,17172.05235374671,21115.35733311456,61266.77978897456
3468,22152.76829885154,18125.54673486193,86561.05807197759,49399.61242073824,75857.3663262475,50192.52168351418,15125.79640388535,21845.20087899522,34918.67224055548,135824.1134874322,126720.8361943581,49627.8485128152,57717.87872198208,35358.11864154896,145584.1068878218,71843.74326354444,49110.07307407477,40780.74235286185,176842.9101422651,45500.06706160313,8816.068959948703,27116.49531321903,73419.96247475877,30698.92674374249,46638.50572988429,2265.581418728708,46213.3847843734,27068.62111152712,17172.05235374671,21455.91564226529,61345.96835704593
3469,21371.22634716153,17860.15762317574,85803.8577700988,46939.06079785301,73949.02206181253,49604.44999240569,15107.78293014494,21159.54936444447,35183.78329160288,128727.9661370369,129521.6418457731,50747.41820635793,57395.82145256667,35683.80394048122,146201.0849276385,72637.0884054525,50590.05462955585,39506.32255784926,170195.2842474652,44561.48377124484,9092.191760824544,27950.80345912802,73940.9999376189,30570.37802885786,47114.58215472362,2141.065055512485,46576.17954486566,26997.87139493887,17457.7762559568,21693.53312125922,61416.36633473299
3470,20862.51615812562,18051.51050679158,88651.72413469454,46380.43449335937,73415.52668383605,49593.66516051544,15458.65415452078,21465.68062202096,35426.03381187818,135727.2107746767,127674.9163300393,52342.96107656593,58443.4872262246,36603.81452042615,148660.8990144255,71894.07790470793,50596.71162289809,39016.2991367035,181741.0503300458,46019.92328772969,9112.093967626743,28170.27170849023,74718.17505703721,31541.90651610223,47595.88694712094,2104.579657365273,47732.00272617584,26955.30918748358,17545.69130298769,21926.42359086141,61323.97040121944
3471,20860.0654950887,18028.75038670812,92549.54675545997,47522.51757724367,73927.66116001055,49928.20386615299,15458.64044716299,21772.45524178243,35325.88410016361,140743.9025187171,126604.7956694126,54420.73873835638,58443.47296402142,37236.97759885663,149903.5593192342,71272.28753647779,50604.10935857991,38658.21270690063,182927.3482999902,46021.82464440268,9012.885760073923,27882.7984953776,75603.80319245157,32264.15869583715,49032.45587236787,2097.233339746672,48269.82558354589,27347.19415721567,17391.83997004335,22274.6982194033,61322.84926942344
3472,21382.45911094685,18115.29215418517,94227.05444573188,49246.82123363217,75763.03719276549,50490.37096522535,15787.54347506346,23448.20031272733,35321.63016198692,142211.0535994776,120716.4344212095,56299.65091293588,58640.87412095654,38523.01740256544,149905.3790493364,70351.7012846798,50541.24504634485,39114.03294751699,183059.1060442851,46700.85953648054,8750.911815389953,27720.43171677947,75589.47464868198,33941.49318411403,51382.35598878918,2103.648829766371,49307.65420216653,28272.99894954485,17226.99925782087,23139.56718693734,61351.81165154496
3473,21886.70161471042,18210.70786336649,94844.58852749248,53827.20062018953,79079.89195535149,50796.84131778871,16287.45858013234,25746.45020408319,35051.35491759775,144096.4592823081,111817.2606254817,57151.24378878475,59970.85232686468,40317.10874347252,149285.809694826,69067.03257930251,49997.05361466503,41469.58618317655,182927.3382364922,47481.95903069338,8750.46198866807,27595.02188510149,75603.80410300462,35094.33116665374,51862.44654607186,2181.58020404335,47586.77042394636,30045.11479690229,17281.94616189504,23201.03448182012,61721.25614164978
3474,22144.95238926017,18051.34288101533,95246.73538045502,58017.37939331766,81762.57851006986,50489.66056385016,16205.33054779561,26051.76099199703,33589.74922554334,144622.700507087,111057.1404859547,56913.80777786336,58064.97783786849,41229.97278714212,146819.3910828354,69068.12820497861,46752.01278423317,42107.76394442193,169064.7505745201,47467.15977612884,8619.605013172803,26924.78419936974,73128.25214547341,34604.02322974084,49984.47753195645,2282.118336405412,46652.43088677611,28737.43682915007,17512.72316003095,23483.8250916251,61700.80158166501
3475,22144.974258706,17751.72504564801,93659.88070454045,57543.17083718839,83028.25245086648,49601.78946022,15294.19958878453,25135.79521166509,33166.48791525976,139093.296428358,115120.5020899157,57463.9325592134,57677.12097087043,40336.03655566014,146201.3185399614,68258.34568891027,44424.31846106373,42402.87663750163,169175.0812460755,45729.63922468852,8088.513461419643,26081.25366739076,70502.54935546203,35056.6161250681,49017.75118717814,2346.97160246068,46810.1170015824,28457.68933531627,17446.78687411751,22856.32708369087,61830.59244202188
3476,22117.97315794162,17744.1427810727,90808.94811040258,56915.33417328885,81121.17527927502,48367.82737986089,15789.75556125552,24168.72741014742,32288.45705994654,140562.2404945524,115120.4995477092,59789.2952847288,58659.63407035746,37535.78202825745,147435.2850499336,70646.04915475096,47492.27284595077,41689.65624587513,171388.9810066267,47516.74097864713,8815.572410453755,25479.66669607757,70514.59967404878,35056.95051050457,49970.85771045422,2492.923928479691,47682.52615440539,27422.08644992088,17446.78687411751,23137.54235093328,61829.71360203253
3477,21884.91403332331,17691.61062899615,89070.26894986359,56108.22157224746,80783.96649566307,49591.22264564526,15752.80083102198,22704.01184169072,31691.73845459809,136809.8479792554,112878.044857975,57957.65094188379,59744.2023537026,36204.20250758835,147381.5562394209,71843.74260388786,51471.69513373652,40157.33561349715,171389.0908340086,48358.69882134508,9075.136071516677,26733.44796013375,71377.27635263735,33211.59846825126,48218.18779619114,2500.48651788597,46646.45621477449,27032.90489618974,17084.13730671584,22621.97010838117,61735.12584334004
3478,20582.8302103359,17105.84927415949,87021.98109355943,53916.23822490482,79159.61556973368,51394.78089280081,14376.08068995413,20359.56308802889,31019.81681726028,135978.5547327406,108683.8540306634,56447.80510145332,60159.78739234287,33457.42916352554,145589.2684242163,71236.43921215738,49575.72222101204,37584.05732042412,166755.2409138298,48358.69622664185,9274.338348606141,26857.74380205666,67956.3509400326,29925.7075617323,44753.01847788692,2356.423012186425,44284.19467929439,27037.82376876161,16820.39216562318,22386.42590897243,61862.36245643693
3479,18537.91524656559,16235.66336243733,81164.66516487196,50292.68530021512,75967.2451243179,49418.45237250732,13006.47495053088,19065.78236185407,29231.89499559867,139008.6186162866,107178.4524838162,55190.82838778668,57500.66314110618,30737.39870599511,141292.772884647,68752.03587485744,47879.00335767408,34801.99168243726,162113.9650229348,45729.9690657345,9215.956567529716,25662.8843464655,62846.65829021347,27766.77289723232,42935.24405858471,2130.10669879968,41767.06720631514,24936.66977857228,16404.76692700206,22161.93183797105,62136.08483143031
3480,17262.88384854116,15558.73821284549,75434.76257978045,49711.42492718714,73287.23405118237,45578.35945591088,11859.86742245162,17169.01483418276,25252.1619709832,142604.8991752857,128489.5057577507,53893.21624275776,49423.0922905288,28517.56508563417,137603.917243978,60287.71504099877,43409.8370539946,33118.54389138958,170569.0266835207,39721.10750722019,8539.665126049022,22798.89901947253,55533.16123226206,23608.64803944963,40969.89876920405,1983.233757679724,38131.12698237395,26482.30051703163,17976.27413244986,22055.98368928099,63223.89277554434
3481,16072.33499809534,14816.52993276306,73966.61725480015,48913.92616701235,72458.2099334197,43580.66969967268,11405.91152804609,16246.77009753661,24757.45657632493,141953.646972975,121476.844159796,53564.9999323657,46547.34172206235,27148.38082012957,135368.6674436113,60012.14922503335,41160.78215903808,30768.95339461195,162385.1401350014,37902.01283183778,8021.896303134517,21509.43810803333,53010.93341906406,22374.79120017452,39361.46069713757,1845.511698358932,36996.36008262258,24667.83848813919,17765.15620168682,22463.69108708729,62438.68895726847
3482,15599.43372225449,14601.21080702081,71120.14732189362,47727.19282380719,72296.17492968058,43138.55530671703,10847.64758016053,15902.74517771337,23594.5997659952,138353.7131124918,116238.0946178335,52923.20192381353,45307.74608467193,26946.33609025418,133869.5607479372,60270.91253631957,40079.77014181191,30434.07981535632,153633.2989706977,35599.5161922799,7625.017232350967,20631.6023639936,51336.31785451094,21982.9269114564,38569.1453365772,1776.007434785052,35983.67846326192,24545.41947265192,17433.3332747626,22320.86474612148,61331.4983120411
3483,15429.75568174535,14419.41107399808,69271.6974042386,47749.66070998357,72255.77471903083,43284.77413903543,10976.62746228456,15570.02678937022,22828.06910449354,136086.5776302102,112063.4647527949,52394.32917464817,43749.89701007456,26753.88969791859,132597.4838539732,59834.92886565548,39037.98701537996,29634.94403441708,144475.3162348296,34256.14916789564,7300.589730678073,20006.0613139911,49626.21439246245,21391.51890093165,37928.89495548764,1708.472343201837,35994.01873732208,24434.21602133651,17497.90628187765,22463.65431753034,61013.6700660409
3484,14947.80068919939,14207.71649633151,68329.4274721159,47528.92907873068,73138.23663725011,43277.13623642025,11096.88901373858,15884.9145593818,22813.74779222346,135148.5561239382,108572.0034914135,52391.87352558156,43323.85414046885,27731.59883543914,130819.0760142175,59695.83854708363,38932.30566723226,29349.58499953491,139925.145661458,33587.05200788436,7070.147170181973,19562.27832177452,48787.05811424385,21397.25630140325,37480.19835955816,1643.578038290489,35489.49529476388,24008.01544022634,17458.04455776548,22599.61995106985,61010.11885477083
3485,15405.95470090025,14311.35801309231,68263.08808353584,47529.03396204439,74276.84324888447,44053.95898805327,11481.18155139079,17145.8243254854,23818.15512258953,135067.1581273583,106217.1841564563,52392.7011034767,43185.91363164641,29823.75709301418,132890.1575541479,59545.10710171905,39448.99882616581,28443.51180731951,134319.1207491034,33028.1859315654,6941.423392329333,19105.40677002335,48765.2632595828,21983.7045869695,38414.98213278471,1632.171788849489,36007.58542740925,25093.48601997496,18023.98239611741,22803.63538054549,60788.47418710942
3486,16381.87819457337,14626.3811589549,70430.84629660132,47606.10538047052,76001.21371781312,45911.10908202027,13066.7117366634,21064.91538428325,25418.03727540987,136320.1960210652,108569.8160923767,53868.93198353113,44601.90227974885,31655.88527285817,136894.2245580299,60579.53504048917,39405.19648139468,29335.51625820227,130849.1599846547,34352.23958124781,7104.830247839443,20362.98506552012,51671.39924255311,25678.93455462673,40940.7246790351,1644.124066770138,38089.05909675583,26819.30221161483,18384.85382381451,22871.49847520421,60971.49077290949
3487,17545.64305701359,15587.86327797743,81551.18582017218,48461.51214970442,77393.35402569396,45109.28433930888,13896.53980354764,22222.61631361851,26084.55923814119,132909.0536580983,101771.8709788126,56590.94724960779,48233.9971037881,32932.04679428217,138935.1648681755,61633.7145602717,42264.13434648367,35020.66519606249,126795.5290327876,37171.99984874971,7344.610366603096,21872.21212963892,52167.28227444238,28914.47336237094,45023.62299371971,1790.281321875502,41471.5181059817,28149.36676655842,18698.33472762839,22490.96055249285,60888.89284067254
3488,18941.39578267206,16016.09916406885,79629.58772469533,49712.18816417262,77064.29978465951,43370.22631136016,14239.97925721485,21484.08477039279,27257.87537468874,119990.9937348009,96860.25941930985,54570.03641886204,52114.79879653886,34990.28010027733,139085.9990755859,67013.75763328283,44182.76666527434,34256.76792721197,122937.6092865965,38447.0886332098,7578.991809098699,23159.88342877054,56086.0142248328,32674.22303472804,49107.27414386092,1982.72826262008,42431.25087482339,27850.62994925416,17759.2940183284,21927.59640206621,61425.1360733921
3489,19985.08824726007,16706.33732094736,80181.89853923634,51893.90644509528,77850.72506586282,44714.82967915775,14276.79813974623,21559.67017315422,29408.48464184596,119335.8524412873,100422.227535351,52373.99955233817,55099.81526407124,36768.83257381636,139085.9990648459,68298.99041739792,45167.85918024133,34570.75464422463,126976.1578580729,40736.08302549752,8180.977065528055,24538.44235969792,61347.24406217669,33831.33580807664,51548.14471043371,2188.245900302451,43083.76692325608,28607.90063103071,17003.62072201005,21331.81118815327,61557.04203436635
3490,20620.23017822075,17189.51114504267,80804.11538382554,50590.45123721637,78398.92816716465,46068.07241899177,14381.85036894683,22563.6252924392,31696.22248722622,121630.6209400105,106695.3566692874,51698.26210190683,56804.79686341363,37941.53314692651,138259.8603195497,67649.35546029563,46128.36038611719,34568.76181721275,137416.3462750141,42284.39437346608,8737.847185199196,26162.25158958394,65467.89323552989,32643.74524097699,52523.06117937749,2309.520784820389,43287.57326619518,27813.4560388408,16401.24772022039,21035.91380215888,62188.74232673978
3491,20929.49465178654,17338.35496077838,83949.6458637635,49711.42470541746,80050.45643086403,45712.74510619628,14759.77782578114,23722.31791269855,32277.24418357938,122029.6962811645,105994.5702937621,51787.98456005564,58489.36509356601,36458.36299776541,137017.037191528,68208.1754527161,46774.54453844441,36814.09166986943,146736.0961244641,43811.56448303303,8698.815828906248,27093.27228246966,71201.87025105876,31433.20354195155,51031.32899462529,2344.021316767518,43584.79721218537,28149.52143710874,16418.91308355988,21103.23187298297,62007.62098935225
3492,20628.64318374411,16942.3701465861,78161.04272410968,49711.75500738054,78704.07646505651,44790.16041143666,14072.91803426251,22230.69727223138,31889.67163621936,119757.443573616,101777.2639861941,48717.45934528257,55076.04581236662,35195.57921951824,131192.2131864563,70810.32711540392,46009.65849723501,35287.25174073335,151276.1256368248,43835.82928614521,8524.536674532099,27117.88719678957,67409.96984897129,30080.10441170118,46928.31469977737,2307.954624790995,43149.63109445717,27670.3607525828,17061.81696910122,21376.47138700482,62047.43488286856
3493,20318.39531173236,16399.37412118524,69615.5467853035,47914.60875060772,77798.57383235011,44360.29171958001,14173.6215435942,21228.72086541378,31855.59480605974,122147.9382996668,98208.12864651783,47968.44409780013,52826.96641710457,34369.44530606241,132026.5639786753,69668.6309615153,46785.37029948757,33118.5104602949,153399.4962695216,42532.84677674909,8568.232960175332,26008.81098091817,65579.1604043929,29768.86846071428,46442.25556888662,2143.275921355516,42902.88291360793,27437.03858782037,17391.76899983485,21104.80861557386,61247.42816742932
3494,19859.96058810658,16249.70428298048,72033.67868869167,47151.13187672722,78109.76108819962,43933.14086934879,13601.6334023121,21376.19125635714,31432.49331260595,122355.7658751763,94044.58329833733,48387.94195300823,53324.04882915927,31964.64116845732,135365.883944339,67800.7380341598,46817.92482056892,32683.02787627734,158084.8594808298,42788.48333472179,8699.114652128057,25809.81851979761,66509.20391817644,29897.98648497468,46415.36897951616,2123.769109346129,43393.85306930925,27240.54240089179,17513.99518740726,21104.66646210652,60849.32370062535
3495,19558.30429660729,16214.53135187953,74957.7653452605,46737.6044058918,78544.83946588174,44068.98391455742,14072.0095069741,21893.77977331699,30850.55524562229,123224.670725509,93270.90840226397,49675.01001643518,53284.15487276859,31645.19321479629,139117.6375478233,67682.22039291762,47854.56323811947,32247.42330937515,155815.1441758895,43811.03318657164,8738.975221583289,25048.78042589382,67339.65553109044,30275.0796027957,47901.45028417912,2082.891660498936,44403.23024912598,26671.74098817538,17432.54635592746,21512.79873316234,61105.45935011235
3496,20319.13758497308,16667.61643671711,78230.92130868426,47529.83829078793,78895.4863582621,45406.44225297376,14883.84376461067,23312.88257789812,30933.20658182462,125425.9645760221,98258.52562967483,51697.58800624996,54527.0435655902,34301.03119225477,139910.9734398546,66324.76204703498,48291.49767112014,33407.71977125526,158085.4777513756,44073.59139771235,8776.90572263435,26065.75351467915,68184.20958493424,32232.98946103384,50819.52708056882,2124.232867266488,45336.50972682709,29070.84389064526,17405.05316182011,22252.89053121065,60153.83803692451
3497,21206.52824103371,17230.60735673465,83768.9598052554,50104.94151143871,80952.22877938907,47587.64756839484,15662.04837448309,26231.08802201572,32262.82754303207,128767.9902830497,103182.2037590425,53246.49386256235,57636.91570669976,38731.49664395325,143620.7126612748,67485.40083638925,50001.22095262084,36614.58530907915,159124.9026736965,46613.81893557499,9060.614705199292,27313.218049022,69869.90105551948,34028.48003657193,53005.14884663206,2189.634528866761,46548.14060035083,29696.42407451323,17757.36870360441,23211.70250483007,60114.09896073558
3498,21861.54057281969,17936.10442575628,92812.87635324453,54170.00536930852,82249.85749534154,49210.46642631198,16394.99926829738,25553.12058906765,33355.69130006874,130785.6098613134,106693.7563607721,54351.8519144427,59918.37109737586,40851.15234859892,148176.9354526991,72609.10774297082,49558.58834666394,38399.46826158535,166030.5936443712,47387.84667808311,9177.239924040105,28012.58895546735,68287.57221829088,35416.26361120454,51824.98389001106,2254.303464724553,47415.88200245196,30130.64843904767,17089.21026514236,23079.19851379609,60554.90149024329
3499,22151.69825203827,18261.86272306193,92453.3140470698,57262.44015266731,81895.48377108616,49973.85371117397,16064.23262302002,25523.78127530749,33272.0190539732,130416.82849374,105340.8796009207,57777.74904243521,58905.72671258858,41481.94417121141,143707.6318907004,71488.89405111922,51330.28955907284,41827.36131239941,170571.7100952238,48158.31965503695,9500.83810509107,28634.32644128829,65676.50321008946,34448.56018497053,51294.44080888681,2275.157658097535,49686.90477305632,30092.59477032832,17872.62709114276,23469.88126369816,61710.04777034561
3500,22151.69825380886,17962.44428507185,89701.11849110952,55465.14849389369,82000.28980405863,48946.86995199114,15677.15940332956,24553.60894172622,32610.38991415836,130048.8658822093,105189.746552731,58813.88275232467,57225.25324938266,41874.38080141671,141076.1048550983,70099.25539801417,50292.57610897926,42406.70712845613,169435.4422202019,48157.21855072243,9494.275767767002,28721.52904232207,66497.62388777074,33041.32585690388,49604.1467214817,2450.795178586669,48630.55678859153,29488.86471482772,17408.69948750511,22947.68696338979,63548.3751211597
3501,21844.82795327843,17958.15972051558,89735.62981391241,55068.46038518552,80663.41905895853,48138.23852158577,14865.19978960327,23059.58014644633,31854.23100500523,130728.7745460149,102726.7082359342,57135.25451321543,56649.2855030704,40730.004127356,140325.2244978554,68315.82599855661,49183.9758752584,41265.4149957704,171703.9287181847,47567.30881037629,9336.900141925238,27778.77069947262,67672.89668883535,31460.16786943452,47897.9024967464,2472.461050422702,46732.06637638323,28417.20252722855,17162.07164873513,22667.980179933,63751.14351009411
3502,20752.9244440726,17543.7477680226,87739.71612291102,54004.57467044522,79535.9959917391,50835.8305416296,13889.94747078051,20730.82303081507,30367.48685429078,130741.4652646771,97558.7959872571,55296.05745720939,55075.65178418253,37139.17456654729,138224.4119302817,65708.1920945575,46233.55844219819,38812.98885871113,175148.962481348,46344.74118900297,9177.548677522747,26614.57422907454,62572.45694560132,28329.21556097565,44985.53230018295,2414.154109578688,43788.56491616047,28809.00377516398,16984.44873195711,22729.37606490023,63163.484808598
3503,18951.87128192878,16592.19802268246,83466.56243937189,51530.40789745876,77309.15413634099,48611.24654381056,12569.4400154502,19241.54870251538,28465.43283501785,123910.992978316,87797.28083433039,53281.90749162647,52384.45226133382,31967.70455144532,135274.9763726603,63103.03807029287,44574.53281674259,35742.57211703723,178280.5110782554,42860.63006205282,8858.60184812225,24387.31176156969,58067.92665203763,26176.10546491907,42793.62864291636,2171.439590017013,41965.97949083707,28874.64561040753,17805.72360374634,22673.41157246122,63368.3023527671
3504,17263.12421493957,15405.58605424787,73924.60469717199,49286.8089212803,73028.51961190812,44451.60996878013,11776.86498976446,16885.61175342068,25223.8045122989,143834.6706159847,127224.6004647944,53270.98132758998,49803.93866951518,28481.691778557,137211.6422840001,60332.45544697918,43686.02626451183,33249.06453358562,170880.5743865927,38543.44783407327,8736.332402344331,22884.06719473714,55020.45856519418,23855.68101570011,41360.43864868962,1955.692095815006,37992.36133702691,26686.53915005507,17773.21800995469,22002.22695067361,63047.80525460213
3505,16072.57536449374,14646.43127724267,72569.78049590667,48473.93130435488,72209.89492288393,42420.97961878867,11312.25858199206,15987.97785805052,24663.30066632408,143088.0221059402,120302.4417916565,52944.99641601177,46848.119338362,27074.93164382717,134873.8279901227,60051.92559291994,41601.10582251049,30984.57568990505,162445.2143922125,36848.93998578456,8157.141870722682,21578.02852982799,52369.91458516502,22604.55419504935,39691.60497665426,1817.129316280458,36931.41157779724,24902.67906180573,17573.72457648221,22279.69061953065,62299.26225898573
3506,15599.6740886529,14426.19586991246,69943.01985603101,47264.31315806552,72049.89251558976,41971.5750494854,10740.89689110448,15653.13351943349,23345.77770913448,138960.7650407783,115131.3016943116,52307.56171077423,45574.00996740717,26867.3420018908,133305.9347458778,60315.35026225596,40598.98530610246,30661.83115833345,153424.4477434017,34704.13758534382,7713.181960771509,20688.90702720289,50610.10439662309,22207.20508122625,38869.53878987525,1747.200765997411,35984.60539189923,24782.32471308239,17260.17236062947,22182.49071394388,61243.76586046239
3507,15429.99604814378,14240.24518802684,68237.24547480646,47287.21431187855,72009.99909250221,42120.20493444071,10872.90284244701,15329.29398842584,22477.29438861988,136361.5364717098,111010.5481225373,51782.28453558822,43972.7861129442,26669.61411410322,131975.4885715253,59871.51278889177,39633.23078348013,29891.63990032289,143985.0596554349,33452.77557722137,7350.268380712942,20055.32380607268,48813.00089437739,21607.51928271016,38205.24750440294,1679.253408456861,35994.27302608639,24672.99677162183,17321.18987274918,22279.66559615302,60940.776876182
3508,14948.04105559779,14023.71708639502,67367.70614076169,47062.22612211185,72881.39124853197,42112.44108782124,10995.98591748307,15635.77872546846,22461.06826557083,135286.1123003015,107564.146422583,51779.84558140315,43534.88104437211,27674.15548422924,130115.478443153,59729.91689960014,39535.26198619311,29616.616507174,139295.0720077969,32829.50379029887,7092.488956353845,19605.83538690295,47931.15326352601,21613.33698812159,37739.70269990031,1613.962958191855,35522.56907964138,24253.98430725237,17283.52300012246,22372.19647423699,60937.39146941208
3509,15406.19506729865,14129.72500176923,67306.48726302781,47062.33302798095,74005.7149725336,42902.07313709421,11389.29455749123,16863.04010206777,23599.06711837154,135192.7910145515,105239.7175512539,51780.66753295896,43393.09989443603,29823.73089672324,132281.5916118201,59576.47018044823,40014.24723982941,28743.36108749827,133516.7858606451,32308.91353995043,6948.494976748905,19143.09013717055,47908.24961441266,22207.99364166635,38709.5868775538,1602.487079640487,36006.95719636369,25321.14780439337,17818.29937888269,22511.03837377163,60726.09529428902
3510,16382.11856097177,14451.94092480128,69306.92362282219,47140.89068107321,75708.45462587285,44789.84641796653,13012.0237540332,20677.54706928815,25411.74211533959,136629.375601976,107561.9872533428,53246.86216639641,44848.51354005917,31706.13997054481,136469.3853312436,60629.53228715911,39973.64155953871,29603.05733257053,129940.2005743064,33542.28491490128,7131.286406678543,20416.83629224883,50962.23276157395,25954.94480637748,41330.16909410094,1614.512319886109,37953.02998789467,27017.85711817277,18159.30063772041,22557.22233640102,60900.56691578864
3511,17545.88342341199,15435.37611846414,79568.92211607295,48012.79299716507,77083.13167349905,43974.80011118168,13861.32088173914,21804.35381979562,26166.91504769794,132718.5644694799,100851.7740097582,55950.37164393086,48581.73581990442,33017.32444661961,138603.9742390367,61702.70177953909,42623.93613914295,35082.29142127777,125762.0101557762,36168.92440114476,7399.511082079597,21945.46649916715,51483.34341545507,29235.77063054969,45566.37706839226,1761.561787606944,41115.4583881489,28325.48937312123,18455.52077214413,22298.24874714842,60821.82544486188
3512,18941.63614907046,15873.38971563831,77795.64561506137,49287.58687642318,76758.20514848336,42207.06615703714,14212.81796068902,21085.53058377449,27496.28847717815,117908.2495712344,96003.54996803161,53943.20010001512,52570.58964804494,35132.04387175119,138761.7294778613,67179.66086032003,44402.54801344679,34346.06234416742,121785.5447324575,37356.68443462309,7661.696648829522,23249.69254389671,55601.43747742084,33048.14456591044,49803.36614652674,1955.183514975813,42012.76007208988,28031.79092322584,17568.18517449209,21914.85348642722,61333.03171571311
3513,19985.32861365847,16579.38775975526,78305.32544404612,51511.37711355225,77534.76536847209,43573.84115241588,14250.500671635,21159.09892937501,29932.9402267783,117157.1422906217,99519.54858617198,51762.09312546833,55638.71713980014,36959.40690851365,138761.7294666285,68488.0458067506,45315.74916577212,34648.67653107114,125948.189321092,39488.90933468501,8335.094013192067,24645.97470311124,61130.32784963524,34221.45315339998,52335.88950649866,2161.955728963062,42622.82963318639,28776.28980152266,16854.12048126046,21509.39419824035,61458.77904509335
3514,20620.47054461915,17073.59366735452,78879.51549535853,50182.78625415383,78076.09171074594,44949.39797740912,14358.01758999395,22136.26270021731,32524.95938558197,119788.0515979373,105711.7189391313,51090.94971773894,57391.17009099056,38164.29105580423,137897.6833241513,67826.70833617481,46206.15366554145,34646.75588381705,136709.1825464918,40931.17936396519,8958.024337271878,26290.66018357337,65460.61149930887,33017.24018220697,53347.41333141337,2283.970932405493,42813.37827407299,27995.24397208848,16284.91511853354,21308.02239393909,62060.98552725639
3515,20929.73501818495,17225.83596480086,81782.25321997369,49286.80869523407,79706.90290467611,44588.21155029235,14744.81181445991,23264.03467758033,33183.26006092777,120245.5840374607,105019.9766641621,51180.0621922265,59122.64130895025,36640.41681080467,136597.8332255299,68395.59490278302,46805.17975045629,36810.76038106756,146315.3085077447,42353.75608377722,8914.362782151626,27233.65039905969,71486.29965507692,31789.75483791306,51799.66776208919,2318.682071823472,43091.26765735043,28325.64143506418,16301.60779818133,21353.83544273767,61888.32066585036
3516,20628.88355014251,16820.80981327071,76440.45258778591,49287.14536669491,78377.41217310123,43650.414039059,14041.83722086277,21812.21913153961,32744.13830132052,117640.488665013,100857.097416898,48130.41213236017,55614.28588153672,35342.97721645836,130505.7370239583,71044.62168288835,46096.11455747454,35339.2222596986,150994.8434811128,42376.35903010389,8719.409297883598,27258.58177119357,67501.48958715535,30417.71672217016,47542.58846820796,2282.395211798797,42684.40930791343,27854.56206973525,16909.11234815433,21539.78752122618,61926.27566610152
3517,20318.63567813076,16265.41581182933,68554.5542964403,47455.34318790294,77483.26832948143,43213.45709443367,14144.90339160153,20836.9812696338,32705.52907132349,120381.1463075401,97334.02407277029,47386.48911119893,53302.58596336235,34494.17089821626,131378.3720233387,69882.35903318938,46815.21545503149,33249.03231335789,153183.4607819637,41162.61566741141,8768.289172050472,26135.24688960925,65577.5392895194,30102.12448048087,47038.27819458428,2116.711232117549,42453.71221662557,27625.17501682585,17220.89668240943,21354.90848871736,61163.62091411225
3518,19860.20095450497,16112.3286317266,70786.03885646243,46677.14353066247,77790.55199601172,42779.26280685945,13559.49551633319,20980.51629478956,32226.15282663481,120619.4167487758,93224.21196500842,47803.13498438511,53813.50850957994,32023.36935758544,134870.9167699159,67980.81791324436,46845.39416993711,32829.32281313752,158012.795250067,41400.74409451113,8914.697054075776,25933.69611289066,66554.89796573618,30233.04973699327,47010.38203467182,2097.085341354598,42912.74452413677,27431.99285055645,17336.39289692301,21354.81174673328,60784.1037706475
3519,19558.54466300569,16076.35261342671,73484.42525017282,46255.64165277586,78220.17267169525,42917.3458147812,14040.90737810706,21484.29254659786,31566.81389848584,121615.599962544,92460.52184290065,49081.45283626184,53772.50379630996,31695.15447982707,138794.8196821958,67860.16529715466,47806.37944093328,32409.49574822603,155673.3364161232,42353.26117494387,8959.286189983115,25162.87385120785,67427.59808893554,30615.42093158495,48552.26453774976,2055.958357337061,43856.46122589563,26872.78459922479,17259.4287708277,21632.56456141218,61028.28055874843
3520,20319.37795137145,16539.78277956021,76504.93748306228,47063.1528672897,78566.42098592619,44276.85796393071,14871.78853373343,22865.52545342836,31660.45830244141,124139.342328135,97383.7706503267,51090.28020496297,55049.9979103676,34423.87922865635,139624.5578116579,66478.25371887007,48211.42670466174,33527.76652642884,158013.4325187528,42597.83720247635,9001.716297969886,26192.92149619101,68315.11810259617,32600.73515774548,51579.91285071427,2097.551930271381,44729.0304181922,29231.42525809354,17233.44939678884,22136.23112886322,60121.09002823094
3521,21206.76860743211,17115.62820975995,81615.51370125376,49687.91402538977,80597.36325747528,46494.02992430421,15668.25103760337,25705.85624221626,33166.92593043295,127970.9125029913,102243.9055350448,52628.65572935325,58246.45739920582,38975.93429733639,143504.5185108923,67659.8002363597,49796.37557707923,36618.48009696168,159084.7967605377,44964.08869977265,9319.081015900683,27456.42386411947,70086.56767434656,34421.35675968211,53847.60301602694,2163.352834369136,45861.84411219569,29846.45467410336,17566.36587073417,22788.74685307114,60083.2063521189
3522,21861.78093921809,17837.2335656736,89961.36121713492,53831.36801735705,81878.71428370605,48143.60800074713,16418.3981026493,25045.98091456256,34405.14638559635,130284.0757392958,105710.1392836305,53726.49893639562,60591.43474907386,41153.76179636127,148269.8037001065,72875.80551520867,49386.04598907076,38338.71497992066,166202.6849426655,45685.10454475469,9449.541212636139,28164.78612374838,68423.73922086712,35828.56478918216,52623.12378218565,2228.416539821905,46673.13851268836,30273.35559619714,16934.99732467728,22698.57178220341,60503.42800442496
3523,22151.93861843667,18170.4297508754,89629.55229741862,56983.43688909205,81528.7858876544,48919.58304121454,16079.87115594123,25017.4245439469,34310.34528529644,129861.2747757765,104374.7222716899,57129.10489162816,59550.5955744391,41801.86505880846,143595.4260313541,71735.41231226586,51028.44968635419,41642.45049534109,170883.3402538361,46402.80908427691,9811.52709170028,28794.51688076626,65679.8343265847,34847.31666342038,52072.65922055778,2249.398036997896,48796.43014395254,30235.9437243812,17675.2779436378,22964.44939377053,61604.64101021701
3524,22151.93862020726,17864.17483076274,87089.78931729276,55151.48650438701,81632.27721476015,47875.66499346326,15683.71659475688,24073.14203804733,33560.71594735204,129439.4125007982,104225.5396930483,58158.19438263474,57823.33313293928,42205.07171308378,140843.1513112996,70320.74073123188,50066.46783793793,42200.81253285042,169712.1572811698,46401.78339280084,9804.18627959418,28882.84058846489,66542.72881126097,33420.38563322151,50318.89590340402,2426.107731505466,47808.79811130674,29642.39592181764,17236.89494983984,22609.07211290836,63357.13766149858
3525,21845.06831967684,17859.79243873402,87121.6368289494,54747.14871657818,80312.17641850527,47053.69976116901,14852.70714199136,22618.98260073865,32703.98387746786,130218.9151097654,101794.2884756988,56490.97840106163,57231.32886896088,41029.28878543668,140057.8167899115,68505.18466379258,49038.77247377625,41100.8577512016,172050.3495495288,45852.27560833744,9628.141550051558,27927.96181974529,67777.79260345829,31817.09657825192,48548.58353365528,2447.905862011542,46033.80542675321,28588.8079303891,17003.84684175972,22418.71875959736,63550.43888308796
3526,20753.164810471,17435.91841061327,85279.78089943397,53662.74717557809,79198.89595051123,49795.77330421549,13854.5738825625,20352.370238518,31019.49483923597,130233.4647821456,96693.071470642,54664.28523958921,55613.88088253004,37339.9125604672,137860.608384647,65850.5768853706,46303.67444107874,38737.25795160347,175601.2418807932,44713.43964915611,9449.886592824818,26748.79803866283,62417.87238285397,28642.32112408103,45526.85609890681,2389.242988181837,43281.78017275642,28974.00122602668,16836.00413222115,22460.50148806239,62990.21770919715
3527,18952.11164832718,16462.64237190779,81336.45735531383,51140.86890976031,76999.9880028138,47534.50737542425,12503.08526259188,18902.83839142076,28864.45750880465,122402.4556317465,87057.53497213116,52663.82859667769,52847.75100295973,32026.51681200307,134775.8379020161,63198.4936591963,44765.72334523271,35778.05103171422,178829.0163126848,41467.94961016964,9093.103844416604,24492.90111797558,57684.17799173314,26459.0744918599,43252.64816225677,2145.04682505649,41577.75481865428,29038.53597414806,17612.05827127859,22422.41507245799,63185.47241186002
3528,16875.60904189898,15104.493186905,72664.6723308114,48523.61668554512,72271.86995111922,44023.54052435813,11704.72609762877,16781.66313516768,24314.26629333988,122644.77006394,97177.613691511,50326.90893237789,51517.3310011612,28527.24448256559,136831.8834012691,64862.72784283839,44173.16690727527,31802.11407152637,150031.3707137912,39032.10622948801,8923.33440151893,25131.92704915118,55619.36053934767,23681.16825899292,39822.26651839032,1839.304612220097,37472.11889983925,24557.70023084522,16981.42592963696,22254.1486472994,62179.04603978006
3529,15976.20567553402,14553.77968714848,70755.18341236288,48317.40955020837,72084.38841147686,42538.33330950687,11202.50870917885,16096.35136057179,24326.93306037427,122396.0531185207,91292.98565419315,48899.92907325467,49134.91844913796,27694.86009229561,135406.6843995555,64125.3054578142,43070.32396330262,30721.12968275026,144856.1862917596,35783.28741949591,8333.927929598769,23731.19492256411,51887.84476865061,22412.01020248335,38640.43305078803,1756.446295211682,36567.05403041115,24143.35223571362,16643.63666743192,22153.81106738461,61148.71685506733
3530,15332.68414663577,14286.2872543854,69609.78686699674,47901.59676780656,72122.32567576914,41782.9599094834,11108.47647647163,15548.01211489792,23330.85633186227,120617.6125031957,88504.92071316508,48376.84394706321,47146.38073867611,26727.64609532588,133908.3479849627,62409.47185525503,42915.56038945147,29722.80864586692,138675.8598445933,34187.99538533255,7909.966235411623,22550.62167722598,49171.19490028184,22164.37012845573,38402.57570375098,1711.476243319124,35494.97034633067,24144.28740696927,17106.53306292307,21818.57400082142,60182.61057476972
3531,14948.08372397455,14084.06334062866,68486.83541445315,47428.85239135823,71815.57084021305,41511.14030296543,10756.89179061193,15274.90495544882,22671.80524371247,118711.5788010248,86045.45254120436,47506.38956159673,44370.35757301534,26384.59885935064,131778.1897485653,60436.85355181449,42775.81341563418,29241.47327118544,134567.2893562867,32576.68021209101,7117.339552728696,21747.66960907824,47372.8404957004,21652.85560229424,37933.88910845477,1635.824849890749,35177.83948170251,24219.36981901284,17169.08662956611,21890.5920028842,59491.88446867109
3532,14948.08780737266,13989.71153608301,66520.39885906769,46908.81652692573,71567.5176074581,41511.14031603149,10851.05416512569,15005.25357983019,22116.53902256363,117571.3026731061,86511.48673067732,47367.15314933567,43547.02005876701,26384.78358138745,130836.7284834781,60154.82993037457,41282.74434784224,28979.89482699223,124580.4772394098,31229.59709507013,6914.062788320848,20971.23843388919,46013.26533582953,21910.58554529284,37929.0884001579,1591.025471227738,35171.47356025357,24061.77594826103,16893.85093691985,21799.62254239199,59236.39067119674
3533,15195.96870385289,14028.88452096885,67330.70320953235,46908.85761628231,72271.16002800527,41795.43625056501,11874.30435451676,16545.48465621402,22353.17404511226,118978.6086387838,90570.98310640761,48764.08009385034,43179.19116429227,29334.80692660013,132322.9735932538,59589.09415673061,40756.57330102246,28647.34554464632,122855.9659063311,30951.10343997926,6842.187683685038,20146.34819232499,46014.40440061737,23222.50153314167,39955.82968459518,1588.812627621514,35967.88893410558,24470.3994572917,17144.06520349204,22260.10833351856,59285.09482093324
3534,16258.72988418514,14466.24584482355,72506.09391903943,47974.22303158144,74898.53668937739,42608.45171423779,13241.18998369696,20989.84165139945,22804.98447563481,124083.6259582684,94701.4911661649,52257.01233389979,44634.22264033416,32349.48021952985,134025.4542722219,59589.92349827052,40042.36875181815,29542.32792191584,121540.6120191082,32025.60081825164,6945.669544517331,19798.49534822423,48250.00310749883,26872.05690490736,44351.74267749596,1588.834630227346,36980.76381923998,25904.55180350984,17782.11158733315,22206.48635227177,59238.97863179728
3535,17780.16201931286,15171.39612589812,75884.67200147972,50945.80805454407,76576.9593877819,42069.44331736466,13834.60877254067,21545.86146814817,24290.75559109643,132249.882096163,108237.2074568528,51514.98126485617,45164.46576153229,34899.18109797174,133446.3813403923,60154.33975044666,41144.77913295676,32085.81950107242,125346.9507304572,34181.17042205876,6914.504691988813,19572.77640411991,50118.31216839934,29348.32261106399,46461.65437379571,1732.268347699951,38388.26131570403,26781.97568903547,18682.88294932565,22365.01832886152,59664.88413318757
3536,19699.14263204817,16090.48741424738,76977.85454710912,50366.60829516355,75286.01130838458,42655.2126520693,14179.12721029886,20746.91942458341,27144.61389874718,136083.0491373309,121766.2811739029,51181.36960945753,47845.98940148435,37331.27447903206,136893.7484950059,60155.72689454507,42206.6590594939,35957.65185013999,142096.4383865507,34722.94549867121,7129.066046103244,20788.7944826761,55207.39390478039,32255.00024037738,50213.75387369622,1969.697238985413,40597.40912436545,25834.83640488625,18607.81867110341,21679.7372224121,60734.08570071706
3537,21107.58991791545,17233.48170730929,81614.44280456095,50403.40164470124,76007.81815866586,44879.10236470024,15185.78325845833,21028.27462733106,32131.35026400644,139275.6630529612,127760.9784003141,51582.84487229603,53755.10695251796,38907.3397088759,139669.1696600777,64094.69787736672,44704.63187046441,38498.85155463676,175415.7107414546,40422.23324124268,8094.010268384602,23467.82420043228,62917.27241061623,33516.43149859257,52103.4694508731,2207.504220667845,42337.30561662731,27290.584893384,17932.24014669333,21258.20764750255,61080.80170360569
3538,21623.10793445933,17798.18548315184,82330.49402440366,48526.6287763701,75859.50461494163,47097.0591134074,15878.08252776507,21316.10545303525,34451.54060376259,143233.7359630773,126209.7862011861,50175.35951867077,57516.16714412759,40221.13125669824,142395.200487742,66061.57366149208,46684.76544110785,39296.41981587472,183907.5943431546,43063.11412502897,8708.008193134045,25293.38695821163,67456.52130328072,34249.7328035086,53554.29223140149,2251.259428990585,43490.2074039035,27672.40384386453,17394.27947297995,21473.78671161557,61331.96757227686
3539,22144.15864780417,18243.70318395727,86030.97207387992,48531.28775133575,76742.93903471483,48210.87420629062,16410.24171894183,22516.43971751884,35468.710716297,144387.5477070732,120100.4746138079,52101.0734580268,60252.5082912279,38370.62809736516,144742.1604693855,69738.67138736822,48030.99985873599,40285.8365779003,191518.3683272144,43832.69566002609,8995.092716351386,27086.73005748934,72955.21737835872,33116.42747089752,50691.37770241805,2309.023725531164,43602.11182890866,28450.49519256135,17069.00092526981,21469.8249268784,61883.06246674059
3540,22151.98128858406,17934.61876265797,82560.24995011011,49210.45436437283,75231.02861292865,48204.04038032203,14855.22962458472,20820.06705919973,35780.54771683331,135848.3654409329,127929.396861513,48201.12402625429,58306.88047880246,35601.57857718966,143612.2915969182,71453.78146956206,48087.61838664384,39913.83412561646,179456.4697649485,42585.23411873085,8995.098120514305,28168.38398636518,69734.32877867502,31364.64948997319,46451.88741476492,2222.555018050249,44413.69133160007,27187.90602266942,17069.00092526981,21779.30439071743,62021.11642197747
3541,21370.43933689402,17660.60503565737,81867.27683018267,46896.00565822905,73426.5620354337,47654.09442140593,14836.68336774416,20205.75433218719,36089.82544513892,127182.5853538349,130967.3398180501,49197.18516479445,57971.99706451234,35949.67971441877,144177.2408613111,72207.04412441728,49346.60514541857,38766.67685189746,171997.0098585804,41721.23317418953,9297.139212596705,29167.09413772818,70295.2817389598,31230.66776543046,46925.40863302399,2089.623930151688,44698.74541373055,27123.93656061714,17394.27947297995,21995.23725161637,62143.84523873821
3542,20861.72914785811,17858.17650525815,84473.5817073912,46370.54953057543,72922.10663042753,47644.00878932183,15197.93228280665,20480.03408461916,36372.43414928612,135730.0283268458,128964.2566086361,50616.71112825641,59061.38682414861,36933.01156940774,146429.6227439575,71501.57303395327,49352.26809874396,38325.58676991668,184952.7899437213,43063.78117471731,9318.909541806448,29429.80902264774,71131.99448031296,32243.25713499535,47404.13015704571,2050.672875504363,45606.89556343616,27085.45327551061,17494.36518019199,22206.87448297754,61982.76612870984
3543,20859.2784848212,17834.6767267954,88040.78353725554,47444.81787399067,73406.36388037055,47956.85875650797,15197.91817002741,20754.89026045271,36255.59980682029,141856.3875006291,127803.5314715838,52465.27276347477,59061.37199394374,37609.75316129325,147567.4914844732,70911.1976238135,49358.56118478534,38003.25855893319,186283.9632503793,43065.53144448907,9210.38914704823,29085.68866665175,72085.46857706037,32996.03473127458,48832.98870181736,2042.830099118475,46029.47223115969,27439.78219595038,17319.21519184201,22523.36608636453,61980.81159559296
3544,21381.67210067938,17924.03092861982,89576.00180769952,49066.73562991559,75141.83413590243,48482.57956409804,15536.5491369902,22256.28200606053,36250.63717576271,143648.065152265,121416.6172026532,54136.90733041843,59266.63478319631,38984.30681680256,147569.1577596342,70037.12251145476,49305.08393947082,38413.56096209555,186431.8117644916,43690.60840266484,8923.824994799696,28891.32720581118,72070.04235607425,34744.26043369441,51170.27638895802,2049.679143257677,46844.91202386285,28276.86306901426,17131.55449191286,23309.30839689256,62031.30337114006
3545,21885.91460444295,18022.54745750473,90141.15546418574,53375.14072341856,78278.14118124767,48769.18089939118,16051.25019191636,24315.40989851496,35935.33491555257,145950.513257639,111763.9723152539,54894.55428565771,60649.5802553932,40901.87951078098,147001.8357019884,68817.35962579002,48842.15262509991,40533.89057286757,186283.9519578876,44409.63963592175,8923.332945052634,28741.20512850477,72085.46955736875,35945.82220082428,51647.79019493121,2132.877062763886,45492.78404608253,29879.14931009571,17194.10805855592,23365.16627776882,62675.37705932013
3546,22144.16537899266,17858.00343197945,90509.1914497434,57316.51458031237,80814.79995718288,48481.91521930571,15966.69306520801,24588.9545472606,34230.23025721698,146593.1564415417,110939.4946786742,54683.31171207535,58667.80304774861,41877.57295711942,144743.4062432296,68818.39989674135,46081.66995417311,41108.34042338259,170728.4110024489,44396.01636982099,8780.19306794064,27938.89583325387,69420.27118316163,35434.79178715157,49779.90065237139,2240.20948851881,44758.65740432822,28696.79183689825,17456.83303962302,23622.14983667653,62639.71745620696
3547,22144.18724843849,17548.64861624035,89056.93683110201,56870.46363426938,82011.57894865597,47651.60637624717,15028.61365727678,23768.29066127097,33736.45492794651,139840.6754975971,115346.8910856257,55172.74789386109,58264.49952315502,40922.11006146704,144177.454773479,68049.53033961283,44101.55316116843,41373.98340362984,170852.2156860961,42796.56386195531,8199.250560554632,26929.14600712198,66593.41926199722,35906.51316286634,48818.36293989797,2309.445490822631,44882.55409638579,28443.85376797046,17381.76875848505,23051.91636464699,62865.98927879772
3548,22117.18614767415,17540.81994323192,86447.82580782229,56279.90672787616,80208.31049181937,46497.64424916363,15538.82664988207,22901.84167698545,32712.14686066428,141634.5427341867,115346.888328177,57241.58153347701,59286.14186005471,37929.12330794874,145307.3628530299,70316.59892890342,46711.39240733516,40731.98461859766,173336.4855234629,44441.65771699537,8994.554962356953,26209.01518001175,66606.39272814021,35906.8616808385,49766.35393143806,2465.261168199443,45568.02097017068,27507.49723294613,17381.76875848505,23307.46834441386,62864.45714683087
3549,21884.12702305584,17486.58060128454,84856.62474854897,55520.71895151803,79889.45713238865,47641.72462702874,15500.77891249054,21589.52281520051,32016.01678999863,137052.139532508,112914.5705318352,55612.00031128296,60413.90379636126,36505.89558789021,145258.1649075327,71453.78084323352,50096.59673595698,39352.68027478461,173336.6087633931,45216.71133112616,9278.48258949847,27709.85642451069,67535.1571090476,33983.51729554873,48023.09098098231,2473.334831862113,44753.96300179287,27155.61264833729,16968.9152180578,22838.94645871032,62699.55690273602
3550,20582.04320006839,16881.78317402045,82982.07659692931,53458.89144301922,78353.52516739255,49328.35498977136,14083.33962777825,19489.00283290779,31232.15509591157,136036.968326715,108365.2679139378,54268.71746295898,60846.03978546784,33570.07095007685,143617.0178691692,70877.16047841067,48483.7355599002,37036.36745325255,168136.8550108935,45216.70894260507,9496.383006003576,27858.64499826405,63852.16236509937,30558.75081141987,44576.51998635463,2319.535619899375,42897.89349066031,27160.0601238538,16668.65809642173,22624.89767298197,62921.37576013898
3551,18537.12823629808,15983.31796066103,77621.58943992166,50050.49825988508,75334.92633326584,47480.15535755082,12673.22516681007,18329.83385393531,29146.37105482045,139737.2673718306,106732.407731835,53150.40775543961,58081.01414300202,30662.82982292618,139682.838955332,68518.2776231068,47040.3752866627,34532.1166207795,162928.7683991592,42796.86749294704,9432.521213865783,26428.3362165479,58351.02775890942,28308.57048262841,42768.50196101642,2077.92501571356,40920.1431492777,25260.26890315333,16195.49511297989,22420.89059736016,63398.57161586656
3552,16875.61268669564,15304.31545866579,72527.17968534018,49079.47392851843,72322.2196390131,43878.78605689728,11676.28278324453,16549.87456518287,24350.20389158737,123871.7095994417,97002.8949313735,49721.53314818373,50919.32770606276,28162.4277389329,137111.0507430744,65042.92899877594,44029.1565198548,31235.86249547554,152322.2550037882,37128.57351600512,8708.311623074818,25627.72446608264,56548.20657424752,23609.79382599566,39323.15664667835,1904.18526490769,36473.90456237334,24557.56768254296,16850.88768761317,22415.83532540489,61652.4555393538
3553,15976.20932033064,14733.55811158708,70583.34443721296,48893.53289784473,72153.12434924056,42240.67921831287,11170.04874240914,15867.92931644441,24361.73991539079,123662.369469863,91224.66194039541,48216.17242886917,48575.91157247965,27406.04885420105,135611.0727282545,64279.95247342771,42896.22811837344,30216.42438733895,147408.8758934192,33940.03610018877,8106.237889324611,24171.99609021567,52696.26908530731,22388.95511391378,38149.8313038834,1819.751112110189,35566.91628556761,24145.07316315295,16503.53040201172,22307.16525129509,60645.56251823174
3554,15332.68779143239,14456.32998597369,69417.34543273869,48518.58633161263,72187.34111912052,41407.54137741762,11075.26445531174,15322.28373271774,23454.58145743939,122165.4912083808,88487.0056737504,47664.35538899147,46619.92315688072,26527.15173301915,134034.1198409801,62504.65952498621,42737.24260798053,29274.94315993139,141541.2034813033,32374.34449423054,7673.164598909671,22945.07058432651,49891.94877277668,22150.74318476507,37913.68631315582,1773.925800060678,34492.55425245706,24146.0041511683,16979.53853324385,21944.08855661386,59701.43156889349
3555,14948.08736877121,14246.74590172172,68274.19524511482,48092.3034270059,71910.66962438864,41107.73839245633,10720.86785274102,15050.51818499661,22854.36286812419,120561.2203714204,86072.00509234382,46746.08886164087,43889.33920823372,26215.42834080953,131792.1939633715,60463.68343100996,42593.68334913601,28821.01280826366,137640.4798037499,30792.92705637551,6863.503135983629,22110.59260821859,48035.55872243683,21658.70302307898,37448.37383456688,1696.835635274611,34174.74943409883,24220.75070197689,17043.86395605918,22022.08726485506,59026.41691721063
3556,14948.09145216932,14148.96005539987,66272.38803239219,47623.37685731208,71686.94288653624,41107.7384068675,10815.7833224978,14782.19144491198,22348.66442691841,119601.4725264485,86529.6133067389,46599.20449997597,43079.4784590384,26215.59619576916,130801.3350042105,60171.88675230536,41059.88348985455,28574.32743792305,128158.8864859642,29470.83888462972,6655.857637736918,21303.67680170794,46632.10799379091,21906.62068003395,37443.60768699835,1651.184242392935,34168.36998405023,24063.86178556271,16760.83209627138,21923.56328189859,58776.73465504254
3557,15195.97234864951,14189.55878584771,67097.2674767955,47623.41390839326,72321.57933781379,41421.30213715669,11847.21729924601,16314.85628949121,22564.17539711562,120785.9740999758,90515.71331786095,48072.86156428556,42717.67035616464,28896.25118385847,132365.5621659029,59586.54635092081,40519.35854363517,28260.7119826243,126521.6157592494,29197.51264169074,6582.437825309692,20446.39930458467,46633.28381794068,23168.58944487779,39455.75827970713,1648.929313957132,34966.47786775148,24470.65742582047,17018.13378753271,22422.28993138259,58824.33096619922
3558,16258.73352898176,14642.83837501432,72365.7488944011,48584.07486244459,74691.29007703575,42318.01619671678,13225.0350557268,20737.38082345463,22975.65339043397,125082.7661233797,94571.54111004008,51757.65287775842,44148.88521143064,31635.65289512493,134157.3705982953,59587.4044319057,39785.67055779555,29104.73817853653,125272.8037778424,30252.07286625014,6688.14367228444,20084.88888715932,48941.02871262586,26679.19906271484,43820.02470190967,1648.951735018167,35981.50527376311,25898.39447230347,17674.25310444675,22364.21493414873,58779.26374914795
3559,17780.16566410948,15373.65340659765,75805.09808451525,51263.61153803906,76205.11044083766,41723.51777781387,13823.19991081315,21290.66924821548,24328.79195435205,131956.1422626642,107862.5294157377,50974.86367670014,44670.44907067153,33952.5390950334,133547.9141885747,60171.37958601131,40918.15459616714,31503.41504236476,128886.5851595675,32367.64616722846,6656.309038602041,19850.30765234183,50869.63096298292,29061.18846109677,45914.74695524922,1795.113337795655,37391.99392717094,26771.89343504439,18600.53919538621,22535.91213533112,59195.48148166502
3560,19699.14627684479,16326.19607296287,76917.94390640061,50741.3357203315,75040.76519392194,42369.59109567669,14170.47375058785,20495.65192789049,26927.89062564383,135182.4430832319,121146.9952466255,50622.92746797801,47308.08030507374,36162.55660693492,137176.1618471226,60172.81479927017,42009.00251273745,35154.80306048806,144788.7397588281,32899.36868047616,6875.481649939903,21114.06964431854,56122.94514661442,31857.20315383524,49639.83475535444,2037.057755799,39605.83652770533,25828.99092700529,18523.34868980681,21793.72213346791,60240.36268321845
3561,21107.59356271211,17510.79094983181,81637.93133277976,50774.51300745006,75691.78469558044,44822.42657216145,15185.18086888182,20775.62500121868,31469.46854010506,137869.6030178575,127033.3073575882,51046.45488260104,53120.47471702036,37594.71039879938,140097.2070656974,64248.28423843329,44575.11980001174,37551.31853846138,176422.4369202933,38492.90690883214,7861.164024408857,23898.28477432402,64081.6332178311,33070.60924203714,51515.94610112152,2279.387454888196,41349.4305778579,27278.2275111595,17828.6341186039,21337.18680359652,60579.19218431348
3562,21623.11157925595,18096.04776508641,82366.86229810094,49082.18999007256,75558.01620988804,47268.71829590961,15883.01703431255,21062.04188665043,33582.53897988052,141201.0346357928,125510.1609694887,49561.65945902733,56819.97215498946,38788.53887195193,142966.2704767027,66283.31881568475,46609.27123849997,38303.47693019058,184484.7280569437,41084.78660454445,8488.357719558593,25795.5236953021,68767.3706113565,33775.9923234193,52956.32427872707,2323.974818940423,42504.78246553937,27658.33849594281,17275.43548179234,21570.66854487011,60824.6449619901
3563,22144.16229260083,18557.78059186612,86133.9015293826,49086.39107945566,76354.8125210958,48497.1988084779,16419.43234750709,22256.47962857489,34508.90784720604,142172.1751408777,119511.3067441259,51593.14862294881,59511.52361850762,37107.00623845896,145436.3735078546,70087.84021784281,47992.23081140943,39236.56085120812,191710.4836740431,41840.08865811318,8781.612135704167,27659.27793334082,74443.51801456697,32685.83415473103,50114.02012742639,2382.837702190293,42616.92470531771,28432.94925958435,16940.9432819533,21566.37775530392,61363.20449368594
3564,22151.98493338069,18237.4466897516,82600.75088605745,49698.80897576678,74991.17463242816,48489.66145144056,14851.98352120507,20568.44023203493,34792.90762798727,134984.9144615645,127198.6807852065,47478.98356002304,57597.74273210586,34590.80024959087,144247.2213499505,71862.3845735299,48050.39388772721,38885.73850805867,180258.7796198017,40615.77359721214,8781.617656010942,28783.40030281141,71118.68641603841,31000.74980836775,45905.05030942979,2294.72449493188,43430.22894405372,27176.00794711048,16940.9432819533,21901.55781744426,61498.11823400194
3565,21370.44298169068,17953.45991994269,81895.31313069507,47611.82504497834,73363.67146924496,47883.09946659145,14833.28893444107,19957.14525512779,35074.57659891841,127691.0989023696,130181.6972315904,48529.75614269666,57268.34084272669,34907.11606837485,144841.8130350828,72641.75028678688,49343.72569340288,37803.89509477933,173176.6833137155,39767.80407348937,9090.150080949566,29821.32231445814,71697.74218587347,30871.86903170305,46375.16260609852,2159.265265340899,43715.88881162911,27112.32463546196,17275.43548179234,22135.42273641637,61618.05542584354
3566,20861.73279265477,18158.22222901566,84548.49809486864,47138.01091730445,72908.68783165822,47871.9755353829,15197.42705913628,20230.0776355855,35331.95724934362,134885.3124551342,128214.8300972686,50027.25354028136,58339.89897245704,35800.65931653279,147212.3755325908,71911.83227471275,49349.54313159175,37387.91865389715,185477.0486799947,41085.44127721588,9112.38828839507,30094.35204332704,72561.45692646269,31845.90713158101,46850.43777106376,2119.573422464324,44625.96892542567,27074.01349511356,17378.35615889655,22364.63529701373,61460.64026752084
3567,20859.28212961785,18133.86714925409,88179.86384257252,48106.69981678664,73345.45414027604,48217.03288870979,15197.41283348533,20503.58360782221,35225.55253280597,140041.7476997218,127075.0910623048,51977.35259395644,58339.88438499968,36415.6072378364,148409.9473050046,71300.99839140884,49356.00789246107,37083.94232915472,186740.8797986249,41087.15907096844,9001.535621563518,29736.72066083179,73545.70108987637,32570.02500359227,48269.00983540965,2111.581488719692,45049.44363604955,27426.75741920658,17198.24497321463,22707.40981902637,61458.73019277562
3568,21381.675745476,18226.4734993911,89742.69636745715,49569.2149655088,74910.72742697189,48796.87578301302,15538.75211543786,21997.59991597069,35221.0329083546,141549.7673126381,120803.653257698,53740.80636524624,58541.78733902428,37664.64959508316,148411.7010082454,70396.63366684337,49301.07179264657,37470.8840000861,186881.2488640532,41700.63781061933,8708.812759968243,29534.7280825578,73529.7770411571,34251.69231368315,50589.47117950104,2118.560790982221,45866.61636853009,28260.09383324041,17005.26870476864,23558.62039440244,61508.07346789277
3569,21885.91824923957,18328.57564995507,90318.01554709315,53454.18859814928,77739.45792310507,49112.98225125303,16057.56966506852,24046.61254767716,34933.8772064158,143487.6923057058,111325.5297833063,54540.06919872882,59902.09612713054,39407.12760478396,147814.6120313604,69134.6019369242,48825.51175315751,39470.49179227518,186740.8690774047,42406.32751646844,8708.310135306805,29378.71183674535,73545.70210182085,35407.50826012561,51063.54732088797,2203.341004986664,44511.6149028751,29855.21267224974,17069.59412758397,23619.11697065625,62137.49687095555
3570,22144.16902378932,18158.04285653713,90692.67146386448,57008.20294408486,80027.34744859698,48796.14304502434,15972.33626431531,24318.81343557222,33380.98467492154,144028.5923524007,110515.9588384994,54317.22353592231,57952.75755534638,40293.72991185298,145437.684646422,69135.67825672675,45989.72336027506,40012.23510967071,171972.2610920417,42392.95702823001,8562.093959599382,28544.90187040705,70794.49370182176,34915.93377981331,49209.10488216314,2312.714725857641,43775.92812477418,28678.14416127768,17339.76090460768,23897.4416264355,62102.64839141775
3571,22144.19089323515,17837.42871866808,89214.29487330322,56605.99003081802,81106.75873753181,47880.35528130301,15026.75425098195,23502.18097921046,32931.28792621366,138345.1628080212,114843.6687908473,54833.54336900279,57556.05548732676,39425.51089205404,144842.0381710454,68340.16481008143,43955.58915711806,40262.75360007148,172089.8026706199,40823.18214559701,7968.666094145808,27495.50673872798,67876.41494778717,35369.69579458784,48254.48936565806,2383.267488798931,43900.0881170875,28426.33754364299,17262.57039602996,23279.85334378038,62323.77337013681
3572,22117.1897924708,17829.31511215687,86558.25328839093,56073.47325021838,79480.3361957276,46607.59466383434,15541.04784350469,22639.98833928941,31998.41829861878,139855.0253512498,114843.6660832536,57016.01348304346,58560.97511512556,36705.81550960078,146031.2315931961,70685.79487245916,46636.62458599977,39657.30727389444,174448.3967859279,42437.75150637268,8781.062824539982,26747.10177287976,67889.80708751488,35370.03104379508,49195.65568528508,2542.046537021012,44587.01171744159,27494.16955096357,17262.57039602996,23556.62753550157,62322.27608848381
3573,21884.13066785249,17773.1016673605,84938.43100191958,55388.89869667368,79192.75267518075,47869.45622236364,15502.69580654354,21334.11611324772,31364.43071175681,135998.1072855965,112455.3249941927,55296.92295409169,59670.27732818576,35412.54354510828,145979.4522721811,71862.38392549696,50114.17698788406,38356.53417726045,174448.5137913231,43198.42410538592,9071.09249800289,28306.86980119789,68848.54411478504,33519.91216365751,47464.94264068417,2550.27374915785,43771.22374588383,27143.85902861414,16838.02260484911,23049.19743718039,62161.12671270753
3574,20582.04684486505,17146.29194641139,83030.16500664449,53529.70826965236,77807.44902775301,49729.72238842148,14073.92007467685,19243.91472622288,30650.54317146914,135143.6577771115,107988.2745186187,53879.8565380049,60095.33991775032,32744.79077214078,144252.1956057983,71265.78174561722,48457.31710226955,36172.10155718476,169511.8082784081,43198.42176118348,9293.675933375709,28461.50018677013,65046.69350030027,30225.53327820655,44043.18381882335,2393.549516372889,41911.20979064371,27148.28660952977,16529.26057353651,22817.37305564791,62377.90001466405
3575,18537.13188109473,16215.12606461214,77573.25777756723,50456.29308264594,75084.8831391997,47691.25366410078,12652.5277492944,18090.44004944321,28750.95393283444,138258.1262355391,106384.9367181584,52700.12054175734,57375.573479808,30103.01153275888,140111.5935775707,68825.15574728348,46974.58208904064,33810.43125235617,164567.1914539043,40823.48014275676,9228.441651995785,26975.03390226421,59368.02887085098,28061.02174202419,42248.18187691412,2147.343855820439,39929.25641395802,25256.99360043643,16042.69504891758,22596.42429402169,62844.24143638586
3576,16875.61273393755,15308.23243860398,72705.11388876762,49047.93895256028,72439.21516012005,44302.63543813575,11577.4279012462,16530.21742747496,24154.8838362401,123959.2462582155,95819.80180144311,49732.17989979755,50235.44251743077,27972.94635123954,136941.9272907219,65075.50835442964,44093.22206058684,30957.07849109572,149359.359005081,36483.2502919246,8309.216570584556,25432.35939218031,56984.9102363654,23564.0183480948,39300.81914332257,1943.888388205776,35931.79404194937,24859.07716051546,16757.67732382344,22440.05671337644,61891.62497302968
3577,15976.20936757274,14740.31498722768,70847.69937675013,48860.40729427547,72267.21636230336,42672.79651281945,11063.82717201856,15841.47285091083,24165.25116527911,123744.6393135868,90438.65178462281,48191.75523719088,47751.77173346154,27223.63844866205,135425.1048112113,64306.72254074543,42893.81085402128,29901.470936239,144527.2244398177,32969.73562252499,7711.429887756555,24081.94058011795,52996.86635983346,22335.67924301907,38149.02419528407,1858.311933551288,34961.93641622726,24456.99356047539,16406.78962917464,22358.33734357225,61089.63430326254
3578,15332.68783867462,14464.46625509304,69733.53938094016,48482.25325759526,72302.02066283977,41843.86371597056,10967.66358947437,15290.38691371406,23349.99537313139,122210.1009007929,87889.12858465716,47627.08487840721,45678.71641392806,26352.95766718093,133830.443046229,62517.91254652909,42725.49571371991,28926.58615561836,138756.5761663327,31244.46798163033,7281.44028484531,22943.77269686485,50093.45671667766,22096.00382564151,37917.21243992155,1811.86665508633,33813.10325350081,24457.90105135153,16887.63572835151,22085.30542634032,60337.63364726042
3579,14948.08741601348,14255.92499042666,68641.21236919692,48052.32372719661,72020.59848633768,41545.57390769523,10608.1098281039,15015.91173049933,22810.58389853749,120565.4680090021,85640.08801472039,46687.42942743915,42784.7056237658,26044.14841045008,131563.3407720923,60461.39650050596,42573.51207235359,28456.5504518569,134920.352400886,29501.87172455437,6477.543996061144,22169.66210324762,48171.47200275921,21600.94074655868,37460.43839563028,1733.733544578978,33473.26928380333,24530.76107936872,16952.61493061555,22143.96007745034,59799.98422348897
3580,14948.09149941158,14158.62569343465,66728.403261144,47579.38573760976,71793.03017262653,41545.5739220337,10704.40650226993,14744.90964151595,22356.11689813706,119581.573745452,86066.24917063677,46537.12372970372,41926.37429582344,26044.31469622333,130561.3546573424,60167.37808759894,40949.70536272795,28201.11273717291,125595.5407436799,28045.0356960272,6271.377032377322,21421.1197907344,46718.43100703658,21850.38152023564,37455.75970636066,1687.464538218218,33466.44763193002,24377.8318709723,16666.70644125955,22069.87051908983,59601.11220782839
3581,15195.97239589173,14199.02241831793,67516.60949013168,47579.42310564347,72438.5638644118,41857.55502189547,11750.84984640752,16292.85590457333,22549.79482197125,120795.8763453122,89778.42245533936,48045.10627299804,41542.9117935248,28699.90967276888,132143.1477892908,59577.58091585076,40377.46118818334,27876.37027238674,123985.3428954096,27743.85191209711,6198.480003883245,20625.85902748687,46719.64837837606,23120.10336629209,39430.98755054396,1685.179103063815,34319.87764525135,24774.36042547843,16926.62325031568,22444.91054583356,59639.02268755385
3582,16258.73357622379,14650.04664141023,72550.8601298312,48548.30200832589,74848.96452588291,42749.74315317289,13148.71752694435,20759.47517221096,22919.58668628524,125200.7719078744,93555.53179416001,51815.726392817,43059.78558758369,31413.70218075772,133955.0778858504,59578.44553024755,39600.71872927076,28750.34233777337,122757.1804830818,28905.89341751447,6303.433175025526,20290.50081331667,49108.93634638495,26652.2809042165,43715.17014990099,1685.201827457313,35405.26330591762,26166.06291987597,17589.41111764912,22401.23842897704,59603.12663223388
3583,17780.16571135124,15377.22538433595,75837.29971043268,51250.76070928464,76388.77845585428,42158.24530862185,13755.58684229847,21318.28015330689,24135.6411056022,132247.0761950832,105933.1569360388,51014.70390334917,43612.56530971952,33708.92904920677,133338.7773978348,60166.86705975061,40799.65949649265,31234.12374530312,126311.2066499385,31237.08695794667,6271.825219053901,20072.88953520597,51105.68484422177,29048.90438687033,45771.45447355924,1833.340837062977,36913.52224540454,27017.51570545354,18525.11163267424,22530.35389330984,59934.64421262022
3584,19699.14632408613,16325.02852025375,76900.66965456723,50724.01709695805,75204.44042383443,42801.05774140005,14107.9141908419,20515.33612127305,26471.42955310128,135554.54792995,118304.7078307403,50654.57014363028,46408.06011829738,35898.28628792648,137007.769579949,60168.31320069509,41954.52083996541,35015.06223178918,141950.4132275637,31823.00288324801,6489.437217309198,21245.22909815394,56544.62239751364,31862.09678605318,49428.18731028506,2078.5584987576,39280.82090094898,26098.41104563945,18447.13659177467,21972.23060385715,60766.89248237898
3585,21107.59360995314,17503.72925328534,81410.81173103342,50757.47819829857,75866.63847672564,45241.51317617882,15137.3872682515,20798.1006631413,30552.90800683878,138309.3144644844,123786.5097179908,51087.9626630475,52568.32929924933,37317.05163901213,139961.6175746703,64274.81318442937,44671.2237028242,37496.60556795474,173061.0354790406,37986.63719460651,7468.101065149915,23828.02994941092,64784.52694393363,33082.95760388693,51269.87221318228,2324.166653970313,41145.2749726816,27511.07045243141,17745.36120247704,21628.91824527039,61036.77030735117
3586,21623.1116264969,18086.07402838323,82107.33524276152,49050.67824859086,75730.57307386439,47675.45788609123,15845.37830507552,21087.37326507295,32451.90690845657,141724.5619958736,122368.0346885592,49568.58231782365,56489.24354507021,38499.71964748293,142862.9000161174,66325.34247513556,46824.74375579869,38275.4503790532,180990.0136428484,40842.68250460727,8090.828843322254,25588.01977466931,69635.83264994278,33792.67430466469,52683.8196050275,2369.357236353836,42380.71193180812,27881.58784355324,17186.5400624006,21804.49538473552,61232.27353702469
3587,22144.16233984166,18545.50942863458,85706.89613263776,49054.91527608162,76541.05104647284,48897.7379664958,16389.59950278668,22293.72013575776,33284.42693638851,142720.1355489273,116781.4246356041,51647.39038672808,59341.88573596803,36833.90676434714,145360.741829358,70158.83142881206,48288.85852934117,39241.6399186436,188096.2887120459,41674.96530357254,8381.995148751968,27316.94724893771,75512.54403445049,32695.81859713715,49893.67143141145,2429.016470116101,42500.62749102311,28636.64826213851,16848.64820941611,21801.26873174772,61661.2364064395
3588,22151.98498062155,18226.76939977742,82330.8254062845,49672.57208503038,75153.99835077934,48890.23865228501,14799.34125210229,20588.85016042722,33539.65518700026,135352.0496604683,123940.5186034407,47437.39523563136,57313.56408777352,34341.22344117367,144158.2357213708,71946.88713050353,48350.43474673737,38878.3704735588,176833.9428297819,40325.86746796156,8382.000629751537,28359.74892812399,72070.23108542577,31000.38169994112,45761.93576015522,2339.711187412604,43370.30721913186,27411.43080056857,16848.64820941611,22053.32251631917,61768.69525130879
3589,21370.44302893166,17944.19565217703,81656.75062273604,47567.73510560406,73498.54959234934,48286.73812946288,14780.37462279631,19971.46027347583,33792.78875810586,127874.7280642993,126718.5407125693,48512.64316815243,56964.44732736949,34654.58219233594,144759.5045567992,72732.1869190524,49719.66219262607,37758.14348663847,169868.9516116318,39391.47248610402,8688.33615729583,29322.58611205037,72669.74751675209,30870.70912623982,46223.4215463771,2202.419342412087,43675.76805916223,27349.35478741823,17186.5400624006,22229.1878035591,61864.22526968938
3590,20861.73283989587,18147.93913318844,84191.9779575993,47089.86774755219,73035.75350384545,48275.67034337029,15149.81166435603,20247.11392332051,34024.09461675342,135249.9417544406,124886.8376418443,50045.02135089065,58100.13875749818,35539.77218197571,147156.6880153425,71996.71132551572,49725.82101126641,37327.40829032497,181965.9258765184,40843.40390182949,8710.416018142918,29575.86446275729,73563.98120880112,31850.73136510989,46689.97546281355,2162.190512258172,44648.93183752128,27312.01057917105,17290.50678662882,22401.55453981709,61738.84403692043
3591,20859.28217685895,18123.70523607429,87661.8972548888,48066.84327051155,73480.01945655255,48618.98611049373,15149.79723169425,20523.34688393489,33928.46957935365,140536.1084117528,123825.4220262501,52040.54351263204,58100.12329697417,36148.9712836531,148367.7082884915,71381.2265649756,49732.66513894854,37012.64695039218,183208.8590790676,40845.2967739403,8600.352674945543,29244.10466833973,74583.00317376938,32579.29795631739,48082.51688124908,2154.09045637984,45101.76037775935,27655.85162486859,17108.56501847224,22659.31932145789,61737.32266166802
3592,21381.67579271699,18215.85080830435,89155.2479976384,49541.86946625165,75072.16979928745,49195.90240034953,15496.10366307443,22032.25926574145,33924.40783029536,142082.0684826639,117984.9604698471,53845.07291598906,58314.11024573734,37386.33701110959,148369.4816854825,70469.97602509164,49674.50526434719,37413.31722930754,183346.9070899604,41521.30155921775,8309.714139145286,29056.72453471023,74566.51645632739,34271.29682420191,50360.39800744756,2161.164180978251,45975.57675046888,28468.15552140198,16913.62741168015,23299.42555456955,61776.62459884461
3593,21885.91829648047,18317.44493306704,89704.9891314754,53460.07700270762,77949.47197214326,49510.41340436132,16022.47101558731,24101.70155602785,33666.34337947982,144068.7499780788,109158.1782384483,54662.95275356192,59755.83420836543,39112.5255246866,147765.6875141952,69198.33521027316,49171.03828442843,39483.87067962282,183208.8485351265,42298.9154963308,8309.215093410146,28911.99473701904,74583.0042214704,35434.21368720368,50825.77490226031,2247.091378669795,44526.65118225942,30023.01527136661,16978.60661394419,23344.91868712946,62277.96057595458
3594,22144.16907103015,18147.76065320677,90062.98826617311,57044.49407002571,80276.64648097356,49195.17336066302,15935.99730333127,24376.61641997107,32270.77172406861,144623.2585981141,108404.2414016909,54434.91640948987,57689.82672918936,39990.83946038799,145362.0676917594,69199.41972515361,46168.83940458349,40044.83493441324,168684.4449579035,42284.18228155657,8164.040046315002,28138.50382834746,71734.58317513131,34939.6191504731,49005.36128427486,2357.944806511434,43739.96909371353,28875.65470743653,17251.51926466464,23554.21748127829,62250.20374890479
3595,22144.19094047598,17828.74178295349,88650.33864158129,56638.84043706894,81374.59216767045,48284.00779472762,14976.65523539932,23551.84173841724,31866.63298085281,138796.8389241313,112434.5490267436,54963.26273503526,57269.38184014019,39130.73695642385,144759.7322209954,68397.84925469015,44015.33759834851,40304.24176743985,168800.0429429042,40554.41519448168,7574.837669095271,27165.02350701889,68713.39548979647,35396.16891550722,48068.26286056695,2429.452071268086,43872.73543527948,28630.20341881776,17173.54422073628,23089.79408163998,62426.32987756497
3596,22117.18983971164,17820.66854700675,86112.38168813521,56101.76825580504,79720.24258579548,47017.67110160169,15498.43279844286,22681.0526159801,31028.2707735127,140344.6882918739,112434.5465052172,57196.56851081054,58334.44642002117,36436.46655330686,145962.2800566187,70761.33889846937,46853.70225969483,39677.3143346986,171119.6368301242,42333.54223426768,8381.449748944147,26470.75927361038,68727.26083444139,35396.50622436469,48992.15887872347,2590.379226572729,44607.27424810534,27721.5623467063,17173.54422073628,23297.92693432087,62425.13729216554
3597,21884.13071509337,17764.73480131737,84564.57488471402,55411.33752741377,79427.72101483696,48273.16374592061,15459.52266486494,21362.16020484331,30458.51138053287,136390.7335321311,110210.3333743796,55437.43569030175,59510.14093611094,35155.28469757638,145909.919263785,71946.88647753654,50535.32531441328,38330.39008593666,171119.7519007918,43171.74294722971,8669.414273390606,27917.69135435644,69719.87438068587,33535.02088070581,47293.20423369128,2598.717743902909,43734.93862324578,27380.09328630167,16744.68148518791,22916.3419561733,62296.78175379138
3598,20582.04689210619,17141.04387374317,82741.14825643963,53536.24270523591,78018.63054112179,50124.04070795693,14009.95547144077,19251.11848719321,29816.9465612224,135514.7868193606,106050.2607744508,53987.36194526215,59960.64373837923,32512.47132023548,144163.2658371554,71345.74178033198,48781.23713733465,36068.45426224824,166264.6766436964,43171.74036410503,8890.412808993837,28061.13554700593,65783.6871746061,30220.40251884659,43934.23432084749,2439.873203443698,41745.9948137487,27384.40911982271,16432.78131250327,22742.01114321245,62469.44177027456
3599,18537.1319283363,16214.51115873444,77526.84900562289,50436.53606959473,75249.3159112601,48095.86061818402,12567.87912740367,18086.14310345711,28109.80144680038,138707.6125874089,104557.1051254164,52780.14669069375,57078.09789245264,29895.38866378916,139976.1656443053,68886.53290339907,47211.49187460793,33622.99239854114,161401.8208914821,40554.74356365394,8825.643026678532,26682.20245250073,59904.36961886221,28042.59300398743,42172.17047290795,2190.336649242983,39626.65915598907,25540.85031823828,15941.27051855661,22575.85874378678,62840.88288795164
3600,16875.61175891815,15362.28355355068,72474.58934663821,48524.78717720582,72562.95333070261,44850.85684130288,11704.30811136098,16515.41730405025,24132.87894440228,123240.4664565644,95430.06279170695,49815.73108996779,50473.00867819622,27806.37169156345,136647.5979726636,65312.1886453571,43869.3468021207,30897.75678477232,146285.6676653179,35812.21896002798,8152.080212384475,25294.69448168993,56698.26871678274,23120.83517079559,39236.23293657419,1944.20785365423,35993.19902779868,25005.2201988678,16700.86752985575,22325.62654297913,63393.20340523882
3601,15976.2083925562,14792.02316682826,70499.07448121236,48325.02041765883,72405.77102513783,43379.61851271123,11218.40164995381,15827.40973089137,24143.1114807664,123038.2830470751,90029.03289681723,48232.2487522044,47903.28704712193,27017.44290005384,135089.6083430755,64517.11143039231,42663.15567023129,29837.9174137023,141326.3285059622,32487.03044025302,7526.800568108959,24015.24207641114,52783.77128889904,21842.14917604968,38059.34725613335,1863.882217162521,34993.02454920167,24612.92128558407,16369.74548457047,22266.37364734013,62536.22524051139
3602,15332.68686366008,14515.0364246833,69314.07263055143,47922.19453104265,72437.5771788512,42631.34966012259,11127.42337938057,15276.91349302018,23338.45538198913,121592.5786276411,87470.09085326022,47651.79482836275,45758.40732658771,26100.72343885279,133451.666839634,62667.12663230262,42493.88909302824,28859.12442571626,135403.7695268948,30854.23801077884,7077.035202513014,22936.88651528321,49933.90555720373,21592.64999604379,37822.48570720167,1820.286737894366,33808.27992375275,24613.80669270958,16823.50532355899,22068.40428295782,61732.6645928026
3603,14948.08644100021,14305.63482600372,68152.29197489098,47464.21516954825,72180.39755259118,42362.08661078302,10787.25739843294,15002.73201686552,22806.05716174585,120043.1530673649,85212.74152921613,46685.87429598614,42764.12878691859,25775.58538428055,131123.0345309537,60540.28060926453,42341.04633200953,28387.20439979093,131466.5582412663,29205.04578764751,6236.166712255929,22203.45652148543,48047.36557620227,21077.29538173311,37355.76128473482,1746.947735268942,33457.82305829407,24684.89367514339,16884.8242204106,22110.93346458624,61158.15190354131
3604,14948.09052439832,14207.93412214962,66117.86034789994,46960.42135409066,71972.43265587867,42362.08662372623,10878.36158409024,14732.01991849578,22357.49899498705,119116.2161635955,85640.477075698,46531.3672802219,41876.0591626034,25775.76046268778,130093.8541246376,60236.20717720901,40708.06071178894,28130.74266300942,121896.2735191398,27826.29690139876,6020.517870592666,21494.25115967969,46621.12117757957,21336.9601782875,37350.98067477123,1703.517712364011,33450.78816788895,24535.68599232,16615.02107483512,22057.21277535437,60945.64447493752
3605,15195.97142087766,14248.49750314527,66956.1832490681,46960.46116012162,72562.35813955983,42643.70865691195,11868.37883577445,16278.30977407521,22548.65878080245,120260.223130454,89366.36444605929,48081.50068234568,41479.31097309983,28571.77439551613,131718.5777353563,59626.23976579122,40132.58180611194,27804.69834089822,120243.6876618166,27541.25671944394,5944.268216067269,20740.7824673953,46622.31609847924,22658.72510058497,39369.23693591075,1701.372507422081,34330.89561454346,24922.56504185904,16860.2966622416,22329.1459488277,60986.15423965643
3606,16258.73260120636,14701.38242023754,72310.52764051127,47992.55249100662,74765.11965949125,43449.0774296544,13190.87099653617,20740.14945618534,22913.6427303364,124410.1205385923,93157.42776736994,51957.51650258385,43048.73934716695,31429.06315007325,133579.6843171164,59627.13394879301,39351.44864629666,28682.17406551808,118983.1942166855,28641.01221697149,6054.048315561905,20423.04779877436,48967.54145075825,26335.67874476748,43746.74628526498,1701.393837487446,35450.20942766662,26280.40051714836,17485.74941412954,22297.48026921425,60947.79701585229
3607,17780.16473632894,15431.5611286963,75805.9295574209,50871.3273199477,76172.28939978036,42915.13859271452,13765.01683547168,21298.35647805522,24113.88640155366,131048.5162696891,105580.7802496574,51134.10397549719,43620.6710292402,33845.65391781659,132946.6571949521,60235.67867292197,40557.16667958461,31175.91268335999,122630.7791306843,30847.25261366898,6020.986669938227,20216.87229921264,50927.46644178161,28830.53449696604,45847.8247624278,1840.443302481866,37005.61514741592,27111.13323656594,18368.74153107939,22391.0990177658,61302.0446877073
3608,19699.14534905777,16383.27441293395,76936.9119625294,50310.21744917213,75089.97379755502,43495.39856473287,14098.34606466719,20496.27165058862,26419.30567957241,134164.5194041721,117998.036044343,50763.90382122152,46513.02033959363,36150.77702486572,136715.2272471436,60237.1742698673,41718.55612086516,34972.0085422191,138681.683457568,31401.76315131765,6248.606917708633,21327.60377023424,56266.10054961294,31759.03339966847,49584.21596649568,2070.614847145125,39446.91337067808,26214.39494830156,18295.15885657236,21986.41624668141,62191.35502721836
3609,21107.59263492034,17566.83785902928,81733.8232925501,50345.86164837996,75695.1281243017,45698.37182736341,15072.30811668815,20778.73361522093,30447.71806432383,136759.8132855644,123500.0896533961,51209.4104509677,52886.72214810538,37644.56192959908,139749.2438214763,64484.11081864897,44450.61572079331,37463.50011651142,170611.28415884,37235.02357021401,7272.28074688831,23774.67480625604,64354.0469593241,33029.93458880043,51466.02018329233,2301.152925342786,41369.64855325175,27592.67735044216,17632.9147660018,21737.48809900159,62479.73669032734
3610,21623.11065146244,18151.58508919154,82474.63399615698,48527.70519273704,75570.78380328999,47895.46792764283,15742.12301342411,21067.69667585104,32322.02679352975,139977.3531062856,122076.3742737528,49647.56065758954,56943.48289760018,38889.76545604054,142729.2681930428,66604.76534769856,46616.30900098347,38245.46723199672,178748.990460342,39937.98341822123,7923.648558854313,25442.17469227585,69115.88617072323,33768.7409996456,52910.76904348956,2343.570694436434,42643.70412972249,27954.17821711599,17105.57225250625,21864.79517376546,62688.64435631371
3611,22144.16136480555,18612.91588363425,86303.06647633186,48532.21865600869,76311.4447727922,48998.80720530569,16256.9988330131,22272.75267357381,33143.72266405523,140915.2931888025,116469.1253004318,51784.47519850586,59894.95955504591,37135.86997428628,145294.9024013625,70569.35427043252,48088.69999270351,39215.53012067411,186042.3362378315,40725.65544146018,8228.205968903698,27080.24459751291,74884.22080075109,32626.92761466341,50059.84020634773,2399.5693443444,42767.36813847245,28690.86427356063,16786.71398773455,21862.45559952245,63147.01853250457
3612,22151.9840055854,18292.86089733385,82712.33437884462,49190.17316014032,75043.87695594374,48992.03765382807,14752.49014495969,20569.70702473544,33395.63251911303,133973.7437020609,123654.6675023305,47456.80301455747,57796.36337724989,34511.38191670304,144059.7598114629,72418.55898024616,48150.62428268185,38850.80436777828,174483.5122428136,39448.86992691623,8228.21170198134,28068.24558264876,71505.3900751861,30861.99852752308,45838.0986931127,2315.743674021962,43664.23325097794,27495.46242513345,16786.71398773455,22045.21418697132,63261.84515971038
3613,21370.44205389802,18009.12139576776,81995.3997653306,46948.01060156096,73531.03351809715,48447.26412638967,14734.54623015109,19952.97778683238,33645.47492901341,126929.2821317376,126442.9526111212,48562.10608532393,57435.15089418992,34841.3100277146,144677.3473161617,73230.7149249556,49527.59157607543,37726.086512349,167335.1695743272,38564.55898503565,8548.635985750403,28980.48431915232,72093.85038331126,30727.01096325086,46309.63749822423,2186.875811017908,43979.24251450947,27434.89702903807,17105.57225250625,22172.73019127141,63363.92507524346
3614,20861.73186486381,18213.70541760434,84691.82496005794,46438.96581155386,73108.10407253818,48437.2733531549,15084.06256718388,20228.33646857782,33873.77342334659,133877.5467937444,124604.4825791348,50137.31702945015,58610.19021625486,35773.30589534214,147139.5912630184,72470.08709315222,49533.78520873978,37293.62454534409,179750.593311249,39938.6661481903,8571.731327170195,29220.45253651011,72971.59285451418,31747.20213538279,46786.35483783641,2149.115349913547,44982.82649301882,27398.46159045928,17203.68248804047,22297.70947414645,63229.94723385435
3615,20859.28120182689,18189.37154389326,88382.37282068479,47479.68200935899,73514.09962376802,48747.18085846485,15084.04891275696,20504.27384119115,33779.3916719004,138857.698762979,123539.1457175331,52188.61767039534,58610.17422007551,36414.71740244328,148383.4790958226,71833.55361327653,49540.66802430005,36977.60136133335,181026.2463835323,39940.45756140596,8456.606032380003,28906.12718562577,73971.82228636627,32505.63105176848,48209.23141631835,2141.51229897305,45449.81003484462,27733.93527940367,17031.98957514103,22484.60897842025,63228.32154739583
3616,21381.6748176833,18281.8972613674,89970.67557836702,49050.94312902711,74969.09736127345,49267.95708048322,15411.68188338675,22011.57158441981,33775.38273239583,140314.1636439824,117677.107423212,54043.58695747183,58831.57509758059,37717.51087981055,148385.3006234955,70891.13957741647,49482.17938871613,37379.87788394669,181167.9284697917,40580.2281509228,8152.600664749171,28728.59414140848,73955.63961259971,34266.98119241757,50536.73396678106,2148.151992484872,46350.94109963738,28526.47179627342,16848.03288458617,22948.73575667756,63270.31817311919
3617,21885.91732144517,18383.91051124286,90555.37101118753,53224.7857215208,77598.54009620592,49551.86283133906,15909.66656897004,24078.79943111301,33520.67355249626,142185.8367112598,108817.7159254004,54884.3280262481,60323.24995107416,39534.97445286177,147765.1192443435,69576.01042247511,48975.8664552928,39458.73195850561,181026.2355620251,41316.16159074159,8152.078667272964,28591.47009802473,73971.82331474595,35477.56343280189,51012.24864449852,2228.806851048354,44856.72345750577,30043.49410247789,16909.35178143778,22981.72181423431,63806.02762931555
3618,22144.16809599403,18213.52620130603,90936.1328755044,57043.06040085689,79725.2448138722,49267.29898408291,15827.85567358784,24353.420117508,32143.24667050001,142708.2449845982,108060.9937783766,54649.91765099805,58185.66225488383,40459.73068387894,145296.2642481833,69577.13202625007,45956.69701180679,40021.94505816043,166119.4811134592,41302.2180836735,8000.226837158756,27858.62722385761,71175.93209473247,34962.69656535301,49152.1790868613,2332.858510872525,44045.45041405554,28924.05450750421,17166.89114935786,23133.47971002797,63776.36768986688
3619,22144.18996543986,17893.19122325331,89433.6624710988,56610.94076572233,80728.61016648302,48444.79948215401,14920.24304186741,23529.52800079686,31744.3624091271,137219.1150925557,112106.1907902553,55193.03221870911,57750.65036319599,39554.14884403362,144677.5811592524,68748.14896502538,43791.0220814998,40282.39182504959,166238.1221831591,39665.16738059254,7383.926301503881,26936.30466178278,68210.46035230995,35437.9592904762,48194.66688566287,2399.978217788979,44182.36690873391,28684.57626521916,17093.30847199263,22796.73664290675,63964.56968795681
3620,22117.1888646756,17885.08468128679,86734.33409991181,56038.82846065788,79216.7712188267,47301.69076699838,15413.88542761989,22659.67068177473,30916.90031732953,138677.3598995328,112106.1882594133,57488.76295881605,58852.61585197034,36717.4144577826,145912.7666092924,71192.46665419904,46645.43119894284,39652.95110821689,168618.7787322105,41348.93231814683,8227.63548547271,26278.52498972905,68224.06999594222,35438.31042487403,49138.68907974914,2551.031170740066,44939.86672586469,27798.04693371003,17093.30847199263,22947.64914050061,63963.29533441959
3621,21884.1297400581,17828.92018172732,85088.1127911074,55303.35205862621,78949.44833323477,48435.01067419626,15377.0733978781,21342.18957496071,30354.54875256592,134952.2984590731,109873.7580958405,55680.45917176692,60069.04423250753,35368.48800222458,145858.9847242437,72418.55830494853,50347.86540603749,38300.62718620715,168618.8968320815,42142.20505222218,8528.843860604171,27649.41875575879,69198.37802613259,33500.52693452855,47402.72436062778,2558.858051564332,44040.26269573093,27464.88750790054,16688.60375220032,22670.97036848169,63826.13925785276
3622,20582.04591707501,17202.65622612636,83148.74686774293,53305.92069212711,77661.7411386527,50105.77769648132,14005.6694542197,19233.40681511223,29721.32535250987,134127.0600529942,105698.3167112118,54189.85322428821,60535.15544310775,32585.93151670117,144064.92644654,71796.85529854971,48583.86187483598,36029.62350709447,163636.0130735825,42142.20260755426,8760.006396834775,27785.32475445289,65334.78094172266,30050.04973346631,43970.58255605579,2409.759927937527,41989.14634126456,27469.09831580232,16394.27304559766,22544.56697731771,64010.63749408595
3623,18537.13095331161,16272.30111361589,77602.90579881614,50003.98033810066,75130.98357591651,48274.9610194399,12641.35243998228,18069.67803404144,28036.3759893182,137135.0540431521,104199.6448152507,52948.89410444858,57552.73906946783,29830.46630630004,139764.1867313609,69253.54491211269,47005.24329526806,33574.35805197097,158645.1440006017,39665.47814901237,8692.257770762468,26478.85653235464,59563.88820277814,27782.97664724145,42170.13386143853,2175.534490285927,39803.56220988896,25670.40243672594,15930.44925851871,22424.09357172332,64407.54601101881
3624,16875.6039652546,15264.73258915424,73757.36398823553,49143.32224538497,72546.9694502687,45046.03098501816,11801.38284754246,16730.72963787563,23873.16891979563,121512.7179741899,95347.6382155039,49833.02842566075,50510.20806496986,27375.54244188745,136215.109746344,65285.12563193125,44065.66707072316,30871.89953192953,144128.5379317743,36042.50181209636,8156.040470976998,25501.21308976583,57965.78730558787,23003.27230853184,38779.00152468758,1899.380101947977,36190.91721581661,25036.75850898341,16674.10811041094,22475.20737528637,62157.44545757819
3625,15976.20059891605,14702.66950869792,71697.96965769153,48956.95343718868,72397.45635571962,43620.78276287882,11324.91576293476,16044.33503222069,23882.14133391414,121332.3895301945,90010.07970011317,48224.86749578954,48115.05316998057,26556.68993856199,134768.7458049297,64442.50526334902,42826.88404342788,29798.03376824418,139463.1582555574,32739.66697473089,7497.246121915125,24061.04615193778,54263.46778217272,21692.12967988819,37578.5574964823,1823.046221223157,35162.07777425366,24609.03738153462,16351.20718636272,22402.92279153216,61279.87421488094
3626,15332.67907003665,14429.66436024223,70462.65316595294,48581.14426568518,72427.7106292545,42895.90438586214,11235.70486580623,15495.12937976945,23176.57748500601,120042.958171349,87481.20962148199,47635.3671902598,46115.87975770203,25605.19972331035,133248.1583223609,62481.89710718792,42653.04379756321,28806.28699205835,133891.6525762146,31117.8510427371,7023.373537110832,22847.23622829227,51568.07361422395,21436.29751150476,37336.95456371493,1781.617204785294,33943.37841236697,24610.00273555714,16793.70104441778,22161.41336070797,60457.00410544631
3627,14948.07864738674,14223.2728409526,69251.54383062165,48153.88065098877,72183.07926544455,42635.05835235351,10902.14705973081,15221.59069568345,22709.743345555,118661.0173826508,85250.38802981448,46654.39277426313,43325.00902115,25267.72932955864,131086.3661383025,60227.87228278196,42496.07114771596,28328.12136349981,130187.8152457326,29479.74556520497,6137.434877893169,22021.67865075272,49783.78995277288,20907.8617528686,36860.88746979125,1711.922759482462,33582.8774663159,24687.50844165001,16853.49751142119,22213.29612792577,59868.68594821444
3628,14948.08273078488,14126.97655271384,67130.73115954037,47683.87526482526,71985.26135487664,42635.05836489214,10991.48142587607,14951.51325576026,22316.42447668868,117834.2774935528,85673.0969488336,46497.47776471898,42497.26788294721,25267.91104861056,130130.9236882145,59905.61620177234,40818.96142881273,28068.26549633484,121184.79883497,28110.26536087982,5910.227356314399,21223.38860886528,48434.85242516855,21174.11756963639,36856.01116381068,1670.650977108933,33575.64095621615,24524.82820940807,16590.39305716362,22147.76046729285,59651.07199271584
3629,15195.96362725778,14166.95684839451,68004.64887083971,47683.91240114647,72546.40329958599,42907.8770471633,11962.26628075383,16494.17798367245,22484.04320777305,118854.623311118,89355.19874202595,48071.7700153701,42127.47165417417,28169.97652380818,131639.2403038579,59259.17462935878,40227.93279158312,27737.90615649853,119630.1682230638,27827.14137034193,5829.890754956695,20375.27523251809,48435.98257764859,22529.43258973594,38914.6679359495,1668.6123774125,34480.97224921375,24946.64009226558,16829.57892517728,22479.50081586987,59692.5552020075
3630,16258.72480755887,14613.3316931494,73586.33629648262,48646.78345999031,74641.68807235463,43688.070432022,13259.06727909799,20945.55731229842,22804.07990495853,122555.9385883725,93101.71055678032,52008.19359081337,43590.28537182594,31135.64094697588,133367.0036983408,59260.12228173306,39425.69301808976,28626.99479092341,118444.3891682423,28919.50372760882,5945.555017896701,20017.62928737647,50654.08944028241,26299.71762159192,43379.80422248862,1668.632647487369,35632.36555415247,26427.07988119934,17439.50289251421,22440.8707971093,59653.27625891928
3631,17780.15694264193,15333.01432184951,77230.1513933155,51332.48470053713,75980.19943767953,43170.82223144779,13822.05957441553,21502.45567155778,23856.5152814859,128476.7585796774,105379.0673057725,51171.94816915769,44123.36450045688,33643.89190824881,132779.3312350283,59905.05609456667,40663.99016341969,31153.73667123012,121875.7674180931,31110.91260517481,5910.721283091855,19785.55567789021,52507.78041655118,28857.89980428992,45522.94110708032,1800.772095605279,37232.34914337122,27332.82273015011,18300.57201959319,22555.0794310952,60016.03645796269
3632,19699.13755532095,16271.04703936699,78409.15479834593,50809.00733062441,74950.69198525987,43732.9435937219,14148.91344169976,20702.25125473283,25878.02546654203,131255.9381283133,117650.3990137154,50795.97844083136,46819.23028021296,36036.44729093269,136277.8935686071,59906.64112357471,41856.76093573057,35000.07177612529,136975.2716918183,31661.69542862699,6150.541872704917,21035.80831313522,57557.04399378644,31860.73221588003,49334.12564480154,2019.505341975341,39743.61488195791,26355.11440954223,18228.81626086142,22061.39342056577,60926.71681355433
3633,21107.58484114689,17437.59714860968,83409.74080762283,50842.26094569304,75526.31973004031,45867.05311558998,15103.95499043956,20984.05101448859,29410.34461691366,133570.6943614012,123087.7940410831,51248.42829699354,52759.95276986137,37586.89078068053,139094.531168389,64407.5313172879,44662.64217003272,37524.53687449385,167012.2797275397,37455.74157439545,7229.084153938905,23790.26075392568,65206.59861699626,33163.89243872741,51253.59893931792,2238.586907117825,41721.4555825998,27857.8473588941,17583.01441276498,21757.71767028062,61222.0282519107
3634,21623.10285767563,18013.93882887666,84182.00599768282,49146.04455553354,75408.04239495948,47995.46919199147,15760.75784535607,21272.33662904859,31053.83490180694,136440.4350133639,121680.8097628996,49662.23705498329,56541.12900679524,38879.32431302152,141861.0449587981,66654.99441555118,46886.85357973242,38316.85289574119,174667.6322594244,40140.53069143549,7915.364984624181,25667.21857960938,69710.33137056674,33921.45182668867,52727.26810727852,2278.896739296272,43032.02554400787,28251.98956278959,17068.76479597815,21913.02381707789,61435.95594294693
3635,22144.15357100522,18468.63814426159,88172.99198443869,49150.25530997873,76112.56516655319,49064.3186865603,16265.63151998086,22474.56748902494,31774.34009889775,137276.9886953325,116139.4555975058,51832.45543583953,59292.10548535345,37058.90436985074,144242.8585057558,70856.6534701365,48399.02932192029,39299.75403454364,181528.672827245,40922.90756519774,8236.24653345169,27511.04966675289,75166.00436864315,32750.65601821214,49819.27070849725,2332.112554937731,43159.23375860078,29055.19390511313,16757.82316644549,21910.16969242297,61905.34479318454
3636,22151.97621178484,18153.18384355288,84429.79903080156,49764.08214013063,74906.84429252197,49057.76074756385,14790.34990654477,20775.51446671639,31995.22761492175,131085.784278397,123240.5553347487,47437.336426589,57336.07147487092,34334.87066867529,143096.2104982154,72816.43489116001,48462.62683758294,38930.20133640808,170654.9856656012,39654.70528066545,8236.25257381969,28623.15539844224,71970.31675049149,30940.92808485607,45513.02034585327,2252.452573398316,44081.8029915228,27751.85451504489,16757.82316644549,22133.12298911472,62022.93068986112
3637,21370.43426011777,17873.52300438082,83682.42369878986,47672.29687629345,73467.81524184128,48530.01654299744,14772.75457605557,20160.23109112396,32214.30228870807,124802.7920340254,125996.0733036168,48559.86565958575,56999.39693531368,34677.31280353807,143669.5495503505,73677.15524460109,49876.80048477657,37790.59845721728,163930.3533037921,38776.33914637349,8573.851453587868,29649.98223646928,72526.88068434614,30802.51415791759,45993.99819448433,2129.988755949083,44405.84040870779,27685.82043076604,17068.76479597815,22288.68401602196,62127.46357297993
3638,20861.72407109676,18075.1661979165,86493.33788422198,47197.39268779221,73065.52129434988,48520.33807587632,15115.48109516071,20434.94422095557,32414.48614937399,130999.9857510218,124179.2084527475,50159.62628604608,58094.61330039209,35644.65885239436,145955.3804647967,72871.04422553921,49883.16147253301,37352.41309334112,175609.8661809434,40141.20883173127,8598.184694812511,29920.09333348414,73357.04679060464,31848.6006409512,46480.25823910047,2094.104788389707,45438.18706632231,27646.09509291693,17164.43914374106,22441.15041185115,61990.2662608417
3639,20859.27340805992,18051.18211566928,90340.58473302658,48168.31016122673,73451.70758306363,48820.55804186472,15115.46770598913,20710.23468497007,32331.72737588272,135441.8094285488,123126.3911293734,52242.89647322568,58094.59839086774,36310.39880751318,147110.147142549,72196.44801609861,49890.23026525638,37032.20751587015,176809.9062923578,40142.98820211634,8476.888736538127,29566.28495718413,74303.0606842561,32626.28060863316,47931.61729622811,2086.879568534818,45918.55433890569,28011.86002268346,16997.00903445916,22669.1553510968,61988.60150934121
3640,21381.66702390274,18142.3778062622,91996.32610536664,49634.18998478624,74835.713330496,49325.05508366941,15436.73597207733,22213.99871378418,32328.21213155516,136740.8380995396,117333.2418551944,54126.7754799223,58300.95902896127,37662.60665154044,147111.8381627549,71197.68054130861,49830.16123711035,37439.80794755887,176943.1903256693,40778.45791410753,8156.58881935192,29366.45163818081,74287.75516161085,34432.33875180648,50305.71070544414,2093.189304687774,46845.51178614715,28875.95778350163,16817.61963344891,23235.35908871513,62031.607308721
3641,21885.90952765153,18242.92464908593,92605.84744105443,53528.10142093386,77336.8607645326,49600.08609584384,15925.04664535391,24276.38014385344,32104.87002354745,138410.1931309085,108577.9634267107,54980.61950880738,59691.30119049106,39549.00579492591,146536.0910801643,69803.91073831025,49310.16747174208,39546.1745152708,176809.8961122837,41509.44401867293,8156.03884304821,29212.10317406609,74303.06165689442,35673.64896195094,50790.74401384171,2169.836046903102,45308.46992255091,30529.95800935859,16877.41610045233,23275.59988056959,62580.18979605709
3642,22144.16030219371,18074.98955779379,93002.77628142151,57090.29216261601,79359.79968496549,49324.41755900307,15844.82503500728,24550.35700849364,30897.07129570891,138876.1318115322,107830.13406486,54742.55584491704,57698.92443960584,40508.8376110335,144244.1227799833,69805.0994105153,46209.41854046745,40116.84143130332,162786.7234660856,41495.59424726126,7996.047823846147,28387.2064654086,71658.71641465023,35145.71333055886,48893.44045273837,2268.716894128725,44473.94582416643,29309.43980382727,17128.56126298157,23460.73439949154,62549.81713197809
3643,22144.18217163954,17759.25929012246,91436.51166514597,56687.15391488702,80314.20901426715,48527.62894219422,14954.8439811711,23728.39642751385,30547.30906169265,133980.3480535029,111827.7930627512,55294.13485998238,57293.46384451435,39568.90746207225,143669.7666392243,68926.54573113639,43985.22597647404,40380.73506826309,162898.3322142589,39869.54866803638,7346.713859546599,27349.0291526514,68853.98244039826,35633.03955550761,47916.76121960192,2332.501109552583,44614.78634043637,29048.33812772972,17056.80550146258,23049.9302999371,62742.5416005116
3644,22117.18107087597,17751.26927704137,88622.57103569845,56153.41202163558,78876.13544287057,47420.25318102363,15438.89670954423,22860.57840521371,29821.74774524778,135280.9642498109,111827.7905616511,57625.64459248697,58320.57043949751,36624.57702509291,144816.4544360935,71517.02604351066,46916.76267423313,39742.96404887379,165137.877912408,41541.99444385219,8235.645472368049,26608.62448252948,68866.85439912464,35633.39960268047,48879.68040896575,2476.047536288842,45393.99607385619,28081.7605707961,17056.80550146258,23234.03348939707,62741.23662441848
3645,21884.12194626449,17695.91212376596,86906.45191682676,55467.26253002844,78621.85572782865,48518.14612702587,15402.79980225314,21546.18600598845,29328.64897289386,131958.5624016963,109621.5952875113,55789.15836822117,59454.36421498498,35224.48639990219,144766.52587575,72816.43417548179,50719.23852915175,38372.74286168313,165137.9890120363,42329.93437749944,8552.998479527958,28151.71891024323,69788.35191149986,33646.42973696395,47108.96595905963,2483.485462875935,44468.60942602964,27718.51886809896,16662.14881868259,22896.50382686613,62600.78470450919
3646,20582.03812331526,17078.65050738934,84884.74139602741,53603.79483363792,77396.97811298975,50136.68588489117,14058.0371971992,19442.34708425631,28773.40613059005,131222.5279364087,105495.2225119919,54275.32130834283,59888.81148514002,32336.38880689202,143101.0069580452,72157.55525587435,48907.57072894295,36071.68369482039,160450.4603174125,42329.93194926591,8796.55122265297,28304.69632867961,66134.17377503484,30108.36975502534,43608.12114318208,2341.796720871407,42358.70815393372,27723.10988643275,16375.12577539386,22742.30011383454,62789.71641025242
3647,18537.12315960495,16161.66894487651,79103.42643083524,50523.30892141304,74989.70082183066,48363.09953704626,12720.22384857263,18281.34655325208,27295.95587610827,133905.3735623818,104014.1625853229,53015.02182504562,57108.99709207925,29476.41004880182,139108.4034597229,69462.16278970547,47286.29707567169,33583.92414843308,155755.4196292154,39869.85734730597,8725.171301010307,26834.12006415725,60676.08132548102,27783.75200069473,41771.63190768257,2119.211038375613,40110.48526349628,25762.00267128321,15922.81783765358,22595.33058799234,63196.16258913803
3648,17263.15162243836,15514.72458165106,76107.06084763956,50224.32310868079,72496.10292078352,44729.00750866269,11875.56432621214,16456.26458221962,24188.17841038364,144023.6646557983,123267.6997249863,54311.06328319092,49079.54165307331,26942.74954894074,135624.8634400172,60474.7216426959,44513.65594478017,32773.95210657508,167092.0487547586,34769.73659124359,7779.58264746475,23787.02078252712,57268.61297934571,23558.77853458268,40208.33852809868,1990.083610344765,36501.52524678809,27149.0012589604,17614.99494236272,22667.714439082,61942.37439776617
3649,16072.60277206785,14751.78313683125,74521.31723070034,49481.42573942601,71660.50043412106,42726.34250796385,11433.78369519307,15588.68703277728,23738.10786311139,143261.0361822049,116550.4865128277,53917.1736175358,46172.47030919764,25588.34114904833,133448.3932473933,60185.44072697296,41952.70313019981,30501.76060930412,158596.3868218454,32792.46029681659,7191.258181321459,22444.16489952625,54250.20574026138,22289.20814718893,38538.27865780402,1854.082827604756,35448.90730948377,25283.49786687731,17389.03594637059,23097.92341196062,60954.10933946712
3650,15599.70149625696,14530.44919419066,71446.84534422241,48375.94304440466,71497.17967040646,42283.12702952796,10890.49259089967,15265.05461176424,22680.16993343537,139045.4464992572,111532.4491889212,53146.95716270847,44919.37381502836,25388.47683115356,131988.7080532991,60457.0828658287,40721.77685342519,30177.91826295104,149511.1333323614,30289.74722475587,6740.296947062785,21529.97906982437,52246.15530664025,21886.00148576948,37715.60844670296,1785.44724158148,34509.53655629119,25157.63516762511,17033.88669332522,22947.21441384694,59560.58857188297
3651,15430.02345575859,14343.57098937621,69450.33477522088,48396.87264877107,71456.45888103827,42429.71001971084,11016.0131853357,14952.05851371882,21982.79958322662,136390.5885714873,107533.6994284184,52512.26137292901,43344.55767745899,25198.10726814066,130750.0825350306,59999.39998869783,39535.51971234736,29405.10720114886,140004.2658006425,28829.56606542643,6371.660157289477,20878.53514344985,50199.63570106765,21277.47538036588,37050.82906416527,1718.756216461519,34519.12826887533,25043.30352974185,17102.99902216994,23097.88461307344,59160.56689247737
3652,14948.06846324313,14125.96284449336,68432.58911689014,48191.25358532178,72345.92320113427,42422.05309490639,11133.04927792407,15248.28092519009,21969.77041289489,135292.1478952211,104189.3358958144,52509.3143688979,42913.87463037061,26165.26523355986,129018.4408845443,59853.38704952501,39415.18252244846,29129.14831656109,135280.7507935278,28102.28673738342,6109.815506973503,20416.3756498296,49195.39834723133,21283.37884785702,36584.94219427983,1654.672972957629,34051.12869509172,24605.11379795998,17060.3351180366,23241.3542578887,59156.09730390536
3653,15406.22247491495,14232.49952787825,68360.93594999808,48191.35128771546,73493.56474210613,43200.81052287242,11507.03494893786,16434.44871935098,22883.55498396133,135196.8293232987,101933.7267625241,52510.30753825021,42774.43176465249,28234.84548609048,131035.0598939329,59695.15359669059,40003.53045589049,28252.92252058497,129461.1573570244,27494.8237727455,5963.55071748924,19940.58561571368,49169.3159502569,21886.8016708242,37555.53900753643,1643.409280998951,34531.71282817001,25721.1189919422,17666.05697825842,23456.62940089162,58877.13319890518
3654,16382.14596852631,14556.3226655417,70702.33137655942,48263.14594979242,75231.61822075855,45062.58584740324,13050.04063381125,20121.23085182282,24339.08759764613,136664.1600637434,104187.240653444,54281.919945567,44205.84242567758,30047.20183503366,134933.8333025194,60781.06572381175,39953.65362167956,29115.54302045647,125859.0041012999,28934.01213907733,6149.224799777537,21250.2386633251,52647.15480480478,25688.98875786411,40178.04673254269,1655.21217706913,36462.502773542,27495.4829126804,18052.29676940252,23528.23789366509,59107.47962950772
3655,17545.91083089286,15544.66323885625,82713.40897062267,49059.98660991756,76634.80526697816,44258.76416092356,13857.61240794924,21210.3076395228,24945.47254467638,132669.6487450106,97675.69776854555,57548.5878384032,47877.49562710043,31309.59136709506,136921.1036958453,61887.71248168591,43209.06770193554,34613.4147113069,121650.9450130313,31998.96813523877,6421.67942454488,22821.96094188105,53240.5892778374,29018.17908758557,44417.36731831323,1799.542730906993,39600.09607670224,28862.9625840248,18387.8146007515,23126.69789279222,59003.5210796159
3656,18941.66355646297,15984.86165003804,80637.8910621581,50225.03409003521,76303.13995572376,42515.37501059049,14191.84068965627,20515.55345877491,26012.92610673845,117542.3596761376,92971.01587285749,55123.30955016006,51800.56444814763,33345.61277693129,137067.9714671356,67535.52399029893,45393.77508634407,33874.68135268499,117646.0529933733,33384.93383615677,6687.99970287669,24162.95310695591,57930.22469665101,32886.75337926938,48657.46958185345,1989.584433058851,40490.35109535221,28555.82221010284,17382.76166610834,22532.24139331306,59678.44195660522
3657,19985.35602098492,16694.38121592081,81234.44191705156,52257.37928264408,77095.80558084598,43863.32711181207,14227.67207627024,20586.65844413906,27969.49642169692,116775.177004221,96382.91575653914,52487.86396219383,54818.09174307832,35104.97159407557,137067.971456678,68884.72369202337,46515.47978749831,34178.32488104904,121838.4551191236,35872.97055639802,7372.016659752087,25598.59644754632,64226.4577904374,34077.35837099726,51191.8537478409,2192.533472083707,41095.62967468837,29334.39514416509,16573.96641732472,21903.57449564855,59844.46006448761
3658,20620.49795190541,17191.05222505243,81906.49826792591,51043.16617883612,77648.35871510232,45219.94010141792,14329.9067661997,21531.10289313301,30050.8228741746,119462.3937095502,102391.7535296814,51676.91706530422,56541.64287565331,36265.01670034456,136263.5574024573,68202.75595731798,47609.18286789524,34176.3977007178,132676.3755595403,37555.917225508,8004.770702420237,27289.64559675224,69157.73213032585,32855.39341659971,52204.12080365639,2312.292639950391,41284.68190414726,28517.60258639683,15929.24809233346,21591.34638502055,60639.52411249581
3659,20929.76242545163,17344.05390783784,85303.98542098847,50224.32290209483,79312.99198013308,44863.72784628384,14697.69807019485,22621.11258806202,30579.42182554715,119929.7183760823,101720.4917790856,51784.59224147019,58244.55831010659,34797.85252156748,135053.4163737458,68789.388804231,48344.97954735848,36347.76305428561,142351.1729251722,39215.88429378023,7960.420597049578,28259.21869784125,76019.71249619577,31609.81301791186,50655.23800720477,2346.361977665033,41560.38897404341,28863.12160550428,15948.15528676078,21662.37977382151,60411.56305972671
3660,20628.91095742823,16937.0074838435,79051.71575563807,50224.6305896696,77955.92838775234,43938.84545520887,14029.26010990335,21217.90958940867,30226.81805291492,117268.8680820977,97680.8635647172,48099.68045634984,54794.06341020846,33548.69636370325,129381.7657948091,71521.05134080227,47474.01945453863,34871.21949938332,147064.1605348848,39242.25907274696,7762.392662729546,28284.852885129,71481.85926832442,30217.54891376878,46395.03076635824,2310.746054087935,41156.72575358106,28370.48198665173,16636.25371578253,21950.69951319756,60461.67320804895
3661,20318.66308543613,16378.84317435243,69821.72645691251,48550.52738977225,77043.240523362,43507.90617577913,14127.26271422386,20275.32656227519,30195.81580841774,120068.1819847504,94262.09841759411,47200.79348437401,52520.48852796334,32731.47786360002,130194.175946533,70322.53218588738,48357.30662006611,32773.91977675028,149268.4236251315,37825.97411366949,7812.043380937705,27129.85120344406,69290.88807532456,29897.30434868822,45890.34994389551,2148.125536515892,40927.84036644465,28130.59639914333,16989.40055329026,21664.04353762411,59454.77708137291
3662,19860.22836183934,16224.99239463171,72433.55048105422,47839.32257113598,77356.89707355667,43079.6915067568,13570.61550442843,20414.05546503394,29810.8886926705,120311.5519512843,90273.96617542556,47704.22937314372,53022.98483326685,30352.62572066504,133445.6829448595,68361.67294576413,48394.37578746505,32352.78263563087,154132.2816026575,38103.83986354429,7960.760140499596,26922.61871216185,70403.89224567686,30030.15964831616,45862.43328689981,2128.862524365753,41383.26781386624,27928.57271531325,17120.21893772587,21663.89353863587,58953.71898035781
3663,19558.57207035917,16188.83692777306,75591.8561829052,47454.10758957166,77795.4278309794,43215.87286894183,14028.37594964966,20900.9632882182,29281.45605030599,121329.0557345439,89532.88674912961,49248.82905672723,52982.65637825789,30036.62516276534,137098.7779531729,68237.25660018892,49574.77475375153,31931.52752992417,151776.0986570103,39215.30679778037,8006.052454766243,26130.06697792907,71397.71252908363,30418.16759254151,47405.44870913742,2088.495969675457,42319.57334517281,27343.77074759622,17033.04445605399,22094.550833731,59276.09376596262
3664,20319.40535867678,16654.57868588698,79127.19160776562,48192.10054744784,78148.85713289668,44556.66214609324,14818.43651509566,22235.94703459619,29356.65016081911,123906.8118836842,94310.3721402578,51676.10808871019,54239.08179364274,32663.80205637178,137871.2517596626,66812.23662092543,50072.30305707991,33053.60210360554,154132.923426992,39500.69608170348,8049.151692869853,27189.15165666105,72408.40952345541,32432.74845644939,50435.32162791709,2129.320486151118,43185.29010071216,29810.36113706058,17003.61855880944,22875.48866803915,58078.37405209117
3665,21206.79601468124,17233.29643596508,85108.82642747878,50590.8972650276,80221.91996025584,46743.29975130265,15575.76939225019,24981.17227403089,30566.30592794212,127820.3863094101,99026.6122327005,53534.93713089054,57382.82460766502,37046.45512535239,141483.4372239019,68030.64119927188,52019.12999302153,36154.82872923582,155211.9465405618,42261.81223527066,8371.521307108156,28488.27214485603,74425.71474507455,34280.20886918819,52704.67800945012,2193.904745303214,44309.20761288343,30453.53907985721,17380.70100654979,23887.21795373267,58028.35806957487
3666,21861.80834642578,17958.50116299361,94877.15977574403,54377.64327225992,81529.84545793697,48370.16023806045,16289.06227458913,24343.39219168766,31560.56593507882,130183.0564605502,102390.2206432941,54861.46814016379,59689.12810327792,39143.2360799553,145919.8465660976,73409.35851455074,51515.11329667835,37880.91498719039,162380.7184378989,43103.14651391032,8504.03888363421,29216.60313014477,72532.10593150469,35708.16134664103,51479.2990728222,2257.765436458991,45114.13077815499,30899.97830650697,16665.57269237539,23747.4010012031,58583.15636191989
3667,22151.96602562599,18293.35933242927,94488.79656523136,57258.35203304348,81172.65975145267,49135.44873823804,15967.16691190845,24315.79200171319,31484.44302637726,129751.2066020094,101094.341536801,58972.85880414908,58665.45466482607,39767.22056813151,141568.0707677588,72233.39101854984,53532.51323506529,41195.88815136351,167094.8343943837,43940.61691797664,8871.733342408495,29864.08599147864,69407.3804190573,34712.4480883282,50928.43004986389,2278.358990143305,47220.74783306601,30860.85417662897,17504.06177194626,24159.64572735007,60037.03455160562
3668,22151.96602739658,17985.57681124741,91516.15042375278,55584.11338620966,81278.29742820129,48105.90727696801,15590.47513776735,23403.1278223912,30882.50944679019,129320.3155220629,100949.5758306689,60216.31425605744,56966.67859481584,40155.42212855453,139005.7441082811,70774.58909609105,52350.89015120702,41756.14945605839,165915.2789748181,43939.42006577968,8864.27676443011,29954.89954369442,70390.0341606052,33264.48186228933,49173.37813123786,2451.801359382041,46240.87184556003,30240.14101288951,17007.52121211729,23608.63126259546,62350.77099078157
3669,21845.09572688558,17981.17255982537,91553.42610001963,55214.58484636674,79930.81851291147,47295.26195074511,14800.29257832786,21997.65941525349,30194.57505645997,130116.5012464587,98590.30705767318,58201.8064606586,56384.43778830738,39023.39525749083,138274.6093977456,68902.39719160924,51088.54973650289,40652.45318075122,168270.1863005709,43298.21399705602,8685.455779156895,28973.1027511646,71796.50978190699,31637.55781827985,47401.76500037512,2473.196447017074,44479.81848550117,29138.33264528549,16743.55604994107,23313.48732195181,62605.97723029215
3670,20753.19221774888,17555.18424593797,89397.63992434973,54223.53891860222,78794.44925862296,49999.57232117993,13851.19688396189,19806.9422321193,28841.97255648504,130131.3623146711,93640.12260185754,55994.60136290263,54793.66509052961,35471.31695636536,136229.0411874885,66164.9795588146,47728.96974300141,38280.81360187419,171846.4629297481,41969.33650167921,8504.389710527996,27760.69835381217,65692.6978411564,28415.98120693099,44377.81731025742,2415.618237447243,41749.40536172137,29541.15538029311,16553.4466840748,23378.27167649832,61866.34435106178
3671,18952.13905571903,16577.05350149637,84782.20706318971,51918.76795400956,76549.93724515283,47769.44799900478,12566.10592232746,18405.94646510377,27111.53156546487,122132.7518912621,84289.86697636859,53577.43673273856,52073.15480034224,30355.6560444539,133357.1659388362,63430.16523107052,45839.87119120571,35311.54094645703,175097.3117835398,38182.26019845192,8141.980436676964,25441.2077194371,60302.0242566286,26200.55010362895,42101.93836836571,2175.937210271597,40058.76201339568,29608.64374012624,17432.4551358551,23319.21847574846,62124.12967700873
3672,17263.76049639048,15321.71136600018,76803.57656959158,49340.27948216718,72631.92142207752,44338.81958020412,11907.62783972261,16927.33666122742,24141.81479800955,148487.6948500831,122115.7917611702,57234.06231630127,49260.542464939,27365.39799485233,131693.0522444125,59824.12281318292,46434.659440435,33578.58846217551,178535.614868383,35978.57686219813,7986.893669752563,23867.62693727526,56531.75132112335,22397.89299520056,40369.28255822139,1972.901923619521,36784.81533336447,27222.44848703768,17637.20787382443,22737.50132808329,60812.22653463951
3673,16073.21164360292,14562.683846853,75279.82993113878,48501.6916440526,71782.10402644878,42505.91606163453,11454.78767314919,16039.85599965956,23620.82731440851,147703.1319348919,115391.8608851115,56768.91767946159,46095.68272033663,26081.95329088379,129656.653709975,59508.31553954039,43894.90391548663,30943.7459221286,168047.1132494559,33879.37148505032,7380.169598308848,22461.7292623439,53675.61054961115,21072.05599371623,38654.4791044274,1828.768752665847,35617.80714301769,25505.26010952733,17407.45254791351,23216.26072703612,60244.62491693683
3674,15600.31036683194,14342.48535779961,72325.5590439694,47253.81490944931,71616.0049203698,42100.27097889418,10897.89582028875,15708.79912147031,22396.19170310592,143366.2950012811,110368.8051871986,55859.36842136463,44731.46623529786,25892.56078539238,128290.9098555138,59804.8666032843,42674.16615161861,30568.21701469961,156830.7187312548,31222.32818101867,6915.104737235967,21504.62601045881,51779.29580535939,20650.97944982151,37809.76823841477,1756.028990037342,34576.35295161818,25389.4040005354,17046.33644354169,23048.54374784134,59444.26813477509
3675,15430.63232598904,14156.56584700874,70407.10499146399,47277.44039582818,71574.59140650251,42234.42845324711,11026.55869706923,15388.62257432471,21588.93776015127,140635.0790195139,106366.0564086413,55109.85563039146,43017.00119148551,25712.16556083148,127131.9988818342,59305.21531706543,41497.72779207178,29672.06215121174,145093.8115561871,29672.10469939724,6534.938983733661,20822.59935887845,49842.79498814412,20015.48382474669,37127.17834959508,1685.350066497124,34586.98701621883,25284.16218720608,17116.60992642941,23216.21754957333,59214.51909079128
3676,14948.67733249511,13940.07404219445,69429.1495962062,47045.33613347763,72479.18690983547,42227.42058902088,11146.52467099743,15691.64062945157,21573.85560313015,139505.0453937362,103018.3482881165,55106.37551085703,42548.12675492094,26628.64966467847,125511.8009433685,59145.81334572746,41378.38664640033,29352.05910160562,139262.2948138349,28899.9775665229,6264.905249853955,20338.74329825924,48892.54440120293,20021.64893045056,36648.80962296017,1617.434861120183,34068.12892314577,24880.81029958502,17073.22922739705,23375.87819184243,59211.95202066911
3677,15406.83134509711,14046.0641873581,69360.29781523743,47045.44642063503,73646.35163353018,42940.16447246267,11529.87269865381,16905.02032025733,22631.62382884218,139406.9853038646,100760.4833943539,55107.54834537897,42396.31860844629,28589.79507307914,127398.6358787401,58973.07026928294,41961.86475893873,28335.98409001556,132077.5909423456,28255.05529370742,6114.066089336804,19840.61679698174,48867.86416705399,20651.81509860793,37645.41028214507,1605.49763836351,34600.93916661293,25908.08859694986,17689.12780136429,23615.44780700862,59051.73136331669
3678,16382.75484068981,14368.22609701968,71610.15294465472,47126.48874619832,75413.97212804464,44644.12122105904,13111.50598517875,20676.38098776853,24316.50251796961,140916.5188751045,103016.250950363,57199.64692443554,43954.66150519592,30307.1937232496,131046.494913179,60158.55790307432,41912.40076079994,29336.28234467755,127630.4753964785,29782.99145814102,6305.547052054571,21211.75289424416,52158.73798308585,24622.51288474024,40338.17919685988,1618.006307819358,36741.55220410186,27541.38345725189,18081.85679497852,23695.13754181531,59184.02887352825
3679,17546.51970541906,15351.49643647883,83151.6397982959,48025.968154998,76841.02958686237,43908.43772085457,13939.29450971647,21790.44230559243,25018.43462519504,136807.1188808687,96498.19608569125,61057.25778143044,47951.90341596097,31503.4408518101,132905.8700290041,61366.68148293822,45140.86941873547,35711.63681113466,122435.3258120938,33036.9484928749,6586.522582965525,22857.2613401108,52720.27002942557,28099.25097500851,44691.07798301934,1770.967342094579,40220.11451336882,28800.14300069724,18423.01165076123,23248.28249788841,59124.32116596834
3680,18942.27243382286,15789.43660900514,81157.26731444143,49341.08204298055,76503.72212843635,42312.83181234441,14281.88986165081,21079.74975672058,26254.08523270596,121244.7442492326,91788.80919244952,58193.24461484017,52222.85555932485,33432.78571989301,133043.2857929438,67532.38360028688,47307.49373854211,34854.99859143075,117491.0004889456,34508.38000707942,6861.171918283396,24261.2078029039,57157.79547323031,32139.27820771264,49044.77938935019,1972.372897215134,41207.11545781642,28517.42152047843,17401.07285366775,22586.73972603515,59511.95622235675
3681,19985.96490046375,16495.31630597917,81730.49513645507,51635.20776196376,77309.87223916216,43546.52099567272,14318.6182511354,21152.48596282952,28518.94937690908,120455.4961495296,95204.12120493424,55081.04470757279,55507.96608269896,35099.96362311883,133043.2857831591,69005.30164030343,48419.91396584875,35207.10486702612,122666.8204345077,37149.84193953287,7566.581223683427,25764.24894091221,63115.54955400941,33382.65011356284,51647.06377350771,2187.457604430198,41878.17096095144,29234.09477826484,16578.6890615839,21887.12580572687,59607.30730839453
3682,20621.10683267369,16989.43936935861,82376.27645605589,50264.59536801482,77871.82516892874,44788.13690303525,14423.4122841161,22118.59692887055,30928.22729478362,123220.0016001973,101218.9682190096,54123.39683625175,57384.3553941419,36199.22862186201,132290.6416134171,68260.79911938455,49504.56434490933,35204.87010084322,136047.0075208995,38936.56780440363,8219.124388353695,27534.68618377586,67781.72365911139,32106.52838991167,52686.45108790867,2314.377966707793,42087.76790240848,28482.24051040935,15923.13884448055,21539.66177776805,60063.94557161864
3683,20930.3713068478,17141.65614627968,85640.93385297988,49340.2792489714,79564.77645682597,44462.11997281224,14800.41087498055,23233.61255576493,31540.11678450659,123700.7672880918,100547.0351616251,54250.55054217862,59238.27910960813,34808.93593373836,131158.3819455923,68901.22477466745,50234.27075389359,37722.79423286991,147991.2360734855,40698.89702739925,8173.387251708946,28549.77692117574,74274.81102071713,30805.74459934602,51096.07123619191,2350.484535936083,42393.43665201132,28800.28937933022,15942.36369808124,21618.71150632292,59933.01808284588
3684,20629.51983821361,16736.69788967962,79633.1058639468,49340.62656889589,78184.62708414302,43615.63781614957,14115.239239945,21798.21865194699,31131.9537680078,120963.3865898613,96503.36704800566,49899.03512167263,55481.80700559544,33625.22882193378,125851.7432578992,71883.37413640418,49370.51969407129,36010.58829628338,153809.7559916272,40726.89821164653,7969.166075326705,28576.61453254024,69980.90811343615,29351.77616763056,46721.72620795472,2312.738900225849,41945.9064820166,28346.81658942009,16642.02284696584,21939.56902867142,59961.79841967166
3685,20319.27196559165,16181.39698947811,70763.97656924107,47450.88696113438,77256.41296760048,43221.2283061811,14215.69524129291,20834.01181067874,31096.06654667224,123843.2133364968,93081.18290635526,48837.53874185708,53006.61986018333,32850.82816403337,126611.8689182182,70574.95368365505,50246.49579405729,33578.55097237865,156531.076257565,39223.27779701428,8020.369599291696,27367.39007340176,67907.72127750951,29017.33855146994,46203.52417650905,2140.394224058836,41692.14762804635,28126.00286989011,17001.10289328016,21620.56303106635,59383.4962065553
3686,19860.83724106414,16028.33547152915,73273.68749256038,46648.07389973511,77575.40530769389,42829.3124474228,13645.11292620835,20975.9232956844,30650.48704670622,124093.5830211142,89089.06226436306,49432.04660553603,53553.67569072454,30596.61504440371,129654.1178350863,68434.28840999753,50283.2581358586,33090.19862357886,162535.8564235314,39518.27818613865,8173.737414240478,27150.42883329254,68960.89148881962,29156.08191996606,46174.85958748077,2119.979348736933,42197.06735477153,27940.04088058092,17134.11915323995,21620.39610422387,59095.71775449839
3687,19559.18094897152,15992.36548392439,76308.51458881605,46213.24048671153,78021.39616114936,42953.95001677435,14114.33294562504,21474.00127997512,30037.63250256101,125140.3518765315,88347.24170891843,51256.06566856046,53509.77105656808,30297.17121156891,133072.1096579479,68298.4633874775,51453.88680937468,32601.70948256194,159626.9802423632,40698.2839200093,8220.446226976268,26320.66991833682,69901.28501631951,29561.28614844524,47759.21486861425,2077.199010192044,43235.12322003634,27401.73301881526,17045.48005586879,22099.6544199554,59280.87096646238
3688,20320.01423883381,16455.71796480571,79705.63087665074,47046.29219035382,78380.83784985694,44181.08355278442,14924.17188590262,22839.61091242746,30124.67483549141,127792.2485064751,93129.50490598068,54122.4415151127,54877.61165931905,32786.69820413292,133794.8691667883,66742.77253447913,51947.29701592059,33902.87174084498,162536.648801527,41001.27178320285,8264.893375995522,27429.4744492127,70857.64798016721,31665.15205330029,50870.26294425206,2120.464695092814,44194.9192755949,29672.21956246996,17015.55977505873,22968.72352762928,58592.9708515702
3689,21207.40489663986,17031.4668654726,85453.40488729619,49754.07099900602,80489.16672757201,46182.36472513542,15700.46383299649,25647.81441332744,31524.93423472677,131818.3837303508,97850.46155494926,56317.53429149729,58300.13003006449,36939.72388764266,137174.5842717427,68072.90185572885,53878.00985003666,37499.06680158294,163868.7799247875,43932.65263919866,8597.344967109131,28789.58352489959,72766.50494865206,33594.49082672183,53200.4190243785,2188.910875164302,45440.97531881317,30264.26227476334,17398.9775730334,24094.62962270805,58564.24459807282
3690,21862.41722971424,17752.95125797442,94839.83087930818,54028.57684478562,81819.34208948998,47671.31984711522,16431.61328812062,24995.40300667386,32675.85828941723,134249.0081373823,101217.4337996329,57884.0358739615,60810.94804197134,38926.64482801848,141325.478464197,73944.8344952759,53378.16495562239,39500.64347578122,172719.1409966715,44825.86794081183,8734.00697624637,29552.10677982231,70974.69459658946,35085.72931949633,51942.21021994494,2256.590220313158,46333.37121402026,30675.20778926689,16671.83441075372,23939.03389045595,58882.88827123453
3691,22152.57490950353,18086.09158917365,94466.65129958534,57280.34139789799,81456.08009388167,48371.73653398343,16101.65959748625,24967.16964024606,32587.74080897078,133804.7375709487,99920.25872708706,62739.18056054515,59696.49900589926,39517.93589411933,137253.7710326084,72661.03363383283,55378.86665163867,43344.69989557141,178539.0539395168,45714.98110136155,9113.200927735888,30229.98640996771,68017.95111270067,34045.8866342477,51376.58253200448,2278.415199066398,48668.91887084741,30639.19418490045,17524.41091873329,24397.80172133354,59717.91082462589
3692,22152.57491127409,17779.8880068729,91610.22513018321,55390.44889667057,81563.51483320771,47429.46702499585,15715.53772212156,24033.56801561368,31890.96146443307,133361.4533591494,99775.34824553588,64207.5781475759,57847.08171849911,39885.7977863202,134856.3486962976,71068.46311543309,54207.02399270739,43994.38119264753,177082.8085020898,45713.71044506804,9105.511148353185,30325.0633005921,68947.77840014297,32533.74739530174,49574.50995653639,2462.228837138526,47582.55765428669,30067.83021147402,17019.52799672094,23784.60355348719,61046.78563891343
3693,21845.7046101401,17775.50634946886,91646.0434590739,54973.32245071291,80193.11318800686,46687.538309895,14905.57373385308,22595.85673253471,31094.63029130256,134180.5386865333,97413.72004547327,61828.64420082424,57213.20993751735,38813.08301835793,134172.2678124627,69024.59575690965,52955.13210920315,42714.53048421766,179990.1098393633,45032.96429385069,8921.097610436316,29297.1750176081,70278.64333914864,30834.71903297483,47755.43246738378,2484.903278869967,45630.12684155558,29053.62003575272,16751.12796423434,23456.15169744695,61193.36116860317
3694,20753.80109878655,17351.70337576617,89574.54091395214,53854.62275351256,79037.41251027287,49162.61027227733,13932.71837951269,20354.88226720226,29528.90025843237,134195.8271833614,92458.58507307187,59222.15384795119,55481.37336439162,35447.11446409977,132258.3467674712,66036.1635705928,49623.35973080448,39964.36754258641,184405.2788410319,43622.14133919936,8734.36877510673,28027.85301150773,64502.9660481977,27470.36403788773,44650.46836679059,2423.882086521389,42602.99385668414,29424.41674493463,16557.82457694703,23528.24716871688,60768.55932497647
3695,18952.74793310019,16378.59048827531,85139.55518733663,51252.98088407681,76754.71782686765,47121.52865576332,12615.45645296304,18921.74623116274,27525.79629418553,125967.1636485491,83098.97856460701,56367.72210699776,52519.61822194234,30599.48659556841,129571.2975410388,63050.57340608188,47749.89745661529,36521.18684461802,188418.6840041762,39601.53432448397,8360.625300521566,25599.47143223822,59402.0895291782,25156.74632896581,42313.61497644825,2169.868942124263,40728.62466295359,29486.53950901775,17451.60122182226,23462.52962984719,60916.61613099094
3696,16885.80867612708,14846.53256316172,75163.11061447806,48695.51388673044,72454.84575493172,43924.49391096508,11802.22271975763,17600.38462122704,24339.34824978479,128990.3264397025,94409.7789912018,55984.92678526949,51990.8357759191,28811.40358381932,127321.7153989138,65822.6990595543,49485.61016273833,33816.87285165895,151425.6986695489,39664.97966287858,8727.083977823127,26640.91994023952,57223.13440382328,21401.77392532775,39434.07453163368,1832.993255838975,37748.38209534407,25370.95496209428,16806.94855158745,22933.98514265729,63342.64239122924
3697,15986.40527918491,14284.54212307125,73362.34807065866,48487.23996573967,72270.90652353955,42513.93585415568,11312.88448331137,16834.94418822043,24351.10548883911,128687.2630978906,89001.76981606631,53415.10229478183,49344.58435225573,27999.34903125047,125687.9106331706,64866.9335419167,47801.07403774954,32452.44467838253,146041.3867061233,35699.46130597986,8000.391757362815,24949.87653217562,53376.21642118988,20051.71799437889,38191.45324096849,1749.297044600313,36556.70306386569,24952.65303153727,16530.10170715813,22811.31117514203,62362.09510273405
3698,15342.8837284087,14011.57225747714,72282.17044994174,48067.25954921592,72308.12699467695,41796.52886565723,11221.26366734544,16222.49151309948,23426.55132424882,126520.2207390133,86439.52107471238,52473.08691923007,47135.82720696231,27055.75789868147,123970.2633629266,62643.05937612749,47564.68060348091,31192.35492792806,139611.3152509523,33752.24288104574,7477.68004716513,23524.62143423622,50575.55045235907,19788.29300253735,37941.36165727947,1703.872238756972,35145.11402813602,24953.59712670904,16909.48441918656,22401.44618688534,61442.66769293206
3699,14958.28329267218,13805.20741198266,71223.15989757302,47589.77692113699,72007.16803740755,41538.37139635684,10878.69522169463,15917.4518652557,22814.82291941315,124197.7053092263,84179.25477485971,50905.49997445102,44052.37499461832,26721.08911707501,121528.3147829538,60086.36921838661,47351.22425682737,30584.80910873866,135336.7187479582,31785.46656265388,6500.433153084592,22555.25207655549,48721.57948633525,19244.17383923155,37448.56808024021,1627.455830199734,34727.55478528213,25029.39601623599,16960.75235298612,22489.49628788499,60785.31505216735
3700,14958.28737607044,13708.92356896197,69368.69231751909,47064.52880901754,71763.801564824,41538.37140876614,10970.44284203563,15616.272061602,22299.42718480308,122808.2708525887,84607.54304671199,50654.7514162927,43137.85745340367,26721.26932753152,120449.0522379955,59720.84132283342,45070.63770953634,30254.64245463644,124946.3427589467,30141.21271495234,6249.808753229788,21617.90024768163,47319.95761129964,19518.33184212465,37443.52044662396,1582.203423497346,34719.17291635428,24870.2982984867,16735.17344474602,22378.27589916546,60542.1658198076
3701,15206.1682809779,13748.89869763663,70132.85790618157,47064.57031020711,72454.14924522638,41808.37812363026,11967.45221414314,17336.59146328266,22519.07080192885,124523.0830387506,88338.24505661946,53170.45410858,42729.29356515442,29599.24243186544,122152.8384043443,58987.597044488,44266.93837851632,29834.89577323493,123152.1444764222,29801.28249226766,6161.192353729708,20622.04588059992,47321.13190321881,20913.87115357415,39574.50754400343,1579.968202790582,35767.7955437757,25282.82111676225,16940.24517994424,22941.27152881758,60588.5167556747
3702,16268.92949744109,14195.21585343603,75013.56166375175,48140.61373600772,75031.88380294587,42580.52998306563,13299.28464087617,22300.59568579408,22938.43931359858,130743.5824351298,92134.2072386777,59460.81816431959,44345.46164304717,32540.28649834222,124104.5104470128,58988.67194547057,43176.02750100536,30964.5505423616,121783.6375608111,31112.81733837042,6288.777419059236,20202.09816338277,49625.86954763399,24796.05418799388,44196.52513500318,1579.990427894977,37101.42565460791,26730.65892986754,17463.17810804523,22875.71263063451,60544.62873921942
3703,17790.36168429325,14914.80547120684,78199.76337639151,51141.98254547748,76678.59409604798,42068.61310756524,13877.48545646944,22921.62696683891,24317.52571639016,140694.2227948729,104573.6133367112,58124.5066517641,44934.4262256786,35027.7144585855,123440.6788595655,59720.20600570452,44859.90290841476,34174.96838477061,125743.7891977494,33743.91230961959,6250.353585994618,19929.59742947534,51551.95861308445,27430.16046502941,46414.96052976712,1724.874600658399,38954.64668886872,27616.45567449911,18201.43635667055,23069.53578804785,60949.95597903727
3704,19709.34236226852,15852.71695848852,79230.70006458442,50556.97754685767,75412.03741028288,42624.940632935,14213.16886495545,22029.27028125006,26966.4648070871,145364.9637098547,117006.9148689248,57523.7109244283,47912.9136181262,37400.40732194166,127392.6356597746,59722.00386880731,46481.87012181392,39062.0298392397,143170.1182738725,34405.20465532051,6514.891005033185,21397.6435439308,56798.42713949738,30522.11371126506,50360.04996163909,1964.70446151801,41863.3830788712,26660.27826874101,18139.91483754488,22231.70262261984,61967.49747300949
3705,21117.78969601908,17019.11630417877,83603.28080305521,50594.13967105902,76120.20631857979,44737.05369045286,15194.00964554791,22343.52235775467,31595.13220011175,149255.1861502861,122516.0783023655,58246.72110300312,54476.4329039599,38937.97933794871,130574.2940253687,64827.26337382288,50297.39567993359,42269.55485693462,177835.8117300128,41361.77302253888,7704.591988847575,24631.92043258706,64746.7441480783,31863.95032720344,52346.96340915346,2204.916236165813,44154.26656889265,28129.91830633948,17586.22114868622,21716.33534524394,62297.46137343529
3706,21633.30773008916,17595.38349873059,84278.56003808555,48698.55616732595,75974.69503629717,46843.53198537349,15868.55519360469,22665.00720600436,33748.72296261074,154078.1257423281,121090.5231794105,55712.00394590789,58654.00948618472,40219.68334394243,133699.3328111419,67376.51071173997,53321.9483148141,43276.25265668383,186670.8496223823,44585.24045347969,8461.603553109173,26835.84351606171,69426.37550056164,32643.99326259413,53872.40952782211,2249.113913487692,45672.2670257209,28515.38078229168,17145.31691753212,21979.90497818133,62536.49178734777
3707,22154.35846114829,18050.02404931531,87768.33272089143,48703.26183855458,76841.43769516623,47901.36474928163,16387.06738794116,24005.68806574998,34692.85591614871,155484.0534420575,115476.0284469004,59179.99041494687,61693.38511824879,38414.37616537781,136389.8163144332,72142.35899997831,55378.25245276217,44525.10335169527,194589.172540276,45524.59407171632,8815.556384602458,29000.86919718143,75095.12624747389,31438.44949440863,50862.24046035871,2307.462344156661,45819.60912385422,29300.89710464335,16878.72366081857,21975.06125110955,63060.95970739466
3708,22162.1811021941,17734.61051754626,84495.23365228434,49389.23564480647,75358.09356727137,47894.87440356932,14871.93291947144,22110.97055138934,34982.3016880119,145078.9999803659,122670.8558987829,52156.6358123177,59532.28990231842,35712.95685065731,135094.5690217516,74365.2954185135,55464.73435494573,44055.55852598444,182039.8565286668,44001.93862958549,8815.563047513937,30306.70327602754,71774.62727719407,29575.0107834282,46404.69120539152,2220.119232829386,46888.198026599,28026.25961762375,16878.72366081857,22353.43467536267,63192.34337921727
3709,21380.63912393382,17454.98582140935,83841.71844924617,47051.5895387523,73587.72088967092,47372.56970736125,14853.86227352458,21424.83058240482,35269.37195432279,134519.6861862275,125462.7440654271,53950.42588684345,59160.32002200779,36052.55609896806,135742.2096666429,75341.591345862,57387.77216157935,42607.60634490502,174278.9622417764,42947.3363860197,9187.956162168008,31512.40291407605,72352.92847245547,29432.48888008459,46902.56807512023,2085.843896150588,47263.52247458791,27961.67972394125,17145.31691753212,22617.436864631,63309.14236955984
3710,20871.9289176032,17656.60295481788,86299.6202235408,46520.86683686167,73092.79675129728,47362.99099709644,15205.84711331758,21731.17992623491,35531.68814632842,144934.805377159,123621.8983388367,56506.82677958562,60370.35360746453,37011.87143316213,138324.2717153225,74427.23757026637,57396.42203280798,42050.85849446778,187758.2812416871,44586.05465640654,9214.797280525672,31829.5672497195,73215.51769592502,30509.6220842471,47405.91272930059,2046.49895389935,48459.26382683151,27922.8292102586,17227.34561208935,22876.18716404091,63155.84603775149
3711,20869.47825448296,17632.62197224499,89663.70543995698,47605.90242359807,73567.90436200137,47660.11656811056,15205.83336245457,22038.17309057773,35423.24300871808,152399.8169838912,122555.1848352506,59835.87093671821,60370.33713489735,37672.08454747237,139628.6898132931,73662.05811418811,57406.03439949373,41644.01294084639,189143.2468343947,44588.19104114062,9081.000095748985,31414.12560420986,74198.47927887115,31310.38275651298,48908.2648776826,2038.576868431157,49015.66124223048,28280.53933125254,17083.79539601679,23263.1337169249,63153.98594082665
3712,21391.87188810103,17723.80587681504,91111.5083212896,49244.07643731172,75270.58434593717,48159.41371221499,15535.78028183764,23715.11195325564,35418.63671576866,154582.9887643217,116685.5715397048,62846.29005497901,60598.33163057083,39013.06663069533,139630.5999804318,72529.17841161398,57324.35064561971,42161.9003074453,189297.069859507,45351.16192289517,8727.688841083924,31179.48140572419,74182.57598097237,33170.04276188704,51365.77138944425,2045.495172661251,50089.33290403248,29125.60808830967,16929.99159461813,24224.03651677774,63202.03813068858
3713,21896.11440900744,17824.33972508405,91644.48210619626,53595.664080363,78347.63346997982,48431.60995429327,16037.28204642601,26014.99910541461,35125.97450467831,157388.5379237751,107814.7318223365,64210.72395940255,62134.43058267798,40883.8052632661,138980.2392375612,70948.25636545957,56617.24676767566,44838.19932490378,189143.2350855771,46228.81368540473,8727.082182113756,30998.24550457271,74198.48028949696,34448.19372330187,51867.84620637478,2129.534420584929,48309.01569868749,30743.18422195649,16981.25952841768,24292.3290535312,63814.99243491126
3714,22154.36519233701,17656.42633752393,91991.56210816254,57576.54178338323,80836.3641814932,48158.78275857437,15954.89335138276,26320.52739508389,33543.30364429041,158171.6031490967,107057.0318292287,63830.30069305086,59933.18262809535,41835.66874637845,136391.2444316581,70949.60464986824,52400.75084049408,45563.27506911918,172959.0997130558,46212.18508437683,8550.601875075274,30029.65213885315,71450.85702242245,33904.58953047853,49903.88141960611,2237.952231893236,47342.40727648552,29549.5440464081,17196.58485133168,24606.52033444684,63781.05577887914
3715,22154.38706178357,17340.7368744579,90621.99892501374,57126.0201302779,82010.53102617459,47370.20671578047,15040.87059215408,25403.90908567982,33084.98349285899,149943.6577755224,111107.4560966761,64711.71823965647,59485.21549275696,40903.54171072674,135742.4548890427,69953.0807780838,49376.22383259763,45898.57201701753,173087.9073042313,44259.88837228511,7834.345062901528,28810.62477818679,68536.58085208805,34406.37907337485,48892.88683699285,2307.88837449619,47505.5393292056,29294.19230394285,17135.06332981635,23909.34583130181,63996.39493979609
3716,22127.38596010125,17332.74789399663,88161.45078671635,56529.54415352854,80241.33383173603,46274.24477906605,15537.99938887699,24436.15235028625,32134.22512021445,152129.4975805705,111107.4535625636,68437.44661615673,60619.99900714018,37983.6545199247,137037.7471275315,72891.40490244872,53362.61964227185,45088.23540290704,175672.5656883394,46267.89505487342,8814.893375859088,27941.2419283085,68549.95554035665,34406.74980636032,49889.63792057524,2465.279718164201,48408.07850386016,28348.9005422054,17135.06332981635,24221.786845835,63994.93683507773
3717,21894.32682755957,17277.39789501403,86660.8527787671,55762.74714288122,79928.5049421697,47360.82164086565,15500.92736957994,22970.39332637374,31488.08016219311,146545.8071509194,108872.1386240417,65502.76067279216,61872.6542733199,36595.18716887202,136981.3480999421,74365.29460673562,58533.34591222492,43347.26511160462,175672.6939083558,47213.92790994175,9164.954000652238,29753.14275137614,69507.44322581666,32360.80881319605,48056.7099177333,2473.435025727502,47336.22625979208,27993.65808223312,16796.69496626134,23648.96618745565,63838.00399301281
3718,20592.24296030492,16660.21605279658,84893.04147312991,53680.25422186586,78421.59313820752,48962.67895965347,14119.83771437791,20624.27440008897,30760.50308606399,145308.8139190347,104691.3016803917,63083.66474848396,62352.64690743278,33731.0659881433,135099.9870764364,73617.9429224669,56069.78305360735,40423.59433093971,170262.8197757041,47213.92499450539,9433.60822325258,29932.76877127323,65710.54684882704,28717.74301827928,44432.86390633021,2318.080538724514,44892.38030786513,27998.14799799598,16550.60888258969,23387.26749181817,64049.10534041777
3719,18547.32792701323,15743.35299989324,79837.78066710927,50237.69918432931,75460.02822632462,47207.37313043828,12745.88504092052,19329.57199151623,28824.48724870225,149817.6542492548,103190.6931813455,61069.71924255418,59281.41013249767,30894.83020535496,130589.9640894818,70560.61927860703,53865.12414462076,37262.70651030657,164844.276055651,44260.25898521924,9354.87161321842,28206.01874469224,60039.28215590413,26324.13311050774,42531.85013934848,2074.02667792279,42288.31987978305,26080.22792933044,16162.81183418285,23137.8459152866,64503.24476435849
3720,16975.14280702119,14917.65684860748,73451.05659602942,48167.39269938407,72504.7107649598,44393.1292466172,11630.90154935046,18086.00548227665,25416.95911096411,128263.4557455691,98508.65112956552,55992.0560791601,53521.7354612765,29819.30052422549,127662.5538846098,67334.82848260213,48735.89785694165,34369.28596763868,160935.4909185924,40017.84921716082,9201.94380706835,27550.84448253506,59056.87316033838,21326.08328461817,39578.49807274288,1873.99183316739,37794.4868562404,25456.43131120249,16852.92860659186,23058.00432070603,63218.08520893902
3721,16075.73917325256,14365.16674266482,71758.18752569213,47970.92345411813,72318.4379613481,42908.23677497943,11137.78637033169,17306.25724704058,25430.53810739716,127976.965412244,92457.89587761766,53577.34337054775,50770.30162784073,28981.27821850211,125817.3866152493,66257.32345840392,47396.47989093472,32978.03698933514,154756.2595162183,36349.56840817288,8403.151792414737,25809.20344810191,54826.9846246223,19970.96737474031,38334.6914949565,1795.633996623272,36669.56763805245,24971.79884077089,16602.49514718748,22929.36599299398,62205.41443910302
3722,15432.21745302739,14096.81137715901,70742.7292183996,47574.74694258769,72356.1306354886,42153.02345272084,11045.4583818324,16682.35645476684,24362.72638347605,125928.4276906816,89591.12188991334,52692.18700774045,48473.75146444385,28007.51307664783,123877.5302812404,63750.18594130086,47208.51739597334,31693.17743261636,147376.876648881,34548.30478101879,7828.578502215815,24341.30336270542,51747.50517447342,19706.55507201962,38084.36135883365,1753.106509910986,35337.05813462866,24972.89264202305,16945.6817390641,22499.57352972733,61255.86588207065
3723,15047.61691601978,13893.93508742761,69747.16974532032,47124.32736475485,72051.35351796816,41881.26144986626,10700.24583185862,16371.6149302449,23656.21205737533,123732.9189377775,87062.22119064792,51219.21788808888,45267.73911619888,27662.14230921816,121119.6710267551,60867.84038745274,47038.792768864,31073.6889782039,142471.194897303,32728.94923276427,6754.372678404852,23342.92955230642,49708.96664307304,19160.39656246297,37591.09772556355,1681.564150198406,34942.89124521417,25060.71103444239,16992.05830530021,22591.90459211078,60576.97786454471
3724,15047.62099941912,13799.27890320049,68003.81339942565,46628.84958398163,71804.89954069475,41881.26146292956,10792.7016034688,16064.80539907698,23060.95692906231,122419.4656569031,87541.41185514847,50983.60423731534,44316.8716053993,27662.3282824164,119900.7861484888,60455.75380693184,45225.43979342942,30737.03218000344,130546.8231242892,31207.94131102934,6478.882225026178,22377.53126561383,48167.80971501114,19435.5821033166,37586.04527720995,1639.198066535402,34934.97894232709,24876.38503840836,16788.00141429364,22475.27671170421,60325.86287681503
3725,15295.50196959734,13838.5782604511,68722.19367343945,46628.88873294151,72504.00541888122,42165.4971498322,11797.40636265672,17817.28143726306,23314.63382375812,124040.5033972857,91715.51068687519,53347.46187998399,43892.06824197107,30632.33275942387,121824.988191507,59629.11340266749,44586.39780004789,30309.03446412233,128487.7361982768,30893.49073987012,6381.473624390295,21351.87998915447,48169.10091070302,20836.35186437095,39719.06503858839,1637.105414356903,35924.85601077701,25354.32199715986,16973.50767923809,23065.64496810427,60373.7323048965
3726,16358.26346590161,14277.35051545948,73310.46793593385,47643.94351625149,75114.44278669542,42978.34032030767,13139.51849822366,22874.07405664937,23798.98252992911,129920.8349968216,95962.6259127307,59258.14647475583,45572.47528503167,33667.42507191219,124029.1446789685,59630.32521789608,43718.98652463804,31460.89505610153,126917.1881013702,32106.71879060097,6521.717222030204,20919.36703701258,50703.28109961145,24733.08523252311,44345.49138868923,1637.126221882977,37183.77397610211,27031.74484628506,17446.54865787284,22996.89862199891,60328.40648335611
3727,17879.69605336979,14984.7756170207,76305.76698282747,50475.19892238225,76782.04431308419,42439.44614940467,13722.18213955429,23506.71380827448,25391.75522578687,139327.3249286549,109880.4650548773,58002.49325642253,46184.84985566258,36234.39561344752,123279.4343444118,60455.03756703225,45057.87913711698,34734.42064774453,131462.0015370249,34540.59863202631,6479.481114142656,20638.71282209229,52821.11727222979,27377.06407998556,46566.0428609116,1772.76928336939,38933.17452937348,28058.00323356876,18114.37121340227,23200.14538532243,60747.01255447356
3728,19798.67723664165,15906.83190126937,77274.9346495518,49923.3511921966,75499.41926890545,43025.0913486211,14060.45651040938,22597.67697041643,28451.14138760528,143742.64653637,123791.4740988307,57437.96089888293,49281.72527375771,38682.96207715754,127742.6489772542,60457.06443082922,46347.54695348126,39717.54793037031,151461.0878802271,35152.32345651118,6770.264986538094,22150.68427189847,58589.88519841216,30480.60589667731,50514.89535698549,1997.3021356636,41678.95873747288,26950.20385596037,18058.71933521595,22321.57709992827,61797.88948833603
3729,21207.12494125765,17053.51350312742,81385.53030532898,49958.40701896353,76216.57246662563,45248.50977738834,15048.86788129127,22917.80312459837,33797.0102373695,147420.1322956337,129955.4058709871,58117.33097770472,56106.12936021858,40269.70233000617,131335.9129960494,66212.60034939542,49381.36938476823,42988.12383253415,191244.6931104436,41587.45852365451,8078.003832420488,25481.73379974687,67329.4775538018,31827.47168573892,52503.7040423635,2222.192542233521,43841.50317811615,28652.8861293081,17557.85241640719,21781.15286761577,62138.66325925239
3730,21722.64311107137,17620.03901789948,82020.34989036953,48170.2625477532,76069.21513397417,47465.99649953794,15728.61988902724,23245.29724728688,36284.29497719181,151979.3296009568,128360.4224181447,55735.60656242599,60449.75500641281,41592.3924657365,134865.2326576726,69086.55506301502,51786.26891657236,44014.61046832262,201384.1025570985,44569.30923044719,8910.123367358638,27751.600357051,72474.97821136899,32610.43820431338,54030.60522352952,2263.571170058642,45274.46276035011,29099.47176119997,17159.01394634425,22057.53715275383,62385.5244928829
3731,22243.69397933102,18066.99396239631,85301.0313203045,48174.70150809133,76946.95385156818,48579.5755541512,16251.13420425946,24611.03844584778,37374.71917875805,153308.3741924884,122078.6406404874,58994.26917969106,63609.93883165348,39729.35545728211,137903.7793696901,74459.44766101982,53421.28918422052,45288.01004150513,210471.4567001631,45438.25309616813,9299.19412854248,29981.4056647437,78708.06763631743,31400.37608549865,51017.56487528653,2318.197977237852,45413.55051255524,30009.54816309161,16917.85580105177,22052.45792557118,62927.17438430557
3732,22251.51662243662,17756.91243226426,82224.04141043934,48821.79527453782,75444.79105936416,48572.74317639834,14724.30521561775,22680.90440224834,37709.01391288202,143472.3207236527,130128.5789045522,52394.83654184506,61362.94504972659,36941.55057928921,136440.9681695422,76965.52798641747,53490.05316725466,44809.23529041709,196069.407171087,44029.72910652308,9299.201452524116,31326.31154062744,75057.00447597713,29529.95324860396,46555.76374103515,2236.425849929468,46422.2753128471,28532.79018251889,16917.85580105177,22449.22771734105,63062.86228600038
3733,21469.97443838458,17482.01473477318,81609.6818559187,46616.64369353108,73651.95828737611,48022.91376132647,14706.0950919295,21981.93893495638,38040.56506228572,133490.4426433766,133252.2851410065,54080.35541894094,60976.19022191471,37292.00947911441,137172.3929672396,78066.17845707107,55019.10994989431,43332.82045817147,187162.7238262482,43054.17513778203,9708.542075586305,32568.08685805149,75692.87703865455,29386.89717640756,47054.11551574578,2110.714963765448,46776.57346985557,28457.96979291684,17159.01394634425,22726.06558952924,63183.48770086209
3734,20961.26409810287,17680.22357152635,83920.3173730289,46116.00161510902,73150.75522084057,48012.83026657654,15060.7967162026,22294.01463662652,38343.52655002302,143336.0113973928,131192.6534748097,56482.45476341445,62234.31986025813,38282.00164864781,140088.4919281302,77035.35994675891,55025.98768481224,42765.12851713391,202632.0784648071,44570.06240435852,9738.046273381207,32894.74105213148,76641.339231989,30468.06745132533,47557.94029041063,2073.879550212865,47905.32743093873,28412.95871587378,17233.21645275437,22997.39622703348,63025.16926363143
3735,20958.81343433734,17656.64798258898,87082.84195595988,47139.5388961986,73631.89035440226,48325.61393499782,15060.78285920396,22606.74619326192,38218.27808565223,150392.7990996024,129999.1602455779,59610.56147401489,62234.30273294428,38963.32695440815,141561.6603448241,76172.71665912942,55033.63072460451,42350.28552877506,204221.5151356019,44572.03865523299,9590.974212096364,32466.86899764622,77722.15716195876,31271.82935638159,49061.72547286855,2066.462757158341,48430.55455082515,28827.39127516139,17103.36206599624,23403.1559695865,63023.24822850447
3736,21481.20720550956,17746.29044178822,88443.89909598416,48684.8634887232,75356.17163937197,48851.22333250668,15393.27646403622,24315.0308126617,38212.95805811509,152456.5842058517,123431.9388661808,62439.27500290454,62471.35948561096,40347.1907524268,141563.8176269897,74895.53773939497,54968.68187260489,42878.35309859573,204398.0480099297,45277.82064675692,9202.60868269117,32225.20402167605,77704.67064995985,33138.45932516727,51521.57610253677,2072.939792904655,49444.07736567782,29806.46339866753,16964.2323672879,24410.77748677228,63072.87464496666
3737,21985.4498591906,17845.12478578885,88944.93952403273,52789.80920574676,78472.25820148377,49137.76393161144,15898.64905502602,26657.90802531944,37874.94850484088,155108.7120054279,113506.7929814734,63721.35317644067,64068.51483923259,42277.75157166418,140829.3208369307,73113.2476105279,54406.4454064931,45607.26059742953,204221.5016522334,46089.68755232494,9201.941833195147,32038.54537006916,77722.15827319493,34421.40076732046,52024.12982870448,2151.618786309943,47763.49644928896,31680.54013724866,17010.60893352401,24482.39037988335,63705.90980238792
3738,22243.70071052147,17680.04993991184,89271.22407625105,56545.05630575668,80992.56256265476,48850.5591285015,15815.62444529917,26969.14732548102,36047.04640396244,155848.9553356719,112659.0397576483,63363.89184034105,61779.77233961194,43260.05359599041,137905.3922399762,73114.76763107428,51053.8011297194,46346.5892833141,185648.0017893963,46074.30535697462,9007.95178343699,31040.97077004856,74701.0020618245,33875.75915834393,50058.29169388873,2253.121411234532,46851.0390158068,30297.62328981233,17205.39051258036,24811.85751767423,63670.86135547166
3739,22243.72257997383,17369.69714304533,87983.71886875811,56120.06959239151,82181.6256483886,48020.42624343101,14894.54682868462,26035.39535952398,35517.71059027908,148070.9548735793,117190.8600847209,64192.10799255715,61313.99954061952,42298.1191481471,137172.6699136384,71991.31270539839,48648.92197458894,46688.47722239977,185795.8260458028,44268.34408839105,8220.630540829996,29785.4689518758,71496.60222318543,34379.42939703631,49046.33276367624,2318.59683418984,47005.03214345254,30001.78017568858,17149.73863223235,24080.78666356723,63893.25519248514
3740,22216.72147118172,17361.84321467471,85670.59554569895,55557.40104313799,80389.98327250312,46866.70866252564,15395.51269918702,25049.54907544817,34419.63437602515,150137.2621036115,117190.8572494273,67692.95549902086,62493.8880905808,39284.86026258642,138635.5318741549,75303.90240266192,51818.60773429804,45862.21167867678,188762.0736109478,46125.83955685706,9298.46533845097,28890.07334064547,71511.30839597915,34379.80151952067,50044.0346085495,2465.949324799358,47857.00959368669,28906.59258915401,17149.73863223235,24408.41843771047,63891.74931913774
3741,21983.66227727204,17307.42889617334,84259.90652210385,54834.06501893789,80073.18563303695,48010.54658834024,15358.15454061552,23556.39172068475,33673.37073031061,144858.9155942273,114689.8734001015,64935.40397382555,63796.33352345925,37851.99272028897,138571.8366016758,76965.52707124036,55929.985080584,44087.01882758284,188762.2207608819,47000.96201364303,9683.257722154069,30756.18795883297,72564.11643662375,32326.19238603856,48209.3582484469,2473.584464401908,46845.20426980324,28495.01899027222,16843.65329464165,23807.74746353913,63729.67523678481
3742,20681.57806715907,16700.6803875373,82598.01440213622,52869.60489585975,78547.15616996333,49696.8195225335,13966.4049861318,21166.41855812421,32833.05724549585,143689.5672949415,110012.140749307,62662.32202079651,64295.40476116872,34896.28312152781,136447.0871486136,76122.982346847,53971.14293747366,41105.87693520419,182553.6532873688,47000.95931673477,9978.56685258648,30941.18856000792,68389.2292857061,28669.47246336545,44582.05559418834,2328.138914133657,44538.2665751767,28500.22087630051,16621.04577541128,23533.32507993891,63947.6924262649
3743,18636.6624954104,15799.31671816251,77845.64175290833,49622.16908251491,75548.0189275212,47849.01155841525,12581.84749997336,19847.51525133774,30597.06016927488,147951.8418458383,108333.1837685259,60769.93605217406,61102.09338588365,31969.35063559007,131353.6102693203,72676.23570651861,52218.16197861559,37882.85498570267,176335.1362813837,44268.68692183456,9892.01827867117,29162.77253108698,62153.37564497285,26266.89136009011,42679.22852563835,2099.651480238583,42080.08988204634,26278.17437574991,16270.24764159286,23271.77672416128,64416.70980610054
3744,17232.66694607106,14962.44415878623,71374.27278308594,47770.16201090856,72320.85565426582,45019.49443605634,11586.87766074636,18206.17037592055,26789.14713593527,122856.3739873853,101459.4013348702,53113.97622465449,53324.73052962926,29585.91517592053,129157.7585049184,68127.79897775364,48298.7211479105,35134.59669667069,160845.047893656,40369.20368232459,9364.80835400618,27373.96003364974,61921.74392125769,21496.67712901103,39565.2721552734,1848.471217109524,37677.41897691433,25873.63836404076,16713.84574723582,23166.58007577968,63083.09271947194
3745,16333.26298938373,14430.22101411298,69680.78589275983,47586.30131773958,72133.0655931325,43377.29900015551,11084.78901443522,17449.08958660968,26802.31178435996,122596.5413101982,95319.64152636357,51038.1854123032,50935.85403407324,28732.85365689821,127250.2475026979,67073.21813488427,47202.32979461713,33990.29186590803,155297.0714625874,36931.62661933588,8667.505946623392,25818.32328760229,57543.1972516316,20186.03910015207,38275.36380578137,1774.564305855539,36590.34175984818,25369.08608726743,16459.75304184327,23047.20909197305,61996.0147237484
3746,15689.74103811083,14171.70971231195,68664.95698950652,47215.5497126797,72171.0652873652,42542.08170689472,10990.78088664955,16843.32572217045,25767.0831503049,120738.6180974498,92410.69826607994,50277.26696479743,48941.92103828919,27741.61325027897,125244.8481216803,64619.42057793713,47048.47158198354,32933.49252910087,148671.5480668962,35243.64719477012,8165.934409697979,24507.19242468466,54355.49044168168,19930.30539005553,38015.75516688103,1734.45248903005,35302.65754281671,25370.22484693745,16807.9541559906,22648.37967553618,60976.69692277336
3747,15305.14036301761,13976.27552129369,67669.03418263285,46794.0361282755,71863.80565299318,42241.53043516062,10639.28632862185,16541.61751941252,25082.1273248867,118747.3993696336,89844.598295658,49011.03941128981,46158.36598778632,27390.04443226867,122393.8074827846,61798.39762643885,46909.54212282575,32423.96214162825,144267.018609459,33538.71367747305,7228.210580181727,23615.4432323756,52245.30809947579,19402.0730025586,37504.20868496077,1666.973918112625,34921.75032896845,25461.65283111337,16855.00836036801,22734.05903680163,60247.92677615169
3748,15305.14444641842,13885.09160416969,65925.04159119706,46330.35598281814,71615.34422136516,42241.53044960782,10733.42456485255,16243.72700613115,24505.03574629361,117556.1616815448,90330.83769223014,48808.49579200297,45332.79460048515,27390.23374295628,121133.7394367371,61395.07828809581,45425.2074541917,32147.0613089969,133560.8111146945,32113.36425177772,6987.722251770957,22753.14783415133,50649.98768434944,19668.22634944637,37498.96896728032,1627.014336230889,34914.10419397134,25269.75049967311,16647.96986154612,22625.83324538294,59978.36080694584
3749,15553.02550559496,13922.949345466,66643.68404124129,46330.39261936605,72320.14456289528,42555.87681250431,11756.41244668335,17945.25819566525,24750.97197203848,119026.3633843968,94566.33610137817,50840.5694042621,44963.96771546437,30413.5381506739,123122.955606188,60586.02485938661,44902.11448865265,31795.03240441117,131712.0754077505,31818.68995415797,6902.68978965671,21837.03436257709,50651.3242587175,21023.0197697959,39711.0492448508,1625.04055204206,35870.68204543829,25767.33205973122,16836.1866790557,23173.67027675686,60029.74749992174
3750,16615.78738346927,14345.62614427939,71233.63281454248,47280.30554752561,74951.84486149787,43454.82900611714,13122.94767824012,22855.04878532565,25220.54131489466,124359.5356576916,98875.92495103617,55921.64788319422,46422.94697178965,33503.09846521637,125401.5852026828,60587.21089295154,44192.08800980546,32742.43984932021,130301.9706134633,32955.61625193439,7025.114897144465,21450.7130551485,53274.56743231072,24791.8537886394,44508.95438853141,1625.060177647496,37087.2503253052,27513.70187453954,17316.13956677573,23109.87654503114,59981.09130809475
3751,18137.22051718724,15027.10081346156,74230.02500895452,49929.86314523029,76633.02958902968,42858.84676175007,13716.21434570012,23469.29756572176,26764.71231934689,132890.760546002,112998.4907842355,54842.23441722806,46954.62874457272,36116.13605919489,124626.5439717915,61394.37728637419,45288.04933074147,35434.92063928631,134382.4971680974,35236.42569718047,6988.245049714621,21200.03223112601,55466.83430698896,27349.05144215611,46811.8107455014,1752.998366725115,38777.80148154512,28582.142471185,17993.72011156485,23298.48103426043,60430.45497330825
3752,20056.20238944326,15915.33336258792,75199.54637766753,49413.43063153922,75339.95711260135,43506.53263233006,14060.64446704087,22586.68662078018,29730.7447072628,136895.2406297107,127114.126050815,54356.93814290269,49643.42787397593,38608.64468658352,129240.5598167454,61396.36102815111,46343.71729874544,39533.55194880702,152338.526397293,35809.67821927679,7242.083709252729,22550.52771199228,61438.34381078617,30350.72819870511,50907.0277161846,1964.777179413086,41431.21819569185,27428.80931197138,17937.25506762794,22483.20643893489,61558.54637778349
3753,21464.65059974331,17019.95131233121,79311.64221335009,49446.23672594984,76062.95177543235,45965.49021044493,15067.04246150563,22897.5066400313,34913.49030108072,140230.5397969022,133368.7271677385,54940.95385739113,55568.57799759896,40223.8607030838,132955.231523507,67029.4465208921,48827.07706060283,42223.60661377817,188057.9370792393,41840.09787794788,8383.669289395537,25525.82683849206,70485.08645624037,31653.38689383649,52969.55172484283,2176.893236380489,43521.01518227284,29201.47678692225,17429.06965684282,21981.71537144768,61924.35891915161
3754,21980.1689546468,17565.69500577736,79946.6934785812,47772.84768473871,75914.3941654618,48417.88770308521,15759.16426167122,23215.48043938801,37324.87830706462,144365.5080798386,131750.2820495289,52893.52119960331,59339.84266898324,41570.28793858323,136603.7983481466,69842.25714932744,50795.62692265218,43067.89375027501,197161.5295767436,44634.41546939625,9110.064827030237,27553.27552358569,75811.42415462497,32410.65473128621,54553.04759760189,2215.921452438507,44905.77036258914,29666.41838925569,17024.40349875855,22238.18841966291,62189.35858446277
3755,22501.22000998272,17996.25432897369,83228.57220758623,47777.00177167291,76799.28237372458,49649.43441500545,16291.1870352049,24541.51925278504,38382.02942410124,145570.8863217879,125376.0973935137,55694.80762069416,62083.60803597618,39673.8167234703,139745.0101939126,75100.84015117183,52133.98591842777,44115.26722965077,205320.5421340542,45448.71013694412,9449.702646936812,29544.94143211628,82263.57359370454,31240.30950942021,51428.32871287627,2267.44531741925,45040.17923760031,30613.901582454,16779.72163511879,22233.47510943453,62770.80686547417
3756,22509.04265589696,17697.54750092943,80150.45933676427,48382.56784021021,75284.88393707357,49641.87824526488,14736.5735642078,22667.49461358639,38706.12352536115,136650.0683796878,133544.4475178646,50021.65172620097,60132.70136103612,36835.9816829034,138232.7741463805,77553.6030084241,52190.27323002878,43721.47412068098,192389.7703044545,44128.77035817647,9449.709040378335,30746.21365706751,78484.19493955845,29431.27805889186,46801.15062937815,2190.318055838625,46014.97078792444,29076.44454686248,16779.72163511879,22601.66086892555,62916.46460203768
3757,21727.50019124279,17432.73385911318,79535.8755690307,46318.93341397827,73477.44791138715,49033.80232515526,14718.03206165259,21988.8482200896,39027.55775934409,127596.9946691274,136714.1024130927,51470.59618515933,59796.90934362508,37192.7299453279,138988.9120164113,78630.83687274883,53441.89496254778,42507.12021919005,184392.9716642266,43214.57045874807,9807.041358008728,31855.36949109298,79142.41504822299,29292.91740124396,47317.97384503233,2071.747869152162,46357.35044355242,28998.54882128478,17024.40349875855,22858.55482693789,63045.95311708829
3758,21218.78966831554,17623.67181304958,81847.35436270261,45850.42039330851,72972.16236953686,49022.65062941128,15079.18837148272,22291.85181518419,39321.27471346209,136526.4425080688,134624.1742639792,53535.54400765972,60889.25482723349,38200.48859112358,142003.5388981201,77621.9492768332,53447.52478780447,42040.19255876047,198282.0153575236,44635.12127505749,9832.796933644024,32147.13757505221,80124.21065414138,30338.60129267347,47840.47291774007,2037.004801189819,47448.13340372192,28951.68765785126,17099.69022620105,23110.33830167539,62876.00203865564
3759,21216.33900367013,17600.9610460208,85011.03312284462,46808.27144898239,73457.21651803871,49368.56922117242,15079.17426232126,22595.49219940163,39199.84806700054,142926.602749869,133413.1251543323,56224.59896097155,60889.23995679144,38894.04101366752,143526.4821074593,76777.6589348548,53453.78105952382,41698.98344163612,199709.0791157861,44636.9732365159,9704.410945162228,31764.96152533554,81243.01359842278,31115.98196633837,49399.99599579543,2030.009300927874,47955.69201467128,29383.15460262971,16967.93845262838,23486.86635920811,62873.93985311846
3760,21738.73296240074,17687.31515629007,86372.5869866389,48254.42374812767,75195.54268072669,49949.85936180039,15417.71842210464,24254.11662402919,39194.69037420035,144798.3545924959,126749.3021768937,58656.28266938961,61095.0596634754,40302.73973874353,143528.7122789642,75527.65230711696,53400.61665412841,42133.31998422377,199867.5778290248,45298.36752770228,9365.388754615973,31549.10595612282,81224.91252832844,32921.34503902101,51951.02114904656,2036.118424497439,48935.12017554662,30402.46944259569,16826.77583949619,24421.89695195982,62927.21263134966
3761,22242.97579712328,17782.52396600437,86873.81027158829,52095.9316845552,78337.01086421654,50266.75480913949,15932.28753473616,26528.88590116695,38866.99480737444,147203.704394036,116678.1607641133,59758.41216241398,62481.7573327607,42267.94655218512,142769.3986213903,73783.28083401217,52940.39347092827,44377.85139615519,199709.0670098451,46059.17489172468,9364.806630921175,31382.3821297622,81243.01474871307,34162.17752473555,52472.20206176191,2110.32825008244,47311.0735808184,32353.57619459882,16873.83004387359,24488.35071932413,63606.76082277562
3762,22501.22674117565,17623.50455075312,87200.2139027842,55610.18315884635,80877.84399112541,49949.12479495017,15847.75208403027,26831.07740912148,37094.8691107862,147875.0687784288,115817.937378033,59451.12303663114,60494.60318233859,43267.87704483131,139746.6775591795,73784.76851575193,50196.05952214489,44985.95059333173,183032.9898780053,46044.76010597952,9195.46376541529,30491.34679352783,78115.6809298618,33634.44507200619,50433.50000861658,2206.06526661076,46429.31098716401,30913.81743608892,17071.45770313595,24794.08243295526,63569.13714826881
3763,22501.24861063584,17324.53640683567,85912.23881462155,55212.47026693207,82076.59241403949,49031.05129057688,14909.91315034803,25924.46981007601,36581.68539208375,140820.8039459184,120416.4192443383,60163.09323220739,60090.20541770362,42288.67964677543,138989.1983201581,72685.21536672916,48227.52633958571,45267.15404891469,183165.7127746053,44352.37848178166,8508.174724235365,29369.93042559376,74798.6634427217,34121.58374702495,49384.0327548357,2267.821518277434,46578.12382451436,30605.81430813939,17014.99265700578,24115.67928018382,63807.87164501052
3764,22474.24749214929,17316.9705836463,83598.27130706496,54685.91136785295,80270.3564806507,47755.1139537866,15419.99535116193,24967.28228574473,35517.11575503556,142694.8432310816,120416.4163673384,63172.5721915227,61114.61966678571,39221.34458353375,140501.4868431289,75927.3289129003,50822.09812210598,44587.54912706393,185828.9358372367,46093.05324183802,9449.066452438174,28570.1615366316,74813.88645944325,34121.94365563185,50418.71448348199,2406.804010990835,47401.44096642917,29465.61132135274,17014.99265700578,24419.70785317129,63806.25512577337
3765,22241.18821456293,17264.55234231209,82187.06744632628,54008.9959421153,79950.97841295249,49020.12502836723,15381.95736721026,23517.53133072347,34793.62351638405,137907.6419013282,117878.6438942457,60802.06239954205,62245.44143816095,37762.76268918311,140435.6394616688,77553.60211271758,54187.49912985303,43127.44975828019,185829.0679546981,46913.13791948397,9784.969479229294,30236.97830024424,75903.69511543876,32135.73848518541,48516.03572476064,2414.005455159087,46423.67252055657,29037.12084858131,16704.43490767631,23862.3103309381,63632.27245159043
3766,20939.10353695426,16680.06115266251,80524.56881154391,52170.60643009226,78412.51890300064,50885.03428550751,13964.88143942124,21197.03519289592,33978.95126511068,136847.1003617884,113132.1033834489,58848.02347102257,62678.74989533128,34754.00969670561,138239.0998709339,76728.98273215644,52584.07313238378,40675.45509604697,180254.7523528392,46913.13539218837,10042.75844531196,30402.2211531277,71582.08283739309,28599.04014328975,44754.28686169395,2276.821583704065,44194.33963293896,29042.53654727928,16478.57472534884,23607.65784523223,63866.30872125761
3767,18894.18723100638,15811.76215246533,75770.46176308348,49131.57709572901,75388.9526325353,48841.47768928524,12555.12845767658,19916.47268386466,31811.18315851285,140712.7742734105,111428.4495151997,57221.24717043881,59906.22220641922,31774.55025335037,132973.526744777,73355.56646449733,51149.15646368355,38024.51364416847,174671.5036380963,44352.69975390974,9967.206201624516,28813.73691920538,65127.07203501368,26275.31702970438,42780.93138408397,2061.312819752609,41818.85538889743,26729.15746240175,16122.65085207495,23364.95191848803,64369.78772787867
3768,17236.81884553884,15013.40703318182,70685.27935488388,47771.69954479201,72635.19808289179,44930.54937000779,11858.41562485694,17720.99206159768,25755.64414075717,116994.6230752235,95695.24361685255,50058.91414796014,52464.69675810221,27783.01311156827,129498.607506848,66761.90837066689,46551.29372149535,33978.1442522562,147484.927763786,40405.48028062847,9429.82980151626,26555.65665423016,62707.21022546881,21743.52269041402,40186.90752310905,1803.864557785801,37022.01311868838,26411.00924458989,16713.07783505486,23374.79429900889,62955.69006234303
3769,16337.4332387043,14478.61425527571,68838.53539708036,47586.33757438569,72452.11295074417,43431.10159414231,11369.21716002773,17026.26312924032,25766.11308716994,116752.032309711,90896.21887820441,48202.09527065077,50363.46805986689,27050.00223646575,127796.4131360484,65812.07028408392,45403.33193763033,32916.67139486945,143851.7100490697,37107.88343367403,8829.798342375723,25271.15071471842,58511.48171660121,20602.08353541714,38977.57729745997,1728.314504243758,36080.91699060122,25913.74699463563,16459.02608305871,23266.0451867341,61902.28038758921
3770,15693.92441671889,14218.85483181961,67730.77607519746,47212.55867221405,72489.16059319217,42668.48547345068,11277.62251407804,16470.38892302036,24942.86640824289,115017.3966998903,88622.49953008216,47521.4449233159,48609.62718910864,26198.2582746404,126006.8666885578,63601.98805841866,45242.23677055646,31936.36983398424,139512.8363588915,35488.63955166716,8398.194065697084,24188.53590430459,55456.8717399167,20379.36417009328,38734.18591699059,1687.31089771472,34966.15291329145,25914.86930092923,16807.17107588517,22902.70441828708,60914.53227989135
3771,15309.33158833985,14022.47706253516,66644.72431032173,46787.60330404092,72189.59910190164,42394.05958839276,10935.1519176081,16193.52888305517,24398.16778811444,113158.3107653847,86616.75702158248,46388.78973940605,46161.24370586227,25896.16544639532,123462.7003268436,61061.15388664739,45096.77255352561,31463.72245736211,136628.4307294559,33853.1319578338,7591.279028923641,23452.20903558916,53434.7961792014,19919.32477191451,38254.59477188774,1618.332103184496,34636.39684952213,26004.97628728721,16854.21769630032,22980.7598567258,60208.33316065329
3772,15309.33567165731,13930.85289919844,64742.90398972394,46320.13707230388,71947.36267166307,42394.05960158409,11026.8733317132,15920.17211430168,23939.24624181551,112046.1209292596,86996.81666004294,46207.61213059661,45435.08046776007,25896.32811554605,122338.2608178137,60697.89290840754,43542.61995195738,31206.86544677856,129617.2288596037,32485.82362238235,7384.337878176441,22740.20248042965,51906.08543301763,20151.11863466061,38249.68236941564,1577.48411617678,34629.77749633578,25815.84665791817,16647.21256691224,22882.16421508238,59947.11602530244
3773,15557.21167350569,13968.89342192983,65526.582097905,46320.17400800007,72634.50480734372,42681.08144100236,12023.59792408807,17481.56815468174,24134.82253714965,113418.7633559688,90307.41223380533,48025.32546706279,45110.66451870288,28494.1653877536,124113.3659480072,59969.19603716756,42994.92251523126,30880.31860612223,128406.5425122927,32203.14864029348,7311.167110692319,21983.75776511055,51907.36620118192,21331.01287156553,40323.57819486846,1575.466449647138,35457.8987172542,26306.23890760254,16835.39904857283,23381.25359956527,59996.9112007612
3774,16619.9518686602,14393.6109518912,70531.91175952961,47277.84325770901,75200.2699710314,43501.89231275026,13355.04993425427,21986.99693138849,24508.23898769551,118398.0383201271,93675.91917022584,52570.40890255797,46393.96614154676,31148.93442767017,126146.7332354178,59970.26427186909,42251.49886381283,31759.14674755977,127483.103528392,33293.77861194781,7416.514396322715,21664.76811973688,54421.08068217374,24613.30334618082,44821.7673199605,1575.486511580674,36511.09685236583,28027.37628689916,17315.27457987746,23323.1363630926,59949.76195902437
3775,18141.35396173854,15078.37585746166,73799.47126167297,49949.03528114066,76839.33396700227,42957.71576029179,13933.08559606035,22550.65725064562,25736.21279878605,126363.1503253547,104714.5501461168,51604.86107948154,46861.62740464626,33394.24139642547,125455.1142519232,60697.2615313647,43399.01038809619,34256.72886095476,130155.328536531,35481.71211782478,7384.787747859449,21457.77827574099,56521.81348672305,26840.37555415836,46980.768615602,1706.269098362986,37974.62779800041,29080.37951270581,17992.74591560998,23494.9584434731,60385.20820509035
3776,20060.29668247135,15970.89689328692,74856.7323127386,49428.38594239543,75578.65838175232,43549.10160686604,14268.67312196591,21740.73660793017,28094.89592695376,130101.9021232528,115747.7639783898,51170.75795218505,49226.66465332887,35535.98134064017,129572.496426347,60699.04824454703,44504.33330046578,38058.6754843841,141914.2399688404,36031.62145068781,7603.216910954714,22572.8968732311,62243.99359727462,29454.54613758946,50820.1651627976,1922.75630322889,40271.72330941629,27943.71029506779,17936.28997242756,22752.22863029286,61478.36104615209
3777,21468.71615727698,17080.84806279284,79340.96433238738,49461.459908323,76283.53899464305,45794.31456437815,15249.23374112452,22025.95803103107,32216.37977842083,133215.8783441849,120636.5522089822,51693.16675988132,54438.35956692957,36923.88933945756,132887.3361631858,65772.64614096384,47104.50165607828,40554.00709095478,165305.9030844449,41816.47877544433,8585.555784497226,25029.63326077372,70913.0061473138,30589.0360634728,52753.847215309,2139.58825018908,42080.88628485551,29690.7653725951,17428.18646843524,22295.36125210897,61832.84386315267
3778,21984.22399445279,17629.2266682028,80033.48642609855,47774.40714794768,76138.70337613994,48033.53767113357,15923.58661606686,22317.74406135129,34133.99208378629,137076.4594380887,119371.5258231503,49861.71457964273,57755.52124142185,38080.83498071255,136143.1862752734,68306.08365151453,49165.64524725797,41337.17941981304,171267.5963144791,44497.01006539248,9210.621996438262,26703.71937674842,76016.95241423287,31248.54322063768,54238.4251094457,2179.484164695657,43279.68588996671,30148.98926319413,17023.58553242635,22529.01280985265,62089.63611940606
3779,22505.26441918146,18061.86478026187,83612.3684048465,47778.59515423703,77001.42142185514,49158.032318782,16441.95070571324,23534.57262456751,34974.67221723213,138201.851492745,114389.2674275455,52367.49766553079,60168.90616989132,36451.2525953885,138946.2910097296,73042.37527901979,50566.95598874401,42308.73742605098,176610.7100292038,45278.14616183329,9502.881673875438,28348.25927048053,82199.70422382628,30229.285552474,51308.90147666713,2232.153538803459,43396.04530755706,31082.78273937598,16778.94310539042,22524.71889949966,62653.07613658597
3780,22513.08690549627,17761.7157620387,80255.69267378541,48389.10584981092,75524.96502035484,49151.13296827608,14927.24901109794,21814.88939500496,35232.40213673498,129872.998951953,120773.9006287316,47292.79413753831,58452.91076343611,34012.78373927781,137596.8258247671,75251.52557311722,50625.89085943624,41943.44953653045,168142.7019437392,44011.95512876611,9502.88717545697,29340.16262570849,78578.12657227175,28653.7938569892,46970.77441667939,2153.311538196197,44239.93435177595,29567.53966166078,16778.94310539042,22860.14274556371,62794.22264999386
3781,21731.56038605678,17495.62357016059,79585.49034384143,46308.6212347925,73762.81285099007,48595.91398152644,14909.1835267412,21192.13513804993,35488.01684532686,121420.6668378388,123251.4001937963,48588.89170553904,58157.55190962551,34319.32711299697,138271.5761273429,76221.76674467954,51936.38451890453,40816.99820027658,162905.8176776145,43134.98200188003,9810.37303765353,30256.00448935034,79208.86391125954,28533.29508564807,47455.31266798529,2032.105228790726,44536.33663414269,29490.76941297552,17023.58553242635,23094.17775969957,62919.70072521977
3782,21222.86024196223,17687.48339402461,82106.15319643823,45836.28266597966,73270.18683210672,48585.73164572473,15261.06782771142,21470.1838840921,35721.58989292989,129757.5766149404,121617.8481978864,50436.01140308423,59118.36662014557,35185.26471582468,140961.7209821469,75313.08357433623,51942.2791515328,40383.86969763909,172001.3717438444,44497.68713022053,9832.535811603298,30496.9205243809,80149.66644791138,29443.98477352958,47945.17221633843,1996.589732333979,45480.64086964991,29444.58532336354,17098.86012552919,23323.55703169686,62755.01326860664
3783,21220.40962731587,17664.66297685702,85556.13835315735,46801.95486037479,73743.0883389345,48901.58130144017,15261.05408077613,21748.8169744126,35625.02756829527,135733.0366273935,120671.2550381897,52841.40214367409,59118.35354027315,35781.21407802423,142320.7408540988,74552.64957976135,51948.8296964835,40067.35944024634,172935.9166884687,44499.46367868884,9722.059164475291,30181.35366274211,81221.7558335722,30121.00826874394,49407.27485070963,1989.438703960908,45920.04060689294,29869.81821521275,16967.12958705101,23666.58086125298,62753.01495183028
3784,21742.79292804104,17751.43401448798,87040.91003078279,48259.91542310822,75437.86213734919,49432.34285968243,15590.90675611485,23270.8399764125,35620.92600722071,137480.5832303368,115462.6064395277,55016.57133055462,59299.39022222448,36991.66779349268,142322.7309791241,73426.79572840939,51893.16462262783,40470.25597492301,173039.7131518916,45133.92559452254,9430.329238519626,30003.11940501136,81204.41054035815,31693.30516137996,51798.94230943469,1995.683649189232,46767.94362193991,30874.40547815157,16825.98972580557,24518.41054103707,62804.63779785471
3785,22247.02547508173,17847.10250304931,87587.49298827612,52132.79041424797,78500.6233614565,49721.69220465478,16092.26527476948,25358.26321258227,35360.33208795109,139726.319432564,107590.6931572861,56002.43890242667,60519.11378009732,38680.31267308955,141645.1467177022,71855.67818582657,51411.2941438288,42552.31410075416,172935.9087606197,45863.75242277078,9429.828318794847,29865.45375410506,81221.75693583427,32773.95042941006,52287.56604074574,2071.54335163337,45361.98649383755,32797.32165168793,16873.03634622072,24578.95111779807,63463.1394344674
3786,22505.27115023707,17687.31532416697,87943.43547425563,55675.73679691636,80977.79795737391,49431.67214497591,16009.90011273527,25635.56675356872,33951.08146797657,140353.1335873916,106918.3161524327,55727.56522722272,58771.23550491147,39539.52377230334,138947.7789066632,71857.01810849499,48537.87628450004,43116.39525732096,162015.2028780057,45849.92461581493,9284.108118192189,29129.71632400391,78224.99918707629,32314.34642613518,50376.21783144664,2169.408850298498,44598.63376253869,31378.36525686897,17070.63215284151,24857.47820529779,63426.68101760932
3787,22505.29301925105,17386.90372840817,86538.90129955777,55274.77646096532,82146.51270242732,48593.4020803302,15096.13842944455,24803.62577944197,33542.9814809753,133766.9738927299,110512.630738819,56364.43079737625,58415.53181318272,38698.12801637993,138271.8316145329,70866.67444141072,46476.75015735565,43377.24343997327,162102.1194655339,44226.45779440605,8692.693199981373,28203.75080606599,75046.47766262847,32738.59716915981,49392.30880308347,2232.538103582265,44727.46286763022,31074.81231409637,17014.17620746616,24239.44073693093,63658.02157417893
3788,22478.29245164777,17379.30137657308,84015.5245096075,54743.91805188393,80385.5305580127,47428.37545806079,15593.12522930188,23925.27055469801,32696.40190487378,135516.6561486711,110512.6284900676,59056.44451536363,59316.59497951085,36062.45648648122,139621.343626694,73786.77577645972,49193.36155973592,42746.8325923583,163846.1912599287,45896.25122598784,9502.334226011673,27543.37305996375,75061.06507029326,32738.91061480007,50362.35592997554,2374.610537509594,45440.21865192948,29951.08355750449,17014.17620746616,24516.41623268553,63656.45512079608
3789,22245.23792899201,17326.63005407117,82476.60961281354,54061.4754103899,80074.15425099891,48583.42558227727,15556.06379903239,22594.9185666588,32121.0579053881,131047.1227250115,108529.0276230502,56935.99610389265,60311.25299679353,34809.13961900387,139562.5837862932,75251.52476637386,52717.05930933023,41392.42438976547,163846.2777800331,46682.94155981552,9791.380099310312,28919.6815319629,76105.37077083335,31009.11771890902,48578.53389833399,2381.972088456053,44593.75247259044,29528.78413208736,16703.66851228758,24008.61706915333,63487.86093257331
3790,20943.17981682372,16739.31687518585,80663.65828370713,52208.07490128952,78574.2396070425,50286.22780464248,14175.36862993428,20465.5344545091,31473.2046648458,130056.9563351646,104818.9858551704,55188.08569409454,60692.38620610265,32223.80595337247,137602.4706743712,74508.80797999613,51038.21373760867,39117.92050719145,160195.8112642279,46682.93913543299,10013.20851669594,29056.12432719122,71964.1994627707,27928.99500160402,45051.7743396418,2241.738263801747,42663.79155002004,29534.12158202784,16477.84473297911,23776.62407658539,63714.64877271037
3791,18898.30523174326,15866.82562970711,75479.31436191587,49144.23098864594,75626.42635833003,48420.30714375609,12801.80840401646,19290.43684633183,29749.3266385492,133666.1128261564,103487.3576946527,53732.91548806507,58253.70226516568,29663.64337985819,132903.6621621564,71470.4451322479,49535.80358657017,36658.87085359947,156539.4946976194,44226.7659841389,9948.195514387124,27744.49586477651,65778.70576083774,25905.25657130156,43201.69062945894,2021.438181183486,40607.30559915732,27254.16736975073,16121.97822574196,23555.5146140043,64202.53433262095
3792,17235.40931062852,15073.59407351815,71737.40005675677,47394.99848602497,72430.51683804278,44147.04882908113,12011.94000987448,17097.44337450247,24246.49396236536,113937.6764589953,92332.57637158096,51279.78069120292,51180.21140552583,26353.37600184882,130799.3388243979,66397.87259214457,48426.47441745118,32546.50396153804,139332.2612389313,41365.06245617222,9626.568787638813,25805.23228101051,63674.18378150323,21365.34954702207,40553.60327473395,1802.543035872208,36813.70497978082,26136.51843094307,16674.86532218626,23600.23428840643,63730.89650345543
3793,16336.31456487262,14527.01423696524,69720.37783265392,47183.52042945282,72258.22189041843,42824.60090127443,11522.37016733449,16402.87173892764,24255.37847547778,113710.0060676276,87804.79551058383,48858.28051414584,49173.51979737301,25662.05654684725,129244.9674349955,65539.65282153443,47077.11983496224,31450.32171712373,136016.9951060873,38000.09516040985,9014.988895805616,24491.47596335684,59975.84259026934,20188.22305389714,39361.18116138561,1724.057192158408,35767.33867081723,25658.47416830309,16400.08306379672,23473.76819174983,62455.2222863844
3794,15693.01385347814,14261.52960613011,68510.47801857645,46757.07893422245,72293.08611746035,42152.00654703718,11430.70598680455,15847.12339075109,23556.72689915675,112082.0579990602,85659.5882011074,47970.63608273317,47498.58657361612,24858.75718050745,127610.8298501791,63542.74799371944,46887.76291998199,30437.96501131061,132057.8266418711,36347.76985816774,8575.077799770843,23384.20817812018,57283.34476157285,19958.5403202122,39121.19272967812,1681.460231562616,34527.87806936862,25659.55310016377,16776.63652829442,23051.23335187367,61259.06392164825
3795,15308.54540232289,14060.82358788809,67324.28729786286,46272.25059972549,72011.1793845283,41909.97481450691,11087.97540189378,15570.32603594475,23094.46624349449,110337.3138353613,83767.21151279077,46493.52662316279,45160.35913864131,24573.84646979931,125287.6055049648,61246.99448492873,46716.77917244126,29949.86241074328,129425.8422557111,34678.84857377748,7752.632570623467,22631.11389815072,55500.97840441333,19484.11769233333,38648.30693334423,1609.800998600555,34161.23578383927,25746.17766870112,16827.5221313485,23142.0052801743,60403.86007254673
3796,15308.54948431982,13967.1799893022,65247.11041760978,45738.92194561084,71783.2192406812,41909.97482614111,11179.76644681591,15297.03115915836,22705.00064352712,109293.5284516479,84125.78994294556,46257.25069061385,44466.86695605669,24573.99988682553,124260.8152441503,60918.77248812696,44889.97364259828,29684.60636354844,123028.2074496528,33283.605902962,7541.708552121022,21902.89374651242,54153.49037935542,19723.15863953383,38643.4632130657,1567.365704725793,34153.87599565762,25564.3574436118,16603.6254783849,23027.3468182782,60087.52733647038
3797,15556.34532313165,14006.0589412176,66103.0472431046,45738.96408526451,72429.8644209249,42163.11564430327,12177.24770815847,16858.07367665781,22870.97724631684,110581.7474728321,87249.26858573445,48627.75285422298,44157.04691453965,27024.0801082877,125881.7656331816,60260.36336502087,44246.19084734219,29347.38167974607,121923.4711635561,32995.15582425155,7467.129512336356,21129.22350246207,54154.61931742862,20939.94252088751,40688.36310112014,1565.269633942412,35074.63012421635,26035.79721493226,16807.16789060124,23607.74591320419,60147.82906237024
3798,16618.74182837478,14440.13742488064,71569.89126541647,46831.56161928627,74844.41534217299,42887.03524586299,13509.71049745643,21362.48235845068,23187.87860586815,115254.775637868,90427.38540476897,54555.05167603351,45382.61108061657,29527.85399237027,127738.550022742,60261.32856125107,43372.34458793575,30254.94685942208,121080.8445362904,34108.06754655159,7574.50435172068,20802.96992201147,56370.34271049489,24324.85450580337,45123.66130918696,1565.290475460139,36245.63807160213,27690.41678330625,17326.20104507348,23540.16044154907,60090.73154990222
3799,18139.65190039951,15139.99483811886,75138.73474615577,49879.10420101474,76386.88054415885,42407.09512007614,14088.18497822097,21926.01505677464,24230.00347652963,122729.9990400743,100842.1060586842,53295.86896677284,45829.23163786858,31645.45475748048,127106.9930285739,60918.20201167584,44721.16991950494,32834.1980834342,123519.2167353848,36340.70089570654,7542.167080166309,20591.26656831338,58222.04180075318,26621.5566003795,47252.47677502775,1701.15512658141,37872.87829492585,28702.72397269086,18058.95373094976,23739.97511010683,60618.05492877329
3800,20057.97403553987,16052.18741444985,76293.48011714604,49285.09934623219,75200.50330323278,42928.67179645287,14424.02726724641,21116.27779192822,26231.70931721875,126238.8015423299,111251.7157493244,52729.74977633631,48087.86269687032,33665.37907413208,130866.8110381672,60919.81638427163,46020.40527550636,36760.46558411666,134249.0776718067,36901.84496716203,7764.80021365295,21731.77830696875,63265.87968535053,29317.45978350884,51038.19323831379,1926.054780923645,40426.92487941516,27609.98428038296,17997.89100870799,22876.24263102194,61941.857935411
3801,21465.93802784219,17186.60237641993,81191.17890394668,49322.83318139899,75863.8415375001,44908.85228085348,15405.33228440334,21401.43463673097,29729.4230199476,129161.2548493701,115864.1866135982,53411.02948314648,53065.07648428815,34974.34710438212,133893.78148043,65504.03140400755,49076.73444534634,39337.39271137535,155593.6803373592,42804.88788353169,8766.045553164302,24244.45874748936,70907.2144698516,30487.41977839287,52944.83973626413,2151.312573650503,42438.45922582854,29289.51989042541,17448.32649192891,22344.94418821116,62371.13497821774
3802,21981.27914991331,17747.06747785161,81947.55471218769,47398.08756978943,75727.54185542646,46883.74997658445,16080.19709804737,21693.15460242998,31356.81234833493,132784.3936226007,114670.6603097434,51022.61032556774,56232.9946174642,36065.48921065303,136866.8851102079,67793.10170964432,51499.47498341715,40146.17420327767,161033.6515176939,45540.18287093255,9403.142026130969,25956.66664276308,75406.10773162865,31167.54656719785,54408.66117428899,2192.758798556746,43771.35549492358,29730.03453219761,17010.71030518943,22616.66135322957,62682.1092062858
3803,22502.15107029993,18189.24111658631,85856.42603031121,47402.86563418442,76539.41531974032,47875.5055018838,16598.95470664936,22909.7076578777,32070.25889533979,133840.5692316947,109970.0022726034,54290.43265347157,58537.79812946136,34528.59249497353,139426.5609471635,72072.54593442082,53146.62482506847,41149.50144659363,165909.1765572789,46337.2777069767,9701.026643997926,27638.65549821772,80855.91832930401,30116.42159109742,51520.09634128267,2247.474845348533,43900.73077409375,30627.73914142637,16746.10516835946,22611.66789562448,63364.43244671974
3804,22509.97102682459,17882.47668726051,82190.24939545704,48099.39262477192,75149.97437834824,47869.4205738679,15083.10311789438,21190.41378972841,32288.98241908416,126023.9768993344,115993.7720148197,47672.44980026341,56899.00765194013,32228.81630078133,138194.2868247228,74068.60872177895,53215.89894111896,40772.26890992963,158182.2241358263,45045.21818175192,9701.032251464972,28653.14617463131,77663.66464137156,28491.67181242127,47242.62230885486,2165.569133206299,44839.01650072715,29171.05655618414,16746.10516835946,23001.73769619513,63535.36021803135
3805,21728.69725286462,17610.51971111327,81458.25133561218,45725.78361453149,73491.67524632494,47379.74149979529,15065.02391902561,20567.80053343763,32505.91086065559,118091.4995178268,118331.2417560131,49362.70646920942,56616.93738808305,32517.92442352805,138810.4400580471,74945.2635616476,54756.29919623242,39608.98343785616,153403.6321514303,44150.3283488848,10014.4361030093,29589.84331033199,78219.63051873884,28367.40562134691,47720.38604399203,2039.652882838188,45168.57408035378,29097.25329255656,17010.71030518943,23273.9007888367,63687.31358357342
3806,21220.1616222685,17806.60820651,84211.33086874118,45186.89614825322,73028.08230938761,47370.76112108658,15417.17535490232,20845.7863251805,32704.13355874977,125915.653531853,116790.0191398929,51771.55782747062,57534.52375943312,33334.61013991463,141266.9657447649,74124.22903689533,54763.22795436774,39161.69194958401,161703.2125022272,45540.87376830699,10037.02543009949,29836.24541195698,79048.90456894564,29306.5682161537,48203.39667706995,2002.757294104145,46218.50735279724,29052.85410668172,17092.12727055033,23540.64964385385,63487.87783952117
3807,21217.7118001503,17783.28481771187,87979.42048642939,46288.62418075521,73473.11320509498,47649.32682335537,15417.16159753095,21124.35632889765,32622.18555695867,131523.5970855306,115896.9280172095,54908.45727168052,57534.51126804169,33896.66372230759,142507.9648003541,73437.144050931,54770.92769487418,38834.83203798627,162555.9731810007,45542.68661195424,9924.422507583693,29513.49255783029,79993.90192215709,30004.75899504547,49645.05709060439,1995.328384805361,46707.05795618043,29461.65277228125,16949.64758057579,23939.55758780601,63485.45788719853
3808,21739.92616224765,17871.9683256522,89601.09492528935,47952.00025347306,75068.00493337287,48117.43550586807,15747.26468234613,22646.03472264823,32618.70475080002,133163.6620656835,110982.675492784,57745.12197577529,57707.40286748748,35038.27052693412,142509.7820977519,72419.88642808303,54705.49701281882,39250.90299502971,162650.686167371,46190.11068963038,9627.077836995875,29331.19960385212,79978.61284608084,31626.21408468172,52003.2857241677,2001.816001586716,47649.80665287001,30427.41515905663,16796.99077141354,24930.16406141408,63547.97291365352
3809,22243.99564060962,17969.74538809844,90198.07533934263,52370.53375674655,77950.26128321051,48372.62908301687,16249.00381008342,24732.98533569331,32397.55068223499,135271.2758447555,103555.6876692534,59030.80391762541,58872.24943078892,36630.87044257778,141891.0410139303,71000.31381245161,54139.08953491107,41401.04290062613,162555.9659469365,46934.84800064933,9626.567276380376,29190.39907266052,79993.90289375027,32740.64595702429,52485.07781863829,2080.623526810942,46086.58040340737,32276.01525765903,16847.87637446763,25000.56767457603,64345.41533312082
3810,22502.15779917864,17806.43643232174,90586.83735569546,56412.65423002184,80281.44275192605,48116.84396457666,16166.57612008248,25010.22609110578,31201.58452497112,135859.5382365366,102921.3138329544,58672.33780048901,57203.01053745297,37441.21223833452,139427.9196312619,71001.52449050448,50761.5733053755,41983.56909894979,152590.9571854922,46920.73768931106,9478.04248961314,28437.90765382204,77352.39913606994,32266.67233676369,50600.45290582458,2182.291968765517,45237.83971045607,30911.89810711738,17061.59590824351,25324.47131693601,64301.26435986155
3811,22502.17966112024,17499.40363814056,89052.79868568545,55955.20164455583,81381.278896045,47377.52611184698,15252.12074957375,24178.4734805729,30855.2488439252,129678.4556544101,106312.4755124474,59502.8819691929,56863.31043066291,36647.67250354646,138810.6733580657,70106.70617694542,48338.85329514492,42252.94682662448,152670.2674943261,45264.10317231678,8875.244975919464,27490.85633105217,74550.67899229888,32704.18736956764,49630.30028906222,2247.874353882441,45381.07952534695,30620.07675387114,17000.53318362985,24605.74557677198,64581.41669797976
3812,22475.18782549369,17491.63372726084,86296.7549777268,55349.5493393854,79724.08083315351,46350.02314224836,15749.48483969931,23300.31712828746,30136.79571138977,131320.5249357274,106312.4733907969,63013.56993903555,57723.83355972767,34161.90992143207,140042.9902411092,72745.14396263135,51532.05371014607,41601.92200480938,154261.7113898531,46968.01075978943,9700.468659745262,26815.44066399072,74563.53711944558,32704.5106151526,50586.78481294422,2395.467562920395,46173.56354153939,29539.77740498285,17000.53318362985,24927.84484806627,64579.51973021816
3813,22242.20867261188,17437.80150656996,84615.94506646624,54570.95574098565,79431.05559468064,47368.72727310831,15712.39527404076,21970.26635137906,29648.52773235412,127125.8870168186,104440.9868845472,60248.26726651108,58673.74058219472,32979.87788998696,139989.3332579048,74068.6079928513,55673.93175221157,40203.22564339086,154261.7903383761,47770.77330720863,9995.077619382173,28223.09001344907,75484.04443548969,30920.6353761976,48827.90308511378,2403.115175463166,45232.41240372968,29133.79883440887,16664.68820299854,24337.31701060555,64375.35295235564
3814,20940.57164570904,16837.54369722303,82635.83130647664,52456.42525312347,78019.53893032887,48870.52500603157,14330.65194259539,19841.36436290954,29098.72449680451,126196.6201132769,100940.638996189,57968.79595214166,59037.72609855055,30541.59010814251,138199.4414609223,73397.53127036853,53700.5577276282,37854.34714538833,150930.784888328,47770.77083329554,10221.17543049452,28362.63984246561,71833.79290081705,27744.21196655428,45350.45251201675,2257.432021988215,43086.56775861502,29138.93000477501,16420.43730691584,24067.52861778066,64649.99197204723
3815,18896.35837255421,15945.82237627559,76973.46708784209,48960.90912936858,75245.45605786683,47224.86388254452,12956.04897086178,18666.53281400272,27635.74853675929,129583.7979766864,99684.27529158021,56071.09071303144,56708.76181050095,28127.04176356331,133908.6896872356,70652.23909577746,51934.57209067081,35314.88836446674,147594.4413394304,45264.41765841677,10154.91116332306,27021.14337607584,66381.5654514891,25657.20092349038,43526.23553572856,2028.571325749369,40800.04510740248,26947.09052699202,16035.53225597447,23810.39685751566,65240.81911610648
3816,17615.51664373502,15514.8354734743,74112.06417300174,48855.55230857651,73574.92629467392,43272.33695019926,12392.21112228597,16717.31674893574,24046.11411855905,144200.4945578249,115402.734885837,58691.81907374797,49789.52165327645,26984.37243596822,132143.0836301955,61400.87961838119,49737.56617469198,33814.76069750332,185453.362743926,40388.30291809116,9533.753228338976,23864.10936985708,62337.70070234759,22450.155327733,42199.06134221415,1966.882103699417,37115.73485675184,27766.05371447467,17439.94461617787,23417.06087718798,64835.04740885982
3817,16429.42309600305,14688.31010316148,72473.58184746315,47882.3195410502,72843.16511574552,41449.78938986803,11936.48644769707,15811.5271786129,23576.72923894572,143305.6923828654,108928.9060074185,58171.48725366955,46742.05114483705,25841.76781634063,129976.499981874,61128.39180039042,47325.50438005828,31386.73777377611,176275.9132141815,38548.47665759306,8908.04838878545,22450.82850116352,59293.84088868114,21260.20169117794,40386.66359504297,1828.94173203012,35920.52542725417,25880.31367106372,17253.04957582847,23799.45370033315,63655.67226445302
3818,15958.29152355311,14448.53007791063,69296.85908310926,46434.08183385892,72700.14041619416,41046.43621365412,11376.04729684517,15473.64052887148,22473.39094949537,138359.484697668,104092.6868917761,57154.02433260475,45428.43542699266,25673.15848628676,128523.4453597893,61384.26479327745,46166.14282239322,31040.6856731661,166461.5566610265,36219.73926998211,8428.4344292022,21488.69893841313,57272.89139569274,20882.28075209221,39493.87785497169,1759.327292649351,34853.90406140013,25753.08563547882,16959.29878406853,23665.49545470093,61992.673312196
3819,15789.24845659762,14246.0773490854,67233.94850594141,46461.50066400126,72664.48004740565,41179.83569437141,11505.52973232817,15146.85867364306,21746.09364052343,135244.5044284642,100238.8235619275,56315.58543895465,43777.56237719033,25512.5591115691,127290.4462572202,60953.15094600061,45048.85338530766,30214.87368679992,156191.7510064129,34861.06236195932,8036.375562586148,20803.09056462827,55209.11461149285,20311.91627348287,38772.43985343188,1691.685146724064,34864.79510260253,25637.51374818007,17016.46292321404,23799.4192138,61515.29568768809
3820,15309.09704849547,14010.33363145987,66182.35463209232,46192.12939085001,73443.40958612431,41172.86742478204,11626.259867298,15456.12805362994,21732.50533623494,133955.6893104608,97015.63612787216,56311.69241990642,43326.07917322568,26328.47191843395,125566.6705320065,60815.61422984986,44935.51246915484,29919.98899130224,151089.1679560159,34184.33973587905,7757.894087919756,20316.69349187693,54196.40907423323,20317.44952526553,38266.84581549597,1626.687973556318,34333.39858752935,25194.5706115772,16981.17478587102,23926.94273370582,61509.96177284081
3821,15765.53654439889,14125.74913586654,66108.31842203466,46192.25738587986,74448.43235761346,41881.58428453343,12012.04975091178,16694.54001725715,22685.50406828277,133843.8507567964,94841.7543283353,56313.00440562683,43179.90181098678,28074.40907994249,127574.1291158378,60666.56641524297,45489.65449165812,28983.66988195489,144802.544798351,33619.10445855791,7602.336072057304,19815.95103600864,54170.10673869471,20883.03075628667,39320.1658245849,1615.263643314644,34879.084412524,26322.68203280435,17482.1790101534,24118.29083399077,61177.05176164884
3822,16737.80791192174,14476.55985743685,68527.58404766118,46286.31198959563,75970.49587810288,43575.91362789561,13603.75774862475,20543.70463175426,24203.49942431846,135565.489514589,97013.61680227729,58653.32046047818,44680.44351049807,29603.34727678049,131455.1924743811,61689.44006492492,45442.67744250967,29905.45061684483,140911.3141957367,34958.24788410938,7799.807329081571,21194.28777358846,57677.27230293359,24446.77672579837,42166.18780097168,1627.234867581836,37071.42625594512,28116.29393998154,17801.64538516301,24181.94030538511,61451.94244261975
3823,17897.21770338103,15547.26923349768,80938.12641927881,47330.21317033201,77199.30721314314,42844.3867608841,14436.81913279467,21680.74926391818,24835.90678153429,130878.6760272033,90738.00621200836,62968.61836869889,48529.42192381627,30668.32303388404,133433.4357572732,62731.84467563362,48508.82527779668,35780.37731784194,136365.5530524935,37810.14397212827,8089.572904178612,22848.43774999443,58275.71088375819,27567.18830673371,46766.82231465001,1773.623806222653,40634.04947275005,29498.60778928802,18079.15864969394,23825.03000313805,61327.88045260865
3824,19287.74720707411,16024.15400268086,78793.58087419109,48856.48372976579,76908.85834176352,41257.7960722074,14781.59675368762,20955.39498145188,25949.16905732202,113129.6256982965,86203.78873846645,59764.80375777375,52641.95826039654,32385.94931907557,133579.6363865403,68051.79407692267,50566.51614362759,34990.98015153348,132039.263391638,39099.76449703195,8372.814374851818,24259.75715958964,63004.8914287943,31193.15823513036,51368.30512787388,1966.375807346112,41644.90170625177,29188.13561083426,17247.85999770333,23296.64516366849,62133.31711160823
3825,20327.53393871535,16792.80528767421,79409.97183524359,51518.95773792578,77603.01847363694,42484.5148757354,14818.55909621282,21029.63175046714,27989.70365197135,112229.4800216114,89492.06548354124,56283.35623814056,55805.21927189019,33870.17779271114,133579.6363761304,69322.67114752997,51623.0061496562,35315.44815891526,136568.1110813523,41414.84575698801,9100.291719214665,25770.6916486947,69354.21720680513,32309.09851987156,54118.69284426832,2172.219224633885,42332.17354521372,29975.15436658025,16578.88986003699,22737.85228632031,62331.4396985739
3826,20960.29902510752,17330.8691096535,80104.37945631858,49928.27774861447,78086.90517741996,43719.11561707611,14924.02064778043,22015.67378463218,30160.34817037684,115382.4272767616,95283.18544249806,55212.08803377232,57612.01058348805,34848.81385071595,132778.8763463073,68680.29244271452,52653.12251879785,35313.38880871173,148275.7883211884,42980.80266729613,9773.24905743302,27550.42649652696,74327.07428155321,31163.76490492073,55217.23461760722,2293.686349995338,42546.83548408913,29149.50138740033,16045.63090818969,22460.32718522947,63280.25274074123
3827,21268.40616115808,17496.62202998751,83614.86033864594,48855.55203793846,79544.67250093236,43394.94069199968,15303.42064986559,23153.69241345916,30711.63142287469,115930.7455503433,94636.2454736849,55354.32791787415,59397.16958063327,33611.08631701496,131574.2323434375,69232.87056221307,53346.14077709884,37633.67073062799,158727.0003909167,44525.37739991043,9726.081079281357,28570.84807110934,81246.91796844288,29996.29680724161,53536.34177007973,2328.241571018359,42859.8908463823,29498.76853580441,16061.26941308687,22523.46547334889,63008.20872049491
3828,20968.68054726396,17055.65215135428,77154.6525019267,48855.95512407435,78356.25280365777,42553.24118416449,14613.88459837774,21688.68603789898,30343.8960081241,112808.734357816,90742.98483623547,50486.52603535672,55780.03047288041,32557.2744854247,125928.3450508098,71805.95687251119,52525.81735974389,36055.86287266779,163818.211206978,44549.91874048813,9515.47104349092,28597.82662252118,76670.7995104098,28691.34376941033,48913.04044829519,2292.117707342056,42401.54592336721,29000.78484937237,16630.408885015,22779.73953097902,63068.00913832561
3829,20659.59369286657,16450.97014629365,67617.69194328123,46662.79607170756,77556.98573791761,42161.0600994092,14714.9804858543,20704.58741099279,30311.56333297074,116093.2067519363,87448.09157634694,49299.08819436876,53396.65160707881,31867.8534558909,126737.0648561261,70677.01316557277,53357.75116716475,33814.72615043469,166199.3691933434,43232.08659563142,9568.27641953419,27382.25181609714,74461.35305768522,28391.18224344175,48365.34608000257,2127.177960797919,42141.65488096276,28758.29702537725,16922.50344029249,22524.94431590595,61866.40006105517
3830,20202.87453552562,16284.29736485674,70316.38008886785,45731.0821330599,77831.66381824003,41771.35857666206,14140.76366706875,20849.42655914963,29910.11745080858,116378.7559845111,83604.46106100635,49964.13156853458,53923.41634377452,29861.00866066937,129973.8019908006,68829.98411288616,53392.6651733631,33364.70658390655,171453.5579147259,43490.63655395211,9726.442196304604,27164.15118518932,75583.74258243541,28515.70597879162,48335.05010849425,2107.640227250165,42658.77620325787,28554.08182430471,17030.70584723886,22524.8109887552,61268.44765417966
3831,19902.34711000585,16245.12868312232,73579.72481613175,45226.43121071726,78215.69784060119,41895.2919401184,14612.97253113076,21357.77999479627,29357.96473029453,117572.6067648262,82890.23311563273,52004.56175680801,53881.14019614932,29594.42459541278,133610.3029351275,68712.79028264877,54504.43702358797,32914.56096254431,168908.2883127483,44524.8400484493,9774.612248481755,26330.03471921532,76585.94320781765,28879.381336084,50009.5755101617,2066.697980854178,43721.91712101029,27962.93602812468,16958.60215338959,22907.60230474655,61653.16307655859
3832,20660.33318835315,16749.68559467684,77232.63853219974,46193.23895366173,78525.20606582424,43115.49213592637,15427.96999551225,22751.562435106,29436.38572168077,120597.1224872689,87494.6162004699,55211.01936835586,55198.24560792588,31810.76086108554,134379.267804745,67370.49439087784,54973.03957080206,34113.58964929984,171454.2512462736,44790.39054359578,9820.44988300898,27444.66223340057,77605.1628562223,30767.62467331455,53297.68209237797,2108.104720303886,44704.90704814811,30456.28355450559,16934.26342667199,23601.74176251707,60223.82906475267
3833,21544.40302813924,17376.63397444781,83413.21074149813,49335.78281611325,80340.64692766263,45105.46601139342,16209.20677857489,25617.69975235826,30697.95266949778,125188.9716369663,92039.97308340232,57666.5493887328,58493.81781052575,35508.05013014199,137975.0450352574,68518.1691490062,56806.68009951979,37427.50458461547,172619.8673270936,47359.56816532538,10163.30189641613,28811.91404004327,79639.47890757426,32499.22794506621,55760.45391665595,2173.610054405217,45981.07455481694,31106.43857803302,17246.15558646869,24501.02104817751,60164.14102245324
3834,22196.96415582861,18162.27762984192,93506.41961217036,54296.6097742629,81486.03497929037,46586.0084935884,16945.01352035223,24951.82896407256,31734.88036135113,127961.1240849207,95281.70809707989,59418.90888081955,60911.50594232818,37276.93431992303,142391.3021338554,73584.6455916926,56331.96638742584,39271.96928210151,180363.9422205615,48142.41723101298,10304.23924260845,29578.44175207522,77729.90232831237,33837.63128232503,54430.63690609355,2238.381501272004,46895.03556864634,31557.72069856713,16654.65917560097,24376.74423720448,60826.22586564021
3835,22486.03599947213,18525.04304830786,93105.1402063968,58070.48255363046,81173.23716233167,47282.46780578567,16612.95808580106,24923.01313748292,31655.49071332103,127454.4288774137,94032.78249094181,64850.09322958109,59838.39343666954,37803.33947129593,138059.2941340234,72476.94439331791,58232.07688074504,42814.28992004954,185456.3719346481,48921.67101872794,10695.29590533792,30259.88132598185,74578.8277175311,32904.36076462829,53832.81775364614,2259.268752006701,49287.02270770095,31518.17215703799,17348.18965298183,24743.16947376629,62561.25412097672
3836,22486.03600123608,18191.60977630132,90033.62971071231,55877.14605899197,81265.7471202491,46345.52214695467,16224.37668558266,23970.15111913253,31027.72574957899,126948.8586176384,93893.2620708863,66492.70915706892,58057.57371764025,38130.83367195294,135508.6067591643,71102.82763992612,57119.15208181673,43412.97506287765,184182.1557033429,48920.55736551304,10687.36555874165,30355.45752115611,75569.76763972461,31547.19877235706,51928.1841533399,2435.184687150488,48174.40911971232,30890.72560652341,16937.49138643629,24253.39824616617,65322.41948259463
3837,22180.31407868465,18186.83847234051,90072.14510253446,55393.04516108186,80085.72100092532,45607.78535069274,15409.2533766777,22502.77955630006,30310.26933536998,127883.0339632087,91619.47652438542,63831.52609201261,57447.21315996678,37175.83432868054,134780.7932040168,69339.31867965756,55930.20277014084,42233.58509486805,186726.0473153191,48323.92463039479,10497.18282397854,29322.17119356727,76988.10329938897,30022.30168764932,50005.57784182608,2456.884902993474,46174.79700291599,29776.9650163397,16719.1607135673,23991.05847221456,65626.97734695382
3838,21092.49671904423,17725.34807714002,87844.66172581207,54094.72535145414,79090.56969574263,48068.87308443474,14430.2011138591,20215.57332639534,28899.621237059,127900.4706530508,86848.65176843603,60915.78814318475,55779.61291605754,34179.23369000525,132744.5169201103,66760.81136324743,52765.94511486327,39699.29374167507,190589.3246594334,47087.4238338849,10304.61235999167,28046.18323269321,70832.82125657737,27002.75519997092,46723.90149080659,2398.485535959691,43074.51208821748,30184.15750123355,16561.91759320218,24048.64228332134,64744.31471871948
3839,19298.18350464646,16665.69942224897,83075.72866063111,51075.35993542818,77124.98584060601,46039.32363847287,13104.54847273484,18752.87139889063,27094.92008260495,118515.594200962,77837.18332504657,57722.69174815585,52927.71356562775,29863.5650993037,129885.6870703673,64184.75622696482,50986.67670462875,36526.38244312995,194101.058238299,43563.60551227457,9919.176686996161,25605.04879662064,65396.69107504661,24926.25725697517,44254.05119352891,2155.386273554039,41154.84798196908,30252.37796287493,17288.96242424158,23996.1526292832,65051.95041165579
3840,17447.54296417356,15688.17543649828,77050.31575806203,49772.12757256848,74279.3356525788,42596.67151385028,12554.87584307072,16931.79333324648,25382.57157416908,150852.3083219781,123631.3224612573,59163.98030425236,51301.42204609358,28492.72599605276,133980.826152011,61570.98726550337,51038.3737795553,34913.9288649673,194467.75779451,40279.32393829987,9828.876850175555,24317.04106731732,62465.14734913847,23187.29872518686,42764.97629774043,2006.493628079912,38528.1920791392,27746.4125403869,17591.3511074236,23472.97673477559,64594.59128991965
3841,16348.34202748747,14860.95640437179,75291.36222035096,48780.7717988411,73551.52644422163,40596.97190960574,12077.45974080104,15981.22940667987,24777.90898808568,149943.2321250808,115796.8598303982,58716.94566106821,48099.99771322545,27170.65763486181,131773.2863632152,61297.06685020421,48614.0781589157,32306.30244173773,185040.0649942035,38588.59390404738,9175.911860889923,22767.66518850256,59230.32584065237,22037.40451734206,40781.29386416889,1870.737111517624,37231.94989280082,25803.57547760273,17384.10099035069,23953.60435147526,63565.69192713043
3842,15911.7253148094,14620.97514361972,71881.06742644757,47305.56580428434,73409.27416799612,40154.41271148025,11490.3449983298,15626.6405804935,23356.58629023161,144918.1217740391,109944.1907766243,57842.80889618082,46720.02001975841,26975.56559966724,130292.7638382572,61554.28508840765,47448.83639220876,31934.65249043515,174958.0985049371,36448.57322510854,8675.40250858257,21712.88522944313,57082.58866230688,21672.2061721897,39804.13341895925,1802.22479943377,36075.16550242751,25672.49519226691,17058.35726880146,23785.23290609631,62114.87403393409
3843,15755.06625710435,14418.35250624466,69666.47908384968,47333.49521282607,73373.80638762587,40300.77865254153,11625.99049462962,15283.70547325232,22419.68037188,141753.450860419,105280.3436454791,57122.47772058968,44985.74723927466,26789.74160727832,129036.4566651741,61120.90467177791,46325.88013323576,31047.75429222434,164408.2640965051,35200.00106122526,8266.262771351256,20961.25467943243,54889.33735018329,21121.04284097617,39014.51431200601,1735.653555696435,36086.97717886783,25553.4239836746,17121.74725768577,23953.56100552513,61698.40474000725
3844,15310.09049735396,14182.410940591,68537.56561569007,47059.10785573625,74148.5292169663,40293.13306553825,11752.46710140055,15608.26244082962,22402.17588980473,140444.0763654015,101379.7244016583,57119.13309642101,44511.45575358153,27733.80614974282,127280.0954449103,60982.64486007453,46211.96435907118,30731.0566547056,159166.5479387339,34578.11882520238,7975.648664464155,20428.01892372327,53813.0980178126,21126.38981751377,38461.13798325173,1671.685409831182,35510.66095887241,25097.06927799556,17082.6158255089,24113.84467649301,61693.75137622086
3845,15733.0914675531,14297.92330751509,68458.08581199001,47059.23823421929,75148.12423343014,41070.73736778683,12156.61968035868,16907.89071810482,23629.830854594,140330.4537459254,98748.9480802217,57120.26026767168,44357.89372136817,29753.96976732929,129325.5021392699,60832.81343062711,46768.91695512645,29725.47700129737,152708.506225765,34058.68920279491,7813.313435870752,19879.05636447062,53785.14556075742,21672.93092772018,39614.00434617917,1660.44194818976,36102.47438452636,26259.33800520873,17638.18532560065,24354.34914162274,61403.31715772306
3846,16634.13472838004,14649.02844715181,71055.23059929146,47155.04427112066,76661.96765368234,42929.75591475167,13824.08925265056,20947.32454449941,25585.31565504021,142079.5563500133,101377.2806653147,59130.90484512794,45934.24062808812,31523.05137397873,133279.9314055756,61861.06481076415,46721.70164133373,30715.44286085897,148711.1726945154,35289.31084265488,8019.387944290857,21390.12308970312,57512.33908986949,25116.70446870896,42728.99596925374,1672.223645497325,38480.13800914457,28107.25744759997,17992.44536106132,24434.349842182,61643.13469824776
3847,17708.60674722883,15720.63641657033,84378.27172656893,48218.3844064454,77884.14263471334,42127.12446726765,14696.80240855011,22140.5747713109,26399.98413858262,137317.978092928,93782.69675235609,62838.32304673633,49977.66389172836,32755.29805819125,135295.5705258496,62908.94983542555,49803.40078596482,37024.94428703994,144041.4614132746,37910.09437754984,8321.77776722014,23203.56310021895,58148.3217274627,28132.06833901666,47764.42369603793,1816.294972351309,42343.91484496828,29531.42542251059,18300.18309693595,23985.75107787038,61534.90170463741
3848,18997.26676554846,16197.92141152488,82076.04611539292,49773.07633817172,77595.26236990264,40386.31679711376,15057.99063708968,21379.36528349653,27834.09093644427,119285.7921829274,88295.5023850357,60085.81769119758,54297.95964562381,34742.70413811925,135444.5348672466,68256.8687263227,51871.52813069624,36177.15455277804,139597.2059852828,39095.20636396796,8617.359249369676,24750.78863688908,63174.19541451986,31635.97108816363,52800.77989280583,2005.995347348596,43440.21585873289,29211.55267156014,17378.34620588996,23321.62682991587,62237.57317362841
3849,19960.87924920067,16967.217787478,82737.75789870432,52485.12947536458,78285.6736005063,41732.27295174412,15096.71230059197,21457.27167253302,30462.71187968761,118371.2872439429,92274.89105332328,57094.78852548352,57621.02405112477,36460.0536674883,135444.5348566399,69534.42739864069,52933.3765877146,36525.6238119737,144249.5426306245,41222.67758338802,9376.530677077317,26407.22190768876,69921.85688660163,32714.34358126308,55811.09912711221,2208.579876809348,44185.58376594503,30022.40102423327,16636.51732112962,22619.28287204654,62410.41741614942
3850,20547.28828666194,17505.7331797781,83483.22260263498,50864.82871672427,78766.94701177225,43086.87717036338,15207.19357513378,22492.05504658043,33258.94069951694,121574.5307987094,99283.15675841775,56174.42582419404,59519.09185960577,37592.399666431,134628.6376128471,68888.67140521701,53968.71764241525,36523.41212939319,156276.4553436369,42661.73214927204,10078.8068196959,28358.34026285794,75206.69456269879,31607.56727551158,57013.46103785629,2328.123949486194,44418.39138451313,29171.74866917837,16045.18017278197,22270.46296791097,63238.17195983457
3851,20832.82365037253,17671.62520833001,87251.81544662952,49772.12729689077,80216.84147494708,42731.19236767788,15604.65212916094,23686.32741597648,33969.10494126761,122131.5959297364,98500.24650464619,56296.6289134197,61394.43452023941,36160.26786513095,133401.2215517461,69444.15468918336,54665.25084581839,39015.32783159047,167012.6426105792,44081.13731086137,10029.58386919036,29477.02559208175,82560.66634983898,30479.40163768785,55173.71166740997,2362.132096472864,44757.90976283984,29531.59103615965,16062.52189551965,22349.82116478227,63000.83787626537
3852,20555.05578276106,17230.28524551452,80316.61373488084,49772.53788907535,79034.83999143563,41807.67947322973,14882.29577579316,22148.90387034961,33495.38740895016,118959.7819344226,93788.72175644446,52114.53588417852,57594.56275023858,34940.93857373683,127648.6068990932,72030.76893093115,53840.76679958619,37320.80780832785,172242.6764451278,44103.6898651359,9809.79816342295,29506.60210282978,77697.45735875369,29218.37944857485,50113.47495532683,2326.5801413917,44260.82029011381,29018.52924588659,16693.64737625691,22671.93073924454,63053.00839392666
3853,20268.61247437226,16625.09576079098,70078.43767880132,47538.53903308473,78239.88947050988,41377.37829643368,14988.20359085298,21116.15996870886,33453.73638902525,122296.6487374076,89801.32595064539,51094.36792391541,55090.77901409068,34143.23330016343,128472.6143864599,70895.88983309013,54676.9201230539,34913.89176241429,174688.7619214565,42892.65247793745,9864.904116937585,28173.97082925326,75349.39754501579,28928.32276945218,49514.01951071269,2164.251700758084,43978.96028742148,28768.69930067346,17017.55447761414,22351.67991455647,62004.71191270219
3854,19845.35233059051,16458.28309914231,72975.54983367179,46589.4752290696,78513.08411645329,40949.79769564582,14386.65539570734,21268.15870429092,32936.59296190697,122586.753095265,85149.86231068848,51665.72915150165,55644.15514720963,31821.18246647443,131770.5373705099,69039.15007528229,54712.01121089994,34430.58375853114,180086.2176110229,43130.25001052688,10029.96071903761,27934.867715238,76542.20207538882,29048.65445097258,49480.86035092958,2145.02328622021,44539.79461224417,28558.30080867878,17137.54140431526,22351.51233633107,61483.05190203444
3855,19566.84139166592,16419.08154507291,76478.83556542607,46075.42697435156,78895.04411357465,41085.77741066147,14881.34029628034,21801.64071126487,32225.30866963481,123799.6483668719,84285.52186347672,53418.73165098264,55599.74326944668,31512.72724739057,135475.7811227254,68921.34010166282,55829.42189815806,33947.1403754006,177471.5456562898,44080.64350540062,10080.22940103501,27020.42815751791,77607.27745246384,29400.08678752735,51313.64050586066,2104.729232465744,45692.80434727647,27949.25611752919,17057.58476681587,22832.64081668543,61818.68170974919
3856,20269.29779479497,16924.0619062576,80400.33377366478,47060.23808021738,79202.8807997315,42424.58134739544,15735.12973209632,23264.31962991055,32326.33075516489,126872.4116293651,89857.62886441576,56173.50769763573,56983.38695116131,34077.17342962392,136259.2821646453,67571.98712566718,56300.40116807515,35234.86251971804,180086.9298477746,44324.67426384473,10128.06404869299,28242.3911958617,78690.43956976249,31224.7629848024,54912.4969252278,2145.480425476669,46758.88781420264,30518.09799028898,17030.59526537059,23705.10121095071,60571.71558456458
3857,21088.60112702117,17551.53645275713,87035.33934142362,50261.30066892511,81008.51713918435,44607.98114328618,16553.55155719482,26272.13384154393,33951.48394248708,131537.5106630394,95358.30386093364,58283.1364847466,60445.44671873222,38355.17920767114,139923.0323799447,68725.69575269165,58143.34180644833,38793.91135126648,181284.3290050732,46685.65033079778,10485.85313247361,29741.30554219148,80852.38188012311,32898.07235695309,57608.0184868389,2209.948687133709,48142.93157938084,31187.93860839433,17376.45616414644,24835.40082342607,60519.64310450658
3858,21693.35595784605,18337.839459966,97870.66247747772,55314.50542273177,82147.71937499825,46232.43269678886,17324.38097739241,25573.34819437286,35287.25636927269,134353.8849132699,99281.36891266385,59788.64771824621,62985.27297562436,40401.89403951084,144422.7724524131,73818.80905778489,57666.22037620664,40774.81311083283,189239.5630689114,47405.05870976408,10632.9307111161,30581.64773727354,78823.00478366051,34191.41875129632,56152.524157388,2273.694680369216,49134.1510205562,31652.88478833524,16720.5388098316,24679.19792459101,61097.25293162408
3859,21961.25054500582,18700.9093294835,97439.8785627572,59158.65318878776,81836.6108629698,46996.58801502929,16976.52048148248,25543.10796400619,35184.98645822294,133839.1068258702,97769.95099078598,64454.76165502227,61857.94837051117,41010.97926798202,140008.8740864675,72705.28415041979,59575.96811066907,44579.16306354454,194470.8490374104,48121.16316564783,11041.0245813368,31328.70804359233,75474.24217638331,33289.56650286869,55498.20677423434,2294.251246702846,51728.33624224134,31612.13878385262,17489.60294530627,25139.75596200076,62610.90995144787
3860,21961.25054664056,18367.19622344343,94142.5318851088,56924.47358629289,81928.62120893481,45968.57102170464,16569.44351626413,24543.14473709857,34376.29831568729,133325.4716315416,97601.1069361014,65865.98848509093,59987.16420207919,41389.91150204148,137409.9696439167,71323.94301548685,58457.39862702417,45222.13359828609,193161.8885085647,48120.13976089567,11032.74873248135,31433.48796007762,76527.35039100511,31978.09295795166,53413.57153276219,2467.38210225957,50521.67184163466,30965.69421291866,17034.17478806848,24524.16496865162,65019.7798471698
3861,21677.92565689928,18362.42091516347,94183.87916340768,56431.35802727856,80754.96797277442,45159.12603841238,15715.52224601996,23003.23908991714,33452.0694586028,134274.549085924,94849.42964755987,63579.67622043664,59345.96910741053,40284.91472974585,136668.397822742,69551.16245471663,57262.41903907528,43955.50287012439,195775.1448993799,47571.85707445897,10834.28028615206,30300.69903797526,78034.66773772896,30504.53107167418,51309.26502897378,2488.738762937244,48353.02966216806,29818.21083564294,16792.06532690724,24194.43142584395,65285.47935258816
3862,20669.8012446667,17900.54321392736,91792.61762545345,55108.86161905486,79765.19111049084,47859.4320684402,14689.86938740568,20602.9732820531,31634.86962063386,134292.2639285247,89075.89918037909,61074.66725639453,57594.12409904597,36817.65157724048,134593.6286712313,66959.09870606416,54082.11246760562,41233.74722598762,199743.7629652868,46435.5600887477,10633.32008414429,28901.83699149189,71493.223662845,27586.63670181327,47717.44654412656,2431.263967545538,44990.67324418889,30237.73242034027,16617.69657403044,24266.80822848657,64515.43513039542
3863,19006.93850525988,16840.00524839419,86673.04351997797,52033.27123816549,77810.22264432868,45632.60994745968,13301.11878385329,19067.96809634555,29310.04980952519,124757.6784836439,78170.44985590642,58331.37028218833,54598.15089764087,31824.14043336668,131680.7567645342,64369.5000298098,52293.81971968734,37826.13222375816,203351.2516549015,43197.30569510574,10231.09209391906,26225.62811045658,65716.04865787509,25580.04343304939,45014.17754265692,2192.013422953895,42908.73719456736,30308.01848218647,17423.92517200969,24200.83424624958,64783.81976605147
3864,16985.75394564822,15451.47660576257,78912.82591422711,49343.2124571864,74175.79291805779,43188.77951551724,12453.91999730695,17714.64584610234,25741.48477212265,127586.3597156921,97651.85826602754,54776.429955226,53825.10598503345,29738.35143879688,134314.2419912836,65840.6599487073,49810.71261322873,34669.28383900029,168372.2578126627,41477.53337224901,10632.53027727719,26816.88048204339,64986.28978917447,22524.7571869411,41254.16025535207,1878.946305850306,39579.87933392578,25616.52787324894,16659.87507059523,23586.76065484024,63078.75447383807
3865,16134.01089946232,14881.34413326072,76447.45296600948,49118.65480833718,74035.11655813629,41647.62928625608,11914.86391980895,16950.28180957473,25754.56792028307,127308.6443630319,91551.97184565853,52658.19035313939,51387.77520195574,28926.01641371759,132830.0490884658,65018.26132040702,48399.61796568462,33477.87790238763,163218.6950349717,38098.76629797859,9888.240563054345,25187.38270869233,60882.89656227487,21349.98217042736,39912.66690289495,1802.659870802648,38303.7027253193,25111.87425547171,16340.7627531621,23477.5540140493,62187.6289137397
3866,15524.59024594036,14604.41952158117,74968.61240786599,48665.83856303552,74063.58270075599,40863.80338170676,11813.93422743413,16338.69039272368,24725.74822359722,125322.8517913292,88661.92011001198,51881.71153847542,49353.39867430374,27982.09937770656,131269.6913630548,63104.70508751625,48201.59697648605,32377.57930202143,157064.1896618879,36439.66478628477,9352.870927257882,23813.9998626491,57895.50930338617,21120.75826047924,39642.67619893346,1761.256604761861,36792.02310288877,25113.01324386538,16778.06481697654,23112.68460082382,61352.04936021607
3867,15160.37019983825,14395.06489344855,73518.75108292444,48151.02434233189,73833.40988621277,40581.74519836783,11436.56007427535,16034.07970523884,24045.03285177681,123194.5897990144,86112.4851400643,50589.59032224608,46513.38395457954,27647.31500609076,129051.3585319634,60904.77378646651,48022.78982371628,31847.07596742064,152972.784561827,34763.89923208514,8351.959136761987,22879.91076572637,55917.93350395539,20647.28335888106,39110.67235134298,1691.605478364349,36344.85626990653,25204.45959165617,16837.1596901672,23191.06843356552,60754.64447515177
3868,15160.37406685283,14297.3861046874,70979.85209210319,47584.7101318972,73647.28368990935,40581.74521192608,11537.62945462866,15733.32343405898,23471.51395622382,121921.3665915603,86595.5667563987,50382.90479643561,45671.06725899465,27647.4952787895,128070.9269387333,60590.25141213828,46112.39833824717,31558.77752894409,143027.6968130268,33362.93465132821,8095.26564577203,21976.67391756927,54422.86505314376,20885.84678799009,39105.22309098284,1650.359348658338,36335.88007348153,25012.51871599403,16577.14224867923,23092.05798101768,60533.66941518646
3869,15395.11949671781,14337.94038697415,72026.04953591018,47584.75487782365,74175.26022881447,40876.7496667275,12635.93717172044,17451.22364586301,23715.92762954334,123492.753180842,90803.55860547081,52456.53320553663,45294.75934933087,30526.46239558108,129618.6928585273,59959.32355630719,45439.15909605245,31192.25864734228,141310.3903962692,33073.30163476223,8004.50332191283,21017.0637348836,54424.11763547821,22100.19997149221,41405.76714795466,1648.322016062988,37458.85667458065,25510.20021696443,16813.52174144184,23593.24713092142,60575.79334349688
3870,16401.56385634121,14790.72371815492,78708.08268540981,48744.9278875216,76146.7065139783,41720.38882744728,14103.08670218266,22408.24726421979,24182.5899425803,129192.9747030501,95085.15973015656,57641.51696755282,46783.33151282629,33468.52225836115,131391.645083354,59960.24846631626,44525.32977688979,32178.66264032674,140000.5319873929,34190.77742378767,8135.177972252503,20612.40004212089,56882.51287098057,25478.35011610466,46395.54635087385,1648.342273538899,38887.04959148201,27256.92079596195,17416.28945184282,23534.88538401175,60535.90772685797
3871,17842.37371963557,15520.73864136303,83070.22112329994,51980.95628693781,77406.10728523126,41161.07770499367,14740.03399230943,23028.40522337643,25717.20122763397,138311.3510140223,109116.009508245,56540.03008504504,47325.79754404063,35956.8093421231,130788.6023260955,60589.70474674206,45935.87095750257,34981.96951376115,143790.9680187317,36432.56683390849,8095.823672143326,20349.8169901299,58937.01490644229,27770.46422350201,48790.49673301171,1780.39958977073,40871.67571313752,28325.575992457,18267.25562799187,23707.43035306538,60904.27085206744
3872,19659.66555307487,16472.23844827387,84481.64731667528,51350.21314622111,76437.44724006735,41768.91110052736,15109.82357338479,22137.30340956198,28664.87137634597,142591.4346844321,123139.9737288311,56044.80976664667,50069.13438033097,38330.32170106831,134378.6678945756,60591.25173721442,47294.55316049474,39249.30592874,160470.4772092365,36996.0121651435,8366.767098361297,21764.43347086272,64533.2671565846,30460.98195883264,53049.48640867693,1998.99688147828,43986.65990222616,27172.01118244008,18196.34178181577,22961.57573213076,61829.01690396964
3873,20993.47775182763,17655.53641109309,90468.02364570509,51390.28076101037,76979.05341877548,44076.56763909056,16190.31993450314,22451.11357077957,33815.53140875386,146156.2818563542,129353.9556447174,56640.76828390643,56114.46607392354,39868.4247733719,137268.9733119783,64984.12670137882,50490.72545550348,42050.08681465415,193650.5434223291,42923.26354406553,9585.277741963559,24880.99864200761,73011.50098571755,31628.60479319905,55194.4932597355,2217.942275459111,46439.98151465837,28945.0347035527,17558.11714694948,22502.78622466009,62128.88950473983
3874,21481.67793229772,18240.15247751344,91392.52930262852,49346.49259602676,76867.76667823573,46378.06773791933,16933.40079380801,22772.14633269595,36211.99089151603,150575.8344213571,127746.0211804081,54551.4667451743,59962.22442049257,41150.57146235904,140107.8439555986,67177.65374876927,53024.31910836969,42929.12593044434,202106.9483875117,45669.77601492537,10360.62100966876,27004.70980165827,78003.12484743106,32307.37293257603,56841.31505741289,2258.227052874643,48065.61780067647,29410.06969095434,17049.90123695897,22737.42079962821,62346.12136492397
3875,21975.11762620875,18701.37979156305,96170.27814972031,49351.56617634982,77530.64974736447,47533.83668960967,17504.59496748179,24110.94186721618,37262.59735254526,151864.1713895,121413.2323357566,57410.03794542966,62761.64239080419,39344.64075544298,142551.9527037556,71278.47871326709,54746.834713549,44019.61069257481,209685.9249640162,46470.13974817435,10723.14512150475,29090.93923244008,84049.81300789416,31258.34772724041,53591.63486594253,2311.409791979381,48223.40738506435,30357.74318930522,16742.60789526574,22733.10882396518,62822.76004873768
3876,21982.52573711453,18381.39659629893,91689.17100526269,50091.17228916178,76396.19109575484,47526.74545523316,15835.51950469605,22218.88878913721,37584.68503828653,142329.3887454274,129528.5348157188,51620.86910769181,60771.16489956979,36642.28840752353,141375.3146626016,73191.22805153656,54819.2784845494,43609.60853649628,197674.4203702587,45172.78146854865,10723.15194576451,30349.2473951394,80507.93531617218,29636.84361598056,48779.41030588578,2231.799323470499,49367.76599663408,28819.97735035143,16742.60789526574,23069.94386292411,62942.1620903468
3877,21242.39850660956,18097.72073989923,90794.4618675426,47570.75921526406,75042.21357772108,46956.08478769146,15815.61284137719,21533.71370078197,37904.12932357011,132653.2479866754,132677.6050490317,53099.44369041346,60428.5619134923,36982.00494875923,141963.6491251264,74031.29228973083,56430.16014847552,42345.27021641696,190246.1256893041,44274.22167981055,11104.56288850017,31511.06551652019,81124.79203587769,29512.82566419364,49316.90191020684,2109.411623974284,49769.70332078696,28742.06597915802,17049.90123695897,23304.96350755951,63048.30951118939
3878,20760.6453997845,18302.25887181199,94159.50550670557,46998.54238869003,74663.69657677047,46945.61926204402,16203.360115033,21839.63224250023,38196.02792230136,142197.2544699921,130601.2495019202,55206.61856942171,61543.06376317247,37941.65161731897,144309.2648606409,73244.52683632787,56437.40593371671,41859.12319365754,203147.7772166361,45670.46974567971,11132.05398823864,31816.68663555999,82044.89035696506,30450.11214892334,49860.29635600482,2073.549960261166,51050.23029438297,28695.19540350388,17144.45303461492,23535.30782245008,62908.99315067677
3879,20758.32459993174,18277.93045639429,98765.17920672645,48168.41060414493,75027.05793660127,47270.2532887523,16203.34496705208,22146.19369936206,38075.35300907683,149037.8981406591,129398.0652978573,57950.66322960596,61543.04859110882,38602.09276018839,145494.2339119672,72586.12001638129,56445.45797782511,41503.86945633184,204473.3889522573,45672.2900238244,10995.0167864943,31416.36501573216,83093.38630098372,31146.90819301274,51482.1866577759,2066.329231275146,51646.07980407884,29126.7490098541,16978.98738802838,23879.77481949927,62907.30268665381
3880,21253.03603455467,18370.4354195686,100747.3250872259,49934.6639265748,76329.26421656938,47815.77632085387,16566.8152191151,23820.77437581226,38070.22724674011,151038.4710812706,122777.5191273861,60432.07354333866,61753.04299969304,39943.53800024009,145495.969160003,71611.32159958022,56377.03349812818,41956.08386757562,204620.6197631676,46322.36919680685,10633.14978783592,31190.26070809655,83076.42272516072,32765.12419683997,54135.23040804302,2072.635045582366,52795.88157445622,30146.26858259798,16801.70276845641,24735.18831124514,62950.97272185464
3881,21730.55820339841,18472.42578701062,101477.0043866583,54626.47692570793,78682.58529328539,48113.17301350181,17119.27066596635,26117.42732407252,37744.56039153879,153609.366226705,112771.7826397276,61556.7409832661,63167.86746737003,41814.92276028961,144905.1636861305,70251.00037202582,55784.70990077517,44293.00317194181,204473.3777069448,47070.16068607933,10632.52843808314,31015.62089934333,83093.38737898832,33877.32983394115,54677.25397902812,2149.234147660025,50889.32862408467,32097.76722088552,16860.79764164707,24795.98359390371,63508.02820920743
3882,21975.12400070455,18302.07969571342,101952.181777843,58918.59632833888,80585.96161312146,47815.0869523141,17028.51109830466,26422.52596623295,35983.40564593298,154326.9364676521,111917.1457948195,61243.16796249209,61140.4072824025,42767.11500400045,142553.2500444746,70252.1605177181,52252.65454976437,44926.13253929987,188982.8269714944,47055.99250815458,10451.77450458371,30082.279552104,80162.57919563643,33404.303043005,52557.02175244234,2248.053535037017,49854.18155384901,30657.71928203747,17108.99611014962,25075.68249864756,63477.18643138671
3883,21975.14471126571,17981.81657150148,100077.151650079,58432.85100460501,81483.96209078022,46953.50302581431,16021.62161647725,25507.19664638084,35473.39896677897,146787.170234526,116485.7637807748,61969.69756017665,60727.80699846732,41834.66602444863,141963.8718918568,69394.69092910015,49719.082363995,45218.91070240019,189106.1144057802,45392.5641095579,9718.17290127319,28907.61877143596,77054.00730701003,33840.94407766801,51465.5850274046,2311.798105086317,50028.88070042798,30349.65429063465,17038.08226121902,24455.04482730061,63672.88757975023
3884,21949.57442692445,17973.7118479008,96708.48494898254,57789.74003662245,80130.88357994088,45756.07482931074,16569.25979231024,24540.80081367492,34415.41991262676,148790.1880481903,116485.7609224592,65040.71872249078,61772.99974432759,38913.77034463807,143140.5507630104,71923.0032450249,53058.38848309715,44511.3323398196,191580.00509634,47103.45944616416,10722.46605741925,28069.87716686753,77068.27368999533,33841.26667752421,52541.64493618368,2455.255309876092,50995.41560841924,29209.22229028349,17038.08226121902,24733.18561245325,63671.56244795998
3885,21728.86534780894,17917.55994651287,94654.05875734221,56962.99162262779,79891.6326646825,46943.24906264934,16528.42117431805,23077.10300548128,33696.40670043573,143673.5132714078,113964.4694828238,62621.73329841533,62926.75830768344,37524.8234359961,143089.3163449031,73191.22735303367,57389.77921744257,42991.13334279708,191580.1278213804,47909.51413415267,11081.00370933319,29815.83374175049,78089.59738368813,32060.95498159216,50562.87574092177,2462.68861338546,49847.56226399558,28780.64575377463,16648.05609760979,24223.25003977773,63528.94121140785
3886,20495.78030137084,17291.43646720591,92233.79841517212,54717.68067892551,78739.14950108668,48693.40940675994,15007.00977264019,20734.28329627811,32886.77795671533,142539.9812197335,109248.7543883301,60627.73533976737,63368.85568826956,34659.71302707423,141380.2365715586,72548.16062938815,55326.11295815893,40438.21132534803,186402.0983625732,47909.51165009398,11356.16363114618,29988.92226098218,74039.56071877496,28890.87692684366,46650.68996787499,2321.087938674862,47230.43218407996,28786.06254023369,16364.40070464197,23990.28100788933,63720.79101676764
3887,18559.22750918787,16361.290041204,85312.78415922544,51005.97226346091,76474.15052114184,46775.59399458367,13493.46048574903,19441.40155598188,30732.43016092532,146671.7055480859,107556.1645444172,58967.69235126922,60540.09200136839,31822.49764732702,137283.2084264984,69917.4539083556,53479.32419537586,37678.15360429851,181215.7708587723,45392.87988536985,11275.52034457834,28325.01741381503,67990.19100672183,26808.03498343365,44598.4176058184,2098.640605341095,44441.72740877364,26472.21880546803,15917.39971004539,23768.24129510017,64133.51486320546
3888,17088.095396748,15507.0504518011,81257.53513564964,49339.26025905932,73722.7384150503,43614.7780366935,12461.80712576331,17625.75317984141,26153.17236252617,129343.0532928833,100425.994376543,54268.86419738224,52690.68073603466,29634.65043987294,134178.0122424672,65106.06494509961,48800.08476381524,34385.54014201733,161507.1009534007,41246.23419706353,10733.11209300169,26567.71587854405,65810.40635541157,21474.78286900602,41684.81091735197,1833.815302931611,40286.79674392186,25801.54246662376,16608.11822444643,23872.69408094342,65181.30193815383
3889,16223.07399511448,14945.45477871335,78661.99150354651,49117.83217137086,73548.35851236714,42057.43136525964,11878.76366412247,16906.20638020463,26165.47977686465,129086.5669282673,94425.95478027915,52283.75474346834,50259.38257494636,28822.01978393496,132684.0162926767,64395.60285309826,47494.5741900506,33215.24651234889,156476.3976614454,37517.44420394002,10021.72510064086,25093.39049029849,61690.80256701598,20210.7115889756,40487.30317969404,1758.836275747025,39101.161453106,25323.24774959146,16283.02745241895,23751.52064838419,64087.84805550445
3890,15604.15270159222,14672.67665925582,77105.06876844456,48671.32662686927,73583.64463423271,41265.36798282173,11769.59803241735,16330.47462720422,25197.66147110006,127252.5713903218,91583.20925124334,51556.07717845881,48230.04131975754,27877.75923078476,131113.3524540591,62742.50043098978,47311.36996935852,32134.44575152438,150468.6139637757,35686.46829515651,9510.022483054307,23850.79094164214,58691.61355718745,19964.06405460638,40246.29120859672,1718.142584816734,37696.73145754459,25324.32724672033,16728.52221325479,23346.66908518079,63062.55179202154
3891,15234.25460122841,14466.45677357865,75578.65535821175,48163.68714547365,73298.32652518619,40980.34555954752,11361.42986258111,16043.72428987729,24557.30748100301,125286.9970130655,89075.50505584934,50345.16504207307,45397.05590248488,27542.85302201042,128880.3676050908,60842.00140215088,47145.94192453384,31613.34320039363,146474.7468094456,33837.1020346338,8553.357874296626,23005.65246216797,56706.22529320922,19454.59967503389,39771.38857655123,1649.685149411167,37281.28991560552,25410.99719913815,16788.72420765898,23433.64216668637,62329.5072915191
3892,15234.25852852831,14370.24056459833,72905.70353851106,47605.26540704716,73067.60781725051,40980.3455732482,11470.74658090953,15760.60237145048,24017.79400978346,124111.1009428745,89550.67928475856,50151.46958341516,44556.82401962014,27543.03336031527,127893.4602923341,60570.28861426813,45378.49401545806,31330.15355392283,136766.7471527324,32291.00471729364,8308.012000204279,22188.42826056725,55205.25053566006,19711.29663825084,39766.52419803319,1609.145901790614,37272.95055631386,25229.08171576934,16523.83543284179,23323.78221396214,62058.36027463728
3893,15472.66355182512,14410.18761297022,74007.13977969269,47605.3095293693,73722.07810298035,41278.45032450499,12658.67703944779,17377.77631008111,24247.7157618453,125562.3683280975,93689.79204444526,52094.7716323221,44181.44750728093,30423.04821171705,129451.4491568584,60025.23624072249,44755.62938275026,30970.12956956091,135090.3808374763,31971.36720748317,8221.261994989856,21320.1989949065,55206.50806635365,21017.95447613531,41820.14548806856,1607.143485293433,38316.25497048686,25700.76848129237,16764.64341045851,23879.89134080125,62110.04835881529
3894,16494.79800249788,14856.19125581052,81041.98154804447,48749.31371823428,76165.84769968974,42130.95555981102,14245.5470826458,22044.15294459162,24686.70845475597,130826.8561633337,97901.30919626287,56953.88212871212,45666.33531523935,33366.17877027734,131236.1116748065,60026.03526138887,43910.17664089522,31939.05399220677,133811.7490843029,33204.60774998954,8346.159927483804,20954.07026144137,57674.61525607108,24652.88245588362,46274.36003468279,1607.163395593815,39643.12141902689,27356.25492909751,17378.70375730971,23815.13435210551,62061.10679061368
3895,17958.06955254492,15575.27540192854,85634.4391123263,51940.24301349698,77726.97839750361,41565.76645734005,14934.46975399744,22627.94895468075,26130.32865243711,139248.2097860299,111702.4930931703,55921.62306714302,46207.45869221436,35855.37140953603,130629.0858392941,60569.81635540519,45215.17516046693,34692.68487079185,137511.8221877773,35678.63503136217,8308.545357973902,20716.49223807458,59737.23365517321,27119.223306672,48412.25479850257,1736.95749460348,41486.94362438699,28369.09248104841,18245.61247897479,24006.5866852203,62513.10604584854
3896,19803.69228580716,16512.52805859633,87120.38803175751,51318.29026244506,76526.24470988911,42179.98776902525,15334.43444492461,21789.09544033496,28903.22378505283,143201.1172877609,125496.904139764,55457.52706268043,48944.00551287035,38229.74755432704,134242.8636768039,60571.15278526965,46472.19501060894,38884.40195783351,153793.6965749688,36300.45040560928,8567.511222198422,21996.39886101269,65355.5940451479,30014.25099268516,52214.11716470295,1951.808434579613,44380.92801495627,27275.78028640766,18173.37008737345,23179.00180618507,63647.81388747488
3897,21158.29811775088,17678.10807367018,93422.8425838852,51357.79947251423,77197.61005363574,44511.89621046705,16503.1001273537,22084.50585527728,33748.48781157994,146493.4620673353,131609.1716438415,56016.0299277895,54974.37444426353,39768.41038426503,137152.2594696684,64366.11429121373,49429.2161671768,41635.55161065602,186182.7593507378,42841.73459082483,9732.155318908788,24816.18249685749,73867.32135717745,31270.62644337387,54128.89542041864,2167.001511002345,46660.19301934862,28956.19582976051,17523.18854331851,22669.93844667008,64015.77197811259
3898,21654.10915639573,18253.97047259395,94396.1617615802,49342.49468404768,77059.66099811504,46837.58351217427,17306.81694750175,22386.7153855227,36002.8549897276,150575.1772471747,130027.5568744523,54058.03979648979,58812.60922851065,41051.02368138175,140009.880763704,66261.08074826087,51773.23561987379,42499.01371523775,194437.5660022852,45872.77165026539,10473.22308421568,26737.65875241224,78878.66475857445,32000.98868186646,55598.95998812627,2206.595882125826,48170.49475794458,29396.94126360689,17005.45139088135,22930.28412381984,64282.32590899448
3899,22155.24139053594,18708.29166349804,99426.1737947788,49347.49755611388,77881.35900870814,48005.49881055792,17924.62099830397,23647.0128304526,36991.1682660131,151765.0317589774,123798.4271490518,56736.95143081238,61605.09837712818,39244.43574705449,142470.1327724973,69803.74312992132,53366.86531718007,43570.17454393084,201835.861910918,46756.04895639403,10819.72113819801,28625.22255630824,84949.24051763011,30872.22562898172,52698.0755617727,2258.867167821556,48317.08959326106,30295.11619343129,16692.40101885717,22925.49964470373,64867.18447749906
3900,22162.76499111932,18393.09969217853,94708.46602485405,50076.79610391171,76475.10433040881,47998.33305212442,16119.34771378938,21865.89719442741,37294.15853663673,142959.1025427569,131780.8931918354,51311.62854534843,59619.54750412986,36541.09993945345,141285.7230744614,71456.14848369718,53433.88853862664,43167.43783038613,190110.7082050723,45324.29102096162,10819.72766077859,29763.70565266079,81393.37054611492,29127.4687617669,48402.35830349423,2180.621074937861,49380.25902143888,28837.67043084302,16692.40101885717,23299.24484537346,65013.69652006627
3901,21411.09945397707,18113.67141682623,93766.51661039627,47591.50891820158,74796.73798682659,47421.67512855495,16097.8166516687,21220.89622832157,37594.66214087881,134022.6208432265,134878.417438877,52697.27556072192,59277.79249253405,36880.94011279874,141877.9434674207,72181.87172245866,54924.23721863858,41925.50421543243,182859.5019780213,44332.64505223407,11184.27761790051,30814.88717674037,82012.66417430957,28994.02403502484,48882.1596785229,2060.330873385606,49753.67996725305,28763.82850060442,17005.45139088135,23560.01778787098,65143.94450604113
3902,20921.83599644347,18315.14692542093,97309.23317816471,47027.26682580012,74327.5350743649,47411.0996173411,16517.20439648995,21508.87773598498,37869.2533138406,142837.0688142541,132836.0490011648,54672.01570307813,60389.53584574247,37840.93602293968,144239.0519203523,71502.1927800285,54930.94084356128,41447.97196019187,195453.5817651485,45873.53724796352,11210.55342204764,31091.40487584579,82936.39736770658,30002.55495358613,49367.23032926564,2025.083812007651,50943.35697629562,28719.4060533457,17101.77458248925,23815.60308106965,64972.99663725558
3903,20919.47901618921,18291.18278815348,102158.0845668669,48180.8311026047,74777.95132483846,47739.14532718124,16517.18801242229,21797.4644625126,37755.73352952707,149154.8031775779,131652.5592820988,57243.59872490797,60389.52071123102,38501.61751834364,145431.8476546181,70933.40159946195,54938.39039965034,41099.01349613532,196747.5912901922,45875.54609757684,11079.57420665939,30729.20473220151,83989.03542217852,30752.31542260435,50815.03935675423,2017.986832910419,51496.93255662393,29128.41889455484,16933.20899647389,24197.81654477037,64970.92235666918
3904,21421.90281700325,18382.30264110603,104244.8869396071,49922.46892952031,76392.14296656798,48290.40143583537,16910.31771230417,23373.85883599359,37750.91168694727,151002.4492503348,125140.3824259736,59569.05381883484,60598.9953639841,39843.55094688398,145433.5943639118,70091.28282804387,54875.08572912093,41543.2144426469,196891.3121600204,46592.97013470973,10733.704216935,30524.6316873097,83972.00483130873,32493.53424882166,53183.32572468214,2024.18457726781,52565.15896604738,30094.68725839252,16752.60301326135,25146.96568351877,65024.50758829525
3905,21906.86937781524,18482.76586994253,105013.0930077755,54548.89419498725,79309.27773298444,48590.9235657336,17507.85394198463,25535.85128962124,37444.55446511335,153376.8212227355,115298.4262027783,60623.03655304001,62010.31800857902,41715.61675485887,144838.8866386536,68916.11468954678,54327.08229024421,43838.72237231598,196747.5803129649,47418.22898234559,10733.11033511265,30366.62232512827,83989.03650444177,33690.28016492027,53667.17263980759,2099.470912950003,50793.87084924209,31944.25586566762,16812.80500766553,25214.42287320788,65708.04143893451
3906,22155.24786440775,18314.9704321908,105513.3595709745,58781.19621776651,81668.66901669133,48289.70482250045,17409.6883248709,25823.06097119832,35787.82315682661,154039.5392924941,114457.778597808,60329.17141737855,59987.8759774787,42668.15552728248,142471.4386821106,68917.11692800782,51059.31026949988,44460.63237175898,181626.3199459871,47402.59305394172,10560.34696803615,29522.16038928626,81046.65008725702,33181.29795751713,51774.50989025475,2196.596719495749,49832.16469558032,30579.4240341672,17065.65338528553,25524.7709997083,65670.19709553788
3907,22155.2688978388,17999.50272340072,103539.3286189283,58302.22051291206,82781.81436670563,47419.06623411404,16320.63589882424,24961.40049106201,35308.05609780017,147076.1243690261,118951.6145361954,61010.03904514419,59576.29691789387,41735.36720412987,141878.1677055181,68176.35737808468,48715.31067764068,44748.22235990068,181746.6682425487,45566.8420149909,9859.175598611708,28459.35917541673,77925.79770466432,33651.12867730737,50800.21961814653,2259.248825962783,49994.46940486789,30287.44979143899,16993.41099087807,24836.12426112166,65910.331808421
3908,22129.29998233071,17991.51935475352,99992.7976930373,57668.07229956194,81104.56241638157,46209.05388054874,16912.96176452327,24051.66769964915,34312.80736857926,148926.028424985,118951.6117246663,63888.04828284985,60618.90271380637,38813.40853076214,143062.6185032348,70360.54153816443,51804.75577979047,44053.18263853274,184161.5820755209,47454.97732298529,10819.0720934132,27701.39329377901,77940.12044736602,33651.47579842196,51760.78350360026,2400.247440605578,50892.43124572255,29206.58445789598,16993.41099087807,25144.74353031233,65908.70580803903
3909,21905.15013124043,17936.20823606433,97829.89863827439,56852.84591449573,80807.99125586185,47408.70450876062,16868.79068437644,22673.79142186711,33636.4263164992,144200.4801258031,116471.5903883646,61621.09470994816,61769.80561664698,37423.9561464795,143011.0456834235,71456.14788026735,55812.05352741917,42559.92232534169,184161.7018748307,48344.53513754139,11161.75991640628,29281.0874469232,78965.47890683147,31735.84016377227,49994.40022780895,2407.553351093493,49826.01502664154,28800.39318920152,16596.07782724925,24578.92955345501,65733.70269754707
3910,20652.84175023327,17319.45992973755,95281.84953937717,54638.82688162025,79379.39371449863,49177.25784939302,15223.23096017991,20468.33911992299,32874.80256301747,143153.5970049209,111833.065120553,59752.41838320134,62210.8087648056,34557.80304578123,141290.6774924705,70900.60885812435,53902.79951181851,40052.23935831245,179107.1151805489,48344.53239614696,11424.75587813494,29437.69324442133,74899.4424669061,28324.80011939516,46502.11849134104,2268.379449051159,47394.56332749785,28805.52704786296,16307.10825242551,24320.43192849867,65969.11162749966
3911,18686.0988244968,16403.24092209453,87995.40855984722,50978.8469134235,76571.74144143303,47239.28749979955,13586.17490529051,19251.26338888107,30848.19164133148,146969.4859805363,110168.1806647049,58196.7081476242,59389.04653299574,31719.55512601908,137166.5886066675,68627.96717786064,52194.19530052812,37341.09123557839,174044.4282643301,45567.19050355544,11347.67757920199,27932.23726901457,68826.17456272118,26083.63849738474,44670.12131532593,2049.74445001428,44803.70969879813,26612.53923326824,15851.73285482466,24074.06125022977,66475.54361930517
3912,17239.77472294559,15623.9835572546,83567.63430292965,49638.37735448279,73825.23597310805,44139.96283573812,12740.20032408291,17256.87458239376,26096.90293346729,130086.0588770421,100094.3913395445,54080.05754871441,51465.84633298987,28958.77223247852,133530.574703729,65287.04285014546,46636.83592989227,33986.27496337034,159218.6587531345,41668.17373086584,10582.19641870442,26293.51146288188,65687.22170694944,20926.04253105798,42557.10877593503,1807.037989293005,40162.13177103449,26001.25765509386,16533.17258854499,23826.45358775579,64987.76691686149
3913,16332.32060062717,15096.75311656878,80874.33775985258,49417.17815730259,73649.8079730201,42517.23715719195,12175.68617473266,16570.14125972977,26108.32787070702,129848.555866487,94347.84693517977,52316.6646821529,49045.5247931624,28142.94265969637,131939.9808885746,64586.41112362335,45287.42167299762,32869.71367225066,153775.4131952117,37905.0728509865,9981.734129393035,24898.44735328321,61645.58335984381,19621.9104839787,41390.69583640241,1731.605017124753,38990.15942056029,25518.97593286891,16182.37404876786,23686.02391237134,64557.13341051678
3914,15683.03876998482,14840.66686978499,79258.77847260988,48971.1341661753,73685.30617949046,41691.92214333268,12069.98986257975,16020.66458927453,25209.90492834341,128150.300045917,91625.20433410662,51670.26131897062,47025.34543786871,27194.96502921631,130267.7620396936,62956.18198520859,45098.05638382012,31838.53631440146,147274.9618611812,36057.2490083761,9549.819955389132,23722.65125918166,58703.1554141064,19367.44623106387,41155.94204498224,1690.664954674875,37601.91369632754,25520.06442855142,16663.09797275046,23216.8354739589,64153.34232980303
3915,15294.99570494734,14647.06601704702,77674.87754710122,48464.01943238567,73398.27318722049,41394.93418702709,11674.79341094902,15746.99092131166,24615.46616591188,126330.2039454222,89223.44793222936,50594.5957836897,44205.15014583059,26858.74046368953,127890.3982385397,61081.97936297151,44927.06507462465,31341.35943285152,142953.57807345,34190.86559310561,8742.325543421508,22922.94831045996,56755.34155778564,18841.83597890315,40693.37085849509,1621.793057911723,37191.25959032842,25607.45685089839,16728.06066485319,23317.62985887527,63864.64837702906
3916,15294.99982489684,14556.7374823151,74901.25748278422,47906.17493525167,73166.16776169131,41394.93420130294,11780.63600814284,15476.78020554116,24114.63736636262,125241.3396029143,89678.54656323465,50422.53414275133,43368.711671482,26858.92151189529,126839.6800836334,60814.02615077948,43100.17875539095,31071.17202921279,132449.4749807031,32630.54168481593,8535.235806312749,22149.65893876624,55282.77345421312,19106.66814573412,40688.6327896979,1581.008373816601,37183.01633155719,25424.02494271663,16442.22482020679,23190.31154187313,63757.86290352399
3917,15545.09955741622,14594.24008592564,76044.1758233211,47906.21901196454,73824.57169228159,41705.55369510877,12930.81364739074,17020.20619640373,24328.07306578106,126585.1941724405,93642.78627975634,52148.78906731516,42995.02987757436,29750.27352852983,128498.4044277919,60276.51543793274,42456.36748922271,30727.67802512499,130635.6384315347,32307.96299397293,8462.012501292846,21328.10658873319,55284.00718554629,20454.7363977962,42688.92921390453,1578.993834103656,38214.2979879062,25899.64363037149,16702.07558861769,23834.79459819136,63778.21915382313
3918,16617.37374517051,15012.95181828156,83343.96257375342,49049.04064218041,76283.02938396468,42593.84797267796,14467.25244055428,21473.78215926897,24735.58871669581,131460.0408792796,97676.37138105031,56465.18621623547,44473.21383845063,32704.98970701419,130398.4585501502,60277.30340288584,41582.48258448399,31652.11568497391,129252.152623137,33552.5513401032,8567.4354276057,20981.6613198514,57705.40428466242,24204.86199759696,47027.48446431681,1579.013864946827,39525.87398645021,27568.93000702545,17364.69505230471,23759.74677038495,63758.94456030345
3919,18152.42455160599,15688.03367773307,88109.38047277203,52236.6714695935,77853.54314145276,42004.93165325006,15134.28092363116,22030.95533267322,26075.69718326554,139258.1039121078,110894.4701658929,55548.22001972405,45011.89419693479,35203.98104166293,129752.1840139036,60813.56042636409,42931.36756705313,34279.3175863728,133255.6498114294,36049.34366591078,8535.685999007877,20756.85574011241,59728.98665943827,26749.3657715112,49109.86609531609,1709.593775434281,41348.44848352455,28590.21044666706,18300.1578210064,23981.62369854546,63936.95483328844
3920,20088.58237889286,16567.93385305314,89651.29294089356,51615.36163192621,76645.59253352559,42644.93860421639,15521.53460560104,21230.35603680278,28649.76773873239,142918.444427718,124106.0822460317,55135.95883077266,47736.08628525333,37587.70390724082,133599.6192619652,60814.87836460994,44230.66038096728,38278.57804892991,150872.7175034286,36676.880745303,8754.271997002752,21967.95324106735,65241.01693379266,29736.14226280275,52813.00831210979,1925.745485907188,44209.08338088603,27487.78453773673,18222.20259229993,23022.52339527406,64383.83533210961
3921,21509.63698400733,17662.18955061432,96191.10943567188,51654.83000127242,77320.99306861943,45074.7429485902,16653.05970963816,21512.29485705086,33147.61236236984,145967.1125239882,129960.1130503299,55632.08259178029,53739.22981217645,39132.42367634083,136697.1289671392,64557.33058258051,47287.12471515137,40903.41264645668,185917.8417828543,43278.35530362363,9737.316202271244,24636.14235221179,73591.655798945,31032.33458541242,54678.0669364245,2142.24140422092,46462.08275197691,29182.20781577411,17520.60551274566,22432.56237150049,64528.74778363
3922,22029.76951490147,18202.81370587116,97201.08559025206,49641.60843604174,77182.21488058481,47498.06498341643,17431.23414584142,21800.72273269554,35240.33491297232,149746.7272605855,128445.3197965398,53892.78009461844,57560.13605555971,40420.08597480976,139739.5165699861,66426.07718489722,49709.97239748492,41727.23013796754,194849.582939086,46337.28279655352,10362.83121965204,26454.31802967215,78508.1571670266,31785.84335999029,56109.95942429781,2182.07549126001,47954.98018191896,29626.62724866501,16961.9263600566,22734.28081058168,64633.72436810876
3923,22555.48426697399,18629.33401785341,102420.5370581792,49646.60613663244,78008.85164581164,48715.01056131339,18029.40418143751,23003.54686079746,36157.78327736961,150848.516937001,122479.3640735387,56272.48447656046,60340.01790810396,38606.3864153778,142358.8420303109,69919.72123556815,51357.19508336068,42749.21016721987,202854.5752838466,47228.6876796389,10655.30074323118,28240.40442443098,84463.84442168969,30621.30770912839,53284.40011926559,2234.663242623841,48099.88569801158,30532.28925284255,16624.12035991122,22728.7360072781,64864.05844992722
3924,22563.37692991987,18333.42931291554,97525.15180214694,50375.15080755307,76594.14477860708,48707.5439770072,16281.50307354328,21303.65540218241,36439.04827186273,142694.3419471704,130124.5795484089,51453.11511828245,58363.43123385162,35892.40893878834,141097.8515031483,71549.26295069192,51426.47226301793,42364.96452710289,190167.9016477035,45783.75526013129,10655.30624876291,29317.68147586676,80975.27096356245,28821.25625566778,49100.22657527734,2155.94342498417,49150.8034493181,29062.6944038928,16624.12035991122,23161.87482408014,64921.75909520685
3925,21774.83922553899,18071.09984740512,96547.72685334852,47892.43266650689,74905.69073924194,48106.67736363345,16260.65627563313,20688.06840103262,36718.00490112459,134419.2770696145,133091.2367418555,52683.99941922843,58023.21914915244,36233.5868914149,141728.3633157015,72264.94466189804,52966.9406414186,41180.05249695667,182322.0610575624,44782.98454782801,10963.01288969454,30312.35037908747,81582.8441682673,28683.5824176435,49567.56930271013,2034.924951331976,49519.9211931742,28988.23693652027,16961.9263600566,23464.08842726475,64973.05448844178
3926,21261.57546050357,18260.2466415742,100223.8685937749,47328.77383190558,74433.66771765484,48095.6578816355,16666.71574047887,20962.91709429805,36972.90709515213,142581.3403146975,131135.1561645383,54438.1811211382,59129.94329660373,37197.36182104626,144242.1348574973,71594.6701514396,52973.86970597419,40724.44544420898,195948.9169619906,46338.05543898637,10985.1915767961,30574.00219677054,82489.09527606661,29724.07555449766,50040.04448247008,1999.464493924459,50695.88868620764,28943.44418927372,17065.86666802658,23760.28998728396,64905.7303138191
3927,21259.10286104664,18237.74892078033,105255.3365766513,48481.1456677854,74886.79116142244,48437.4752861087,16666.69987710227,21238.34340664499,36867.52700672857,148431.4794962521,130001.6676077367,56722.54440776951,59129.92823042032,37860.64408612192,145512.0536400292,71033.74909547115,52981.56978699702,40391.508903074,197349.0415947368,46340.08277325869,10874.63560603925,30231.27431260188,83521.8116597539,30497.59732556136,51450.25932328404,1992.32454763785,51243.08501130694,29355.86651058728,16883.97112832215,24203.24279881565,64904.91340262034
3928,21786.17253624609,18323.29295633755,107420.7317359042,50220.98316136674,76510.68478167376,49011.87369037977,17047.3357862823,22742.84950197595,36863.05090416637,150142.3755330704,123764.623189546,58788.26975911218,59338.45716455939,39207.86002943938,145513.9132869715,70203.28236769234,52916.13621130856,40815.31500590147,197504.5482785685,47064.10826956182,10582.69621430986,30037.69932909059,83505.10338083467,32293.99861093287,53757.05014993245,1998.559814954216,52299.0014685753,30330.18956716347,16689.08305201395,25303.22571281543,64926.01680400711
3929,22294.92862478256,18417.60862675744,108217.8698468488,54842.62608489356,79445.35276912634,49325.01204685643,17625.8821187542,24806.24866100724,36578.66037857394,152341.0128464662,114338.4789858273,59724.53331440993,60743.4080879091,41087.29521586768,144880.7533177272,69044.37453700205,52349.70368436618,43005.42801066313,197349.0297173234,47896.96083068584,10582.1949349184,29888.18471588692,83521.81272153482,33528.67162823134,54228.33336991316,2074.301956155697,50548.12519684182,32195.17594799702,16754.04574411669,25381.40284331606,65195.21204257795
3930,22555.49105841479,18260.0809483398,108736.977361982,59070.55317145195,81818.92499824718,49011.14783250412,17530.83623712397,25080.36072575446,35040.72148257319,152954.6810894246,113533.3478341273,59463.4899331823,58730.09680866497,42043.58365279337,142360.2323766194,69045.36290791054,48972.03808617942,43598.78391240811,180987.7520696495,47881.18102650194,10436.3701053701,29089.1219391024,80635.11235263162,33003.55882917172,52384.81599476253,2172.015790771719,49597.50148472473,30818.96704833015,17026.88905215933,25741.06985728232,65180.30785452686
3931,22555.51312361884,17963.91737889301,106688.6008009742,58592.07258441971,82938.76082540078,48103.95894513385,16476.39425408998,24257.99452965583,34595.35510517329,146506.6501754168,117837.3240582099,60068.31155423061,58320.37591173924,41107.12341269155,141728.6020524468,68314.85293666302,46549.21093259387,43873.16962239748,181117.969514934,46028.53811481885,9844.530543773715,28083.45803279768,77573.32357074117,33488.27935724673,51435.82439787281,2235.047211435199,49757.93583845068,30524.55894467805,16948.93382042485,24942.98701097025,65274.87979308303
3932,22528.27033010474,17956.4225295348,103008.5010467358,57958.5798909197,81251.42787727143,46843.14903459507,17049.89580965538,23389.74826284079,33671.46857981566,148219.6370750729,117837.321365465,62624.87635707435,59358.27463834647,38173.66246242855,142989.6363366878,70468.81545816509,49742.55256498872,43210.04164408837,183730.9180891646,47934.0473153767,10654.75290229294,27366.24119165557,77587.37524879388,33488.63747927426,52371.44603104253,2376.899472973995,50645.54980997674,29434.68365232942,16948.93382042485,25300.65042674121,65274.23942748837
3933,22293.12504236408,17904.49601571216,100764.1432655117,57144.19620645028,80953.07419790133,48093.16222394552,17007.12850091171,22074.70724683071,33043.58599963579,143843.841311981,115462.0782517853,60611.1185003479,60503.98154117572,36778.74050521786,142934.7289534156,71549.26235561146,53884.61377915307,41785.34221737555,183731.0477126036,48831.79049770466,10944.00631418156,28861.00933087675,78593.32831665402,31512.29179280817,50650.92912391463,2384.249615583101,49591.42268290705,29025.1064238076,16520.18005194127,24644.92027682396,65205.31818235112
3934,20979.38598271446,17325.48784859244,98120.12998645543,54932.4658079889,79515.89017752015,49935.96124381981,15413.86520404602,19969.83013799559,32336.57286555738,142874.4412688997,111019.5256661582,58951.15436184603,60942.99368526512,33901.30480600472,141103.1262608504,71001.41009351818,51911.15248327436,39392.79588506901,178261.9601965931,48831.78773108505,11165.99400717433,29009.19583650606,74604.24353072816,27993.14955295284,47249.32888550927,2244.233113989103,47187.99037536414,29030.28307767546,16208.35912803136,24345.34357264399,65298.02897202309
3935,18916.16653851361,16465.33422862524,90559.26833929421,51276.26916594525,76691.36271978266,47916.63291556076,13828.83532709,18808.25668490816,30455.27579105225,146407.9044259303,109424.9807802169,57569.20117712634,58133.97090919231,31051.88413634431,136712.3845886089,68760.21400137513,50145.08874665003,36806.12620526042,172784.1082008434,46028.8898100407,11100.93432470823,27584.67475275127,68645.91508104981,25680.96135587767,45464.90182579729,2024.274434653965,44626.99304297839,26819.01478978071,15716.97321900497,24059.82096556068,65497.47641815394
3936,17478.19592761484,15553.62575797865,85203.03764968799,50060.96437440298,74284.06906001238,44483.44413329678,12806.23424004808,17127.10987984268,25721.741679445,129684.4016933351,98404.38737351865,54364.1561636184,50434.22355123123,28421.13201843618,132396.1060847224,65575.37494054243,47295.22429626781,33269.53882381677,157988.9971896548,41679.20984289918,10181.49493338511,27012.04852459945,65145.92090296299,21026.67271759479,43213.58816359872,1801.022852219619,40149.91296968509,26225.19097175145,16603.8498192173,23767.14810592038,64528.8224399347
3937,16556.28747591181,15029.92503884657,82615.39522955529,49836.04410314944,74093.81097433025,42895.71414875288,12257.5682887102,16455.29538785229,25732.79825787639,129447.6984386194,92831.40193855307,52322.14702532083,47916.68962074665,27631.05709964921,130755.8706921892,64831.58963540089,45947.29855463104,32134.66518236687,152656.749301972,38089.49492969236,9673.928616166495,25297.02194248243,61312.70582565921,19666.87916750558,42105.03461013501,1720.489841025087,38894.47269274149,25747.46442712732,16266.85446504583,23633.60390223467,64133.86616183688
3938,15896.66359798267,14775.55324759334,81063.21199349298,49382.49663663837,74132.31007826362,42088.19787442331,12154.8393000267,15917.75573739463,24863.34195204597,127755.1612403349,90190.98945885968,51573.61185787499,45815.36961473661,26713.00586149748,129031.4627925337,63100.95079724032,45758.14215099108,31086.57582767555,146288.8539854696,36326.81010764467,9308.834770048219,23851.55320548389,58522.01596258466,19401.554156425,41881.92567431318,1676.78181238972,37407.35604208722,25748.54264190774,16728.66291249301,23187.42045692799,63763.52846163906
3939,15502.4396119052,14583.24852089436,79541.44520748177,48866.85107854119,73821.01229450315,41797.61475892268,11770.73761302932,15650.027450233,24288.06887512924,125941.1940410318,87861.77167089129,50327.99104674039,42881.90097370428,26387.3954580932,126579.9027459478,61111.31156665968,45587.33945931713,30581.24491346881,142055.5910674559,34546.42085064098,8626.265735901141,22868.43579502336,56674.6489295654,18853.51039632452,41442.30012222035,1603.253472280784,36967.45513115282,25835.10963798123,16791.06945913085,23283.27274621655,63498.75229485911
3940,15502.44379747906,14493.52472092613,76876.63024152264,48299.62236699005,73569.28546688454,41797.6147728907,11873.60877994028,15385.68688490043,23803.387621594,124855.9962862193,88303.12526769606,50128.74364713414,42011.86688720622,26387.57079084805,125496.392242616,60826.85447722235,43762.46834641973,30306.62625609633,131765.6857283925,33057.98931988702,8451.214317903497,21917.7900010427,55278.01969849795,19129.64583300775,41437.79708318187,1559.711327163235,36958.62478710031,25653.41025434046,16516.48065450609,23162.19703189828,63400.81380993145
3941,15756.52722881467,14530.77625074033,77974.71355073818,48299.66718517356,74283.34862314747,42101.53544822083,12991.49627553602,16895.58295919278,24009.94180225689,126195.3256266268,92147.63575022305,52127.74704441116,41623.17613687152,29187.64667181534,127206.8844813154,60256.23719793331,43119.36725719536,29957.49872110505,129988.8366031815,32750.27353597238,8389.319201548817,20907.81195830408,55279.18980753319,20535.25082395894,43338.86970839086,1557.560583998928,38063.35437200041,26124.53669712538,16766.10684105749,23775.08014445499,63419.48358071269
3942,16845.88107263011,14946.68477654282,84988.14023852521,49461.71367692987,76949.63595422155,42970.67277576896,14484.80101040185,21252.40790752403,24404.3184768778,131053.7570168338,96059.39722606416,57126.13542952667,43160.73146403255,32049.08639236106,129166.2382707792,60257.07369552665,42246.44631960583,30897.09777551443,128633.5625849569,33937.51711235251,8478.432418834103,20481.90834477629,57575.71786653652,24445.43508333216,47462.21288878324,1557.581969131595,39468.34087546056,27778.05657141802,17402.65362083595,23703.71202104865,63401.80585335002
3943,18405.38284516145,15617.2470733781,89566.61769465859,52702.96771174364,78652.91559536972,42394.45702278933,15133.10330301589,21797.47685945603,25701.21963758319,138825.5612395908,108878.2787698858,56064.28847058024,43721.04795828894,34469.18789596172,128499.7938538921,60826.36006772972,43593.84337075034,33567.38754140335,132555.421189066,36319.2690061309,8451.594862447882,20205.54287711945,59494.94611087259,27098.54051670848,49441.29892124514,1696.990414679929,41420.71921478876,28789.69096069446,18301.30789474805,23914.70999997517,63565.06828844972
3944,20372.38064803274,16491.25646096226,91048.04316965821,52071.20602814778,77342.84895750362,43020.66158699893,15509.48520605883,21014.27005778721,28192.29791549888,142473.5761063841,121690.8695225309,55586.88996729286,46554.65741994274,36777.65980267341,132467.3054864815,60827.75918093456,44891.7029574933,37632.2385445198,149813.2448511082,36917.89213221535,8636.3639844606,21694.40951298373,64722.72646616863,30212.7952561056,52960.74844403005,1927.75618750941,44485.08866542044,27697.67752558488,18226.42004052796,23002.63578272406,63974.92552428595
3945,21816.07043748407,17578.18629563135,97331.31213432917,52111.33834531918,78075.34555332195,45398.0647828327,16609.24381863528,21290.08394222573,32545.12461466865,145511.978269156,127368.0950188506,56161.40133847672,52798.91764318374,38273.61482420856,135661.48680338,64800.71795449564,47944.79575934504,40300.12218117329,184143.7353505779,43215.20183174127,9467.323956157481,24974.55643973994,72642.73119047674,31564.31020730029,54733.29167921627,2158.889440143827,46898.54675873784,29376.09688183399,17552.42933218502,22441.60140797558,64107.83223418961
3946,22344.48786867268,18115.1910606064,98301.66838701603,50064.24981010956,77924.83552996961,47769.12546657475,17365.57174741741,21572.2459115917,34570.37434080314,149278.8657188497,125899.0520346975,54147.28885066012,56773.29086369542,39520.62733739631,138798.8256867889,66784.56511587983,50364.97084078943,41137.45082933329,192893.3420708416,46133.18835144912,9996.067158500799,27209.73659837811,77305.69347289164,32349.97939923628,56094.15578815359,2201.416718139545,48497.76841455293,29816.31874854567,17015.73303051774,22728.52615215149,64204.11169336381
3947,22878.57643711994,18538.85588887193,103316.3683326823,50069.33158340182,78821.3533516838,48959.82640212418,17946.94872799422,22748.939475026,35458.24265770124,150376.9452834427,120113.2820118155,56902.98679325626,59664.82687300492,37764.18385958081,141499.8988857754,70493.3910338602,52010.37650413963,42176.19201310083,200735.0980723025,46983.5214954863,10243.28947641188,29405.46769338145,82954.25185927708,31135.74034235752,53408.75707389459,2257.559938372636,48652.99410838467,30713.42672489008,16691.21898683739,22723.25321863699,64415.36300180537
3948,22886.59481788135,18244.93221752828,98613.02195073199,50810.13203427454,77287.05198462277,48952.52084213839,16248.11828182893,21085.97704256656,35730.43920516261,142250.2282573968,127527.5942472282,51322.15653299524,57608.85045124049,35135.88304046018,140199.5535225562,72223.30010869008,52079.57726535197,41785.64448805315,188307.1287701312,45605.16475713368,10243.294130197,30729.82172614954,79645.58066469786,29258.86110936398,49432.13756523612,2173.517857396869,49778.75827185784,29257.7122807529,16691.21898683739,23135.15460783297,64468.28325015516
3949,22085.49693725464,17984.35900487646,97673.93996716489,48285.64892199969,75455.86179188937,48364.61251519341,16227.8567379493,20483.76326495483,36000.40181289255,134003.0284222278,130404.6515126443,52747.52069227068,57254.97372341848,35466.29045912495,140849.7432696221,72983.06236295751,53618.34638003588,40581.29910984173,180621.2791297486,44650.50484624371,10503.39627033387,31952.62116431979,80221.82192352008,29115.3112308216,49876.2979681451,2044.317299428151,50174.16459896444,29183.95806828712,17015.73303051774,23422.5502374945,64515.32891032122
3950,21564.05768065601,18172.23949220002,101205.8719909144,47712.5080625882,74943.93555183623,48353.83067928999,16622.51646939408,20752.64105076555,36247.08554002914,142137.6071410076,128507.649105645,54778.86330086288,58406.14952673505,36399.64029671506,143441.9682690609,72271.5040472005,53625.26780126154,40118.219797372,193970.258674936,46133.92539415727,10522.14374995625,32274.28367394798,81081.33856303523,30200.21353007503,50325.33623040596,2006.459353078203,51433.8845527102,29139.58839102131,17115.58350572007,23704.2286032312,64453.58242510071
3951,21561.54569654464,18149.89238996659,106039.9627714104,48884.26541620954,75435.36450813586,48688.27645129951,16622.50105136669,21022.0839072624,36145.10307935446,147968.0468545003,127408.3945322432,57424.15624433979,58406.13385541733,37041.98362330642,144751.5205336968,71676.03452593747,53632.95938845973,39779.82287477163,195341.8322216387,46135.85931841385,10428.69160829398,31852.95003935885,82060.79878994136,31006.74989079224,51665.5980021572,1998.836673529729,52020.05222607486,29548.11536064821,16940.84517338879,24125.46279268869,64452.83319355737
3952,22097.01076993188,18234.86372219944,108120.412614498,50653.37093730503,77196.53656382566,49250.28738240922,16992.45096929877,22493.9055952071,36140.77129371682,149673.1817049968,121359.7233215224,59816.26643410144,58623.03836936074,38346.66975202233,144753.4382192197,70794.4173722337,53567.59799140383,40210.5796805195,195494.1678415477,46826.52512955858,10181.91740690149,31614.97800633867,82044.95214034815,32879.8231633116,53857.96151366221,2005.493508573557,53151.17110358583,30513.23588194524,16753.62553347525,25171.51194088926,64472.18821527323
3953,22613.87054977274,18328.54796463444,108886.2801517681,55352.76041632659,80379.29138703203,49556.67259863026,17554.7551635587,24512.47876189211,35865.54998743068,151864.4154363254,112218.2705355127,60900.45973669808,60084.4192487172,40166.77367056379,144100.5176679169,69564.12964495676,53001.79028627181,42436.61200016784,195341.8205864273,47621.00376688528,10181.4936791518,31431.17173227933,82060.79979696729,34167.19311112606,54305.86694276935,2086.356591784319,51275.59734061296,32360.60736302977,16816.03208011308,25245.8559327169,64719.08110201143
3954,22878.58333673783,18172.07490825472,109385.0238308558,59651.81086167786,82953.51732767116,49249.57717838094,17462.3776046872,24780.63592195569,34377.19677642309,152476.0172433277,111437.4562119947,60598.17147180437,57990.24317553066,41092.87335406069,141501.3326240443,69565.17889198622,49627.85053191213,43039.69933468742,179314.1791272585,47605.95102176506,10058.22903287777,30448.84131926344,79322.96369501558,33619.66803586258,52553.79641282969,2190.676879197099,50257.27016256421,30997.39683270785,17078.1395771556,25587.88794867539,64705.41169971455
3955,22878.60575340618,17877.89410545766,107417.002115871,59165.28114187433,84168.02026132884,48361.95272209381,16437.53807778104,23976.13509167867,33946.18974512837,146049.6991082999,115611.442371578,61298.55497717082,57564.06580898432,40185.97591759911,140849.9894572131,68789.67506978501,47207.6959565709,43318.58515343645,179441.7412021582,45838.66917065271,9557.951443408732,29212.52513843614,76419.06831539384,34125.07686248284,51651.87911468925,2257.969867395641,50429.1306585832,30705.76942991469,17003.25172002662,24828.93626774193,64792.14851957259
3956,22850.92902466478,17870.44943288987,103881.2673454593,58521.13165907546,82338.04593306572,47128.33343188453,16994.93912244965,23126.7509051066,33052.09084419134,147756.9177809666,115611.4397601601,64259.05730711185,58643.6518134235,37345.120426004,142150.3799431451,71076.30527888455,50397.51506968045,42644.58143373358,182001.4070058229,47656.38148101595,10242.82639053222,28330.81229152293,76432.39536238494,34125.4502694736,52541.08966011024,2409.412790007686,51379.96053932302,29626.18807011751,17003.25172002662,25169.06292484544,64791.56120714059
3957,22612.03823909826,17818.87055858289,101724.9524697065,57693.04818702697,82014.47044987763,48351.38884294152,16953.37246523651,21840.27829199655,32444.45223333593,143395.8568551501,113307.9344975915,61927.12548197507,59835.37611732277,35994.23429877145,142093.7589299763,72223.29947695725,54535.00724858735,41196.51598562563,182001.5339860044,48512.76088531608,10487.33015309755,30168.41034542409,77386.47243104278,32064.75241052444,50905.91821563418,2417.259877295988,50250.75842819237,29220.47932122323,16591.36851163506,24545.48418008458,64728.34996588736
3958,21277.37336443866,17243.73875642541,99184.66000251933,55444.11144809137,80455.79178767088,50154.44606821678,15404.83852058218,19781.12825674166,31760.23436807061,142429.7211216168,108999.5573039928,60004.88682243215,60292.02121610523,33207.63541560294,140204.9929026088,71641.70368774534,52563.72284333724,38764.73029676352,176643.9711047282,48512.75824616921,10674.97470264856,30350.58390613483,73603.10078003778,28395.41008409447,47673.05281784603,2267.776830742593,47676.15355754326,29225.60708130839,16291.81708602807,24260.59615842551,64813.37982977134
3959,19181.29005119385,16389.34372423623,91920.40000811251,51726.40925491932,77392.48839940691,48178.6665647531,13864.30685040174,18644.78922448348,29939.59341219129,145951.2858703449,107453.1713719532,58404.58487871398,57370.1738359544,30448.16716478343,135677.2185445897,69262.46698438957,50799.60722072235,36135.6375079488,171277.8224673842,45839.00466141502,10619.98023585764,28599.34429742,67952.03740243705,25984.53566074394,45977.14145498587,2032.94669908982,44932.76187349774,27035.22434497036,15819.76618025054,23989.07314099473,64996.3034059432
3960,17597.34657834324,15478.29349568526,84815.21988352839,50225.58345025632,74292.10871799731,44755.7669639247,12720.68496633545,17025.78915516194,25325.85687287341,129438.3932759144,96667.8020837156,55311.24247949753,50588.01937824074,28522.79851407803,130565.215636251,65474.68369830865,46854.73655009052,33167.3171483407,154605.3083311221,41517.82971671193,9665.432087729629,29450.71997968221,65553.78761423648,20625.15257813432,41894.07703427863,1826.436500974602,40865.00296426433,26326.92683588864,16754.73561512922,23707.82362576711,66227.65278117986
3961,16692.60773031581,14944.50106606256,82542.43366582115,50002.92284836669,74103.53839552161,43262.84420617968,12212.80968665544,16362.70597604067,25336.46059647691,129209.0586439953,91176.53226463191,53066.06659460635,47952.69476677395,27790.65602640614,128918.4635024019,64747.19122423921,45701.94391125004,32018.01777481301,149949.3229061658,38185.67348301251,9238.114701338733,27327.64926117842,61552.70149172653,19253.03123160961,40803.80398780235,1747.612958460816,39669.33162259276,25919.36700220764,16447.70057442889,23591.00654282402,65666.6985120701
3962,16045.26867365942,14685.22753154158,81179.1152108323,49553.93196232479,74141.6959771965,42503.54669657043,12117.71810364093,15832.15252031933,24502.61544180132,127569.210489628,88574.83564638799,52243.05700301195,45753.05794704705,26939.92111338982,127187.204439641,63054.46252767782,45540.17082318586,30956.6058301238,144389.036061706,36549.4596443523,8930.744131586236,25538.27037805565,58639.79672165814,18985.30080190817,40584.37421068925,1704.832717138266,38253.01354393535,25920.28685278224,16868.45229608483,23200.70994364779,65140.70987621709
3963,15658.38670683328,14489.21709362831,79842.51222778422,49043.46685534378,73833.15968945232,42230.31500707006,11762.1725276239,15567.90379405884,23950.90437295799,125811.7124760688,86279.77073182796,50873.5049503656,42682.3378216621,26638.18617016914,124725.9042162995,61108.4069167983,45394.09446335854,30444.85149738599,140692.6568120073,34896.8116473456,8356.092887387433,24321.24680024983,56711.52647072436,18432.28851411332,40151.99826593546,1632.865158039489,37834.05541264135,25994.13920810769,16925.31063656264,23284.55622464744,64764.64971626971
3964,15658.3908144551,14397.7643164402,77501.9435772435,48481.93682686215,73583.66590899271,42230.31502020402,11857.39571859924,15306.99876071825,23486.07467178465,124760.2971587826,86714.65284554618,50654.43371883524,41771.59647545825,26638.34864660811,123638.0888688607,60830.18094173427,43833.40167383863,30166.74207678652,131707.7689575758,33515.17368345333,8208.718028408066,23144.42058081145,55253.73354180624,18710.92737600539,40147.56948387483,1590.247279036754,37825.64546314828,25839.12715903923,16675.13393899035,23178.64588656044,64625.54821497212
3965,15907.74220129268,14435.73368306556,78466.41555824914,48481.98119477824,74291.3946720662,42516.08785133183,12892.17366152072,16797.27130026742,23684.16881587076,126057.9328912106,90502.79200869496,52852.32506868665,41364.71961544726,29233.10829840021,125355.3769830141,60272.0631980964,43283.39941571125,29813.17667303448,130156.2687641136,33229.53621853756,8156.608858721665,21894.14561059882,55254.95489435983,20129.27548681917,42017.29263453628,1588.142189549431,38877.7811395482,26241.05628946934,16902.56730090156,23714.76213434953,64652.06478960028
3966,16976.80794196053,14859.65676428042,84626.47051440715,49632.35314585319,76934.02959625858,43333.32687089664,14274.45837960492,21097.47228142688,24062.39262889563,130765.120276177,94357.1960767496,58348.02087881281,42974.21426657966,31884.7322716557,127322.5153879365,60272.88137196934,42536.84728746048,30764.719263468,128972.8774048614,34331.59618140537,8231.632803005254,21366.90976468579,57652.0566383339,24074.90921245271,46072.64017900686,1588.163120741361,40215.87911877856,27651.71326999185,17482.5223774855,23652.33324742402,64626.95720888271
3967,18507.26558617709,15543.14079354491,88647.85321374075,52841.04380875687,78622.19958938191,42791.51836481006,14874.56251833575,21635.45718320615,25306.17537185289,138294.9865761375,106988.1168206563,57180.5269920522,43560.74691650528,34127.37925757063,126653.4231523973,60829.69736242385,43689.18777193604,33468.95191367984,132397.3462000294,36542.45960980204,8209.038406838623,21024.79061731747,59655.33517592731,26752.0675204014,48019.09026354159,1724.612352819821,42075.30873188463,28514.76253547459,18301.28248248604,23836.90260891496,64858.83796387539
3968,20437.63006320817,16433.99233807745,89949.02348979734,52215.62914098901,77323.75444061786,43380.33072838136,15222.96223916463,20862.42941713144,27695.22418089401,141829.4379621862,119612.8390140501,56655.63041496954,46526.93563919076,36266.58191330794,130636.6979169708,60831.06582765154,44799.16210630047,37585.47250305284,147466.4459736059,37098.13208782543,8364.594549210073,22867.89275422951,65112.05988593688,29894.55588281654,51480.50260680325,1950.479676486794,44993.78984142342,27583.14000162352,18233.05247550285,23039.07053124847,65440.95598279925
3969,21854.43260428946,17541.86730574786,95467.76402131184,52255.35826743371,78049.7531217808,45615.77338547494,16240.95909422883,21134.6586552913,31869.76800547228,144773.2540176898,125206.8204424736,57287.3019643208,53063.35306238815,37652.84567750078,133843.5698839148,64716.99579638516,47410.2724953623,40287.26843897163,177442.9712147445,42943.61572041448,9064.175335513542,26928.46182365476,73378.911694036,31258.32357722863,53223.81587028877,2176.706679490201,47292.34814762195,29015.03932013018,17618.98239410218,22548.30869149712,65629.72266520983
3970,22373.00880031854,18089.22015011682,96320.05037286239,50228.83587871835,77900.57825997342,47845.25225733103,16941.05768322158,21413.15347477631,33812.06764700777,148422.8774577835,123759.3177536626,55072.79826681339,57223.67973617917,38808.42070191106,136993.3735793968,66657.38621501005,49480.08979494626,41135.24063219098,185082.9088586319,45652.23944307373,9509.321429004187,29695.44257769522,78246.08280280668,32051.11559296619,54562.23876673364,2218.331233885589,48815.43414219731,29390.60302451028,17130.00066546302,22799.29458765558,65766.46786118815
3971,22897.15051446485,18521.04899770815,100724.5773792885,50233.86659779766,78789.14314876516,48964.85353818776,17479.2120846201,22574.55400750653,34663.5706944534,149486.7735713646,118058.3833662382,58102.67039163608,60250.50528081397,37180.76885937783,139705.1782839913,70284.96923434698,50887.29753497601,42187.18557844617,191930.1339723038,46441.56198125089,9717.456585265465,32413.58843159535,84142.01301182857,30825.86832685137,51921.12338890605,2273.28270585047,48963.26985928736,30155.94709372145,16834.33729391836,22794.68211706744,66066.50695385947
3972,22905.01956107105,18221.46141854618,96593.51941284342,50967.22457105712,77268.45243791146,48957.984210993,15906.68150226618,20933.20445398994,34924.61862831505,141613.0429793667,125363.9809642761,51966.58349417245,58098.33358641766,34745.18882221456,138399.6665803847,71976.98415325349,50946.48041550385,41791.67368225251,181078.3421667545,45162.10104660512,9717.46050326244,34053.03664611326,80688.44254066916,28931.97343356378,48010.07998208552,2191.024580337956,50035.43870113996,28914.0426121391,16834.33729391836,23154.9906697271,66141.66929683357
3973,22118.84131057715,17955.86696126431,95768.701975572,48468.10376657511,75453.50657676654,48405.18132302829,15887.92630661476,20338.81741570752,35183.52412004555,133622.5802337871,128198.8524911658,53533.76219948477,57727.89963160099,35051.36903841214,139052.4395654463,72720.103596782,52262.48889689747,40572.01949509471,174367.2505862807,44275.93708928595,9936.43911344096,35566.76810010484,81289.9195925421,28787.1221415231,48446.91599608828,2064.566553712677,50412.02054443398,28851.12114607427,17130.00066546302,23406.38847046331,66208.48799393175
3974,21607.11332776083,18147.36790472942,98870.87960374892,47900.72098683328,74946.12159060677,48395.04329682283,16253.24498731145,20604.20070102818,35420.10418649717,141503.9277823471,126329.6654663931,55767.21030372074,58932.93678715631,35916.2807774286,141654.9636108824,72024.13217062409,52268.40833533003,40103.05383735398,186023.2454892938,45652.92360365856,9952.22251695275,35964.96149404575,82187.07772979146,29881.86009170802,48888.549431523,2027.512215381884,51611.7678162775,28813.26832317711,17220.97401075757,23652.78512494473,66120.78979438983
3975,21604.64812678886,18124.59017393696,103116.7734009661,49060.70623926028,75433.19112266411,48709.51849671524,16253.23071554016,20870.14171303004,35322.29871872931,147152.8646642142,125246.5290518353,58675.69284367569,58932.92038260707,36511.52412699866,142969.7187954086,71441.70658052184,52274.98644629653,39760.35544614684,187220.8691889449,45654.71877066288,9873.545655283557,35443.38292981571,83209.43223962016,30695.70845656889,50206.7097318505,2020.051341927061,52170.02924959928,29161.79235992776,17061.77065582956,24021.25749506822,66119.7256648744
3976,22130.14070987601,18211.19890335787,104944.0806414148,50812.03837992551,77178.73997167085,49237.97038546394,16595.67663838119,22322.83470429097,35318.14435416744,148804.9183031934,119286.5483462342,61305.80257792138,59159.97345109274,37720.54383537718,142971.6440999967,70579.40150418284,52219.08712257055,40196.58773572259,187353.8848403058,46295.82995738745,9665.787765938981,35148.79189525318,83192.8916050622,32585.76288480184,52362.92026151173,2026.566872792002,53247.29787854289,29985.15954261467,16891.19563439617,24936.28343206429,66147.21549770483
3977,22637.37450401373,18306.68844072114,105616.7598221834,55464.2152783495,80333.26084904342,49526.06059373976,17116.17622329009,24315.17325698996,35054.19554941293,150927.938461184,110279.1349280251,62497.86612548216,60689.72959517531,39407.18820169652,142316.1294610695,69376.0635834861,51735.18883550063,42450.91584502265,187220.8590293695,47033.30549734453,9665.431031797263,34921.25389531681,83209.4332907476,33884.8040415677,52803.4395446803,2105.713480906067,51461.01633352399,31561.1959216905,16948.05397487395,25001.31544408698,66497.87613157452
3978,22897.1572855844,18147.20014925223,106054.8179368518,59720.07516319284,82884.65105152185,49237.302589449,17030.66649112315,24579.84528225732,33626.80224037355,151520.5009735098,109509.7695350812,62165.50212676334,58497.57095946192,40265.38140589109,139706.6177185779,69377.08984645762,48849.67905363806,43061.66921035796,173225.9235720937,47019.33277257417,9561.655180852587,33705.20455968762,80351.69694871832,33332.31514097149,51080.2613830571,2207.819368764514,50491.16962269328,30398.20872061856,17186.85900594082,25300.50613357174,66478.46155330395
3979,22897.17928476517,17847.35048371491,104326.258922992,59238.43338121866,84088.38023352453,48402.6803526568,16082.01884844473,23785.80023782061,33213.44837512913,145294.2354924419,113622.5533366657,62935.56927628419,58051.4535549217,39424.98243940618,139052.6867311535,68618.57365856924,46779.8792915816,43344.10003355038,173337.3075838689,45378.85173737482,9140.47413563802,32174.74042012485,77320.62896262517,33842.30596986032,50193.21707451587,2273.683933338345,50654.84819317503,30149.4144739587,17118.62899630735,24636.61718134086,66601.65339018949
3980,22870.01800683959,17839.76235234037,101220.7412544232,58600.7553687053,82274.63945102021,47242.72347669231,16597.97980932575,22947.45516869461,32355.96993561743,146948.3080837629,113622.5507635385,66190.62250483589,59181.55135946098,36792.4333516234,140358.2437367482,70855.11457514837,49507.92274326345,42661.52884278743,175572.3437122813,47066.14489365452,9717.06671572319,31083.24787596883,77334.5396516146,33842.68276213362,51067.76416995001,2421.912187464936,51560.41101450921,29228.39803810157,17118.62899630735,24934.14116828627,66600.81923351374
3981,22635.57631825481,17787.18955335866,99326.80000020727,57780.99126619199,81953.93437826997,48392.74726847369,16559.50343293316,21677.70234209788,31773.21895887729,142723.0079145659,111352.8213565531,63626.67849458913,60429.03420373163,35540.60127059498,140301.3977653217,71976.98353535887,53046.44892447002,41195.05658406855,175572.4545881984,47861.07987858937,9922.913134679226,33358.05262902486,78330.39937830038,31763.30275564927,49459.55737948021,2429.592705171951,50484.96789863207,28882.27829222821,16743.36394862383,24388.66897302932,66511.04064888787
3982,21325.76821423803,17200.97496397308,97095.60234188772,55554.64854878186,80409.08262117079,50088.13955263671,15126.09553087984,19645.31428268112,31117.02525728692,141786.9481924468,107107.617070893,61513.18947905548,60907.04486843613,32958.33041253631,138405.12757138,71408.1277692161,51360.53843160118,38732.35971043931,170894.3647443015,47861.07742879885,10080.89008422156,33583.56945568138,74381.33951501168,28060.69441964788,46280.00327036124,2283.282724949927,48032.93468247818,28886.65290584548,16470.44391274023,24139.46468907574,66631.80810542063
3983,19268.72231267214,16330.11574337533,90715.23468804314,51874.29638058996,77372.9535352774,48230.33865845355,13700.09497272422,18523.74380890801,29370.95402945929,145198.885879571,105583.9054989971,59753.66780738664,57848.48974088755,30401.20082676447,133859.3641281582,69081.00893027736,49851.80583529029,36069.84770489952,166208.7780330507,45379.16315698947,10034.59053474824,31415.66980146313,68482.79461169634,25627.96317169281,44612.05818790504,2053.43731632441,45420.150246743,27017.98549817187,16040.36033065535,23901.95137159161,66891.61347291243
3984,18111.19400689794,15887.8164112826,83907.75725947223,51493.26661794021,74536.81081984249,44805.43015149222,12777.96329190855,16369.83193742314,26363.74961495335,152656.132037712,124140.1646088686,59035.24034460386,49146.09980352424,28635.93533580132,132254.8993944777,60880.56376507032,45514.51097120855,34565.10126846311,174012.5310855057,39692.99664003776,8895.606766717838,28483.51142966714,65327.56015406216,20909.84394450495,42035.40703784066,1919.093436296384,40907.88805235852,27848.22815104311,17591.84362516865,23725.9862989989,67610.32038872993
3985,16954.49049680388,15067.83515759611,82189.22145429949,50655.35076032077,73798.66188683608,42766.69697052219,12326.62203471313,15566.04742086836,25839.54184059937,151865.4654786403,117580.2665183431,58601.27910798685,45692.63293051653,27415.19873621126,130089.8409845081,60627.42103202927,43607.9760541351,32346.55191257748,166783.8502527037,37920.64258647646,8551.540484032006,26585.31104026361,61833.8997180299,19555.64937784343,40543.82028959223,1791.843039795823,39696.73353315142,26305.61046922301,17384.50987447539,24135.91600160679,66556.5184908658
3986,16495.03302432115,14829.953620288,78857.28937999139,49408.47397919625,73654.38868349128,42315.49914068474,11771.57350424853,15266.2117125416,24607.33659881827,147494.8893665659,112679.7501256677,57752.70623506387,44204.01200608926,27235.05980040311,128637.8092883733,60865.12849803071,42691.59684025313,32030.35487118688,159053.5052508445,35677.30731225623,8287.807519594995,25293.05926559848,59514.30823908836,19125.56666989934,39809.06580151476,1727.623515764056,38615.88254950415,26201.53238168266,17058.63470244921,23992.3111521689,65070.58633404063
3987,16330.17865066879,14629.10383592923,76693.58847551756,49432.08053390773,73618.41702507336,42464.72210395987,11899.81050451264,14976.23023767208,23795.09291524691,144742.4254142516,108774.6498869361,57053.44094880617,42333.20296191797,27063.47854541657,127405.6781963795,60464.62128139162,41808.47215040482,31275.78841609639,150964.422652079,34368.45735336809,8072.21986819236,24372.20757155425,57145.56074704266,18476.47879435356,39215.32893307119,1665.223438216218,38626.91888627129,26106.98953231628,17122.0502717015,24135.87903162875,64644.03719987408
3988,15861.92484371537,14395.22664828267,75590.61550074597,49200.16226225488,74404.1460640672,42456.92727723768,12019.37938883477,15250.67139621772,23779.91753347024,143603.6004950144,105508.6103466337,57050.19413726184,41821.5713368396,27935.18395278562,125683.1159802072,60336.84888966925,41718.88555081634,31006.34439855276,146945.3382458242,33716.55227122987,7919.086825696309,23718.91979744398,55983.20456592373,18482.77576195796,38799.22967000613,1605.263355776828,38088.43309889577,25744.64270887584,17082.90304844384,24272.58577774528,64639.27121034497
3989,16307.05429245624,14509.728336189,75512.96200648465,49200.27246103656,75417.94196877521,43249.71019787945,12401.45852738611,16349.62019635129,24844.22396085352,143504.7775295903,103305.8269036935,57051.28834469575,41655.91963432834,29800.50933045871,127689.1613470486,60198.3826219969,42156.88888774188,30150.80463546146,141993.6365583812,33172.04594664641,7833.547662697392,23046.36450728515,55953.01545253763,19126.42019189716,39666.10239133578,1594.72437769946,38641.39882749383,26667.48710173307,17638.69674280534,24477.71324117215,64341.80758880284
3990,17255.23389070812,14857.76147057544,78050.42886533275,49281.24984544567,76953.29202008924,45145.0162666966,13977.85657830097,19765.3130020221,26539.51710221484,145026.0547802299,105506.5641742122,59003.13216828655,43356.36957682268,31433.99722586013,131567.4925024365,61148.6380614711,42119.75742423555,30993.06029774265,138928.6821849503,34462.07877721031,7942.134326962479,24897.63086909613,59978.4457694605,23182.04494955239,42008.35241444928,1605.767867115669,40862.9883378964,28134.73994604866,17993.09973620363,24545.94623954599,64587.42945279247
3991,18385.9148374031,15919.99337300814,91067.32938040319,50180.00847987804,78192.83000317067,44326.71767794736,14802.9051074186,20774.30990363069,27245.78794222211,140884.684992823,99147.51967348046,62602.12793283493,47718.12448421424,32571.79665537431,133544.3431354181,62117.03787484694,44543.29314039725,36361.13764207203,135348.1823587015,37209.38687931738,8101.472337429371,27119.34645224718,60665.31747880643,26733.14499146968,45794.63248726876,1740.812091369319,44473.13991700411,29265.53302286525,18300.96165642773,24163.33410562974,64476.5768872229
3992,19741.98861496197,16393.10234817585,88818.00496132817,51494.06853564247,77899.84571994346,42551.92992917915,15144.3664623629,20130.64104237926,28489.07626532211,125201.2401565534,94553.02001874402,59930.11884786487,52378.54956891626,34406.87524225649,133690.4408419076,67059.30113275262,46169.7272114387,35639.84438007792,131940.5507452324,38451.71296952661,8257.222834719012,29014.91237421637,66093.34372721135,30859.58204336035,49581.61070284563,1918.626376428954,45497.47776160324,29011.55322651452,17378.75276773148,23596.89920676122,65196.25517100602
3993,20756.01062405097,17155.66774175601,89464.51174388098,53786.35591680765,78600.06537552609,43924.15877132684,15180.97328019487,20196.51767360639,30767.93982657413,124405.8519637605,97885.01422900893,57026.56151668078,55963.23302479149,35992.59613712844,133690.440831505,68239.95316110761,47004.79499059519,35936.31945934834,135507.7285742374,40681.89292918007,8657.252385060494,31044.27292038567,73380.92910368678,32129.54771588033,51845.15460578998,2108.517531207754,46193.91837957288,29655.36892782497,16636.62452567191,22997.86652579536,65373.28277680582
3994,21373.09651739755,17689.47137701886,90192.84694872343,52416.8418273573,79088.17606570577,45305.20448525269,15285.4204429763,21071.51706165581,33192.10980163693,127191.8643661977,103753.1268211424,56133.11457229449,58010.73239312388,37038.1519078327,132890.244523239,67643.17968997243,47819.01659585699,35934.43777609769,144729.3605522659,42190.421281708,9027.302151548085,33434.66357522643,79088.64071973632,30826.13175853983,52749.24442496308,2220.571309785969,46411.44408758205,28979.94874507986,16045.04874939363,22700.35628169433,66221.07153112709
3995,21673.5691120223,17853.91192814946,93874.84399905513,51493.26638493132,80558.6686600221,44942.57681474537,15661.17116148967,22081.37827376496,33807.78145912317,127676.3702545175,103097.5858197036,56251.74386540928,60033.7175024531,35715.78783302125,131686.4485694326,68156.52790649098,48366.79008597233,38054.54130273095,152961.3291534699,43678.35160814881,9001.365144386647,34805.20829364366,87031.05120916496,29497.52625151796,51365.8850048187,2252.448602293823,46728.67586926462,29265.66452053343,16062.39747020239,22768.04128545325,65977.99323140395
3996,21381.2703550487,17416.43348295326,87099.0013163399,51493.61342653999,79359.87490494514,44001.03720701189,14978.26745731604,20781.35288165359,33397.09553443736,124917.6936262545,99152.56448825295,52191.95500947264,55934.68847195318,34589.91572485262,126044.5358862486,70546.93972652168,47718.3924197269,36612.8561469683,156971.456141642,43701.9929406956,8885.553650643918,34841.44362232452,81778.70550794485,28012.45972514851,47560.95035650711,2219.124232348219,46264.21624305617,28858.29212441119,16693.77763503631,23042.77015553605,66031.42643635315
3997,21079.84231837403,16816.53912229543,77096.08096920475,49605.388112332,78553.63080679935,43562.33667165023,15078.39094743014,19908.07804499579,33360.98648956352,127819.9244867722,95813.8657969603,51201.62158376893,53233.78622004341,33853.35167739299,126852.68636646,69498.14460044514,48375.9671369545,34565.06970188431,158846.9915003632,42432.48983923545,8914.590583543464,33208.78544232928,79242.76228784055,27670.86901514047,47110.20290710715,2066.966833521122,46000.85803758931,28659.92649802065,17017.81544572161,22769.62662244947,64957.75795001654
3998,20634.44013788528,16651.18599317574,79926.62246049673,48803.21836424348,78830.70663119204,43126.4098171792,14509.69727042616,20036.60620263172,32912.65280530598,128072.2419659688,91919.13441746363,51756.27350763824,53830.72868856258,31709.27764763608,130087.1448927749,67782.24410312725,48403.56376489335,34153.87481171235,162985.4891493106,42681.55795860979,9001.563717553963,32915.85095797507,80531.01080008507,27812.57988575838,47085.26960000186,2048.943217152775,46524.87818922022,28492.86954805996,17137.85079189391,22769.48369414133,64423.4721596247
3999,20341.35943725842,16612.32743431297,83349.40870055012,48368.73339363573,79218.0929971363,43265.04381818257,14977.36416284715,20487.7116623298,32296.01012827171,129127.154342059,91195.4108493794,53458.00992575749,53782.82034131601,31424.46440626098,133721.0858017618,67673.37036814485,49282.32725967146,33742.56474187385,160980.6901551567,43677.83396305332,9028.051751114976,31795.53564373508,81681.3097258583,28226.45079446016,48463.38867051555,2011.173875048906,47602.202292688,28009.28647895813,17057.86188872849,23179.84058587006,64767.2252429105
4000,21080.56349001067,17112.88945424965,87180.79761236237,49201.1175530199,79530.30300879561,44629.98083314184,15784.52252116256,21724.53396816362,32383.5904810753,131799.6818638333,95861.00896349715,56132.22329609767,55275.3958708357,33792.35505717354,134489.5093330786,66426.36984864189,49652.71873159843,34838.14925826968,162986.0352566419,43933.64588758292,9053.25722104573,33292.60988307029,82851.14262856646,30375.31507728641,51169.47027568053,2049.371713354015,48598.30612453982,30048.95360834691,17030.86149595176,23923.96642785601,63490.07869504054
4001,21942.72709321401,17734.873892848,93663.34214310239,51906.72655373797,81361.5913767639,46855.99998209666,16558.24492746601,24267.90261956703,33792.50506404725,135857.1391080929,100466.7961254817,58180.15656305073,59010.0175506078,37742.46715411207,138082.7551970587,67492.56622783103,51102.05958229265,37866.16179198917,163904.1407275049,46408.60369743539,9241.78671659593,35128.98789488129,85186.0758837327,32345.91936823006,53196.30893335726,2109.800575741599,49891.49876912663,30580.80880160219,17376.86196328133,24888.0046310319,63436.74590050679
4002,22579.11850466095,18514.29711763912,104249.688155492,56177.80713573001,82516.97785056604,48512.16037537504,17286.97426428814,23677.0185476082,34950.5431285888,138306.6729811483,103751.6298344952,59641.63952995605,61749.79988790089,39632.30869142863,142495.9033251337,72199.35166523891,50726.83774107196,39551.49841981633,170003.8142336095,47162.74322935099,9319.286179170977,36158.52366070022,82994.31524003035,33869.05310356174,52101.88171193402,2169.552425007845,50817.65278444744,30949.97727795591,16720.67992036817,24754.77839591531,64028.3356653126
4003,22861.02747959059,18874.19029613313,103828.8029155651,59426.96597211826,82201.44953137737,49291.23179160408,16958.11272650968,23651.44780137385,34861.88098264386,137858.9461344451,102486.0998285622,64171.29423361802,60533.72298771777,40194.70973852318,138166.94498588,71170.29095046235,52228.71758920444,42788.21134079481,174014.9012951401,47913.41933342818,9534.322732765253,37073.77617221286,79377.59654318217,32806.96982109945,51609.88202421017,2188.820974930048,53241.55102508373,30917.62484440272,17490.05440364308,25147.59065378238,65578.62784926487
4004,22861.02748131084,18543.39702320887,100607.2236037088,57538.58788696147,82294.76703536024,48243.14819422602,16573.26892173757,22805.8918777279,34160.79475521424,137412.2133158935,102344.7244919107,65541.25011882967,58515.65525271081,40544.59818639753,135618.053251919,69893.72866949117,51349.04278404218,43335.24593631696,173011.2561736683,47912.34652137412,9529.961946814272,37202.14610554768,80514.97073666782,31262.48830555583,50042.38601351398,2351.103939858405,52114.09424473517,30404.34617346244,17034.44246312866,24622.55001095681,68045.7998192601
4005,22562.88099733061,18538.66349663605,100647.6207925371,57121.79569440336,81104.44012819346,47417.90307135618,15765.98592934241,21503.76765276337,33359.54135651436,138237.670860278,100040.7090869809,63321.80043458415,57823.9799893478,39524.2954229647,134890.7520652405,68255.41881315857,50409.27690309177,42257.60584144951,175014.9697845816,47337.59418237445,9425.3831383338,35814.32252932702,82142.89826372909,29527.12040264538,48460.09862608543,2371.122452471871,50087.80563610444,29493.24138691719,16792.23530122279,24341.31862007011,68317.93007144761
4006,21502.0185041121,18080.82700859505,98311.30633942514,56003.99243803158,80100.60186066423,50170.9183194994,14796.35074432819,19474.13404469497,31784.13334460417,138253.0782966308,95206.45646854733,60890.04977644906,55934.21528651912,36322.78545954604,132855.9092854988,65859.97084761076,47908.193506379,39941.95618497029,178057.9065829464,46146.43975329658,9319.491351167311,34100.52246462757,75078.03106812447,26090.80715330413,45759.30904230824,2317.2488654973,46946.16033730115,29826.34261648292,16617.79618365678,24403.04915770906,67529.24840623
4007,19752.16631305115,17029.56825270724,93309.37125764685,53404.43532646145,78117.85985796807,47900.62925381934,13483.44897926758,18176.15358633742,29768.64793670226,129960.3984402993,86075.18102941956,58226.97977620371,52702.37435332983,31712.00889705685,129999.0920037596,63466.80097135142,46501.82930853598,37042.78243793509,180823.9475324694,42751.85091607197,9107.54570069622,30821.79532709619,68838.58703884823,23727.70480569548,43726.64486617636,2092.989084580683,45000.88631229658,29882.14993242641,17424.350126767,24346.77961767728,67804.12877708106
4008,18154.51943578312,15976.89142728175,84525.18254601028,50998.92006122966,74630.65878934294,44280.7590258143,12740.00543594373,16666.77811139184,27144.40822654909,155164.5397620416,124235.9530119283,57861.08876811387,49755.66306890615,28941.88901362822,133525.5449225375,61680.72546332586,45781.45332918992,34862.06069263507,183817.0070405491,39461.42261387861,8697.306164683238,27998.63621139153,65623.24314698011,21168.4701614011,41380.11991325537,1901.075747908137,40516.12467314184,27621.03071971751,17591.29527776156,23812.39556314826,66410.08347248189
4009,16950.68270069144,15156.310320268,82637.92555202165,50058.54951373862,73693.50509319596,42347.83721076366,12291.92858402861,15843.63843524782,26572.75918846821,154325.4067880889,117738.2804108503,57489.20317822806,46341.1922403844,27654.35453749287,131360.6650094098,61418.25290815993,43322.41398624727,32623.20362232053,174618.9781494465,37538.30788175554,8235.402881532931,26458.90913974287,62290.52872688656,19880.86381620832,39780.3768904848,1772.048648052104,39374.34110649453,25933.01019016772,17384.02753435775,24187.9175194938,65649.55195552197
4010,16472.50330661135,14918.25476186979,78978.87341484426,48659.21306407296,73510.33587120859,41920.05679479902,11740.89453999697,15536.5826724591,25229.03829068018,149686.9223489382,112884.2490438372,56762.01375027787,44869.38060642579,27464.35852162413,129908.7530250903,61664.72131447717,42140.47259099104,32304.11223954292,164782.6140451363,35104.14913888169,7881.345746967224,25410.69786977098,60077.79623266229,19471.9290609377,38992.34470453816,1706.932474210423,38355.39771690055,25819.1219918702,17058.25610876325,24056.36624702304,64577.1509287063
4011,16300.93146541661,14717.25804682099,76602.74621832227,48685.70606880191,73464.66626290133,42061.53500475473,11868.2040435297,15239.61843341782,24343.28584076071,146765.7373873352,109016.1915716766,56162.77432167387,43019.69646525599,27283.3884570517,128676.7235153484,61249.45301405701,41001.42271699528,31542.63878459374,154489.779547819,33683.96526928815,7591.922897357557,24663.7481324258,57818.17224548785,18854.75802236173,38355.55545056442,1643.661150440882,38365.80192854891,25715.66779674888,17121.65148887694,24187.88365261759,64269.30933084705
4012,15813.59730481467,14483.20976744698,75391.48634549777,48425.43039779726,74462.22764941448,42054.14473379803,11986.90812479846,15520.66814476847,24326.73707361236,145557.1045821071,105781.1328341468,56159.99194775531,42513.8421099028,28202.79299149272,126954.3033147051,61116.97144631784,40885.8743622205,31270.72838416424,149375.7545494045,32976.60758029438,7386.344325299947,24133.83312609146,56709.36351120251,18860.74535656204,37909.28446186735,1582.86388963039,37858.15883830057,25319.16717057754,17082.51672862681,24313.11581906158,64265.86970405028
4013,16276.8648384472,14597.79521851028,75306.20904157936,48425.5540709414,75749.34267018155,42805.78178773508,12366.22380856368,16646.07967088008,25487.36416691857,145452.2239495325,103599.2444228049,56160.92963513996,42350.06092226764,30170.18770528343,128960.1832944323,60973.40186940899,41450.80890823627,30407.35735189457,143075.0343717276,32385.7842442705,7271.509416401886,23588.28925558186,56680.56515047055,19472.74061369915,38839.01489102657,1572.177763581555,38379.45250630077,26328.99630652064,17638.133479123,24501.02576039104,64051.18944982944
4014,17263.68075270623,14946.08295485587,78092.7975211217,48516.43282280982,77698.62270179801,44602.72043611253,13931.22028242532,20144.02248012763,27336.08282569588,147066.7527150265,105779.1060711853,57833.57348084305,44031.30963190171,31893.05894743782,132838.1947033134,61958.67989917065,41402.91692954467,31257.32268600268,139175.0781378321,33785.55035555885,7417.285213840836,25089.94574560529,60520.55186638803,23328.94289085913,41351.1035351902,1583.375445088644,40473.79666684126,27934.54831881369,17992.42364390131,24563.53157266482,64228.45537542439
4015,18440.4345599018,16009.09192790828,92387.66205823363,49525.08559079126,79272.33980740719,43826.89199118286,14750.30150247917,21177.31606281607,28106.27179668608,142671.5245292994,99480.38181491716,60917.75370239816,48343.81223873251,33093.11798795364,134814.8823561217,62962.77103141655,44528.78135599655,36674.53726563928,134619.123654826,36766.55106149962,7631.193852579767,26892.0924778353,61175.78075666082,26705.42885451156,45411.93012530358,1720.305192161607,43877.17062182545,29171.92680269509,18300.18755243746,24213.03426511258,64148.45279617076
4016,19851.76547977355,16482.54700366259,89917.50506245204,50999.82003201052,78900.36703651791,42144.21669620062,15089.29317792416,20518.14763261855,29462.07880438109,126026.7131909636,94929.46439055054,58627.9600736151,52951.61248277151,35028.61082713122,134960.9680176802,68087.1862181447,46626.54800772542,35946.64157330253,130283.1327934374,38114.55238289564,7840.286314325195,28429.68259869055,66353.74858780167,30628.96145599852,49473.50548112324,1900.602166828544,44842.8377593463,28894.0075778713,17378.2722604607,23694.14348942036,64667.8464488089
4017,20907.10674404755,17245.67024827472,90627.48412914427,53572.39282679818,79789.36573176949,43445.22611174713,15125.63523048699,20585.61057545575,31947.1815183054,125182.569155773,98229.85216917432,56139.73983695883,56495.81821563556,36701.10129097199,134960.9680072784,69311.35232760187,47703.61431507713,36245.83046699814,134822.1358964654,40534.43678865372,8377.31935696305,30075.80035765614,73305.60934145433,31836.48059569275,51901.1809547236,2093.144631631899,45499.3885463294,29598.50755467454,16636.38028419728,23145.3910500628,64795.60772334786
4018,21549.33758421942,17779.86438500972,91427.32531090495,52035.42380731714,80409.07093891202,44754.59479860945,15229.32696073428,21481.67997971894,34590.74100403992,128139.3590261714,104042.3013694166,55374.0953141094,58520.1975195838,37803.86916239982,134160.8376706803,68692.58418860617,48753.79333004424,36243.93155957082,146556.066238517,42171.28417405197,8874.105036557517,32014.76803652737,78750.37798936176,30597.15598280898,52870.82712641177,2206.762934407037,45704.4550962942,28859.42414600986,16044.99284345706,22872.85254361426,65407.45902926444
4019,21862.05380245598,17944.42523183157,95470.81085491744,50998.91979973007,82276.00795974798,44410.78770231686,15602.35999587611,22515.8586855354,35262.13148696326,128653.5642398591,103392.9786596502,55475.75537248616,60520.3393759678,36409.1462247126,132957.1409630536,69224.8523539247,49460.30887882962,38383.44166684394,157030.7139337,43785.78141595535,8839.285034232842,33126.48670312989,86326.89736011137,29333.88043643244,51387.15909104032,2239.085306019705,46003.51688353882,29172.07069496736,16062.33604108384,22934.85635759776,65232.02880048688
4020,21557.84448849116,17506.62675139096,88029.73429740244,50999.30927524188,80754.01971557007,43518.11451461889,14924.39551323889,21184.5286359989,34814.27812559456,125725.7857766272,99485.3787758871,51996.69584801888,56467.59598372677,35221.66716045498,127315.6934237158,71703.36513114389,48624.00876342593,36928.55990116051,162133.3411968682,43811.43373684253,8683.810022939308,33155.87902484232,81316.51682133993,27921.83734494319,47306.32526566472,2205.295652495192,45565.65997910094,28726.30051099353,16693.51519815538,23186.52566114359,65270.5916807573
4021,21244.13389595906,16906.29354090991,77044.7543344481,48880.20452700053,79730.41241521582,43102.18277671903,15023.79484254432,20290.22531038582,34774.90118046331,128805.9180841607,96178.35011320114,51148.02389502938,53797.19192630993,34444.79882923222,128123.7772764829,70615.91563859893,49472.14539397304,34862.02883710844,164519.8386526028,42433.94366256066,8722.791624200014,31831.54677176704,78897.39948211209,27597.04327436176,46822.89371999303,2051.013792224433,45317.38606658595,28509.23749294932,17017.44984735593,22936.30862818585,64495.72239623556
4022,20780.58251733594,16740.81944850693,80153.19071973415,47979.95088180308,80082.18781084636,42688.88076415622,14459.21434290328,20421.84843060379,34285.99290423458,129073.7021636433,92320.5631439699,51623.33606691234,54387.3938074964,32183.40252668385,131357.9691399542,68836.77395623215,49507.7393887258,34447.07003319613,169785.8092800572,42704.19811240298,8839.55161541952,31593.93268302408,80126.30093719957,27731.78596251198,46796.15247673446,2032.738525405011,45811.39206518957,28326.43422000558,17137.44697877637,22936.1776966687,64110.12697884219
4023,20475.55939716549,16701.93246285306,83912.01683847164,47492.34002449359,80574.01344175654,42820.31958476718,14923.49875200664,20883.81652572742,33613.54352364173,130193.2787402055,91603.70462967567,53081.64892595009,54340.02643432297,31883.00449843315,134991.6104510305,68723.88757364472,50641.16421480673,34031.99499530857,167234.8322075321,43785.21973872887,8875.111361554822,30685.1878383031,81223.60787000955,28125.30608233414,48274.20018008799,1994.441837857074,46827.01058271592,27797.26995720295,17057.48354107745,23312.090985707,64358.2144556449
4024,21244.88445381672,17202.86066651868,88119.56113213366,48426.50249506278,80970.39519253549,44114.41562294009,15724.81919507523,22150.42155643323,33709.04997525181,133029.6273141853,96225.04609190502,55373.33152982123,55815.74801854993,34380.46451543619,135759.9706301657,67430.92763473878,51118.89331045673,35137.60805464975,169786.5041663204,44062.79163793655,8908.949287269243,31899.54104750061,82339.54888813061,30168.50678158549,51176.50215615068,2033.173004382408,47766.06085899888,30029.19043136337,17030.49174421303,23993.75808660773,63436.49453523073
4025,22142.17940290079,17825.30011483012,95238.54431983155,51462.93508452369,83295.398435123,46224.90316191662,16492.94551755447,24755.03461492372,35245.4725647234,137335.7992712468,100787.1439531579,57128.31977938197,59508.19889474443,38546.72405997315,139352.9202513118,68536.41972053803,52988.24599908304,38193.33780532395,170954.734005402,46748.27528379529,9162.047011014607,33389.12083810119,84566.91639333834,32042.2128585036,53350.30867776759,2094.445590369475,48985.1836766762,30611.17681434282,17376.38205797177,24876.87904550716,63398.00412141315
4026,22804.50242026104,18605.29352291824,106864.2290990077,56256.25454344482,84762.27680612043,47795.10792596894,17216.40419086626,24149.92203361203,36508.31409062802,139935.4850934319,104040.8185827958,58380.74605480843,62217.04400928833,40539.97644099026,143765.7045402403,73416.67832221035,52504.28671691604,39894.10133130127,178716.1740846003,47566.56372959942,9266.0887553156,34224.22976480412,82476.12582098496,33490.45132472719,52176.52357042614,2155.031710600738,49858.29063215367,31015.14208343817,16720.40891880868,24754.83525085345,63824.95596327039
4027,23097.89859050764,18965.4499795294,106402.0224866535,59902.69857010409,84361.68213295266,48533.74511006334,16889.92120218626,24123.73554290389,36411.62794264768,139460.3134093862,102787.293065796,62262.4598331688,61014.69887218323,41133.15169091075,139437.1030991605,72349.69057192598,54441.4039455895,43160.44182919759,183820.0229790307,48381.09414010215,9554.771765249532,34966.63771985323,79026.02219039391,32480.59261809169,51648.84855013934,2174.569293062274,52143.35594338713,30979.74019957395,17489.53846210617,25114.67652757067,64943.80578578637
4028,23097.89859229796,18634.41471638343,102864.1572471343,57783.42237111458,84480.15801209082,47540.05762399176,16507.86084813652,23257.81860270844,35647.09279622443,138986.1966856013,102647.2587788677,63436.45144693859,59019.41886384755,41502.18579670473,136888.4215069316,71026.07934402367,53306.80371586496,43712.48376085098,182542.9494662786,48379.93007208664,9548.9174823708,35070.76511475033,80110.99980773115,31012.05608101959,49967.69201715419,2339.118095239505,51080.47618403997,30418.08131018214,17034.07157134429,24633.70555108265,66724.37008799962
4029,22787.60326880174,18629.67772702208,102908.5205225016,57315.66764521719,82968.91927584943,46757.64317385739,15706.41667242613,21924.33918034946,34773.32526160462,139862.2532686749,100365.0986656343,61534.48121226512,58335.55389672655,40426.05275993244,136161.1802821296,69327.38798133112,52094.69831264505,42624.97937910364,185092.5454588202,47756.2879232556,9408.522164910466,33945.03068602095,81663.93193826926,29362.01938906922,48270.67157162599,2359.416111567771,49170.2467311261,29421.0983231566,16791.94151911397,24376.07952052258,66920.76718495529
4030,21683.51286960037,18171.50631090872,100342.833046849,56061.1869588534,81694.44646869223,49367.77542655915,14743.79454497631,19845.83192320875,33055.34144172853,139878.6051527144,95576.70251191166,59450.57843098055,56467.12814143367,37049.35834856098,134126.5052636863,66843.65344654396,48868.81326987962,40288.13319083822,188964.48575229,46463.81104698452,9266.364195320872,32554.88011512144,74924.52918006174,26094.67594164293,45374.04534610306,2304.79032746548,46208.54455562123,29785.59674720018,16617.55793642005,24432.62866080925,66351.57361597223
4031,19862.35789756383,17119.47851175358,94849.82153195977,53143.77356702875,79177.15773027386,47215.31560372157,13440.38857358846,18516.59604950319,30857.45283522497,131077.5991786541,86532.04397988187,57168.44520251766,53271.78068492643,32186.28322821549,131269.9235104024,64362.28096224603,47054.89165636384,37362.42156562683,192484.0939845741,42780.47035709831,8981.83067161198,29895.33744386934,68972.52397793316,23847.77165474861,43193.99089253476,2077.399372767015,44374.6894370934,29846.66430536568,17423.85510300739,24381.08214534336,66549.95548058033
4032,18332.92544298427,15704.1447307319,85869.98501161979,50710.03613358467,75134.87313286541,44391.3257083387,12465.99624316695,17243.06553659421,26664.96451302159,131516.6517839033,96292.58959742477,53427.11054157394,53812.91271928454,29707.12937075795,134258.6114833522,66474.84729965025,47127.35519228322,34293.7353154991,165589.2933471129,42441.97011905216,9186.723671358164,28627.07595607422,66837.55765506829,20544.22105241574,39842.72884971956,1800.10564824471,40563.58010651607,25820.4183776028,16883.8242128727,23945.83385330175,66841.52177502486
4033,17434.53456244664,15100.91767773725,83208.61509296235,50492.78662186344,74973.48475014688,42906.70658008735,12005.44456929451,16531.09259353779,26676.87266336174,131245.8586113531,90931.91854368131,51705.38179515245,50920.40742980874,28886.95080187866,132827.1235213548,65716.18505892034,45554.909217579,33034.50644201851,160325.1644971369,38688.02831613801,8526.902525922857,26964.88173922992,63104.83850742385,19304.59241607234,38622.9041692139,1720.177382012188,39406.85385493347,25382.19697963988,16566.06327598579,23862.28696557961,65617.52339717354
4034,16791.73746537948,14807.91837413311,81612.20681778471,50054.70709664874,75006.14201197958,42151.63227972492,11919.21358015069,15961.4209185312,25740.45128596596,129309.5628129144,88392.09802647175,51074.25116437891,48506.10859607056,27933.91972500158,131322.1754138042,63950.93058323154,45334.24555911069,31871.57135461193,154038.6185309111,36844.70192425579,8052.291363666827,25563.94148540451,60387.31254632859,19062.71416797208,38377.40066105552,1676.797569219299,38036.66771341096,25383.18603246457,17001.51344794405,23583.14914319806,64469.81979189729
4035,16407.56999915552,14586.41130086461,80047.08162274529,49556.64729486445,74742.08045746096,41879.92030362147,11596.79759196601,15677.68887818006,25120.87097646378,127234.3487082697,86151.61659698756,50024.00064519699,45135.71765199925,27595.90282517852,129182.6174511014,61921.49527914356,45134.99273924445,31310.86815859926,149859.4352060464,34982.86113218165,7164.971881125961,24611.10956362211,58588.37819022965,18563.10101791315,37893.6476687457,1603.821374033124,37631.35577534589,25462.59445233082,17060.35806547972,23643.11550811755,63649.25909542428
4036,16407.57407795683,14483.06253417202,77306.34034643398,49008.76354951799,74528.5505806592,41879.92031668236,11683.14792589605,15397.54706446084,24598.85982536875,125992.8611620884,86576.15591769226,49856.00434727741,44136.09728273751,27596.0848385098,128237.0018100304,61631.34857770678,43006.15793240633,31006.15781030172,139700.9825797142,33426.33492350799,6937.410234076152,23689.74895178157,57228.36458081003,18814.83437464169,37888.69263690335,1560.606199092209,37623.21975249909,25295.92052808676,16801.44174887133,23567.36905989406,63345.74057115112
4037,16655.17592734433,14525.97087805706,78435.71041108781,49008.80683920651,75134.26201486717,42164.10368064133,12621.50569357286,16997.69883930323,24821.32270138238,127525.0802336605,90274.20183939725,51541.47261905775,43689.51341044104,30502.84997456945,129729.8052575935,61049.31800959532,42255.93728757251,30618.77417874036,137946.8325591037,33104.54136257546,6856.948420152417,22710.88385471255,57229.50401293505,20096.22609624232,39980.58553681581,1558.471606461377,38641.08554446245,25728.08761341576,17036.82021901401,23950.79623365646,63403.59955559669
4038,17716.74072497093,15005.03700336426,85648.96471097227,50131.22249131466,77395.96773256203,42976.79722054817,13874.98970067607,21614.95779669028,25246.0740619565,133083.2211698805,94036.93668903894,55755.88518315017,45456.07824709413,33473.31705196359,131439.7984547161,61050.1712385233,41237.61634291799,31661.33100233156,136608.8720574101,34346.10048338962,6972.792957325039,22298.10044323618,59465.82367829904,23660.86749418114,44517.80952741284,1558.492831007088,39935.59935090815,27244.87121907055,17637.03532171783,23906.14746247356,63348.81498622549
4039,19236.4601374964,15777.42723196591,90357.89283805857,53261.93566582389,78840.79224878037,42438.00225087386,14419.17638714835,22192.60884545815,26642.86187419052,141974.3178489163,106367.4564858765,54860.58437414272,46099.8504734749,35985.62992327118,130858.1702539974,61630.84427920696,42809.4455646285,34624.22118759589,140480.6292334235,36836.81582274163,6937.904930687503,22030.24857034701,61334.73525040217,26079.51808289429,46695.54643484316,1696.854419448547,41734.46411540354,28172.84945533306,18484.39781642576,24038.15037962342,63854.77720738195
4040,21153.28049517152,16784.1589164972,91881.52731136215,52651.71980346332,77729.51471657625,43023.53964279438,14735.11236793781,21362.58499474619,29325.80170286707,146147.7185082181,118691.9251522096,54458.06378244071,49355.50882107249,38382.05985633594,134320.7495685219,61632.2713769888,44323.48600459161,39134.48344285569,157517.985586831,37462.82552867453,7178.099304489894,23473.24982618256,66425.45816533397,28918.56622779207,50568.26090702428,1925.88730738458,44557.88523163756,27171.13904272765,18413.78427702866,23467.54559019909,65124.95474255196
4041,22560.1422489307,18036.14398550004,98343.82012404225,52690.48343406506,78350.86250593358,45246.54877813845,15658.25270249416,21654.88595785543,34013.88084596839,149623.7102605443,124152.8650270477,54942.465504432,56529.81360635553,39935.01416420622,137108.4178046742,65684.69589336593,47885.1239631045,42094.70384419349,191409.9068325669,44048.23264275345,8258.322600906473,26652.34996894751,74137.8230307703,30150.64784476789,52518.72327195701,2155.284915616651,46781.57550580271,28710.76309113003,17778.26240325486,23116.55562117221,65536.8423522668
4042,23075.07993110513,18654.69536415166,99341.82391358791,50713.20952164379,78223.19082688417,47463.62729879093,16293.11639824147,21953.91446965917,36195.11425056813,153933.1034894942,122739.788267068,53244.25793828398,61096.14553280076,41229.54068836313,139846.4777592093,67708.22327729904,50708.42086095567,43023.78385085266,200047.7380310146,47099.71495862513,8945.673068374617,28818.67413676739,78678.53578632906,30866.88747463869,54016.18419453414,2197.49284435752,48255.05194697933,29114.58122519674,17272.19869189952,23296.05925161643,65835.21943445227
4043,23595.54408175483,19142.69562169508,104499.4034472412,50718.11798436379,78983.6713121474,48577.00136248681,16781.12579795484,23200.94618663181,37151.36572252878,155189.3280790795,117174.4390934126,55567.7364552205,64418.35823482681,39406.17272198865,142203.7941458844,71491.23184436923,52627.89715862523,44176.3464295397,207789.3162305425,47988.95023579452,9267.054742941089,30946.76449170211,84179.00513653278,29759.95068546597,51061.23842902194,2253.214469407675,48398.07239826867,29937.50370237797,16966.20667961691,23292.76043989607,66489.90268216963
4044,23603.35791634917,18804.13830528761,99662.04861005043,51433.65391777693,77682.18435906977,48570.17024245823,15355.12295651903,21438.57834350501,37444.52670622263,145892.2041821384,124306.2878031585,50862.23553077254,62056.1566362781,36677.72766804326,141068.9395132135,73255.74196025459,52708.62449771632,43743.00415948918,195520.1132361919,46547.53466254274,9267.0607927236,32230.32104836159,80957.07783211653,28048.9312119405,46685.46550719486,2169.803483982826,49435.31884072829,28602.16819313488,16966.20667961691,23550.45098853818,66653.90640037258
4045,22822.69577029382,18503.99586626668,98696.21016082203,48995.26665977883,76128.85839872641,48020.442041607,15338.11536214172,20800.36657417411,37735.28169331131,136457.2455851239,127073.7376346103,52064.03742338762,61649.57212329382,37020.72436031095,141636.3817231403,74030.7007155029,54503.70209408734,42406.69109475961,187932.4497065246,45549.19974355758,9605.185853850058,33415.45145723147,81518.21169418545,27918.06683170197,47174.2085362338,2041.573129230919,49799.63476001644,28534.5130158036,17272.19869189952,23730.24921070342,66799.70434035092
4046,22314.55825184809,18720.40685930718,102328.7745250544,48441.67239652871,75694.61168770156,48010.3604030566,15669.393801206,21085.31682572193,38000.9648725548,145763.3634129659,125249.0054491859,53776.77263962664,62972.2085572619,37989.6369480358,143898.7026670594,73304.91005721687,54511.77639715118,41892.86927383123,201110.8971121458,47100.48572051001,9629.557020846043,33727.20497105726,82355.19426712624,28907.09634849967,47668.31904003911,2003.999468815243,50960.30418165353,28493.81244720973,17366.35008050517,23906.47064260727,66608.34746887168
4047,22312.11034759736,18694.66624805581,107300.5989499344,49573.46772787524,76111.47136645782,48323.08649333748,15669.38085927239,21370.86592567845,37891.12777590624,152433.5009625149,124191.6292473105,56007.16270893216,62972.1905517968,38656.45501529168,145041.5924687103,72697.53016121095,54520.74915058656,41517.39207524991,202464.9489171528,47102.50812041805,9508.072010782977,33318.85075772982,83308.97584984415,29642.35911609524,49143.10966464366,1996.434030104849,51500.38207150801,28868.55666385422,17201.58514975959,24169.99990527862,66606.02554554844
4048,22833.91588901402,18792.54086319249,109440.325284064,51282.23905604081,77605.40372017519,48848.59913511798,15979.91781447643,22930.66737580146,37886.46235839627,154384.208722518,118373.3946491213,58024.08065561389,63221.40167316252,40010.85265080927,145043.2660966259,71798.27920711016,54444.50068783607,41995.34960940589,202615.338461775,47824.7713984185,9187.27287438845,33088.2095879769,83293.54465405423,31349.90896175533,51555.53179041094,2003.040877107799,52542.56219214499,29753.86745264084,17025.05129715257,24824.42105067118,66666.00817273361
4049,23337.59075159713,18900.45148353641,110228.0140348391,55821.35891400291,80305.20831279093,49135.08698698393,16451.91746610494,25069.90297639343,37590.04365052922,156891.0231497986,109580.2043723864,58938.22287993062,64900.44634155507,41900.30666538914,144473.440623047,70543.38369160837,53784.44797060615,44465.30227005712,202464.9374305802,48655.5968651458,9186.722040892082,32910.06557029991,83308.97683046873,32523.51406730536,52048.3957528692,2083.296736753234,50814.46293624727,31448.47228904286,17083.89591468826,24870.93156154782,67431.14727705662
4050,23595.55080536582,18720.21728254195,110740.9679941333,59973.79304060304,82488.82200690721,48847.93505338138,16374.3754949606,25354.08952599654,35987.05825085236,157590.7076296531,108829.1367819043,58683.34723534493,62494.35548596149,42861.69285167168,142205.0454169413,70544.4539253129,49848.52047715601,45134.47367127791,186642.0478013908,48639.85546770298,9026.48165980868,31957.99640206015,80642.91895613328,32024.37376592055,50120.46104215618,2186.833653877076,49876.20581547315,30197.99116958685,17331.04330943521,25084.91097544968,67388.78480008042
4051,23595.57265019257,18381.3637881015,108716.873107307,59503.85610038828,83519.03664176588,48017.95498162119,15514.12244223087,24501.4987726672,35522.85528262299,150238.8734620517,112844.1063248028,59273.87858610779,62004.70159408602,41920.24056167952,141636.5965792361,69753.4387447512,47025.24750105251,45443.9187606223,186767.9802810479,46791.72173596444,8376.135644084217,30759.76564144673,77815.1554031696,32485.1196302454,49128.01374305272,2253.621320158706,50034.55309093186,29930.47962019859,17260.42976729525,24610.10151818043,67657.58854544045
4052,23568.60194539162,18372.78860817617,105080.3976479804,58881.67491665776,81966.74205099484,46864.44978045141,15982.00637691718,23601.34171099434,34559.89335028779,152191.9651555466,112844.1038128725,61770.03879896404,63245.08536427949,38971.14201914298,142771.4905919991,72085.8053378578,50746.38589132698,44696.06022053064,189294.9465600339,48692.59308439372,9266.45274504409,29905.21445819487,77828.1330531272,32485.46003927198,50106.47884839762,2403.927015401216,50910.62016002294,28940.17322414669,17260.42976729525,24822.88891627075,67655.76842128026
4053,23335.80518254494,18313.37724743462,102862.6447232205,58081.83269272529,81692.265811355,48008.07714520652,15947.11521315879,22237.96878076204,33905.45473029,147202.8257995829,110628.3553370695,59803.86049802833,64614.30975124216,37568.78406016159,142722.0755512577,73255.74131588606,55573.04860806694,43089.32114725591,189295.0719180538,49588.15123390853,9584.30037836058,31686.20426320918,78757.19695136594,30606.86598605173,48307.1769756125,2411.715176710794,49870.20609232457,28568.01417812568,16872.05529101126,24432.77042414175,67459.8721637791
4054,22035.1871550683,17650.90906775757,100249.9738595171,55909.59447825649,80370.10056634301,49694.03966530369,14647.27165895278,20055.73078459789,33168.5387616162,146097.5475442763,106484.1146639417,58183.11674348422,65138.96935866488,34676.00942614742,141073.6866410353,72662.51264950556,53273.41285493648,40391.0694285713,184005.9514714903,49588.14847402258,9828.232722606552,31862.76586419707,75073.01447802175,27261.78332692964,44749.81252654923,2263.354640268072,47498.03985230046,28572.71790292014,16589.60112519433,24254.54099222311,67723.38592779404
4055,19992.57421450182,16666.77026761441,92778.7394725688,52318.68209988303,77771.6218849476,47846.5718511263,13354.14523544308,18851.46583534113,31207.67298812661,150126.2867848691,104996.6414952895,56833.81530903959,61781.93059156459,31811.39916323742,137122.1474182807,70235.68727917818,51215.45341102444,37473.89043188097,178708.3549512024,46792.07257518917,9756.741548272075,30165.47418355068,69570.10581030385,25063.95780141724,42883.67396255927,2030.287913918772,44970.35833882024,26563.46680395285,16144.49309559865,24084.67287046882,68290.27946239844
4056,18344.7242777046,15808.7116548874,88147.0894241993,51936.14192448006,76067.68806792879,44929.59762288303,12288.73530260562,17378.90933804077,27043.24825449538,132770.904123077,99430.23229175566,52810.07382339874,56485.57064432859,30610.55346360857,135610.7489779838,67006.82387199508,48792.30993559596,36069.27951375642,173783.9527510222,43168.00359139269,9559.9191584036,28300.05123335993,64127.04567951526,20091.65098526357,40343.68504961903,1821.229203357867,40444.90284811043,26106.72354509647,16894.34647908559,23883.28222576217,67298.816133965
4057,17430.98646997633,15206.16749659546,85507.05290167588,51751.9686508222,75889.5799244646,43366.17686660495,11817.4569621165,16670.84513246462,27054.94362625593,132512.8627546993,93500.16949790559,50957.38468013757,53526.69245651943,29727.49262140773,134180.5049675292,66271.24247492974,47217.08202807985,34663.42811729322,167923.174677701,39345.86043039007,8804.29549792501,26569.69949286781,60088.34335576047,18837.5094462926,39101.42131604006,1738.894779121993,39268.83069597789,25675.23481658302,16581.68020064106,23795.84629979235,66332.49769130473
4058,16777.20867346005,14913.49988844719,83923.44134817437,51380.5867331274,75925.62046330437,42571.0242168413,11729.21757494688,16104.30095977294,26135.25452087016,130667.7482242697,90690.57812377272,50278.24816107563,51056.99389313469,28701.39360184836,132676.864647798,64559.69248114844,46996.02797688465,33365.08279575708,160924.0962345606,37469.04461061394,8260.773323455604,25111.31431623405,57148.05291872987,18592.79941828703,38851.40169475715,1694.209061814277,37875.7286010977,25676.20867397051,17010.14880363578,23503.71484356977,65426.41220904041
4059,16386.47859594865,14692.2435764902,82370.86211134648,50958.35653594413,75634.20225560352,42284.89012690148,11399.29222567782,15822.12661072353,25526.74506741732,128690.2571295103,88212.12058886777,49148.11210530196,47609.26424330948,28337.46128325128,130539.165943782,62591.99885400946,46796.42264382153,32739.09224891004,156271.2340625283,35573.37802228866,7244.619779347593,24119.41195154965,55201.65403982038,18087.33706727737,38358.74991621825,1619.03599355205,37463.63794210814,25754.39709261147,17068.04996591085,23566.4725929813,64778.59849566277
4060,16386.48274442684,14589.01180774216,79652.09046764388,50493.88809058404,75398.55078372775,42284.8901406556,11487.65373728202,15543.5227779315,25014.06137592884,127507.2319364312,88681.75299216154,48967.33745197141,46586.70607635991,28337.65725136329,129594.3720351092,62310.67930950245,44663.82155471005,32398.9019326835,144961.3975999288,33988.57295184651,6984.01739350731,23160.27136366708,53730.15567430114,18342.01758220087,38353.70373502936,1574.519870349005,37455.36584671293,25590.28388412203,16813.28485244025,23487.20021049145,64538.97763259509
4061,16638.31429787424,14631.87157641726,80772.4075634479,50493.92478941747,76067.0136383925,42584.15758329305,12447.86670929758,17134.88970599358,25232.54921522991,128967.2979423786,92772.59242446328,50781.00802866871,46129.87466326864,31467.28117293962,131085.8782484648,61746.35590517124,43912.27363793073,31966.41199311259,143008.4279308531,33660.93306749391,6891.872952871525,22141.26834509326,53731.38850939775,19638.41114607764,40484.0776532021,1572.321018009003,38490.25513957597,26015.8113161936,17044.88950154061,23888.47560080174,64584.65596416401
4062,17718.01347109419,15110.39536577054,87927.84081022887,51445.45265898932,78563.03100751991,43439.98782594934,13730.54549695707,21726.79987264501,25649.71098475739,134263.7028676301,96934.99181649496,55315.98278525918,47936.975995647,34665.49100019442,132794.3854752318,61747.18317624542,42892.1511048627,33130.36240530946,141518.8197174578,34925.04874955287,7024.537499666361,21711.55893613473,56151.0265994651,23244.78544046133,45104.76528538439,1572.342881497765,39806.4193022108,27509.29162654902,17635.48136052487,23841.74846639576,64541.40481227149
4063,19263.69376955419,15881.91119526672,92599.02242624294,54099.51475406615,80157.53866588032,42872.5943288985,14287.40678542122,22301.27961226852,27021.54055257413,142736.1127582937,110575.2163225291,54352.58242835127,48595.52054714226,37370.42039507038,132213.2627047486,62310.19035331735,44466.76116824082,36438.24661305295,145829.411309931,37461.01523494651,6984.583917431073,21432.72391808988,58173.13895525502,25691.75228410354,47322.56233819998,1714.869702829633,41635.36954180386,28423.01275270669,18469.25809944518,23979.8960097262,64940.85029720027
4064,21213.25856297999,16887.50318997311,94110.44352869758,53582.20425647964,78931.13330261779,43489.21127440679,14610.70120203972,21475.81259951852,29656.54076764975,146712.9856121166,124208.7469681298,53919.4447858885,51925.88488794913,39950.58222234064,135672.8330656564,62311.5740343861,45983.4802113778,41473.67633000841,164797.8232521778,38098.39824242822,7259.653234646086,22934.89478913746,63681.16504907508,28564.03847148761,51266.51659341531,1950.797389593596,44506.0115316462,27436.69224375159,18399.7767063344,23382.73004117372,65943.62611773881
4065,22644.15329099346,18138.07092537453,100520.9349546029,53615.06612433949,79616.85243149077,45830.21480686586,15555.34231310158,21766.50882786759,34260.85183654814,150025.2909401774,130249.7287867428,54440.69170888703,59264.8149217524,41622.59998900969,138458.0788404991,66240.71130684536,49551.41933232192,44778.57988860982,202531.137644861,44803.44858283442,8496.719198687051,26244.35249840294,72025.73764391906,29810.54463466394,53252.85831808205,2187.100776181878,46766.89236048156,28952.66208484572,17774.44414944531,23015.40178054415,66268.80187023403
4066,23167.88749068296,18755.92206112801,101510.9388001962,51938.83216420856,79475.95402638009,48164.97293541636,16204.99256071191,22063.8956706119,36403.11027589817,154131.7523963667,128686.5599529906,52613.3128448553,63935.92822433317,43016.37657138896,141193.7594429226,68202.67675096948,52379.71113772747,45815.84043138761,212148.0017322861,47910.37002084801,9283.869292091971,28499.50581097659,76938.6674497822,30535.16961132455,54777.8654984567,2230.579331077072,48265.01225438072,29350.27610832584,17276.4941533398,23203.2611559291,66504.3636835504
4067,23697.24256576034,19243.36986866252,106627.1754575689,51942.99331348165,80315.21993319041,49337.44342805655,16704.36814240549,23304.08117290912,37342.27514547541,155328.8206571128,122530.0788448217,55113.52284127662,67334.37410965387,41053.2128005667,143549.0273405891,71870.5945376767,54302.58332573614,47102.60548648019,220767.02931648,48815.7608637526,9651.913873607225,30714.85755042406,82890.02823202293,29415.27340401225,51768.56258972482,2287.978398168618,48410.42467993657,30160.5555127426,16975.40810842982,23199.80878726243,67021.22098321497
4068,23705.18988161901,18905.19582252915,101828.5965929549,52549.58890134961,78878.89954227541,49330.24972117369,15245.15240013297,21551.3887441498,37630.19783640893,146469.503600658,130419.4475938145,50050.10591543988,64917.96823112901,38115.58058405079,142415.1588874799,73581.42281737394,54383.45348565361,46618.80556072631,207107.2048828997,47348.15775088864,9651.920801785926,32051.04576436958,79403.98902665512,27684.22223850649,47312.29596876306,2202.056411071798,49465.01875887824,28845.73559819586,16975.40810842982,23469.49461696241,67150.69812994328
4069,22911.19193109865,18605.39316548692,100870.5002520649,50482.44610230165,77164.64974107443,48751.34267143458,15227.74868344152,20916.68076283145,37915.75752184205,137478.8425583785,133480.8462722278,51343.32084457808,64502.05402300379,38484.87449081535,142982.1079946834,74332.80493875807,56181.7068892355,45126.89441754438,198659.5370332393,46331.68515133287,10039.13982038736,33284.77191075903,80011.12086353755,27551.82576877591,47810.02957730332,2069.965813768633,49835.42775293982,28779.119849673,17276.4941533398,23657.66229706835,67265.80223535096
4070,22394.37406018343,18821.55916633084,104473.9461784501,50013.13656538616,76685.41527448384,48740.72591278781,15566.74289811739,21200.06663508776,38176.69339038667,146346.7300164238,131462.2974127581,53186.33237993305,65855.04034565944,39528.07264082848,145242.4629998708,73629.09506928384,56189.79547715811,44553.24403539512,213331.6618608132,47911.1547858821,10067.04955099092,33609.30873671253,80916.71363078641,28552.43430904259,48313.22939697197,2031.261037065993,51015.50902346661,28739.0445893731,17369.13601351972,23842.08669029635,67114.7304060199
4071,22391.88433915885,18795.84769522991,109405.9167298716,50972.61605803656,77145.4614204188,49070.05109206847,15566.72965475437,21484.04806806992,38068.81889756396,152702.7670034172,130292.6104069747,55586.37331276211,65855.02192703172,40246.01498461624,146384.3596394625,73040.19354174266,56198.78410496861,44134.04689412675,214839.185205148,47913.21392861345,9927.925564692223,33184.21014317399,81948.67980400042,29296.30513605131,49815.1492522163,2023.467848627501,51564.61955447715,29108.03137621046,17207.01275753015,24117.88302131526,67112.8973011971
4072,22922.60371955727,18893.61150953978,111528.4911343937,52421.22695224566,78794.16446520759,49623.45725275417,15884.4992975798,23035.28619503666,38064.23684320298,154561.6148279621,123856.3832684859,57756.70472555425,66109.95157360891,41704.25293678473,146386.0318130087,72168.30057328085,56122.40074530988,44667.65701139326,215006.6202681372,48648.59923648093,9560.548102787947,32944.1116363528,81931.9836627078,31023.84605316236,52271.94863069903,2030.273587944049,52624.22982588788,29979.74058157676,17033.30927070489,24802.76692760676,67160.25219964872
4073,23434.88270047155,19001.39996760563,112309.8658150979,56269.26581384348,81773.66754719419,49925.15150248161,16367.49224962048,25162.7773740846,37773.11463813757,156950.3819412283,114129.2110587871,58740.3796382885,67827.52445540795,43738.56950725371,145816.7015131902,70951.58284712117,55461.18027901814,47425.20686615218,214839.1724166592,49494.51908349973,9559.917291202531,32758.66290363442,81948.68086500997,32211.19109349664,52773.87897850619,2112.945467454596,50867.22862685589,31648.31014388222,17091.21043297998,24851.44246414326,67764.31184636646
4074,23697.24940422864,18821.36980417959,112818.7079634276,59789.49184650794,84183.50259573161,49622.75792243364,16288.1442555683,25445.4037371263,36198.77188629322,157617.117881851,113298.3676943402,58466.11730713616,65366.22221461124,44773.66421412824,143550.2775243013,70952.62052101785,51518.28943928095,48172.29547624667,197222.8778239164,49478.49169742413,9376.410860485094,31767.55456885741,79064.0775218578,31706.20712701803,50810.4793112408,2219.599256662909,49913.27943639465,30417.04094805481,17334.39531561489,25075.38244207773,67730.86764944624
4075,23697.27162222366,18482.89991530721,110810.8381108331,59391.10280523276,85320.44698350862,48748.72360158028,15407.85512822175,24597.4937142452,35742.86344285764,150611.4857574164,117739.7932670132,59101.56643034315,64865.33247535393,43760.03171550253,142982.322664071,70185.67046026638,48690.02159794485,48517.77183892019,197363.0837984523,47596.78119836978,8631.638068071517,30520.19089671397,76004.5129576204,32172.34715510207,49799.77563646878,2288.397496741815,50074.27502266947,30153.63934593138,17264.91391980524,24578.47099884549,67943.08199653841
4076,23669.84018540525,18474.33444307804,107203.5124404786,58863.6487064496,83607.33540128393,47533.99186354342,15886.63650453601,23702.27852245579,34797.10801752457,152472.6052546722,117739.7904882744,61787.59286500151,66134.17872275457,40584.82872737265,144116.2304630511,72447.07927293607,52417.74333489844,47682.83388992067,200176.4626085037,49532.18744753028,9651.224468822804,29630.59922788557,76018.55442791784,32172.69154945368,50796.23991069439,2443.227989888798,50964.99405143601,29178.54764649014,17264.91391980524,24801.16347362227,67941.6450505622
4077,23433.0666291082,18414.99034010175,105003.5369022217,58185.5824607566,83304.42355196876,48738.3214626182,15850.9326938962,22346.39052114387,34154.36311284339,147718.4073023506,115288.6929549321,59671.86052363786,67534.82202928222,39074.95338154736,144066.8583635836,73581.42219260913,57252.94526481317,45889.00878196259,200176.6021749079,50444.0160362928,10015.2218851266,31484.61771602341,77023.77672735105,30272.10393157071,48963.83932227937,2451.250605760572,49907.17936967106,28812.10631268296,16882.7662482499,24392.88528963175,67786.98948083524
4078,22110.23055534127,17753.27212017596,102411.8090656835,56344.06751347857,81845.28260777457,50513.77265280427,14520.81460319234,20176.13303003922,33430.61459072097,146665.177227339,110704.2655244681,57927.83762555165,68071.5207430498,35960.39259986255,142419.9018900858,73006.2413706722,54949.24105256875,42876.57710523554,194287.9998963912,50444.01322626547,10294.57190617914,31668.41914577058,73037.58978756437,26887.8588511478,45341.0360515974,2298.423828412475,47495.33935886083,28816.7377712112,16604.84066771019,24206.35942565568,67995.02750986391
4079,20032.72430412723,16770.24743315156,95000.46368614824,53299.87154312196,78977.60275388083,48568.24368023698,13197.57009125714,18978.47950554133,31504.78618426413,150504.200850756,109058.7981555806,56475.90385039816,64637.44965604307,32876.15552354026,138471.7965231814,70653.24750791986,52887.64071733525,39619.72662110189,188389.9608452481,47597.13841161756,10212.70059420884,29901.53078581412,67083.58972898834,24664.30237129225,43440.56929032734,2058.340868690999,44925.38312816471,26838.35605368712,16166.8690514287,24028.58408388906,68442.57685913249
4080,18644.38842828575,15965.18416018886,89596.7451820711,51509.43893981065,76744.90789437709,45196.12635708322,12172.68922415429,17438.11280685711,27261.44507478758,133122.0220880347,100756.4536984161,52398.65573898386,58827.40923777736,31828.42587647772,137791.419417868,67143.39491203002,48614.24059778776,38484.03278282689,180011.7339019777,44124.95955424242,9919.327830087806,26790.0334848955,64172.43690329351,20107.76840734823,40044.28312183396,1808.015782745573,40075.38343183686,26428.61505849468,16839.39534084577,23904.11462192501,66751.75229505483
4081,17633.76691121871,15366.76131323541,86978.96651007801,51342.67324961285,76573.4786503375,43484.05234205251,11661.92426099723,16735.82776283995,27272.85469670508,132873.1296661411,94583.3103005934,50570.42782877821,55868.33850741585,30958.34102811969,136304.378365917,66387.62083884205,47113.47955447249,37107.78567884893,174456.8842100404,40283.37530121542,9149.686536280415,25368.99687781784,60167.83846881053,18719.86339005531,38780.39247355657,1727.219078062554,39012.90093495532,25982.93040883567,16549.7019069747,23798.96866560541,66078.42282314862
4082,16910.66899083964,15076.09550747003,85408.70620719557,51006.39339422843,76608.16770052865,42613.29494409909,11566.29163062869,16173.90767688854,26375.63610554395,131093.4343132743,91658.55030314515,49900.25801453538,53398.47923377727,29947.31985362329,134741.0263319532,64629.08654824477,46902.87554795514,35836.78079652441,167823.1526052377,38397.01317521057,8596.081439655067,24171.31049144957,57252.37663548807,18449.05322621247,38526.02019117899,1683.367933922445,37754.35009732579,25983.93630600024,16946.68920450157,23447.66637201305,65447.06360206681
4083,16478.50976490144,14856.35255537992,83869.21659102081,50624.07130776541,76327.67742044445,42299.95463680608,11208.72308909734,15894.03641156816,25781.99419836244,129186.0558532174,89078.49773030407,48785.04325386691,49950.52523045575,29588.73527925812,132518.4365456387,62607.37714490517,46712.70629913106,35223.97230240962,163413.1664771854,36491.70439740185,7561.077152072376,23356.71913532292,55322.41367250492,17889.67957402119,38024.79170086583,1609.598836089209,37382.06076838382,26064.69711310046,17000.33613632947,23523.13561998122,64995.66782375454
4084,16478.5143532432,14753.8268763901,81173.36660478589,50203.50322355217,76100.86267242237,42299.95465186803,11304.48807624313,15617.70652024633,25281.83676831914,128044.9752299147,89567.38094631382,48606.65538568145,48927.90052276107,29588.92836774856,131536.1235154423,62318.3350091637,44680.92117127805,34890.9456833189,152693.6953072881,34898.83831513534,7295.640311092066,22569.03310893881,53863.34103517729,18171.52365101357,38019.65766930574,1565.914118628075,37374.58762436458,25895.18460212012,16764.28963678685,23427.80672200047,64828.70030863306
4085,16757.04763099288,14796.39349069938,82284.2384333551,50203.53645370643,76744.25875535797,42627.67705802567,12345.15364717827,17196.08484289039,25494.98635356005,129453.2740876873,93825.90894356465,50396.37989521262,48471.0393823607,32672.56453990166,133086.8595802587,61738.52018569443,43964.90171129673,34467.56307806524,150842.6692440406,34569.53191101255,7201.786491767299,21732.18557197256,53864.56345988248,19606.18718441921,40187.11985928319,1563.756333171924,38309.52325555291,26334.71182948594,16978.87736409843,23910.35990816183,64860.5289124504
4086,17951.227413406,15271.64424936824,89379.34502846742,51065.12835984985,79146.67765871059,43564.88139911256,13735.30322002163,21750.5162180589,25901.9557228283,134561.8931337784,98158.9302317489,54871.47894366001,50278.25830792166,35823.77879330335,134863.2140800408,61739.37016644687,42993.00415302483,35607.00312698499,149430.8175032363,35840.07743838837,7336.912108893786,21379.29038526206,56263.76947477156,23597.2079917821,44888.25032704714,1563.77778832706,39498.56712780724,27877.32744122277,17526.07607224375,23854.16825491752,64830.39156436989
4087,19660.79634545442,16037.88302673114,94011.14443846942,53468.33534163719,80681.3926760683,42943.53896221751,14338.82180139927,22320.30710150034,27240.26775125393,142733.9107843511,112358.2844007419,53920.79845437904,50936.84571276901,38488.96104336691,134259.0140906577,62317.83263048872,44493.17655998557,38845.23020607338,153516.3993287135,38388.9429586262,7296.21734464524,21150.29950513952,58268.80656966112,26305.16196181574,47144.65762532284,1703.642706305589,41150.87018907031,28821.10986956238,18298.59189256589,24020.29739915166,65108.72467439723
4088,21817.07368506783,17036.59692357091,95509.8229198657,52999.91969987144,79500.97644006083,43618.78511421661,14689.20382961143,21501.57748232385,29810.88772145339,146569.7822276503,126550.670319688,53493.37956989346,54267.42676978024,41031.20910254317,137855.9689537284,62319.25429542139,45938.19466989428,43774.6242961449,171494.6738710596,39029.56797489228,7576.389494170036,22383.94451955564,63730.32140888704,29483.79873182683,51157.27327662223,1935.164087683145,43744.25433092763,27802.3395484938,18234.21557587276,23302.17625903061,65807.4576012207
4089,23399.68632138138,18278.61096391692,101866.268214679,53029.67554862183,80160.98170203176,46182.37607392708,15712.9928324912,21789.90107206898,34302.70290803426,149764.648618006,132839.279450204,54007.74441960443,61606.83436846803,42678.65767623196,140751.8208340292,66356.2515500666,49337.46407852042,47009.93349233327,207258.3365123907,45768.7231342979,8836.404365179435,25101.80843380481,72004.4301871428,30863.25400397938,53178.19577659464,2167.054152124153,45786.77043320656,29368.1845935065,17654.82870813058,22860.44614845284,66034.03965537412
4090,23978.95210961227,18892.23609091031,102847.9254493708,51511.87490500909,80025.36686373898,48739.12780388942,16417.07480757474,22084.86066796731,36392.62012853946,153725.514054693,131212.0343937491,52204.49261457587,66278.2516335711,44051.95363543456,143596.1392378075,68372.07552423918,52032.05204285734,48025.35149572953,216373.2072420316,48891.44773379563,9638.156941223802,26953.83385542703,76875.87389161294,31665.1655980952,54729.7522309382,2209.720679430489,47140.19603946002,29778.88006489171,17193.46509391057,23086.35619011319,66198.17882974906
4091,24564.43475519955,19376.34982881944,107921.0276918116,51515.64275317057,80833.16103392353,50023.0792007087,16958.29117308931,23314.92387863559,37308.83863783313,154880.1398438131,124803.1915150317,54671.69209780189,69676.9186653544,42117.63725517165,146044.9382025793,72140.68247492837,53864.02293244639,49285.01996782154,224542.3278130359,49801.44379056941,10013.02914641229,28773.17257462459,82776.97978184528,30425.82417077002,51668.05953125474,2266.047732372406,47271.56396335994,30615.81755275501,16914.50104740528,23082.20454877129,66558.32434417798
4092,24573.22472573785,19040.48884225445,103162.9051050617,52064.90448845161,79450.70139999421,50015.20150139035,15376.81328453088,21576.53678070532,37589.72659182743,146334.9329556116,133015.955240964,49675.12795292449,67260.35554448106,39223.17159721231,144866.0422065392,73898.47523944141,53941.07006003451,48811.40785746719,211595.5363465247,48326.37580630464,10013.03620311617,29870.50574771823,79320.37762965122,28510.14358517396,47134.21252580624,2181.730467975788,48224.30121520171,29257.74023982433,16914.50104740528,23406.5148840841,66648.54385669238
4093,23695.03909467809,18742.73679025548,102212.8863664956,50193.14270253168,77800.73446530358,49381.25077955408,15357.95137650116,20947.00923350285,37868.30927499323,137663.038928295,136202.84443535,50951.26844089838,66844.41427164484,39587.03897476011,145455.5056761399,74670.48378759752,55654.31335722854,47350.91324519023,203588.8306557078,47304.73298247523,10407.43855186537,30883.69282182703,79922.38268191859,28363.62605194426,47640.61131711203,2052.106861801868,48558.93465768591,29188.93284213294,17193.46509391057,23632.79567717609,66728.74825214512
4094,23123.42297423954,18957.42424819425,105785.9520461913,49768.19109426798,77339.4708715819,49369.62455767489,15725.34862923652,21228.08213367781,38122.86976830342,146216.5123515175,134101.5527630358,52769.94651758634,68197.48863693795,40614.90801932042,147805.6226213094,73947.45615732178,55662.01956760723,46789.34274128422,217495.0811669695,48892.23649048799,10435.86603805334,31150.21592186077,80820.32838013783,29470.95689956273,48152.57148233538,2014.124955180329,49625.03905660301,29147.53911115813,17279.30018533532,23854.57498561868,66623.48159203322
4095,23120.66926785062,18931.88863968518,110676.3417094632,50636.98305655715,77782.26568987072,49730.2626518524,15725.3342762624,21509.74573366117,38017.63094367694,152347.1938359721,132883.9188410543,55138.29947900672,68197.47021711178,41322.30067617015,148992.8656146346,73342.38850885765,55670.58326965084,46378.97301577995,218923.9128818209,48894.30610692,10294.16115185805,30801.10732798398,81843.58035327416,30294.16705642459,49680.63867788704,2006.47731628994,50121.11434160496,29528.66551366453,17129.08877471689,24186.233496154,66622.20428690499
4096,23707.66087618586,19028.98376422208,112781.0209282814,51948.67498016152,79369.14381412047,50336.2878076931,16069.72863086338,23048.32278316974,38013.16084140618,154140.135564234,126183.8627964448,57279.97579728987,68452.41645268028,42759.11078805356,148994.6041925914,72446.56093248432,55597.81083463603,46901.3464191061,219082.6079554835,49633.43190614049,9919.968442068372,30603.92847728362,81827.02519869164,32205.96299965163,52180.2091597622,2013.155948160049,51078.38330239816,30429.05383466812,16968.14797923319,25009.83972547211,66655.20112041144
4097,24274.25684767171,19136.03496546074,113555.8079270719,55433.00711976551,82236.91813945086,50666.66776674656,16593.18972839261,25158.44955494761,37729.15154614011,156444.2081084851,116057.9617742732,58250.66315548548,70170.101101793,44763.5344247277,148402.6649698007,71196.44270561196,54967.84871161968,49600.82803660451,218923.9007608822,50483.65447152916,9919.325928248147,30451.63028740578,81843.5814053243,33519.94717729877,52690.87775253546,2094.283805631519,49491.08016152685,32152.51911119981,17021.79491106108,25068.37442710343,67076.10912026759
4098,24564.44231875132,18957.2361812516,114060.3600845684,58620.51045469553,84556.38648377251,50335.52198360836,16507.1934672095,25438.76914495945,36193.27428333167,157087.3046943859,115193.061113326,57980.02193628551,67708.63869711482,45783.41910087589,146046.2380328803,71197.50886502089,51211.35294228496,50332.18452182345,202227.1640192155,50467.5455631571,9732.415255453843,29637.69102156759,78983.33642907358,32961.10293288979,50693.29671461983,2198.945674466623,48629.26712059945,30880.74132439921,17247.11202573848,25337.67314930422,67052.80524604097
4099,24564.46689252251,18621.08137546742,112069.4183565213,58259.77611949058,85650.69645254142,49378.38268315514,15553.14825641094,24597.77969364673,35748.50492711954,150330.059694072,119816.5462101958,58607.08116356508,67207.71636354885,44784.68126005002,145455.728870357,70409.50501710095,48516.78780914697,50670.38587426968,202360.0513431707,48576.26386139417,8973.826125009347,28613.30424576061,75949.60765137208,33476.96024535047,49664.99741858894,2266.459003647649,48774.71312251523,30608.6738449857,17182.73570654477,24740.11295507865,67200.67593540205
4100,24534.12689776883,18612.57448977891,108492.5056425408,57782.17562358688,84001.82505461203,48048.15175486877,16072.0449062753,23709.87117430683,34825.85688732962,152125.1925520984,119816.543317553,61257.64373271186,68476.6451783549,41656.1357755197,146634.6657747492,72732.99247384339,52068.28631704303,49853.02997363702,205026.5738118268,50521.51443333624,10012.32695242606,27882.73467590134,75963.53055171572,33477.34137190891,50678.80941639058,2418.39780381323,49579.40301844359,29601.50175975404,17182.73570654477,25007.9114940187,67199.67467325846
4101,24272.24821808362,18553.63629153356,106311.0778502272,57168.1984529749,83710.27213440987,49366.99148744139,16033.34960891221,22365.04981886365,34198.81599440506,147539.5563420869,117264.9722665579,59169.84560906282,69877.37962869447,40168.44704725744,146583.3330383819,73898.47459752594,56674.91032259491,48096.97907374734,205026.7060929654,51437.98098115943,10383.07691312628,29405.33154461283,76960.26448353843,31374.04201637611,48814.50805670799,2426.270585233553,48623.75622221462,29223.0045553402,16828.66595598056,24516.93710764413,67091.91086735926
4102,22809.15170572075,17896.44412462004,103741.2005791296,55500.73875541412,82305.84769796727,51311.25622581498,14591.78597395325,20212.50579013556,33492.75062343242,146523.6689057871,112492.6234889839,57448.84921313935,70414.11326696175,37099.65267213807,144870.9735605828,73307.50430606803,54480.1107506971,45147.98291280393,199445.4845992427,51437.97815683905,10667.60917815863,29556.276900977,73007.7379789889,27628.84214784945,45128.63439671456,2276.298078452222,46444.86116707899,29227.78838823122,16571.16068170631,24292.6306783524,67236.8715035618
4103,20511.36726300611,16920.14317847487,96392.33941762666,52744.27234738983,79545.703327591,49180.74235995624,13157.67182882843,19024.62741477697,31613.97545958556,150226.5786110998,110779.7063787108,56016.08545934877,66979.81871525999,34060.73641562735,140766.0832655705,70889.91766924797,52515.96990781244,41959.71489375548,193855.3189256072,48576.62289158477,10584.21906510867,28105.23490681949,67104.01509918089,25168.12691059013,43195.08188125062,2040.699030106794,44123.12137593186,27184.31817823485,16165.36859536478,24078.84717788886,67548.72332558167
4104,18843.81232584097,15864.80726167914,87846.80021224366,50334.23578134116,77167.66534118539,45428.78468155734,12535.68361386375,17404.89352635199,26913.07725291912,131599.170400055,100662.2782342472,51920.60247304112,60249.22485339048,32833.65039459841,138274.676857156,67991.21068730268,47482.53880462278,39320.042338643,183431.4861069366,45834.97197919526,10396.14347325259,25110.65421761244,62922.88869710087,21238.715955029,39606.26716775139,1796.698857027704,39291.53955665002,26934.98798011263,16788.52431121583,23919.65324636473,65719.7271458432
4105,17902.24628550395,15301.29450857868,85223.71653153583,50136.02183362889,76996.0074130438,43796.53426544503,12002.71773320569,16702.76008369551,26924.43351305804,131375.6986654709,94509.07749892233,50024.20275550748,57434.34245628476,31984.80785743875,136794.9848156592,67154.42320412036,46130.58333026822,38013.28332277115,178661.2598346732,41943.78176285867,9635.438053143205,23892.11690787418,59160.92195088289,19873.55499448992,38330.5633626037,1714.292583876517,38275.87190524388,26492.38855845857,16488.18981975765,23791.95083050476,65193.82298537043
4106,17228.55743743433,15027.58522546411,83650.2740480205,49736.32716266389,77030.74273792005,42966.3749892312,11902.92833350028,16140.96129870351,26031.41113278777,129777.7729250631,91593.76609156157,49329.04333947679,55084.83342922459,30998.46982327906,135239.3589237717,65207.38699935686,45940.86142830368,36806.45274387729,172964.5438946717,40033.06124608379,9088.260555013181,22865.10216392851,56422.10290416291,19607.18268601844,38073.81354884772,1669.567871696991,37072.77502865326,26493.38749235418,16899.75930728407,23365.28533466278,64700.69970030213
4107,16825.92752674078,14820.66138133427,82107.66460895265,49281.90773163132,76749.87828790837,42667.64383481054,11529.81771241359,15861.15044882984,25440.54563557007,128065.2050222954,89022.04851345033,48172.24393535696,51804.889854238,30648.63975732073,133027.7532562568,62968.96524957336,45769.54810820732,36224.58556147036,169177.4690222614,38103.14942143291,8065.273122119996,22166.59098224136,54609.0730568613,19056.97567414733,37567.90024597428,1594.329203857611,36716.88942161515,26573.58923711296,16955.37680531819,23456.944639747,64348.13690936676
4108,16825.93180156243,14724.11672578649,79406.35140009166,48782.02996807684,76522.76097233288,42667.64384917021,11629.74522191793,15584.88020848291,24942.72739697438,127040.6689426125,89509.3523666704,47987.20425789124,50832.09516602736,30648.8281317355,132050.2948524466,62648.93992734915,43939.22139593797,35908.37378833436,159972.1248932147,36489.71483116822,7802.918119529707,21491.15109087756,53238.40310536793,19334.2010793985,37562.71822836385,1549.774233778598,36709.74555745088,26405.25016736842,16710.65981448654,23341.16528883784,64217.72688792863
4109,17085.4329807912,14764.20013861355,80519.47444447018,48782.0694646906,77167.0153362243,42980.08655265377,12715.64437806926,17162.91780864761,25154.88010071974,128305.1308581853,93754.12296657698,49843.66484214968,50397.49575992345,33657.18019876345,133593.3671237606,62006.97322849696,43294.19770413981,35506.36819284261,158382.5565615342,36156.15612895048,7710.153984298432,20773.55525887925,53239.5514654759,20745.35430884248,39750.43895170062,1547.573462615977,37603.48628215177,26841.73479115375,16933.12980662302,23927.23830401309,64242.58662728065
4110,18198.01480315375,15211.72627300829,87628.95949056523,49806.13822146598,79572.63903122481,43873.5947551563,14166.21821296442,21716.36602462809,25559.94611074385,132891.9798705948,98073.14620294579,54485.63345231926,52116.65329444323,36731.46049112685,135360.9428156062,62007.91432092101,42418.66709900439,36588.27677791252,157170.1291080424,37443.1080737476,7843.710733618943,20470.94802885294,55493.39374030181,24670.97294342166,44495.50929017962,1547.595345183856,38740.13879237764,28373.67172932653,17500.42829020043,23858.99212392557,64219.04784366507
4111,19790.76938322987,15933.26510656437,92270.14538403819,52662.53597609291,81109.40133594883,43281.2217372456,14795.96934199497,22286.03390805124,26891.99897382845,140229.346534998,112226.6286159089,53499.50354954666,52743.14933383794,39331.57479883605,134759.7288043386,62648.38369738311,43770.09230230385,39663.00254395264,160678.6218382168,40024.88681966269,7803.488453469702,20274.58860388856,57376.94910779066,27334.55077963207,46773.00646155002,1690.246542165525,40319.63847784995,29310.92087459089,18301.32026396568,24060.76015957839,64436.43999218683
4112,21799.70891424279,16873.71719731088,93771.8609833121,52105.78768203755,79927.4104419627,43924.98526785384,15161.58108066744,21467.4810269747,29450.59638495317,143673.4403268204,126373.1652901213,53056.1468721422,55911.43926125363,41811.75623943085,138338.9073868846,62649.95775431771,45071.83194495669,44343.50661285683,176117.4621863795,40673.78415769998,8080.407681195741,21332.4378313831,62507.56021531778,30461.09818171368,50823.12666928673,1926.380110594942,42798.75355813139,28299.20293624987,18234.57926788019,23188.58392300682,64982.18552777943
4113,23274.18208564886,18043.27607165522,100141.1878093431,52141.15481445765,80588.29614129121,46369.05157222694,16229.87011160479,21755.74237668084,33921.40375471947,146541.9982707908,132641.4587400529,53589.69159611008,62893.21534479003,43418.98389058355,141220.447862861,67119.6913588047,48134.05221397828,47415.46182281309,206829.5016807441,47499.96130115076,9325.793225744175,23663.00311436658,70280.3550629509,31817.94786586972,52862.93804587784,2162.889706702128,44751.27281247172,29854.20850319665,17633.91028496384,22652.09156273574,65159.15750054993
4114,23813.86680966917,18621.10425191946,101124.8344025091,50337.13111477523,80452.5003947894,48806.5975185405,16964.55572431087,22050.63830003416,36001.54661980217,150098.319764455,131019.4705838303,51719.19930430738,67337.00578688881,44758.75210799411,144050.7095426123,69351.5968047948,50561.46260402121,48379.61035906162,214656.895441898,50663.00930675024,10118.23710199005,25251.11285312366,74856.64642452305,32606.71827050866,54428.99637173478,2206.406203042077,46045.06410869638,30262.06095728069,17155.59980135193,22926.46500606018,65287.35844570684
4115,24359.34359497596,19076.97632741218,106208.2174421368,50341.60949433628,81261.3721505717,50030.6860703948,17529.29660843513,23280.43597855413,36913.48005729168,151135.0175711902,124631.331807107,54278.39686221076,70570.0640248113,42871.66026058365,146487.4064546746,73524.17064298998,52211.78734030759,49575.67691437568,221672.1264076703,51584.75604450115,10488.75687611045,26811.19378091383,80400.21452208971,31387.68633944534,51338.68706965833,2263.855359276152,46170.64373107053,31093.20479041987,16866.38881053753,22921.42273294095,65568.65019412471
4116,24367.53294936303,18760.70840722529,101440.4523741265,50994.44963638364,79877.06833572868,50023.17566028549,15879.07817840246,21542.42414398977,37193.05432351439,143462.5774416066,132817.5637704338,49095.51852407271,68271.25415837382,40047.86028583389,145314.3366051202,75470.3858355387,52281.19498277675,49125.97795156381,210554.0713350539,50090.64066637823,10488.76385088289,27752.15575611441,77153.04191185055,29503.39864271281,46762.4637352338,2177.858392586875,47081.40170574345,29744.52869460978,16866.38881053753,23315.30581468215,65639.11616801535
4117,23549.35348914581,18480.32626704224,100488.5083934681,48769.7156858681,78224.90036930112,49418.78220508001,15859.39641839721,20913.03249208161,37470.33410045355,135676.3893942998,135994.1575526567,50419.24432839797,67875.58069402458,40402.84418025537,145900.8869250169,76325.14800974473,53824.56437183416,47739.2251680638,203678.3141213075,49055.80547890499,10878.58701501327,28620.96254504368,77718.57251990944,29359.28214056927,47273.59566414827,2045.652526776919,47401.29061083829,29676.19761242641,17155.59980135193,23590.1295449711,65701.75983210065
4118,23016.79573332431,18682.48953854017,104068.8150002797,48264.62776424154,77763.02145669785,49407.69804321931,16242.76296559561,21194.04471741453,37723.70403716476,143356.2517543637,133899.654212952,52305.73811380782,69162.72303021797,41405.61875942305,148239.3895075731,75524.6171467878,53831.50648520685,47206.00891866666,215620.3044930327,50663.80824857269,10906.68444559198,28849.50580682926,78562.11324237559,30448.46679278553,47790.34094725448,2006.91397445431,48420.42057691299,29635.09042732685,17244.587798725,23859.48610862041,65619.541279636
4119,23014.2301868986,18658.44359656736,108969.1151880966,49297.25434577508,78206.40695679224,49751.52177637526,16242.74798875491,21475.64751504222,37618.95740508351,148860.7746124316,132685.9539210172,54762.40331511325,69162.70550794512,42095.74108340282,149420.7651032512,74854.69070623437,53839.2210670253,46816.35916965466,216847.3134964843,50665.90458973858,10766.62481540834,28550.1455759454,79523.3681494328,31258.18673360612,49332.69046819083,1999.113985310749,48894.63791330899,30013.57850282033,17088.85880267401,24262.29373449934,65618.54364013085
4120,23561.11282796411,18749.87449901195,111078.0596038611,50856.3018575958,79795.40195322932,50329.29166489128,16602.11179350579,23013.89243392061,37614.50820908021,150470.5938065009,126007.5427577597,56983.93944984146,69405.22883236142,43497.47281461195,149422.4950890931,73862.83701663019,53773.66426680134,47312.35741915144,216983.5928652604,51414.57464072145,10396.7766474465,28381.06493082127,79507.81604301397,33138.65344688392,51855.62358689769,2005.925663637528,49809.72792187522,30907.73393412169,16922.00630857165,25262.58427236388,65644.31582558753
4121,24088.99346016271,18850.68067217165,111854.4167322521,54997.70065319067,82667.0018475281,50644.26801574172,17148.32565890181,25123.56369537179,37331.82719981897,152539.339347863,115914.3539882543,57990.82224690397,71039.21487837099,45452.96031506438,148833.4812512678,72478.71533019518,53206.1650339012,49875.53951897217,216847.3030876301,52275.77603843701,10396.14159349414,28250.469402425,79523.3691377411,34431.10493292919,52371.06522566461,2088.66968654283,48292.36414610465,32619.26861501629,16977.62380660577,25333.67614381198,65973.0661291707
4122,24359.35064171242,18682.31244282741,112359.9913801604,58786.29540918148,84989.56432866608,50328.56154652609,17058.59148294842,25403.82277315768,35803.13309723561,153116.753109451,115052.247434112,57710.08923283132,68697.69356123112,46447.94545673832,146488.6998611674,72479.89577403427,49822.13861453011,50569.96908624518,202508.9831180065,52259.4591174678,10211.40103576296,27552.51738743475,76836.42145428844,33881.41865326062,50354.81347585303,2195.416546895317,47468.52410186958,31356.29464151045,17211.21729938603,25660.74623396843,65954.86463209943
4123,24359.37353636491,18365.76784390416,110365.0149476784,58357.53469364382,86085.33409091357,49416.0478305731,16063.07772879833,24563.01486514598,35360.44388741687,147049.660950756,119660.796120646,58360.53053440625,68221.17995694165,45473.59087009793,145901.1090162002,71607.42372182778,47394.74879189498,50891.09431529144,202623.1000859062,50343.75549898345,9461.619458542122,26674.10686675836,73986.5010526612,34388.82244199645,49316.90301535142,2264.274823574597,47607.56149740863,31086.11053458319,17144.47630070813,24934.99430688157,66070.35907277321
4124,24331.10666470064,18357.75722298776,106780.8535104492,57789.86948858788,84434.2631226774,48147.83748034359,16604.52874817927,23675.2980174654,34442.11098976861,148661.4474830248,119660.793237348,61109.92850572909,69428.2769510515,42421.42590972703,147074.2195719358,74179.97190799641,50594.10412650923,50115.00752881208,204912.9758235027,52314.12488184935,10488.06283490502,26047.6442733255,73999.58038856967,34389.19732290841,50340.19076976486,2419.240429137721,48376.79534277227,30085.91054391564,17144.47630070813,25260.24238663134,66069.57703671356
4125,24087.12207965496,18302.25729258724,104595.0049878528,57060.11003598183,84142.32127514774,49405.18773703709,16564.15152044429,22330.76696686227,33818.00271086902,144544.1663290786,117117.4651700372,58944.27960065901,70760.75701204648,40970.05771617097,147023.1405238012,75470.38512481464,54743.96567198295,48447.62138926789,204913.0894199092,53242.4256634031,10854.5082256075,27353.26939443412,74935.92393654102,32320.36542683178,48458.46441809783,2427.270045923799,47463.25602334962,29710.03346603238,16777.40081316446,24663.94161140415,65985.40808787735
4126,22723.99852992646,17683.40363554711,102019.9197816975,55078.20495159281,82736.02335706638,51258.8032351883,15059.92885904332,20178.68760501903,33115.23954431854,143632.0368001648,112360.5337147027,57159.10989567489,71271.33692309458,37976.18509752537,145319.2435882346,74816.0671740299,52766.78795301481,45647.52298401365,200120.2163671386,53242.42280261256,11135.73694598365,27482.70486959735,71222.87417214434,28636.5393823802,44738.1401481495,2274.309904696801,45380.36691241796,29714.78418309764,16510.43682104523,24391.51579574651,66098.6296307691
4127,20583.22103534704,16764.05699492723,94656.16592780527,51801.93099006774,79972.19699450614,49227.62227364631,13563.47948711268,18991.06565542315,31245.25124342984,146956.7489330558,110653.150272711,55672.92058480535,68004.38720780998,35011.4611510503,141234.6398089516,72139.3330692645,50997.39836446632,42620.2337952735,195319.6625013183,50344.1191652922,11053.31502879829,26238.43797381764,65676.84764387108,26216.14869637906,42786.51537365487,2034.017437222027,43160.92705550575,27685.45978567081,16089.7391260351,24131.87034255185,66342.20157807588
4128,18663.03442844633,15722.77910540943,87041.87172133115,49643.72178710318,77677.07541242396,45000.72237857551,12669.13759570253,17644.06797735716,26377.81356383704,129196.7822818844,99540.69078053608,51612.16391054277,59248.19595495114,31729.35889861816,138030.6320704903,69732.73685105846,46080.66356697996,38247.24385951493,182017.0253746264,45853.05273677945,10554.10102050489,24674.13894910125,62705.64816780003,21895.57223168416,39275.3205457297,1800.287727885325,38138.40182046135,27311.15642844238,16679.46992106718,23931.78928852181,66427.81569530134
4129,17766.32707292452,15185.23555079893,84483.20354602349,49423.97817441608,77503.21000116356,43372.85373499439,12126.6144406152,16927.67725366803,26387.80934946999,128999.7618061804,93687.56276773487,49792.22002572048,56953.39367512509,30912.91493383819,136662.644733186,68857.821209137,44759.79760533963,37175.21311501554,178065.0372929912,42395.42342500197,9843.285680396893,23374.19648361644,59271.99193475207,20651.3307762185,37969.8203794919,1715.248189903883,37170.01781587078,26907.33531256207,16357.60630696516,23795.56108365528,65845.66559813316
4130,17124.73453504919,14924.14002072306,82948.40035317931,48980.8693418472,77538.39201466128,42544.92301947028,12025.03559300564,16354.47077510273,25601.77062110662,127590.9747392108,90914.42215385864,49125.08686993879,55037.98197717522,29964.22339215692,135224.4559330815,66822.06844613384,44574.43854046196,36185.1610332911,173345.480564571,40697.59759328631,9331.994253845993,22278.57137007696,56772.19230190989,20408.55246774901,37707.07371119212,1669.094314541484,36022.93021329707,26908.24672496042,16798.6786662077,23340.41014398331,65299.8023213331
4131,16741.28697321615,14726.75215665925,81443.6730325445,48477.09163799317,77253.91570973101,42246.99380815445,11645.23426107305,16068.97818201572,25081.69052644402,126081.1151432887,88468.1193522872,48014.92534543073,52364.04362674207,29627.74561972342,133179.8084906245,64481.65317766597,44407.06473445786,35707.81249298716,170208.0036597438,38982.71877136608,8376.098396112267,21533.3957070633,55117.38734060936,19907.08019228371,37189.34389151284,1591.451420296508,35683.61259415014,26981.42160156332,16858.28303877795,23438.18889395332,64909.53261360468
4132,16741.29104437405,14634.6567124368,78808.6964247126,47922.917994144,77023.87771553862,42246.99382247558,11746.95369510018,15787.09809285907,24643.51067354561,125177.8484005348,88931.65889157988,47837.34578436055,51570.9833302964,29627.92680427458,132276.1402396272,64147.04592570256,42618.82814029657,35448.4006668914,162581.6546756561,37549.05492514397,8130.949675641168,20812.83262651639,53866.33709484936,20159.75028152031,37184.04083854359,1545.472711086534,35676.80130723152,26827.83154322917,16596.02380002448,23314.67977293349,64765.17511967713
4133,16988.42890429278,14672.89290157969,79894.48432000536,47922.96178081341,77676.41704854232,42558.59777423198,12852.32546031436,17397.17878366547,24830.24758535783,126292.6421286085,92969.42505181498,49618.96073425561,51216.68088804743,32521.45626531802,133702.7231153231,63475.82806249746,41988.63738689588,35118.60584428564,161264.745425822,37252.66171847309,8044.269380495159,20047.29735105579,53867.38523644895,21445.91022810644,39422.8597214796,1543.20161501926,36528.93460187104,27226.07360866815,16834.44129030551,23939.88074693542,64792.69363116091
4134,18048.00439978884,15099.79502178911,86829.38055075053,49058.26316021232,80112.97653400972,43449.70735599624,14328.91133973837,22043.08775844012,25186.78688208423,130336.5682031547,97077.82277523095,54073.78231406596,52618.20538287262,35478.39760704295,135336.8612307956,63476.81203572707,41133.24044769573,36006.17520623016,160260.2859782885,38396.21999236514,8169.066948229503,19724.47425361741,55924.53249407494,25023.81611955756,44278.75972796838,1543.224196837259,37612.67110579189,28623.79003929376,17442.40589441174,23867.07825107257,64766.63735285214
4135,19564.87595877593,15788.08210534705,91356.59206468568,52224.91802541041,81669.50126323743,42858.92456210539,14969.95531992644,22624.32312265225,26359.26045244973,136805.4465753028,110541.0832722302,53127.4095269378,53128.94946972445,37979.27090372133,134781.0339833964,64146.46435116002,42453.58833237239,38528.59939620231,163166.9660103815,40690.3339708908,8131.482604818233,19514.99691306371,57643.70814451658,27451.46682117431,46609.4519496522,1690.433764991917,39118.63836639092,29478.92219080928,18300.70886164609,24082.31691442387,65007.27979285829
4136,21478.10432203875,16685.19394002919,92821.42978240144,51607.69666987434,80472.3102268906,43500.95991097927,15342.1232976526,21789.14898732891,28611.33912356379,139841.8797890955,123997.7367528487,52701.92735333423,55711.86339751739,40364.78892395226,138090.0137180717,64148.11012988046,43725.39322351999,42368.36189309376,175957.577936901,41266.93041865953,8390.240370748468,20643.51642732951,62326.56580837442,30301.07943287115,50754.17001284816,1934.112902432166,41482.34010087076,28555.84582236256,18229.18361622875,23151.91162619745,65611.39331857889
4137,22882.3297100383,17800.85428876525,99034.34398249324,51646.90532061798,81141.69477063915,45938.46512491472,16429.56914858351,22083.26367320154,32546.545919417,142370.9005252447,129960.344761657,53213.96152455187,61403.68046604151,41910.67200398962,140754.0213443323,68821.5068099016,46717.19480065883,44888.5131916871,201401.5730677339,47332.52702699027,9553.94858947849,23129.77659821068,69421.02125607594,31537.74578553017,52841.62485972396,2178.180083388553,43343.96128368627,29974.6097260701,17585.45638802471,22579.60145749645,65807.29260762763
4138,23396.30243309714,18352.05355136289,99993.83500147771,49646.9316067757,81004.15272076968,48369.46748467706,17177.42932325444,22384.14765209985,34377.48866912597,145506.2775953835,128417.4559917335,51418.88057373786,65026.43232526048,43199.30402633039,143370.6213060652,71155.10885968382,49088.78456079525,45679.47530525842,207886.3318797449,50143.14457346854,10294.42085182835,24823.98101260301,73597.93519974725,32256.65063606783,54444.26129969894,2223.0871347793,44577.52109511462,30346.72822660329,17072.85878336481,22872.29287915386,65949.20476252111
4139,23915.79126839537,18786.91699422153,104952.384552167,49651.89642037779,81823.42638903865,49590.2699735968,17752.29727893599,23638.91718077068,35180.17291914365,146420.2665408967,122340.8471450488,53874.90073789172,67662.14791423979,41384.23859033184,145623.3674363866,75517.80571101041,50701.15849704057,46660.69686500302,213698.2383982794,50962.18922595106,10640.64046890463,26488.28413358263,78657.71069368842,31145.59479136627,51281.77225537096,2282.3720595399,44697.2544522234,31105.0514727138,16762.91604488814,22866.9139690459,66260.58092377229
4140,23923.59046038111,18485.22412020735,100301.7022896897,50375.64695850306,80421.32073226685,49582.77972516636,16072.48672870113,21865.61387359157,35426.25432265596,139655.9757147817,130127.861689977,48900.97691262367,65788.06815594809,38668.2172480877,144538.8548114891,77552.70005243906,50768.97004420637,46291.77565761262,204487.2662912692,49634.54990755276,10640.64698624382,27492.10766872939,75693.92200944792,29428.20839220298,46598.6629789657,2193.627088612207,45565.61277150775,29874.53950336724,16762.91604488814,23287.09384419991,66338.58329878804
4141,23144.3912234895,18217.76324828557,99373.13535684648,47909.26615535354,78747.90624996416,48980.00876281729,16052.45203056522,21223.4420105217,35670.31611559798,132791.4007569758,133149.5427388787,50171.33498138379,65465.49966463604,39009.6521379606,145081.1253568513,78446.40940082887,52276.84817400706,45154.1201290298,198790.909554705,48715.01725092644,11004.90400041556,28418.95564474519,76210.09820885022,29296.85704861282,47121.7333151007,2057.196628684862,45870.60948821033,29812.19524237953,17072.85878336481,23580.26561530439,66407.92676072489
4142,22637.20592110285,18410.60992828486,102865.5197744951,47349.31643484249,78280.08767635273,48968.95435636391,16442.69320038311,21510.16037378619,35893.33245567865,139562.235280363,131157.1819013471,51981.77230468034,66514.82846451558,39974.15287555996,147243.090030226,77609.4024093066,52283.63064682495,44716.68353522989,208684.4871182002,50143.85449627112,11031.15869000369,28662.76688369633,76980.0223083755,30289.56687266848,47650.54811542948,2017.220198910628,46842.29462200314,29774.68965935017,17168.22578003288,23867.60521563902,66316.91485797953
4143,22634.7626040626,18387.67213131238,107645.4824696379,48494.1051755034,78729.17501624672,49311.8550954899,16442.67795497403,21797.48130130407,35801.13441977214,144415.2146248875,130002.6700491519,54339.39383817549,66514.81417967315,40637.93465098627,148335.2813850251,76908.95082087241,52291.16782443587,44397.0251242652,209701.0269385218,50145.71726068499,10900.28472613726,28343.40770323202,77857.38756060244,31027.56564849656,49228.9219886234,2009.170963729082,47294.43512547358,30120.01653849968,17001.33353516919,24297.30546375503,66315.81052000605
4144,23155.59031645027,18474.88948714133,109702.6371840667,50222.49380078676,80338.6041380895,49888.07396205369,16808.48595930054,23366.96129427677,35797.21823531141,145834.487375438,123649.944509701,56471.3658406648,66712.5286839642,41986.16516734999,148336.8807710182,75871.9033924956,52227.11856570482,44803.92904933487,209813.9302706566,50810.9696305795,10554.69266862267,28163.03151866064,77843.19270170428,32741.46950885861,51810.78275645062,2016.200306953049,48166.92380405787,30935.83062765775,16822.52041745841,25364.37834096436,66344.33906454992
4145,23658.32132569586,18571.05005910496,110459.9291803905,54813.72435456814,83247.13217406714,50202.20475960635,17364.494665226,25519.47081728003,35548.40227508324,147658.3656007037,114048.9695916992,57437.65484203106,68044.61804849404,43867.01573510002,147792.3326832778,74424.71430551354,51672.66952192049,46906.69626301643,209701.0183151011,51576.21497468621,10554.09926402845,28023.71147338339,77857.38846266008,33919.44175139964,52338.26346347742,2101.588387368757,46720.19976242176,32497.40936204436,16882.12479002867,25440.21651491557,66708.24951736505
4146,23915.79797940673,18410.44099393791,110953.0883469697,59013.82988850109,85599.56229677037,49887.34580368963,17273.15135409831,25805.42073984157,34202.84499119134,148167.433712597,113228.905329355,57168.23994626531,66135.71824423975,44824.02434200097,145624.5632012178,74425.94853618742,48366.4620354849,47476.38802482103,197822.1542117136,51561.71610388207,10381.47472514118,27279.13233255147,75404.93332853734,33418.44408413974,50274.91852091721,2211.746307854867,45934.71297442187,31345.09073179631,17132.46315593508,25789.12276659061,66688.10135333621
4147,23915.81978329773,18108.48419178613,109007.1028849645,58538.49790657953,86709.42341662936,48977.28172873252,16259.78580400435,24947.53967463392,33813.18973592127,142818.4736507238,117612.7092349635,57792.45785681049,65747.24570747734,43886.85886431398,145081.3306819581,73513.72236053775,45994.89236978905,47739.8307209805,197916.6966655327,49859.46239340017,9680.866798958281,26342.03904141445,72803.7282645704,33880.90444365381,49212.76579137513,2282.804927679369,46067.27758814519,31098.57877942018,17060.93790773945,25014.91750555708,66815.94803133202
4148,23888.8996198115,18100.84273625855,105510.9583006144,57909.1738635669,85037.12003967285,47712.47588630503,16810.94625539595,24041.79715290643,33004.87267799585,144239.4808752499,117612.7064922752,60431.01025617454,66731.31841222079,40951.18875788176,146165.8809400515,76203.4885113362,49120.67546016911,47103.14952314657,199813.7894043041,51610.2909457088,10639.99194567549,25673.72521816678,72815.66615405641,33881.24611938658,50259.9542751793,2442.722407213053,46800.70032796427,30186.0112147689,17060.93790773945,25361.88010405006,66815.08235579201
4149,23656.53910268184,18047.90049191007,103378.7880263892,57100.14916899276,84741.42388433426,48966.45078909295,16769.84497334499,22669.96451562338,32455.53227091801,140609.5422028335,115193.4087321585,58352.67231664975,67817.60829947788,39555.21630076676,146118.6579442591,77552.6993093309,53175.10695951478,45735.2697665636,199813.8835154883,52435.15938286988,10982.40439356593,27066.57345134681,73670.29408584187,31995.66157375788,48334.2768138418,2451.008607711449,45929.69014735187,29843.06657092504,16667.54904822008,24725.76853464322,66721.91145997807
4150,22358.35834725757,17457.56639075846,100866.9396190532,54902.97289419874,83317.04128500434,50815.09026065342,15238.64822354643,20474.18576787673,31836.9597939228,139805.376995878,110668.4582301618,56639.47406107244,68233.85302256516,36675.61363736551,144543.3913573221,76868.56741032776,51243.39633839,43438.14264396763,195843.1332616745,52435.15684083195,11245.18901851781,27204.655945301,70281.28580182258,28638.13142770047,44527.05766682843,2293.160676454377,43943.76837897659,29847.40105437137,16381.44805821587,24435.1547700059,66847.24215167043
4151,20319.57312807333,16580.58737227313,93684.01870222237,51270.83557607514,80517.67272462785,48789.36199978495,13715.3641557448,19262.44837402595,30190.99519263248,142736.559175231,109044.3386405727,55213.20241433184,65570.50777502636,33824.04710131795,140767.1419140179,74069.86811738732,49514.69556034836,40954.63417499817,191866.019686731,49859.7855395891,11168.17265771938,25877.2650125043,65219.26642682429,26432.12750801881,42529.84917904659,2045.189743744128,41827.65288232873,27995.87571891205,15930.59314673727,24158.17462243174,67116.86434417144
4152,18934.6988051558,15847.26340028987,88539.32274703331,50990.72469124311,77720.9932310899,44906.36483206516,12917.80936243824,17373.02907212035,26353.398898779,147316.0526943158,125950.9371138869,54674.56247764814,55255.81365164337,29350.05244302025,137584.7081838985,64487.38621035099,45592.30490799515,37482.77986735747,197789.7489091963,42477.33263521446,10225.53977410119,23749.78945341896,61189.93266184266,21973.00938392427,41953.08956656454,1903.502512395282,36874.84144860379,28721.8331544028,17569.5012611967,23888.99229993467,67723.56283655237
4153,17811.89589750048,15122.46034016327,86632.76210491697,50147.91489495814,76980.11092656682,42768.39520383107,12418.07150687606,16488.37941183492,25873.6466043408,146636.805464646,119377.1998967228,54296.36112286382,52669.56743157257,28022.80923358125,135504.7712012471,64149.02411451366,43191.46756465126,35672.60134703567,190151.5637424227,40684.26192246639,9613.703226983433,22309.05707085588,58163.1186984823,20724.20269394782,40250.35531822495,1759.423214966894,35833.29055365852,26829.85436385585,17347.2628194469,24472.20575012321,66792.46894845714
4154,17365.90417918572,14912.19057434437,82936.28366323416,48893.75559443182,76835.30347837383,42295.23507403979,11803.50601363728,16158.3785819488,24745.93862120044,142882.123187869,114466.3451015268,53556.82177443123,51554.76298129412,27826.95356792237,134109.8275771555,64466.75473006868,42037.50105837348,35414.60704504003,181983.2951616179,38414.70479250327,9144.71956179351,21328.23914005266,56153.48667891332,20327.5904373739,39411.58973356162,1686.710640718518,34903.79618158027,26702.20540941452,16997.9613179119,24267.89686698624,65479.56340885968
4155,17205.88134839001,14734.65415180482,80535.85245117306,48917.50002579269,76799.19861661155,42451.7215462742,11945.49366155127,15839.22337561073,24002.5773245914,140517.5315747242,110553.0064456742,52947.40541116795,50153.74394828158,27640.40222210022,132926.1389459798,63931.41855986934,40925.41089142727,34798.93447253827,173435.96652064,37090.55597249283,8761.35039465004,20629.31353527784,54101.26720427512,19729.01671590154,38733.80407906447,1616.058135266162,34913.28704856247,26586.25116624262,17065.93566963315,24472.15315235261,65102.6829984146
4156,16751.35109808826,14527.92393628109,79312.20330945154,48684.22721025987,77587.83721664237,42443.54730211859,12077.88372536772,16141.27482432033,23988.68889221302,139539.1878436084,107280.0766863196,52944.57578395426,49770.59119046307,28588.1620279013,131271.3009786357,63760.63216701526,40812.59740354981,34579.08731354097,169189.201224742,36431.03091432234,8489.041259215312,20133.46870427509,53094.23289632598,19734.823632769,38258.80222834299,1548.168314965465,34450.20794109777,26141.8426048403,17023.9742529968,24666.64799514995,65098.47197570697
4157,17183.43471758778,14629.1349986207,79226.0537538613,48684.33805266948,78605.38721585054,43274.91936293358,12500.93259650606,17350.78391871824,24962.73673259794,139454.2908352272,105072.6461286522,52945.52939616433,49646.53727443552,30616.23298255459,133198.4766742923,63575.55185295852,41364.16074413333,33881.02770160561,163956.9859348252,35880.15997431189,8336.931073573018,19622.99984597905,53068.0778559001,20328.37753548158,39248.38856872349,1536.235554056594,34925.7392959842,27273.68624882149,17619.72252917588,24958.48607107496,64835.64595450705
4158,18103.82512066531,14936.77066674684,82041.14461737,48765.78839429618,80146.42268092147,45262.48048626348,14246.36527946486,21110.11420928883,26514.26041100142,140761.1923934134,107278.0261971784,54646.57989589146,50919.97709532061,32392.23913949325,136924.3273783267,64845.70651321172,41317.40230115873,34568.24843187065,160718.402080667,37185.27171669753,8530.025523887545,21028.10934395409,56555.60302180714,24068.38023086969,41922.20511825566,1548.739548071559,36836.22925087083,29073.23210812962,17999.60264392293,25055.56223351243,65052.66683557284
4159,19201.3681327691,15875.70546554368,96482.22296422602,49669.79632624684,81390.55068325956,44404.35076830782,15159.88243771893,22220.62174937307,27160.6358990526,137203.417092487,100905.566301736,57783.13901491876,54186.42572706675,33629.30909138405,138823.4561601566,66140.11376925252,44369.28191699087,38948.21783771341,156935.067154827,39964.69250279017,8813.368655878454,22714.38946662153,57150.69030030826,27343.12198386217,46244.46713980154,1701.643409177739,39940.83444242737,30460.11917875495,18329.59596722862,24511.21391894613,64954.72229164033
4160,20517.69817512751,16293.8989686674,93986.80017707711,50991.53129263283,81096.48147684302,42543.17425985319,15537.95814552717,21512.19626006029,28298.48706196323,123730.0554908275,96301.37383444577,55454.45762436475,57676.54368749658,35624.49428862,138963.8098898339,72746.16772954384,46417.3973851498,38359.69382482606,153334.393415613,41221.5398711594,9090.332285472407,24153.12229077933,61853.3870686344,31148.42612776499,50567.52613248207,1902.973683728287,40821.72947427425,30148.61983994531,17341.09184907922,23705.33805882997,65590.59897091321
4161,21502.00128331041,16967.9506354935,94704.04120444825,53297.20702746746,81799.29405151888,43982.19708779515,15578.49025366186,21584.70044275542,30384.09142670117,123046.7519916877,99640.3974054108,52923.97972982162,60361.05591211605,37348.56587825785,138963.8098798402,74324.28095432291,47468.97104921861,38601.5964080984,157103.6516538674,43477.78791695883,9801.685623891477,25693.40511396472,68167.15613136208,32319.55889326795,53151.49500367879,2117.977997434098,41420.64425964571,30938.24235384211,16545.61391293832,22853.08482024005,65747.01292510942
4162,22101.00165745666,17439.79374971808,95512.0634939117,51919.69414208279,82289.21221956357,45430.4659535481,15694.13711801525,22547.72958233842,32602.67948384663,125440.1644668564,105520.8896949379,52145.33220031182,61894.39550872119,38485.34411299169,138195.0740862564,73526.60637758249,48494.29380526373,38600.06108836649,166847.6885282577,45003.94912771291,10459.72735242735,27507.70946382705,73112.16482199295,31117.57905416577,54183.56685634768,2244.850919921807,41607.70882676534,30109.85779976822,15911.51127283557,22429.81230589252,66496.0824885106
4163,22392.66801791233,17585.14709058106,99596.90748693235,50990.72445687332,83765.15005994479,45050.18718380095,16110.17898279543,23659.18838731391,33166.1390598966,125856.3946445765,104863.9657276647,52248.71876018729,63409.37676803341,37047.60665243794,137038.6065690942,74212.77096286965,49184.08712558823,40329.91481219222,175545.9976551098,46509.27154655459,10413.60481818673,28547.95166828419,79993.25684919745,29892.36999901588,52604.38048639028,2280.943993379777,41880.51716036502,30460.28045708214,15930.10714864452,22526.10882775255,66281.30899108233
4164,22108.93593672648,17198.44835278423,92079.72050883608,50991.07352541619,82561.91716181973,44062.81762318207,15354.0486108462,22228.37328972627,32790.28138608718,123486.4658347606,100910.6217593309,48710.57406914698,60339.67935209788,35823.50465470534,131618.5113011749,77407.90417338435,48367.58105663642,39153.60223879604,179783.2980957302,46533.18921747071,10207.66280057612,28575.45425005314,75442.76500835229,28522.87623582474,48260.82316665554,2243.212466083633,41481.09798496531,29960.6492507237,16606.87561260772,22916.96992215007,66328.52026546928
4165,21816.34213626356,16668.18590299937,80982.38160983325,49091.8198259709,81752.6875352055,43602.76310047736,15464.90818205391,21267.24220089115,32757.23457149248,125979.7194689889,97564.87956319116,47847.48904752343,58317.01676500934,35022.67699816095,132394.8885405138,76006.03688412787,49195.64348708074,37482.75411127381,181765.0824196049,45248.84717170557,10259.2977838865,27336.26816479752,73245.69162659624,28207.86923875525,47746.26836764954,2070.932208226493,41254.61905907669,29717.35918454114,16954.20766961202,22528.36431168893,65379.87311699225
4166,21383.99377822309,16522.02591037924,84122.61237309758,48284.96491825602,82030.78937363486,43145.61726909044,14835.23439512001,21408.70099817811,32346.92185920669,126196.4808164562,93661.93164129682,48330.87348682583,58764.05745182583,32691.53717857585,135502.181109045,73712.48620010867,49230.39502208419,37147.24831967142,186138.0257112047,45500.82659389383,10413.95793131394,27113.93115552571,74361.7956832253,28338.55170317124,47717.80552699857,2050.524963495759,41705.25822133468,29512.46836171187,17082.87204865806,22528.16096533176,64907.8012456678
4167,21099.50267054527,16487.67780516437,87919.88532605018,47847.94229093972,82419.61023445032,43290.99935555097,15353.04845756169,21905.19014851073,31782.57361099484,127102.7368112015,92936.68126563542,49813.95299834137,58728.17965524272,32381.87460214423,138993.2500125756,73566.96061180625,50336.99327808117,36811.64854965116,184019.6549747322,46508.74785081871,10461.06032933852,26263.61284302443,75358.38390761579,28720.21381605921,49291.00972877161,2007.760615216227,42631.71959873807,28919.36682982174,16997.13294859684,23111.98218421685,65211.52663799254
4168,21817.04217184181,16930.13777873344,92170.46612972919,48685.18808050438,82732.97636232816,44722.37542264723,16246.75711072163,23266.44358168104,31862.72670536092,129398.6564938456,97612.12218557976,52144.55544460956,59845.94564615509,34956.35855566299,139731.462207575,71900.16297467699,50803.41519854789,37705.56761145419,186138.6027554836,46767.54990502678,10505.88200605304,27399.89083967416,76371.89584718387,30701.84641030341,52380.16148835047,2051.010128440805,43488.33435851518,31420.96330058579,16968.19156690055,24170.66175029398,64083.0950539027
4169,22653.93753189186,17479.92623111625,99362.26523328802,51406.59948474765,84571.04600605261,47056.74726529737,17103.44452841783,26065.68910968472,33152.15818065948,132884.3440584014,102227.6259728726,53929.34881027408,62642.74421347218,39251.10933068284,143183.4360323167,73325.2895706599,52628.52294056703,40176.21052650265,187108.7188459959,49271.43695582038,10841.13495408055,28793.70009343496,78394.81957135606,32519.09179173603,54693.91736097226,2119.430724970429,44600.43519696789,32073.26928484886,17339.06511955133,25542.21409941847,64035.97249782639
4170,23271.67761908274,18168.87897963644,111106.8623433951,55702.6257772348,85730.71088538646,48793.52216716493,17910.31434202997,25415.35884981988,34211.98873963057,134988.6939618656,105519.3895501642,55203.04514865398,64694.52347593534,41305.83542651822,147423.0768471949,79616.59316103272,52156.0182933278,41551.32537581215,193553.938488987,50034.39145990854,10978.94852655632,29575.11681060688,76495.9367685854,33923.69024844096,53444.56413735267,2187.084773201942,45396.89553973733,32526.04441872111,16635.71183416677,25352.67103448891,64558.67568842307
4171,23545.32442138165,18486.99805360114,110639.9280899004,58970.76167905866,85414.01416225944,49610.51530862672,17546.18950955287,25387.21554585769,34130.84559367218,134604.0599884381,104251.1897115943,59150.68240534811,63783.82289531131,41917.30474020012,143264.3158157556,78241.10378390257,54047.28668412503,44192.25296683454,197792.2533910638,50793.84205290714,11361.33770293303,30269.79264089306,73362.50841926395,32944.26178143651,52882.91747520342,2208.901594301139,47481.36398844003,32486.36503553588,17460.39467385561,25911.53122619869,65928.44697101944
4172,23545.32442305149,18194.60115378559,107065.876095782,57071.35431638925,85507.6772217204,48511.41567167545,17120.07952147364,24456.5920451564,33489.2150367372,134220.279966478,104109.5161216527,60344.61201947894,62272.52417914243,42297.72019318015,140815.6362984602,76534.79255123432,52939.54084463411,44638.59429886763,196731.7518338857,50792.75670098745,11353.58312669804,30367.22530444922,74347.89900127426,31519.97689901312,51093.52832657882,2392.64652724028,46511.79024705414,31856.84265257361,16972.02996061451,25164.5476267097,68108.33367154484
4173,23255.91599971836,18190.41706478383,107110.6931371496,56652.12780371637,84312.94252431227,47646.00129326982,16226.23286992167,23023.46696058562,32755.91199306073,134929.4154975057,101800.6400374066,58410.34046103041,61754.53961430685,41188.39823560734,140116.9296821709,74344.95304859389,51756.12426999856,43759.31660906034,198848.9757002223,50211.28620750845,11167.6156538527,29313.86846251226,75758.29187157954,29919.6610359333,49287.25394900462,2415.312493808774,44769.25229647261,30739.39731765723,16712.41114764937,24764.43529345624,68348.77622065312
4174,22226.14520572172,17785.72331589896,104518.7627447171,55527.79589589718,83305.38703549455,50533.02105707979,15152.62526079756,20789.64104717092,31314.10657664612,134942.6517452498,96956.1888102041,56291.04657991327,60339.32499107887,37707.56349998491,138162.0887725783,71143.08829681932,48606.59138503949,41869.91114795167,202064.294685013,49006.20863463412,10979.31337406427,28013.09575999109,69637.47988413068,26750.77298965249,46204.14334396846,2354.314109719582,42067.54626253802,31147.93695056218,16525.4320497531,24852.26030249894,67651.93113086413
4175,20527.57758580454,16856.48797078983,98969.56642734342,52913.05578839056,81315.3029229981,48152.22443541177,13698.94314737378,19361.07661492131,29469.54456106123,127818.5616287236,87805.6495234628,53970.15568691558,57919.05089994469,32694.50672356052,135417.590107043,67944.26854284851,46835.60274261461,39504.39152151586,204987.0316877952,45571.94119037333,10602.42060227453,25524.54482142858,64231.79245193514,24571.57504170332,43883.73729843547,2100.395909348639,40394.67804504282,31216.38311150452,17389.96708519525,24772.20474084117,67894.803566163
4176,18946.11253225533,15749.50324703483,89203.31872893161,51082.68094052021,76948.59087794248,45043.47062496288,13032.87236314848,17027.16958755198,26146.75710547149,148435.7988911177,122109.6172967974,56185.04278553236,52998.843678276,28764.71237968516,134858.6937703663,64855.27808491451,47060.04626049897,36088.51049549474,198119.0719693024,40216.91549340018,10249.53994671065,24425.38918944297,61375.14952592429,22125.67511866215,43033.80975753562,1879.141488810544,36392.10089648326,28153.72401156843,17429.4689582687,23961.51111065062,65602.82829084086
4177,17816.46120866545,14965.71332265823,87262.5879692893,50236.28196955115,76071.38734056646,42780.59008778483,12536.42991827226,16086.53427311348,25605.98823004526,147694.7260066563,116004.4297505087,55767.32434303283,50312.9529959192,27481.88642440269,132616.6661292004,64541.32512589634,44591.41963687242,34170.44236280717,189586.93056966,38576.43297677236,9691.142255736722,22880.79714961953,57888.59702018572,20890.45858646999,41345.3331618782,1737.200642973739,35300.26723684469,26030.78872778371,17279.29513651156,24507.56455156375,64791.81267157051
4178,17367.74921168953,14738.33110959048,83499.85981071093,48976.78172871879,75899.93553908895,42279.78557001544,11925.91704116234,15735.6491167401,24334.85438676446,143598.2893874886,111443.6010245018,54950.51281952421,49155.19668392713,27292.58522503731,131113.0137641685,64836.13494103617,43404.87009903364,33897.07117675156,180462.6659701515,36500.01247326301,9263.120430332205,21829.27391964974,55573.72480198627,20498.16246880639,40513.59088598989,1665.567282206446,34325.8998326162,25887.55748720339,17043.26062772893,24316.2734065979,63648.22563609084
4179,17206.75033879702,14546.34618726956,81056.4071416777,49000.62727768918,75857.18743691273,42445.41476683594,12066.96838295699,15396.29595656184,23496.94979086589,141018.4706546563,107809.1894809828,54277.420428723,47700.19834023887,27112.27696901336,129837.0796124294,64339.41743995924,42261.37930753637,33244.70350791224,170914.9769626534,35288.54715112231,8913.235385491456,21079.96409734716,53209.79657969089,19906.10273495574,39841.48059302629,1595.963414312931,34335.84888847186,25757.44854762957,17089.19313202059,24507.51530511098,63319.94950478342
4180,16749.44772997385,14322.79158477739,79810.82728657658,48766.36105072744,76790.93435654478,42436.76294233777,12198.48542979835,15717.462936202,23481.29497890197,139951.0772533387,104769.5410516972,54274.29514252923,47302.28324067977,28028.31923587799,128053.2791918484,64180.9514236524,42145.38045386539,33011.75309722035,166171.1796856098,34685.14689506191,8664.710198210363,20548.37475554868,52049.80523821881,19911.8464579621,39370.45611658824,1529.081227286867,33850.41379446049,25258.79041249041,17060.83842320872,24689.61772081318,63316.28155546842
4181,17184.16679717724,14432.23953727829,79723.13372531766,48766.47236516859,77995.7120294801,43316.70792879938,12618.74459878561,17003.51663451927,24579.2256430442,139858.452847769,102719.4473067296,54275.3483947244,47173.44970016745,29988.51917608599,130130.6407730329,64009.22263674341,42712.51756165642,32272.08798610662,160326.5975352404,34181.15442026406,8525.885577751844,20001.10716814348,52019.67754525895,20498.94100130697,40351.75626765069,1517.325574623336,34348.90229079634,26528.79979078821,17463.40512019707,24962.86105135848,63087.35082026634
4182,18110.17102282275,14764.91161100546,82588.67773651412,48848.26956975948,79820.29570887069,45420.39234182343,14352.66741221774,21000.75869394441,26328.07754952638,141284.3096862326,104767.6367132128,56154.13639051123,48495.95338249805,31705.08986837493,134146.8491173132,65187.74948387832,42664.43886214499,33000.26820040357,156708.9770174137,35375.20269756138,8702.114826729281,21507.50833738178,56036.91803417243,24198.24306051803,43003.18391666218,1529.643982045504,36351.62462464473,28548.01872632895,17720.1026032785,25053.75191217877,63276.38366271389
4183,19214.40838083682,15780.26002139296,97288.57467713204,49756.12729367735,81293.34139768897,44512.1263816845,15260.16058375237,22181.54545739206,27056.66134126386,137402.7026816596,98849.38024696753,59618.42485334604,51888.25372742179,32900.76028620012,136193.9780729071,66388.77936638585,45802.49038097599,37641.29097532846,152482.848971986,37918.09806332678,8960.710282333202,23315.34918687458,56722.39228766369,27437.34738661055,47289.2539659348,1680.27841575317,39606.1102810642,30104.20503854667,17943.08994122499,24544.08727716719,63191.07051012294
4184,20538.76723713553,16232.48749147409,94748.42795724764,51083.49097688823,80945.16389833842,42542.21060663505,15635.7431549816,21428.28678018755,28339.22840952589,122702.9843620309,94573.3561858563,57046.42675964641,55512.84106852491,34829.17501713074,136345.2696476528,72518.27854428385,47908.43578663858,37017.68996483803,148460.7603729047,39067.98920773088,9213.483432249746,24857.79752393037,62139.37509526699,31201.24025033037,51576.11431299432,1878.620509116473,40529.53212347874,29754.68054041875,17275.12520894741,23789.55857721524,63744.9415272285
4185,21529.07399657772,16961.39570672813,95478.52365583071,53398.98562105894,81777.29293267248,44065.30836579008,15676.00798309979,21505.37943929236,30690.08725893302,121957.4860030366,97674.38752446735,54251.5470705165,58300.78380762767,36495.54917389691,136345.2696368802,73982.54810248865,48989.70135051435,37274.01033930974,152671.164226486,41132.23321439181,9862.705946842912,26509.11640630077,69412.13371630537,32359.62814571263,54138.44661304498,2090.433689015774,41157.36060991876,30640.69337734788,16737.59461409077,22991.6074783321,63881.18359856724
4186,22131.7279092739,17471.63897025838,96301.0276334108,52015.60648400383,82357.35530885543,45598.19236265958,15790.89223980129,22529.35453157105,33190.84313359026,124568.7488970223,103135.7418661542,53391.54107326552,59893.20084180233,37594.28421698915,135516.6258306764,73242.4170512211,50043.97479406959,37272.38351200058,163555.6215419859,42528.51991184192,10463.27317923514,28454.21050603148,75108.23286541771,31170.72887047842,55161.87652876283,2215.42354011248,41353.45605940491,29711.18676386342,16309.11061239973,22595.30418177968,64533.64961043332
4187,22425.17325741909,17628.82164553984,100459.0817810069,51082.68070515235,84104.86349824717,45195.69579984659,16204.19060858305,23711.15276135417,33825.96547655998,125022.864695997,102525.6408092724,53505.73017444208,61466.55221753498,36204.66178896416,134270.0341496717,73879.0823413778,50753.24489938254,39105.33935841689,173271.9614562029,43905.74117391521,10421.17906644774,29569.441792521,83034.48434307151,29958.85317149321,53595.91329729892,2250.980913495846,41639.43471171999,30104.38600434447,16321.67645707163,22685.46507757632,64346.57431840665
4188,22139.71058282928,17210.65208869309,92807.16886929363,51083.03126023232,82680.23755148234,44150.63915721692,15453.04637102403,22189.78755923739,33402.30490433851,122437.2229703586,98854.07537178455,49597.8957074761,58278.58363854552,35021.52534235294,128427.5478100442,76843.7215200533,49913.68422453909,37858.91662398415,178005.186132322,43927.62347933544,10233.22437879463,29598.92698310116,77792.82465665069,28604.26294499502,49288.72626360871,2213.809404509335,41220.73284883172,29543.76411885728,16778.99115869511,23051.42207916096,64387.69700369435
4189,21845.332137856,16637.23513134189,81510.93916869331,49175.68943304229,81722.11088725811,43663.70594183308,15563.17490332496,21167.8306371363,33365.05507985206,125157.4146497708,95746.80428470323,48644.6296061875,56177.99068105672,34247.49802300615,129264.4285641669,75542.98367433333,50765.12756262578,36088.48320430615,180218.9140933106,42752.57742205048,10280.34947387079,28270.41032982741,75262.0408697446,28292.68401635899,48778.480031026,2044.086162116522,40983.32024068739,29270.77529452482,17013.69484905773,22687.57685117135,63561.39187547033
4190,21410.34671736735,16479.18015632204,84707.45036273393,48365.3984674869,82051.38304685986,43179.85135810258,14937.65336081888,21318.24175041611,32902.5573564056,125393.9057976043,92122.0428652253,49178.52138779973,56642.25522247455,31994.37165951142,132613.8741896566,73414.88767077861,50800.86033092816,35732.980716579,185103.6569585202,42983.11369354883,10421.5013380672,28032.04546843072,76547.66841157901,28421.94432686969,48750.25552075262,2023.981805488057,41455.71482850109,29040.873162809,17100.63760015525,22687.38646122409,63150.20062402145
4191,21124.12038668489,16442.03668898606,88572.77951081321,47926.51474344719,82511.74636290966,43333.72739523677,15452.05281302897,21846.1515535892,32266.43331682876,126382.6499760868,91448.48543280037,50816.56328219357,56604.99510439371,31695.07218854708,136377.0040557127,73279.86016733649,51938.70414362386,35377.37864916596,182737.356814466,43905.26204406683,10464.48973165069,27120.42932604275,77695.62702846096,28799.45299601321,50310.28667504113,1981.852173578425,42426.90281471784,28375.37089861482,17042.70087134794,23234.00894626321,63414.75615412837
4192,21846.03644322614,16920.50551493553,92899.54086831622,48767.3260129168,82882.77138832872,44848.7316314241,16339.86810227227,23293.55283414526,32356.78056311558,128887.5462014804,95790.67964210387,53390.6831567667,57765.82706105272,34183.39898015915,137172.7455421322,71733.30381040722,52418.29580521618,36324.57675498676,185104.3015387801,44142.0403496725,10505.39660604528,28338.61944232888,78863.079879965,30759.52044343162,53373.57177168434,2024.459769525218,43324.87221074734,31182.34074421288,17023.14422821258,24225.23371944691,62431.85244089819
4193,22688.03635678264,17515.03756539486,100220.2341781036,51500.32677096245,85059.04308975158,47319.48918546495,17190.90628439547,26269.9505152056,33810.20646002128,132690.5039832184,100077.2087976128,55361.96405107788,60670.38237913839,38334.42249000548,140893.7336279279,73055.62305741684,54294.93670945177,38942.4740448973,186187.957862579,46432.84957500546,10811.36798508867,29832.90575424002,81193.26266120218,32556.98962438037,55667.95367114769,2091.864854901212,44490.66174079114,31914.27463096413,17273.75568117142,25509.39628358151,62390.80703238837
4194,23309.54428339364,18260.05956153181,112175.3225019085,55814.64804397709,86432.08456761118,49157.73518811823,17992.45537359908,25578.46366347326,35004.82999004167,134986.3935868234,103134.3486456941,56768.74497334295,62801.21383692274,40320.38553580476,145463.7720352714,78893.07767357554,53809.09057114679,40399.54799734754,193387.5117022749,47130.87755351209,10937.14468315918,30670.65331633864,79005.96120354874,33946.30251703169,54429.06176546846,2158.514769230768,45325.57265587291,32422.3206577591,16798.47674166835,25331.93013842908,62846.0999488563
4195,23584.86016501944,18604.06821525077,111700.0196720537,59096.70157074427,86057.11612241219,50022.46116663871,17630.73168174124,25548.5392914193,34913.36677392549,134566.7499052609,101956.5410143781,61128.85861534697,61855.42523221366,40911.3915404853,140980.9164183654,77616.81486116066,55753.76021521458,43197.87920955021,198121.8695701669,47825.69979961713,11286.13533131193,31415.4070059926,75396.60080177807,32977.53269520576,53872.11798813336,2180.007781034421,47510.67261190328,32377.79755685352,17355.7420500395,25855.18201229076,64039.21905232947
4196,23584.86016669942,18287.87509107391,108061.9121352029,57189.20542594265,86168.01304433758,48859.14661622074,17207.43158167124,24559.02065087227,34190.13139030081,134148.0379025476,101824.9653507371,62447.53823550122,60285.89828287905,41279.07608646962,138341.4099295033,76033.5953838834,54614.73641622201,43670.82321792444,196937.2492653666,47824.70680986162,11279.05805310015,31519.86340495263,76531.66098202953,31568.74761466315,52097.71208719948,2361.025537680345,46494.29093388408,31671.42849743268,17025.73795704227,25155.79319559808,65937.97726025037
4197,23293.68652772211,18283.35048710535,108107.5324049268,56768.19360276105,84753.44895447604,47943.17038923119,16319.4792040358,23035.1992726783,33363.56429125244,134921.7195467233,99680.65671018814,60311.16063519609,59747.95649469984,40206.87847429216,137588.2527137548,74001.72893049895,53397.90526725411,42739.13913391337,199302.2683121507,47292.71876739048,11109.33329912413,30390.57207171074,78156.27645412793,29985.8472132866,50306.56234387127,2383.355091779123,44667.62879295956,30417.57504989542,16850.30498947797,24781.17440679235,66147.41120172202
4198,22257.63475719218,17845.7214258004,105469.1484331156,55639.07363524211,83560.50476685313,50998.86432786303,15252.95126267802,20660.00417026028,31738.38500048738,134936.1605688826,95181.49857169494,57970.42830301297,58278.21562449036,36842.53265345894,135481.0699529572,71030.8438178867,50159.44317262172,40737.12200466699,202893.9010919537,46190.19187013791,10937.47766425839,28996.02913906734,71105.78288884029,26851.44463933351,47249.26781684627,2323.262056993178,41835.49298412468,30875.98568634217,16723.95706560529,24863.40356040754,65540.43454850095
4199,20548.70690621858,16840.86184264148,99820.49727221332,53013.19844240436,81204.24816239646,48478.96962636452,13808.85513422065,19141.0320683649,29659.22511238333,127163.6297712466,86683.17309111863,55407.03471182065,55764.69174587491,31997.24182630128,132522.690963307,68062.78403967946,48338.44945767847,38230.61352399693,206158.7087441933,43048.17652200969,10593.5033552643,26328.0832964393,64879.03314798825,24695.9618461746,44948.29142894261,2073.112557534912,40081.86400942454,30952.78716574046,17308.15181289153,24788.44881631974,65751.98500655465
4200,18579.80976016819,15449.0177918083,88184.9600710331,49949.99480451256,75627.31898937968,45229.36309128485,12886.65387105569,17705.52312842658,25572.87986833711,129318.0573418338,94651.51098308628,53679.71212545574,53024.66406646821,29403.808456648,133143.7781172029,69320.37387504893,49446.35909285607,34056.66456261065,166214.2022939056,40963.0158502517,10636.51794325404,26724.53413935972,63696.77880483927,22321.14442918757,41577.97101805736,1777.691031626777,36940.06099449767,25880.2011907832,17095.77285693168,24014.04274862783,66702.3809577553
4201,17725.57826696067,14845.88925524167,85586.02860653106,49733.63718125978,75429.99239571994,43489.19926129081,12356.41015069719,16895.54383799495,25584.53097941852,129061.6480166789,89466.55213004461,51558.88095158096,50561.99394960887,28617.91589988825,131520.5097063503,68479.494099494,47813.95656770882,32849.78253937732,161006.1640836119,37604.71383292638,9998.279192914379,25021.10724265538,58977.08309645433,21072.96566274613,40415.32183531228,1697.534151206422,35853.79363437452,25396.36838776432,16935.52177341266,23883.76555401106,65813.40057002651
4202,17114.37713396546,14552.93780301397,84027.07369858515,49297.35613224743,75469.9218263714,42604.15543998663,12257.13043229041,16247.45423908406,24668.32240165235,127228.203346335,87009.98190892518,50781.4521496785,48506.46733997793,27704.72448268034,129813.9394886375,66522.93595329333,47584.87911825325,31735.19131554442,154786.6028730194,35955.66143268898,9539.192306731458,23585.41502037552,55541.01005996553,20829.41910009703,40181.32554249826,1654.03026164899,34567.06872362521,25397.46038419064,17155.12510967702,23448.4974859502,64979.83247510203
4203,16749.09298491237,14331.46690532069,82498.66793779368,48801.34104757335,75147.05864259118,42285.6741918376,11885.92549964814,15924.66517953109,24062.11582853929,125263.2193583245,84842.93903193912,49487.75008070348,45636.92684499683,27380.83773934233,127387.7389572703,64273.56724691955,47378.02889158428,31197.79686574385,150651.9498156922,34290.04592338425,8680.896567640986,22608.94698363544,53266.41547507568,20326.35995233652,39720.24697100528,1580.845336880902,34186.44528019076,25485.13387194312,17184.8012360497,23542.0048565546,64383.86569989596
4204,16749.09686322482,14228.13501710079,79822.22724868484,48255.7065647944,74885.9796075075,42285.67420714667,11985.34262244843,15605.96055780428,23551.37236852458,124087.6764858564,85253.56279289807,49280.81168435973,44785.85313372598,27381.01214395096,126315.436542085,63951.97684728725,45168.02271635928,30905.7534974584,140601.7381010533,32897.56692902411,8460.778339780181,21664.73093964465,51546.79764640154,20579.82959756866,39715.52419090899,1537.506556079546,34178.80484145467,25301.11202286859,17054.2262802866,23423.89112370605,64163.42258471395
4205,16984.52812383229,14271.03635338105,80925.10113912701,48255.74967676287,75626.57178669446,42618.77351971572,13065.69547314303,17426.38057770813,23769.03334910266,125538.5079615218,88830.39407921807,51356.97708544171,44405.63299688568,30166.26546726011,128008.2350457203,63306.87062319352,44389.19654697399,30534.47362064457,138866.278997698,32609.68820804784,8382.94838855171,20661.58394412806,51548.23835830551,21870.05950312623,41709.36610060484,1535.365857997119,35134.67005613522,25778.26036213095,17172.93078577728,24021.78073874167,64205.44510970808
4206,17993.91290484257,14750.02423968487,87969.12513218465,49373.55740331593,78391.91757934533,43571.3544720314,14508.86040129919,22679.22644849154,24184.61638615179,130801.4145302137,92469.79391828756,56548.30444410595,45909.68087142157,33012.5577928616,129947.320817555,63307.81631801124,43332.04755221949,31533.69077257794,137542.5748074565,33720.39549094241,8495.003713165395,20238.56095529998,54375.8682735795,25459.28741577736,46033.92179201142,1535.387143250165,36350.33201007371,27452.91538105148,17475.62727671506,23952.15855637931,64165.65550818372
4207,19438.93222899382,15522.28832486182,92567.57700006229,52491.41785858903,80158.47782004508,42939.81773633382,15135.39503264344,23336.39381862993,25551.2543183688,139220.2386751799,104396.1436499268,55445.46994146729,46457.78656711055,35419.84818147809,129287.770258869,63951.41789708986,44963.80980790083,34373.41195172009,141373.0774202007,35948.60647232614,8461.256855131214,19964.06470210144,56738.94290558677,27894.62024027378,48109.58403767787,1674.144479324592,38039.62372993696,28477.48039151989,17902.96349758809,24157.99470655059,64533.13188697549
4208,21261.53345059966,16528.85559433742,94055.46545379004,51883.70715486645,78799.73931392333,43626.14257961489,15499.1393839349,22392.11337061897,28176.28247770023,143171.9588628586,116316.6405951587,54949.64374307092,49229.64408194512,37716.09989866857,133214.2410155607,63952.99965191832,46535.57982552305,38696.18007638628,158228.8963827898,36508.63903773984,8693.594600041026,21442.86129894856,63175.71517369147,30753.25024241638,51800.77703290393,1903.832456756879,40691.06368666951,27371.50893737141,17867.35214677084,23268.2333614202,65455.65183318819
4209,22599.2425065187,17780.63619456471,100366.1462824711,51922.31164662894,79559.4497756465,46231.79410158372,16561.9720543547,22724.65090452488,32763.1687105854,146463.314738134,121598.5816555409,55546.33138902723,55337.82513462684,39204.13589211194,136375.3809677048,68444.59239878663,50233.02119436272,41533.34245601654,191759.6905366724,42399.98929227803,9738.484372917079,24700.82275473052,72927.32356348152,31993.82993519309,53659.81752520164,2133.886197673531,42779.30380445371,29071.38170122212,17546.84997973283,22720.9240630112,65754.8025621522
4210,23088.8690095053,18399.08655408589,101340.7358846753,49953.15516465643,79403.34797259692,48830.49418329449,17292.90520920164,23064.84206511848,34897.31985626099,150543.8039146359,120231.8227585242,53454.47368293837,59225.58610772974,40444.54718602458,139480.2664778948,70687.41293351409,53163.96894037947,42423.80008591761,200305.4834337799,45129.86624702179,10403.35197595945,26920.88513796444,78668.65626432069,32715.00970748821,55087.08961245386,2176.214851306907,44163.02736201177,29517.23044485615,17291.63529265121,23000.82951533133,65971.51148841421
4211,23583.7503336617,18887.00711354215,106377.3133392839,49958.04347634706,80333.17341092089,50135.51123314157,17854.76163998645,24483.53342847721,35832.93049294717,151733.3010360921,114848.8947297536,56316.54221771132,62054.10779545073,38697.40166506085,142153.3991387768,74880.3926602245,55156.63387493499,43528.44999203364,207964.5731369701,45925.3822091703,10714.22142865341,29101.76527367745,85623.51693275393,31600.43800792356,52270.64776287206,2232.09585369196,44297.33610433785,30425.80517592279,17137.31943496002,22995.68557821751,66447.00277821226
4212,23591.1800880568,18548.50508884834,101653.4477829772,50670.64187382426,78741.86936029885,50127.50428525446,16212.97181534635,22478.56755305036,36119.76355166446,142930.0168105517,121746.9755363218,50520.29058980099,60042.93661180276,36083.01409047016,140866.5048546266,76836.12577906669,55240.43930564661,43113.122003099,195826.1016395029,44635.88197672192,10714.22728055079,30417.16195831156,81549.67267340797,29877.61706525637,48099.97562224004,2148.446292659409,45271.40144893108,28951.48391865196,17137.31943496002,23397.51026219627,66566.11738786798
4213,22848.89050658156,18248.41166778981,100710.2688893825,48242.26508470935,76842.64640859277,49483.15240183523,16193.39058129904,21752.50300086581,36404.24254758377,133996.2193150649,124423.7138327174,52000.67414265583,59696.77180659136,36411.6724554585,141509.9688856291,77695.0681505108,57103.96228086519,41832.36022166348,188319.2866059881,43742.76472866237,11041.29245262785,31631.69091895486,82259.17718630651,29745.85006995765,48565.81033797053,2019.84916805512,45613.52603662369,28876.78698637277,17291.63529265121,23677.87508031705,66672.00928409706
4214,22365.72991296899,18464.78731752482,104257.6095866859,47690.94352778522,76311.70097837612,49471.33542977909,16574.79905719715,22076.67796398478,36664.19091449103,142808.0197366786,122658.7927613825,54110.42705625657,60822.86040295583,37340.08148702376,144075.3792984069,76890.62230745374,57112.34445292209,41339.89826190111,201357.3142829006,45130.55577587672,11064.86645184785,31951.17784485761,83317.46818041854,30741.70125156,49036.76094473877,1982.16803787606,46703.49637912479,28831.85017982071,17339.11709512412,23952.66250095853,66533.02829451372
4215,22363.40233268224,18439.05091011853,109112.7899369317,48818.09242657288,76821.38760548926,49837.89047453541,16574.78415685172,22401.53420974782,36556.72466848729,149123.8564753338,121636.0752612889,56857.82893283861,60822.84507315815,37979.02448755276,145371.3852456149,76217.41960510387,57121.65933279783,40980.02986097313,202696.9383195018,45132.36502866952,10947.35515118091,31532.6939256408,84523.44126991036,31482.03537047397,50442.4253339081,1974.58096017976,47210.67686618502,29245.59890500173,17256.0239404507,24363.59166871441,66531.34189988002
4216,22859.55911306007,18536.90954079722,111202.3161077237,50519.8486253109,78647.9910917588,50453.85862018918,16932.31248597857,24176.04949731086,36552.15995473269,150970.9475803499,116008.550892322,59342.27514154635,61035.02265624137,39276.80409437756,145373.2830941466,75220.71527496014,57042.50355566159,41438.11843247123,202845.7254250501,45778.50669811841,10637.04918214834,31296.33143077522,84503.92987736671,33201.36275410088,52741.77265634198,1981.206704364308,48189.37536712101,30223.05551134867,17166.9955613327,25384.05039846629,66574.90680988065
4217,23338.47640761002,18644.80253764628,111971.5248765882,55040.33374100771,81948.99228424754,50789.65908783976,17475.73652607175,26609.76070885651,36262.13949032016,153344.6063751195,107503.5840113568,60468.31856198391,62464.55612840717,41087.27306143088,144727.11650699,73829.82456922911,56357.28337025007,43805.39377625997,202696.9269553216,46521.76884426823,10636.51636611963,31113.76834150275,84523.44250982408,34383.06260354598,53211.53514952183,2061.692115194028,46566.53866382453,32094.03993113514,17196.67168770536,25456.57564796877,67130.62131893219
4218,23583.75672678119,18464.59777172042,112472.4444125402,59175.72061127974,84618.8564025349,50453.08023131074,17386.46067366241,26933.06684294859,34693.75477733743,154007.1253877342,106777.1349318551,60154.36189858826,60416.01776615139,42008.47031851535,142154.8180461193,73831.01078600512,52271.28100039883,44446.74734716633,187042.6342632925,46507.68648243013,10481.51736179225,30138.08197930281,81152.4463512334,33880.47956585378,51373.96639753758,2165.525172961662,45685.43297066189,30713.40496451553,17321.31141902387,25790.24023451318,67099.85378533982
4219,23583.77749785019,18125.79961736415,110495.8368572987,58707.71293357307,85878.48080183007,49480.23724888589,16396.03157524268,25963.11305447221,34239.5717016594,147045.8020286116,110660.501709529,60881.78037286963,59999.12794696494,41106.37365893032,141510.2125265975,72954.27192675794,49340.35808825348,44743.32863065878,187167.22490016,44854.33340307065,9852.443814762288,28910.12769730418,77576.98755635678,34344.40334731173,50428.0369868112,2232.50386813462,45834.13494458178,30418.05000608103,17285.70006682338,25049.85545469602,67295.08382983768
4220,23558.13250753021,18117.22583790005,106944.6768231832,58088.0860304881,83980.5188866441,48128.18136425647,16934.71709588801,24939.04523672506,33297.39545091917,148895.1504386111,110660.4992799347,63956.55879276564,61055.18687809528,38280.55659704656,142797.151466701,75539.40110814036,53203.38155769186,44026.55898935966,189667.2657069392,46554.86591509587,10713.63912178414,28034.37836824842,77593.39665556476,34344.7461042523,51360.6395757359,2383.239474046586,46656.83872702847,29324.66953293077,17285.70006682338,25381.66129485151,67293.76188798634
4221,23336.77860618453,18057.82417996443,104778.9546452015,57291.52745055762,83644.92185979299,49468.65915904428,16894.54609765162,23387.99775747312,32657.08298931033,144171.0215275372,108517.3786592979,61534.61384778663,62220.94031450788,36936.82155727076,142741.116154644,76836.12506486679,58214.08242347039,42486.61296016644,189667.3897292372,47356.03836209889,11021.09012981828,29859.5477172173,78768.11640272288,32453.19476440157,49645.67439644626,2391.049911382612,45679.79870463126,28913.77505073024,17089.83763248711,24773.33770425007,67151.48397806479
4222,22100.09098638238,17395.46419171944,102227.5797061279,55128.20706609376,82028.33484368479,51444.82324070636,15398.00635810192,20905.36467299377,31936.07346529725,143124.4528534361,104508.9780035133,59538.1763214665,62667.6338923638,34164.97388955907,140871.8879684493,76178.60718529107,55826.76275035089,39900.52907818073,184434.6262142117,47356.03589308601,11257.04357816717,30040.48913609609,74109.79105849682,29085.03996005336,46255.05037028265,2242.26502789542,43452.12663805643,28918.96835339077,16947.39222506834,24495.41914831621,67342.87195074915
4223,20157.88037398062,16411.48611686,94931.62810211156,51552.03669250588,78851.22297069838,49279.35426207593,13909.200205406,19535.32711945522,30017.53328148007,146939.195670534,103070.2612650411,57876.10234432482,59809.46139983416,31420.11323474496,136390.9499760737,73488.78256617054,53690.3343789249,37104.61884787595,179193.4769401953,44854.64726624113,11187.89084172759,28301.09414177681,67151.84608718753,26872.05530250331,44476.38126234772,2008.531674295628,41078.41209572316,26700.58833885689,16722.91830223649,24230.53863678153,67754.60226290711
4224,18579.58727802831,15635.16299161269,87141.89915384306,50196.24292142482,74637.25637095803,45269.34117516711,12753.48478689418,18049.82882103857,26179.04171215553,131943.6349970019,97137.92315339723,55448.93179167485,52849.99382618261,29907.91687383792,134553.7727356266,70370.54010157159,50970.55833801418,35711.30930527701,168424.7874318337,41584.87448244115,10500.124351907,27210.66425692254,65222.94493093491,22398.67283078586,40305.9129875837,1811.312598850931,37601.96896499318,26447.37370640765,17209.68980980733,23830.34707928961,64973.01080977057
4225,17725.44468610776,15015.92043726675,84523.61738510238,49978.83757857273,74438.96811521589,43501.17920908773,12209.80313076474,17272.91155581773,26191.17050787133,131691.1702983771,91447.26843945755,53406.92397933542,49905.98145759924,29076.50651380068,132983.3600474602,69529.27140693135,49347.75305100354,34282.77230578847,162773.8533096939,37784.59082502942,9869.070860211055,25522.09470371747,60700.69621372796,21166.70461607523,39185.13210712707,1730.367936057889,36505.64678950331,26020.10713233103,17000.48223285588,23685.84648045637,64568.12202126002
4226,17114.30716182726,14715.14208807854,82953.05530237143,49540.44382283442,74479.09214011187,42601.89559212574,12108.00737222759,16651.2759106204,25237.39823712516,129885.9315229753,88751.10569156293,52658.38929794344,47448.69100636206,28110.42432046115,131332.357967197,67571.80832422653,49120.02239610393,32963.47615927316,156025.3754279059,35918.5088423765,9415.152350306469,24098.9246346025,57408.37021612504,20926.32108123816,38959.56228350708,1686.436489974345,35207.0115683827,26021.07146043995,17287.17409703208,23203.05671304698,64188.47092799201
4227,16749.06102850085,14487.75406697514,81413.26982000012,49042.02676721089,74154.65549744862,42278.29018200263,11727.39501456326,16341.66257068246,24606.33776267617,127951.177043837,86372.7082707242,51412.76929564024,44018.28323410674,27767.77850765412,128985.1576686991,65321.39925222026,48914.38828546848,32327.38427946934,151539.1080271256,34033.68390200872,8566.51925998949,23130.97338309462,55228.93258301468,20429.79534564394,38515.08766899139,1612.532303261728,34822.86496058885,26098.49479865852,17325.91624064444,23306.77303183481,63917.03606965702
4228,16749.06490640967,14381.66142083551,78716.90173291335,48493.75002975619,73892.30410569017,42278.29019755799,11829.33165972549,16035.96694852243,24074.65429949071,126793.7188396971,86823.38070751422,51213.5220254133,43000.86254288031,27767.96301353496,127947.770809508,64999.66011236648,46717.37520184933,31981.70446237064,140634.2179284448,32457.9426082669,8348.879111685183,22194.99282143085,53581.25442740977,20679.97308838052,38510.53496150825,1568.767588624249,34815.15379966808,25935.98745207366,17155.45080911118,23175.76387726058,63816.63459053157
4229,16984.47166529571,14425.70896866717,79827.98705394079,48493.79335049603,74636.50552681494,42616.74886751773,12937.06382989179,17782.08041108183,24301.23917627158,128222.2305798158,90749.0650566818,53212.5241246574,42546.32631491408,30714.53433350639,129585.4496005475,64354.25551729288,45943.12791549037,31542.23562367413,138751.173935921,32132.1765535766,8271.925365998137,21200.59530587224,53582.63486758267,21953.44630876527,40432.57638570134,1566.605851746328,35779.86678848041,26357.35106150841,17310.41938356067,23838.92988772744,63835.77387579573
4230,17993.75139795927,14917.49415910766,86924.45721927776,49617.0141013083,77415.32810505413,43584.65624523973,14416.80280290092,22820.51373495238,24733.86072833824,133404.1720710399,94743.4203518954,58210.90926411948,44344.34851661374,33725.67994984385,131461.3962272258,64355.20164950812,44892.19412225157,32724.96818956005,137314.900837642,33389.06253749833,8382.719177597577,20781.26193698924,56291.97177130842,25496.05961274333,44601.39997181066,1566.62734619099,37006.78127282148,27836.21753817116,17705.58925093499,23761.70649438504,63817.65158223459
4231,19438.62033655499,15710.39112176323,91557.14678979776,52749.97290836463,79190.4975958724,42942.95848265256,15059.21566497377,23450.8566116551,26156.5295349068,141693.4801890371,107832.9626692142,57149.06299467268,44999.58444787074,36272.39724790006,130823.321489294,64999.10090364645,46514.36290407537,36086.23026368352,141471.1525864327,35910.52538810941,8349.352239935291,20509.15984883002,58556.18791648785,27899.76388386695,46602.31528982254,1706.748390319757,38711.70958176703,28740.99782427457,18263.47612039778,23990.01542480662,63985.01980302891
4232,21261.03187703156,16743.85123727909,93056.1132941189,52139.31934362604,77825.13734010661,43640.32585884326,15432.17836820795,22545.12014167787,28889.18138848641,145584.4067207861,120916.0813701642,56671.66480137929,48313.21657088966,38701.64466919729,134621.941270717,65000.68339005944,48076.89215483854,41202.91448585051,159760.4044479186,36544.26309096651,8579.074338601462,21975.05833478818,64723.6798335357,30721.267818194,50160.58428146895,1938.693742775747,41387.6920592449,27764.32854659823,18216.98554914644,23003.11171101218,64405.18428421977
4233,22598.60171535253,18029.07614269986,99413.78019983017,52178.11077903325,78588.55021583868,46287.90066679552,16521.94634518956,22864.0840392459,33664.12565790127,148825.1280503143,126713.1770937653,57246.17579950994,55615.27479035391,40275.86563670191,137680.1504102082,69494.35356368154,51752.59548739963,44561.14781341331,196142.6852944971,43210.96607863905,9612.200796780144,25204.60374726958,74067.3327417277,31945.73565117411,51952.6786386356,2171.008453442145,43495.26155172673,29265.46449200107,17798.57039524351,22396.04827523787,64541.43338251735
4234,23088.17726209765,18664.04987905485,100395.626093925,50199.41858572679,78431.68765782844,48928.41219020999,17271.40349647537,23190.38915502221,35885.77500033526,152842.8425759705,125213.1164027215,55232.06461953711,60262.91976421965,41588.11982666159,140683.9368252629,71738.21143541734,54666.31157452661,45615.14617141564,205415.2195450247,46300.11849088098,10269.58335494059,27405.30267588067,79568.4785879105,32657.54919939913,53328.55305573605,2213.753113374878,44891.79326812347,29659.18782795573,17465.38795981598,22706.51324645497,64640.13411408
4235,23583.00708313462,19165.00640032238,105469.7033084923,50204.33056924317,79366.04455767895,50254.42613950151,17847.49902211313,24551.17186543662,36859.74479623279,154014.040355546,119305.1843187957,57987.76077274842,63644.29138051917,39739.78206836693,143270.0288231949,75933.13047603104,56647.26121238987,46922.67518584283,213725.6446226943,47200.33124559058,10576.95305551067,29567.16110577836,86232.38483938736,31557.45284798111,50613.53443896276,2270.183314636139,45027.34521231296,30461.5385784903,17263.92881230933,22700.80770454879,64856.69805062028
4236,23590.43606430287,18817.46048645149,100710.6662838552,50920.37975017893,77766.98535992371,50246.29036488396,16164.10141341868,22628.04540628025,37158.33774152571,145346.1867290463,126876.044025041,52406.93413634373,61240.02586421469,36973.97280351128,142025.0374843336,77889.76814979012,56730.57393332964,46431.06839437976,200554.9073880709,45741.12161098326,10576.95884152768,30871.08485874787,82328.96857820796,29857.00680766359,46593.05288421122,2185.711645141796,46010.4267968803,29159.58429024857,17263.92881230933,23146.5028059187,64910.94915746491
4237,22848.22373413433,18509.349353696,99760.46496631761,48480.24345881875,75858.50663247608,49591.57126694863,16144.02393329558,21931.61761742109,37454.48010965227,136549.82766171,129813.8481303582,53832.29737007313,60826.20126743511,37321.66660365472,142647.5494927661,78749.10779453188,58583.14086462486,44915.08294005191,192409.7065449518,44730.46239556933,10900.34193091472,32075.02065921915,83008.79119211243,29726.95111827004,47042.11236887114,2055.850667111451,46355.71819201648,29093.62038257254,17465.38795981598,23457.4772955782,64959.17793975206
4238,22365.11342384539,18731.50599513586,103334.2173342126,47926.25210735713,75324.97366411453,49579.56416728148,16535.09842201915,22242.56029061617,37725.0861159684,145226.0664702769,127876.7919841111,55863.63865963341,62172.38999694536,38303.84779439907,145129.4268185651,77944.28988361153,58591.47375612746,44332.17581506522,206556.4989665674,46300.89876770698,10923.65053527806,32391.72101000625,84022.80891407117,30709.86881828337,47496.10351558922,2017.79920652554,47455.77762579585,29053.93726215234,17527.37538995693,23762.26545862808,64895.87863048131
4239,22362.78608579378,18705.08197820461,108225.5468550669,49058.85926536778,75837.14422557295,49952.01685101233,16535.08314405512,22554.15643761596,37613.21385460035,151444.7397491317,126754.3275002276,58508.92988541573,62172.3716708554,38979.7974843965,146383.2331329294,77270.77581525326,58600.73387186322,43906.2142746861,208010.0457482145,46302.94613384173,10807.4621707199,31976.88712082526,85178.33049722142,31440.58794865938,48851.14835207206,2010.137562977404,47967.65272703883,29419.31348144473,17418.8973867588,24218.05905315125,64895.11055697865
4240,22858.8912303133,18805.55513566989,110330.6305608195,50768.8562799173,77672.64957995775,50577.89553478265,16901.67229283647,24256.23892366498,37608.46199186001,153263.4150210989,120577.943273131,60901.03852188446,62426.02051511469,40352.74268012124,146385.0691850537,76273.61049490905,58522.04346820647,44448.43502272127,208171.4858332769,47034.12564483012,10500.64961014146,31742.58618714746,85159.63535767156,33137.58580205883,51067.69359612274,2016.828425021415,48955.4103538289,30282.49293702644,17302.67095592169,25349.92943129007,64914.95232612819
4241,23337.75868314684,18916.33075133747,111105.5664617396,55311.23200793839,80989.73805000019,50919.09881970181,17458.86829677713,26590.6100380225,37306.55096022569,155600.5572131714,111243.4757788185,61985.23112047109,64134.96406973385,42268.07149038517,145759.9426191972,74882.07648206489,57840.85183653341,47250.48224148673,208010.0334176151,47875.20752865534,10500.12279252788,31561.61541893844,85178.33168526372,34303.93848565339,51520.53941455652,2098.104847022945,47317.55218894661,31934.73540220243,17341.41309953407,25430.37284285162,65168.05416890614
4242,23583.01347558877,18731.31138516307,111610.2155863907,59466.64463838248,83672.6136283256,50577.10462211917,17367.32993163165,26900.71934636552,35673.86394396541,156252.8839674815,110446.1751645084,61682.94305186523,61686.02775678191,43242.62321070643,143271.4015290758,74883.26324748328,53778.8719348944,48009.62629049604,191024.4866225652,47859.27180599701,10346.86875892662,30594.43902418049,81948.36009476207,33807.88267671288,49749.14357622994,2202.958376797255,46428.2907181288,30715.51428168874,17504.13010342834,25800.46626332281,65154.04100329119
4243,23583.03424449607,18383.46142981931,109618.8912300035,58996.37061660535,84938.37674922164,49588.609211031,16351.80044616497,25970.35747954285,35201.05978786363,149398.6542984509,114708.291814935,62383.32610244473,61187.65455786283,42288.27836791233,142647.7852004691,74006.11888380497,50865.18053563542,48360.67745263832,191159.6725510754,45988.32313759066,9724.877289158385,29377.19499843318,78522.47949830088,34265.78131124424,48837.27814550675,2270.595339047548,46578.36912196573,30454.69008696804,17457.63953037116,24979.24775024914,65242.95911362155
4244,23557.39192309272,18374.65858138175,106041.291088483,58373.74314787892,83031.1652038975,48214.7996018382,16904.13784263498,24988.0904293065,34220.25519388941,151219.5521487975,114708.2891483792,65343.82651001318,62450.12594366333,39298.7939140747,143892.819741228,76592.4437249066,54705.49247676378,47512.26647874488,193872.3189125874,47912.66046073993,10576.37730422182,28509.08398284202,78538.2021279848,34266.11961667572,49736.29666824229,2422.812375532294,47408.68809652595,29489.13974393568,17457.63953037116,25347.27949010867,65242.35703123363
4245,23336.06105841432,18313.66986643581,103859.4440593412,57573.32720427604,82693.9326603646,49576.84483704224,16862.94879312628,23500.3541624126,33553.6905214818,146568.0997061846,112356.1471530355,63011.89619909301,63843.73222167105,37877.23161067179,143838.6090115352,77889.76743525986,59686.73437718349,45689.49520734562,193872.4534818454,48819.27414271575,10880.36704480422,30318.33414677603,79663.7778425855,32399.13454222741,48083.08931031988,2430.699573900239,46422.60429964769,29126.28407019593,17201.94138216836,24672.54034343861,65177.55612968939
4246,22099.50214274201,17633.61335086746,101289.0728974076,55399.53086277272,81069.46728175323,51584.80414966567,15328.48233398228,21119.05808567877,32803.12028274401,145537.6315485318,107956.8019058081,61089.65878773646,64377.73448578738,34944.84238321551,142030.2453169956,77231.94544413373,57313.45025905609,42628.4532512314,188194.6913944433,48819.2713487594,11113.66414150826,30497.6973888521,75200.33207958161,29074.72318966763,44814.56546173408,2280.452431553688,44174.31223458156,29130.87020950286,17015.9790917455,24364.27919399149,65264.72435686887
4247,20157.493659417,16623.34595419449,93938.79939796013,51806.042755081,77876.87190011615,49384.49414393928,13801.94545353396,19804.94321642346,30805.92174952516,149293.6879831764,106377.7652303273,59489.35788315837,60960.91665381438,32041.00321888993,137695.2124714924,74540.87674213634,55189.58239983618,39319.04840937421,182507.8304161143,45988.67830787352,11045.2899229775,28773.47345292196,68533.47055607302,26890.47936895538,43099.94822515241,2044.421944945363,41778.62588094975,27171.8471277773,16722.92868326656,24070.47955662128,65452.24816457477
4248,18622.24521572361,15814.44014690014,85899.55636791523,50060.82741783915,74363.22781064232,45183.29392093042,12617.81197654849,17658.68858582621,26822.44564922294,132658.0982635253,98257.08973143701,56585.19551025079,54059.11509627097,31426.98446205696,136689.1667843902,71278.4728019515,51624.02065474867,38314.66853193142,174953.8979031453,43061.02975086134,10511.8775053119,26339.91880662213,64805.36085692996,21906.56705077903,38881.15767766924,1816.524871966301,38301.39780279175,26913.07093176847,17040.10910496061,23977.35984422986,68193.8254521512
4249,17748.21747981128,15191.4650406949,83526.13139689034,49855.89514223112,74170.18531101373,43481.48389830133,12077.41885322395,16929.47907698945,26834.57144291224,132357.1810553641,92448.19360606303,54128.55330719925,51023.54951843328,30570.82530187379,135129.0785485533,70437.17791282928,50046.56518706074,36938.52633869315,169339.5485010439,39089.25537215731,9830.35769711648,24934.12724499507,60734.71833607001,20637.56414839827,37710.16266007745,1735.169655502051,37224.43809345276,26521.23451398602,16854.03671170346,23852.04883436957,67211.09482128847
4250,17122.85216993147,14888.87371728742,82102.44533292198,49442.6530903237,74209.24784667467,42615.94674622383,11976.23882024524,16346.01589010701,25881.03524256587,130205.4845397042,89696.00952059089,53228.02693426199,48489.84198781108,29575.98549824123,133488.9307439859,68479.65388083225,49825.19853906734,35667.61834453797,162634.7609487932,37138.96500559299,9340.13862713694,23749.28977701845,57771.17452491645,20389.95434828311,37474.48667364344,1691.015387853143,35948.73844827268,26522.11887727279,17109.02480569109,23433.37324552923,66289.62016211746
4251,16749.10280538545,14660.11509015091,80706.65769940118,48972.83141956414,73893.39424134437,42304.48493396371,11597.92864844651,16055.41481628316,25250.13096336718,127899.4159308623,87268.19334529788,51729.480920808,44952.75503038926,29223.14006181918,131157.1617762284,66229.1747381098,49625.31094025224,35054.85656455775,158177.5380976973,35169.08589093926,8423.639045799106,22943.4374513897,55809.38249274771,19878.50235459366,37010.09834571986,1616.736356967658,35571.3763659192,26593.1220526695,17143.48265605631,23523.31610217645,65630.80382257164
4252,16749.1067735752,14553.38295904559,78262.4488959902,48456.01063680162,73637.98340898559,42304.48494893536,11699.24871587827,15768.49088696939,24718.57909839605,126519.8207112129,87728.22993220763,51489.77603333176,43903.69448247023,29223.33005993271,130126.595067725,65907.4255803032,47489.69409880042,34721.85533194656,147343.2473623586,33522.23806005599,8188.593880722281,22164.20181200705,54326.24673876385,20136.20079019678,37005.34166413097,1572.749666431538,35563.8013940637,26444.09027622698,16991.86811477052,23409.70488123206,65387.11318030045
4253,16989.99399595922,14597.69600826344,79269.62760278539,48456.05147212643,74362.49683023356,42630.24263846444,12800.28061661381,17407.38166389694,24945.1078926255,128222.4895080917,91735.48283220537,53894.68011416672,43435.02303862084,32257.61270540472,131753.5071751171,65262.0008893445,46737.08340361381,34298.50500097146,145472.3943874252,33181.77156173366,8105.486025856282,21336.33207242676,54327.48932377338,21447.95639677468,39013.49595243225,1570.576965161636,36511.47630501097,26830.51321993985,17129.69951623145,23984.80286108562,65433.56732379777
4254,18022.77059319995,15092.4454874371,85702.44919503304,49514.83034781766,77067.80509228786,43561.82838003333,14271.06918620108,22136.42252047,25377.62236552246,134398.9386310273,95812.83353508615,59907.99887157189,45288.96032567561,35358.3918464745,133617.1206605354,65262.94705101936,45715.51829559256,35437.858190854,144045.4198667023,34495.37549183939,8225.14018865563,20987.22278618771,56766.26319343645,25097.06561167184,43369.09456557436,1570.598568626742,37716.72189429165,28186.74789344884,17481.1695922054,23917.83468598663,65389.58158378872
4255,19501.27727233806,15890.1217227887,89901.89833032108,52468.04377529674,78796.01211337089,42944.21093048993,14909.59632627582,22728.05825839955,26799.93904401576,144279.1138398467,109174.3526347667,58630.54227081212,45964.57285350047,37980.91791534642,132983.2408531872,65906.86635417124,47292.35504543722,38675.83842124979,148174.7636205754,37130.62129181519,8189.104845764886,20760.68854677233,58804.36748476284,27573.02859521144,45459.65652007551,1711.43031074468,39391.53896640406,29016.50123175552,17977.36263874963,24115.82433351927,65795.81134829433
4256,21366.11605650603,16929.81113157357,91260.68430002086,51892.42487380905,77466.77274072116,43615.40893894357,15280.30311362474,21877.93987903789,29531.91453255996,148916.7790479792,122529.3146470623,58056.20727453144,49381.25266014589,40482.47735225537,136756.8871552519,65908.44888985783,48811.21891023216,43604.85674567658,166345.6090125111,37792.95689566348,8437.19817332173,21981.09887446673,64355.95396630019,30479.35088420063,49177.34597492378,1944.55209673792,42020.26013575659,28120.82014097531,17936.01321927503,23259.980814468,66815.61855803628
4257,22734.82562382032,18222.78286992222,97023.79412709312,51928.99075129759,78209.98937363958,46163.63100811525,16363.47948005333,22177.31732563915,34305.67694437901,152779.4529989185,128446.8634318726,58747.37405440196,56910.39106150314,42103.55854905595,139794.9905386497,70402.25898234673,52384.20352271664,46839.91931560139,202492.3472867713,44760.499980303,9552.94534037616,24669.80522958261,72766.5198609896,31740.62793288542,51049.73120194654,2178.045114337094,44090.60722786093,29497.47763570752,17563.86843276073,22733.53502254483,67146.31717485157
4258,23235.79889306979,18861.58397954735,97913.81963564017,50063.82088664463,78057.27664648839,48705.05484915532,17108.4034373274,22483.58519206185,36526.77640120135,157568.2390939028,126915.6342194086,56324.29295918779,61702.56899228587,43454.87493771924,142779.0289919845,72646.18672081488,55216.49487012493,47855.25991410892,211704.8502111023,47989.05276975731,10262.89979090059,26501.96190779043,77718.30371792772,32473.83959197326,52487.24866441445,2221.006576421503,45462.47438972085,29858.55231582086,17267.53091929852,23002.77044013893,67385.87982748014
4259,23742.14876045009,19365.56007074232,102513.3786707834,50068.45105785646,78966.91494461772,49981.30887584612,17681.01437044035,23760.80702289963,37500.50512756242,158964.2107602546,120884.9460971398,59639.53956493413,65189.09486216701,41551.51724705305,145348.1191000605,76841.23637811732,57142.08622878884,49114.83236220152,219961.4727548376,48929.88831701044,10594.85031828716,28301.78255030638,83716.7310134172,31340.67280554297,49650.58957399966,2277.722993295942,45595.63231143249,30594.3698661967,17088.35009675685,22997.82259062248,67911.5155576303
4260,23749.75069442697,19015.91928606852,98199.39785819201,50743.41877562918,77410.15918299506,49973.47840383532,16007.79902226077,21955.77299483777,37799.0241674189,148632.8403617672,128613.1144405168,52925.51322279219,62710.06124153463,38703.37744600501,144111.3127776765,78797.93497546788,57223.07074875955,48641.25635509978,206876.0042074813,47404.83072595719,10594.85656702084,29387.34340591363,80203.12236360663,29589.10897886444,45449.97913262995,2192.822881050373,46561.35140500016,29400.37732062098,17088.35009675685,23384.32966182778,68043.19177580984
4261,22990.25904907447,18705.95097994317,97338.05758478459,48443.27897031379,75552.16964823668,49343.32825681927,15987.84298352031,21302.11038674795,38095.09323665705,138148.30202059,131611.9607494805,54640.29974490956,62283.36748350158,39061.42113446513,144729.732170452,79657.30137736464,59023.86709716974,47180.87307571471,198783.5362198619,46348.56473656098,10944.10109851119,30389.66089164031,80815.05572062705,29455.1436335407,45919.15774578119,2062.303244382911,46900.54450795546,29339.88332728074,17267.53091929852,23654.00693413442,68160.25083742802
4262,22495.90153231802,18929.4466947061,100577.5993375047,47921.07143468993,75032.75140300948,49331.77173487825,16376.55200474864,21593.95916414964,38365.63226464923,148489.6668681682,129634.656114391,57084.10956315791,63671.42013306995,40072.83915838505,147195.2927507665,78852.45840692599,59031.96712332056,46619.34538009281,212838.7408740397,47989.86825717484,10969.27372774792,30653.32470096093,81727.81039513338,30467.60921440911,46393.4889733277,2024.058785688175,47981.17547077379,29303.4908437697,17322.6634802041,23918.31942012849,68006.61316728753
4263,22493.52001191709,18902.86340413833,105011.5009003187,48988.69819683008,75531.37238815072,49690.24778078806,16376.53681919548,21886.42128782837,38253.78769304557,155901.8152268584,128488.8688686232,60266.53326660794,63671.40123707334,40768.91001187839,148440.856095865,78178.92336744137,59040.96846212299,46209.00693690066,214282.8772465544,47992.00801228022,10843.79360130823,30307.96138454873,82767.93790343366,31220.29478389031,47809.24363135539,2016.358282062327,48484.01019634716,29638.569030543,17226.18149821779,24313.58391092457,68004.74892856511
4264,23001.17489336244,19003.94217448996,106919.7211281721,50600.58857117609,77318.3190752647,50292.63977734934,16740.90860340677,23483.98487563026,38249.03700644989,158069.5269440729,122184.1506579548,63144.36507269735,63932.93808002559,42182.7240106558,148442.6800771289,77181.72699848072,58964.47708728188,46731.34051992133,214443.2721521497,48756.1825607546,10512.44476925373,30112.89789141611,82751.1097202125,32968.30676632911,50125.0963393286,2023.083080352177,49454.32274719011,30430.17119719858,17122.80794712209,25295.14261213944,68052.90811416628
4265,23491.19077544265,19115.3855022315,107622.1864778322,54882.35728209357,80547.65329553599,50621.03908757595,17294.73433116273,25675.01047120572,37947.20070151935,160855.208694214,112655.7299777616,64448.70547621069,65695.026542774,44155.0668926916,147821.6633159608,75790.14965760968,58302.32157637316,49430.61635706776,214282.8649957846,49635.2189111212,10511.87582122684,29962.23357417401,82767.9389728343,34169.72164295294,50598.23092466096,2104.771738717219,47845.39127373707,31945.40503046007,17157.26579748731,25364.90318905591,68667.22725730845
4266,23742.15530172585,18929.25091170054,108079.6417633376,58799.36389874742,83159.55285506319,50291.87854442862,17203.74964832986,25966.07705775954,36314.91779543139,161632.7286674423,111841.8629128913,64085.03711885727,63169.93294831653,45158.62833783398,145349.482781284,75791.33645998016,54353.85501863696,50161.91709128847,197407.2843515985,49618.5640767282,10346.3658272889,29157.02634313353,79860.52265859267,33658.75370256966,48747.47156836448,2210.157088627691,46971.8353094874,30827.28518366592,17301.98876966373,25685.84843520966,68633.21503598767
4267,23742.17655415044,18579.30425291083,106274.5423239705,58356.07062831606,84391.82995529211,49340.47735484031,16194.36273175372,25092.84544055075,35842.23066418933,153463.049233705,116192.5385629019,64927.63456141284,62656.0612867367,44175.87527339636,144729.9663285285,74914.1647847634,51521.58766918608,50500.09266278736,197541.5950727109,47663.18741147483,9674.632744826418,28143.62930740676,76776.76143725998,34130.41741051115,47794.75200050753,2278.137107507083,47119.26313479987,30588.08927101768,17260.639348583,24973.687226051,68849.03368332908
4268,23715.93725835639,18570.44834434671,103031.5126341937,57769.16479450206,82535.07407909668,48018.22124541132,16743.35923999036,24170.8959546608,34861.66883144833,155633.4100820038,116192.5358409399,68489.27139719552,63957.79314175089,41097.40208806859,145966.8155687853,77500.57015595015,55254.58084935958,49682.79906885239,200236.6794868433,49674.36193555589,10594.22852328388,27420.89737258234,76790.91395494169,34130.76588587712,48734.04908274999,2431.126193204134,47934.91760343403,29702.60510128109,17260.639348583,25292.84458148634,68847.57233191183
4269,23489.45362860624,18509.09201328693,101053.7078449055,57014.67063808594,82206.76309105536,49329.15445006792,16702.41932807712,22774.51633867691,34195.26914201779,150089.2603828599,113791.5206309304,65683.8372642974,65394.73793577509,39633.5237840083,145912.9612397372,78797.9342609155,60096.6203315996,47926.88203198656,200236.8131848861,50621.88725683846,10922.52879009377,28927.15964558319,77804.08608474236,32207.65662876616,47006.7733833425,2439.053395670359,46966.249320504,29369.83844927351,17033.21753585125,24707.71037066501,68690.29005425416
4270,22224.10660152839,17824.93638309247,98723.71297064505,54965.59021932225,80625.27327425565,51261.76319791417,15177.23429903474,20539.44727760207,33444.88467867088,148861.0268801607,109300.7650245146,63371.28511807759,65945.34665900505,36613.84539294659,144116.4863721917,78140.09178726528,57789.65840678769,44978.11067178402,194595.8095044879,50621.88433680274,11174.48301376978,29076.48564266637,73786.37426732195,28783.30882114289,43591.8104692585,2288.044195471558,44757.66499827145,29374.0442929002,16867.81985313446,24440.38610869088,68901.86145192709
4271,20236.88655904515,16808.57948978628,92060.82325582212,51578.26916447162,77517.13865242906,49144.02189792505,13659.93088554753,19306.02757995595,31448.18047672035,153337.9379974987,107688.9188509003,61446.03942802109,62422.27226327143,33623.56692188604,139809.9535765785,75448.93929378584,55725.14272274973,41790.08569307002,188945.7658403039,47663.55860908972,11100.64080401769,27641.01059523042,67785.286822702,26533.40357611014,41800.37355583069,2050.81655540739,42404.28956105389,27577.46896201827,16607.1763733655,24185.60287905224,69357.01208854123
4272,18655.73443999766,15983.86315785097,83618.87284036147,49140.87413137424,73692.50951459017,45080.56787238898,12609.25165031237,17120.85580520518,27702.76086948035,134506.265619564,100713.3286597246,56901.34334134543,55959.79523307238,33824.1216992737,137899.7618405244,71776.86835764389,50122.63541006517,39274.50387220504,179212.7270768922,44709.43731528489,10609.04877192067,26597.41869873577,63319.65273579217,22058.55945648345,37873.3909237913,1795.381520424769,37655.91027079752,26723.89840083068,16958.9857881253,23915.13016632888,67785.86562898975
4273,17766.40450097995,15384.85000958297,81139.58010148567,48923.81222759431,73505.74242016944,43376.41438236824,12111.03355746183,16441.11285663193,27716.79033568849,134212.483162652,94296.09755702829,54550.89549066978,53009.61188424491,32948.29029489803,136527.9129103707,70931.47123409229,48699.6826951843,37872.38171458533,173890.1472050291,40933.32271043556,9871.548432948946,24937.49689528844,59608.99458035928,20821.35450589558,36665.3438890166,1716.476387947889,36580.01017347313,26318.33093493258,16779.70761713714,23816.08621711933,67174.32016795599
4274,17130.09049165542,15093.89748280068,79652.38983260137,48486.11101023945,73543.53511504308,42509.6853474923,12017.75012936216,15897.2294016999,26613.55501404263,132111.8034017241,91255.69178415003,53689.29656709939,50547.17067651285,31930.5917373566,135085.6643507672,68964.40212749162,48499.99764593977,36577.48045535734,167533.7976594577,39079.10864017824,9341.06241341912,23538.47189021616,56907.52965056327,20579.94917109148,36422.21076521839,1673.651864952644,35305.56567893548,26319.24628879162,17025.385110255,23485.17128951151,66600.89381125536
4275,16749.79764061371,14873.93777001342,78194.34241713717,47988.4813128697,73237.94924538571,42197.79463859209,11668.96520933954,15626.34150407127,25883.60277401575,129860.4117121204,88573.62325762486,52255.52886088382,47109.57238467363,31569.63885793756,133035.2452204236,66702.9494329965,48319.68789569251,35953.15044551215,163308.2101634654,37206.27081371066,8349.280892506546,22586.94260082298,55119.22729629705,20081.31285009218,35943.12850260911,1601.609812494351,34928.57488010619,26392.73761478767,17058.58477131983,23556.26077905804,66190.91763930027
4276,16749.80167827724,14771.31095677815,75641.10849882357,47441.07069789168,72990.84128141394,42197.79465358433,11762.37774289064,15358.88130866176,25268.60064561214,128513.5267145855,89081.83704388967,52026.18580194543,46090.01906552335,31569.83322169884,132129.0260694575,66379.63139549056,46393.24252545124,35613.86253685487,153036.96167789,35640.55092299725,8094.928947290418,21666.84159641984,53767.25159395222,20332.55402510354,35938.22131256772,1558.947819879567,34921.0073612047,26238.48334650871,16912.50626294402,23466.46416813459,66039.27088942078
4277,16994.90627849835,14813.91956000631,76693.2128985803,47441.11395019692,73691.80229681548,42524.00092580647,12777.47950876309,16886.59650655507,25530.6930203673,130175.8252102775,93508.74835220304,54327.13203695603,45634.53007862422,34673.83555473224,133559.6359431245,65731.05955194231,45714.34574902823,35182.51984391769,151263.3341968735,35316.85667599514,8004.994553017744,20689.3147221276,53768.38429184343,21611.4404069824,38009.91657762667,1556.840551421747,35867.74986241291,26638.4476350081,17045.30490720339,23921.01301560324,66068.17893371075
4278,18045.76440405239,15289.63911953899,83412.97360677588,48562.56032928776,76309.16668335385,43456.86950199192,14133.48025062682,21294.83877001405,26031.10951577636,136205.8306374013,98013.09843566085,60080.51042116421,47436.32113659743,37845.86229471473,135198.3869492942,65732.01032719213,44792.83710826954,36343.38269714497,149910.5174557533,36565.74911360592,8134.477195433613,20277.09563372775,55991.48693530771,25169.11232202418,42503.33278369769,1556.861504279479,37071.80962023128,28042.20857895276,17383.9414522313,23868.08237095714,66040.80695729314
4279,19550.15631379278,16056.63373662265,87799.74120023471,51690.5699458063,77981.19333295776,42838.40156600514,14722.17348196217,21846.34038389603,27676.72087034251,145851.7467526787,112773.8987831142,58858.27499841625,48092.93051588417,40528.64698794923,134640.9906972225,66379.06944251835,46215.23170518585,39642.49222905266,153825.2652518453,39071.17595910152,8095.481883371791,20009.60994559499,57849.35292857005,27583.03403564714,44660.0432156018,1693.451974463384,38744.97885326818,28901.03880367264,17862.01657280306,24024.57042907833,66293.60051110978
4280,21447.64410972739,17056.33279325231,89219.13647478101,51080.88104132361,76695.16473357138,43510.52384369286,15063.94842436612,21053.89052302488,30837.59914191511,150379.4528533209,127527.4553540908,58308.76703347985,51413.50838362395,43087.68556003958,137959.3111122784,66380.65969480049,47585.33153000836,44664.56468780745,171051.7983745706,39700.8832154888,8363.953776586864,21450.63845038109,62909.98882271763,30416.53135641401,48495.36587254969,1919.55309257823,41371.11364495965,27973.97053294778,17822.17698045374,23348.12450364253,66928.21843250262
4281,22840.31661429275,18299.57199156888,95239.31260086002,51119.61119721295,77414.22095861191,46062.25492694154,16062.58819273106,21332.95944056228,36360.8119029526,154150.5427504078,134064.7177347573,58970.05644314113,58730.87253641025,44746.0148605134,140630.838773645,70896.38203556146,50808.362708197,47960.70147720716,205320.0435073132,46325.18729048748,9571.349224252921,24625.39239239427,70576.7723265518,31646.20404334653,50426.99614208967,2146.014262332289,43439.42373917626,29398.86997110611,17463.62063847742,22932.02961832513,67134.00955341845
4282,23350.06076620582,18913.80241583818,96169.0381273436,49144.04477902305,77266.47260068053,48607.17842059889,16749.37449198761,21618.45136030908,38930.60985374332,158825.7866595433,132373.1309830752,56651.71893954197,63388.25949560907,46128.38088015116,143254.8249468046,73151.25138052768,53363.24729586493,48995.2105255405,214053.7861233622,49394.69330426146,10339.61984767421,26788.75494236512,75090.64871302611,32361.04330238239,51909.99878674883,2187.681902153029,44809.94113194584,29772.59772168705,17178.10355301027,23144.82926821491,67283.08748815177
4283,23865.27564804128,19398.39369730592,100973.7627161039,49148.94900299208,78146.54047300032,49885.1899053228,17277.29595273051,22809.03173913703,40057.20779961326,160188.6598179985,125710.8807803496,59823.65592298091,66776.71884620767,44181.28912808867,145513.930191799,77366.75650161534,55100.23797971488,50278.5622367776,221881.3240646966,50289.18088386644,10698.83703186388,28913.93594953309,80558.60937272983,31256.27076373563,48983.58360020951,2242.690254187321,44942.96804064707,30534.20038475286,17005.46531485407,23140.91856191103,67610.1864253735
4284,23873.01067429076,19062.20140791235,96467.35470452518,49863.86702834958,76640.39156340591,49877.34865040697,15734.66684862618,21126.44376182569,40402.59243087718,150102.2463573632,134248.3793325033,53399.85974881099,64367.41371962143,41267.70670344173,144426.3561743846,79332.99614867137,55173.29052852909,49796.04566535277,209475.888186768,48839.25153397938,10698.84379387308,30195.73773464691,77355.72419560925,29548.59662558221,44650.05962128046,2160.346983587307,45907.73697094923,29298.36698838075,17005.46531485407,23446.40797399281,67692.12748940967
4285,23100.22208773548,18764.15564482163,95567.59393195776,47427.58546352365,74842.80135638641,49246.33075887082,15716.26828074478,20517.12292438371,40745.14246171157,139866.2965681198,137561.2789593406,55040.52044016919,63952.72170005568,41633.97727680662,144970.1574561821,80196.55290342399,56797.70916056415,48308.0920478383,201803.9739292628,47835.01991131954,11076.77552419234,31379.24793199697,77913.54166304183,29417.9881075632,45134.08374083878,2033.758060717122,46246.59634453278,29235.75311568379,17178.10355301027,23659.55685924308,67764.97241309195
4286,22597.20951483234,18979.05487657432,98951.63701014937,46874.46926201555,74340.26830466547,49234.75832308987,16074.6404710472,20789.17388653449,41058.15439713294,149962.4675093167,135376.9016645952,57378.69061718025,65301.73219218588,42668.63497773125,147138.2249837983,79387.7854416016,56805.01583541999,47735.96336228732,215128.750146297,49395.46861868111,11104.01585143105,31690.5752424019,78745.5775294953,30405.08390269511,45623.42351114548,1996.66536757506,47326.1640832197,29198.08533738276,17231.22301102352,23868.46549757769,67669.36491204596
4287,22594.78629952019,18953.4940790148,103583.314894969,48005.28722043099,74822.68017143679,49593.72800631118,16074.62647065191,21061.79658808497,40928.75093884503,157198.8737258882,134111.1221787998,60423.54629230528,65301.71382768246,43380.69967494197,148233.4994068475,78710.96618077662,56813.13554450135,47317.87820644382,216497.8368628621,49397.50296397215,10968.22869650077,31282.77929692045,79693.72210411383,31138.90910597172,47083.97474399034,1989.196771397171,47828.50407374224,29544.90560451481,17138.26395911346,24180.87664320961,67668.20481110559
4288,23111.32904319706,19050.68498094382,105576.6522082821,49712.5829223986,76551.53698420661,50196.9495231962,16410.56082581444,22550.9880626147,40923.25442465654,159315.1889677162,127146.1441654199,63176.97679790621,65555.89434837879,44826.99933236818,148235.1033076321,77708.9073868441,56744.1360629156,47850.07284012391,216649.896279711,50124.03231785999,10609.66263133366,31052.4534405519,79678.38210926263,32843.12039997493,49473.10446257417,1995.71904646449,48797.86194185388,30364.24773342378,17038.66497591893,24956.68596960249,67698.17388954533
4289,23609.92396944755,19157.84178053176,106310.4513643482,54247.78297899969,79675.8923484081,50525.80105374398,16921.16317426148,24593.38353426967,40574.03173879153,162034.8221642747,116619.862367848,64424.9339054488,67268.42004043273,46844.66137071419,147689.0180543459,76310.54458162197,56146.83490214057,50600.30786626218,216497.8252487469,50959.76508722641,10609.04694950367,30874.55296652841,79693.7230789427,34014.4309070513,49961.20972713416,2074.947578945677,47190.51348316468,31932.57961405086,17071.86463698377,25011.82368690801,68080.45980983353
4290,23865.28230383963,18978.86662411711,106788.3116639405,58396.63123048515,82202.88455266456,50196.18724202421,16837.27939927795,24864.70536616793,38685.49079376934,162793.9071279723,115720.7633085048,64076.98600003614,64814.35048219705,47871.28196972557,145515.1293320685,76311.73717095448,52585.0980905257,51345.4147079625,200499.2438585102,50943.93071261288,10429.94184475894,29923.78538790484,77043.42205093693,33516.26651022608,48051.88960290886,2177.159156238473,46317.81700361732,30775.2777088297,17211.30321407511,25265.49401240086,68059.29427482812
4291,23865.30392834503,18642.38022567274,104902.6948917199,57927.10010891264,83395.10291895054,49243.47593107421,15906.67017643847,24050.71017401011,38138.59478805475,154817.9309088268,120527.0622156305,64883.16011256232,64314.93263713539,46865.94787227022,144970.3633608863,75430.28832266429,50030.23515035246,51689.97464100883,200626.5746478088,49084.88090776115,9703.0321202619,28727.19274852031,74232.37105181144,33976.11153767489,47069.02457647318,2243.091896984314,46465.09977587565,30527.69969988669,17171.4636201783,24702.61243713015,68193.59650378398
4292,23838.60524320085,18633.86494855024,101515.0082953537,57305.45621583035,81598.70626685154,47919.39901671714,16412.8202022429,23191.3019320988,37004.09098154504,156936.8324708037,120527.0592086118,68290.83650725822,65580.05030461035,43716.73961914395,146057.9751177287,78029.30525407701,53397.60297097648,50857.25149439823,203181.599465157,50996.97982606915,10698.16416216857,27873.80983642325,74245.27200169512,33976.45128114361,48038.04240996412,2391.473581639366,47279.95172862438,29611.18567894559,17171.4636201783,24954.86964052221,68192.68711641154
4293,23608.15640918988,18574.86861199004,99448.98256761451,56506.30470347546,81281.06797776576,49232.13743416303,16375.0754494796,21889.64693995445,36233.07077754387,151524.1346392158,117874.5983707572,65606.67410880582,66976.57773774004,42219.22531280171,146010.6188195454,79332.99543063468,57765.39234313073,49068.1847857189,203181.726215108,51897.82762430868,11053.43125073333,29652.36482061353,75168.84497746889,32101.53020022629,46256.11314847256,2399.162049422418,46312.23651064358,29266.75794924683,16952.34585684082,24492.38830610496,68094.81160507418
4294,22320.65608375363,17917.02817203344,97015.057145958,54335.9423465685,79750.98906505013,51167.4074694157,14968.92362478785,19806.19572952878,35364.88072405886,150325.0225701877,112913.5496740491,63394.08767073763,67511.69933051725,39130.16280082605,144430.9055261056,78671.94525409766,55684.38416174009,46063.74405117155,197833.8772488226,51897.8248481214,11326.08117687185,29828.68504129612,71506.43663650248,28762.98774915865,42733.09574852743,2252.700624270291,44105.82519680008,29271.11117744162,16792.98748280108,24281.0992050518,68226.47080431772
4295,20298.64441686793,16939.76417487034,90054.96601539331,50748.13093571051,76743.89335553611,49046.74994633792,13570.03829424819,18656.44612815052,33054.70665655049,154695.7860617954,111132.9033731285,61552.06542240417,64087.71946499986,36071.17574026243,140643.9963804412,75967.67044339488,53822.07599666597,42815.53286800771,192477.4580934926,49085.23381923125,11246.17351451529,28133.71375637407,66036.05107605766,26569.45934801324,40884.97511714923,2022.617303495582,41754.76522678757,27411.57880328296,16541.86110389548,24079.72234850973,68509.70742803387
4296,18681.7197895623,15954.87444478453,82050.79926435408,48830.45620580545,73317.0681126969,45276.17565918624,12524.30664551962,16719.59893868037,29222.85541204661,134688.178243902,104518.9087433798,55979.97367020571,58304.64903943155,35512.10413873585,138496.0353364687,72842.64490858623,49316.14794634591,39419.56228777967,181199.8388737687,45869.52234796408,10353.38377199908,28069.68297378053,63327.3966430252,22010.70140292877,37790.92959939688,1790.588174553455,37140.42355345898,26213.87838627071,17160.04368296582,23850.93375358931,68910.52859316365
4297,17782.99464756829,15356.69469252653,79634.8408847171,48610.54832749054,73120.81359855532,43762.78159136685,12090.57183107173,16079.61291919769,29236.76212852419,134438.136833575,97924.47990400164,53700.26041655841,55395.38715798195,34716.94417188605,136997.8682810869,71905.35709574801,47885.78431870043,38099.1010393603,177062.9341399049,42499.28032325397,9728.618005888975,26045.95617749045,59145.34484661289,20804.44050843886,36534.45660740131,1713.078549165142,36165.93113566034,25740.40804853857,17020.13463020114,23743.8180402559,68342.84051772901
4298,17139.95838701624,15066.14696265997,78185.64138685726,48167.10825639467,73160.52609177334,42993.07241465876,12009.36187310657,15567.54021860543,28143.17947907518,132650.2256846626,94800.12000621698,52864.59053142263,52967.10203332599,33792.98420968923,135422.8192868603,69724.47683336699,47685.05928515793,36879.61604367157,172122.545614375,40844.36493102384,9279.222274268917,24340.3069200588,56100.69190652542,20569.07302550319,36281.57721221372,1671.011415753162,35011.60788583382,25741.47665718509,17211.86185029863,23385.93460763556,67810.53780994893
4299,16755.64798481695,14846.49327578807,76764.84027851532,47662.9539620232,72839.41703043587,42716.09410758634,11705.71942266345,15312.4960615557,27419.61389976709,130734.0419915172,92043.99205048934,51473.97076439763,49577.18605466012,33465.27812584796,133183.600140142,67217.21487231884,47503.81045955299,36291.64759902093,168838.2636803573,39172.82754173964,8439.044841142972,23180.2309957589,54085.20765550724,20082.9082277403,35783.29038514094,1600.243490740379,34670.14990478838,25827.27240232125,17237.77093396503,23462.81766252239,67429.96334924099
4300,16755.65206513583,14744.00924535634,74276.82957151008,47108.36605502245,72579.75644322053,42716.09412090034,11787.04177624374,15060.67912665483,26809.99268496308,129587.6936769449,92566.23904379248,51251.52957688364,48571.77477787009,33465.45458707232,132193.9374687706,66858.75368551938,45567.33192486765,35972.12013630704,160855.071787401,37775.39776886401,8223.573227752107,22058.47149236727,52561.48000993609,20327.86554411529,35778.18648473298,1558.336013215264,34663.29565334869,25647.19183215784,17123.77096607441,23365.70291587957,67289.19204592779
4301,17003.34603896108,14786.5585680161,75302.0576137613,47108.40987442379,73316.32496957951,43005.78553670139,12670.76114008167,16499.04104045641,27069.79190273787,131002.4938138089,97115.38978088292,53483.23092110857,48122.60379751979,36283.55220255562,133756.2761014887,66139.68513445335,44884.89937052757,35565.89924626751,159476.5433108035,37486.49553242172,8147.386238040675,20866.70009356377,52562.756603212,21574.76536473372,37932.92804136204,1556.266013664777,35520.80407009619,26114.12087030752,17227.40730074,23857.29603620713,67316.02693077803
4302,18065.30580964779,15261.61626764814,81850.1597953063,48244.55992920211,76066.64658059338,43834.23073105836,13851.25767082471,20649.45322939931,27565.83004268887,136134.6963187706,101744.1175947419,59063.46659915482,49899.40253288716,39163.40860506627,135545.9212405797,66140.73925449884,43958.59139942076,36659.15235840607,158425.0844102098,38601.15179104616,8257.076116149343,20364.13496464959,55068.27719127715,25043.455418472,42606.46801307022,1556.28659595268,36611.37661255474,27752.90904764034,17491.67995582802,23800.05171382586,67290.6179536808
4303,19585.59065937339,16027.54377918424,86124.86594870035,51413.58197378333,77823.60906248869,43284.99281854642,14363.75762440744,21168.69851667657,29197.04324786903,144344.4393194647,116912.5050107181,57878.01324331255,50546.90420051073,41599.08626754759,134937.200642202,66858.13065090348,45388.39400235471,39766.11865766947,161467.7703030321,40837.28488766419,8224.041641820875,20038.02444933849,57162.16228905691,27397.0019057536,44849.63266745627,1690.461342806699,38126.84327655368,28755.53048733646,17864.77076159031,23969.29304666434,67525.28225125544
4304,21503.12420234258,17025.85197284633,87508.00229794503,50795.89922484324,76472.25261114181,43881.87911655787,14661.29738330774,20422.59760726217,32330.26565925398,148198.0187021505,132073.4486292466,57345.04222236848,53821.42292452158,43922.41586726798,138561.0678303192,66859.89375612568,46765.62947558927,44495.70090733417,174856.8650914808,41399.30857625033,8451.474822770191,21794.8831117748,62865.68995061807,30159.6298851025,48838.69865191292,1912.563662577798,40505.45486789456,27673.24612246805,17833.67986191523,23237.71894836949,68114.38813035541
4305,22910.50940270931,18267.36147526164,93374.39101866023,50835.13718535183,77227.83555000744,46147.97469226329,15530.68538998135,20685.34429124172,37805.15349703209,151407.6338924136,138791.2231465983,57986.43072680529,61037.28922342402,45427.99909367768,141478.5864009331,71866.45386645019,50005.44659659199,47599.86759940076,201491.4049055788,47311.60476274541,9474.30735856356,25665.4477436366,71506.4443348423,31358.54690735024,50847.76054630401,2135.019666156271,42378.81886282568,29336.711944918,17553.86175638584,22787.71366474679,68305.42080546795
4306,23425.63867612016,18880.73733200387,94280.36639673875,48833.6684249245,77072.58185132477,48408.02470589695,16128.58244018495,20954.13830771031,40352.46719922745,155386.7842914899,137052.9269435964,55737.86148845213,65630.07439826502,46683.03757809125,144344.1859228606,74366.41689885384,52573.63733744736,48574.12587072171,208279.590718192,50051.18744104561,10125.13985213355,28302.95437399346,76593.75339434146,32055.50713500812,52390.21106059185,2175.950376896375,43620.15977452971,29773.01174499096,17331.04363661326,23017.85580343327,68443.80751790549
4307,23946.29647422194,19364.65441050689,98962.35269470525,48838.63694988915,77997.3555285586,49542.97822441049,16588.1761805654,22075.08380500392,41469.20806342523,156546.740301862,130206.7133401082,58814.34190421676,68971.53303318548,44915.28935019206,146811.3067393714,79040.1275904084,54319.67448243142,49782.73397492434,214363.4409456327,50849.53175705089,10429.44696552834,30893.91121439437,82756.3514407675,30978.36635082133,49346.48714967817,2229.985857549751,43740.64839072643,30662.12712139552,17196.31640106492,23013.62638711136,68747.44833936504
4308,23954.11321608502,19028.92985928131,94571.06237754237,49562.92851551039,76414.697066188,49536.01470337594,15245.20618844321,20490.90733904849,41811.57077854671,147962.0852705576,138979.9561558168,52583.86405176232,66595.64694856488,42270.07236822298,145623.5902733924,81220.08823489523,54393.10749790545,49328.31962106495,204721.4801588453,49555.44687372271,10429.45269389433,32456.64544360922,79146.57895631806,29313.40329647253,44839.24886925417,2149.09890055331,44614.48417700912,29219.38206721519,17196.31640106492,23344.01220625625,68823.51294601441
4309,23173.16061153156,18731.29876179599,93694.28629375545,47094.70401103032,74525.79263257528,48975.63165142031,15229.18890697418,19917.22456946504,42151.12369435607,139250.1582608873,142384.3342266021,54175.15054712191,66186.70704808593,42602.60634167926,146217.4640937207,82177.50954539546,56025.98630198225,47927.02581745746,198758.586379186,48659.15426308939,10749.61364101937,33899.54552184526,79775.26029640075,29186.06146220431,45342.67565330557,2024.748814798708,44921.40476478342,29146.28495281303,17331.04363661326,23574.5320418648,68891.13374800768
4310,22664.83403196488,18945.89900818782,96991.88286378243,46534.33570955917,73997.73184000635,48965.3546102009,15541.17776826737,20173.36376550782,42461.39695603573,147843.1179888933,140139.6401524711,56442.95561256199,67517.00565613348,43541.96336753807,148585.1645542616,81280.83286615428,56033.33103089948,47388.21844302613,209115.0922723764,50051.87942143097,10772.69000182499,34279.10642596426,80712.9961222911,30148.46874663788,45851.63117208988,1988.31213875704,45899.21913478545,29102.31057810746,17372.49817072104,23800.4660640369,68802.38280188138
4311,22662.38521693014,18920.37377289728,101505.2429935282,47679.98021771621,74504.64932899439,49284.14196843797,15541.16557991263,20430.0412609524,42333.12570330676,154002.1011872425,138838.9089474012,59396.17911676798,67516.98754636078,44188.44091812626,149781.2904695477,80530.44653647245,56041.49302842447,46994.4829586886,210179.1967959684,50053.69510678749,10657.6593213019,33781.93386001853,81781.59084469533,30863.94005612714,47370.73028385383,1980.975631311291,46354.21166907244,29507.19786029542,17299.95273573052,24138.33771581114,68801.30589834422
4312,23184.38490488592,19017.42945490648,103447.6598408932,49409.6608707367,76321.32884024811,49819.84011451499,15833.62068600773,21832.13263392255,42327.67728044448,155803.3198621947,131681.6083699343,62066.74762770552,67767.64237436079,45501.52421464693,149783.0420555004,79419.4686668595,55972.13418905158,47495.68207787538,210297.3829644308,50702.13404916332,10353.90379663657,33501.12749525882,81764.30209150468,32525.52687642507,49855.63101980423,1987.382554172683,47232.20386830861,30463.71983780082,17222.22548473133,24977.37301347953,68829.12572458123
4313,23688.2471681837,19124.43716920392,104162.7138529791,54004.3235214068,79604.39562408834,50111.88068388777,16278.13688892847,23755.07210811269,41981.5100914841,158118.0289404271,120864.6664293262,63277.14859755913,69456.4139277884,47333.34261201177,149186.6739584599,77869.11040475094,55371.72221036217,50085.74083725359,210179.1877690511,51448.03876750232,10353.38222815739,33284.23658171917,81781.59194336434,33667.5414305375,50363.30254625676,2065.209859950063,45776.35412013199,32294.63254070269,17248.13456839773,25037.00427786158,69183.99575826169
4314,23946.30320033457,18945.71101764278,104628.3670519715,58207.56877332295,82259.75431467638,49819.16316152309,16205.11000752897,24010.52481940567,40109.49278952771,158764.0943211718,119940.7407249986,62939.67186889232,67036.3843309708,48265.4028206305,146812.6162949697,77870.4326229322,51791.43543533314,50787.45195782224,197744.502206463,51433.90633765266,10201.65519554873,32125.08931230664,78794.60265172685,33181.83675353002,48377.44512505957,2165.61373505457,44985.91260565179,30943.56725564657,17356.95272027966,25311.34792109816,69164.34812354222
4315,23946.32505328904,18609.69276655493,102790.9189885789,57731.8814650031,83512.53514821577,48973.09638715137,15394.94750162242,23244.13872595584,39567.38180815503,151975.6551354813,124879.7550158358,63721.58490242119,66543.89382181951,47352.66844776862,146217.6889578711,76893.17443251888,49223.26645471519,51111.94439728124,197843.4683765716,49774.67497579345,9585.86115869245,30666.23951375786,75626.4420752839,33630.18047691516,47355.18082164711,2230.380396938478,45119.31341600121,30654.53804752284,17325.86181939692,24702.59330318811,69289.01877967571
4316,23919.34431358317,18601.18933658135,99489.77197526305,57102.08698142677,81624.88489988515,47797.23390806196,15835.58763628519,22434.99570945837,38442.80425503431,153779.0750553423,124879.7519257849,67026.71036559463,67791.46326762908,44493.52875758592,147405.4466382774,79774.69227461812,52608.17194114067,50327.71982755633,199829.3275870465,51481.25351067392,10428.87695094194,29625.82070419696,75640.98193273666,33630.51172297131,48363.0428514318,2376.137820202046,45857.36247051548,29584.57499693575,17325.86181939692,24975.40865940606,69288.17460961778
4317,23686.46093478049,18542.27508054249,97476.52356324173,56292.45751410066,81291.1111787131,48963.02709816777,15802.72810434305,21209.47215101513,37678.53003272927,149172.2696874861,122154.0492099953,64423.32540092295,69168.61971765704,43133.94811199694,147353.7298316789,81220.08743881134,56998.70929759026,48642.85004156093,199829.4261017677,52285.27442243216,10729.8377817808,31794.18151053489,76681.88353581155,31802.48478281825,46509.68290247236,2383.690310629063,44980.85809538271,29182.48082711949,17154.86186695715,24475.23657989132,69197.31830505232
4318,22385.35899046383,17885.34988192821,95104.77357758686,54093.63877727636,79683.30711373762,50681.66700245505,14578.57143576693,19247.87821356361,36817.93614102984,148151.6925024782,117056.0120541592,62277.32474566298,69696.31873420333,40329.41423441753,145628.5585237019,80487.18421867775,54906.86296962361,45813.39075259474,195672.8812988297,52285.27194464105,10960.81034000538,32009.14582667444,72554.21110144607,28547.44348880799,42845.44129106285,2239.819185379939,42982.40944644896,29187.56290247542,17030.49826463382,24246.72809492569,69319.53547809043
4319,20341.98606135441,16909.44553424578,88322.48029440231,50458.78631622047,76523.4565561308,48798.39150286175,13360.74077489305,18165.37537578893,34527.97476301187,151871.696341832,115226.197118152,60490.73648682045,66319.83228309525,37552.18560625979,141492.9555436254,77488.96746110394,53034.85567455889,42754.35843451803,191509.675429927,49774.98995486374,10893.11739228434,29942.68775550796,66388.88010035908,26408.77799931298,40923.2366148936,2013.805091726745,40852.9458277871,27016.69493290822,16834.51872287895,24028.93967059999,69582.45960075215
4320,19080.70241956119,16145.43107657463,83205.13925674731,49778.17815046731,74403.94911997726,45197.28687009875,12170.6283031845,15825.47008916411,30080.22195487429,154452.9778764316,144678.7616412466,59418.96874117611,57342.38171047289,34546.08413491043,140402.4478898099,68353.24160430057,47712.6397509232,39630.12963683568,196956.3363090168,44119.88007660596,9554.805624311699,26552.23559568252,63685.0871451764,22017.71435444912,40675.74976393274,1927.352786324671,36215.40936648002,28575.93478527735,17267.13305581491,23921.30877999977,70210.01989738463
4321,17890.17124742256,15315.95218357033,81201.7060846813,48886.72439254666,73538.9761950254,43237.46978979922,11748.51332757624,15054.72380094807,29510.45485982916,153670.350989773,136092.0605688017,58901.41436523419,53869.75682866358,33252.2924919491,138072.7049670876,68000.80412550007,45279.1384090264,37137.35288924284,189083.3257131464,42259.74783620134,9112.86616958299,24864.43188609268,59880.3452472939,20826.64995208025,39043.10948310765,1787.351476653125,35151.7946550339,26755.29418965631,17161.88164181059,24342.54227398527,69609.67955200597
4322,17417.27699363211,15075.31532346484,77317.40921716946,47560.17951087396,73369.91489979181,42803.7371063057,11229.40656930126,14767.21234171022,28171.15766612725,149344.215862074,129677.4381487834,57889.38249088836,52372.87782219268,33061.37313244207,136510.2249194081,68331.75188372,44109.47189691702,36782.07179966728,180663.9350224968,39905.30840507907,8774.11166685334,23715.41339933053,57354.21340148595,20448.37624155316,38238.87213307686,1716.696942614868,34202.61022905266,26632.45831559386,16996.45356977712,24194.97752789061,68763.15894310804
4323,17247.60147265046,14872.13914591072,74795.01186390838,47585.29438573612,73327.76282287913,42947.18388734079,11349.33967396563,14489.15007402052,27288.32122855711,146619.7395718805,124565.7842869112,57055.41904367292,50491.69051830373,32879.5235885971,135184.372148776,67774.14648862151,42982.25146231469,35934.23593395932,171853.8305948722,38531.63591481785,8497.197903716251,22896.62897916809,54774.54860763854,19877.47935449967,37588.98788814757,1648.044169652664,34212.30214693749,26520.87619669903,17028.6460049758,24342.50428456188,68520.15819026677
4324,16765.65363659234,14635.5530168549,73509.18899138042,47338.55789911238,74248.49076095255,42939.69078589386,11461.16596036092,14752.3107842932,27271.8269421041,145492.494476251,120290.6408568835,57051.54680490855,49977.22063140423,33803.39625003526,133330.7837589214,67596.25562421489,42867.90311843585,35631.48685157863,167476.504378925,37847.44436825164,8300.504601561308,22315.75167310062,53508.69425701128,19883.01777131292,37133.53974307694,1582.075887428166,33739.41334846094,26093.22432661824,17008.773212493,24482.98071247552,68517.44305395348
4325,17223.80084522305,14751.38094938953,73418.66216856899,47338.6751389487,75436.47054360685,43701.78634766046,11818.50383647753,15806.08911815923,28428.63309995893,145394.6763645921,117407.2663454444,57052.85178746883,49810.64998080642,35780.35211901426,135489.4183595114,67403.47623177039,43426.97061760326,34670.19670835182,162083.4318730915,37275.97064525216,8190.632949045435,21717.7424639723,53475.81705367019,20449.12694584135,38082.38923161876,1570.480868677674,34225.01817801444,27182.39112723129,17290.91768743075,24693.76455561246,68347.9810197171
4326,18199.70984753338,15103.44526517943,76376.78807012584,47424.82650245578,77235.61454467056,45523.72814992007,13292.82335458607,19081.38554081375,30271.26553629343,146900.4849317462,120287.9624812921,59380.67562705823,51520.53312076955,37511.59617990223,139662.7536005524,68726.46752321074,43379.57601419993,35616.56074794053,158745.2822416427,38629.89406393399,8330.108200213648,23363.8143172634,57859.67852625128,24016.19950478518,40646.13669048379,1582.630952481982,36175.97922269217,28914.08403071832,17470.82769271357,24763.87907555884,68487.90932593758
4327,19363.45742937838,16177.98073606055,91551.61899938477,48381.01053315852,78688.12195458857,44737.10459074857,14064.44645394157,20048.90929963111,31038.91894494795,142801.225508121,111964.1724649469,63672.93919755453,55906.48473888072,38717.48727366138,141789.9727786863,70074.72028400261,46472.97722316765,41648.16799964498,154845.6339209346,41513.26624613755,8534.771536921915,25339.27477119057,58607.71045976884,27139.52384332952,44790.47048040891,1731.207057382413,39346.35118530766,30248.67769262322,17627.11147339726,24370.71643087747,68424.75773394007
4328,20759.18942968363,16656.56961504796,88929.40353995193,49779.03130599925,78344.79900024136,43031.01603712662,14383.7967220937,19431.69737848561,32390.26245950997,127277.2534070349,105950.1163670857,60486.22601260825,60592.76339857707,40662.38623112912,141947.1833630073,76955.57671333548,48548.95781966344,40837.71811403653,151134.26245217,42817.1201848304,8734.826855648858,27024.73601792272,64519.0573889415,30768.87844430058,48935.56843372499,1926.838925504325,40245.90676118901,29948.92362319099,17158.95909001503,23788.66211754578,68834.75121594414
4329,21802.86639661612,17427.96761429061,89683.08765304013,52217.78238296222,79165.32588379491,44350.12809554766,14418.03309151458,19494.86626013579,34867.18389185409,126489.952897271,110311.5923936698,57023.36187693659,64197.3327834981,42343.00467293168,141947.1833518131,78599.33720851276,49614.83840907914,41170.83947637418,155019.4013170195,45157.75276697167,9248.64890171871,28829.16208223091,72455.54175081658,31885.86040686899,51413.16684206614,2135.757805878559,40857.50872871181,30708.77294666107,16782.22328801401,23173.11113987951,68935.60206297989
4330,22437.99889643569,17967.95416455478,90532.16563289535,50760.76438949176,79737.30060665382,45677.71573874206,14515.71685267529,20333.90025076434,37502.04043569172,129247.636509528,117992.7679230389,55957.81192288103,66256.19059607279,43451.13178146719,141086.1203535188,77768.48050148747,50654.11094023605,41168.72520461324,165063.00511604,46740.99298833902,9723.963107886766,30954.60164969236,78671.47770802645,30739.45767679814,52402.75290402272,2259.03974594329,41048.53600020122,29911.62312898451,16481.91430920183,22867.39706543729,69418.57879191628
4331,22747.25877777302,18134.29938977012,94824.56094283308,49778.17790257055,81460.44376049588,45329.12480537075,14867.13610108532,21302.25279403382,38171.22061376116,129727.2158348362,117134.6852908993,56099.29255429671,68290.39815749296,42049.63076190418,139790.7580247854,78483.18855967664,51353.28907293841,43550.88756654596,174028.7317155682,48302.6150390388,9690.648053843286,32173.2350841899,87321.09392362792,29570.89980249931,50888.57458697963,2294.111249236112,41327.12340138332,30248.83288985434,16490.72125640743,22936.9484798442,69280.09952868315
4332,22446.41177703545,17691.75374033835,86925.42496999392,49778.54711809904,80055.68098922209,44424.03068994729,14228.45333979449,20055.66278773314,37724.841643948,126996.5900405568,111970.775969425,51257.47418321277,64168.62988056851,40856.38078063798,133719.6949607409,81811.23477702464,50525.67423265368,41931.00057863613,178396.302092365,48327.42723995767,9541.89279658167,32205.45408620207,81601.07043608763,28264.72865231596,46723.8221312238,2257.447666530944,40919.24308266767,29768.04057776281,16811.23663270696,23219.25298500065,69310.5398882791
4333,22136.16851185453,17084.9109522126,75264.22921214947,47769.675300189,79110.91322676251,44002.31155064864,14322.09340463136,19218.28246367387,37685.59433284515,129869.3103759131,107600.5239872336,50076.37468660736,61452.74445058959,40075.737020609,134589.3171626628,80351.05179814908,51365.00266164834,39630.09416841866,180439.0136318115,46995.05031246131,9579.189581934901,30753.75986673461,78839.32252244669,27964.28693966499,46230.44925617395,2090.043590018573,40687.96651368132,29533.92390942777,16975.73198212041,22938.57753243009,68698.88174720356
4334,21677.74059546716,16917.64257884386,78564.01540310023,46916.2516181795,79435.59443341586,43583.25872748956,13790.22508156072,19341.52768473602,37198.29560629511,130119.0622351862,102502.4426372334,50737.86817059005,62052.99844039632,37803.35077240329,138069.8037979525,77962.09266081887,51400.22700006442,39168.07286687297,184946.3970112652,47256.45386102104,9690.903113178378,30493.29426356652,80242.2788712865,28088.92691207144,46203.15810360642,2070.213947314279,41148.15184390132,29336.75861794728,17036.66701982116,22938.43066288087,68394.50450458819
4335,21376.08878322348,16878.33393093964,82554.22816071265,46454.00561067607,79889.53902786585,43716.52642804632,14227.60853751544,19774.09120331007,36528.06001658516,131163.2480289628,101555.1111615817,52767.40688414746,62004.82432296234,37501.49286823334,141980.1593224587,77810.51341458176,52521.88080488173,38705.92214869117,182762.8998990481,48302.07175688289,9724.925938714801,29497.1547864913,81495.00236806361,28452.94174322381,47711.60051162322,2028.659991449385,42094.23902540642,28766.02033500274,16996.06125672344,23360.10312570617,68590.33717974566
4336,22136.91077407331,17384.69383649888,87020.78138462926,47339.57422734457,80255.39095138524,45028.62891424682,14982.49993133456,20960.07598128288,36623.25204852602,133808.6006999185,107662.2329151887,55956.74896182165,63505.67987258441,40011.09005457605,142807.0327571406,76074.37936136678,52994.64851340336,39936.92816631668,184946.9917959716,48570.55310649883,9757.301362282675,30828.29319989939,82768.99918027534,30342.94766689703,50673.58568411177,2070.685380260761,42968.99998520457,31173.29261061781,16982.35471107459,24124.74820116791,67862.75963295875
4337,23024.2882533839,18013.88256645454,94577.99649367001,50218.05574696457,82401.31948320642,47168.48242225692,15706.12049439544,23398.90368604693,38154.61653486154,137824.8008216909,113691.0640063891,58399.17177407882,67261.01925941514,44197.5968091828,146673.597780357,77558.78920111762,54844.58730730927,43339.22310082013,185946.932762715,51168.08648674939,9999.46000047686,32461.12692907041,85311.83886013247,32076.16730894943,52892.09455672166,2137.169415744183,44104.65914322582,31801.00300655336,17157.99923740387,25115.36971035798,67832.37647616676
4338,23679.29085897582,18802.33365698245,106919.3377146971,54762.03328429851,83755.21701391757,48760.53549558655,16387.66148213748,22832.30692304846,39413.30062209898,140249.4272926584,117990.8084144198,60142.17746459411,70016.00046094011,46200.53600861561,151422.4306852632,84111.80209185582,54365.65411498076,45232.87849621105,192590.3017612458,51959.57577990796,10099.00497758074,33376.5488699808,82924.92012435095,33415.81998284332,51694.17162785058,2202.90859913867,44917.99139781292,32236.70598247162,16824.89337485174,24978.46976836385,68169.39921682216
4339,23969.44422968025,19166.39538882681,106428.6784867867,58218.79428057373,83385.47665265709,49509.45030334588,16080.09513896638,22807.78721989277,39316.93277750194,139806.2530315382,116334.2692869523,65544.37106064436,68793.17740890039,46796.59397473872,146764.191439987,82679.09430881387,56282.65369000474,48869.67056786072,196958.9177877122,52747.43011436756,10375.21087750315,34190.35472144193,78986.16264900185,32481.67830096485,51155.64545143166,2224.10792188159,47046.61643029581,32198.52273422528,17215.46052560628,25382.11380491205,69052.58508604305
4340,23969.44423145077,18831.77061953496,102673.0285664375,56209.75993054884,83494.82736869833,48501.93634570979,15720.17162062059,21996.98646893706,38554.91458028799,139364.062691072,116149.2134007034,67178.21897933431,66763.91450079603,47167.42151442301,144021.4190276414,80901.80295056547,55159.8366885301,49484.32226187378,195865.8125782549,52746.30416987263,10369.6096214012,34304.49612131299,80224.8105733663,31123.24946173539,49439.91746571404,2402.65217991266,46056.5036089496,31592.73687024008,16984.17256204006,24842.5951921968,70458.1081502713
4341,23662.57848759808,18826.98226569883,102720.1227659958,55766.33716566223,82099.98616456964,47708.63514164311,14965.16366331277,20748.38389882378,37684.02360211647,140181.1268006115,113133.329422717,64531.24086391769,66068.40218867286,46086.05868065282,143238.7958962982,78620.86923256639,53960.31943244338,48273.47871510624,198048.1275614017,52143.08645844924,10235.28230157419,33070.49901896412,81997.69153370382,29596.92895724119,47707.99934054239,2424.676614104099,44277.05239971315,30517.42548181376,16861.21792398753,24553.60885954526,70613.13801870988
4342,22570.69119192745,18363.84277126547,99996.49614055513,54577.11284862933,80923.6748761324,50355.0855727235,14058.31651396393,18802.17501119513,35971.69560857786,140196.3775707443,106805.4442070722,61631.06663607911,64168.15407015181,42692.95419200275,141049.1734163106,75285.81145139571,50767.93635695316,45671.59942676451,201362.2970772806,50892.93852532245,10099.26851284924,31546.65668764745,74303.75655797972,26574.56386477953,44751.80663523345,2365.404714443571,41518.11445665028,30910.56088285695,16772.66522226822,24617.04161372196,70163.83400412215
4343,20769.664773391,17300.40754616181,94165.34462355325,51811.45931078807,78600.27092225573,48172.67576565894,12830.43076742635,17557.54588504071,33781.04273743082,131988.0195169566,94852.89074908559,58455.01445498709,60918.38459172958,37806.24547358337,137975.0531925813,71953.925335616,48972.85296666306,42414.06860615499,204374.8895831478,47330.22817049723,9827.032755046608,28631.34392280434,67508.74182991963,24496.12760851112,42526.92134764285,2118.673357226604,39809.80883752632,30976.42624025351,17182.10624525292,24559.2204438927,70320.43058751132
4344,19437.90076262074,16071.4186277593,86230.54787387006,50012.82024373789,74682.46752040739,44224.1529434722,12011.49164328323,15819.89243171363,28945.21447084961,157854.3906421598,141754.9814140737,61242.32022322312,58689.93299063443,34004.25085907314,140603.4875960777,69541.85566615955,49047.01786155189,39253.52205922222,204393.5028404521,43776.67730835055,8911.422127397742,25940.52111067739,64536.54837688607,21433.25402563085,40829.4453127848,1931.765950783734,36231.02447442347,28467.21859732727,17403.45103780176,23973.42182738535,70054.38822772962
4345,18247.47110713973,15295.22592906859,84148.7103737099,49056.19181559942,73772.13975730156,42181.16438640257,11564.49538668593,15048.75364923153,28441.09450064508,156953.6553475592,133828.6131517038,60741.66900458319,55381.37062520569,32609.18901269442,138359.6763339357,69217.39005986082,46261.18376733844,36770.80043640644,195198.6261858201,41866.28794258249,8520.049338283678,24481.27638731256,60932.15086148538,20080.05415176305,39278.95653826845,1794.298676528805,35040.34209845136,26868.74824943957,17278.0680135486,24466.74347032124,69369.16630572164
4346,17774.61717706795,15070.04771727197,80112.40160469743,47632.66251446144,73594.21373640749,41729.02478719618,11014.7902325655,14761.09577787218,27256.10774508215,151974.6510925868,127907.2867731387,59762.6897615393,53955.21095781609,32403.32563768166,136854.8277544372,69522.07151822747,44922.16792535239,36416.95244575959,185365.6330804525,39448.23617515415,8220.05508988681,23487.85567474415,58539.03627106558,19650.28735128216,38515.18695723166,1724.922995467122,33977.76073755004,26760.90186678837,17080.99824337835,24293.92510705657,68402.95691614193
4347,17604.95612432716,14879.92369254336,77491.29026764799,47659.61355151609,73549.85141617841,41878.55921831682,11141.79271275425,14482.89190996028,26474.98949084514,148839.0164808542,123188.7283189515,58955.96328880928,52162.89945634271,32207.24200877612,135577.8785470068,69008.7215385039,43631.74368586466,35572.53649939597,175076.3260180533,38037.44974801697,7974.825770206447,22779.94939517699,56095.20759015418,19001.67624846035,37898.00371219461,1657.512843438559,33988.61052713141,26662.93595916394,17119.34817835518,24466.69897954585,68125.59850737758
4348,17123.0493839872,14658.53599053747,76155.14673567675,47394.83802584678,74518.85770541235,41870.74812172685,11260.21052376852,14746.18663199716,26460.39563439478,147541.6556814654,119242.351134634,58952.21751610147,51672.73545537081,33203.42984775051,133792.6590431865,68844.94932173759,43500.83949875364,35271.00861735032,169964.0536360201,37334.77268758167,7800.63809485691,22277.73332645693,54896.00869605848,19007.9685907705,37465.47289410816,1592.738592640785,33459.2267643071,26287.46985388922,17095.67428432322,24631.21595932457,68122.49948040488
4349,17581.15752638057,14766.92307102387,76061.07714696931,47394.96383715147,75769.12918439409,42665.18579028962,11638.61143867186,15800.50159115751,27483.91751009035,147429.0755655451,116580.7133271482,58953.47987835651,51514.03435619953,35335.12989372899,135871.673247034,68667.47023334928,44140.85118616589,34313.59603449728,163665.4927644477,36747.85886526302,7703.337945187972,21760.70532255703,54864.86269109504,19651.14024634484,38366.57799237638,1581.35344469964,34002.84571392664,27243.72713985281,17431.78499484123,24878.07247307616,67929.07736293317
4350,18556.98331287731,15096.37057558411,79134.9692627244,47487.41377381003,77662.61126544849,44564.44786483714,13199.83372099726,19077.46592332424,29114.24649360126,149162.1299065967,119239.8787309596,61205.27774973661,53143.13487776685,37201.88529383843,139891.0766426671,69885.45979838108,44086.59458898653,35256.14272120361,159766.8730760686,38138.36263963521,7826.854452886069,23183.86943373091,59017.88537271934,23703.78603715159,40801.32231563663,1593.283610970694,36186.88369977551,28764.10395915985,17646.10668133979,24960.18610047635,68088.79000538647
4351,19720.63166190288,16101.87727866763,94903.66698002435,48513.50494026139,79191.28087257977,43744.44127020983,14016.93962068467,20045.48238322034,29793.45281643689,144444.2398014576,111556.2031899632,65357.35739041553,57321.87429079366,38502.16626639198,141939.8341696842,71126.7059080831,47627.87168082771,41263.42025161219,155212.4799543117,41099.63788382692,8008.10023227925,24891.81700324401,59726.52856455092,27252.27769936593,44737.12072426111,1739.170475943557,39736.01289152017,29935.83900679354,17832.28311658493,24499.73923529446,68016.70946710593
4352,21116.24464806472,16549.72133675949,92178.83115666771,50013.7357739358,78829.95578593484,41965.94906936403,14355.11377383252,19427.95615353558,30989.09794621254,126577.5017399274,106004.6388604244,62274.7212198766,61786.75193669271,40599.30017924889,142091.2461028149,77461.45004709065,50004.42164407348,40456.23948135199,150877.9750709181,42438.71939904844,8185.265242620616,26349.03647536349,65326.60466854103,31375.68377084923,48673.64484495667,1931.261390887224,40743.03635488788,29672.6635108727,17274.586460487,23818.07456657605,68484.671555465
4353,22159.83262060558,17271.56429122955,92962.01068657612,52630.78527162124,79693.5069803437,43341.04211653497,14391.36818283227,19491.15720326001,33180.63475051573,125671.3875127137,110030.7095088066,58924.95309869454,65221.02514973054,42411.46729227251,142091.2460920337,78974.75035639037,51224.62499273501,40788.01713055235,155415.4226220676,44842.591283512,8640.295824585977,27909.11078855699,72845.18156093934,32644.71661899241,51026.57498211525,2136.398822049941,41427.70503801391,30339.78947486078,16825.79178493623,23097.18075364582,68599.78161224183
4354,22794.91096264244,17776.86179938937,93844.31732084246,51067.24389835449,80295.4731864446,44724.9704386306,14494.80984705243,20330.61846293338,35511.90978188181,128845.240856171,117121.1887766902,57894.20365898837,67182.61320092961,43606.33190472083,141261.9430671622,78209.8361761225,52414.36785444218,40785.91138713885,167145.3316543792,46468.6075508815,9061.224629613644,29746.72760147573,78733.80810155335,31342.25805617403,51966.36686309601,2257.449348686569,41641.55390926851,29639.91474426059,16468.04221615324,22739.1480434605,69151.04598258524
4355,23104.14447337291,17932.52091303669,98304.69545889844,50012.81997771725,82108.96931736155,44361.58586813434,14866.9432647526,21299.46412933121,36103.98871091002,129397.1948360681,116329.0942476622,58031.06357907553,69120.71559040474,42095.12984162964,140014.3596735529,78867.82006653113,53214.77599331444,43158.46481003944,177616.3896058386,48072.42156700585,9031.721480526194,30800.33614546847,86927.96582195869,30014.62844608457,50528.37926058208,2291.886054835943,41953.42352256522,29935.97526552171,16478.53368256745,22820.60219778023,68992.98726199238
4356,22803.32312587539,17518.40464700108,90096.42691447689,50013.21618679425,80630.54783805438,43418.08101787631,14190.61378120646,20052.23931046363,35709.04039796069,126254.4826814237,111562.2988730288,53347.3774185544,65193.67830184363,40808.47945158201,134167.225406756,81931.72955021389,52267.33552995916,41545.11196755758,182717.2681587186,48097.90414493612,8899.986784049283,30828.19211498156,81509.13873726262,28530.65274152782,46573.18961646442,2255.886086044768,41496.81465680375,29513.85337270049,16860.35455956226,23151.21912231374,69027.73155640722
4357,22493.10631515456,16950.54578360036,77978.87042999826,47857.47465513991,79636.24119671962,42978.46479830909,14289.77339616513,19214.43255947145,35674.31506286172,129560.7332609548,107528.1271558646,52204.85224671259,62606.10359156768,39966.73160821404,135004.7719323619,80587.43677760502,53228.18552559287,39253.48673387435,185102.9477431022,46729.52900568789,8933.016075171628,29573.08340911675,78892.81479591178,28189.3129392003,46104.64237222459,2091.512037321163,41237.90799473531,29308.30563682121,17056.31320373014,22822.51003965315,68329.59162583954
4358,22034.71748894048,16794.02282536033,81407.79370561101,46941.6567024946,79977.9470560004,42541.62804903919,13726.55445546615,19337.74054183826,35243.16166413895,129848.1758704209,102822.09746289,52844.74156901915,63177.99886616995,37516.47667547116,138356.8821732945,78388.08193726608,53268.50979466808,38793.32908973051,190367.1136812192,46997.99516550994,9031.947355999178,29347.88953444902,80221.89637718485,28330.91971932392,46078.72446109825,2072.041312808633,41753.07063443687,29135.20015250859,17128.90338584008,22822.33803545988,67982.17876111055
4359,21733.09139856323,16757.23938728133,85554.16338154483,46445.61563738908,80455.69422625154,42680.55141591935,14189.71918262996,19770.5243387365,34650.14892533234,131049.9426568783,101947.6174874957,54807.99620940398,63132.10071207771,37190.99115589284,142123.0057568417,78248.53306692443,54552.56144385638,38333.04255097896,187817.010848497,48071.86360643145,9062.077293440283,28486.64526333013,81408.65584220423,28744.4866285706,47511.26477515476,2031.239487021014,42812.18473000973,28634.10827095579,17080.53089196468,23316.17377053788,68205.70004049207
4360,22493.8485140806,17231.07044545484,90195.5151010142,47395.92865839019,80840.72958812017,44048.33741592734,14989.1071377444,20957.11306671483,34734.37317191139,134094.512883143,107585.0905558852,57893.17541389089,64562.04905272237,39897.0244677426,142919.3802868425,76650.19060315037,55093.77848712134,39559.08305409517,190367.8083293394,48347.59879561444,9090.748324471639,29637.52358810054,82615.56844437573,30891.77251205197,50324.20821050003,2072.504212779342,43791.45142011024,30747.62444823856,17064.20267289254,24211.67702532564,67375.25096463539
4361,23381.15032666539,17819.83973471454,98048.48171359811,50484.8575311144,83099.17983992031,46279.00285639893,15755.38102418718,23397.18271828384,36089.29771202133,138716.8089753509,113150.2936551093,60255.82949282724,68139.96921040058,44411.22571083521,146643.3285646892,78016.78742562748,57211.55934696438,42947.65413622092,191535.6378069144,51015.31243396245,9305.199196924985,31049.24225531688,85024.51109282198,32860.92934047012,52431.08572880318,2137.784881658914,45062.78523113736,31298.73621482066,17273.44301529567,25371.8293812494,67340.57196087709
4362,24036.09708014954,18557.64028021838,110872.8011440839,55361.0477433532,84524.06896078546,47938.62009504594,16477.09498327933,22830.29742197156,37202.9593995304,141507.3425946941,117119.3799578205,61941.90918535157,70764.79263102873,46570.94290559892,151217.0026169354,84049.7079535842,56663.28415472664,44833.6710853275,199294.4179798687,51828.18621568904,9393.354248289103,31840.69959679322,82763.27913763929,34382.94429258723,51293.44011527487,2202.334180334665,45973.28446636309,31681.27096064961,16876.6234491326,25211.50095232183,67725.24604098845
4363,24326.22570946033,18898.31448002449,110362.9399744148,59070.53442052008,84134.94127101995,48719.31763965488,16151.39935057949,22805.76523242048,37117.69481445794,140997.2876688362,115590.23167904,67167.66889855881,69599.74127441655,47213.65669285539,146730.5807124579,82730.70975550437,58857.83514294674,48455.7934124428,204396.517745348,52637.32682926095,9637.956698388867,32544.30149542676,79031.92283570059,33321.6411392241,50782.01160213126,2223.149793562545,48356.21155824633,31647.74716124925,17341.89501815432,25684.22295119996,68733.30475877483
4364,24326.22571123069,18585.1861956089,106460.3127489739,56914.61847393939,84250.02578968667,47669.04641422807,15770.26038451921,21994.5515898939,36443.47442824135,140488.3651498439,115419.4069244396,68748.15587652264,67666.34993045525,47613.51037487167,144088.9743925974,81094.47651468607,57572.45188450455,49067.96578315355,203119.8818956809,52636.17046395375,9632.996337417007,32642.98609632725,80205.34789865164,31778.29408742108,49152.61594576894,2398.462385587444,47247.81217836366,31115.88450637991,17066.36822718792,25052.37336606619,70337.55345355393
4365,24019.38613383668,18580.70544833768,106509.2499793479,56438.77682897992,82782.0461147009,46842.07878622368,14970.74899516027,20745.31318233723,35672.92530775827,141428.7346847515,112635.4498675421,66187.62720398506,67003.69676781824,46447.5049831288,143335.2180107264,78994.57345029955,56199.26337991175,47862.00642144591,205668.6041217269,52016.65499289487,9514.03873530114,31576.09440150593,81884.87515701786,30044.20085950193,47507.84480849,2420.088175677607,45255.77392340246,30171.7918758632,16919.8958542434,24713.9311138587,70514.50285440286
4366,22927.59194345497,18147.31829757791,103679.0342654743,55162.60767382279,81544.05496719907,49600.84030631561,14010.44835555193,18798.11320874336,34157.88741843484,141446.2869911733,106794.1904457877,63382.17172156742,65193.2249708645,42788.80874819439,141226.3589033469,75924.2088889261,52544.67340275617,45270.62234529041,209539.2174709623,50732.7305141907,9393.587629880087,30258.60773609607,74596.07584960922,26610.411675838,44700.40237385144,2361.889102359218,42167.23185092639,30516.95350896307,16814.40553230909,24788.21948587377,70001.67215293203
4367,21126.71909853896,17152.19875419045,97619.68071853714,52194.75569813333,79098.82337310999,47325.81254607785,12710.18571634897,17552.85026857923,32219.63603513288,131999.1827122358,95760.80992114227,60309.8483699702,62096.98931093195,37519.59795639375,138265.6264071098,72856.76426767229,50489.69014693075,42026.23144140139,213057.6195059661,47073.76271215465,9152.501058659142,27738.08076670739,68158.86279803228,24249.04509126809,42587.46929023774,2119.623603347757,40254.83879019154,30574.78140811275,17302.16100999818,24720.50304142211,70180.4097851366
4368,19035.12291925085,15788.08488337755,86873.19278134042,49116.95187428603,74689.02739377908,44032.55210878442,12071.30254737864,16099.53027128346,27467.2025339752,134347.8297258626,105380.0273591215,58643.08819244834,61543.33539954837,34879.78869076928,138971.5147104815,74289.09459494821,51818.31733739206,38233.00497989285,180151.6433666861,44770.85581238126,8814.44524475031,27616.63033615809,64996.74784723627,22908.10488890762,39022.09792608244,1791.321958276999,36973.48285289007,26518.96521862654,16872.43947566922,24062.05723160189,71623.45341171672
4369,18137.42195896467,15227.0122281388,83875.64737052469,48873.95725454852,74491.67947528695,42516.03189574467,11545.74688816288,15427.31166619441,27478.37375820107,134032.104739868,99796.45647049237,56372.6227531444,58914.90431474529,34034.9928744158,137622.1740605422,73553.49984259525,50244.99576349746,36809.04757665996,175021.8412735075,41263.69872129631,8362.398086429943,25866.42575123091,60809.70530859904,21654.23870124683,37860.27972904951,1712.130915152131,35753.24051126279,26129.36861717589,16698.90083827978,23911.75302666723,70812.74617867668
4370,17495.11849862562,14954.48814878898,82077.58605424549,48383.96320668634,74531.61322106086,41744.73276786991,11447.34493477671,14889.4486722894,26599.9020494986,131774.5257983952,97151.0287320505,55540.34282064321,56721.02134219195,33053.35704881665,136203.5888460818,71841.91877374574,50024.20923090571,35493.98082265935,168895.711466378,39541.5528900916,8037.239323802802,24391.30808410948,57761.41896588355,21409.58240021286,37626.45068150508,1669.151218637306,34307.81715071468,26130.24792526296,16936.71304462889,23409.57287843959,70052.57228382489
4371,17111.24605422415,14748.46031708622,80314.75939386566,47826.88093210605,74208.71514586969,41467.18232005154,11079.4219484431,14621.55933991516,26018.66395914173,129354.9782966803,94817.38677551839,54155.36419879596,53658.33365841547,32705.19474165287,134186.8114727338,69874.18942096985,49824.84545930535,34859.92812279424,164823.1699350732,37802.10979821278,7429.331781918438,23388.02532613273,55743.52949301622,20904.23102529022,37165.70165886543,1596.848123718854,33880.24944598137,26200.84523212717,16968.84982910871,23517.45477623119,69509.07933169632
4372,17111.25012989315,14652.33371491213,77227.81669663073,47214.07033793683,73947.60789630885,41467.18233339305,11177.96009138483,14357.05976716872,25528.95703987051,127907.4948374796,95259.57868925466,53933.8253593301,52749.9746448194,32705.3822180228,133295.4608937635,69592.86476879774,47694.82523429493,34515.35648420029,154923.9343671114,36347.90986203592,7273.428024357438,22417.88023064808,54217.98347400784,21158.85562418567,37160.98225430395,1554.031546509,33871.66667235056,26052.66535150568,16827.44797769704,23381.18387509697,69308.04584387272
4373,17358.66183317175,14692.24356032767,78499.84507219888,47214.11875766086,74688.28011034467,41757.47215079631,12248.76118309512,15867.8640814418,25737.6529833122,129693.9499403071,99111.39152131173,56156.47365283982,52344.16210017625,35699.39244852754,134702.5983812179,69028.53111855585,46944.18683737308,34077.29649235127,153214.5456526775,36047.2710593209,7218.303185468669,21387.18588485261,54219.26159073412,22454.96456016745,39153.39909600527,1551.916642419995,34945.42369632082,26436.87942340107,16955.99511561637,24070.9847530708,69346.3683596825
4374,18419.41140096025,15137.8318369586,86624.25392347683,48469.54604221776,77453.92475037575,42587.62862448207,13679.16660998323,20227.30976816319,26136.11895440629,136174.3347768937,103030.5830847297,61714.0727192593,53949.44660799493,38759.01660211544,136314.4619757799,69029.35840465009,45925.29885193687,35256.23746051715,151910.7263925905,37207.20989246541,7297.668926015335,20952.54629097925,56727.77219614059,26060.54706203315,43474.86387740725,1551.937671199845,36311.01953741544,27785.36158480658,17283.79031940777,23990.65982132376,69310.0821623705
4375,19937.96374331407,15856.24629514746,91927.99835909784,51971.26372765675,79220.67590097946,42037.25617767297,14300.16184020488,20772.70659260431,27446.46769881502,146540.7016539871,115873.8130999742,60533.42823687083,54534.44499590064,41346.73528141683,135766.211068182,69592.37580373518,47498.00332940574,38606.72401870052,155683.6864837711,39534.18522210454,7273.766943773615,20670.51211515236,58824.15607712061,28506.97666525604,45549.04257524604,1689.023073318006,38208.66035735488,28610.37188496227,17746.56001711571,24228.13836842725,69645.20289435764
4376,21853.3120767158,16792.62608207649,93644.0933262777,51288.73436196405,77861.79055772646,42635.37543495613,14660.69020666951,19989.0286725966,29963.37599729714,151406.5808499064,128710.740375172,60002.61924970191,57492.8747119877,43815.09285433374,139030.0869419319,69593.75950992608,49012.88684608166,43707.00520201477,172286.2942038189,40119.0409536309,7438.325453110678,22189.91784309052,64534.49016713267,31378.63223182069,49237.59734676268,1915.94346281815,41187.11614113228,27719.81068872004,17707.99587663868,23201.59744578286,70486.49658693178
4377,23259.09342946477,17957.12058459829,100922.6817059675,51332.09166851496,78621.58312038689,44906.15197512646,15714.12601984772,20265.00846593532,34361.33720876177,155459.3323908187,134398.7493210684,60641.40591734998,64012.19406400411,45414.6583051472,141657.7821579899,73522.96812018403,52576.50806339204,47054.47272317691,205313.3825413341,46271.52239058177,8178.392477144028,25537.34595313004,73185.55618302918,32624.86472006122,51095.30911831613,2143.225208595036,43532.90973187043,29088.59893036598,17360.91860185978,22570.15240129369,70759.30762200973
4378,23773.63566468749,18532.44667897479,102046.7500507539,49120.50132403434,78465.46444761516,47170.87046519865,16438.5967514926,20547.34016273218,36407.58677361753,160483.7689526537,132926.9160036871,58401.95815549019,68161.6380849596,46748.03939222031,144238.7159113342,75484.96918594377,55401.37708296803,48105.09217889286,213730.7989506082,49122.39978940604,8649.300128010778,27818.37331595832,78278.93629314407,33349.33060268779,52521.56108468457,2185.043829999958,45087.29508489068,29447.60963447091,17084.54225503364,22893.08663849159,70956.93570965949
4379,24293.70012432802,18986.34475748076,107855.8180625463,49125.99146310389,79395.39037098417,48308.16840252071,16995.48562264428,21724.74153656318,37304.66140775152,161948.4347240174,127130.1563593175,61465.95861586108,71180.54600817224,44869.94395286879,146460.7554322749,79152.9535677234,57321.92221983414,49408.42952381431,221274.8323860024,49953.17660260718,8869.480511329915,30059.14245027589,84448.88860962269,32229.68027263765,49707.13224381665,2240.251503334161,45238.16882026503,30179.22110268659,16917.43097513935,22887.15194377854,71390.56083031223
4380,24301.50795827958,18671.44632657612,102407.4244773272,49926.32183287427,77803.91435017022,48301.19049727621,15368.21140806416,20060.77879090783,37579.68036448084,151108.6698787277,134558.5515058615,55260.75512734596,69034.00400087236,42059.60599210865,145391.0255230563,80863.8129093854,57402.69451105333,48918.39872276811,209318.7072614553,48606.51991096487,8869.484656069762,31410.66115231041,80834.8083248788,30499.00916567516,45539.44102727615,2157.609864084152,46332.37069046541,28992.05366034845,16917.43097513935,23350.74758556537,71499.1876087447
4381,23521.44532256629,18392.2782846667,101319.5844928224,47198.97400209781,75904.48615187079,47739.64988904572,15348.80329822171,19458.20276675541,37852.44221773104,140108.1998785018,137441.0735184452,56845.586459078,68664.53903345618,42412.89755768408,145925.9045165737,81615.20867293642,59198.77167657667,47407.2732064838,201924.6609973715,47673.81568319061,9101.13602719744,32658.54220876039,81464.23991547551,30366.64176406828,46004.94279477197,2030.562249620279,46716.69127611481,28931.90546292739,17084.54225503364,23674.21180509554,71595.7559103386
4382,23013.69802887917,18593.56615775745,105411.0024363265,46579.77616629339,75373.48334306103,47729.35161903741,15726.83961489053,19727.24228923073,38101.68381139546,150958.4509878321,135540.4679024813,59104.19201656306,69866.42403245122,43410.8915696962,148058.3999995115,80911.4860268373,59206.85047572707,46826.23476203388,214766.8290013909,49123.119881286,9117.832850058754,32986.80254304362,82403.09480875422,31367.0306171115,46475.55679680067,1993.335152091594,47941.09330812188,28895.72100622353,17135.96111050096,23991.24123535815,71469.01195168034
4383,23011.25200449917,18569.62433845315,111010.851365144,47845.69466701804,75883.22505135562,48048.79748096325,15726.82484628401,19996.84722229626,37998.64389336185,158735.34234954,134439.1253802614,62045.43556555406,69866.40767081325,44097.72384605815,149135.703971818,80322.57380714269,59215.82822554115,46401.63876687759,216086.3289569493,49125.00932831286,9034.602789977398,32556.82666585833,83472.96476184957,32110.73812459012,47880.21650885772,1985.839493654184,48510.82699236687,29228.88381821005,17045.97811305868,24465.34095807403,71467.47404111881
4384,23532.65682478416,18660.65933087029,113420.8608900533,49756.96358456946,77710.0259363259,48585.60219289416,16081.19214850405,21469.55424753287,37994.26719138688,161009.7245815839,128378.965187634,64705.1707307887,70092.86681004449,45492.77304580471,149137.2815569876,79450.66500850717,59139.53730467558,46942.12126654513,216232.8809549688,49799.79090726626,8814.821506819058,32313.97343686508,83455.65537675018,33837.89975384557,50177.92040797828,1992.385402011661,49610.23345008631,30015.96102653944,16949.56775961918,25642.67086984544,71507.2031376565
4385,24035.94488971007,18761.02899762224,114308.0478923126,54833.99089335342,81011.38386378821,48878.24601640245,16619.81159586262,23489.34163610059,37716.19211207214,163932.486416719,119220.1489209523,65910.6616254684,71618.62139214782,47438.93807287977,148600.1560656925,78233.92519150217,58479.11704437323,49735.18569735633,216086.317763484,50575.9977799526,8814.444127708877,32126.39699522187,83472.96586182964,35024.98410828251,50647.34714560454,2071.901016972149,47787.24388821208,31522.53347629451,16981.704544099,25726.34514603956,72013.98796464741
4386,24293.70684277559,18593.38982889667,114885.7965081149,59478.50835893556,83681.53651087344,48584.92384155307,16531.32506096635,23757.66009935452,36212.40614875354,164748.2672228689,118437.8515011768,65574.55389447132,69432.19704204789,48429.17978229343,146461.9348979398,78234.96288423883,54540.99787312788,50491.89608644249,200667.1867632389,50561.29122440017,8704.662546112038,31123.91737729575,80482.41198172976,34520.11101285989,48811.09176776672,2174.482955195576,46797.46686487969,30410.80502902341,17116.67903951348,26111.30270168035,71985.92945810391
4387,24293.72867082657,18278.21591731762,112606.0246145021,58952.88163976188,84941.2970361651,47737.10938780352,15549.65267571962,22952.67534185165,35776.93000037751,156176.5675830926,122619.7658237888,66353.29504374896,68987.24659895523,47459.47027504732,145926.1070429462,77467.99889866747,51716.15278862013,50841.82185065096,200789.9057764235,48834.65408860111,8259.106852168248,29862.24232766904,77310.47061214183,34986.14869821507,47865.8384456117,2240.654601473142,46964.50902367188,30172.97640866176,17078.1148975385,25257.10142720943,72163.96984163299
4388,24266.77867820765,18270.23998363563,108510.2015392389,58256.96900478912,83043.13001066432,46558.81798623655,16083.57549845727,22102.78022960039,34873.56017720397,158453.72930681,122619.7632074109,69645.01303709422,70114.38827455521,44421.85602214959,146995.8740723924,79729.44876969571,55439.36325374756,49996.13070810992,203252.3905059514,50610.56186205371,8869.068079202618,28962.4441068439,77325.02782104895,34986.49301695369,48797.774471107,2389.573943214344,47888.68112605797,29292.55384579708,17078.1148975385,25639.91449855279,72162.76429442935
4389,24034.1606918876,18214.98037656541,106012.3093614801,57362.34164514792,82707.49671627206,47727.01929917476,16043.7596653811,20815.53377126929,34259.62095429854,152636.7585964574,120311.8826152266,67052.18888342763,71358.60793211558,42977.40699393822,146949.2947612415,80863.8122846091,60268.71364436321,48179.20286708203,203252.5126651636,51447.24588099922,9086.827271089045,30837.73430509905,78367.17160663015,33086.32267995525,47084.0350369363,2397.290269955825,46791.13769562815,28961.68935537533,16866.01211967203,24938.07567021979,72033.01370345188
4390,22734.54147543626,17598.80645210802,103069.6145100191,54932.68279472187,81090.7349976743,49449.2093151194,14560.45133156469,18755.14510613775,33568.30842577491,151348.0851842339,115995.3219932517,64914.89362811617,71835.36820844356,39997.80718336539,145395.5002323871,80288.6210196333,57967.79736443819,45127.97398286279,198098.3566953722,51447.24330254862,9253.946684890301,31023.64454377006,74234.5733248311,29702.82062277804,43695.83440741093,2250.298145726769,44288.71529145439,28965.87115754796,16711.75555327007,24617.43376732106,72207.55030281203
4391,20693.49716169366,16683.44072542415,94654.63837583989,50916.23009487233,77913.27977827443,47562.0436240506,13084.80820938773,17618.12253773536,31728.78922196924,156045.2997717887,114445.9988210523,63135.55278800024,68784.81370109654,37047.21708333839,141670.7238845283,77935.5844356953,55908.69196851764,41829.17841330847,192935.9409390191,48834.98186360121,9204.967681373271,29236.48414378643,68061.88479226093,27479.75233278857,41918.4365760031,2019.381124161387,41622.23823633688,27179.56541515946,16468.66890547789,24311.83419706612,72583.0284874108
4392,19101.67999362128,15819.4777901188,87886.6069518647,50312.68741248093,75789.63968376668,44311.91387452167,12463.67237297755,16269.31429161591,27390.97446552641,137635.6088143945,105481.3118349888,59648.34589202158,60289.75544448575,35031.11001938244,137939.1744691504,72790.89893877736,53566.43428448417,39155.04914890231,177801.3383962,44039.49013742492,8293.010741003141,28027.63018797536,64616.81770814697,23207.42381800195,39246.84934160349,1796.648622769121,37805.07283968321,26481.1783363656,16907.05282590593,24119.12789072845,71219.33319781051
4393,18170.54224177787,15244.72714503961,84661.96609291635,50057.71579966404,75602.46513174096,42637.75328396233,11924.05963113962,15610.22516726397,27403.30194269586,137334.617291528,99536.27011951529,57552.58266841143,57692.10321898596,34188.42829933764,136463.8440057331,72081.78485823222,52088.31433028345,37712.10338386031,172749.8444814281,40657.95150404477,7751.83173207122,26176.87937497962,60087.48480932552,21913.12955532043,38002.8449980919,1713.505450748647,36536.60210127493,26104.57037249111,16723.49494755384,23973.51841139547,70557.61544023032
4394,17504.31481580888,14965.55939565204,82727.68280684909,49543.57037212725,75640.34027647549,41786.27857738224,11823.02571220486,15082.86747887152,26433.90595582802,135182.3893915277,96719.58191513778,56784.3429744306,55523.91055869943,33209.24901132441,134912.8035164831,70431.81898771256,51880.8875811321,36379.50031643388,166717.2321350439,38997.48905275156,7362.560184478894,24617.01874771301,56790.00132553391,21660.58486604384,37752.47505938089,1668.380798266351,35034.05037452365,26105.42036560467,16975.03722482614,23487.02377242928,69937.14414729988
4395,17106.14422149354,14754.50895847642,80831.30357076014,48959.02999763302,75334.08773003009,41479.87710799585,11445.26185796926,14820.21044414934,25792.50809790634,132875.7512745147,94234.8639707814,55505.93229664308,52497.08686765003,32861.95797818227,132707.716834358,68534.9259140574,51693.58730264054,35736.9925728689,162706.8593391033,37320.34888965304,6634.789209738998,23556.099129526,54607.14956529871,21138.9395807357,37259.13299700303,1592.469326195726,34589.58364554637,26173.66405123784,17009.02942428624,23591.53599797692,69493.53278812332
4396,17106.14844896954,14656.03895447075,77510.49264498775,48316.014503235,75086.44066670843,41479.87712272421,11546.43560913342,14560.87696174772,25252.11514320993,131495.815349152,94705.68263250205,55301.43988538832,51599.36471436115,32862.14498539375,131733.1396119207,68263.72866663059,49692.4545083793,35387.82609813171,152958.7389780961,35918.23511569609,6448.145317718705,22530.22087526077,52956.89029307997,21401.77397305855,37254.07974530815,1547.515933693069,34580.66164961684,26030.42429267673,16859.46374697868,23459.52149465003,69329.44466439664
4397,17362.77553010482,14696.92173352515,78878.89048770213,48316.06530952499,75788.9309231011,41800.34220321463,12645.87751015501,16042.17290479802,25482.41170033726,133198.9046382005,98806.85523754763,57353.06527986506,51198.30422400904,35848.66272380295,133271.6634839701,67719.71046063887,48987.23720805791,34943.92461018144,151275.4446653532,35628.36451689733,6382.151305527146,21440.31492091746,52958.27289573644,22739.67300579426,39387.43865765075,1545.295482647845,35696.85744007787,26401.82917344225,16995.43254481909,24127.77656262284,69360.72437696485
4398,18463.03498343609,15153.37268874836,87618.80836921427,49633.37151105147,78412.00544304286,42716.79240301555,14114.54211457526,20316.47179889119,25922.12001359928,139376.8791009413,102979.7685577494,62483.03182035695,52784.79089219873,38900.63018685842,135034.0290245305,67720.50796526515,48030.00209010254,36138.58666495026,149991.5286509226,36746.75695691851,6477.165889783754,20980.70603367721,55671.85402305127,26461.50934823195,44014.60061132423,1545.317560895481,37116.42657468982,27705.35471559786,17342.15298153034,24049.96056609611,69331.10675405755
4399,20038.14905445715,15889.3008603014,93324.36697420299,53307.68581006861,80087.67984428293,42109.20942940615,14752.14715787023,20851.21617032612,27368.09351695002,149259.4943241169,116654.4473117243,61393.23267894975,53362.93896427228,41481.8731161598,134434.5871670486,68263.25730381878,49507.54228835533,39533.75170218017,153706.8932195909,38990.38527801637,6448.551063160042,20682.46948196233,57939.61710237552,28986.81853247015,46235.50515208642,1689.244382920469,39089.0690326562,28502.86025892188,17831.64065502336,24280.02151223882,69604.63994859633
4400,22024.83863156546,16848.50798178828,95170.4741020672,52591.51516664635,78798.84560006512,42769.50243466126,15122.31860770036,20082.8447058032,30145.50886190919,153898.3048530001,130322.4152970449,60903.26708211099,56286.72554570887,43944.05363950769,138003.2156713281,68264.59119797754,50930.76026962642,44702.04474049599,170056.0564706824,39554.2927961989,6645.556197149255,22289.16244258497,64116.77050325094,31951.0641280357,50184.98551722906,1927.489520687049,42185.2441762972,27641.98920005342,17790.8500166219,23285.54441610412,70291.32307294573
4401,23482.98131636862,18041.39086472039,103000.4917558208,52637.0095170588,79519.47054323691,45276.32335325603,16203.93075958473,20353.43418213338,34998.67135599903,157761.9327323561,136378.6562109384,61492.9019572403,62729.70383850962,45539.61618766755,140876.262444951,72052.35224714322,54278.74692278131,48094.15048207949,202578.9750412532,45486.40622307919,7531.545039768439,25828.89451131234,73475.0604069474,33237.47855995065,52174.11042395449,2166.114048671166,44623.75202567167,28965.14384447823,17423.7342599177,22673.82244734464,70513.99766991216
4402,24016.68877723735,18630.74242335777,104209.7200463314,50316.41181151462,79371.39985233646,47776.45649502947,16947.77897247919,20630.25149931247,37256.71347238198,162551.9014690012,134811.5389226319,59425.76973877283,66830.5579784344,46869.66049681206,143698.1815730393,73943.72324635797,56932.68324140861,49158.77986695734,210867.8967183861,48235.17162274149,8095.303336007792,28240.96295324003,78984.82389419749,33985.3032039355,53701.25438299678,2210.01968112566,46239.57231747316,29312.18560454153,17131.40134424393,22986.66989002012,70675.30622824839
4403,24556.12414957891,19095.70575918546,110458.8857789494,50322.17255475521,80253.38771141118,49031.97512908218,17519.56299837969,21784.65638280459,38246.6378394795,163948.2178854042,128639.5069760989,62254.00899351293,69814.1145687718,44996.26497968874,146127.6960150067,77479.66387673859,58737.0162759566,50479.497114542,218296.7679105918,49036.19188405148,8358.897519574037,30610.46040101786,85659.16927122865,32829.55228517367,50687.73496017723,2267.982563034388,46396.40912929981,30019.40610997191,16954.64190641763,22980.92056446039,71029.24095434282
4404,24564.22280299922,18773.13064416785,104597.719336854,51161.95051110304,78743.95293484192,49024.27187932355,15848.76393979465,20153.19343208347,38550.12202721705,153614.2960451094,136548.8037157822,56526.2683104243,67692.70851227296,42192.95987230447,144958.0839361221,79128.93400152415,58812.90103936323,49982.93179067458,206523.1571135563,47737.76939814007,8358.902481547937,32039.6215163017,81749.6382402876,31043.07960860428,46225.22439782599,2181.216588536699,47533.85782036052,28871.81726660865,16954.64190641763,23430.03587730854,71117.90461158929
4405,23755.10506663902,18487.15696379906,103427.4640842147,48300.17408215621,76942.44104235145,48404.35982789516,15828.83671956149,19562.3866601384,38851.11549495416,143127.1684356725,139617.935271984,57989.15392108898,67327.56996996842,42545.36732792078,145542.9053253049,79853.28027274445,60500.29765407604,48451.65553253725,199241.98348734,46838.47253238149,8636.229431042322,33359.19118240606,82430.52580819251,30906.44431996519,46723.65541066085,2047.828502620156,47933.36814747649,28813.67433087174,17131.40134424393,23743.39674841065,71196.72586466298
4406,23228.44563943104,18693.35189029443,107828.8497726697,47650.45652454814,76438.8116470034,48392.99106561247,16216.98440625252,19826.17141995003,39126.15429047292,153471.0871932932,137594.2877000368,60073.96982802914,68515.38092703905,43540.86386608648,147874.5148778814,79174.89093465965,60507.88760544286,47862.86898538197,211888.1114171187,48235.86592255424,8656.218429716657,33706.30950547586,83446.13200662646,31939.08844553966,47227.56029365904,2008.743539832511,49206.16298229386,28778.69621629787,17185.78886369697,24050.52381976464,71093.27455117741
4407,23225.90850764339,18668.82641046388,113852.9458863259,48978.7710451459,76922.27596032317,48745.64292495137,16216.96924262879,20090.51054699871,39012.44945281056,160885.0660608585,136421.6461471275,62788.8977696525,68515.3647569955,44225.97734892227,149052.40822066,78607.1789630139,60516.32211200803,47432.61103547875,213187.4687558567,48237.68769384966,8556.57758340421,33251.63225738585,84603.46373452246,32706.77511698465,48731.58457854054,2000.873801106053,49798.41460518593,29100.75181892309,17090.61070425804,24509.81512040778,71092.01927345613
4408,23766.73416522729,18762.08067999209,116445.5388647131,50984.2447423055,78654.90450739455,49338.24781462835,16580.81483769673,21534.45330065328,39007.61974994346,163053.3131175378,129969.1615514735,65243.9781453971,68739.17206562529,45617.53544666942,149054.1331071515,77766.65800485604,60444.64755143067,47980.30082746549,213331.7835876465,48888.30011840413,8293.461192089306,32994.82753017354,84584.73930870995,34489.62516068788,51191.82632540685,2007.746391276859,50941.2735879143,29861.58890974266,16988.63410587773,25650.37133791816,71124.44706933633
4409,24288.76827016498,18864.8971872188,117399.9395709346,56311.51430339429,81786.07607419319,49661.3115972114,17133.84078594755,23514.79108248512,38700.76312238762,165839.6828214165,120217.419188774,66356.71187819557,70247.06010145109,47558.83020779368,148466.8554615685,76593.71959843265,59824.18929222368,50810.61055637908,213187.4577332634,49636.70501140309,8293.00940371042,32796.47514619528,84603.46492442592,35714.98436120441,51694.45995781072,2091.230333299811,49046.23287610163,31317.93421824626,17022.62630533784,25731.43206270285,71538.09641847879
4410,24556.13111826943,18693.17126283819,118021.458693212,61184.95598796681,84318.58125274933,49337.49894951464,17042.98749405765,23777.86886648971,37041.3311070956,166617.3948114722,119384.4771724123,66046.46614196863,68086.23872334398,48546.59384345032,146128.9856090214,76594.71993527374,56124.36553996371,51577.41161996153,198003.7050262372,49622.52521150452,8161.581771805148,31736.40480706657,81368.43352700352,35193.83277643535,49728.30925397386,2198.931752543093,48017.33628006016,30243.26933321105,17165.39354370403,26104.36553629744,71515.19442467099
4411,24556.15375935285,18370.31395139942,115568.9702102351,60633.42158579716,85513.4006041914,48401.55524472942,16035.05823271162,22988.60672033277,36560.78195971801,158445.6977885038,123837.1214737672,66765.28662393475,67646.49863831015,47579.31102825221,145543.1267618466,75855.3658823797,53470.4517080946,51932.00361716413,198124.5506918335,47957.73232401882,7628.174173871333,30402.24870672113,77937.18622874148,35674.89679130752,48716.18942190152,2268.405778294445,48190.98054995651,30013.36960582134,17124.60290371813,25276.84508951183,71660.51505158318
4412,24528.19995663955,18362.14357812242,111162.8456551701,59903.20802341333,83713.08487052246,47100.78192714576,16583.26193531703,22155.31138889745,35563.91083391321,160616.5946304985,123837.1186880094,69803.72156045774,68760.44151434921,44549.29838624653,146712.7794269259,78035.40583082094,56968.37087065402,51075.03524866328,200549.444752166,49670.03108603189,8358.40376664185,29450.75863346576,77952.93348819946,35675.25221182389,49714.04990175261,2424.757127626229,49151.67928096981,29162.29917164664,17124.60290371813,25647.70106140165,71659.53105642466
4413,24286.91761608001,18305.53683652864,108475.7119928791,58964.48526072734,83394.75361067038,48390.41630402015,16542.38114471372,20893.2068672082,34886.42718478774,155071.0757446172,121379.8298546557,67410.40369158573,69990.09139223988,43108.4640828,146661.850940699,79128.93339923931,61505.49748014044,49233.87881544005,200549.5650465763,50476.74697029829,8619.099363288864,31433.78101205706,79080.27243681978,33713.81518648798,47879.08182740165,2432.858547386816,48010.75695911696,28842.46526757219,16900.25438696457,24967.78404634765,71553.62566097833
4414,22938.89130331634,17674.34164771274,105310.0771974229,56415.07064258835,81861.33662445068,50291.62581600551,15019.39863474303,18873.06081524598,34123.5618765674,153842.5389165907,116783.8224828728,65437.56379869933,70461.2688181931,40136.32070233589,144962.9764552877,78574.44844173217,59343.8095437806,46141.96203010483,195474.0890254237,50476.74448420201,8819.170344976463,31630.3714725825,74609.83460805638,30221.21976963135,44251.20243062317,2278.530595788038,45409.4297583261,28846.507653968,16737.09182860541,24657.15733730969,71696.08641923653
4415,20821.82393034039,16736.66087324858,96257.57851919076,52200.65048880231,78847.68053009051,48208.29161401014,13504.28635848974,17758.24607595827,32093.64729164662,158320.5556547468,115134.1987791186,63795.1353210715,67446.43622439432,37193.11443579623,140890.4125584986,76306.11881000067,57409.30052539954,42799.17727683834,190390.479306168,47958.04835885761,8760.533965797998,29740.54179683571,67932.5293295082,27926.47367822389,42348.0728118359,2036.089368991808,42637.56387261752,27119.75499238615,16479.97059038615,24361.1031162814,72002.5602882327
4416,19126.58498790144,15878.5883136232,89001.9516944623,50697.58706398874,76116.96396388444,44648.96813276214,12801.195319529,16292.36545334229,27577.15234266411,138985.7265724087,106254.9464399814,59919.94734207683,59695.79350508794,33309.47808563216,138621.467175057,71791.10656104537,53653.22251311126,39680.18560606267,174318.8610391526,43454.44956814517,8465.021564931822,27340.92155371191,66051.31880630385,23065.28928368578,40202.18697967128,1834.281487774512,38660.89997671482,26527.78338983871,17114.42106607377,24113.06232813577,71145.33370125911
4417,18181.3159778355,15270.32862805754,85931.93150258066,50453.07117715993,75917.01282268898,42937.22981110482,12268.63486814828,15614.83477795358,27589.90751262188,138692.3369480481,100319.5007510574,57890.32521403339,57104.50703542487,32446.03107429996,137080.0930417287,70991.8646095731,52280.74182909889,38323.29480444312,168803.2137096369,40059.11820439954,7784.391185792379,25882.97956746405,61197.01557098844,21799.46681790886,39002.6318384401,1751.416607191551,37334.9248051235,26170.16155223127,16941.59605840728,23979.47543888867,70079.87172668715
4418,17504.97766142883,14974.88487533384,84090.3965829426,49960.00952302422,75957.47333578032,42066.6431461254,12168.92137863836,15072.72143153887,26586.87904224166,136594.4661206366,97507.35902693783,57146.33072792976,54941.62770574765,31442.72293353668,135459.619697515,69132.18930711229,52088.13959424735,37070.16603951809,162216.2984842148,38391.88300455732,7294.811884575811,24654.18837352379,57662.94441716924,21552.47758948055,38761.20780422592,1706.442993021863,35764.25689503535,26170.96869421544,17178.43032773046,23533.14937720239,69080.82256810275
4419,17100.76429688563,14751.52980187019,82284.94822422013,49399.43963652723,75630.3159017541,41753.36427675141,11796.09458429359,14802.71515840259,25923.22835557537,134346.0848896919,95026.65172212018,55908.26596415594,51922.22148975077,31086.873984288,133155.8215601802,66994.20253810451,51914.22541792544,36465.97642384854,157837.4350478739,36707.90206731347,6379.508396656867,23818.44147311575,55323.477524665,21042.30742157636,38285.49322139694,1630.785606911307,35299.64085827777,26235.77197667971,17210.43495855881,23629.03230435219,68366.5436640285
4420,17100.76858851919,14647.31881196192,79123.36929450723,48782.79254346302,75365.76437811516,41753.36429181042,11895.94607854175,14536.12543177763,25364.08686324805,133001.00088557,95496.71042476999,55710.2272171143,51026.69927684691,31087.06559971526,132137.6170569556,66688.53632273246,50056.11092697236,36137.63367578209,147193.6146366967,35300.06930584146,6144.769981283836,23010.29865390448,53554.81553774725,21299.36000086518,38280.62052615107,1585.982679490949,35290.31439553378,26099.7534359455,17069.61458321244,23507.91788985302,68102.33788398576
4421,17361.29032814432,14690.58513370607,80426.15282650977,48782.84126631859,76116.20682301035,42081.02244009184,12981.01918686133,16058.86856872783,25602.37339069246,134661.0766312523,99591.26323417961,57697.1044808125,50626.62161750358,34147.17685427385,133745.0134733435,66075.37380837502,49401.29457057866,35720.20575824179,145355.651860236,35009.01637336462,6061.770587742073,22151.71756306243,53556.29733930581,22607.82802193905,40337.75293468282,1583.769660595573,36457.11143701956,26452.43449608375,17197.63310652582,24120.996902037,68152.70277737909
4422,18478.24768725378,15173.64803563978,88746.99398225303,50046.1281496419,78918.3331699236,43018.04301968015,14430.48956443792,20452.76388504899,26057.33706171995,140683.0190091364,103757.4409604316,62665.17219447796,52209.22047243299,37274.35064002786,135586.2719066552,66076.27267524462,48512.47177529855,36843.62009052791,143953.7640116515,36131.97054904534,6181.268593834337,21789.65742549288,56464.57234135805,26247.79166238816,44799.5829433871,1583.79166494433,37941.03484956478,27690.24475096543,17524.08034306342,24049.60596679511,68105.0140904375
4423,20077.26621668978,15952.48219974251,94178.97257753465,53569.76832819488,80708.3895914495,42396.82241194485,15059.76163926559,21002.47059655766,27553.47755634115,150316.0370437173,117410.0471055567,61609.76649425161,52785.95174612683,39919.20033809541,134959.9958305706,66688.00505005874,49884.41413775062,40036.30294847544,148010.5125710086,38384.75025471339,6145.280279482777,21554.71948164558,58895.04276576806,28717.54926744684,46941.13290979215,1727.236744437435,40003.10442869634,28447.5452471406,17984.94702818498,24260.67138831318,68545.44237610119
4424,22094.10645986933,16967.61289529408,95936.55936218145,52882.96598944623,79331.57914818128,43071.93616566169,15425.09525562599,20212.59982176752,30427.25329175156,154837.6889015113,131055.953314031,61135.2639330267,55702.57335324039,42442.05370452649,138688.3752034286,66689.50848117053,51205.91661992901,44896.36730686174,165861.9086425747,38950.95785732282,6393.049828608739,22820.40317598849,65515.39424108402,31616.58759059709,50749.49539816187,1964.684443517732,43239.64055290962,27630.07371295332,17946.54147208604,23348.30563912796,69651.10222759131
4425,23574.37840617376,18230.04308741499,103391.1297628219,52926.59473428528,80101.39415883124,45635.0244715794,16492.57163482429,20490.76048908442,35448.79270278421,158603.7362685548,137102.4187122289,61706.29026679698,62129.76260920625,44076.93396931839,141690.0348929104,70958.69113555936,54314.6271130981,48086.1733206322,201373.1756040688,44907.26738244862,7507.34087078232,25608.85204053996,75545.12223223124,32874.70356558714,52667.54738958671,2202.510262945214,45788.69491111914,28886.52349832154,17600.89145675308,22787.09193748557,70009.6407631725
4426,24116.18559012845,18853.75494718163,104542.3758800941,50701.1587350566,79943.21611965491,48191.27488874477,17226.698369246,20775.32325447986,37785.17593598464,163272.728653989,135537.8309434489,59704.39556565505,66220.56727602596,45439.75311722761,144638.2781904182,73090.4539785825,56778.89012745169,49087.30992220964,210423.7197568291,47667.24453631692,8216.368783135556,27508.97594187576,81450.19993781127,33606.07761406394,54140.12535687759,2246.268937311941,47477.7662659464,29216.06966798702,17325.65163133098,23074.10839319554,70269.37103806912
4427,24663.80761425793,19345.826517473,110491.8957865709,50706.68324512545,80885.40872561479,49474.97453594817,17791.0096527207,21962.02880231225,38809.44500370593,164633.7794403888,129375.7614135413,62443.37719781364,69196.8124208233,43520.1935470768,147176.5506725857,77075.81002671411,58454.26987616881,50329.26171846147,218535.1882142657,48471.53202526482,8547.886092821558,29375.56424277761,88603.41589280666,32475.75082517742,51234.28122884254,2304.037809618479,47641.71306596064,29887.63671118952,17159.22755042687,23068.83377426059,70839.25750071018
4428,24672.02917555358,19004.44466829757,104911.7707083693,51512.02408078609,79272.93949372049,49467.09838124267,16142.04655044874,20284.91693074158,39123.45835298188,154560.8530734831,137272.2915781295,56896.40075356353,67080.60504059576,40647.80963361725,145954.5805112396,78934.70115467678,58524.73125630952,49862.31075143095,205679.766422798,47167.81349125506,8547.892333400221,30501.39597574462,84413.38403690101,30728.57685268909,46931.21949454313,2217.56225256799,48830.72648001704,28797.90184005393,17159.22755042687,23480.86682205012,70982.01890349934
4429,23850.63199757231,18701.79818605269,103797.6288822219,48767.60169705854,77348.45587732027,48833.27196072424,16122.37976243705,19677.5791725685,39434.89456855181,144338.5903311526,140336.4691795388,58313.11852623572,66716.36129967541,41008.90108378764,146565.5816287894,79751.11129690206,60091.53187582595,48422.35734518183,197729.5666314567,46264.84854403041,8896.6810773548,31540.8962728584,85143.12388989952,30594.94725780932,47411.84119583669,2084.620634608762,49248.34807625091,28742.6900933128,17325.65163133098,23768.35431375773,71108.9326019395
4430,23315.9798105965,18920.01466345749,107987.9693036423,48144.52737505195,76810.44859347986,48821.64801844608,16505.45468116949,19948.74472494833,39719.47563356709,154421.2611313603,138316.088022994,60332.13882869804,67901.26143040115,42028.92856299415,149001.5664758979,78986.49917974861,60098.57938344795,47868.68508021691,211537.6762563395,47667.94166806245,8921.820854622181,31814.3411763245,86231.59774796962,31604.87534834774,47897.74118183327,2045.666494475759,50578.84337140861,28709.4753479812,17376.85904095469,24050.12271409603,70942.36091865659
4431,23313.40417444754,18894.05930215813,113723.2116192132,49418.3711547705,77326.91432094832,49182.21540083343,16505.43971572174,20220.4801559601,39601.82588987072,161647.9911543781,137145.3392573876,62961.38518834644,67901.24529998358,42730.92455401488,150232.1886147325,78346.63143978835,60106.41108702991,47464.08702206996,212956.424245828,47669.77087005821,8796.504488162851,31456.16597222496,87471.9656512697,32355.67450075943,49348.02555815091,2037.823096828791,51197.94393361393,29015.29499990174,17287.24607374025,24471.49154524784,70940.3397386833
4432,23862.43758325363,18992.75047048744,116191.4904574261,51341.60556567342,79177.81259480686,49788.12173083649,16864.53015098887,21704.82494782445,39596.82862400127,163761.476555635,130703.2697633352,65338.98462353119,68124.50415079165,44156.77330807465,150233.9907163542,77399.2808945346,60039.8590121134,47979.11347621123,213113.9993572707,48323.03703384714,8465.588088556158,31253.86623989974,87451.89778634747,34099.30553081225,51720.36103392142,2044.672683511139,52392.61290771213,29737.7756286691,17191.23218125521,25517.87504861998,70992.55321343704
4433,24392.39425251999,19101.56137290594,117100.1279049468,56450.41758876463,82522.7188402561,50118.4369109365,17410.32850931262,23740.57329390985,39279.32583057848,166477.4731822697,120967.2679089614,66416.60111248647,69628.6969856314,46145.90528962321,149620.4233872513,76077.26289118882,59463.74408072542,50640.62808745888,212956.4122104307,49074.49454519904,8465.01988304461,31097.61275258875,87471.9669265462,35297.70936321953,52205.03519205483,2127.87719349331,50411.6630466445,31120.70147033196,17223.23681208357,25592.24280347841,71658.58891713253
4434,24663.8146887076,18919.82350508179,117691.8453514764,61124.01204207205,85228.09355629122,49787.35605691006,17320.66259450581,24011.01208904496,37562.32103733983,167235.5431320483,120135.6703631831,66116.1465552714,67473.1708742134,47158.00931279457,147177.897995715,76078.39037009653,56028.34181868591,51361.69836955421,196377.5097147482,49060.25690826888,8299.725890748728,30262.53487773962,84004.8286680754,34788.02203546365,50309.13651812802,2235.218121525404,49336.12279240284,30100.21420541954,17357.65626215931,25934.38414524974,71621.71337123013
4435,24663.8376733997,18578.14300690464,115356.9530355764,60595.0946383924,86504.47162295468,48830.40442668473,16325.90613165061,23199.66610382593,37065.0995893802,159270.2320258561,124581.1275504725,66812.28147158901,67034.5084076481,46166.89079671792,146565.812978013,75245.0649683365,53564.09968399172,51695.14307065705,196509.459210081,47388.67360910939,7628.869465008772,29211.54401433225,80327.39642072275,35258.50363695082,49333.18048193177,2304.459608319845,49517.63899423543,29881.90452835185,17319.25070456859,25175.18987588731,71855.70074775469
4436,24635.45963441882,18569.49628554297,111162.1009749331,59894.82524444636,84581.26581552377,47500.43432223175,16866.94526707528,22343.05486894817,36033.64275024792,161386.300288952,124581.1247692113,69754.8251293426,68145.72147701964,43062.21284084704,147787.8255424088,77702.1863688034,56812.02720922798,50889.28291661045,199157.1631713031,49107.95655131091,8547.265109302447,28462.00100856603,80344.27351371686,35258.85123895091,50295.3866631883,2460.28762854708,50521.88972397741,29073.73953504762,17319.25070456859,25515.42524978199,71854.1163722222
4437,24390.5155122891,18509.58926475489,108603.8146533339,58994.59707289138,84241.20517161285,48819.01546448939,16826.59875445893,21045.6362082593,35332.65430229119,155980.8400709391,122127.8023014466,67437.03901143512,69372.35799892282,41585.87362101727,147734.6172251765,78934.7004758419,61024.89140522353,49157.93009025487,199157.2945188912,49917.96289470837,8875.136922246626,30024.1408520913,81552.49671740503,33340.56177150559,48525.9833656328,2468.361931760436,49329.24520669875,28770.02957807395,17108.02014080318,24891.64718668265,71683.5932595242
4438,23022.03110094796,17841.59421269746,105589.9711999755,56549.72735048688,82603.11669748672,50762.89898290233,15323.52036125348,18968.96574231036,34543.32194113428,154783.3314000793,117539.2134493097,65526.46082369913,69842.38076667365,38540.49093610999,145959.6920456893,78309.74089365528,59017.69643496093,46250.41024644957,193615.4615018845,49917.9603984717,9126.762328763374,30179.00637179456,76761.31415250913,29924.79623039346,45027.73080335639,2314.550536680435,46609.99029841287,28773.86817361586,16954.39791193205,24606.66810449977,71912.97583095141
4439,20872.83440482642,16849.2448905702,96971.53741314539,52508.12966050264,79383.74756468396,48632.80285563448,13828.20934434593,17822.95808517358,32442.9809569569,159148.2505053634,115892.2524405567,63935.86645484676,66834.93626277854,35524.75843102778,141704.8184411029,75753.10825698003,57221.44420710197,43106.98379662083,188064.747426922,47388.99093300145,9053.016488047255,28690.27973621437,69604.92592913973,27680.5298069765,43192.60142414423,2072.920793447771,43712.46556083611,27134.16716045756,16712.3108908497,24335.05829848433,72406.44340058336
4440,18996.28923111849,15941.05624819148,83845.42460135763,50980.13817087383,76136.98648060783,45213.52196778412,12824.11464467075,16320.98095465485,27860.73281122664,138577.8998946549,104809.3735948637,60283.47586449972,59138.72024624265,31570.21026969829,141749.1237024846,71991.60243579437,53396.29413503053,39539.00608272463,174412.2736694135,43579.80633637089,8766.786054835022,26287.1317907786,65884.1180995586,22920.13223849824,40195.59536657702,1872.454867924549,39244.77658952175,26449.28714164721,16905.24833924399,24213.4713548633,69025.397913221
4441,18028.55002414941,15337.68970134753,81369.8393963505,50745.24591003243,75936.32551245984,43447.47553523887,12266.01620121878,15614.75076457698,27873.4874625008,138302.0114923477,98828.24184973327,58161.75201970406,56383.23474678629,30686.75624020902,140386.5383936436,71052.70813794619,51966.54701110726,38234.95294098766,169132.1630880443,40095.11168063279,8072.246091488097,25061.73762514024,61611.93842902385,21652.48020448327,39053.63690316908,1793.212607778439,37889.02183069196,26072.88297944122,16685.38523669662,24063.38106333878,68542.6997768709
4442,17336.13432132582,15044.62264282344,79884.87307149841,50271.59011540816,75976.92966045385,42549.26787437409,12161.52112813861,15049.67404467415,26870.49977984994,136329.2824564029,95994.45462979037,57383.99599322421,54083.30276328226,29660.20034489218,138954.0288397001,68868.08990799326,51765.90849243966,37030.62131684291,162826.5313638733,38383.99574868457,7572.661588145338,24028.94374579156,58501.66982698644,21405.13398788346,38823.80485154871,1750.20511402869,36283.07886941629,26073.73251258037,16986.67911740292,23561.91561945398,68090.08938017942
4443,16922.31231226399,14823.06434692799,78429.00601984932,49733.08306907012,75648.61081688032,42226.04964489961,11770.81608599446,14768.23057867929,26206.87608025875,134215.021234881,93494.65293184695,56089.74939706978,50872.56935246433,29296.10598359687,136917.4554805186,66356.5305703004,51584.73778723252,36449.95899266893,158634.6601684712,36655.69334054936,6638.652659901049,23326.50195772972,56442.74964554109,20894.22644079663,38370.93171937191,1677.855256888122,35808.02819248177,26141.93926809435,17027.39450648239,23669.64397939441,67766.49163191688
4444,16922.31670591495,14719.69168124545,75879.59020702935,49140.70589591508,75383.12013480146,42226.04966043638,11875.45578158537,14490.3483806531,25647.75732518423,132950.1739258642,93968.32975004126,55882.72389907875,49920.30162715236,29296.30203896466,136017.3557140242,65997.45499108559,49649.09389780906,36134.4019915664,148445.3667960491,35210.80717937586,6399.117053783324,22647.26128491486,54886.18397210176,21151.65055341446,38366.29298674146,1635.010987941196,35798.49227015145,25998.77702383082,16848.24679491229,23533.56701942888,67646.79553699921
4445,17189.03136493612,14762.60994751381,76930.12129007591,49140.7527011425,76136.22665188207,42564.10337842908,13012.56164668435,16077.59337798278,25886.03416280754,134511.2231490025,98094.39897449288,57959.76317098237,49494.87271302693,32427.31944135772,137438.3051740521,65277.15397670075,48966.95548001016,35733.22881929095,146685.8912305573,34912.09389054382,6314.421457590285,21925.62745492074,54887.48807738466,22462.00978087509,40324.6521179962,1632.894716032254,36991.49397597111,26369.98091858002,17011.10835123016,24222.38617065601,67669.61290707777
4446,18332.54016233916,15241.78685495113,83639.83326944495,50354.31929578633,78948.30055295004,43530.85269452848,14531.5388059119,20657.60965938207,26340.9793329294,140173.945765865,102292.6444240033,63153.27559134836,51177.75426520863,35626.95328764923,139065.990261509,65278.20990347846,48041.04675864731,36812.8971225483,145343.8687224116,36064.60361504877,6436.361563872778,21621.31741764015,57447.00542473575,26107.23447652291,44572.24721854139,1632.915758412526,38508.74427703279,27672.80105695807,17426.40532249766,24142.17555760068,67648.00796869324
4447,19969.5693118479,16014.35569571153,88020.04089151697,53739.2764806399,80744.7116783645,42889.92269709038,15190.98650721718,21230.60139165034,27837.05898762884,149232.3368413757,116050.3368194964,62049.97689886604,51791.03059739003,38333.08706596446,138512.3579135282,65996.83088860573,49470.23309966733,39881.25612867236,149227.3804327402,38376.67526870809,6399.637780602543,21423.8530545907,59586.01607851215,28580.56176863654,46610.97059597385,1770.089820885133,40617.12511616328,28469.87502958808,18012.70692676023,24379.31612450016,67847.54011320841
4448,22034.35230667148,17021.32018292828,89437.31360265205,53079.5052232704,79363.01355525975,43586.45570171437,15573.83904931415,20407.27248909254,30710.71786216194,153484.2639828147,129801.2777078757,61553.94200416478,54892.46636680043,40914.39772328594,141808.2708586043,65998.59701574079,50846.87496804565,44552.0683915553,166316.461669913,38957.7851503294,6652.470828968683,22487.65492683321,65412.46111368768,31483.79024370805,50236.47443972,1997.15697176069,43926.34941126145,27609.46983170757,17963.84846100356,23354.23617807737,68348.44954262825
4449,23549.81212198405,18273.59476848324,95448.48715854948,53121.41683337408,80135.56141074236,46230.86279460561,16692.50436535059,20697.21576116466,35732.0530744139,157025.6598088283,135894.2836983914,62150.88079963129,61726.91983399202,42587.15996428848,144461.7586177355,71013.73822960506,54085.29568936655,47617.66257851863,200311.2777339914,45070.86153272716,7789.533885965279,24831.33458077896,74239.43337884116,32743.72464828821,52062.43110446825,2224.585712621143,46532.65204097896,28931.90845005215,17524.12225590882,22723.68980813193,68510.88225920098
4450,24104.49872330813,18892.28918467334,96376.82237366556,50983.56926855427,79976.82183920954,48868.21505389039,17461.83484551487,20993.83231771982,38068.34129957626,161416.138348785,134317.6530522117,60058.14261773281,66076.94175263983,43981.5571327123,147068.0259198856,73517.98612849458,56652.37950949175,48579.81467582568,208975.3331191886,47903.47979813094,8513.051723767932,26428.38080391382,79436.37961474484,33476.15579502753,53464.30319435812,2266.431380332519,48259.65762628115,29278.76240821925,17173.96990944584,23046.16444432291,68628.55076604434
4451,24665.13839064779,19380.40229032932,101174.3619782316,50988.87634564007,80922.35923081129,50192.64248168094,18053.20667591105,22230.80551326009,39092.56871582822,162695.999992621,128108.1531068566,62921.4158148033,69241.77915496012,42017.51925333158,149311.8762085683,78199.7074290252,58397.66409171607,49773.40456519263,216740.414509248,48728.93570041491,8851.344029217633,27997.24049459373,85731.78851288544,32344.1952778359,50697.98326349771,2321.674759378709,48427.28644699844,29985.60020076834,16962.24988547349,23040.23819588574,68886.73279413459
4452,24673.55538847968,19041.76668389317,96674.69284829703,51762.52067644259,79304.16572990791,50184.51644118527,16325.17047213024,20482.65287771826,39406.56929588387,153223.9419129308,136065.4641023788,57122.72450883561,66991.47652793431,39078.57904127277,148231.6462023097,80383.40446488462,58471.06545668778,49324.63678309367,204433.9625963673,47390.90399707075,8851.35039733079,28943.49737592464,82044.22141088292,30594.49601124603,46601.53317366969,2238.979671425086,49643.00347470481,28838.63237592676,16962.24988547349,23503.17404691886,68951.40958665613
4453,23832.63259807663,18741.55483813074,95776.27757781003,49126.11292896182,77372.8501928076,49530.58068789461,16304.56059817401,19849.58890589148,39717.99284703156,143611.4556428703,139153.2271592806,58603.73116425776,66604.15217837895,39448.03737800966,148771.7753821482,81342.4667686447,60103.24047059457,47940.75551487903,196823.263156317,46464.1734989784,9207.26710170758,29817.19304507867,82686.45153406078,30460.67327359227,47059.07780886372,2111.84988857307,50070.00428031169,28780.52090428103,17173.96990944584,23826.17791116961,69008.90671670529
4454,23285.27107673346,18958.01587534995,99155.26015865554,48527.56148894504,76832.93298202992,49518.58795423152,16706.00519533813,20132.2407570271,40002.56233967792,153092.6768827815,137117.2948121573,60714.37208587128,67864.13449478538,40491.7000172542,150925.2026996692,80444.25321073705,60110.58203384633,47408.64338341033,210041.7199182094,47904.19527800838,9232.920643654848,30047.02234726735,83644.39661143579,31472.06107306074,47521.64729175477,2074.59871431841,51430.38067849567,28745.56171813882,17239.11453235255,24142.75614416481,68933.44288692225
4455,23282.63421457284,18932.26931168493,103780.0118332874,49751.2694829633,77351.23216386726,49890.59501354706,16705.98951224888,20415.4866262776,39884.91738015872,159888.3193813867,135937.5346097167,63462.93036084728,67864.11734225048,41209.96202848729,152013.0811133868,79692.58073994283,60118.74051345338,47019.80047266355,211399.8825823645,47906.07262361503,9105.043271096943,29745.97758038371,84736.02074029345,32223.94539998898,48902.29621814294,2067.098208043641,52063.38539184693,29067.44304014482,17125.11144179136,24616.18112668642,68932.52720918843
4456,23844.7188169237,19030.16655993586,105770.3683103785,51598.80947213922,79208.70113031227,50515.72485904965,17082.29949257411,21962.70676342937,39879.92031750097,161875.7315535886,129445.8794965857,65948.4222882866,68101.52317646798,42668.84926844992,152014.6741835841,78579.69868543651,60049.41156856447,47514.77167063983,211550.728704965,48576.53240083643,8767.36415612075,29575.94549814734,84718.35939521554,33970.0966033187,51160.72393145214,2073.648349985045,53284.88499573192,29827.86840342965,17002.96527455296,25791.8354588797,68956.18206272382
4457,24387.2732023764,19138.1021341802,106503.0701433327,56506.54950441759,82565.48179964533,50856.51990818217,17654.27064332215,24084.6873521042,39562.43043519525,164429.7140661828,119634.9381092336,67074.93966734441,69701.03044566078,44704.07162861983,151472.2764551264,77026.68315277145,59449.25837457343,50072.64625158161,211399.8710609192,49347.76786898045,8766.78433857622,29444.61509301624,84736.02186263996,35170.2325598172,51622.12644464339,2153.21539188449,51259.44571248905,31283.42560963001,17043.68066363242,25875.39064958469,69257.9236551871
4458,24665.14563326577,18957.82625474583,106980.2158507279,60996.20120611645,85280.46060135127,50514.93489268087,17560.30495857285,24366.58166129266,37845.49546323184,165142.5637715439,118796.9396267425,66760.8508576529,67408.91762322778,45739.62721662691,149313.0672514583,77028.00763719759,55870.51474569322,50765.63788042697,195528.9436311505,49333.15550511795,8598.112344393696,28742.73561814949,81684.6596249016,34659.80855075609,49817.25940515699,2255.863675253804,50159.75029643437,30209.34228026443,17214.68529852531,26259.80033243961,69241.2175148379
4459,24665.169164332,18618.89440178673,105097.4188294535,60488.10086809757,86561.36981271279,49527.6221759558,16517.84671351555,23520.86788009537,37348.29423457255,157652.397888019,123276.6141950959,67488.57550685636,66942.45894336843,44725.54339302499,148771.979896449,76049.07445366881,53303.45267642651,51086.098163266,195655.2584378973,47617.57703422129,7913.546078142727,27859.38217589555,78448.22165938406,35130.97016718842,48888.16392872525,2322.078118222501,50345.34310368424,29979.56696327629,17165.82683087082,25406.81475986904,69347.22342896088
4460,24636.1165447642,18610.31723888525,101714.7981789498,59815.3925902211,84631.33662080613,48155.45627381785,17084.83042126978,22627.97145900935,36316.87933919728,159642.2388496769,123276.6113924269,70564.64811995228,68124.08495628004,41548.92662976943,149852.2473872945,78935.53113649094,56686.89922836052,50311.61840083357,198189.896507879,49382.11057706286,8850.710355076986,27229.39440215374,78463.07486695929,35131.31827159835,49804.16974993456,2471.093773950597,51372.14793010653,29128.95708647451,17165.82683087082,25789.08301046324,69346.50564162071
4461,24385.34980219955,18550.89213950355,99651.86198567282,58950.59548753736,84290.0687609269,49515.87187755974,17042.54916318628,21275.59545503995,35615.91939663992,154559.224116174,120804.4053169216,68141.68376340918,69428.44832512333,40038.37900434032,149805.2108698125,80383.40366743623,61075.54421103144,48647.68487724458,198190.022246482,50213.43585096404,9185.282663225578,28542.36643274432,79526.40905892185,33210.25618668418,48119.72440734562,2478.81509124726,50152.71824957005,28809.29626074554,16897.10526256678,25088.2430413252,69269.25165164423
4462,22984.33484785505,17888.27076670304,97221.57625560783,56601.95064483877,82646.16506943043,51521.42874892366,15467.39331100195,19110.95932686054,34826.61913335029,153433.1490047161,116180.4973768519,66144.40592422146,69928.25447782553,36922.43144877769,148236.1648338322,79649.2442717493,58984.59949369203,45853.384567705,192884.8441948156,50213.43328902777,9442.050368540564,28672.53025688339,75309.78068625291,29789.55363717506,44789.44055184073,2331.727899464449,47372.3925984075,28813.33645960106,16701.67139384665,24768.05747697612,69373.17139949212
4463,20784.04912582538,16903.90438838876,90271.89324393554,52719.42165613305,79415.36716974567,49323.75132420043,13900.37730587225,17916.40794353598,32726.36355865253,157537.6927859794,114520.8594509541,64481.6323698924,66730.24074297977,33836.82110036024,144474.8273757639,76645.8886547863,57113.39905601874,42832.36391311319,187571.1643363287,47617.90270990711,9366.797433793923,27421.26172173037,69011.57993523467,27542.0434424734,43042.42496747255,2100.661531691057,44409.79342162006,27087.51823145453,16393.69511043554,24462.89283697637,69596.73252311288
4464,18999.67350104942,16071.16188035951,81191.79872221664,50800.87714600764,75918.6781469332,45336.1163204693,13030.36885096233,16595.29294436841,27695.5731460519,134708.6561357154,103528.6238378073,59214.64348794378,58553.86135781362,31098.47290404359,141874.8458855874,73003.12988334656,53114.34356879641,39074.87185112462,174967.1411172377,43381.70577744497,9324.909661462025,26233.56807155624,65315.62222356976,22788.57339757889,39481.18435234262,1896.544692370343,39831.2206358909,27319.62371315951,17016.90867557277,24167.00955248109,70249.28344496425
4465,18033.00464509858,15449.56659961964,79349.24260041375,50579.26742119106,75729.2703436738,43538.34042902252,12477.63532219351,15890.07088250351,27707.52615773745,134466.7194426789,97642.00035155116,57330.64257560375,55842.82744060852,30260.97458355295,140449.9707696206,72004.33382591652,51673.31715492175,37793.52358498661,170631.7871771446,40029.55815743595,8581.19582608136,24772.9007062671,61448.23408563692,21538.26968999804,38370.34959969814,1818.000332386652,38512.45046418717,26989.23494324286,16839.62146380901,24002.38910991747,69589.14286423248
4466,17341.35477654852,15147.64548471565,78243.99532918546,50132.3956088613,75767.59739125927,42623.99522922609,12374.14474421353,15325.80079730961,26767.577018124,132736.7607520565,94852.98999117078,56640.02816456228,53579.99803512818,29287.81830204889,138951.9748617274,69680.33624699032,51471.09579689065,36610.16058461264,165454.405961566,38383.52779738854,8046.240421517845,23541.81249241958,58632.66526013416,21294.30850556217,38146.78154675019,1775.37161300323,36950.3171498879,26989.98062099308,17082.57060540224,23452.37709738708,68970.15043891151
4467,16927.99046807959,14919.39353429223,77160.40638903451,49624.33971156085,75457.69082844396,42294.96993865777,11987.19548967636,15044.75908573194,26145.66257565622,130882.6872793322,92392.687825435,55490.79200268899,50421.06028076571,28942.66348254893,136822.30071765,67008.53861200783,51288.49583410331,36039.6081749915,162012.5755257652,36720.96468169451,7046.103065912042,22704.50330276573,56768.82897497261,20790.3929331393,37706.25132618541,1703.658953450876,36488.22571431762,27049.8491036427,17115.40157031696,23570.53457519536,68527.59640902275
4468,16927.994856871,14812.89780382478,75262.89880035153,49065.45990062022,75207.08899320655,42294.96995447364,12090.82929993306,14767.27355849049,25621.68486200668,129773.4961260242,92858.88004485014,55306.96212866959,49484.15456956172,28942.84933946482,135881.0534057614,66626.55389481326,49337.58162987648,35729.54533837134,153646.4262779142,35331.03753316048,6789.608186225671,21894.84979552803,55359.74881317803,21044.29409354478,37701.73902072141,1661.192021321472,36478.94992911612,26924.18843744939,16970.94532499821,23421.28408640821,68363.89938253789
4469,17194.41452081005,14857.11270421907,76044.79977241116,49065.5040591358,75917.96092977274,42639.09727356423,13217.00434086733,16352.25279816047,25844.98581812803,131142.4376384425,96919.7529761897,57151.28503281712,49065.58868860119,31910.99677940222,137366.960756665,65860.29744296423,48650.06181499508,35335.35699415134,152201.7691617797,35043.68637641723,6698.916087845852,21034.66373073486,55360.9293537195,22336.7205295027,39606.72370349558,1659.094387781831,37639.40690275376,27250.01267237731,17102.26918465712,24176.78740624007,68395.10454120774
4470,18336.6585603146,15350.76636443701,81038.77891645947,50210.44667292039,78572.33235596716,43623.21557392585,14721.37980578715,20925.73120608178,26271.33733632126,136108.2874967499,101051.6616712752,61762.90410012386,50721.32194051038,34944.19135773599,139069.0545358212,65861.42073821147,47716.84859008609,36396.22718732475,151099.8712983312,36152.35818606196,6829.489631365299,20671.92678220848,57677.93092934378,25932.05886339738,43738.55196524084,1659.115244838255,39115.2670662657,28393.5631060885,17437.14502892978,24088.81165187685,68365.55751067707
4471,19971.87710237414,16146.67582938044,84298.92861863606,53403.99348269602,80267.99986996349,42970.77038547254,15374.48833754805,21497.90500513333,27673.38724037527,144051.9239914762,114591.9678579648,60783.22158945278,51324.70487883136,37509.55686483776,138490.1132020832,66625.88997439356,49157.30979703538,39411.16297985634,154288.5162206888,38376.48576588941,6790.16578083555,20436.549661114,59614.26906755016,28371.5376796748,45721.71059250145,1795.081191839359,41166.13190234915,29093.19482059029,17909.91092492609,24348.90965472735,68638.43875018402
4472,22034.37638009187,17184.06243359411,85353.79213328465,52781.5305447357,78963.78805099141,43679.81756579229,15753.66057691585,20675.75138664991,30366.43445658941,147780.5953782709,128125.629218552,60342.76361163341,54376.1081849144,39956.59232792909,141936.6969200792,66627.76878101061,50544.81200745102,44000.65170769248,168319.8919906512,38935.49202011975,7060.899570155946,21704.59933973198,64888.65501408859,31235.03430882406,49248.40249464013,2020.148523411627,44385.08154160351,28337.97412034187,17870.5137679466,23224.59233393887,69323.48519376808
4473,23548.16004759031,18474.17037319249,89827.85532134863,52821.07216415055,79693.0110462271,46371.73507779057,16861.57233495559,20965.28077101675,35072.17490994448,150886.1757060892,134122.3592178318,60872.81997972708,61100.30802511391,41542.34044911835,144711.4873526319,71962.8776248311,53808.78066357051,47012.87081934317,196232.1028231602,44816.0458334776,8278.467416235675,24498.26074371559,72879.26647351807,32477.72600582382,51024.59329756301,2245.574260383839,46920.28500972265,29498.74467570574,17515.93934441906,22533.00314836952,69545.62905506203
4474,24102.23314750381,19111.55660439058,90518.80699218492,50804.11422418992,79543.17366722964,49056.47100637054,17623.5073592865,21261.4739138985,37261.6256331343,154736.3479131163,132570.6410169231,59014.55710840348,65380.15524781452,42864.20355423869,147436.8986720527,74626.89734885214,56396.11623468879,47958.27088180021,203345.9210041531,47540.92003762967,9053.210778051063,26401.93660933073,77583.79900168597,33200.13353860344,52388.25781436583,2287.051386129873,48600.17839562382,29803.19575272874,17233.59304584633,22886.69636054262,69706.5531411353
4475,24662.25272914841,19614.41644063784,94089.57318924631,50809.12120010462,80435.68486109018,50404.69359880887,18209.19442303741,22496.68135714634,38221.47957284586,155858.7056891745,126459.2577915002,61557.02243856021,68493.93738959044,41002.33143587598,149783.3252917692,79607.31398113242,58155.16938515945,49131.07917179295,209721.6163008237,48334.97814361244,9415.45439431953,28272.01418530794,83282.71420977646,32083.66435502379,49697.33304380772,2341.808227271444,48763.23435190211,30423.62265619927,17062.87202767763,22880.19639555116,70059.64427848
4476,24670.66041750714,19265.55007416091,90740.50934580482,51539.01799040692,78908.2404403656,50396.42156279281,16497.76956607446,20751.02417141283,38515.74497626672,147552.3093749977,134290.8347889174,56408.03015211404,66279.93671818558,38216.26967209145,148653.713189355,81930.33159348436,58229.14981426383,48690.12488773271,199617.1262590193,47047.84103893779,9415.461213299162,29399.95047266597,79944.54625619623,30357.91042455445,45712.53038410794,2259.841449126345,49945.78698019255,29416.87159754338,17062.87202767763,23387.94878847118,70148.09660957434
4477,23830.66771504353,18956.26831579322,90071.82682451286,49051.69212734747,77085.23401983814,49730.73695215284,16477.35781167349,20118.86388461617,38807.59531901771,139122.7664127448,137329.8078972343,57723.10133672714,65898.86069771253,38566.5094425606,149218.5340653514,82950.5823821202,59874.20107385446,47330.33838301575,193368.1897460782,46156.3605103771,9796.577047170764,30441.39394197037,80525.92469805616,30225.91910473053,46157.60478737717,2133.831320054238,50361.1393306529,29365.86425075274,17233.59304584633,23742.22246295485,70226.72999545823
4478,23283.91159333436,19179.26901064996,92586.7736044538,48486.98718800421,76575.59562937677,49718.52875249587,16874.9433835365,20401.11225639113,39074.27940138476,147437.1982393354,135326.0454519811,59597.26108267892,67138.51693815747,39555.88260556649,151470.4040795591,81995.06250898378,59881.6005547751,46807.4908584584,204221.5019488233,47541.60830285955,9824.046876236827,30715.35000501336,81393.10391680086,31223.46565658067,46607.56708773509,2096.908223273826,51684.4050647619,29335.17882358021,17286.12259001597,24089.44844467779,70123.52525389058
4479,23281.27764762902,19152.74459932298,96028.93527704568,49641.49773185416,77064.8283404967,50097.21943149553,16874.92785120636,20683.95379833302,38964.02851755769,153396.5472348733,134164.9267186426,62037.86442056208,67138.50006232776,40236.7819030971,152608.0142319997,81195.43309166958,59889.82339671285,46425.41809352357,205336.6520515707,47543.41424003022,9687.115704205866,30356.50525219132,82381.29601839784,31965.06014497733,47950.58687153381,2089.47377524295,52300.14159755201,29617.7101681154,17194.19588733656,24608.70541561019,70122.27296807167
4480,23842.74056613971,19253.59949064647,97510.33995825675,51384.56422166588,78818.12954204126,50733.58059650101,17247.62042144462,22228.96531244119,38959.34552411019,155139.3821080382,127775.846677939,64244.87598353981,67372.0760578585,41619.78042081308,152609.6801284888,80011.54880248703,59819.94751505567,46911.77134556228,205460.5076644192,48188.37179544296,9325.528692687209,30153.82735430414,82365.30809613754,33687.31456885501,50147.46186363517,2095.966228961978,53488.31905506037,30285.17356415402,17095.70299259237,25898.17413808169,70154.62347364447
4481,24384.69486880696,19364.79598293658,98055.68343705733,56014.78453683631,81986.66031546626,51080.4984985246,17814.09330130339,24347.9168200475,38661.81012375459,157379.063363221,118119.9286252914,65245.17570450388,68945.78002344038,43549.13412974634,152042.4869984721,78359.4503770216,59215.05970626654,49425.11075972344,205336.6425916282,48930.27184535073,9324.907823690997,29997.28177719569,82381.29703440133,34871.02618351515,50596.2889996772,2174.832510290453,51518.13315385576,31562.78896585798,17128.5339575071,25989.81825664945,70567.28690670813
4482,24662.25996375585,19179.07366128354,98410.81875713237,60250.55831061434,84549.38178279153,50732.77643729735,17721.03089426028,24629.40873124993,37052.7858280584,158004.1875036513,117295.1714123282,64966.2781441706,66690.64364006888,44530.82195591654,149784.570782503,78360.85936398209,55608.08333162554,50106.03670794551,192305.4594932364,48916.21529073585,9144.29374482608,29160.6428637323,79619.0531605878,34367.58753170626,48840.61303106014,2276.576752640452,50448.43710211265,30620.01227630885,17266.42401076107,26411.44241018092,70544.43949885336
4483,24662.28346879591,18829.90209817021,97009.46962536151,59771.18970270792,85758.45698131174,49727.72528646836,16688.59364032218,23784.90218805362,36586.83407692833,151435.7853925107,121704.0623461088,65612.46681118042,66231.70988689802,43569.48897111564,149218.7479289065,77319.46992702747,53020.76968295854,50420.91745523998,192409.1731156471,47265.89213295638,8411.259750651978,28107.68734843978,76689.269592887,34832.30111247441,47936.8397531205,2342.208033664789,50628.9669927067,30418.32698172551,17227.02685225127,25475.87981628718,70689.41376007447
4484,24633.26298236971,18821.06580452816,94491.81506242564,59136.52129852991,83936.66099143462,48330.9065321768,17250.12702071118,22893.2803571593,35620.24439665407,153180.7501605323,121704.0595877249,68343.88901002714,67394.2738703003,40558.11416805233,150348.3992294941,80390.0834788967,56430.90827997921,49659.92216372142,194490.2948978645,48963.30826275203,9414.77585564589,27356.74319721119,76702.71545032202,34832.64445293583,48827.88013018231,2489.911282980644,51627.76088845215,29671.70412498439,17227.02685225127,25895.15522678602,70688.43211022767
4485,24382.77359597322,18759.84537139947,92956.38994188338,58320.62618448326,83614.5315994588,49715.76387776221,17208.25220587254,21542.83484047758,34963.34032264898,148723.267479149,119270.9170041691,66192.3992817611,68677.59520659171,39126.14254633785,150299.2124645503,81930.33074515853,60854.17532862608,48024.95939481183,194490.3981383818,49763.01248756051,9773.036096433587,28921.80320026902,77665.29810315775,32937.87287303028,47189.34380383127,2497.564597312913,50441.5968873981,29391.12182115395,17010.34248350801,25126.46736087614,70582.77913590186
4486,22983.30820970672,18077.20507520699,91147.549817696,56104.79099511715,82062.81882815975,51757.35334325939,15648.23808514936,19381.28868322018,34223.64818464096,147735.7707728785,114720.0717397323,64418.90115171188,69169.3384700823,36172.28104657306,148658.43838753,81149.33174280234,58746.73512663442,45279.3106615644,190134.4619861466,49763.01002307236,10047.98311892237,29076.95821519609,73848.19774499573,29563.98400966737,43949.82576407201,2351.772827629951,47737.11769416954,29394.66810587691,16852.75385099915,24775.28482421607,70724.90034484737
4487,20785.45607520356,17063.09930736205,85974.96236166885,52441.80875084429,79013.20564926173,49520.19161379685,14096.28556438033,18188.44249597511,32255.39527929318,151335.1962672348,113086.6578626302,62942.42865928304,66022.91519746292,33247.17866633722,144725.15354145,77954.3610670211,56860.77276921986,42310.88901229612,185771.5452335753,47266.20542094374,9967.402228437135,27585.44865381432,68146.7552137272,27347.23189326759,42250.42452776409,2122.741500948289,44855.33734295514,27879.83108028366,16604.41633577847,24440.57737857612,71030.64374607954
4488,19409.88067492219,16507.20466796492,77301.00443957093,51292.39659317741,76301.15053172557,45050.27635509519,13374.08338130002,16505.29135065842,28603.89669552856,155734.1784815259,133458.4167724976,60753.68617773202,56821.67049450835,30848.49377105829,142534.9258445214,67736.0440122734,51163.01999656702,38864.17621681173,192005.6609910141,41745.06741728474,9433.531474931759,25314.85957179316,64455.96289552811,22890.30584743705,40225.93825171632,2033.456741592814,39669.06874040502,29236.02636480037,17513.83388765078,24182.7857440228,71985.73907287625
4489,18134.13371523855,15625.44209657435,75848.48338391584,50401.32019858799,75382.18063593375,42781.88499956038,12858.03317641903,15603.83748540115,28032.45279807028,154968.9311334055,126395.5604957869,60351.89630947364,53503.36492270805,29539.32750612309,140331.2283696046,67357.14068748034,48749.99547038355,36218.60918135232,185206.6341563858,40115.9132723657,8714.178915881155,23693.22701091295,61016.31319018305,21720.602026988,38657.55011601673,1894.019734689601,38345.57957374395,27847.31676260675,17394.81402503913,24816.58433572119,71367.76976549804
4490,17627.39065748116,15369.6374241137,73032.3061012678,49075.33685966636,75202.56548685621,42279.86086693101,12223.40715165672,15267.56818355912,26689.21410478756,150738.8650693378,121119.3134435464,59566.23170616177,52073.00543484558,29346.13937869202,138853.2827550492,67712.94054834949,47590.17117418021,35841.55177345935,177935.7607668626,38053.83151556581,8162.782303016869,22589.2563414566,58732.58175916751,21349.11228764315,37884.96332339068,1823.649987624025,37164.47960264489,27753.62262098723,17207.74550352052,24594.55467854881,70496.3911243839
4491,17445.57010956873,15153.65465435742,71203.5277235184,49100.44110309334,75157.78201605561,42445.89342239247,12370.02953373372,14942.35052137454,25803.77951389865,148074.8903303808,116914.8027405301,58918.8058912815,50275.41585216588,29162.12884701875,137599.1622363186,67113.46248249673,46472.43579089469,34941.74932626337,170327.472210676,36850.73198174796,7712.044940652881,21802.57275465514,56400.45424928715,20788.45388114488,37260.65510847269,1755.273933143435,37176.53956024673,27668.51237994624,17244.1491875064,24816.52717587186,70246.25466748631
4492,16929.12543263284,14902.15603845412,70271.28559923338,48853.80906305657,76135.98749844235,42437.22052800909,12506.74104917382,15250.13953455063,25787.23668540175,146972.6775968074,113398.3505717797,58915.79977950791,49783.80839373729,30096.98024139197,135845.8580350617,66922.21312898475,46359.04963673172,34620.44378089702,166547.2717341571,36251.49851339819,7391.883821885757,21244.46902017273,55256.06767563591,20793.89297183794,36823.13100990387,1689.571549033525,36588.10918683814,27342.31716063407,17221.67673852899,25027.89156984753,70243.45980134094
4493,17420.06588188474,15025.2848323173,70205.65220648113,48853.92625326385,77398.12834190227,43319.30845436724,12943.59900219005,16482.62364340908,26947.44727881258,146877.0316998658,111026.6760958185,58916.81286875097,49624.63994428213,32097.42903468385,137887.7046148679,66714.9572122832,46913.41283516397,33600.23307936158,161889.8863233599,35750.98636468431,7213.043816634502,20669.90504705261,55226.34527505796,21349.84952877988,37734.63876692275,1678.023266282828,37192.36251680429,28173.08870227703,17540.72990243562,25345.04228279053,70069.02152357053
4494,18465.82845556753,15399.54045112082,72350.34074273953,48940.04114784003,79309.58606211253,45428.11599364113,14746.00577130224,20313.36362257808,28795.50251078175,148349.4012701361,113396.1475159498,60723.95831532407,51258.53791586801,33849.24613229343,141835.2510342458,68137.2968587507,46866.41703596221,34604.60280845901,159007.1048707184,36936.78912727105,7440.070115776944,22251.44186894645,59189.54389066686,24852.95010983753,40197.4905932796,1690.124376788651,39620.00457498731,29493.95267120477,17744.17480922179,25450.53836663505,70213.05881698806
4495,19712.874710317,16541.80599620637,83352.33559242258,49895.82041409153,80852.76798679944,44517.63812322065,15689.34178523897,21444.96561074061,29565.41509357825,144341.1727558064,106549.5446044281,64056.14541427652,55449.58307259167,35069.46729211009,143847.3818516539,69586.79495260866,49933.7886696046,41005.90662812774,155639.4206468445,39462.1244985667,7773.204198804909,24149.45345442758,59865.79681104085,27920.26066334797,44178.72517559214,1838.101616524893,43564.9979091832,30511.92570650439,17920.90283023095,24858.97588628763,70148.05278188315
4496,21208.51035396328,17050.56126910598,81451.18749305145,51293.24938755813,80488.01268582058,42542.92499018611,16079.75856936569,20723.0833512914,30920.73555957517,129161.9364106698,101602.7770972213,61582.22358060126,59927.6090951943,37037.47822932455,143996.0869144828,76984.3605786345,51992.30082613395,40145.7816677485,152434.329798543,40604.07505587133,8098.8377305887,25768.83538982275,65209.90773074276,31484.52631856931,48160.69384783876,2032.944951989404,44684.34314451732,30283.28565776637,17391.50916005015,23983.20221361214,70570.08570046687
4497,22326.89158464041,17870.5819943039,81997.62051554372,53730.96811121918,81359.76194284567,44069.73196639981,16121.61371896935,20796.96477426824,33404.94647541353,128392.1192250595,105190.2407890615,58893.91914430678,63371.99571367985,38738.06810421355,143996.0869038943,78751.5571858337,53049.21251135142,40499.32110759558,155789.4838500595,42654.06440076787,8935.194837387122,27502.51807043149,72384.8296648673,32581.47629574128,50540.78699775573,2241.021743794402,45445.37866763873,30862.8674018301,16965.49071821518,23057.02861076733,70673.89802720933
4498,23007.48557042037,18444.60495389092,82613.21561540966,52274.56689137137,81967.44287284763,45606.34901286252,16241.0355065709,21778.28696225437,36047.55729963945,131088.5638619723,111508.2712343298,58066.70717284278,65339.36033944147,39859.3635118994,143181.609762842,77858.3083469476,54079.74003311379,40497.07724533226,164463.0059944009,44040.70902366962,9708.87206149919,29544.62876683249,78004.30211727192,31455.6331839246,51491.42815065077,2363.806771792906,45683.07989688306,30254.8343782576,16625.89686346849,22597.04346568643,71171.05734185173
4499,23338.88164185581,18621.43524428342,85725.27078840551,51292.3963453856,83798.15530192031,45202.87224565494,16670.65773184213,22910.85828489088,36718.70684896105,131557.493326525,110802.4688250909,58176.54197842073,67283.17014182413,38441.20791855779,141956.3300699234,78626.68650135369,54773.03489732247,43025.24998439813,172205.6877804646,45408.41986778741,9654.644566930267,30715.48509682524,85823.92580420323,30308.032258849,50036.83993812439,2398.736912505302,46029.73494355071,30512.0440845553,16635.85589020797,22701.69228666374,71028.51164249108
4500,23016.5006278153,18150.99507625537,79998.27101521156,51292.76540462056,82305.69853212991,44155.2705648603,15889.84589415937,21452.86439409722,36271.01420319103,128887.5056435022,106554.9762134546,54417.7223144802,63344.56833353958,37233.77809041891,136213.7280798884,82204.6481333284,53952.38406247072,41306.07492368632,175977.4632445478,45430.15106468487,9412.513040001848,30746.44093751054,80652.77947376885,29025.28601818303,46035.99026140811,2362.221109569239,45522.1966617791,30145.3155264487,16998.2994394274,23126.45480045482,71059.84588161176
4501,22684.05078393104,17505.90179925882,71543.7177969891,49284.74396683916,81301.95251052667,43667.15151555463,16004.32412269061,20473.47631094367,36231.65138877723,131696.432420741,102960.2939969885,53500.80646331487,60749.37361444435,36443.85764138665,137036.3013483018,80634.81456345612,54784.64992146898,38864.13857442168,177741.5216568896,44263.21930205222,9473.221668075534,29351.66108168107,78156.04102150239,28730.23243551263,45562.03395101189,2195.491788057572,45234.4119684479,29966.74098178988,17184.31322435041,22704.14340047467,70430.22643207374
4502,22192.80953443504,17328.09017287767,73936.11550126242,48431.68154956234,81646.90233038421,43182.1185953286,15354.09664214504,20617.62216360567,35742.91856101689,131940.6381224041,98766.94715071478,54014.33971148701,61322.95303251068,34144.46775644004,140328.4841616343,78066.45956611067,54819.57786297164,38373.7985043654,181634.0377633633,44492.16360256067,9655.059731458916,29101.40715660273,79424.37367623106,28852.63711120821,45535.81683484781,2175.742072621815,45807.03501761063,29816.35142431389,17253.21947025683,22703.92241682835,70116.91116807619
4503,21869.56610212609,17286.30382394674,76829.08349629598,47969.63121647474,82129.1849598436,43336.36936850219,15888.813094059,21123.54228511597,35070.71049401932,132961.6360247942,97987.7345051967,55589.91926457555,61276.91971542676,33839.02275909962,144027.2787845673,77903.49766840231,55931.79345714988,37883.32108531196,179748.3988100657,45407.94404657593,9710.439278032294,28144.32180240832,80556.88939535685,29210.1236903153,46984.89487359623,2134.355608135281,46984.28099020205,29381.01578708219,17207.30187009106,23338.38149216929,70318.49445922213
4504,22684.84617576208,17824.58058558668,80067.40593919146,48854.8249610646,82517.87562787882,44855.06311150092,16811.69401739487,22510.65316529218,35166.18267240991,135548.2442167698,103011.0517077157,58065.88197069231,62711.0790336033,36378.44245067865,144809.4161106698,76036.99082784592,56400.58303873322,39189.77941288864,181634.5514114945,45643.08727675027,9763.137319686415,29423.27230000239,81708.63710317723,31066.23419550281,49830.31186912771,2176.211605365233,48072.77350657263,31217.18385467423,17191.80230464161,24488.88585351868,69569.55163684973
4505,23635.74032101034,18493.42831287034,85546.50762376457,51732.08798408215,84797.76631853175,47331.83772912966,17696.34526504502,25363.07126288002,36702.05390490262,139475.2578999162,107969.9721539342,59961.99334678139,66299.53561484769,40614.69906964235,148466.7894178958,77632.87054401965,58234.95543244378,42800.61192419348,182498.0870797301,47918.07729148191,10157.30315895988,30992.09000474055,84007.47313208856,32768.37022857866,51961.51188643164,2242.427663889292,49485.90983919923,31695.97547138818,17390.42374445752,25979.40008468858,69538.27628029037
4506,24337.62667411409,19331.57701907978,94494.17716847888,56274.14199988134,86236.18252419474,49174.56043289426,18529.55277172552,24700.38777045683,37964.44225048216,141846.0414862198,111506.6594712517,61315.13044564416,68932.08873600778,42641.43996326259,152958.6975075298,84677.97363624164,57760.05224681786,44810.33553678895,188235.2118483722,48611.28502940475,10319.3342545186,31871.62239223911,81849.59631768936,34083.99753438334,50810.73291130164,2307.901872597007,50497.96468975549,32028.31174237836,17013.74268633454,25773.4169620776,69885.19567562471
4507,24648.54862994425,19718.58627455739,94138.44138970254,59729.43970674487,85843.36067803523,50041.39228829056,18153.542244785,24671.70987537957,37867.79079906439,141412.7086505372,110144.0991963171,65508.98282939267,67763.60648266545,43244.58111465246,148552.4817133946,83137.67847722779,59660.92113543344,48670.03826743567,192007.8903215491,49301.30917214961,10768.91941558106,32653.52259749752,78288.79078787152,33166.6087752526,50293.40029628599,2329.015747307058,53146.67962389205,31999.18713447377,17455.40182282384,26380.75001029083,70794.31625046201
4508,24648.54863184151,19362.8694510068,91415.53519895059,57721.25580565043,85959.53774349738,48875.24470489816,17713.52325442302,23723.40888181363,37103.53001191672,140980.3378859052,109991.8843798577,66777.37813338357,65824.52159909983,43619.81534012051,145958.1007710138,81226.92367595587,58547.55213237296,49322.36393660774,191063.8992571816,49300.32303949681,10759.80215332325,32763.18902939579,79408.58158641087,31832.5420363806,48645.19435129533,2506.840347648405,51914.65116591565,31537.11864703438,17193.85795752007,25568.97663087913,72241.11242398492
4509,24319.71806535759,19357.77927785486,91449.6792459851,57278.02074706968,84477.62190656451,47957.03779072774,16790.49982817753,22263.0611250907,36230.07603544906,141779.2577207946,107511.2163207229,64722.46557208881,65159.91702500268,42525.60225733503,145217.8196861219,78774.70612995629,57358.1282727331,48037.30390244289,192948.517339597,48772.00864683822,10541.15523181837,31577.57137147093,81011.34194085987,30333.59460601015,46981.43542569198,2528.77600803327,49700.42417875378,30716.9154427076,17054.81902614879,25134.16047008031,72400.694736184
4510,23149.67570916568,18865.44719446092,89475.00643116109,56089.29984330509,83227.87797704888,51020.17329508653,15681.84772091015,19986.80296961946,34512.70872718582,141794.169822078,102306.3135953859,62470.99079939656,63344.11366757058,39092.17620754732,143146.6617557302,75189.20640965625,54192.6076603112,45275.94708132822,195810.5898846014,47677.09526230787,10319.76321547188,30113.4720048975,74055.6950448319,27365.432692672,44141.58293625997,2469.743015402546,46267.39110781278,31016.78292215634,16954.68231547153,25229.60299979077,71938.19693333865
4511,21219.7355013589,17734.98156537363,85247.32842559743,53324.81704059496,80759.43274855184,48494.14186575379,14180.71478868455,18531.10249627616,32315.60884979253,133768.0920829129,92474.92823548698,60005.34535856664,60238.76007069812,34147.39685646371,140238.8598224995,71607.11652694158,52412.62908674756,41818.75174110379,198412.2245502444,44556.77713887865,9876.640323987522,27312.45546620995,67912.71057059073,25324.27116968329,42004.25744617342,2224.006157367327,44141.69281130957,31067.0223019046,17417.68430707621,25142.60380212156,72099.39196698868
4512,19538.18452326104,16655.27883145169,76885.89740757842,51393.65030170993,76634.44121188961,44880.36003121756,13346.19908081791,16954.37204713202,29058.87834727617,158642.4256075609,132591.8291637385,58852.45052987266,57273.32339793935,30336.25964512031,143886.7604705271,68812.27095339827,49023.94850506126,37411.50065920268,201009.8774804414,41617.74186957727,10188.89423814411,25942.33844310861,66479.35619082864,22123.52638216887,39335.60514937809,2033.651140791641,39580.38216517347,29167.05644149578,17496.6219705133,24156.39896752498,72287.68944215318
4513,18196.55817356587,15741.27567612295,75314.93406474889,50547.85338681847,75757.7268154103,42757.81363726522,12831.35315432261,16006.92419387821,28430.37010642313,157741.5401014558,125556.2833617986,58490.41324830451,53953.0801616737,29023.96588668312,141518.1292661403,68474.64671310088,46706.52624441854,35099.8194227666,192785.3020430127,39902.90685734629,9358.400437968157,24086.06338704329,62460.31480066862,20916.94263282164,37752.80666178742,1890.061685165792,38485.05314048097,27605.78047058924,17376.88799751305,24703.15331413886,71505.20876667486
4514,17663.64697699051,15476.11781462728,72269.11847348759,49289.2490470928,75586.37061784253,42288.06686725151,12198.20812190832,15653.49775640387,26952.99570113874,152761.7055207205,120300.4383687764,57782.48131751626,52521.88544128299,28830.31624826655,139929.5681587882,68791.68446353363,45592.65333791015,34770.34883169758,183989.9482162627,37732.37559996245,8721.812074362153,22822.35342846464,59791.90030165787,20533.74008641069,36973.12134087319,1817.596319635622,37507.56642430932,27500.44353643522,17188.69707867629,24511.61663083559,70401.85793750655
4515,17472.43724206325,15252.2378956344,70291.21682282409,49313.07763437236,75543.64635260284,42443.42445182946,12344.48833928132,15311.68683545443,25979.14168049863,149625.5479935483,116112.1855618549,57199.11100245015,50723.2461887094,28645.86613014997,138581.5841326052,68257.51568401966,44519.20181239639,33984.10663643183,174786.4335512847,36466.0023655917,8201.434993275516,21921.84047970957,57066.93764782277,19955.40451941562,36343.07698139978,1747.184019065185,37517.54733078795,27404.75717118978,17225.31918207847,24703.10400447412,70085.13194251282
4516,16929.32343608655,14991.54353645568,69282.95728800254,49078.97804443475,76476.87260196164,42435.30917637063,12480.88081846959,15635.17986269389,25960.94688642777,148327.9708392336,112609.330721788,57196.40231161304,50231.3516650053,29582.95080973642,136697.0554760406,68087.10171966058,44410.30793466958,33703.35170169354,170213.6403054359,35835.25386629741,7831.808416087254,21282.98179741079,55729.78491430436,19961.01510076681,35901.53291093899,1679.525011050107,37030.55817874896,27038.02768582274,17202.71190006629,24885.44016400376,70081.5930470965
4517,17445.61597971986,15119.17438602247,69211.97198030048,49079.08927969627,77680.978474105,43260.68374970961,12916.71929976496,16930.54778790004,27237.01601994563,148215.3719488425,110246.826976959,57197.31516707435,50072.09027201566,31588.17851520283,138891.7222025533,67902.42500440155,44942.70766893994,32811.89746736854,164579.7431928097,35308.4186620668,7625.337314099903,20625.28115847089,55695.0559249099,20534.50057223568,36821.41560221747,1667.632819225187,37530.64252190131,27972.03407796643,17523.67935940118,25159.03422543675,69860.71705893755
4518,18545.38158270888,15507.11420971725,71531.54391292861,49160.82830072852,79504.54474025128,45233.90668018137,14714.91988991677,20956.7398200361,29269.61790441833,149948.7153034387,112607.1361846788,58825.66390496425,51706.94232874257,33344.1805637511,143134.7191366298,69169.80987848704,44897.57380890456,33689.50995122523,161092.5303749231,36556.58544924645,7887.43957750676,22435.65881340463,60325.83540481023,24148.05142121071,39306.89611382482,1680.094302073894,39539.7763137558,29457.03365762343,17728.34492060804,25250.04175235183,70043.09893017577
4519,19856.82512718375,16691.14531548876,83430.66960171722,50068.04025205087,80976.76903829964,44381.96747845636,15656.05449174035,22146.07841599001,30116.41389817447,145230.0384173492,105787.0075448621,61828.16858287041,55900.43477041235,34567.31673432724,145297.4460515854,70461.39446148997,47843.4184235508,39282.93235569121,157018.7454609377,39214.73386683422,8272.043464851205,24608.30362040042,61115.999726769,27312.07209325244,43324.7102837956,1832.478319564252,42804.68078748444,30601.50391730448,17906.1332966957,24739.72291974461,69960.78745345396
4520,21429.69518094173,17218.50261076048,81374.49701697276,51394.4597618871,80628.78568756672,42534.21742889555,16045.56018138422,21387.36427278543,31607.07656106163,127360.3208016457,100859.3680736665,59599.0134790892,60381.07565524233,36540.02909227239,145457.2808093393,77053.04280846858,49820.37383514379,38531.36011985337,153141.6447953823,40416.74216298591,8647.987952534353,26462.00239621013,67360.29923974334,30988.71650764401,47343.26528851959,2033.124110040044,43731.05884617747,30344.45218127727,17373.56330357813,23984.22571849309,70495.17095642835
4521,22605.82945795626,18068.50640382675,81965.48758768057,53708.3073605496,81460.4507151742,43962.85919907171,16087.31765589444,21465.01527445346,34339.36058678334,126454.0554659073,104432.9598512543,57176.68651907316,63827.47356093788,38244.68154036203,145457.2807979585,78627.71469156064,50835.41145298777,38840.28084591345,157200.2723419524,42574.54504142608,9613.563709776263,28446.54068976773,75743.80067002059,32120.25253681968,49745.2267368782,2247.397450577193,44360.89724477945,30996.05497048058,16944.98878254443,23185.25038199474,70626.61945813001
4522,23321.56921954103,18663.51781995687,82631.27988869407,52325.91224148804,82040.18964050607,45400.68030648204,16206.46075534465,22496.40649278542,37245.86232349073,129628.4380983676,110726.5598955179,56431.31786473763,65795.98699365632,39368.65563309747,144581.8448574471,77831.77957858662,51825.1102286212,38838.32017199298,167692.3675960878,44034.11641242849,10506.77543173137,30784.1350615753,82309.84498028352,30958.91239302923,50704.60238171658,2373.839029616152,44557.62046862969,30312.46543691514,16603.35738974097,22788.43839669694,71256.12896887273
4523,23670.07853657168,18846.81369644386,85997.10001130468,51393.65006650951,83786.72339501894,45023.14485379646,16635.08039452054,23686.76388060638,37984.03281488913,130180.4841251051,110023.4866652593,56530.28575211955,67740.93184858303,37947.11217946515,143264.860222404,78516.44786642534,52490.93725775943,41047.4229484618,177058.4536531621,45473.75823479126,10444.1696934575,32124.40871667636,91446.64492953868,29775.12842761439,49236.64941111668,2409.809393590685,44844.51464482391,30601.63700546492,16613.3761699056,22878.71502161659,71075.63577319049
4524,23331.04981320677,18359.1724515984,79803.10600822061,51394.00037223442,82362.89183950225,44042.89814088088,15856.09069509203,22154.38021114888,37491.63361614495,127037.2478747312,105792.4181510796,53143.35900123725,63800.03016507553,36736.79789803516,137092.4584191642,81704.61355082081,51702.8000083182,39545.21768330353,181621.0554183731,45496.63232403179,10164.62841788801,32159.84371982673,85404.44502054974,28451.93811100106,45199.03992323347,2372.206146204793,44424.47236176574,30189.3373535344,16977.99435366171,23245.14175991456,71115.3115892868
4525,22981.4323070692,17690.49211770044,70659.14686620371,49488.01526543108,81405.29944003608,43586.16243458607,15970.30177198771,21125.02177956532,37448.34003412877,130344.0498225466,102211.635761275,52317.1616567857,61203.32002900649,35944.99039222671,137976.5964343117,80305.80326930391,52502.09210315077,37411.46776749909,183754.9830879097,44268.32900498254,10234.71663624218,30563.24587297957,82487.14353939316,28147.58169887945,44720.72890174351,2200.511607972591,44186.29970768724,29988.57245268617,17165.12420756114,22880.82950585135,70318.07935414735
4526,22464.82342991034,17506.17902385907,73246.62680685634,48678.30067179637,81734.38799290053,43132.31443641684,15321.59169206169,21276.52224334232,36910.80238399543,130631.5403675017,98034.50364297624,52779.88656811557,61777.23437839017,33640.10744874644,141515.1796704251,78017.25405885212,52535.63622517626,36983.01143876918,188463.6411264465,44509.31399930432,10444.64900163921,30276.78139883678,83969.12044765943,28273.84570687574,44694.27090268769,2180.173743935144,44660.20660602491,29819.49491337076,17234.44388585577,22880.63887152253,69921.35554200424
4527,22124.88775312127,17462.86480752498,76375.4948218725,48239.72913222575,82194.49460396056,43276.6477418516,15855.06030518125,21808.2554262779,36171.46767142784,131833.5075671085,97258.30403729102,54199.58025219732,61731.17418098412,33333.93276773638,145490.8072065181,77872.04581360584,53603.78665158703,36554.43509527666,186182.6411839012,45473.25738907603,10508.58478598736,29181.21035988803,85292.40274094074,28642.60358337363,46156.66307202703,2137.554786185825,45634.50372568682,29330.06280415553,17188.25078347902,23427.96299267856,70176.60289480594
4528,22982.2687728203,18020.82300913375,79877.87837097494,49079.94232023225,82565.3127406635,44697.6979146336,16775.78755133991,23266.13949145171,36276.473694167,134878.5855224224,102262.1972033648,56430.57430705501,63166.17095053098,35879.41892985989,146331.4828880984,76208.88290946164,54054.00313307341,37696.01085637638,188464.2624709278,45720.76732866623,10569.4247681693,30645.218892954,86638.15655463838,30557.2359316652,49028.22376199808,2180.657259413019,46535.34785526078,31394.400141457,17172.65822178117,24420.46008655868,69228.28187214739
4529,23982.26695533789,18714.12634611666,85803.76004035841,51810.99905451011,84740.37092270805,47015.22968464904,17658.37433633442,26264.09369332376,37965.71690912529,139501.6524538042,107201.9426208935,58139.08679674336,66756.72294603186,40125.79562707734,150262.588967854,77630.90177686908,55815.69903519381,40851.13550542817,189508.8552367841,48115.40416638026,11024.4899259131,32441.0370351591,89324.21994505521,32313.03910233383,51179.00524737145,2248.845239120288,47704.869510567,31932.68823643827,17372.47137557207,25706.27098178036,69188.68061390657
4530,24720.39861904095,19582.92094793561,95481.04547713269,56122.25148714046,86112.64677353702,48739.47555623828,18489.63743182859,25567.59875721976,39354.16725723926,142292.6514376735,110724.9543647648,59358.34620461427,69390.81329892833,42157.37824259701,155090.6898253671,83908.48612012387,55359.61116618216,42607.2204215879,196448.8801258337,48845.06925267486,11211.55511196711,33447.83356311545,86802.85963953924,33670.14720066594,50017.65291377037,2316.269276645708,48542.45328557571,32306.32188406194,16993.53025891012,25528.5770438452,69627.95440882913
4531,25047.37654007318,19984.08072963298,95096.30209182015,59401.97044080353,85737.88741595995,49550.57493921962,18114.50438026954,25537.45765829725,39247.8641993596,141782.5114522887,109367.6628035849,63137.2640824882,68221.64873152795,42761.96024995929,150354.6948251255,82535.99622925326,57185.16902075095,45979.80643474404,201012.57423361,49571.38331138682,11730.60197461575,34342.87099783856,82642.25433592059,32723.83382693002,49495.56704612719,2338.011924764028,50734.54855811614,32273.57814094123,17437.83931761136,26052.5005556709,70779.0945593132
4532,25047.37654206842,19615.35754985907,92151.36315618042,57495.83112615706,85848.72250021879,48459.40416663382,17675.51223836992,24540.77244209257,38407.2843891286,141273.5040626162,109216.0365675442,64280.16594261018,66281.43155444905,43138.09087998132,147566.1398051483,80833.40589562044,56115.9108826735,46549.80484690251,199870.6570283995,49570.34531580791,11720.07607923327,34468.40563924328,83950.66825977355,31347.7049133306,47832.2173831272,2521.132160395742,49714.91306485923,31754.09125526498,17174.72620842515,25352.21401437489,72611.0464598705
4533,24701.565212297,19610.08126067078,92188.29139626228,57075.11877489783,84434.94719097397,47600.23285573147,16754.64282185293,23005.91480773519,37446.60736613915,142214.0304186493,106744.9606931841,62428.56385822681,65616.43889654259,42041.26380965448,146770.453057012,78648.34170684832,54973.61112576687,45426.92679132644,202150.4220545682,49014.24568532053,11467.6478221113,33111.23476248075,85823.4055309637,29801.49673738701,46153.17183871175,2543.721067052658,47882.40309999537,30831.96646246944,17034.85305373067,24977.11437072055,72813.11163358229
4534,23471.10203665613,19099.74764900257,90052.59870245031,55946.8019670732,83242.66820562698,50466.42576512523,15648.57791590317,20613.51738622417,35557.74389132392,142231.585652189,101560.1841546187,60399.84718162688,63799.57523361257,38599.6355796337,144544.2811985882,75453.45916045253,51933.50612304122,43014.06910716378,205612.5839383679,47861.74835226659,11212.05034814543,31435.28720238965,77696.11491557544,26739.7507915712,43287.22678152817,2482.930065696082,45041.20057257504,31169.09662228118,16934.11553018229,25059.44907239789,72227.49097434104
4535,21441.4999933388,17927.94790891268,85480.18500409454,53322.79459800796,80887.72548263453,48102.80412274054,14150.94809621822,19083.54414898477,33141.24179013623,132782.9059228877,91766.8145480238,58178.14961474141,60692.40832172537,33643.04354615585,141418.8474792945,72261.61497172985,50224.04899772651,39993.1917332123,208759.7020611013,44577.32570629213,10700.46418714046,28228.976933453,70518.37561766943,24634.232898601,41130.26354252171,2229.875138197706,43281.95758022521,31225.57893958519,17399.89549955387,24984.39811756681,72431.5981966712
4536,19093.75743617455,16328.11856145463,75672.9241428707,50284.24324655066,76444.42494403567,45283.40595957317,13145.00534354454,17978.64945896809,28533.55845347018,133639.4663127476,101515.0107597739,54944.24730796301,59632.49021026106,29725.6267809049,143417.2634189177,74255.22950248414,48587.48794434984,34901.72368364449,180109.8365544202,42375.43335087518,10374.48211734271,29224.00464682482,70856.78060514708,21560.87012210246,37431.1910334004,1907.933881886029,39166.90992175903,27365.93338651588,17132.94712897661,23993.71586490496,72715.19255713177
4537,18081.89172402851,15712.70444762207,73448.69056441565,50085.74969294137,76245.37160978999,43505.23738236255,12637.36878627889,17180.52518042233,28546.58522507361,133353.3259097326,95659.44004937433,53369.57355073882,56899.35745951744,28922.06554802163,141985.6947672203,73348.34995341842,47147.90750096871,33855.67277429254,175466.0823182384,39391.07145447596,9643.867848096515,27229.95942500035,65641.65409518957,20266.20932346827,36189.24411247909,1825.67731414859,38091.13123556393,26965.70588521662,16963.78919940813,23872.35476010364,71763.6349104112
4538,17357.90358425573,15413.78564766783,72114.49614608954,49685.49120198122,76285.65044985042,42600.86442312064,12542.32190024649,16541.92114489432,27522.19881245602,131307.2903509185,92885.1421151896,52792.34857048278,54618.08273321675,27988.34348288909,140480.6618291895,71238.22360607465,46945.88905810567,32889.61383828947,169920.4022458852,37925.63769567608,9118.334997434373,25549.3265657997,61844.89331018658,20013.59311513229,35939.28825332539,1781.033852234191,36816.83055711634,26966.60918693239,17195.59821356936,23466.87616670904,70871.39014805574
4539,16925.21231900001,15187.80344324506,70806.44648757065,49230.43075474309,75959.96199577695,42275.42762336176,12186.94344537457,16223.85648778326,26844.4167093343,129114.4632768321,90437.81839318648,51831.80125168813,51433.39508352858,27657.17501901623,138340.9832645011,68812.30430414823,46763.47232177114,32423.83347030581,166233.7333170445,36445.48509642307,8135.813779662829,24406.26523062121,59331.53243863925,19491.80010317719,35446.76211503095,1705.931868599396,36439.88230022824,27039.13287841102,17226.92375586573,23553.98395128331,70233.47197801867
4540,16925.21691299051,15082.36671033651,68515.87848577082,48729.84785024316,75696.5983433101,42275.42763900511,12282.12187750663,15909.81648788481,26273.36916244499,127802.6142983033,90901.55138236047,51678.15372608653,50488.85224051972,27657.35334464243,137395.3143212408,68465.4726106284,44814.51572522431,32170.70828898385,157272.4485990998,35208.05581493923,7883.836728581709,23300.95833747985,57431.404744097,19754.70892853831,35441.71722076208,1661.457840419284,36432.31563529174,26886.9096219885,17089.09137005372,23443.95384852531,69997.51139349527
4541,17204.09309827552,15126.14193609427,69459.74683067642,48729.88740257186,76443.67120282381,42615.80175809185,13316.41343194113,17703.59249203642,26516.72963349053,129421.6720408536,94941.00263160793,53219.66406081422,50066.87444439664,30505.22558254524,138888.2019147175,67769.73267417979,44127.68578899913,31848.9057885831,155725.0241683424,34952.2318058914,7794.742055292139,22126.66639864317,57432.99668885531,21092.9868458219,37571.54783286825,1659.261067342546,37378.95130030157,27281.60772096098,17214.39353923919,24000.92427180933,70042.49197523206
4542,18399.74305778621,15614.88668570306,75488.20695238387,49755.40073813039,79233.21563350855,43589.18684256573,14698.04841896254,22879.55670551269,26981.38105326378,135294.8211772491,99051.11492084748,57074.11841698697,51736.10430853408,33415.50912020401,140598.2915002428,67770.75259559396,43195.40897911658,32714.96559418005,154544.7415566028,35939.26408471051,7923.015713173623,21631.4722865703,60557.44551832032,24815.87718878227,42191.05705801082,1659.282910156909,38582.87518467288,28666.88583682852,17533.91407270633,23936.0669881149,69999.90149729447
4543,20111.41667216776,16402.88159691943,79423.68243265097,52615.82780384144,81015.23446602112,42943.85750091665,15297.87048389572,23527.1056482715,28509.37954913492,144689.8216605585,112519.9940672268,56255.28636130124,52344.4056873915,35876.92094545439,140016.6305144737,68464.86978901489,44634.42478271839,35176.2607867203,157960.2143347169,37919.36829084626,7884.384501877102,21310.14476546675,63168.57426895032,27341.90152461648,44408.28850936885,1801.674956279687,40255.85560708816,29514.40814515467,17985.00188294214,24127.81584075425,70393.24533598352
4544,22270.34864520189,17429.95238962883,80697.05631918045,52058.29414574893,79644.60608291546,43645.17150885437,15646.10644242735,22596.64586958754,31444.34790067987,149099.7502246734,125982.2634399061,55887.14555293472,55420.68232806916,38224.79769400582,143479.405006669,68466.5756941243,46020.53473048242,38922.96961216955,172989.7278580865,38417.04236552482,8150.349662446323,23041.23595212008,70281.02044515495,30306.98657579472,48351.23694384317,2037.379546765927,42881.69404971199,28599.54625724554,17947.41123306258,23298.94920625093,71380.70346350619
4545,23854.90966557495,18707.23144723575,86097.9021643993,52093.71116799209,80410.96452281292,46307.72981495466,16663.62479681083,22924.31632051546,36572.81323839409,152772.7441614153,131947.3598358182,56330.17392262373,62199.69408781177,39746.28816643892,146267.2303772994,73310.70885475108,49281.22821945506,41382.046995094,202887.5053142633,43652.40271348679,9346.471611241175,26855.03182816213,81056.2641410501,31593.7653121441,50337.0720947577,2273.459481809866,44949.77074320205,30005.6845441863,17609.0953739256,22789.09741432111,71700.91206157772
4546,24434.88859876762,19338.2794857198,86931.98145738721,50287.14266421948,80253.49672385835,48963.18486306274,17363.39431047321,23259.52837818639,38958.94614432327,157326.3726878285,130403.8271690441,54777.01237247197,66514.4282334478,41014.58676533183,149005.444670007,75729.56602589221,51865.96757800099,42153.84075419058,210507.3729813319,46078.31340393867,10107.56886157855,29453.8547045676,87400.26981867001,32341.80173534035,51861.69035483736,2316.896922820161,46320.13347842977,30374.49155253445,17339.69570988481,23049.84631234125,71932.87559951813
4547,25021.09204300619,19836.13886479642,91242.41628340757,50291.62736110254,81191.45876096742,50296.70316218184,17901.29575701617,24657.4555032816,40005.02543999914,158653.7939331882,124324.6823590586,56902.03970543516,69653.59218722905,39228.16138596381,151362.8939332115,80251.64834293997,53623.25564010981,43111.28316907748,217336.6105595405,46785.25027655034,10463.43202076481,32006.81052697709,95085.18861133055,31185.72351522501,48853.15490411481,2374.241712610098,46453.14537556323,31126.06646041498,17176.80288935963,23045.05442307011,72441.83775324169
4548,25029.89283504187,19490.74163862083,87199.6084856816,50945.38841691838,79586.22972822368,50288.52134453522,16329.50432915999,22681.83469206168,40325.72521859751,148829.754598299,132114.9466743122,52598.44145529105,67421.54421955792,36554.99635264861,150227.9753313824,82360.88490739139,53697.16183496253,42751.30248153654,206513.3262131005,45639.33328062094,10463.43871963686,33546.62446256365,90583.70917133006,29398.74492088773,44398.02475814879,2288.400974457645,47417.80543545476,29906.50484899006,17176.80288935963,23419.37847669714,72569.33709880499
4549,24150.62605320297,19184.53538971899,86392.41129934657,48717.51619717853,77670.38729664065,49630.09697551101,16310.75794922726,21966.39695959678,40643.79298740764,138860.0687677574,135137.8887673983,53697.59595661228,67037.36188031526,36891.0437152249,150795.4495267278,83287.24476659295,55340.5623992162,41641.21715393798,199819.8645477818,44845.66282740526,10837.84168649806,34968.36182941143,91367.69102583348,29262.07093799866,44895.63143043306,2156.435283734897,47756.62657007977,29844.71539119742,17339.69570988481,23680.55530180951,72682.6829554442
4550,23578.30620545193,19405.31855725845,89428.31832534196,48211.71578501808,77134.79573633929,49618.02192371082,16675.90491501489,22285.82723592402,40934.43376670616,148693.6117654917,133144.6964539411,55264.04433222939,68287.12310569931,37840.32552176144,153057.8979925004,82419.65881125502,55347.95445526881,41214.38149733378,211445.2393648191,46078.92615515354,10864.82766972796,35342.35579373378,92537.07179943664,30295.00750186113,45398.70291980603,2117.767106770639,48836.07248375838,29807.54357132391,17389.81657785102,23936.53644304193,72533.91879235092
4551,23575.54910892346,19379.05790567771,93583.5087610931,49245.79901723131,77648.942464693,49992.58243989279,16675.89064995191,22605.92882351219,40814.27885341156,155741.7800358372,131989.7027870099,57303.93401741277,68287.10609230727,38493.63343367768,154200.8522162337,81693.61713337789,55356.16904615245,40902.4697604855,212639.7169288587,46080.53395131603,10730.30836481383,34852.47515304467,93869.63699386876,31062.91157731814,46900.23974268137,2109.981287672117,49338.35578717241,30149.79737762178,17302.10505854511,24319.34187526395,72532.11368873861
4552,24163.26337362232,19478.90989215942,95371.77995470319,50807.0457631782,79491.52996161077,50622.00317734597,17018.17560902734,24354.47196576946,40809.17517848297,157803.0443555964,125634.3260519273,59148.58449892162,68522.58606882885,39820.59011738848,154202.5259384876,80618.68252352138,55286.36328011706,41299.51268394823,212772.38315053,46654.72905587508,10375.09024512616,34575.78731606313,93848.07747249547,32846.26651288258,49356.41256730167,2116.780591393381,50307.6042670297,30958.35151604686,17208.12843165601,25269.96104703183,72578.74522731022
4553,24730.55689202128,19589.00064233783,96030.0889543513,54954.28652670061,82821.41713762417,50965.13744407248,17538.43053757559,26752.56291432756,40484.91165341362,160451.9327442921,116029.3443398965,59984.64870124964,70109.11798973569,41671.76259987197,153632.6683451511,79118.62226201681,54682.08243447243,43351.32096212802,212639.7067959725,47315.23046895889,10374.48031194168,34362.07749584741,93869.63836393743,34071.97272737799,49858.21490856473,2199.374295303414,48700.43719134447,32506.03372078543,17239.45397395238,25337.52271376489,73173.57768681204
4554,25021.09961586959,19405.12515045347,96458.78900557874,58748.2255758028,85514.64436499172,50621.20778864712,17452.96099852403,27071.13707797579,38731.34589478054,161191.2719128669,115208.9378384964,59751.54230181315,67835.59899476104,42613.67049461459,151364.1452747997,79119.90158370609,51078.72541153694,43907.20668512961,198681.5357788402,47302.71614956048,10197.04751861745,33219.93119517076,90144.78563658924,33550.6735557748,47895.31596417307,2305.927231306645,47827.83919219072,31363.96960390688,17371.02125218118,25648.35150444638,73140.6443597504
4555,25021.12421989399,19059.42576252835,94767.15651897975,58318.86003893003,86785.29132608666,49627.11815634304,16504.75925952452,26115.37971875009,38223.5368839767,153422.771799637,119594.5712457404,60291.63563695503,67372.92427009139,41691.29262282919,150795.6643949346,78174.3484089998,48494.00795344447,44164.26505149993,198792.6271868485,45833.46058353948,9476.924978861254,31782.47803919706,86194.0076418777,34031.87380493474,46884.87004764402,2374.660414878253,47975.10534416271,31119.65136778683,17333.43060084148,24958.63819644175,73349.61707082005
4556,24990.74687300449,19050.67733732343,91727.98080456343,57750.39407015029,84870.72096594238,48245.53370593585,17020.47769738617,25106.30035354089,37170.11676439819,155486.5551625598,119594.5685019074,62574.59570786134,68544.96482543329,38801.94468001104,151930.6223790756,80962.3816742082,51900.72471187658,43543.01332958926,201021.7919161242,47344.64224805164,10462.76543368035,30757.31883307073,86212.13921932926,34032.22932610395,47881.08019507956,2529.344498304651,48789.86534404703,30215.2047655557,17333.43060084148,25267.73545217598,73348.2020746126
4557,24728.54578957166,18990.06568248991,89874.49907344952,57019.60519933856,84532.18723909536,49615.2872038858,16982.01940648391,23577.95430199123,36454.20185002238,150214.655828578,117174.2610914268,60776.35113597847,69838.74708012455,37427.99937929135,151881.2045529216,82360.88413713465,56319.55331749721,42208.2830799209,201021.9025007722,48056.60576739733,10814.7153794402,32893.87674839612,87510.17037932348,32070.23683420263,46049.14692103964,2537.3595278869,47822.25932895389,29875.31199498974,17126.68202139342,24701.04514809576,73195.90891380269
4558,23263.64803168806,18314.21358713994,87690.96561432342,55034.90438661962,82901.45399789046,51634.61021983183,15549.28526550704,21131.65751039304,35648.06187524981,149046.7358162717,112647.4221828039,59294.0371171354,70334.49875990777,34593.83418702335,150232.722726789,81651.75836735543,54214.22778621501,39966.82505474961,196356.1019135554,48056.6035733041,11084.81956247483,33105.68822820982,82362.85633712362,28576.65233640418,42427.26756844456,2384.677265519767,45616.0970000208,29879.60790575549,16976.31941749478,24442.14716451438,73400.76910128492
4559,20963.03474350756,17310.19212528466,81446.89924855456,51754.00882540092,79696.54025635945,49421.8479348358,14123.95498666947,19781.67208864746,33502.99737350184,153303.8042611286,111022.6247961442,58059.98119292509,67162.42760302467,31787.26273790668,146280.9607648127,78750.81222907604,52330.15786178743,37543.50249084134,191682.8241531179,45833.73949868229,11005.65800111039,31069.53846211293,74674.52947947588,26281.256387411,40527.28548036353,2144.821331355965,43265.3023379553,28044.55934226532,16739.36910680406,24195.39490971835,73841.48200376135
4560,19020.52187755459,16212.19306415663,74850.46918785569,49708.04626396918,76901.38609819976,45696.38012803214,12934.29728438251,18409.41199967741,28091.99987318363,134086.0955805585,101607.0577606976,55095.74477629708,59396.09842282527,28999.2299610839,142599.5724347842,74189.82249843786,48885.03033532533,33935.69327734581,178148.725658678,40261.8478532942,10066.32429605175,28570.61095422782,71476.10094824378,21697.96747899707,37192.55882467569,1902.876099073573,38836.68025187606,27097.4830774485,17028.37784127902,23973.53742082325,70055.44303018803
4561,17995.70327971684,15654.82564553345,72680.11880817819,49510.81292357601,76725.82558362847,43911.49810099176,12428.90801026003,17596.1705696016,28104.38799034939,133813.8210773481,95367.50422927323,53237.4188764505,56735.13749023023,28187.44834290685,141233.5634180002,73241.4558008927,47308.61574656186,32792.18054212206,173200.8259049105,37318.92059338728,9461.595484074622,26948.78410838038,66496.72209749288,20410.49327493336,36009.35439084831,1824.367895740006,37791.69738868831,26724.32422871873,16866.54477667859,23852.9483219332,69563.3799875655
4562,17262.44737298243,15384.10127284909,71378.24593366249,49113.09562869492,76761.35060466945,43003.71069467935,12334.281892318,16945.47083139631,27130.22345527959,131866.9330830027,92411.27992107336,52556.21610290644,54514.10270092091,27244.17435463694,139797.4544605502,71034.79720163826,47087.39516664025,31736.11272895924,167291.9281319243,35873.83279704345,9026.61238859831,25581.86651833134,62871.59232967093,20159.27932599475,35771.22112135849,1781.758799811308,36553.87553126148,26725.16643728069,17088.31601293937,23450.04907116662,69101.98842180827
4563,16824.21722995727,15179.43401692689,70101.88444874347,48660.92430898409,76474.10079394028,42677.04521297434,11980.47668113717,16621.38175960807,26485.67050218149,129780.3668521165,89803.47136962965,51422.64163876411,51413.51074612761,26909.61805638538,137755.76389341,68497.89902232711,46887.63946301527,31226.93504186502,163363.7985717709,34414.23051542362,8213.380408639408,24652.17468408771,60471.84690754319,19640.38275983498,35301.99083398559,1710.079152044161,36187.71799922313,26792.7851219786,17118.28509876953,23536.60274308081,68772.11250018183
4564,16824.22188275544,15083.94221989398,67866.8066311356,48163.51954896557,76241.82004103738,42677.04522867678,12075.23376283049,16301.39357545738,25942.61930473667,128532.0879472416,90297.61394826844,51241.31698344248,50493.90974843545,26909.79820627251,136853.4024859746,68135.20076970209,44753.43180147789,30950.22588186169,153815.5890425307,33193.98160088015,8004.819216831592,23753.18986038509,58657.61370766504,19901.83219201844,35297.18455670706,1667.631768893283,36180.36794173311,26650.85720615046,16986.42112139618,23427.27256712296,68650.094161556
4565,17106.66796007921,15123.58850689299,68787.8092814753,48163.55885018094,76900.72131558997,43018.70442534342,13104.94655724039,18129.14522023874,26174.04871185337,130072.6887777323,94601.95481507666,53060.50560379228,50083.07480834683,29786.80401372167,138277.9223029714,67407.63271884025,44001.31771404159,30598.44065406331,152166.8151043532,32941.70943145127,7931.075631194419,22798.09708193495,58659.13368921209,21232.68139838082,37326.27692860641,1665.535100965967,37099.90470176721,27018.86062353243,17106.29746471685,23980.69997339272,68673.35421520026
4566,18317.62342610814,15566.23418779656,74670.22686601093,49182.56131707277,79361.03607256833,43995.76451117171,14480.46511121152,23403.1465908755,26615.9199908332,135661.2346333454,98981.59036508878,57609.27789836515,51708.2265521771,32726.85958494139,139909.6972028803,67408.69929874524,42980.42668247607,31545.19229713501,150909.229162681,33915.03783483618,8037.247629201885,22395.33836007882,61642.34308825284,24934.90617121394,41727.28932713978,1665.555948421178,38269.36440932114,28310.44799623807,17411.98214214025,23916.25526180272,68651.33011583753
4567,20051.20816209654,16279.90434855656,78510.36343509462,52024.82785350575,80932.73616187931,43347.99873789609,15077.63179209849,24062.96066044972,28069.00637111241,144600.9686321152,113333.6999370669,56642.94642194053,52300.46496574951,35213.45151189674,139354.6737673432,68134.57037072197,44556.22296165537,34235.80933369836,154548.4004147167,35867.65043611756,8005.272608324335,22133.99142855909,64135.436832508,27446.90867770413,43839.64859135225,1801.459305655483,39894.45318855312,29100.64968857826,17843.5369792122,24106.78435587147,68854.733416446
4568,22237.77660776448,17210.10042890102,79752.88918637854,51470.833913815,79723.87309442113,44051.9605467609,15424.32612643409,23114.87718349581,30860.08407812882,148797.1992110068,127678.7662951771,56208.49096992114,55295.5086409865,37585.34690483465,142658.8682073515,68136.35431611656,46074.08460900679,38331.60354292185,170562.2810981762,36358.41484464572,8225.411746510448,23541.94854427366,70926.36779061168,30395.53469640667,47596.10065176853,2026.423031052036,42445.12295850979,28247.6628055414,17807.57407705415,23283.1903327418,69365.36107244321
4569,23842.62158234419,18366.90479070914,85022.89677204422,51506.02607737282,80399.78381234147,46724.57130336332,16437.33997496005,23448.75399099221,35737.11972580989,152292.2058192448,134035.0277294892,56731.32377257811,61895.51204344442,39122.40213747808,145319.0232680156,73202.09272949924,49644.71159906909,41019.79613387047,202418.2317341962,41521.08787771274,9215.440870662049,26643.84235723743,81214.52100579889,31675.17059110223,49488.00836201855,2251.744996862291,44453.99776908887,29558.69950993145,17483.90794785327,22776.58182537081,69530.94517297983
4570,24430.0248216825,18938.43152097322,85836.77006653648,49710.92727356186,80260.90079429194,49390.05198372544,17134.01164192548,23790.31524966698,38006.26935947163,156625.1728933462,132390.2769138711,54898.38515780069,66096.31019089888,40403.67535824648,147931.8392229409,75731.6057057177,52475.13406812755,41863.49884910441,210537.1672842025,43913.31742254249,9845.400420275624,28757.55605962811,87271.74850351528,32419.05470312697,50940.51414534319,2293.203029271464,45785.13175885852,29902.56293308922,17226.17380943444,23035.67203965568,69650.89658596023
4571,25023.73225198776,19389.33212711171,90042.78239898526,49715.38349760945,81088.1619828934,50728.6049619593,17669.53182408508,25214.72030150385,39001.0632557654,157888.2694582599,125912.4882672718,57406.20197548144,69152.58056040423,38598.97494977545,150181.327535171,80460.56036950399,54399.45483151739,42910.14732947803,217813.6899451914,44610.43924143196,10139.94805579219,30833.96447992359,94609.27368777462,31269.39381291649,48074.27854005581,2347.934663969852,45914.33598542312,30603.30645133427,17070.3345625588,23030.91063269474,69914.0876462224
4572,25032.64570289889,19076.51323650454,86097.9136928611,50364.99389811329,79672.38647699113,50720.39225397811,16104.69864289156,23201.67955460219,39306.04031019255,148540.2871347482,134213.6041828634,52327.37974066169,66979.47263506288,35898.46359158996,149098.3832826711,82666.28848084064,54480.38591411267,42516.62680676013,206281.5279854881,43480.43206335478,10139.95360044291,32086.34910541343,90311.28178329617,29492.33464355687,43829.87030232334,2266.005617930784,46851.38116425421,29466.22765140931,17070.3345625588,23402.85352488947,69980.01924387859
4573,24142.12343331989,18799.18877695674,85310.27127220598,48151.26618817735,77982.65701628775,50059.48201324024,16086.03525230036,22472.69082399987,39608.51439253798,139053.7161085217,137434.7776508412,53624.52924122807,66605.43511513648,36237.94869939867,149639.8696212515,83635.0266570566,56279.99401283548,41303.11348924821,199149.6739636622,42697.78086580089,10449.84661907268,33242.69792040593,91059.8240589693,29356.41933081866,44303.94082098286,2140.053495622626,47180.50302167008,29408.61721020103,17226.17380943444,23662.36894412388,70038.63188524485
4574,23562.47732332077,18999.14737621694,88272.63189402134,47648.6770458668,77510.27743880992,50047.3613722561,16449.56572965889,22798.17138099187,39884.90612924028,148410.7415627923,135310.8804675739,55473.14808930831,67822.19481878213,37196.94160433413,151798.7077605127,82727.75112289313,56288.08869421003,40836.50903930139,211536.4597988164,43913.92166636964,10472.18289454057,33546.88031551123,92176.34345335726,30383.62211768769,44783.21767793315,2103.147395804086,48229.04813230228,29373.95943814852,17274.12434704209,23916.72173041895,69961.70396923555
4575,23559.68493321953,18975.36366496636,92327.16071114714,48676.19500010464,77963.74316213965,50423.33603626733,16449.55152774667,23124.33596445003,39770.64196700208,155117.3670310291,134080.1473469792,57880.49108173139,67822.17825465013,37856.93281869412,152889.3196382873,81968.49511250245,56297.08409350794,40495.53610943436,212809.1703998523,43915.50714002168,10360.84137977295,33148.44322610382,93448.67058362588,31147.26359767171,46213.73374625527,2095.716370103424,48716.95280197878,29693.06553634738,17190.21090587947,24297.09204920797,69960.7705262868
4576,24154.92252398691,19065.79747644188,94072.11011826555,50227.52956630057,79588.86343619731,51055.13314264124,16790.32120742054,24905.99799852521,39765.7885063815,157078.7458252649,127308.0126888681,60057.42566911868,68051.44008533216,39197.46419312145,152890.9167113217,80844.38531525653,56220.64319125487,40929.57200133126,212950.5256766724,44481.73016670982,10066.82764290314,32923.40331375643,93428.08565159143,32920.71922299931,48553.73276503877,2102.205835124377,49658.45505018187,30446.93459944501,17100.30364838896,25241.66411369893,69984.88431154276
4577,24729.47796262809,19165.50431751363,94714.47124488972,54348.43996530774,82525.74820781137,51399.56290784526,17308.27299188991,27349.51082588933,39457.42242279379,159599.2733791953,117073.1781143096,61044.0933861571,69596.07762944678,41067.57406385675,152347.1561240403,79275.70158235327,55558.92460153355,43172.54973344743,212809.1596033062,45133.06123219377,10066.32280172283,32749.5856290552,93448.67189176103,34139.62160622448,49031.80050294735,2181.035811611341,48097.29560919062,31889.94215850807,17130.27273421912,25308.79600512482,70292.48004248123
4578,25023.73992179134,18998.97221180453,95132.78581758641,58118.29172268818,84901.1133816014,51054.33475096387,17223.18182246446,27674.11905470123,37789.82750848011,160302.7853708842,116198.9729281401,60768.99661928361,67382.59377159392,42019.11762230387,150182.5215707419,79277.03942935476,51613.06342677528,43780.22800024923,197936.7896573248,45120.72066058242,9919.461828936948,31820.63802443271,89892.19960728136,33621.21613913465,47161.74414624225,2282.733217613401,47249.67707271199,30825.11945230603,17256.14289526461,25617.64754235105,70275.44978354374
4579,25023.76484077169,18685.87965975451,93482.13399525626,57691.65217925073,86021.79510830328,50056.49194758346,16279.17772792907,26700.25883954972,37306.91449555758,152910.7341724765,120872.1970709384,61406.37907925301,66932.1365566964,41087.303877828,149640.0746494265,78288.22989828368,48782.66493983928,44061.23680489946,198055.1570648952,43671.86411867639,9323.417012574391,30651.50700749752,86120.01491467278,34099.74527080835,46199.09101796441,2348.334286318667,47392.72750410005,30597.32523172329,17220.17999170963,24932.32165939284,70383.51233591599
4580,24992.99863368347,18677.95639789898,90516.5838706727,57126.795336882,84333.18758568357,48669.69134500017,16792.61310454257,25672.06665434517,36305.13966881017,154874.5099411306,120872.1941471768,64100.57767665607,68073.22790263747,38168.3980713826,150723.056480699,81203.80772016339,52513.19491645118,43382.10231016938,200430.3222984797,45162.06466055104,10139.39632222684,29817.70910584209,86137.32686158741,34100.0988184981,47148.18171066099,2495.9695427868,48184.16374318497,29754.04921563128,17220.17999170963,25239.45267636405,70382.78062266509
4581,24727.44111607052,18623.06171668563,88708.00368475424,56400.64616230436,84034.60853645428,50044.61632753572,16754.3250666838,24114.77243084695,35624.3234151756,149858.0782977459,118293.1735192854,61978.40827689473,69332.8462047787,36780.39738909111,150675.9017766363,82666.28767534692,57352.03939448871,41923.01363203831,200430.4401259368,45864.1433366224,10430.70499430405,31555.44651864365,87376.68105430927,32148.99724459206,45402.89651706184,2503.619334037226,47244.25694166063,29437.14446884548,17022.38402495113,24676.36721969627,70304.0278152687
4582,23243.79121254135,18010.95690906212,86577.36744314825,54428.54599151389,82596.33889862435,52071.56326841861,15327.93357230639,21622.14070084355,34857.70550219608,148746.7537948458,113469.4842334021,60229.07923633356,69815.50693606312,33917.2388495669,149102.9132679596,81924.721427522,55046.5997110942,39472.71625708456,195459.0500819192,45864.14117299173,10654.26999787989,31727.72021658227,82462.04923646832,28674.80545213375,41952.32738517086,2357.894677282657,45101.24940978672,29441.14983357027,16878.53241212818,24419.11614575753,70409.96372730948
4583,20913.72779023249,17101.63611537487,80484.56678635255,51168.48046669509,79769.67785447811,49850.44673131404,13908.9131635191,20246.58540892548,32817.80558034874,152797.5316079164,111738.1397115475,58772.72799195777,66727.19831966648,31081.95633560276,145332.1248633353,78891.06529121242,52983.44629110031,36823.60980479816,190479.693142658,43672.13916138415,10588.74804057187,30071.64826962785,75121.27004740441,26392.15112633761,40142.21199864341,2128.968781538977,42817.74986824057,27730.21141206693,16651.8425074047,24173.93353882882,70637.86219721608
4584,18967.47010123365,16033.69685078714,76274.5564832658,49575.44885299959,77816.86495510014,45978.65055385107,12719.52877335242,19002.60682171467,27726.48668992803,134501.3260590267,100028.109992732,55853.42488041033,58703.22050884079,29216.46196788568,140857.7957018075,74232.92031074867,48651.32068597094,34433.74027898852,171830.6698988072,39624.00443701222,9998.705888879134,26856.00974038639,68638.67854055199,21666.96110874282,36313.31064643188,1875.178431581222,38409.92977942659,26772.87760748394,17022.95412093493,23982.23964603085,70069.89361173731
4585,17933.88079058669,15474.63723009725,74034.22637124317,49362.06381668514,77622.43024240833,44272.84674808036,12198.97322364407,18202.34188081228,27738.89733932412,134207.7479533946,94168.50078179438,53969.46057060542,55926.19443227787,28397.37383204997,139520.6911405748,73195.11978698327,47128.11506438117,33180.87884531686,166461.2455745905,35956.69020360503,9408.11714161381,25519.80084230485,64612.7404631579,20419.76527647033,35088.72938234495,1795.841661699334,37271.71673550999,26400.56822523468,16829.58910325624,23859.92549025638,69014.62416755481
4586,17194.34945424244,15203.09092141937,72690.37653477736,48931.77693292673,77661.77449516549,43405.27836593577,12101.50746138067,17562.02503481551,26762.96093695234,132108.5293981567,91392.2894553453,53278.85957688142,53608.2830900581,27445.6098165388,138114.9699382694,70780.36665825675,46914.36137715337,32023.82427679501,160048.9532868526,34155.90120135755,8983.3050335235,24393.60944188237,61681.74276139279,20176.41050544965,34842.26855796343,1752.78287427291,35923.46019102415,26401.40851657572,17094.57079365473,23451.26266606021,68025.13221434478
4587,16752.36880284738,14997.80228300892,71372.86066486745,48442.57671310348,77343.6429690858,43093.08561960045,11737.08487541326,17243.10729121562,26117.23563333153,129858.7037475124,88943.27785035744,52129.64574246912,50372.45027275878,27108.04231250691,136116.4811022473,68004.23136581841,46721.34805890892,31465.95634284354,155786.1760563919,32337.02504514996,8189.088441279855,23627.64450267151,59741.49544127995,19673.74751410406,34356.62921954387,1680.346727747496,35524.63520185352,26468.87327270864,17130.37913001462,23539.05450965809,67317.6863175577
4588,16752.37349546562,14902.02056695507,69065.71607458021,47904.43882745017,77086.39012629929,43093.0856346072,11834.68553153179,16928.22499942813,25573.19670268,128512.7556257729,89407.33066931726,51945.81943991277,49412.73834337931,27108.22408385021,135233.2134671602,67607.32957928654,44659.17664101847,31162.78679847984,145424.5294890816,30816.41790219719,7985.403929216946,22886.97879982701,58274.64771999028,19927.0175533328,34351.65486605352,1637.451359796954,35516.62939467384,26327.26844450803,16972.82245036491,23428.16033849298,67056.00800964105
4589,17037.23683320358,14941.78722254142,70016.4150907987,47904.48134709351,77816.12870289652,43419.60780756948,12895.29907673707,18726.81211993282,25805.04704710699,130173.897848117,93449.56786836375,53790.10651239297,48983.98370522801,30011.12465568627,136627.5907527195,66811.14967734177,43932.44877753274,30777.3620180923,143635.2921703496,30502.05018735655,7913.384652149722,22100.08624571362,58275.87665873356,21216.23140967207,36451.70489180592,1635.332563877482,36518.20441709956,26694.43413133951,17116.05579580447,23989.50466068632,67105.89109728366
4590,18258.55602861808,15385.7768031977,76088.50251480486,49006.9312572796,80540.94751578676,44353.37978107976,14312.09569997322,23916.65887281926,26247.72202735364,136199.7088814049,97562.51484127669,58401.63598475953,50680.02092084667,32977.64247668799,138224.8376484315,66812.31683893336,42946.01603998068,31814.64702973467,142270.5691805871,31714.95855792422,8017.074084596107,21768.25687114007,60687.8675259532,24802.63282434841,41006.62133073842,1635.353631354337,37791.9997494099,27983.0813079771,17481.30082901213,23924.13805155815,67058.65861469528
4591,20006.97731605259,16101.61371084791,80052.45859791241,52081.95471367328,82281.61828135798,43734.31291584062,14927.18281351828,24565.94461733078,27703.45136593346,145838.9154221085,111040.6832744517,57421.9725074463,51298.0914448769,35486.61521076863,137681.55838883,67606.63973179054,44468.62422188583,34762.5550101651,146219.770986018,34148.1970829009,7985.846719288154,21552.93542897928,62703.58903185873,27236.04783714161,43192.85010407688,1772.691296989899,39562.07398814132,28771.48416892745,17996.94087392986,24117.39271144033,67494.87363062886
4592,22212.25908709843,17034.63392420955,81335.04775108799,51482.59348649332,80942.79249938218,44407.08608207047,15284.28113164978,23632.98923705174,30499.60564795158,150363.4721089089,124512.2373752634,56981.52308688323,54423.77220354437,37879.85907376916,140915.8367886432,67608.5919085905,45935.25324861587,39250.0105906117,163597.916208423,34759.76072063147,8200.838456527104,22712.93893425606,68194.2071078585,30092.42668329519,47080.66583660112,2000.029263669973,42340.30672779817,27920.43904278026,17953.97087129946,23282.01697211375,68589.95640672278
4593,23830.83881864391,18194.95041583806,86774.97892317318,51520.66758230191,81691.3691742973,46961.28828192986,16327.69461068971,23961.53853832735,35385.51193265897,154131.9388846055,130481.4478099593,57511.56915699523,61311.6529422351,39430.74871821531,143519.703543179,73152.04465980422,49385.36030968343,42195.26228719405,198167.7589150892,41193.20015847641,9167.718235708184,25268.56201103438,76512.40683046838,31332.02942613316,49038.73383323587,2227.729251591873,44528.40721589761,29228.49127624348,17567.24083594206,22768.16130474746,68945.06505460551
4594,24423.26923559816,18768.21233671756,87615.09435619043,49578.56579223168,81537.55509042894,49508.6762996742,17045.27276506017,24297.64967381438,37658.78882808647,158803.9307545065,128936.8505915278,55653.34238816578,65695.6804771609,40723.55416046233,146077.2328772219,75920.09830233055,52120.24708824682,43119.64429085734,206978.3679003985,44174.26516094911,9782.947763168135,27010.03217128168,81409.80940967094,32052.64127317654,50542.03395397957,2269.624827306773,45978.30091629265,29571.57192163022,17259.28914291314,23030.95786862738,69202.31067140716
4595,25022.05779672488,19220.48190507396,91956.72332456188,49583.38694228844,82453.75365546282,50787.92542085175,17596.86342413784,25699.32620242289,38655.39211356813,160165.8559160081,122853.5130852535,58195.7583230829,68885.25850109146,38902.61037432936,148279.1225029608,81095.00758546221,53979.61595315713,44266.37880047735,214874.7966309681,45042.98006384917,10070.60814187732,28720.76683716427,87342.3610227487,30938.94729292318,47575.56567483368,2324.934093382783,46119.03234949181,30270.72025291342,17073.08579317405,23026.12834856223,69766.74542837728
4596,25031.04753169082,18906.71327690497,87884.6581718287,50286.19478717601,80885.77064744741,50780.07657240248,15985.07101272895,23718.40654587867,38960.92387805823,150086.4584342067,130649.1502306179,53046.8660717109,66617.36448508527,36177.79280683301,147219.0931167805,83508.7424784675,54057.81535631487,43835.22777689472,202360.1795168904,43634.82721397345,10070.6135568803,29752.59553372627,83867.33938185434,29217.48306262535,43182.7298668657,2242.140377614931,47139.67783838639,29136.22992256258,17073.08579317405,23403.39197582087,69908.14113255755
4597,24132.90389859134,18628.54684309044,87071.61938831108,47891.18202293861,79014.3813830615,50148.44759813758,15965.84755064518,23001.04992601292,39263.94811791494,139857.6286393346,133674.1772021682,54361.91170700553,66227.01228798054,36520.3334826412,147749.1217214713,84568.83557248978,55796.68100255525,42505.6719373088,194620.7441266733,42659.53029933843,10373.26050545293,30705.30116924784,84472.55238944011,29085.81983313764,43673.37870016036,2114.858971094378,47498.16294311445,29078.75062694795,17259.28914291314,23666.61982731232,70033.8407363054
4598,23548.29699887539,18829.11252906512,90129.49693926638,47347.43519915433,78491.21711886082,50136.86395551806,16340.28724924326,23321.33695157896,39540.84257203632,149946.7768145203,131679.6102134438,56236.03504161723,67496.84431916318,37487.95789442231,149862.2793123084,83576.00123215337,55804.50246288845,41994.44831722077,208062.7927679173,44175.01813640248,10395.07450320843,30955.9143737463,85375.28304696725,30080.88678720792,44169.41593814915,2077.563368543128,48640.25604731702,29044.17175056076,17316.5824814228,23924.6111931233,69868.86252795118
4599,23545.48071064067,18805.25660899144,94314.75803080511,48459.09794107035,78993.43413415321,50496.18126782646,16340.27262114448,23642.29708894098,39426.3705794722,157178.1494804599,130523.8199644584,58676.59096324455,67496.82703254097,38153.88942247546,150929.8140784698,82745.14510098066,55813.19423907268,41620.869763526,209443.9289264836,44176.99386654366,10286.33643016997,30627.6455542018,86403.98770957332,30820.63789692363,45649.95736037483,2070.053916651901,49171.69008205281,29362.55142907246,17216.31913861364,24310.422803398,69866.8606831946
4600,24145.81252781345,18895.96498312989,96115.97074619358,50137.47332164022,80793.26819335319,51099.98694921068,16691.26849107974,25395.53002774275,39421.50829109414,159292.9926407596,124164.0600200127,60883.5596482078,67736.08874975206,39506.48637702922,150931.3773577841,81515.02837569785,55739.33345850056,42096.41044885168,209597.3266304563,44882.58988767063,9999.19746622839,30442.23714634866,86387.3443361362,32538.61131934045,48071.78648344087,2076.611870740297,50197.19028644147,30114.70436912494,17108.89412953394,25268.5072048886,69918.57466811134
4601,24725.28518864001,18995.9745403578,96779.04385560677,54595.8504570045,84045.89221403458,51429.15694218772,17224.76354072247,27800.05293578305,39112.58133327949,162010.7340956185,114552.4538941149,61883.83993526118,69348.09991695896,41393.42834951245,150399.1226270034,79798.41305818094,55099.94995941452,44553.87350159378,209443.9172101515,45694.24286994144,9998.704429491354,30299.03028210394,86403.98876722969,33719.38058641169,48566.57231932006,2156.273809732439,48496.74896633276,31554.42703609247,17144.70246589385,25336.59943462476,70578.23887351547
4602,25022.06553216899,18828.93683284269,97210.84636191442,58674.42029993713,86676.6286654049,51099.22392983957,17137.1188621675,28119.48155247606,37441.95330002623,162769.2910496266,113731.4815704815,61604.94779337409,67038.06886087956,42353.53636625369,148280.2912729971,79799.87706817045,51287.2740515374,45219.66115843825,193304.5310219212,45678.86472773075,9855.277431766192,29533.67850714332,83528.50216128005,33217.19333020032,46631.11982122552,2259.044518460664,47573.50849180245,30492.02831420622,17295.09747927303,25649.86916947796,70541.71609019987
4603,25022.09066441364,18514.89371237772,95506.9717172218,58212.84268690238,87917.79288779492,50145.59000570311,16164.78605749718,27161.16074059525,36958.1619367364,154798.8628164476,118120.1396842402,62251.12390617374,66567.96371321536,41413.3357435507,147749.3224112943,78717.81983028355,48552.41044562425,45527.54150207034,193432.9824597091,43873.37932186134,9273.169626684677,28570.44172767345,80478.60729605082,33680.75177413702,45634.80257375682,2325.337933299902,47729.32144594711,30264.75264907382,17252.12747497353,24954.73953026528,70773.4650729544
4604,24991.06115066105,18506.94639500758,92445.80182270738,57601.72897975224,86047.64617905709,48820.23084476509,16693.62916596406,26149.37490689479,35954.56502347732,156916.2904978854,118120.1369385148,64982.49303871014,67758.8269027506,38468.15804779262,148809.3885810885,81908.34539223884,52157.02326282812,44783.46459718413,196010.4942554024,45730.38534858212,10070.06930921592,27883.48295753944,80492.60438853287,33681.09426115836,46617.08310530955,2474.53131528446,48591.36721003438,29423.3962838542,17252.12747497353,25266.26413239566,70771.89585403581
4605,24723.23091012304,18451.88505013592,90578.90664833321,56816.11450058749,85716.9674282317,50134.24052850161,16654.19213867568,24616.92965306748,35272.51046151291,151507.3576689488,115698.1602777999,62831.04510977553,69073.38692830903,37067.66453335465,148763.231660372,83508.74159701324,56832.54146944827,43184.85019016603,196010.6221208899,46605.27721451615,10354.56645951229,29315.1895539988,81494.64970089243,31791.03250797118,44810.7650359491,2482.261841551899,47567.60479320631,29107.21294555389,17015.79245466441,24695.12359900469,70603.00401683128
4606,23226.88347432747,17837.92185433632,88379.57119792282,54682.51647035157,84124.0719842435,52071.3846945989,15184.99592404646,22164.07160829642,34504.49817913867,150309.0796867769,111168.1992753159,61057.5814354036,69577.10023747158,34178.73586309548,147223.5272485593,82697.2434261144,54604.91765080737,40500.2425005931,190615.7063069242,46605.27451831851,10572.90395688164,29457.1243411065,77521.06103353594,28425.53010769562,41239.52900222169,2334.999223530534,45233.40467192427,29111.209192384,16843.91243913547,24434.19248482844,70830.19224544203
4607,20876.87865248955,16925.84030629748,82090.31721120053,51155.47992057765,80993.52164758123,49948.67350996358,13723.39199462745,20810.46536827477,32460.8879682789,154676.802931793,109542.281289923,59581.13762801208,66354.08653022279,31317.93411921556,143532.5279115735,79377.50441025142,52611.40216957744,37597.81456470231,185212.1448769924,43873.72206496976,10508.91406601073,28092.70120490703,71585.87848550848,26214.28816384476,39366.11361870538,2103.657270213204,42746.17827278798,27404.16558630382,16573.05371479093,24185.50248006761,71318.93915556677
4608,18960.61240180877,15960.81092203238,79070.92961838552,49433.815638852,78330.00142544521,46216.95121726306,12832.66145469505,19480.37862341455,27816.10048250555,134703.2463112619,100158.1462649266,55330.60864656136,57506.95824914023,29912.89664386423,139509.8192013866,75366.60235598877,48168.62931840054,34854.54806213519,172370.1618418663,40254.34684851473,10028.73772497324,25855.06143803817,63983.86277471197,21347.15676714295,35170.36044349615,1870.895598008822,38743.30745059739,26844.8830013445,17021.02957922322,24045.09759475808,69109.28899694391
4609,17926.53215464092,15353.33249333196,76563.75834382401,49205.76375256975,78179.65751787808,44578.87279420959,12279.33035984319,18710.14566292914,27828.82831803838,134449.4507630779,93965.9264022626,53561.12319145476,54656.96919696028,29092.33248504113,138105.2351069328,74252.74913512368,46781.24485232947,33640.88858600138,166962.3600169249,36637.09527305649,9376.377522606579,24349.40787046744,60445.24698094095,20110.36595572423,33933.24481250892,1786.322983230805,37521.4160592608,26510.17455942625,16857.58940097714,23929.59612800441,67962.75031583889
4610,17186.64955407826,15058.26821251078,75059.84528689095,48745.90144367273,78210.07990808784,43745.74940539624,12175.72789710122,18093.85833765331,26827.9493451971,132634.695800893,91032.1282086048,52912.48648038918,52278.15755921492,28138.85336036892,136628.5715016766,71661.0366735925,46586.55114780136,32520.03818407375,160504.2364189645,34860.88891579665,8907.133037192965,23080.40412243964,57869.03379544502,19869.04142839249,33684.26130507654,1740.422523113203,36074.03933675236,26510.92998654929,17081.56297815562,23543.69512330477,66887.67815748943
4611,16744.45896974266,14835.20001928704,73585.40278170371,48223.07643763057,77964.08917891732,43445.95162098767,11788.36030761902,17786.90879475907,26165.72086693253,130689.7424022249,88444.10266656111,51833.10448030756,48957.30717836376,27800.67754891079,134529.2251129153,68681.45903200426,46410.74843562538,31979.62590361335,156210.9913531505,33066.84231306178,8029.846940500285,22217.30715832518,56163.6449695897,19370.57201978026,33193.65113962621,1663.205939614555,35645.89381204411,26571.58122040546,17111.8296776218,23626.59711155265,66119.04594708383
4612,16744.46366458979,14731.12287936624,71003.4588922802,47647.95007440082,77765.1720355646,43445.9516353986,11892.10615748766,17483.84326306849,25607.7776190192,129526.1827401426,88934.49664667924,51660.44835994115,47972.37998770398,27800.85964781192,133601.3816911225,68255.4712596224,44532.45666004042,31685.94251572754,145775.2858039768,31566.99304097236,7804.858452108688,21382.7176271027,54874.35278132718,19621.72909489256,33188.62587046887,1617.479683871556,35637.29943955309,26444.27760229951,16978.65620025271,23521.87955582166,65834.73533457953
4613,17029.46230734163,14774.33362926881,72067.39373448296,47647.9955165978,78329.43212878151,43759.50992643338,13019.49871820857,19214.93382034711,25845.55349664712,130962.224777486,93206.18449692227,53392.66756006639,47532.36034398682,30708.99133921448,135066.128887227,67400.94524247246,43870.52964600479,31312.57765311602,143973.2600646711,31256.91677278086,7725.30646203197,20496.03921694045,54875.43296238386,20900.18738525487,35310.17124185793,1615.221057620989,36712.50755126869,26774.36183016067,17099.72299811749,24051.95796053816,65888.93276238396
4614,18251.36160763001,15256.77607875856,78862.71514019767,48826.22144045866,80436.35996111583,44656.2084310824,14525.50057940649,24210.0183537689,26299.54217711346,136171.4825017763,97552.59583988617,57723.97802315733,49272.9588703735,33680.85492009811,136743.9838954878,67402.19793667356,42972.05511472292,32317.40608026452,142598.7828341621,32453.26768112564,7839.841084385039,20122.13055462818,56995.46283196882,24456.66841329741,39911.7101431128,1615.243515449898,38079.94887448435,27932.86362796384,17408.44333464775,23990.23215960193,65837.61518790961
4615,20000.61336404775,16034.60989785731,83298.80996919502,52112.60417706003,81782.3091543477,44061.72032468652,15179.3151937312,24834.93799679629,27792.47643142733,144504.4871132389,111795.829352532,56803.84367401749,49907.26844413938,36194.34890319721,136173.2870113341,68254.73085832376,44358.8954135942,35173.07420050904,146576.2112214384,34853.28996657895,7805.347554926508,19879.50419730536,58767.19002188594,26869.7820962603,42120.31635629664,1761.644805893157,39980.15418832452,28641.64268584945,17844.28380808956,24172.72286586599,66311.55802004975
4616,22206.94260467277,17048.43674598344,84734.16570746289,51472.0463348436,80747.08094418296,44707.7824353948,15558.89736023039,23936.99414367334,30660.09364387139,148415.924385251,126032.0730815994,56390.1581071836,53115.07265526771,38591.90546809355,139570.7894424266,68256.82609567099,45694.74810500602,39520.11757064278,164078.5652492191,35456.50512385186,8042.825925216803,21186.60776368796,63593.19267463257,29702.33093858337,46047.92635177523,2003.985984001048,42962.6350919301,27876.54784334517,17807.96376957661,23383.87612468779,67501.35344976225
4617,23826.2911327741,18309.24545590215,90822.03601597314,51512.73742320483,81325.90733203437,47160.57536360325,16668.00689342782,24253.2137955071,35670.87185826356,151673.7289449334,132340.1154932247,56887.99599440807,60183.92406565345,40145.58986522365,142306.0653015755,74206.51735160754,48837.21611783509,42373.2125219981,198895.4929473887,41802.12141442499,9110.834571388008,24066.30943940788,70904.51052113608,30931.59200767943,48026.0364178138,2246.713075010001,45311.5988154419,29052.49490749163,17481.08341308445,22898.64133804601,67887.17510226721
4618,24419.00294362899,18932.15621182461,91762.21588932004,49437.14681841165,81206.9727545226,49606.82465258673,17430.76565379845,24576.71150446132,38002.24820466255,155712.622564673,130707.8418668652,55142.68414183183,64683.13658095623,41440.72498417769,144992.6652338826,77177.42109914945,51328.23858995662,43268.67066937334,207769.0750062159,44742.49177552145,9790.412807333301,26028.61545559959,75209.10383133392,31646.19198304883,49544.72376995427,2291.373557042665,46868.08478292797,29360.92653383415,17220.78979739304,23146.80058334156,68166.66964447519
4619,25018.07591866161,19423.59575881805,96620.9674527124,49442.29934636522,81915.41041191212,50835.28385523476,18017.08591004872,25925.78655085235,39024.32225608542,156889.9942293777,124279.194156481,57530.61049173841,67956.51688011672,39616.49979917014,147305.6774213544,82731.56107181768,53021.81130483434,44379.52392641023,215721.9427851884,45599.34781543051,10108.16045108121,27956.28840894634,80423.54588976405,30541.78925344706,46547.891804135,2350.332968428645,47019.16241082513,29989.46521642068,17063.40295960452,23142.24005927377,68779.92181944704
4620,25027.06992359164,19082.65238504985,92063.88690271336,50193.41412689946,80702.98959898077,50827.74662894471,16303.81081351295,24019.20595040358,39337.66267239746,148176.4486339034,132517.3372537272,52694.59003142678,65629.0367128719,36886.77202337007,146192.1516293927,85322.18067868947,53093.03782583673,43961.86359195301,203117.8785165622,44210.41771822244,10108.16643245567,29118.96331728662,77369.1604954103,28834.6867382478,42110.09253203081,2262.075265977443,48114.8429981741,28969.55137877031,17063.40295960452,23498.49074853603,68933.54670177313
4621,24128.49968825666,18780.39462598951,91154.00872351087,47633.78207402378,79255.96416462385,50221.19516586405,16283.3769917477,23328.7699650161,39648.43147782036,139333.7201903738,135714.0746851864,53929.72708383523,65228.42848753612,37229.92996841892,146748.9291390497,86459.96012681455,54676.85234961757,42673.90947316944,195323.1261744036,43248.43462201922,10442.46813652758,30192.48156808353,77901.11510227916,28704.12193982683,42605.76346771758,2126.393899341361,48499.6829591381,28917.87713580197,17220.78979739304,23747.05725946167,69070.11794307172
4622,23543.61511067146,18998.33082323581,94576.10384946532,47052.66124678231,78851.43475374614,50210.07142761751,16681.39239759124,23637.03740408276,39932.40268347774,148055.6951698014,133606.2895274427,55689.96954937043,66531.62380771014,38199.29807030184,148968.731260155,85394.36832719122,54683.97638619842,42178.68200884802,208861.2507076466,44743.23447207585,10466.56372598148,30474.87503663116,78694.57414234338,29690.88731675897,43106.8779618424,2086.636966557526,49725.73966230846,28886.79051163765,17269.2165168211,23990.67894799215,68890.8709285198
4623,23540.79748474999,18972.40879934922,99259.86287628666,48240.73323900062,79239.76699895294,50555.12279538369,16681.37684846894,23945.95269471062,39815.00506406499,154307.1497390154,132384.8928302907,57982.22539690328,66531.60606690301,38866.42962824232,150090.1412054209,84502.6249173646,54691.89313433119,41816.79270522141,210252.2584186784,44745.18323144333,10346.45241051738,30104.97844338212,79598.7585824032,30424.46688105738,44602.57366573268,2078.631926990928,50296.24329128853,29173.01581568264,17184.46975746929,24355.00151225436,68888.69594614016
4624,24141.41444884785,19070.97320742361,101275.6143743193,50034.47041026444,80631.46337706523,51134.95563140303,17054.47234059952,25633.39110148507,39810.01850737374,156135.412027294,125664.1320368471,60055.08790687436,66777.1540941298,40221.46400571837,150091.7833786087,83182.36206807928,54624.61836973918,42277.45375162408,210406.7525196091,45441.14713216622,10029.28071787739,29896.05839267561,79584.12981688965,32128.10771125096,47049.19174784007,2085.622674480089,51397.13549969669,29849.20597003302,17093.66965907072,25259.72225324542,68944.88262375875
4625,24721.16234887155,19179.64435166553,102017.6647730233,54799.2905356052,83146.50916465052,51451.05661628074,17621.55764029955,27947.67816237573,39493.19612481989,158484.8742968771,115506.9395992028,60994.58628789934,68431.51889009081,42111.80630791622,149532.6673971607,81339.94875587037,54042.24740030411,44658.02293593409,210252.2466186048,46241.72020607936,10028.73611294368,29734.69146392647,79598.75951203483,33299.02613651419,47549.04203096002,2170.541917964315,49571.68232850114,31143.52556988804,17123.93635853691,25324.02186238926,69661.60055035634
4626,25018.08365777992,18998.13991038649,102500.8983975183,59158.19761775027,85180.68913386813,51134.22290612479,17528.39462250073,28255.11940654893,37779.87088573794,159140.6397449061,114639.366191814,60732.64099199101,66060.79458339997,43073.64446997525,147306.905175601,81341.5200522851,50569.54006927992,45302.97813776686,193997.5055491555,46226.55199152267,9870.307653725524,28872.28541942961,77071.33804578696,32801.02849410537,45593.77894745105,2280.094998744831,48580.56770897418,30188.42253501356,17251.05649685923,25619.84300946725,69621.9189467206
4627,25018.10880196194,18656.8982712053,100594.0787097847,58664.89383630273,86140.40191634017,50218.4510281778,16494.84118969215,27332.76202425822,37283.71498707253,152250.2784955698,119277.138944941,61339.55229444276,65578.33799592895,42131.74957571453,146749.1399570676,80180.166871225,48078.5387035503,45601.22492430046,194126.8750825994,44445.71334144055,9227.315440818404,27786.90057016953,74390.6196810308,33260.71959407628,44587.26376024969,2350.763459836264,48747.83561048486,29984.10030358646,17214.73645693548,24963.43090078984,69873.7116755821
4628,24987.06454974275,18648.26265580807,97168.29909592685,58011.77571679608,84694.33727066612,48945.71248873725,17056.98164977714,26358.94603128282,36254.46856768672,154080.7750783902,119277.1360433591,63904.95012464398,66800.48966438578,39181.26457566195,147862.7043889985,83604.50236928649,51361.73550764949,44880.43014020289,196722.8094232127,46277.36930225257,10107.56526028956,27012.82854856323,74402.92248638243,33261.05922382006,45579.59855683371,2509.8028868358,49673.25664981145,29227.71571719923,17214.73645693548,25257.60411604923,69872.00673643194
4629,24719.10709460884,18588.43258039773,95079.0418348251,57172.16265414347,84438.64457639244,50207.55215829967,17015.06156363187,24884.00968919312,35554.98234323437,149404.802837699,116717.680037762,61884.23465893381,68149.5881524749,37778.24732717081,147814.2180711989,85322.17973264004,55620.34723987713,43331.83628008572,196722.9382026077,47140.31798321824,10421.81882404176,28626.08987900982,75283.67457452307,31386.76574971782,43754.79167494288,2518.043590623216,48574.22998640961,28943.46493661544,17014.97624017646,24718.27513232336,69688.50760704336
4630,23222.04892042173,17921.29551010819,92617.74801263216,54891.91346813006,83206.96057264852,52067.78605512477,15453.36089508942,22523.20139070132,34767.34152725075,148368.9026410296,111930.5835801494,60218.53528202473,68666.53591492714,34884.11271515808,146196.8095380932,84451.21288430746,53591.35611850332,40731.22980072159,191289.4626896763,47140.31532382653,10662.99289758723,28786.02341850203,71791.0715225261,28049.3408347514,40147.00177252017,2361.062348714024,46068.42577945992,28947.05758728127,16869.69608189225,24471.87743437747,69935.34512653179
4631,20870.92788813208,16930.22077470602,85579.3937766595,51122.44887935165,80786.3065447057,50029.35269123955,13899.73054198236,21220.39267286873,32671.50158956378,152144.7588578894,110212.3731531776,58831.80739717856,65358.84145061945,32018.15571514447,142319.5368761933,80888.19483741476,51775.59836897237,37919.61865720825,185847.2797669791,44446.05140574864,10592.31011138234,27248.57776487379,66574.31699237225,25856.54669031031,38254.41079285341,2114.45294012545,43398.34521620093,27412.41480652232,16640.75499049003,24237.03903701471,70466.3632857497
4632,19310.88037935734,16227.39550820682,82046.69717150526,50343.25553908084,78598.37879629906,45944.76311772688,13077.26033311018,19324.01964205537,27694.47049920379,133450.9026845639,102135.8560445967,54558.10378016959,57442.09222185777,29998.6167180748,139600.8552252691,77105.11921337171,48036.93100002847,34474.33673394411,170722.1745392758,40253.71397975812,10064.79252290994,26595.00771019493,61936.95444516531,21351.7504445079,35134.06726952512,1905.867551027993,39373.26250625101,26241.53336943221,17076.5801233208,24127.10001526795,69818.04234752744
4633,18259.16617371106,15563.35513683744,79260.6564885592,50114.25816042155,78428.881488532,44223.32531085549,12496.9546404353,18573.54635822151,27705.45227035689,133198.4880769848,95623.76576238534,52732.0814356987,54725.01486964215,29208.20504288577,137863.9357694933,75969.04817950353,46651.26171064819,33302.03272204851,165848.3269266373,37012.89216176805,9413.160698273521,24682.76042088025,58039.60155004298,20129.37785399994,33856.81332985064,1823.069986412261,38083.64416185077,25832.33076939139,16889.30041025765,24004.58043133196,68803.68954790906
4634,17506.66650682978,15240.81760240433,77589.46513328885,49652.48928405587,78463.17960755678,43347.80550721945,12388.3016125038,17973.06936423068,26841.87858547212,131393.60747561,92538.41686802772,52062.72011123483,52457.14116635171,28289.76250053686,136037.88223825,73325.63933486766,46456.80869939001,32219.37531381059,160027.8639549962,35421.52695097779,8944.440136961899,23071.06897368264,55202.21752699657,19890.86663213115,33599.75153399559,1778.132906927907,36556.04229327302,25833.25432764145,17145.94297953189,23595.2312527877,67852.56380606961
4635,17056.93533710435,14996.97966698024,75951.02230100372,49127.4966701689,78185.85033625634,43032.75145777097,11982.05005818902,17673.99435284458,26270.49772651857,129459.2368674661,89816.7021427358,50948.85074051988,49291.1615100419,27964.013311069,133441.8144047535,70286.6286390592,46281.2233261864,31697.3775896388,156158.5242691404,33814.17804218709,8068.13355381641,21974.89727416845,53323.94012557419,19398.20826446804,33093.22348522637,1702.53698171717,36104.16553347967,25907.40436236237,17180.62440763743,23683.17054389001,67172.54816651843
4636,17056.94011201173,14883.21196860792,73081.89214224521,48549.98586013134,77961.59169609858,43032.75147291528,12090.85346329367,17378.70371163214,25789.09575921643,128302.0083124294,90332.42831900374,50770.67807863745,48352.1672492478,27964.18871855652,132294.4361184772,69852.14377164612,44405.25361946592,31413.70146745145,146753.2168589355,32470.41078041788,7843.396271129747,20914.93128787222,51903.94232546586,19646.43740855202,33088.03517083739,1657.770450323366,36095.09479241251,25751.76750054613,17028.02612429635,23572.09012457105,66921.01608085254
4637,17346.7987781964,14930.4460448431,74264.16707673232,48550.03149072956,78597.73697280661,43362.26628078326,13273.20581426865,19065.38460141893,25994.25242290074,129730.2366242228,94824.7780021821,52558.24347275904,47932.66830150295,30765.45808568142,134105.7537268372,68980.57269065859,43744.14492350526,31053.05901794441,145129.1190957889,32192.60263955925,7763.933102991828,19788.81009847915,51905.13201290694,20909.99172818176,35278.41423964153,1655.559229192091,37229.89950152792,26155.31670145407,17166.75183671854,24134.37723160681,66968.96501928044
4638,18589.53487677501,15457.80841392155,81815.3232670194,49733.14228376463,80973.08161442901,44304.59644370097,14852.62446860274,23932.32445616409,26385.96079956222,134911.1499761905,99395.71115648914,57027.9437823148,49592.09251287939,33628.11744770918,136180.6020889443,68981.85037210667,42846.78114602729,32023.64790187522,143890.3546614773,33264.45513443162,7878.339844355285,19313.92939460547,54240.08585686958,24425.0121238733,40029.25041289644,1655.581215665431,38673.13531431226,27571.65966877247,17520.50240565823,24068.90083843729,66923.56391228299
4639,20368.61626481516,16308.0658612567,86744.83916902135,53033.1502083708,82490.50103192149,43679.85571842016,15538.31219910749,24541.21231307879,27674.08730663499,143198.8134281682,114374.7048941351,56078.41018959969,50196.82051204635,36049.25047965673,135474.8739482435,69851.38860170724,44231.90694094346,34782.00908953656,147475.0606986622,35414.71878740257,7843.884827851107,19005.7830825322,56191.42686007921,26809.99428625682,42309.51501898454,1798.909766368508,40678.66514145554,28438.18765856277,18019.9149716713,24262.48007194899,67342.8652813192
4640,22612.56958570431,17416.28950332767,88339.84766400886,52389.93664351719,81323.38759588762,44358.79497267597,15936.39879519211,23666.30445179109,30148.31129393625,147088.9679685085,129346.3477781739,55651.50694128894,53255.02600435584,38358.70633444094,139676.2514926083,69853.52563234529,45566.10816266207,38980.92689383341,163249.2715805079,35955.16028057811,8081.098047147058,20665.86300098345,61506.67906792244,29609.52193002942,46364.55661297574,2036.164572857672,43826.45889168885,27502.80999961793,17978.29725891459,23425.70130857168,68395.48770478503
4641,24259.53253230447,18794.49133635611,95104.86388930648,52430.79643521383,81975.95487309196,46936.40689871194,17099.57683073478,23974.41175529433,34471.68737052538,150329.0463126182,135980.2436345222,56165.25126361306,59994.21542638016,39855.29898212858,143058.7145828779,75921.89421961656,48704.69124811973,41736.80259337267,194628.4539977502,41640.41918338967,9147.914232909514,24323.21276724819,69559.20226820589,30824.45255820729,48406.84660727587,2273.797192524848,46305.62089385166,28940.4809271908,17603.73783278822,22910.98261415546,68736.82749542748
4642,24862.35173616966,19475.40092943849,96149.61875029605,50346.60052955398,81841.86835761643,49507.14218941846,17899.51967670698,24289.61040350408,36483.23453750967,154345.9636910986,134263.6519346349,54364.17489326096,64283.60328167156,41102.84301383085,146380.9846489679,78952.05800490553,51192.63415305232,42601.74799139868,202625.8784842579,44274.79951896414,9826.733701457268,26815.42906526603,74300.18579892885,31530.72189252352,49974.80788354499,2317.520319172583,47948.37971080004,29317.55842995962,17305.47755075724,23174.22054816644,68984.09876157742
4643,25471.6405798413,20012.59811023261,101548.8029469585,50351.77441964571,82640.55902351323,50798.11586068839,18514.42273492701,25604.07606797698,37365.09566034527,155516.9290955273,127502.9206926817,56828.39795838782,67404.32666453316,39345.65088095503,149241.2732466605,84616.98532459073,52884.11316101922,43674.74890760293,209793.4979520063,45042.48672320895,10144.12657140584,29263.65982638995,80043.25654671785,30439.1940342281,46880.74348163416,2375.242262460604,48107.83126414275,30085.98739956252,17125.13412396181,23169.38291686167,69526.64832471586
4644,25480.78795769373,19639.90970874107,96484.84423915947,51106.00328667507,81273.67913461012,50790.19507612031,16717.62638480679,23746.40718399287,37635.45056366568,146850.7952415489,136166.6201085429,51837.8616454939,65185.39054429975,36716.22979196352,147864.2787183843,87259.27951560836,52955.25162707245,43271.32035509525,198433.9306945926,43798.09581790542,10144.13254610192,30740.30889740765,76679.22426594331,28751.99252488553,42298.95948197978,2288.836954540066,49264.24319655092,28839.077128067,17125.13412396181,23547.28016312264,69662.56160182242
4645,24566.89458833381,19309.50891573663,95473.76149044445,48535.75911989221,79642.30664095291,50152.77710780729,16696.19642505249,23073.6837511963,37903.58664178155,138056.1814432565,139528.4908469684,53112.46260345761,64803.46502941454,37046.77804134048,148552.7940539063,88419.75402852628,54537.10813429776,42027.25329157496,191408.8147003779,42936.22161820502,10478.06099332042,32103.72503066092,77265.10726313211,28622.94982065335,42810.71249805221,2156.00333279751,49670.41405333593,28775.90204214266,17305.47755075724,23810.9501090981,69783.38737354879
4646,23972.0360939428,19547.73701819592,99276.49181786805,47952.22899307756,79186.24129606523,50141.08729900337,17113.614871137,23374.04284924061,38148.60134098594,146730.6988156138,137311.824199601,54928.94663528593,66045.88471072863,37980.52570390351,151297.8183691783,87332.90707705863,54544.22336367202,41548.9007102774,203610.2152087379,44275.4649267046,10502.12967939995,32462.37735041181,78139.00543890997,29598.21171529861,43328.0856892212,2117.080837380607,50964.42858432781,28737.89664448483,17360.96783604944,24069.37477464964,69624.80597195253
4647,23969.17041962406,19519.40141061704,104481.2192851298,49145.22667580566,79624.04600093699,50503.69781961455,17113.59856400324,23675.03317876101,38047.3088795156,152948.1382592097,136027.3340266654,57294.44242659601,66045.86779727938,38623.14281874252,152684.5625018538,86423.37623531993,54552.13032459572,41199.34278991662,204863.8779410345,44277.21088817408,10382.15247145347,31992.59215347008,79134.85411267522,30323.23937889068,44872.30935150213,2109.24381138222,51566.5540683897,29087.82548984479,17263.85983638399,24455.83436037154,69622.88174601723
4648,24580.02958168996,19627.14309007311,106721.1802073092,50946.40059687878,81193.04066880456,51113.03748952394,17504.88226377922,25319.18177712965,38043.00640213965,154766.4526912397,128959.4000671589,59433.53503642759,66279.96448026443,39928.38504840029,152686.5932258034,85076.77836042177,54484.93872952955,41644.30680448692,205003.1176412609,44900.74921470322,10065.3349095479,31727.25435648159,79118.74231502644,32007.01955874995,47398.30813930881,2116.087833746492,52728.46649140587,29914.51144881366,17159.81555206736,25415.52787665277,69672.59059115515
4649,25169.66380381007,19745.93253768185,107545.7679092192,55730.97544198904,84028.49637036833,51445.22438515711,18099.61267150423,27574.09775635009,37769.64720509375,157103.1311753295,118277.5193144172,60403.05136186273,67857.17654568287,41749.26475621476,151995.1861181427,83197.61478913175,53903.28772571073,43943.75805934111,204863.8673060738,45618.01054715691,10064.79091268028,31522.31114860716,79134.8551365509,33164.28768812795,47914.3761020528,2199.2247518607,50801.83216604059,31496.90041548875,17194.49698017291,25483.73446814435,70306.67720974206
4650,25471.64845093324,19547.52832956869,108082.750982881,60107.95434754902,86321.82527125585,51112.26747694198,18001.90800592798,27873.6518548338,36291.36398577511,157755.3285027165,117365.1298191044,60132.73664298365,65597.01301378095,42675.75917442599,149242.791496971,83199.21742788973,50434.87358580508,44566.73640332438,190214.0828798013,45604.42081482835,9906.539343102384,30427.0169478711,76351.2092301445,32672.09558692707,45895.67436233026,2306.478480607132,49755.78208024115,30329.22551927875,17340.15897886279,25797.53034345349,70271.57054792198
4651,25471.67402389383,19174.5138913551,105963.8382149461,59612.60535186307,87403.80282186608,50149.89332502012,16917.9693906527,26974.95677286811,35863.27308835974,150902.4587684917,122242.4751890328,60759.03938889811,65137.05620579181,41768.47518789118,148553.0547530829,82014.6989613825,47946.95176117134,44854.82042628454,190330.6787559327,44008.90537137317,9264.265048313038,29048.52970448115,73398.72552217003,33126.42771449219,44856.50271499672,2375.663718510327,49932.32130111376,30079.42844852986,17298.54126448953,25101.23322527742,70494.33377750446
4652,25440.10038040532,19165.07421912237,102157.0135788092,58956.77943540129,85773.51351872654,48812.38700711666,17507.51390045029,26026.12320745226,34975.22353675388,152722.9953379234,122242.4721375645,63406.40433156287,66302.21177605499,38926.40882850208,149930.0970638411,85507.33901190275,51226.08965963399,44158.58673490122,192670.2963673271,45649.94981548248,10143.53204516072,28065.423658753,73412.27555892155,33126.76338491108,45881.03388788431,2531.36515056379,50909.03654526,29154.6996379669,17298.54126448953,25413.2810368914,70492.82540292572
4653,25167.57350171771,19099.67340220853,99835.37094289166,58113.68537654499,85485.24627866072,50138.43982780271,17463.55023230681,24589.02511261563,34371.69612458165,148072.4657812335,119550.8027602716,61321.12491795934,67588.39389141834,37574.94690834037,149870.1385116563,87259.27855068826,55479.4366135997,42662.76123301061,192670.4124313339,46423.09562929695,10457.43473634796,30114.33761382701,74382.31636036777,31274.31999015269,43997.0210109472,2539.432894550527,49749.09307061321,28807.18477454758,17069.64383866964,24841.1812657982,70330.48211814142
4654,23644.98630136869,18370.41960984415,97100.31060182571,55823.9823848287,84096.64912143216,52093.33827133952,15825.71748326892,22288.78135888842,33692.10758262858,147042.2020768282,114516.4200973445,59602.20472416557,68081.23334866577,34787.16028336221,147870.0387239811,86370.93869646439,53452.95386561632,40150.77045712012,187773.426093023,46423.09324665519,10698.3395325469,30317.4603533148,70535.64087777535,27975.8020020917,40272.17609672533,2385.746449422272,47104.39723621279,28811.57702108033,16903.1729827931,24579.81191453711,70548.86143064976
4655,21253.77208407262,17287.06651571181,89279.08935485086,52038.88977344427,81367.61043,49951.17205390103,14196.34847326976,21019.39509935596,31883.78483129826,150797.513279386,112709.4523745505,58171.16944997205,64927.79607137349,32026.51585471764,143075.3736352947,82736.84982335352,51639.44087623963,37434.96500406939,182868.5920950394,44009.20825497492,10627.73566557589,28364.83569453442,64790.02322495545,25808.57094406307,38318.17986191678,2144.312996098704,44286.31954140328,26935.37750719475,16640.83833309868,24330.70423178847,71018.65784077327
4656,19882.4501400551,17193.31395989369,87174.89347234648,51820.28428454151,78329.52004652354,45890.99325934627,13409.75610138189,18496.30385378365,27699.01874280348,158936.1990279486,135277.4414386939,58937.84048269179,56686.46904548647,28932.62024727975,141294.3458632742,71597.39712348537,49143.72182532865,35426.2705375961,187784.531308319,37731.8465081085,9718.622322803481,26025.15923237192,60436.46245653766,21736.37323884134,37821.65133580067,2024.823009152643,39852.58541656839,28216.84984869647,17504.89374701815,24133.115431227,70916.47020071614
4657,18451.82219275834,16210.37151556289,85035.3636990825,50852.0059820946,77634.38727290774,43587.43577236015,12886.01447160172,17592.44642876922,27154.30885381904,158043.9134474463,127503.8668955446,58417.39300879394,53273.06858908934,27642.8294162622,138458.7042634625,71168.43114160087,46423.92437892629,33166.10458093986,180913.9641626528,36093.59383640136,9139.995585933206,24061.83862623883,56712.79789390758,20528.11294141576,36089.01652600493,1878.312241617599,38478.49491224956,26665.71322277224,17402.12207132031,24682.65669182591,70185.6980270581
4658,17883.55841989693,15925.21394800685,80887.19998086504,49411.14086179751,77498.52169414026,43077.6289233151,12241.92971905991,17255.28052712033,25873.91124566873,153111.6167687182,121696.683772775,57399.70393689922,51801.71834028367,27452.50043964876,136556.9350258083,71571.24111101849,45116.64916275658,32843.97616551806,173566.5856266646,34019.99573158624,8696.467834750858,22725.25448492523,54240.49677934284,20144.37793507969,35235.52194770321,1804.372576081171,37252.23761009647,26561.06037492627,17240.59150822832,24490.14370853592,69155.25969291542
4659,17679.6641011514,15684.4477389096,78193.4519125235,49438.42011008332,77464.64630996037,43246.23542733985,12390.73742153718,16929.19573227895,25029.90017152595,150005.3972539011,117069.0832543926,56561.07868397477,49952.61404016201,27271.21323196579,134943.1761707164,70892.5569182175,43856.81371217314,32075.25519507585,165878.2415944498,32810.17710776004,8333.907521468025,21772.81178382675,51715.80347973685,19565.23877083413,34545.83415895577,1732.527744888522,37264.75865948667,26465.99542260548,17272.02548506808,24682.60713082014,68859.46383358106
4660,17100.52089218753,15404.09033626782,76820.28091921283,49170.42013330718,78204.58642470342,43237.42807990315,12529.48654173728,17237.80540784754,25014.13127047705,148720.2068756145,113198.7789482811,56557.18479962773,49446.9182605964,28192.22898765831,132687.0850389714,70676.03871595881,43729.01253601289,31800.75681889093,162058.2653199448,32207.59703050832,8076.379024357442,21097.11212861356,50476.92391486938,19570.85714808794,34062.49112284778,1663.492221689809,36653.8306602849,26101.64757689515,17252.62089840693,24865.87269346498,68856.15879822783
4661,17651.06355413701,15541.34782658803,76723.60445633666,49170.54747674892,79159.3026447076,44133.19072773047,12972.85560569863,18473.57570729163,26120.06342995301,148608.6828633003,110588.4485651242,56558.49707696237,49283.18841527069,30163.07148537242,135314.4625116212,70441.39908101271,44353.85310232911,30929.16843525868,157351.8742486295,31704.28961333745,7932.525211149395,20401.48396032121,50444.74730991549,20145.13947759976,35069.45491788138,1651.358084511361,37281.18657964179,27029.58828097209,17528.11800932514,25140.86131741175,68649.8789103863
4662,18823.78605430945,15958.54826657848,79882.6808496449,49264.12327388809,80605.1790687161,46274.6904225932,14802.12618800434,22314.52964505447,27881.6606133695,150325.479582622,113196.3542042335,58899.33331236,50963.91008518368,31888.96199342661,140394.0285461555,72051.6655608689,44300.88262761009,31787.22352861894,154438.7597664542,32896.71486664085,8115.138708528058,22316.26040640897,54735.19067008531,23763.7113553555,37790.22454663872,1664.073094877763,39801.64536696235,28504.9438749934,17703.78930925624,25232.33272751511,68820.20847973846
4663,20222.22891170708,17231.88569707357,96088.36368952475,50302.7102357461,81772.4820852931,45350.09771065891,15759.52207060748,23449.148840314,28615.554175569,145651.8475661513,105660.7940831033,63215.59037907497,55275.06080388619,33091.12409147226,142983.1688047666,73692.67880194093,47758.21571553452,37255.99781311429,151035.6402982851,35436.15377233578,8383.102289080474,24614.19481297502,55467.28238019699,26932.12843401251,42188.38688048001,1819.557348685097,43897.46875310745,29641.98163779299,17856.3910218052,24719.4126998735,68743.3363745913
4664,21899.44094386757,17799.01926310991,93288.01670236571,51821.21096411721,81496.5716716642,43344.77124388653,16155.75778736146,22725.34181553283,29907.4683317184,127952.7157141185,100216.2452407743,60011.06365833413,59881.41658956412,35030.00880775921,143174.5173301697,82067.64886602532,50078.43088366303,36521.17419010147,147796.8250359214,36584.48191384178,8645.03263956158,26574.79057286487,61252.66117023354,30613.88154569175,46587.36018052552,2024.285256017539,45059.61023312235,29386.59926469611,17399.26837526135,23960.0645814251,69242.40632772066
4665,23153.59830806436,18713.1351511962,94092.89985098863,54470.13103642731,82155.98552374821,44895.24781075326,16198.23676336182,22799.42022963914,32275.45976219663,127055.1016602701,104164.7067890177,56528.84231959686,63424.51128086111,36705.43024711436,143174.5173165449,84068.33658288384,51269.7099905827,36823.21068948622,151187.2824875074,38645.92007285331,9317.77450650334,28673.77095439332,69020.02262690147,31746.98984414117,49216.70437679687,2242.917964440068,45849.74264380816,30033.97037058764,17031.40852241956,23157.01671115942,69365.16834641699
4666,23916.81923477564,19353.02569464333,94999.65713296467,52887.54876918452,82615.65121277681,46455.68653018893,16319.43846249518,23783.35893147111,34794.44063695221,130199.181380441,111118.5054659252,55457.33600513307,65448.25598012676,37810.13067702259,142126.4763356244,83057.0671107848,52431.25065945013,36821.29370872893,159952.0686446393,40040.30885138718,9940.098458710647,31146.16704890236,75103.49979004935,30584.0360182608,50266.89974338935,2371.931983697949,46096.53197174326,29354.82025083264,16738.17486592568,22758.182097458,69953.078115847
4667,24288.44816778716,19550.14678314225,99583.64211049183,51820.28401528124,84000.44979469062,46045.95479423513,16755.46395444363,24918.95004575541,35434.19162235776,130745.957531343,110341.6798551529,55599.60750480252,67447.77082981024,36412.96354077753,140549.828856471,83926.96734099126,53212.6855685519,38981.16714258834,167776.2200110878,41415.65810945877,9896.47940455384,32563.73007455373,83568.79658201075,29398.60718506657,48659.98235248624,2408.634160828249,46456.44077938538,29642.11386164322,16746.77432020058,22848.91888001531,69784.51241311118
4668,23926.92875763814,19025.72487675123,91147.90448140919,51820.68504941448,82871.51660695873,44982.11248621109,15963.01457538773,23457.06868431335,35007.44349806909,127632.7268673862,105666.7722619026,50730.72365908729,63396.29789608905,35223.40346491686,133160.4474738377,87977.66767581596,52287.70365444436,37512.43817308091,171587.6826239981,41437.51067110109,9701.715691604917,32601.20850299911,77970.66421728463,28073.57829555368,44240.15076816565,2370.26587945059,45929.49764216254,29232.49179425567,17059.73830857874,23217.21336716208,69821.56634080425
4669,23554.1181198192,18306.60888897198,78694.543988212,49638.69077725341,82112.25696287469,44486.42628646206,16079.19903460933,22475.06924424624,34969.92220443935,130907.9618174624,101710.3658062348,49543.02188705314,60726.7309599153,34445.17370168243,134218.906271089,86200.41961639743,53225.77723532567,35426.23837887647,173370.3027056165,40264.06180882182,9750.547985200288,30912.53987483407,75267.76790711295,27768.79898020791,43716.56022127043,2195.07823445024,45630.7099948165,29033.03071453063,17220.35812412848,22851.04414219034,69077.01743162253
4670,23003.23813922472,18108.39385883083,82218.49023178151,48711.71994254442,82373.18599453702,43993.8740590454,15419.28029575847,22619.59943512452,34504.05389166796,131192.7079545196,97095.05253669039,50208.21307998255,61316.74782395762,32179.81438868081,138455.1731116743,83292.72034016067,53265.14564002947,35007.3300999815,177303.7764108393,40494.2847212146,9896.813351091525,30609.55589453875,76640.82788839548,27895.23843203892,43687.5975639764,2174.326598773633,46225.22630384957,28865.05121011223,17279.85752366115,22850.852536161,68706.51023364672
4671,22640.75160964208,18061.81263924805,86479.76488551272,48209.63806170496,82737.99714168989,44150.51613165356,15961.96638200907,23126.8684989282,33863.29390949418,132383.2010784268,96237.42959384898,52249.09679336338,61269.39529956115,31878.88992438499,143214.6539484643,83108.2270779323,54518.75955902234,34588.30448082506,175398.2965008131,41415.1796308732,9941.359083111174,29450.80671605763,77866.85641199109,28264.50869759362,45288.42773789637,2130.840562948921,47447.48225647406,28378.79760430907,17240.20843812607,23400.9664755545,68944.89013064971
4672,23555.01007552707,18661.85520510384,91249.7386184439,49171.52404763443,83032.01289061399,45692.75368849654,16898.60230291221,24517.67785333453,33954.29958813304,135399.2104743143,101766.2311435032,55456.26710218503,62744.65427293955,34380.72664446422,144221.0811753895,80995.10774863933,55047.14735328445,35704.44049106459,177304.295463648,41651.63609281599,9983.747888847858,30999.24002131125,79113.70492625603,30181.80142746747,48431.82599667193,2174.819951321489,48577.59141674809,30429.72858116381,17226.82482064514,24398.52252150007,68059.23680172858
4673,24621.34672543011,19407.4514021668,99320.32812160111,52298.07006830921,84756.58161325825,48207.92493533401,17796.43875729014,27377.70139543169,35418.3177573123,139978.1452364056,107224.1558459127,57912.34291164236,66435.94763551411,38554.2873993672,148927.2624974892,82801.84330524088,57114.72739568708,38789.25391966165,178176.9173749302,43939.33150909363,10300.80367810584,32898.61735331736,81602.35783845572,31940.0442865815,50786.21216714047,2244.395208084131,50044.756592621,30964.52088885534,17398.33113691443,25690.88744667728,68022.25250490037
4674,25408.44500142792,20341.77540811201,112500.0375087467,57233.64279669092,85844.63711021749,50079.21476825415,18642.06473198493,26713.25098022354,36621.64746060322,142742.5011191749,111116.7315149991,59665.09189954782,69143.94357826942,40551.03287887965,154707.2942788382,90777.78167179851,56579.4487619482,40506.20489107697,183974.4089725896,44636.41068496047,10431.13688247839,33963.47267368661,79266.30326527852,33299.03808656967,49514.9198987876,2313.190980344047,51095.5056240677,31335.72805934054,17073.07329593325,25512.28776793959,68432.49786431494
4675,25757.11417603376,20773.19293013029,111976.0469702661,60988.30380933307,85547.49643051927,50959.4848352266,18260.44998921054,26684.49662085099,36529.51767917391,142237.2309711796,109617.0600716393,65097.48343416606,67941.97535365932,41145.24764571868,149037.5283759346,89033.9747900845,58721.97913953183,43803.63360775512,187786.7840961814,45330.28848585467,10792.77039780805,34910.12410506289,75411.47893674413,32351.40981043343,48943.410540475,2335.375980281366,53845.48962947273,31303.19696287151,17454.43862898174,26038.88182051411,69507.56746835347
4676,25757.11417816134,20376.65856206453,107965.2694037466,58806.13299821087,85635.3757899141,49775.25884613521,17813.87277450028,25733.66715833765,35801.01150319746,141733.0826070466,109449.5282437269,66740.46446484099,65947.3208279266,41514.9284696563,145699.1688190031,86870.76123180815,57467.06517634186,44360.92973760336,186832.8602258399,45329.29684583203,10785.43673138393,35042.89793480768,76623.73183203202,30973.36876575577,47122.59914245378,2522.221777256249,52566.3566771215,30787.08376438813,17228.59984278292,25335.02578156785,71218.45888632863
4677,25388.36221307419,20370.98430529477,108015.5627918703,58324.49652718159,84514.41603844735,48842.81726960625,16877.09222676542,24269.42565481885,34968.42055127564,142664.6306227309,106719.2365148579,64078.68990033408,65263.67023955833,40436.90955093181,144746.6007538458,84094.54408462725,56126.42734152667,43263.07475885985,188737.3085232379,44798.03191428858,10609.56336702963,33607.46327781264,78358.83349804636,29425.01213360472,45284.60600542787,2545.270252770398,50267.47251991934,29870.94749736586,17108.54203351716,24958.01418156755,71407.17103071953
4678,24076.27184783107,19822.15844539179,105106.9156068107,57032.78611293514,83569.0771671613,51953.43956478561,15751.91631165586,21987.09827860294,33331.39728444147,142682.0182725971,100990.5769272823,61162.30387230521,63395.83020045568,37054.29761186543,142081.5064502729,80035.30969045706,52558.46738721318,40903.98704813012,191629.4961957543,43697.00363953078,10431.48192646761,31834.86908775774,70828.85280941441,26359.01189190216,42147.35498581318,2483.242465081142,46703.18331935577,30205.88824348137,17022.07564606422,25040.76855934437,70860.24981527716
4679,21912.02887085012,18561.97493937769,98879.6441125621,54028.79147049452,81701.88087916415,49388.24789395514,14228.40987564574,20527.51644958407,31237.08490202597,133323.5364010327,90169.88286762743,57968.49774979144,60201.48442503392,32182.70013853162,138339.8476156388,75979.93565916084,50552.19636655085,37950.42922526861,194258.5056251264,40559.25911226993,10075.04647697048,28443.66097983716,64178.63678306353,24250.56838189194,39786.20186325664,2225.039162514689,44496.21259541639,30262.00374946488,17421.87018022463,24965.33505509796,71050.8690640277
4680,19886.89757532367,17336.62084504638,89515.5303146224,52097.99311329792,78128.11408241377,45635.66494503077,13612.52308427571,18307.52158203351,27583.90124836245,163089.3533277972,129041.0780592059,62049.07047337446,57649.31281849979,28758.19272981744,143592.6997971951,72440.86181044887,50886.18569129609,36200.59221089383,195350.4684886711,37905.88011969171,9974.869311972077,27882.43463078811,60797.76473742486,21870.50982453974,38212.08265316676,2001.274338894706,40978.66729967418,28096.37009494705,17189.1544675884,24407.8021816062,70508.9834353865
4681,18458.0944987,16344.62596981284,87314.22244990036,51140.89139106243,77522.94184634296,43528.60196363945,13076.36199395955,17367.74987467372,26966.42338690305,162155.507437275,122008.2601611577,61507.67286093869,54345.07820206883,27414.24130502703,140701.8703398861,71966.59677002492,48147.03232974504,33595.64242936278,186992.619147648,35998.77048537909,9405.657671447476,26054.84545947711,56681.00660919914,20637.27383096655,36509.06692915668,1862.502464154361,39606.83616684186,26628.58094831863,17078.66441735874,24880.94530182084,69811.63230705865
4682,17890.55558787953,16056.84223712212,83046.28211498455,49716.65779555532,77404.65929770109,43062.28187162909,12417.0040900943,17017.1868696168,25514.97704291917,156993.477382196,116754.4530256681,60449.0176433442,52920.78401593354,27215.92007871105,138763.0884664715,72411.94370776987,46830.45366041053,33224.37396436053,178054.7423241907,33584.86999757188,8969.346760143551,24810.66420065469,53947.7137635039,20245.60671849415,35670.16268979391,1792.468389684649,38382.5951589395,26529.55142914878,16905.0025605439,24715.1957937741,68828.31991382709
4683,17686.92135126324,15813.85868612029,80274.75311710872,49743.6221666971,77375.16789293636,43216.50616386384,12569.34046259373,16678.14527310918,24558.21425294789,153742.5783512614,112567.8241369831,59576.63429548934,51130.81693884994,27027.02030116369,137117.9222946948,71661.59006732541,45561.65237006755,32338.38613761956,168702.090681198,32176.50559010507,8612.685829075817,23924.06729876098,51156.49788258444,19654.49628959292,34992.26499187502,1724.418497634068,38395.09562038302,26439.5946175378,16938.79729684999,24880.90263086855,68546.05194619375
4684,17108.51688185746,15530.91932557227,78861.93234454634,49478.7156427325,78019.34873261732,43208.45008718543,12711.37973412942,16999.01738600046,24540.33877924317,152397.5271932835,109066.3274646573,59572.58366637818,50641.29409452848,27986.71113424312,134817.9226394297,71422.20741629173,45432.94167444106,32022.01357968074,164055.1982905554,31475.03487644882,8359.347694175543,23295.08119783155,49786.83436086303,19660.23080314901,34517.18461952598,1659.029522208258,37785.17214984762,26094.82433451231,16917.93538387331,25038.69031007424,68542.89806292359
4685,17658.35728634022,15669.44089188616,78762.46438634259,49478.84151628257,78850.5104496339,44027.80377208931,13165.26238776868,18283.89034502336,25794.01277812272,152280.808686485,106704.7397373402,59573.94876824044,50482.8005835623,30040.31278742801,137496.434689017,71162.78969868195,46062.22902814551,31017.46612030442,158330.0075340978,30889.12866009744,8217.83459117797,22647.54431381034,49751.26099012718,20246.38400270049,35506.93454649027,1647.536326227235,38411.49652865335,26972.90384820266,17214.12292209129,25275.44955798931,68346.05215427667
4686,18829.58389311683,16090.48354886234,82012.7578838889,49571.33719275818,80109.26892256254,45986.63256503154,15037.91037701472,22277.46249488331,27790.94230623698,154077.5692710254,109064.1337784396,62009.01323201029,52109.77016807265,31838.67648451041,142674.8603137339,72943.101260469,46008.88157976051,32006.41581287366,154786.2866972333,32277.24523579195,8397.47670206119,24429.94535794935,54494.63066792522,23939.75462365739,38181.1930994101,1659.579712905056,40927.81100910383,28368.98391757224,17402.98751558456,25354.20446046845,68508.59189190893
4687,20226.24293427956,17375.54780952127,98686.37352336464,50597.93602015488,81125.5055373889,45140.90803365472,16018.00894297393,23457.16516570581,28622.87694977842,149186.251796258,102246.6495184596,66499.01729154999,56283.04360122371,33091.31949114652,145314.390968523,74757.40645943653,49490.81938447351,38309.44074592525,150646.4887443961,35233.43660140863,8661.080126458917,26569.01527078168,55304.00660593415,27173.66538972117,42504.16962564262,1806.851082487404,45016.89976856767,29444.9250433576,17567.04994592032,24912.59142847438,68435.23544622908
4688,21901.31555971596,17947.90440509388,95805.16760428106,52098.90909645656,80885.3020420156,43306.63683026118,16423.64057856909,22704.59806313787,30087.37834118059,130662.7410425293,97320.92064912313,63165.49526942889,60742.08098551557,35111.62139924934,145509.4635594613,84016.77825983669,51827.54677044391,37462.52123959713,146706.5621804998,36570.21919901395,8918.748490190186,28394.06797429814,61700.12654589061,30931.52325068663,46827.9432547556,2000.764990592447,46177.13037785386,29203.26517329397,17075.59640257009,24258.80914886861,68911.48099508072
4689,23153.87315438659,18870.43886434043,96633.29144129728,54717.25338535094,81459.37791716965,44724.85703792516,16467.12685652149,22781.61994266944,32771.71052243015,129723.3184924201,100893.1268320192,59543.10028565528,64171.86201408942,36857.39674234849,145509.4635455712,86228.7397695657,53027.30382388955,37810.63280670103,150830.9571506269,38969.96414769378,9580.543871099717,30347.93827143261,70287.4597693265,32088.05379401549,49412.33927679593,2207.849229777097,46965.96359999734,29815.85098113811,16680.10948127607,23567.40232965158,69028.62863060868
4690,23916.12053693576,19516.22249436989,97566.2309877111,53152.93844642302,81859.55601757413,46152.18962199468,16591.2026058233,23804.65491275147,35627.20287727071,133013.8411572634,107184.2866482554,58428.46146146063,66130.88421952675,38008.48549335971,144441.0253690706,85110.67964983881,54197.11080047712,37808.42339433904,161493.0699943681,40593.18889162063,10192.74170988208,32649.40870647059,77013.14723070615,30901.06079259419,50444.58173924554,2330.048557658718,47212.34714041766,29173.19374640624,16364.85334465052,23224.01436753457,69589.65100645357
4691,24287.27543003885,19715.15897403785,102282.5767515768,52097.99284714566,83065.14103116137,45777.40819022799,17037.56754967326,24985.36812127166,36352.41840635039,133586.084699816,106481.4860217516,58576.4599706316,68066.45148354628,36552.6488427413,142833.6928426923,86072.44185305876,54984.10692804932,40297.78122804019,171010.9273932855,42194.24950083659,10149.83240100876,33968.97048728127,86372.09425453127,29691.1282076789,48865.1343170759,2364.812077180963,47571.66416193279,29445.05016240196,16374.09863649121,23302.1367716114,69428.79446697734
4692,23926.21716436181,19185.9073921161,93603.26047391555,52098.38925224809,82082.30861766344,44804.31211689836,16226.32685591115,23465.3997003916,35868.66086036779,130327.8479588984,102252.0580268137,53511.58364496676,64144.55093711457,35313.1370394472,135300.497754277,90550.89851202577,54052.54221805483,38605.00057315985,175647.4631569654,42219.68833061068,9958.237776187307,34003.85789679064,80182.98765597885,28338.70992284962,44520.85897237036,2328.470459244459,47045.58745985059,29057.43838489479,16710.56689548548,23619.23034638057,69464.15377486715
4693,23553.88207380226,18460.16868921451,80790.31403191674,49941.58116255327,81421.30848357592,44350.90817635071,16345.26639172806,22444.38104758414,35826.12708483289,133755.6347184934,98672.66401972898,52276.07202099976,61560.36089142176,34502.22803469946,136379.5565008568,88585.97201822644,54997.29176396388,36200.55514642544,177815.9697385287,40853.66239988901,10006.27549753138,32431.9330215939,77194.75652841682,28027.63057795852,44006.21911331623,2162.536457689049,46747.29109913289,28868.69498015396,16883.24960565311,23303.96657630281,68753.65597455538
4694,23003.70478094915,18260.12819322375,84416.01285497767,49025.31010688674,81648.46941101368,43900.37087886422,15669.69903098407,22594.65406685434,35298.02327157538,134053.6435799423,94497.15150782347,52968.03987890499,62131.50810117645,32141.74228526294,140698.2704640738,85371.21799804294,55036.94034081878,35717.74324211576,182600.9285225885,41121.66766052217,10150.16091375188,32149.89541666142,78712.76539935928,28156.68363327938,43977.7515675287,2142.88095089442,47340.82986469796,28709.74154605883,16947.21753843574,23303.80160766247,68400.0935075163
4695,22641.68062947007,18213.11798283477,88800.330159751,48529.02362433275,81966.06856047925,44043.65131114586,16225.25380677239,23122.0791905391,34571.66395351879,135299.5867350811,93721.25285930432,55091.07750536925,62085.66998394269,31828.1814715102,145550.3813251236,85167.24213943451,56299.4758229514,35234.79609752101,180282.9664573473,42193.69249816165,10193.98182209499,31071.25474827438,80068.22124267078,28533.58700733602,45551.2158326135,2101.691905079222,48561.0761023583,28249.61588518642,16904.59072105067,23777.43779191282,68627.5713674266
4696,23554.77289175535,18818.68665441268,93708.03503211646,49479.80681486877,82222.03429101285,45454.33530010364,17184.1001310401,24568.15159690514,34674.82711057358,138456.0738975658,98723.20585754656,58427.34953079899,63513.74788757732,34435.07473178473,146576.3958519334,82830.97617324987,56831.62398154678,36521.19643793396,182601.5599355539,42468.95430878129,10235.68090047454,32512.6392742344,81446.69496645345,30490.51169461961,48640.87825383176,2143.348243907255,49689.32706158555,30190.34385073083,16890.20196502735,24636.31193660081,67782.42239967252
4697,24619.74935120234,19571.14943669049,102011.6596734975,52570.26394219921,83723.41812695506,47754.9612909943,18103.226938865,27541.81661625595,36334.42394647437,143248.283369494,103661.0359793574,60982.29243261133,67086.98796410044,38783.89067008387,151374.1698718472,84828.50406117862,58913.91831964705,40076.59202436086,183663.0796487803,45132.08805127635,10547.57773213065,34280.70580058987,84198.06580888895,32285.09882449764,50955.01660891448,2209.248443455272,51154.07982637344,30696.40007544428,17074.58877560163,25749.0101396218,67747.12953815807
4698,25405.84362573109,20514.07812091918,115571.928051728,57448.86666066903,84670.6630318945,49466.62924661314,18968.90520236737,26850.96462580386,37698.50685894722,146141.3956616503,107182.6817400176,62805.59673293629,69708.37799715003,40864.48301699763,157266.6938561251,93646.70618344599,58374.83028170816,42055.46045422824,190715.5631340266,45943.56630193532,10675.79022621103,35271.94383193347,81615.4025505976,33672.18410136994,49705.45685715548,2274.410331904418,52203.10114600357,31047.66111001896,16724.90336915497,25595.2396853793,68138.61278641444
4699,25754.06804728109,20949.46879246505,115032.8074899057,61160.18861483145,84411.97678318668,50271.81187488392,18578.24124721736,26821.06772762753,37594.06942984201,145612.5913621981,105825.9164437553,68456.66423573655,68544.85058032926,41483.6499108224,151486.581768177,91718.75227527258,60532.60835218408,45855.90536838519,195353.2089409735,46751.31779349376,11031.53943967268,36153.14983546889,77353.63860262076,32704.96759914019,49143.71735029429,2295.423490761021,54948.56344382759,31016.87801230393,17134.91006135164,26048.62575660902,69164.51528849582
4700,25754.06804940597,20549.28253207516,110906.2202784733,59003.20602391816,84488.48324417936,49188.60090345707,18121.07436810199,25832.45757445001,36768.24187521374,145084.9610963431,105674.3489980076,70165.78196979496,66613.98819956323,41868.85428512916,148083.2503503745,89327.10210022955,59268.76357386208,46498.21591528154,194192.7877090593,46750.16341341942,11024.32510263923,36276.74453147373,78693.86457523536,31298.44135596336,47354.03240124696,2472.399845262449,53671.53372740661,30528.49720915312,16892.11029515655,25442.62095528436,70797.16100733743
4701,25385.78645444404,20543.55601810801,110957.9658686511,58527.12895521934,83512.59238549935,48335.6970192198,17162.07998747334,24310.03523253363,35824.42482533126,146059.8981627708,103204.2312380119,67396.8600970966,65952.20181719022,40745.56744905528,147112.1432037477,86257.71479881903,57918.58485496004,45232.88534138787,196509.4948469064,46131.71151841155,10851.31345303907,34940.5466496537,80612.13453933147,29718.07896739109,45547.45943198591,2494.230869772233,51376.42954925205,29661.58784276073,16763.03588544042,25118.02213519422,70977.24261356695
4702,24075.36975651082,19989.67573390677,107965.3326255038,57250.3284124615,82689.59444856571,51180.98181210687,16010.22282901944,21937.02082147628,33968.71108411648,146078.0956835289,98021.4650014892,64363.07760855723,64144.09819911283,37220.91366357682,144395.1802702843,81769.82287884904,54325.23288837694,42513.92348879475,200027.7588155663,44849.99126444537,10676.12965583404,33290.49828936395,72287.24149810306,26588.70207531895,42463.83916396171,2435.479471984526,47818.00099132043,29978.53116270785,16670.0756857747,25189.27186168442,70455.33422618815
4703,21913.8874298762,18717.88653909694,101558.251084808,54281.00808523688,81064.04117920574,48834.60216223245,14450.58955683195,20419.44330368741,31594.61882459671,136283.7203980211,88231.89259440269,61040.70773257035,61051.91255525815,32144.74921284397,140580.7004788048,77286.19897833008,52304.68388841412,39109.80628990327,203225.873943614,41197.30513043463,10325.49392813369,30133.73662937999,64934.98663720878,24436.67537006285,40143.04953664068,2190.914809849888,45614.65911621572,30031.63140498409,17099.89565184007,25124.32524870589,70637.23571749945
4704,19422.16447066484,17021.90364418676,87652.96742223414,50910.3242252803,76836.58996059529,45772.78214571517,13762.7412110741,18728.53327316016,27614.32612131004,139214.432779813,97221.24828798807,60467.60336941691,61025.51850423276,29994.28820008817,145925.6467745021,83534.55546071494,54572.87454699342,36905.21271227732,184253.7033110078,41494.7130779897,10344.46783431939,29533.21513535949,62974.39025298499,21480.47789362595,37028.3066785674,1882.781688159355,41678.42911563999,26617.12942013561,16994.91684373677,24708.13782997136,71390.36716069219
4705,18342.91981440487,16333.79877975022,84898.36199414202,50679.50824113267,76681.36774508373,44176.23750725218,13180.74799789651,17933.46671066505,27627.70730512506,138844.0701727327,91574.83298759305,58058.08511223357,58217.50183221247,29134.01742086675,143793.6020322761,82102.78550101997,52831.76831333545,35484.28133258003,178690.4414837359,37450.00366926174,9762.732670805306,27938.14297006551,58435.57747490959,20197.66751342667,35763.03175961339,1805.340198957022,40416.8808564427,26236.31940987076,16821.44869363808,24604.5082007738,70460.00480666813
4706,17570.72215846471,15999.57264535251,83246.02690557457,50214.07218124794,76712.77727065691,43364.23811768165,13071.77900854224,17297.30924876215,26575.4509746902,136195.8070971351,88899.63033388501,57174.83286900016,55873.72344707271,28134.39999822729,141552.1464383715,78771.3447177315,52587.43631243901,34172.00920076374,172046.6639098923,35463.89946412601,9344.288969825584,26593.77491639786,55131.19236874513,19947.36357698102,35508.38087711182,1763.310045391239,38922.5290690176,26237.1788868796,17059.16430629264,24258.27209531139,69587.6341832682
4707,17109.21849228432,15746.8981443226,81626.07083420124,49684.91028623407,76458.80471802728,43072.04176213212,12664.34608062416,16980.46313797696,25879.22882660176,133357.5460774493,86539.72268484984,55705.03235260364,52601.77991887486,27779.86005676294,138365.5088792938,74941.33401264847,52366.81167265878,33539.3039136711,167629.9994012913,33457.84679612515,8561.97856974799,25679.41986616544,52943.77190676541,19430.34669290019,35006.60341849799,1692.604330155319,38480.48794718931,26306.18400923316,17091.28803757055,24332.65298884748,68963.9252021089
4708,17109.22339218325,15629.00756109752,78789.31343952379,49102.8131165845,76253.43317890695,43072.04177617767,12773.46588444623,16667.62626542851,25292.64510312359,131659.5691309428,86986.89157322476,55469.92554625114,51631.35795532964,27780.05096732355,136957.1178140286,74393.76052247164,50009.63844557145,33195.46451740812,156894.2949132672,31780.7573441079,8361.34751560267,24795.26526422303,51290.05864717408,19690.84903496153,35001.46376391239,1650.733692128113,38471.61464164691,26161.34603669848,16949.94362024713,24238.69884457657,68733.2204774602
4709,17406.66961366717,15677.95337678273,79958.24861407839,49102.85910956267,76836.00219158715,43377.64973813591,13959.25649883803,18454.53008460015,25542.62654868084,133755.1782802489,90882.05747028122,57828.6981352544,51197.81857221209,30828.90545279056,139180.4852652731,73295.33511218043,49178.94927573539,32758.33543812876,155040.4656991486,31434.038744858,8290.407887790834,23855.92829981176,51291.44414361347,21016.87729324666,37171.29985732546,1648.665512246781,39581.71896943488,26536.89490986006,17078.43854535886,24714.29305190864,68777.1991476482
4710,18681.93649352085,16224.42709604672,87424.20413922949,50295.36569478614,79011.29490114898,44251.61228459724,15543.26807961622,23610.66451808035,26019.9194841197,141357.0227000052,94845.36046226579,63726.66785759837,52912.78294291696,33944.57577664823,141727.3330921179,73296.94535120674,48051.40341843757,33934.77106230841,153626.4758828652,32771.76482616031,8392.542900044606,23459.81374035246,54010.70478753866,24705.69090475911,41877.57921756853,1648.686076441464,40993.54102914357,27854.96468720081,17406.10060648998,24658.91174773365,68735.55734333966
4711,20507.58843469057,17105.49745074248,92298.09968018132,53621.58096097181,80400.91699571985,43672.19753525505,16230.94978005491,24255.73261813198,27589.48939482055,153517.3357346378,107833.1440708255,62473.7157596223,53537.75090796725,36579.69626559356,140861.0615060528,74392.80879533426,49791.82674629196,37278.13756819401,157718.2448185514,35455.40253192321,8361.783667757061,23202.77815297182,56283.21428772643,27208.59378253424,44136.45783601875,1782.742874647692,42955.41810167967,28661.36848975215,17868.68233809001,24822.64511626721,69120.13971831693
4712,22810.28114100256,18253.88256687639,93875.11148946322,52973.25925153553,79332.09805292333,44301.87862039059,16630.19400616316,23328.83754970209,30604.30781636478,159225.2770908169,120814.5540005078,61910.39780572632,56698.3131208414,39093.26919238196,146018.1946556544,74395.50205674065,51468.26287855775,42367.58024547988,175723.7452422298,36129.90082744191,8573.552439166948,24587.50871835493,62473.29645089035,30146.53852129355,48153.46828697119,2004.649951506827,46034.6963572675,27790.89216367613,17830.13386145489,24114.88011916684,70085.60289460297
4713,24500.35621047846,19682.02974944386,100563.7971678185,53014.44353533712,79929.70600240878,46692.48052545173,17796.75454649263,23655.25265328117,35872.30049037538,163979.3754141153,126566.582833221,62588.3064457341,63663.06008968111,40722.13547006618,150170.1215762733,82043.35821061816,55411.92145338809,45707.93413003974,211541.5675434768,43225.39125138547,9525.937612512756,27638.23173075568,71851.17322538947,31421.53898608721,50176.60419342792,2226.910401261422,48459.89643423368,29128.81005723761,17483.19756125755,23679.52027113404,70398.679066191
4714,25118.9552566543,20387.61516780521,101596.7639255272,50913.6957803284,79806.91227620438,49076.70470648351,18599.02361461054,23989.1804707446,38323.35160213994,169873.3131976195,125078.1836835269,60211.705518541,68096.0117686599,42079.94142100793,154248.1623876123,85862.21931295596,58538.04464451424,46756.32093526154,220670.2416216126,46513.23104261296,10131.94416345508,29717.07627616212,77372.46862997557,32162.72840763738,51729.85998315769,2267.805131147469,50066.89864136043,29479.72397539384,17206.93347196789,23902.17242694407,70625.47577572278
4715,25744.19329672373,20944.28010747411,106935.0284334487,50918.91075938364,80538.3370775897,50274.01609643651,19215.71480196839,25381.75195847489,39397.8910019735,171591.4459322663,119216.180137492,63463.35820678686,71321.18431691034,40167.44304472921,157759.1273006255,93001.62566905613,60663.4036081886,48056.88858393248,228851.7333190413,47471.34346975495,10415.29219238346,31759.23095098178,84060.78339050927,31017.232118068,48664.81397800374,2321.793110970581,50222.87954099568,30194.83537442479,17039.89006872374,23898.08065710446,71123.1011472169
4716,25753.58012311917,20558.08566351798,101928.2070221448,51679.12941007376,79286.57604675808,50266.66997792783,17413.69339423064,23413.70000291668,39727.31588309515,158875.8112934999,126728.183629423,56878.12205375429,69027.98143305331,37305.62533614464,156068.8854564673,96331.66167437017,60752.78974645941,47567.8991375882,215885.3355322864,45918.28073274268,10415.29752620953,32990.95544825205,80143.06972363906,29246.61027454874,44126.00129655281,2240.977259062285,51354.12078502669,29034.44217741141,17039.89006872374,24217.71405975516,71247.76053247176
4717,24815.76400351374,20215.71130996595,100928.5324499431,49088.47339327096,77792.59802359078,49675.49774056442,17392.20111646548,22701.00320378335,40054.03714678561,145971.6607538907,129643.1491094394,58560.01509747108,68633.27304818048,37665.3884937344,156914.0285609214,97794.1869012743,62740.40702757409,46059.98488406154,207866.504672367,44842.61817538863,10713.40745961102,34128.22840244428,80825.38238704341,29111.18730960055,44632.95471890875,2116.736485416045,51751.45084747401,28975.65050522526,17206.93347196789,24440.73162032943,71358.58168804248
4718,24205.33405224402,20462.5726804722,104688.3560826745,48500.30910384069,77374.94258006715,49664.65604678026,17810.83340931192,23019.2097019231,40352.58522994297,158699.5963515957,127721.1517274681,60956.94712397416,69917.27594045416,38681.66375191192,160283.5081526189,96424.45317027785,62749.34737886312,45480.18119284512,221793.8144863614,46514.06150510045,10734.89444122038,34427.39281253358,81843.11424599859,30134.66909541508,45145.4756062525,2080.331839668972,53017.29960500547,28940.2821183412,17258.33144231205,24659.31261290453,71213.13114445544
4719,24202.39336391015,20433.21020455589,109834.3579414483,49702.78109647628,77775.8752978007,50000.95857262303,17810.81705475723,23338.08493944462,40229.16132799567,167822.3135500066,126607.4133345157,64078.32475317491,69917.25846091959,39381.07741630567,161985.7175020802,95278.1877539479,62759.28254814124,45056.48749818718,223224.8099907701,46516.24055324923,10627.7864731256,34035.52859314308,83002.86826549521,30895.54431464842,46675.21641068283,2073.001781507851,53606.31910797313,29265.9310931527,17168.38499383544,24986.18822153482,71211.36624828573
4720,24829.24282819211,20544.85638893379,112049.0450968508,51518.25921962166,79212.72896633722,50566.08963870824,18203.23860183348,25079.92918959316,40223.91880018982,170490.287800771,120479.0446047158,66900.95324553817,70159.19025139687,40801.68111590539,161988.2101877977,93581.0945902365,62674.85568964358,45595.82142925225,223383.7453885658,47294.44789621849,10344.95204237614,33814.20108140248,82984.10464951946,32662.57566782995,49177.52453614043,2079.403072252127,54742.94111785728,30035.25731075086,17072.01380000167,25797.9170900192,71256.95910137957
4721,25434.31175276755,20667.95070709211,112864.3288698134,56340.83124235799,81809.38210366238,50874.17582403182,18799.69847692248,27468.83274543385,39890.83321570658,173918.8466451872,111217.1436934165,68180.27345421296,71789.19087371803,42783.49597805989,161139.5174728169,91212.81842570401,61944.00584233602,48382.95037443376,223224.7978514756,48189.62628701668,10344.46639680946,33643.25080307121,83002.86945788916,33877.06262587202,49688.75243644516,2157.161962581054,52858.24229217126,31507.8519584447,17104.1375312796,25855.6076530952,71838.54207659845
4722,25744.20137385517,20462.35642907282,113395.2530944871,60752.57036179779,83909.56645220425,50565.37549181638,18701.70968760171,27786.18641077162,38089.55915776548,174875.8019688837,110426.0413310421,67823.58107731151,69453.38071583008,43791.87692702326,157760.9909319997,91214.83820260294,57585.91150757768,49138.05269333335,206502.7759595518,48172.66561429283,10203.18952968266,32729.6277051778,79761.06715011071,33360.53506187432,47688.98355667889,2257.477575910682,51834.96073720302,30421.19637715717,17239.05720324582,26121.0227741505,71806.34231676621
4723,25744.22761623257,20075.82413298586,111300.2482914577,60253.28750273101,84900.41966841141,49672.82318100206,17614.61899461974,26834.09068006214,37567.9344664492,164820.7313646534,114655.0240890518,68650.01559788254,68978.02936663514,42804.40428893916,156914.3485655752,89722.01081198262,54459.81480404125,49487.2348372651,206635.8645249834,46181.38170905294,9629.80816957392,31579.78341232379,76322.6382622404,33837.33074088773,46659.55802036428,2322.187303532587,52007.65737085362,30188.73151728939,17200.50872511337,25532.08009372463,72010.66030429705
4724,25711.82747764862,20066.04237172244,107536.376546624,59592.25327944024,83407.43360927104,48432.35516511712,18205.87789126566,25828.87722678459,36485.85452495381,167491.9661105581,114655.0214432258,72143.33219507152,70182.18215386747,39711.14704295287,158604.6490620732,94123.72246141655,58580.08179688956,48643.34085613871,209306.4251133227,48229.48810798667,10414.76143742439,30759.74036776798,76338.41848066209,33837.68300786509,47674.48039129993,2467.816596194961,52963.11323989764,29328.16516749704,17200.50872511337,25796.01666590858,72009.27682615779
4725,25432.16673337822,19998.27146170421,105240.9293027501,58742.46370515216,83143.44428547655,49662.20065400683,18161.78637741552,24306.38646416473,35750.46210718474,160668.3425990766,112321.1651087909,69391.71262501512,71511.41218857715,38240.23860923377,158531.0507639414,96331.66045829863,63924.45144714829,46830.27413230229,209306.5575947849,49194.41315573073,10694.99365826046,32468.81096605458,77468.11694609204,31893.6492214561,45808.1371637484,2475.36244747375,51828.41732186741,29004.76268009179,16988.49209837958,25312.12270187602,71860.37589085329
4726,23869.72316187895,19242.58987430326,102536.7289987929,56434.5768090967,81871.7950183729,51475.26797268078,16519.19083459688,21869.4617480257,34922.38992541549,159156.6584885447,107956.0205754533,67123.520451941,72020.74675406226,35206.05851365332,156075.9557841137,95212.10166368092,61378.15719645303,43785.5293538542,203716.8840288837,49194.41018207343,10910.0580331263,32638.24272820458,72988.32250526761,28432.0425499579,42118.2265668316,2331.617794642701,49241.28645444339,29008.85016987568,16834.29818734714,25091.05103247705,72060.6729584336
4727,21415.9147487808,18119.97660240599,94803.75559567485,52619.42450778333,79372.59643238166,49488.51946774135,14885.08364324685,20524.64829285619,32718.96583334099,164666.7470714336,106389.2594042862,65235.20532245557,68761.76539249519,32201.41952825963,150190.5703339851,90632.12459863324,59099.46141036429,40493.74398910662,198118.2527382111,46181.7597230946,10847.02742205996,31009.49039063249,66297.04164815258,26157.65704825566,40182.55633647477,2105.802382614424,46484.54759010675,27262.83106816326,16591.31027560291,24880.35053901967,72491.56928385305
4728,19424.75546515719,17063.25911805073,86980.01769844427,50866.37402170866,76562.10225871648,46032.28231750981,13755.65756338357,18645.72676516123,29206.93032710362,143673.6103010987,100911.9292531805,61964.72643488099,61597.50018470478,31465.41968788621,148655.7276233555,86205.29357352541,55711.00926927054,38656.52293594686,194513.1670776108,44038.40383379357,10190.20919585621,27666.08768723598,63282.41426378694,21717.77275160803,37498.41866042193,1876.881298069557,41450.60726974702,27163.30232327747,16637.21844244397,24680.72618544998,71583.33468949128
4729,18344.51428711949,16385.9355741234,84153.3231858201,50641.44470111826,76381.58288668485,44267.26003637078,13156.49164181327,17882.00077797102,29222.86867224294,143316.2103961449,94224.18147652713,59486.73447471651,58910.5171524767,30543.9935040902,146470.8907638527,84796.40529701987,53906.14799839623,37133.98465585177,189177.7249899364,39976.05925819831,9617.26817844291,26233.6238819352,59364.64882523267,20420.13142428916,36236.44293852681,1796.916570209631,40330.84470431564,26851.80595699952,16461.79672267408,24572.82435585602,70390.29287685662
4730,17571.60362159775,16056.94614021094,82457.74585186249,50187.87898679075,76418.11134244491,43369.57325684976,13044.30733544898,17270.91988422105,27969.52481257786,140760.636605981,91055.60820523766,58578.3819644151,56667.76239431394,29473.31472568006,144173.9339019678,81518.20558926272,53652.86915927179,35727.87554802282,182806.0150849907,37981.29552390141,9205.15013090855,25026.30635751034,56512.40388859645,20166.93365060733,35982.45605673366,1753.516968440382,39004.44345177162,26852.50899514963,16702.1894493175,24212.31443663538,69271.61623938437
4731,17109.67382548365,15808.23057759422,80795.3949064444,49672.21268245165,76122.74791419545,43046.5424654846,12624.85239988149,16966.56346909601,27140.25372241588,138021.7148053525,88260.47779181626,57066.81264892297,53536.84909515925,29093.57105292334,140908.391177156,77749.4038032329,53424.16578664457,35049.92724356471,178570.2162968034,35966.49635028798,8434.66599196478,24205.1645037745,54624.2889333098,19643.9393826621,35481.98697995119,1680.507483018298,38612.0834314585,26908.95405774856,16734.67495275425,24289.76173198445,68471.80862655448
4732,17109.67872990691,15692.18712004497,77884.39847864247,49104.96114928609,75883.90619200372,43046.54248101234,12737.19197075322,16666.05825281984,26441.57309989396,136383.1671018486,88790.11519535763,56825.02457606467,52608.25512485658,29093.77553503933,139465.1265725056,77210.58130202633,50980.67866100634,34681.50083642411,168274.146950319,34282.09469129881,8237.067896652226,23411.14433770937,53196.85383728603,19907.45346871872,35476.86072698533,1637.272594205418,38604.20739873007,26790.47896274711,16591.73873793534,24191.93426561923,68175.96649398345
4733,17407.39959869688,15740.36604603973,79083.92513673635,49105.00596927275,76561.41869875112,43384.40015761885,13957.97137191211,18382.52445538286,26739.32631910238,138405.4298693745,93403.64177494033,59250.82877737379,52193.40254301571,32359.36867309294,141743.5474065011,76129.71026356371,50119.5716924661,34213.11385725318,166496.2334313324,33933.86437891065,8167.200669978291,22567.5673311152,53198.04975576322,21248.81232868992,37641.03898529046,1635.137027817432,39589.54685040606,27097.6718048372,16721.68075168239,24687.13516050595,68232.36214689373
4734,18683.84399767077,16278.27754082058,86745.26759225312,50267.09921426358,79091.2271583261,44350.58884425049,15588.72193237506,23335.41022124521,27307.83054434814,145741.2095111498,98097.87154068094,65316.40703547211,53834.44698939522,35696.52749078182,144353.4583982494,76131.29476872185,48950.7378731212,35473.67316185714,165140.1475573298,35277.42302326818,8267.791697484196,22211.83435456142,55545.23301493002,24980.27339648318,42335.04674922587,1635.158262045341,40842.69390997066,28175.83134653855,17053.03288885725,24629.47072522762,68178.96315296552
4735,20511.18165663144,17145.54316548738,91746.71485588294,53508.48365617471,80707.3212660316,43710.03052976824,16296.6948613732,23955.05050641927,29177.34727044765,157475.9112323846,113480.9095091634,64027.84853793853,54432.47702764576,38518.97488132235,143465.7368349585,77209.64478481744,50754.89123185736,39056.1146240782,169064.3554897119,37972.76154458294,8237.497455452789,21981.00205517817,57506.79424557358,27512.11306865805,44588.03535469734,1773.582968191248,42584.07517524366,28835.45648105846,17520.82413955801,24799.95411079168,68672.12890904503
4736,22816.00055686605,18275.93522758991,93364.99767133778,52876.69655457501,79464.31282337233,44406.15960658879,16707.71947343304,23064.69253571452,32768.3013444291,162984.0744734379,128856.3983416944,63448.52221135464,57456.80986829953,41211.23406943517,148750.5671067892,77212.29500414594,52492.71434094124,44509.48936914741,186332.5171820486,38650.20069166628,8446.06489809287,23224.56736724636,62849.88530185156,30484.02424839198,48594.57147405056,2002.720336209452,45317.27265224542,28123.4210691871,17481.84153634241,24063.0110308923,69910.18194600032
4737,24507.63615907458,19681.70600605767,100228.7288289318,52916.83048641132,80159.31521981863,47049.03317624256,17908.70138419764,23378.24074535421,39043.01414943889,167571.7792157782,135669.2372829837,64145.6956627935,64121.35609963322,42955.89409324656,153005.3009753945,84737.92773769918,56580.78001417052,48088.70278576593,220683.5728267972,45776.62786408475,9384.052773692332,25964.28685476994,70944.58391811234,31773.76536758211,50612.43206529137,2232.222590901579,47469.90394484132,29217.81604565532,17130.99809680264,23609.7031835302,70311.65236408915
4738,25126.80638938147,20376.23621621581,101288.7287243654,50869.65958959993,80016.50933168727,49684.85600347205,18734.642777778,23699.00552666028,41962.46426040755,173259.4290037367,133906.342140743,61701.55647748247,68363.23474045112,44410.22450400889,157184.3192214504,88495.75810720418,59821.3741643572,49212.05685205224,229438.4208626004,49078.80282688869,9980.898265648957,27831.20525064899,75710.398541845,32523.52389746369,52161.6377495014,2274.449774029464,48896.29481097512,29504.85789706566,16851.62276694364,23841.53432256802,70602.483088558
4739,25752.62174370449,20924.17925397557,106766.697669605,50874.7415673499,80867.13722279998,51008.51537998854,19369.53049679477,25036.6835078121,43242.34951250489,174917.4270422039,126963.2465489285,65045.61464956687,71449.3930241632,42361.76938623119,160782.2200546026,95521.06678071598,62024.55855717981,50605.62452129231,237284.8743457769,50041.0926796064,10259.96289532617,29665.17409554189,81483.54885497654,31364.7841892578,49104.58383414085,2330.196818136313,49034.74498207289,30089.80733714776,16682.69814846679,23837.273866795,71240.60851641142
4740,25762.01723743672,20544.03575703981,101628.8458144217,51615.5718232412,79411.37192222949,51000.39405188068,17514.33735534631,23146.20981227222,43634.72790932016,162646.8399892916,135860.6410866376,58273.2392196025,69255.03381690563,39296.50919881937,159050.1256902342,98797.88416081217,62117.21779646067,50081.66878264125,224849.4602622901,48481.25849927032,10259.96814852027,30771.33142110514,78101.89731906014,29573.69166719145,44577.60608059782,2246.747782339352,50038.84576720162,29140.6246618501,16682.69814846679,24170.08436908482,71400.46436000096
4741,24823.33518425339,20207.02577137786,100603.0093738068,49090.98714209467,77673.91460220331,50346.83752373893,17492.21091104727,22461.60667064687,44023.88602395872,150194.3350976031,139313.1951179779,60002.92830901352,68877.33850497985,39681.84739857592,159916.1956040571,100237.0361924123,64177.6167443568,48465.92772230628,217159.0065334675,47400.90599097661,10553.57152554895,31792.6659908346,78690.84890214496,29436.703037619,45083.2376248267,2118.458931542964,50391.5198141954,29092.53403460882,16851.62276694364,24402.29597694137,71542.57487398348
4742,24212.34159179564,20450.01928438983,104461.2290384783,48517.8232232022,77188.19225800152,50334.85174480528,17923.19566802221,22767.26984828005,44379.48702726688,162476.79257553,137036.7359781212,62467.97636292563,70105.99715905721,40770.36819394268,163369.1077608614,98889.19271904716,64186.88446936845,47844.66386155217,230515.9825768022,49079.63691024069,10574.73368640243,32061.33232368864,79569.32415496674,30472.017596599,45594.42211691062,2080.868130797951,51515.0995439819,29063.60327202768,16903.5995727453,24629.88811633181,71356.05767515306
4743,24209.39818817389,20421.11686373564,109741.9037470241,49689.62772076029,77654.46651000647,50706.64307278669,17923.17883089834,23073.57540438638,44232.47665995685,171280.2144040344,135717.5978940486,65678.05731862616,70105.98043294105,41519.50216343593,165113.4659610607,97761.24622464301,64197.1834401625,47390.67299445686,231888.3777432614,49081.82545916536,10469.24487970454,31709.41638967454,80570.38862644183,31241.68951744562,47120.17413100987,2073.299240890371,52037.91901198367,29329.97881259019,16812.64016221385,24970.23938936015,71353.79447639364
4744,24836.8264546198,20531.01376052729,112014.5501179024,51458.80441921907,79325.48970144033,51331.41039803017,18327.17944907435,24746.75823237697,44226.23227838884,173854.8094776554,128459.0130810679,68580.89928288813,70337.48426354381,43041.09452391743,165116.0203688208,96091.27497940198,64109.6650773088,47968.57321366078,232040.8046174493,49863.42583114211,10190.68608409346,31510.65193463357,80554.19244260108,33029.15003846219,49615.95750245216,2079.909101800732,53046.79581747626,29959.27508843529,16715.18365190355,25815.4323203964,71412.26006226244
4745,25442.45407027314,20652.17942018381,112851.1701810744,56158.38297127675,82345.3293048702,51672.00781604587,18941.23889623899,27041.49406023142,43829.49361312229,177163.3686618099,117488.9986680667,69896.57522023424,71897.22714482351,45163.79373622598,164246.3129516371,93760.84717489038,63352.05330226019,50955.00209490905,231888.3661010803,50762.50725147895,10190.20778007725,31357.12904611238,80570.38965567997,34257.67803649744,50125.8523789532,2160.201572514934,51373.91871845947,31163.83344927766,16747.66915534032,25875.50121531002,72158.04776954821
4746,25752.62982829398,20449.80642124675,113395.9888971051,60457.60638261096,84787.7887073468,51330.62088977229,18840.35877955106,27346.33802271416,41683.99378119289,178086.8305210682,116551.9983265039,69529.74635741953,69662.09716027274,46243.8590273625,160784.1298318406,93762.83467293426,58834.37624869151,51764.09970675722,215851.1235330926,50745.47262924151,10051.06660886175,30536.644526418,77772.16429124332,33735.17874580836,48131.29788501546,2263.785721046049,50465.64400855741,30274.96693883241,16884.10827038041,26151.85825128056,72116.75669659095
4747,25752.65609490229,20069.33036569328,111246.1570118373,59971.05708799846,85940.1250515728,50343.88072747654,17721.19161034166,26431.77276977012,41062.68594487815,168383.6876833344,121560.9054884347,70379.66649870592,69207.23482901927,45186.18838866383,159916.5235324296,92293.86474850634,55593.80955600513,52138.2509067786,215978.7620220653,48745.50661104848,9486.353109608806,29504.02019312232,74804.21683042365,34217.48679953541,47104.55656985383,2330.603854484271,50618.9312285493,30084.81448174297,16845.1256656506,25538.63601709919,72378.76203369803
4748,25720.22603961362,20059.70186639436,107383.7832944114,59326.88168879084,84203.82135973465,48972.51056072377,18329.89661526997,25466.18363150724,39773.81914397273,170961.4291346701,121560.902354656,73972.25618601666,70359.48514852172,41873.03596211243,161648.6780014437,96625.23089950903,59864.95061408395,51234.01238480261,218539.9611536362,50802.542872293,10259.44016384057,28767.57578284801,74817.83783604072,34217.84313917467,48116.83253655666,2480.978116086534,51467.0031966863,29380.88526855088,16845.1256656506,25813.45355003767,72376.98794292583
4749,25440.30707027777,19992.99280020235,105028.2633124552,58498.76490001971,83896.80868891692,50332.13724321876,18284.50410564735,24003.70763827617,38897.89229554569,164376.6326465211,118796.6277341629,71142.44107600297,71631.42152439209,40297.56277677196,161573.2573166098,98797.88296417518,65405.0179646686,49291.2982391022,218540.0882098833,51771.67504903249,10535.4360873944,30302.41654179146,75792.95926542167,32251.33380787625,46255.35578821445,2488.769830194757,50459.83600914918,29116.34731798093,16630.72134266513,25309.61073545963,72186.04616525145
4750,23876.42081473424,19249.15133458774,102253.2930454698,56249.73767841615,82417.91389035036,52336.53106821406,16593.44096282016,21662.84358696856,37911.57446179968,162917.8575242607,113626.4473463414,68809.79140537705,72118.80229702876,37047.68720974291,159057.3710881118,97696.216282377,62765.48466768285,46028.83212388803,213179.3159640627,51771.67206240985,10747.24931353782,30454.57571805262,71926.13666439528,28749.70648618218,42575.06661191268,2340.341614733625,48163.47336420634,29119.69081783799,16474.79092526016,25079.42523943646,72442.8953117564
4751,21420.34667485421,18144.12731996472,94317.94475132215,52531.88590895462,79511.4113782024,50140.12810286156,14911.11663483674,20371.0410737138,35287.07321038069,168235.0928449001,111770.7383732013,66867.81412623754,69000.29245763436,33829.4527876672,153026.2560701422,93189.4336460207,60403.34863433158,42501.66022854095,207809.9528190111,48745.88627325324,10685.17154224686,28991.8652387803,66150.42610671469,26449.02614650086,40644.44363052546,2107.168568148223,45716.56500342908,27691.47572113645,16229.06652376502,24860.03847798182,72995.45134641598
4752,19485.65348240688,17041.02365543348,87853.95348936992,50969.64788507457,76223.849875745,46393.29133963254,13843.62741912082,18212.63339388478,31195.9472561844,146475.6155252838,106230.698675438,62309.35641734169,61891.45149494374,32991.32938529996,149819.9731064774,87338.76555235803,55055.70677840796,40814.44024413428,198425.1742049887,45974.56560156506,10123.94989698385,26862.70656720244,62540.58482330925,22294.65113840904,38460.76616134693,1870.441986102437,40455.6438208825,26937.45465716828,16709.23142506904,24790.86581908572,71717.74887448217
4753,18380.3380701001,16376.53439324999,84913.08921199323,50736.30794459504,76031.24325952338,44489.11650405611,13215.7821605401,17446.46467559506,31211.93988925652,146136.4794420101,99394.04067979952,59830.26535621157,59048.18064197209,32077.98031314241,147734.6387492657,86026.44169738799,53145.85686320852,39271.823144132,193104.7000069835,41958.98030789819,9539.452691305132,25353.38599990808,58304.90172502809,20985.87442184219,37243.88155187954,1787.918685694097,39409.24294301771,26615.86996601506,16571.30710039838,24690.96160745509,70639.35257479768
4754,17589.48683399988,16053.77882367525,83149.02776541797,50265.78237457627,76070.21759330567,43520.65701543685,13098.22810363818,16833.42927678893,29954.32698869838,143711.5003815778,96154.91556423355,58921.50995068806,56674.97651013962,31016.68697675059,145542.2905927942,82972.92798051906,52877.84481306938,37847.17065258966,186750.8651064514,39987.17713691558,9119.022245809845,24081.2916097209,55221.20366812611,20730.50389386587,36998.96976625769,1743.130458806374,38169.74139339368,26616.59577321807,16760.31450792766,24357.17246411706,69628.17531879742
4755,17116.8348619874,15809.77605398195,81419.53471620084,49730.8341319641,75755.07717468737,43172.1588063168,12658.6957754408,16528.09939618933,29122.23130082681,141112.5427462129,93297.54843138793,57409.27018617059,53361.95427669216,30640.27209157653,142425.4682042601,79462.43777988525,52635.83778246454,37160.28175065061,182526.9493015072,37995.56914288701,8332.997484891854,23216.09258415152,53179.87252435271,20203.02167950163,36516.38273507747,1667.784942609551,37803.08699506904,26674.86890250014,16785.85604935696,24428.87941305288,68905.22532576199
4756,17116.83988025062,15695.93144872724,78390.96358201515,49142.37177126193,75500.24305131218,43172.15882306873,12776.41252865327,16226.63303226376,28421.17088753499,139557.7279778784,93838.97880685031,57167.37486941947,52379.34882725714,30640.47478122672,141047.9331935637,78960.54587424602,50050.21319458113,36786.99663645821,172259.7642400502,36330.55565016186,8131.413847052382,22379.47042095693,51636.604351475,20468.79704674498,36511.43964605426,1623.166698877437,37795.72696374136,26552.55679565074,16673.47326730612,24338.30285897755,68637.81218258738
4757,17421.4713565629,15743.19745516402,79638.93894079368,49142.41826717005,76223.1205458653,43536.65285392331,14055.62506594484,17948.58924753371,28719.9382902486,141476.6492333771,98555.23073975107,59594.25502407421,51940.36642949709,33877.44212070211,143222.5894955444,77953.75713764099,49139.01569847235,36312.4326974534,170486.8384264789,35986.33361404121,8060.137402325475,21490.63251703396,51637.89731598757,21821.66644719647,38598.29058065129,1620.962802343375,38716.51151134003,26869.69858586949,16775.63943302335,24796.79976480971,68688.78848766965
4758,18727.54420013049,16270.91632082521,87609.72186181882,50347.96482688955,78922.32031375759,44579.01487006473,15764.43221010143,22917.31651714942,29290.37890969841,148437.5564440072,103353.9828059327,65662.52363913406,53676.86189182708,37185.34780363108,145713.6391300679,77955.23304169383,47902.19090380175,37589.61591463185,169134.5568752317,37314.42733752124,8162.75734522814,21115.81320502716,54175.54910125884,25585.14812852809,43124.57876952052,1620.984715987246,39887.55814542445,27982.77610704532,17036.16315726896,24743.40938239186,68640.52087722278
4759,20597.29747282727,17121.74854158409,92813.17682559502,53710.55201988644,80646.62510209072,43887.95559212223,16506.2925707675,23538.93868407232,31166.2634360567,159572.592365856,119079.5414000498,64373.3936079104,54309.67622543646,39983.05395817444,144866.3464512042,78959.6735454076,49811.2917276673,41219.30163854981,173047.7559520387,39978.74138726172,8131.852070029916,20872.59593435983,56296.28651680618,28138.7141588803,45297.06680691833,1763.838495583976,41514.85212803503,28663.76429222438,17403.96135480334,24901.256643138,69086.29580384736
4760,22955.61513817773,18230.72134204118,94496.82183973056,53055.14095877609,79320.38710679291,44638.96677456422,16936.99105436187,22645.73295757395,34769.44873426988,164799.2778845467,134797.3827682206,63793.81032402599,57509.91876972428,42651.71312448994,149910.493381419,78962.14212017224,51650.20387624907,46744.59400357289,190267.4740599904,40648.38292695886,8344.626306318789,22182.88293451495,62072.95713034995,31136.12806197854,49160.44710522928,2000.30740333621,44068.98309079932,27928.66843620243,17373.31150580249,24218.93533597322,70205.37796821614
4761,24686.516478677,19609.85483851889,101637.7780628874,53096.77558978502,80061.92558179975,47490.20179789613,18195.45848578483,22960.28403208366,41065.53397059626,169152.5421019366,141761.9172238355,64491.29300326954,64562.10697506621,44381.07966735688,153971.4568709375,85971.97215756947,55976.07202209536,50371.00911130261,224522.1622805458,47692.78194762987,9301.533344889054,25069.5980862937,70824.52193235814,32436.93677672757,51106.20838647193,2237.152872772738,46080.58389246029,29058.50720354502,17097.46285646119,23799.22639047039,70568.26903264891
4762,25320.05870268566,20291.22472599716,102740.5911941195,50973.05630783681,79909.55767479911,50333.83020547027,19060.93392281554,23282.07476002516,43994.92808201848,174549.5420602067,139959.7692403625,62046.0697322221,69050.71362297623,45822.66159181217,157960.1530017317,89472.24291648589,59405.1712901692,51509.17766487237,233252.4497274944,50956.94749808846,9910.417177025165,27036.68327332128,75977.07145781795,33193.12917465604,52600.06006785265,2280.731168002657,47413.52419657361,29354.84537993158,16877.80559993109,24013.87434652606,70831.15233965481
4763,25960.40029533629,20828.78505169971,108439.8144783077,50978.32831231616,80817.14204054992,51761.84553568523,19726.21081818887,24624.03122280585,45279.17277820416,176122.8132140254,132862.0778235345,65391.61114461775,72316.37767462425,43792.16298641037,161394.1971449271,96016.04082759094,61736.51475335,52921.1233247516,241076.8910047276,51908.16099288462,10195.11052466943,28969.05104912885,82218.69964834879,32024.4460272145,49652.23643276089,2338.261909253533,47542.90374992685,29958.73937483363,16744.9895840225,24009.92967314296,71407.95701895774
4764,25970.01387445138,20455.84471311638,103094.4455621119,51746.85989975595,79263.90138055712,51753.0839303618,17782.21805144875,22727.51096218061,45672.88766333316,164479.2767303412,141957.58284825,58616.23186133395,69994.38401105734,40753.77250291004,159740.9863469492,99068.26696077065,61834.56397360792,52390.25780061057,228676.3628600135,50366.2811551314,10195.11588382015,30134.5576371193,78562.63486356074,30217.98368608298,45287.0101767317,2252.142816071336,48481.22047479323,28978.81584914076,16744.9895840225,24318.07246348106,71552.45149382377
4765,25009.54341495266,20125.2205694132,102027.1757424825,49127.87524409621,77410.10712305612,51048.00167286692,17759.0325152854,22040.71815906291,46063.37129761461,152663.1187588919,145487.0118745863,60346.68814570726,69594.72012824815,41135.73287412995,160567.6134423256,100408.7803098359,64014.81617327447,50753.20878750261,221007.483700089,49298.36395521135,10494.64122453651,31210.69042768407,79199.37851381334,30079.81952234659,45774.57521745164,2119.749201328402,48810.78894204438,28929.16772741933,16877.80559993109,24533.07268823812,71680.90587891077
4766,24384.36762245881,20363.60971389867,106041.2283171173,48533.27942009106,76891.86170658303,51035.07094736044,18210.64654479849,22347.35898177101,46420.18352098262,164317.9190660704,143159.8648140202,62812.82955938005,70894.84346266788,42214.71182649325,163863.272027405,99153.31728103582,64024.62300115277,50123.75186826313,234326.9884822892,50957.77198079287,10516.23022499039,31493.77166185949,80149.1400140855,31124.01837806221,46267.49479603211,2080.955635396376,49860.75690123114,28899.29999425554,16918.67206645606,24743.79583672133,71512.31207531053
4767,24381.3558974349,20335.2549514694,111535.1886801679,49748.90035824235,77389.35682247698,51436.17392401578,18210.62890175836,22654.64423756075,46272.67241856713,172671.4691284634,141811.3546382465,66024.33433046612,70894.8257636806,42957.27897727633,165528.1881378864,98102.67961414583,64035.52106230288,49663.77389333671,235695.5335723918,50959.93533860581,10408.61371496346,31122.97419025806,81231.4385663136,31900.29504881269,47738.73082031409,2073.144569288646,50349.32364490612,29174.30254714613,16847.15574973971,25058.92048045852,71510.2663589393
4768,25023.34784064089,20443.0694642234,113899.626894972,51584.23060523961,79172.2686446704,52110.19726725156,18633.96718495163,24333.17863901833,46266.40676787967,175114.4974482294,134391.1492782411,68928.46383579259,71139.79496743408,44465.53324125044,165530.6262120343,96547.16727240104,63942.91176286702,50249.29530313891,235847.5328327852,51732.53916401479,10124.43640403016,30913.54531747936,81213.92809938377,33703.0942217725,50145.33842819425,2079.965921054115,51292.10348727228,29823.97962341395,16770.53112545181,25841.46822565189,71563.11368649485
4769,25643.033102886,20561.9392134134,114770.0379162308,56459.53710924524,82394.31113796623,52477.64703793051,19277.41885419644,26635.25403979018,45868.31676269723,178253.9829025938,123176.8751677954,70244.72333463379,72790.25997569108,46569.62512633698,164700.5272735772,94376.46569787222,63141.22976786824,53275.10839459488,235695.5219628712,52621.27178187378,10123.9484526487,30751.78538166951,81231.43967907214,34942.16453005338,50637.0144698923,2162.827450863637,49728.82559335839,31067.54959848674,16796.0726668811,25897.08485061971,72237.23482405256
4770,25960.40856758284,20363.40088419805,115336.8617779764,60919.51828144494,85000.31311700899,52109.34551496873,19171.71006691828,26941.07302713803,43715.50909864505,179130.2540869472,122219.0114607603,69877.73176670789,70425.12411087444,47640.22269440808,161396.0199465114,94378.31697390173,58360.75978001304,54094.87616524832,219703.2697955693,52604.4332352495,9982.000811794687,29887.27895844342,78206.14475848095,34415.18154047063,48713.72654580127,2269.725905163997,48880.05686048169,30149.89567637673,16903.34714136038,26152.95847121651,72199.91162228752
4771,25960.43544388377,19990.13428849214,113100.198507321,60414.77579990798,86229.80777740359,51044.81176580628,17998.97347518132,26023.58259288111,43092.08501263557,169922.960487189,127339.4475689477,70728.02888583085,69943.80480477703,46591.82346993203,160567.926436085,93010.02943385512,54931.68956664022,54473.96156932983,219830.5502113421,50627.48766083018,9405.897072857293,28799.25066846897,74997.35518351862,34901.62840189647,47723.67128352707,2338.681969243964,49023.30140759972,29953.58481755094,16872.69729116901,25585.18789595544,72436.73952139514
4772,25927.25263187729,19980.68823504776,109081.8240983678,59746.51321451036,84377.24439290633,49565.32417536877,18636.81440948707,25054.9050765128,41798.82817539944,172368.9743987247,127339.4443653917,74322.2120483658,71163.07552940531,43307.71374098925,162221.1946014047,97044.52614971178,59451.28257869778,53557.7981961541,222384.5642314652,52660.84657597897,10194.57724971901,28023.2934044999,75012.08150243151,34901.98779937648,48699.77805249455,2493.867645428876,49815.81160516042,29226.85769285596,16872.69729116901,25839.6361205483,72435.13591211359
4773,25640.83626737061,19915.24320722864,106631.1650198418,58887.43125180868,84049.67471992395,51032.14243724057,18589.24916768069,23587.75144280481,40919.9178141029,166120.6736599919,124513.6200643755,71491.14178798442,72508.99382549059,41746.05096501779,162149.2087482529,99068.26584615048,65313.61523021948,51589.46406573943,222384.6909312726,53618.82363679099,10476.13999560905,29640.48381198005,76066.33179433378,32918.60335289586,46904.81293023576,2501.908665279216,48874.6293744529,28953.75224334826,16704.1231174975,25373.13782885471,72262.54271016658
4774,24040.64955306015,19185.49643982438,103744.1141225788,56554.30777707315,82471.75585341068,53194.56062477626,16817.24255321562,21239.40028026389,39930.24046242941,164736.4447486701,119228.319800707,69157.45748223993,73024.7230014904,38524.66341822065,159747.9017727213,98042.10678807725,62520.54047995214,48283.97343650333,217038.9576355896,53618.82068454564,10692.22548267292,29800.80686753209,71885.72542774556,29386.92767931323,43356.02258559603,2348.731301441651,46728.71383686876,28957.20402797663,16581.52371792253,25160.0135417546,72494.70990349934
4775,21527.56575680187,18101.41099977848,95488.25830845411,52697.43705732566,79370.63929398303,50824.99549231197,15054.39304076143,19943.4660152729,37296.79984207369,169781.9591304376,117331.2913820986,67214.61884877124,69724.8256725137,35334.63965388743,153991.4576224104,93844.21653554085,60020.99917127302,44710.28615944491,211684.6575413276,50627.86295296447,10628.89560620826,28259.61678496723,65641.32923470566,27066.50461829735,41494.38186464281,2108.097588485107,44442.11564559437,27482.73382384166,16388.32431151053,24956.88759358663,72994.16799192068
4776,19696.71335102219,17035.24033167198,89394.2695017376,51429.21193744528,76854.8752131423,46924.82358442024,14112.69376794664,18369.64014176619,31826.85970354482,146394.3160928096,109438.1352797878,63346.18437659658,62193.56661361428,34065.31268781098,151176.1608273164,87881.08816926245,55909.37420407966,41403.48015821686,190770.3112478979,46393.13304166135,10238.56446668986,27345.70074868497,61898.97693107142,22698.89817039887,39245.12145767448,1858.449672223416,39477.38252719484,26328.05401649082,16709.31153233238,24716.52783856265,72218.73846410691
4777,18527.26901469462,16346.53130122533,86422.02907527644,51190.91093605546,76670.96414405687,45008.53930133874,13442.02102555811,17555.61230532571,31843.10712513719,146069.8324792462,102347.290983368,60481.16923486166,59470.47966775018,33173.42124871018,148948.2301637206,86567.87869708925,54143.09835153486,39879.46855000701,186298.9944197646,42975.68327836772,9596.922096412878,25607.66972240493,57680.1719267565,21432.93066458403,38024.36332028284,1776.318115222626,38416.5531987835,25934.09360763781,16559.06963723907,24601.50010368293,71289.02309451927
4778,17690.53364609522,16012.01171145399,84639.1468162728,50710.38148068434,76708.1789164952,44033.92097209248,13316.44820224884,16904.28333895193,30565.45841630765,143749.6253200776,98987.73550088605,59430.94641820905,57197.58991315306,32137.06125234367,146605.9680386138,83512.30432707601,53895.23426096719,38471.99878011244,180959.2431388389,41297.5871137653,9135.386977060236,24142.81224519886,54608.76160346445,21185.91313572022,37778.67194337266,1731.742500924699,37159.96060194285,25934.98276471,16764.95667827898,24217.18188066782,70417.25912745445
4779,17190.4590379157,15759.11535856249,82891.20176565925,50164.05965663571,76407.26603802262,43683.20651649649,12846.93386270136,16579.88087227337,29720.10609783205,141262.9563791611,96024.13172698939,57683.2938647362,54024.60778736317,31769.48961530915,143276.0156267226,79999.4450843025,53671.42024767662,37793.39443940858,177409.4719875483,39602.63612405503,8272.514091113468,23146.50782655404,52575.5646326358,20675.68451167193,37294.54876461799,1656.75465473274,36788.25053617194,26006.37082038758,16792.77925125228,24299.74384453895,69793.98388052997
4780,17190.46434733188,15641.12126570252,79830.31873590259,49563.08594614562,76163.93682644749,43683.20653335493,12972.68048039589,16259.58325880032,29007.87665786984,139775.3178194994,96585.69243284951,57403.74231615735,53083.53667220896,31769.6875430997,141804.284016924,79497.214478651,51280.17147101677,37424.61151382048,168780.9483570674,38185.63223782996,8051.222009755801,22183.11058118801,51038.44598148404,20932.76654447175,37289.58994099417,1612.34821666947,36780.78901998287,25856.53120131475,16670.35993042912,24195.45579022734,69563.43959053936
4781,17512.77013504997,15690.11005652088,81091.60877268646,49563.13343060728,76854.17881007712,44050.01853483389,14339.15250317193,18089.10234369639,29311.40390870195,141611.331543303,101477.2941687011,60208.41879588788,52663.10988256451,34930.60766305681,144127.6445088325,78489.74631415788,50437.47376924056,36955.77128646921,167290.9847316022,37892.68328273832,7972.97700448434,21159.58523619045,51039.73379386977,22241.3844919819,39383.08363802393,1610.15478217381,37714.26993910616,26245.04879178496,16781.65022232233,24723.36006639758,69607.38767746593
4782,18894.61958067906,16237.06358760377,89147.43216129589,50794.31122131371,79431.51869967299,45099.00936881279,16164.52325802213,23368.20368599178,29890.9325701688,148271.4908032074,106454.4633850235,67221.34451646848,54326.20438517966,38160.79954685422,146789.0334827879,78491.22321421956,49293.62798781576,38217.55040767031,166154.5297782575,39022.95278245402,8085.629901302381,20727.96878065872,53567.27369770625,25881.76520550289,43923.77968738879,1610.176591792211,38901.46371985788,27608.6350799102,17065.44046846561,24661.88743522768,69565.77483133608
4783,20872.85344111339,17118.90753479728,94406.40290659036,54228.3906751134,81077.97687059303,44403.55535468702,16956.98846462735,24028.65579731424,31796.70297213528,158925.4343712266,122764.6967675104,65731.53354621827,54932.26991326908,40892.7782003853,145883.8024661155,79496.34156112444,51059.21106239725,41803.45852277947,169443.1751569953,41290.40789864482,8051.703076948741,20447.89629525904,55679.56052699703,28351.80579948484,46103.18308308137,1752.352235321634,40551.19588199358,28442.88618463515,17466.08552031865,24843.62965173929,69950.08976340787
4784,23367.99754776223,18268.30094965067,96108.01076837417,53559.04486203239,79811.61410299111,45159.34253265196,17417.06637265805,23079.65552142103,35457.2928419532,163926.2994743785,139066.925998317,65061.72560319403,57997.23950167151,43498.74161226258,151272.8709282756,79498.81180179832,52759.88193561196,47262.11038333233,183914.5949001198,41860.30397953216,8285.279839985153,21956.73378740516,61433.21261267536,31251.17629925504,49978.86110572116,1987.69860998027,43140.54485065334,27542.34995902677,17432.6984335288,24058.01838328242,70914.88154575127
4785,25199.32347233633,19697.7020660729,103325.1540188574,53601.56469057756,80519.67458596801,48028.70975697432,18761.37819456629,23413.85518857105,41853.68490289884,168091.4796888172,146290.4011894587,65867.78652949964,64751.33456851079,45187.47953478205,155611.5253271504,86513.37239869063,56760.55046275271,50844.78732912738,212702.1725074796,47855.4150293973,9335.741834324368,25280.87884084345,70149.90470828598,32509.43643126045,51930.81603967175,2223.419758760701,45179.88290225374,28926.46977245469,17132.21464334218,23574.77379807481,71227.74000065125
4786,25869.62297005625,20403.90699862318,104439.7330889273,51432.69282698233,80374.18558242028,50890.42199187472,19685.89068692059,23755.74673778168,44829.7490021541,173255.3007483603,144421.2495135864,63041.91143103524,69050.209631809,46595.1938647993,159872.9706856993,90016.00530319187,59931.86522679547,51969.22844140156,220039.0901812121,50633.37165887276,10004.15506449797,27546.04050396085,75281.92266586442,33240.89428178893,53429.42287709391,2266.791185024112,46531.20264742663,29289.50169636051,16892.94051551241,23821.91521262228,71454.37899320245
4787,26547.11632670587,20961.06069814968,110199.761518326,51438.07692001063,81240.79553728468,52327.51867132005,20396.54840674854,25181.52919263463,46134.45379420461,174760.5982801887,137059.666597947,66908.25863953392,72177.83538695866,44612.39848188395,163541.8366497151,96564.21927362744,62087.94860812983,53364.14463662213,226614.7363833402,51442.89856339639,10316.68233171123,29771.22395492102,81498.67959368341,32110.43797818393,50472.21587312947,2324.048824151046,46662.36616955017,30029.30782420297,16748.26313553248,23817.37339364693,71951.65831042093
4788,26557.28767284185,20574.5271698935,104797.3627373669,52222.94832483833,79757.67851913699,52318.7013472687,18319.94920935977,23166.54183062325,46534.44119446805,163620.1240598998,146493.3416433722,59078.14519918464,69953.99145487961,41645.38998153279,161775.578391194,99618.50519102995,62178.62692202462,52839.6818770766,216193.3551102217,50130.68714184659,10316.68821481578,31113.34216039445,77857.18327484342,30363.06381160364,46093.09444111847,2238.338543835648,47613.62101091482,28828.84311475976,16748.26313553248,24172.16291266293,72076.2310061384
4789,25541.0920000369,20231.85220671372,103718.7061913142,49548.28120704624,77987.5768972434,51609.13517557407,18295.18210805591,22436.84816621371,46931.14586482984,152314.4865116986,150153.9945087021,61077.98438806055,69571.22120248753,42018.37682254644,162658.7307004528,100959.9231808809,64194.97741222873,51222.37729826626,209748.4430282221,49221.83995888678,10645.49757046034,32352.54357255816,78491.38966748916,30229.41890522328,46582.21147517073,2106.573410085599,47947.73378086296,28768.02120728019,16892.94051551241,24419.70992243132,72186.97509543214
4790,24879.64434301451,20478.93032506901,107775.5847858316,48941.04362915263,77492.72853501223,51596.1222181534,18777.60228330635,22762.64346366544,47293.64268422349,163465.7378988247,147740.3243394656,63928.03398995403,70816.38885025887,43072.00694044821,166179.7482260351,99703.61290720887,64204.04700619711,50600.51225360444,220942.1305941505,50634.07333198312,10669.19728585428,32678.5206900876,79437.36661554729,31239.46271499753,47076.70009138813,2067.963999702781,49012.17937581539,28731.43145443304,16937.45663252905,24662.33239110521,72041.62569978765
4791,24876.45788172701,20449.54206847471,113328.1603392332,50182.50999053301,77967.7634036147,51999.77597709468,18777.58343677379,23089.12344903857,47143.7814912797,171458.370485014,146341.6766822843,67639.47885826846,70816.37189940065,43797.12869830625,167958.5122127446,98652.26622113232,64214.12579935036,50146.08206914221,222092.2533959357,50635.91445005311,10551.0593171801,32251.53551273411,80515.35248992867,31990.34789522152,48552.61928265142,2060.190013227568,49507.48279302431,29068.32596823555,16859.55342742569,25025.16067814359,72039.86203094656
4792,25555.69734006709,20561.28627981514,115717.8248001106,52056.86135464835,79670.18269604047,52678.08571785007,19229.79907982747,24872.5083544671,47137.4160186392,173795.8470801987,138645.5887854166,70995.69886033902,71050.98635415187,45269.94901096945,167961.1170037391,97095.70414727736,64128.47845711016,50724.54151017424,222219.9932976002,51293.4362226395,10239.09853859186,32010.37145085377,80497.91179764888,33734.1787134101,50966.88748686017,2066.97898359807,50463.26229223286,29864.2190988167,16776.08570850579,25926.17068658663,72085.423178258
4793,26211.33591360859,20684.48867656279,116597.5222567135,57035.82217721079,82746.76070361356,53047.8722559443,19917.14279981101,27318.3840644494,46732.98379558117,176799.6901839093,127014.3690190817,72516.86258593177,72631.68687513552,47324.60872059957,167074.2554448666,94923.53768231744,63387.06336584181,53713.86029553279,222092.2436393157,52049.78899624971,10238.56288114486,31824.09969829254,80515.35359825315,34932.71986091646,51460.12860782901,2149.447164403356,48878.4289139344,31387.66641858847,16803.9082814791,25990.20656943166,72666.6017141401
4794,26547.1250788971,20478.71388379776,117170.3935753675,61590.62739971393,85235.11037407785,52677.22854891678,19804.22325269415,27643.30619017765,44545.87842228714,177638.1018256771,126020.8920295775,72092.74085217137,70366.52434517616,48370.05436103705,163543.7840954707,94925.39020767431,58965.96795087474,54523.74085403964,208652.3840376624,52035.45861027435,10082.7372931901,30828.59283345283,77502.11368998466,34422.97413234106,49530.71856712789,2255.83816487502,48017.95681005828,30263.48568397826,16920.76308848571,26284.81439939516,72634.42434638266
4795,26547.15351452516,20091.84220677169,114909.8672924773,61075.15354407205,86409.09744608864,51605.92498255476,18551.49026581517,26668.50424992072,43912.52218191326,168828.6119313939,131331.7054703091,73075.40508724387,69905.55021115846,47346.28555065088,162659.065096897,93556.17928352559,55794.68005732918,54898.25411226958,208759.3502673173,50352.98602128487,9450.309002710954,29575.69337231589,74306.11030575185,34893.50964239055,48537.51180907909,2324.466890089723,48163.17650542768,30022.9931843883,16887.376000399,25631.09457980347,72838.60024888894
4796,26512.04548008325,20082.05185698058,110848.6207538913,60392.68296932051,84640.17112738283,50117.02870916643,19232.84052333808,25639.31780046869,42598.6616708241,171168.9451250171,131331.7021476452,77229.10050581273,71073.28285619977,44139.33057406938,164425.3846455701,97593.39866550187,59974.51007276457,53993.14057778698,210905.7389993116,52083.46898580458,10316.09691949732,28682.15370349439,74320.77794411927,34893.8572842195,49516.7256736554,2478.915889902144,48966.61434499929,29132.70915332103,16887.376000399,25924.06123697796,72837.21773283585
4797,26209.01162063052,20014.22144312446,108371.8155369002,59515.33598977217,84327.39013397801,51593.1750844077,19182.03069284454,24080.51766981463,41705.74884543162,165190.6039742847,128400.8139650965,73957.31299849524,72362.30973115929,42614.35649448651,164348.4763603222,99618.50407565768,65396.13850521981,52048.54650866698,210905.8454775991,52898.7519994355,10625.18751206021,30544.40030935734,75370.82732318707,32975.34801598492,47716.04690569027,2486.918738514776,48012.45448634979,28798.13870420482,16703.74701851584,25386.94432325706,72688.42034491512
4798,24515.98421028119,19257.87635637453,105453.9626267514,57132.60777250733,82820.70904812937,53769.3449973821,17289.14941451738,21585.47555909928,40700.30433228915,163866.1810617814,122919.0067351005,71260.34031491054,72856.2392438185,39468.65014562335,161782.9666975709,98591.65251770211,62813.03475110387,48782.92337394544,206413.3009497708,52898.74948693743,10862.39926047416,30729.01744823128,71206.8795841339,29559.19109079102,44155.96022416692,2334.468517461995,45836.949680574,28802.36734605522,16570.19866746587,25141.557231033,72888.5781236637
4799,21857.09464850673,18134.27741380929,97110.02489574385,53193.73578660587,79859.5975713231,51384.71080505764,15406.04987561417,20208.59010199719,38024.90874205349,168693.7025778555,120951.4469784449,69015.05687610945,69695.82723810445,36353.57073878061,155632.8937409721,94390.92933348444,60501.39789376625,45252.33830890199,201913.5569000155,50353.30541233791,10792.877744119,28954.28765329139,64987.36568357507,27314.66751560447,42288.39361898336,2094.977108196858,43518.82239789639,26996.05348708542,16359.74525383085,24907.68202865979,73319.17479893606
4800,20333.84659943632,17246.03905950352,89496.8700752811,51853.77179840253,76497.65875952077,47264.61827388125,14470.65467667494,18581.01021400189,32313.10018917506,146347.5130537306,111863.4624220162,65862.09645262195,62040.4967219223,34077.94106626909,152570.5490080645,88422.39190283588,57720.34502657833,42340.53827301478,184103.765603803,45034.1511213676,10229.80479762355,28272.60120374272,61762.47436957055,22631.80653403203,39657.98383088683,1881.180392865523,39063.52719384059,26288.52685232356,16802.50728173085,24583.806926262,71850.825094465
4801,19170.92658719037,16470.16855857386,86469.2652521039,51614.44288277941,76297.76249107673,45217.06860259923,13773.67853153429,17781.06418839479,32326.72411075967,146026.292021764,104849.956516132,62466.4165658359,59649.46114459102,33220.95218156983,150193.5719266076,87172.76140471676,55891.61185204327,40940.32941265679,179574.550899467,41866.84708134633,9598.183508936783,26424.65375901278,57297.48420851764,21391.11910305732,38458.65437858591,1800.894276229389,37857.69285236227,25897.23679042466,16688.39968754381,24449.68966131276,70940.39946932909
4802,18338.85936101186,16093.3129196717,84653.17296076032,51131.8406578275,76338.21190055714,44175.68896112739,13643.18081365654,17141.00251643548,31255.37960709239,143729.4138223992,101527.0430191556,61221.66904488853,57653.72601947953,32225.14825466082,147694.6147188652,84265.12252230708,55634.98303353563,39647.19514000697,174165.6566187273,40311.58186025152,9143.856581097094,24867.15588298787,54046.84407226375,21149.03426131843,38217.27576682059,1757.320245742962,36429.33631475894,25898.1199206022,16844.76935336013,24001.59156571146,70086.72287039549
4803,17841.57466656095,15808.4105714711,82872.6686587624,50583.16226802518,76011.14424860703,43800.9505809145,13155.25238927978,16822.21186542854,30546.52782819386,141267.7475626177,98595.76266634633,59150.31223477243,54867.65517421237,31871.96086720603,144141.8916944275,80922.33819247376,55403.25472765382,39023.71707369026,170569.9204377675,38740.69553003856,8294.459924265793,23807.84326038843,51895.00143887658,20648.9943804585,37741.6506867678,1684.017325580352,36006.81711173982,25969.02409294342,16865.90038917479,24097.85517374314,69476.37934497363
4804,17841.57994635592,15675.48341081715,79754.77007237315,49979.59625021248,75746.66532605403,43800.95059892775,13285.93071765956,16507.45505805742,29949.30334028865,139795.0667449937,99151.19854427868,58818.98150042448,54041.33763023886,31872.15104945136,142571.7026559139,80444.42305767631,52927.44894672554,38684.8921479643,161829.6683809255,37427.41151873505,8076.623951957791,22783.51892387507,50268.18539813885,20900.94274829502,37736.77890828958,1640.608670053361,35998.33567912917,25820.2001184922,16772.92383178735,23976.25990260463,69250.61839038251
4805,18162.08759170234,15730.67211314552,81039.55435994125,49979.64393949897,76496.90182642937,44192.88920620095,14705.99499444101,18305.32541975727,30203.81950709171,141612.6199230684,103989.4485790382,62143.14665837742,53672.17739713292,34909.37429150496,145050.4937293827,79485.73141638683,52054.95259168428,38254.13805338053,160320.4116181477,37155.90543283805,7999.600966331803,21695.26387128666,50269.5483598367,22183.42893531507,39793.52427999688,1638.464520542711,37059.41432698224,26206.08425458219,16857.44797504592,24591.77300254515,69293.65464193047
4806,19536.22770621134,16346.84685659459,89245.43485631011,51216.13243040178,79298.25918357002,45313.73586567333,16602.95575005043,23493.10395570077,30689.77064678246,148205.813357509,108912.3328272349,70455.02273540237,55132.47528819233,38013.15847251598,147889.9270651238,79487.13681240236,50870.65925266268,39413.41682514513,159169.2410159846,38203.44304149979,8110.494465824036,21236.35116257029,52944.58093203569,25751.1149734501,44254.51482279652,1638.485840113781,38408.88590782889,27560.42786651622,17072.98454173422,24520.09862618403,69252.90517957814
4807,21503.42500986934,17340.29499623508,94602.36528887211,54665.02482719593,81087.82435848155,44570.64328249713,17426.50099044699,24142.13095195985,32287.81291872197,158752.6348436625,125044.6738253551,68689.26552417567,55664.63759834437,40638.22609472828,146924.1369643757,80443.59240241021,52698.67515189663,42708.02448309026,162500.4701771585,40304.9281393104,8077.097505910003,20938.56635556302,55180.1286524112,28171.83138589719,46395.6618697322,1777.466893390418,40284.12035135953,28389.02424085095,17377.27145825307,24732.00203391292,69629.2463413207
4808,23984.64872007315,18635.15306419038,96335.66927182993,53992.79178290609,79711.39175440355,45378.20184855332,17904.62289184054,23209.54736572722,35357.3208437933,163703.2178069139,141169.0979714427,67895.39420147138,58355.86688150747,43142.20985329361,152673.7289217311,80445.94304649942,54459.48348788351,47723.24396014772,177159.2764332431,40833.10976140019,8307.026299441286,22542.82562709737,61269.53072868621,31013.304425514,50203.30783809663,2007.525194678334,43227.40804605119,27494.59204019812,17351.91421586647,23816.01394852718,70574.02061342454
4809,25805.75768650762,20245.45598051581,103687.2474013081,54035.4950212427,80480.99550410498,48444.12060018078,19301.65785730484,23537.96573611725,40720.87612345444,167826.518432535,148313.788193968,68850.75560082604,64286.37219350941,44764.8620790268,157302.6351255904,87120.89402615919,58601.61974896638,51014.88293210742,206319.61662231,46389.39903083288,9341.082323975008,26077.1959947891,70494.87876065771,32246.43839104254,52120.99895982298,2237.94984916779,45545.50370068938,28869.32999685849,17123.69902749238,23252.57207829176,70880.38787774941
4810,26472.31758669473,21041.03662568526,104822.587913574,51857.26770279848,80322.86087385434,51501.85999595113,20262.42920274622,23873.94292723594,43216.38986934122,172938.4188808273,146465.0229736763,65501.46536684342,68061.04535789732,46117.48806103307,161849.1670786103,90453.94712540074,61885.07544901588,52047.98031789867,213751.5380650687,48964.01866388392,9999.056368979693,28485.61082971715,75926.37172217127,32963.28977725115,53593.29987061621,2280.346748907873,47081.53566304786,29229.90121362099,16941.97211928944,23540.72806614505,71102.32456205433
4811,27146.03121130872,21668.70244802259,110689.9093116779,51862.67502017677,81264.7949131444,53037.39773405076,21000.95851335475,25275.0608707295,44310.4216624404,174428.5811151569,139183.7313393978,70083.94636667511,70807.2905574855,44212.28578046778,165763.4766457346,96685.12962831424,64117.40014554003,53329.58080275253,220412.3305371655,49714.29094666724,10306.70262865824,30851.51915360848,82505.90277136136,31855.40752853094,50688.00245930161,2336.317847729369,47230.62795818895,29964.69277909692,16832.09073265932,23535.43250556128,71589.28632266991
4812,27156.14581155563,21233.25010322069,105186.8791865435,52650.93197724171,79652.76819247004,53027.97642369379,18842.91627886096,23294.93063471949,44645.82238710513,163400.1208907963,148514.5152177982,60803.52116635774,68854.62064068047,41361.38577836354,163879.0574090683,99591.54243848492,64211.28493742659,52847.72266014559,209856.005607401,48498.1289473081,10306.70841988128,32278.51549074436,78651.90970495966,30142.92663488378,46385.75031963131,2252.533419263568,48311.91004993949,28772.36507329257,16832.09073265932,23949.10143482288,71711.27438276164
4813,26145.61948930784,20847.2069651397,104088.1303328821,49964.72765069306,77728.81271364655,52269.8050007827,18817.1778259583,22577.85989017647,44978.47045009313,152208.1580043063,152135.2420899629,63173.7752050015,68518.52513230768,41719.7764556079,164821.2917581192,100868.0157402418,66298.93564476863,51361.79946313804,203327.6400963099,47655.80629336034,10630.38247659115,33596.08637900111,79323.12472920086,30011.95048044198,46866.28159490453,2123.728958674445,48691.69277383274,28711.95542956273,16941.97211928944,24237.73032881278,71819.72075250385
4814,25487.86204544342,21125.5547360884,108220.5770523518,49354.87074620951,77190.9530755751,52255.90065635721,19318.5182455595,22898.0192774741,45282.43426453631,163247.2870344504,149747.8973283042,66551.71759996976,69611.85788471399,42732.1746691579,168577.8619685265,99672.52966863824,66308.32594886275,50790.45148862677,214666.2717048672,48964.66897690422,10653.71205311548,33942.67891519328,80324.3034424484,31001.82474954033,47352.09016180394,2085.987075548848,49901.63769018518,28675.61368979725,16975.78177678988,24520.61742511004,71677.38706767788
4815,25484.69336140743,21092.44716764186,113876.5813166334,50601.69218765953,77707.27706894117,52687.2046798411,19318.49865987665,23218.85150832448,45156.77142445846,171159.5561911966,148364.5044354656,70950.60488913747,69611.84300083184,43428.92010172362,170475.6235545647,98672.08388229818,66318.7611384579,50372.93684026683,215831.2871367556,48966.37533138057,10537.41914685898,33488.69037557737,81465.19436249422,31737.71552156248,48802.10167602608,2078.387765275569,50464.64424922941,29010.22466134886,16916.61487591789,24943.65920329237,71675.65999145679
4816,26160.14334621935,21218.33347578635,116310.7584387518,52484.12858890981,79557.66739930725,53411.97860768315,19788.44994274132,24971.38576251348,45151.43379598551,173473.530187781,140752.3561974712,74928.47173899953,69817.84872867624,44844.10426178716,170478.4026035709,97190.88268711808,66230.08521853307,50904.40525581403,215960.6811079697,49575.76874195335,10230.33052846462,33232.27463548193,81446.7359318838,33446.72382385725,51173.99081145145,2085.024192087738,51551.06947538006,29800.72305999933,16853.22176847397,25994.19712921625,71720.27583559554
4817,26812.12411545044,21357.12809158854,117206.8421602555,57484.56621881716,82901.65569946257,53807.09550719758,20502.75089171777,27374.95043898067,44812.30596195348,176447.1705853468,129247.9957696145,76731.38893558232,71205.79970413755,46818.35858893672,169532.2108596757,95123.8815581105,65462.45293077359,53650.88738701653,215831.2772537997,50276.75905972417,10229.80323684137,33034.22269971895,81465.19553549409,34621.33133185958,51658.57378111956,2165.639368819854,49749.60484587624,31313.84413170478,16874.3528042886,26068.86014396452,72289.39607298678
4818,27146.03991467152,21125.31090249525,117790.3844443776,62059.01864838684,85606.28797735232,53411.06272271608,20385.4027043138,27694.25175949164,42978.35637594702,177277.15225938,128265.354430731,76228.71039127029,69216.84955115152,47822.89260970895,165765.5543737375,95125.6443935404,60885.02305678935,54394.97747645162,202217.388533364,50263.47760936243,10076.4113113177,31975.75806975826,78276.12030458164,34121.76470354437,49763.03180888068,2269.639835690586,48771.51460558129,30197.28333182175,16963.1031551041,26412.3598784299,72257.88632160042
4819,27146.06819165733,20689.47761357346,115487.7509776947,61541.32129007377,86882.31576656293,52266.37490968429,19083.53824359948,26736.31285008969,42447.26929207286,168556.2390401678,133518.2439139235,77393.38597357087,68812.08628924405,46839.18713554575,164821.6485253639,93822.72375107616,57601.59517740534,54739.06723250742,202325.73983989,48704.15630329137,9453.8601982078,30643.62284161618,74893.61657409488,34582.90410124947,48787.25939281682,2336.726520010034,48936.58441563046,29958.42094124616,16937.74591173255,25650.15140463511,72457.8259802934
4820,27111.15602476332,20678.44821906735,111350.8549517651,60855.90687029611,84959.6377460387,50675.48930775944,19791.61066993316,25724.93022532845,41345.56017014185,170873.040912984,133518.2406274993,82316.4384849543,69837.42641044203,43757.73052751707,166706.1331524341,97664.48134894519,61929.22826038696,53907.48039695754,204499.9215809384,50307.97378835919,10306.12635933114,29693.57400888756,74909.14013134156,34583.24480102706,49749.28454089175,2487.705155580697,49849.84436447565,29074.17144359204,16937.74591173255,25991.73760402124,72456.47214869823
4821,26809.81278969124,20602.03334014135,108827.9138887634,59974.77544400757,84619.67042524209,52252.75164408101,19738.80810684327,24193.09566954078,40596.82756381015,164954.8101191426,130619.3190437648,78438.64291222018,70969.27022572876,42292.43354364354,166624.0797768981,99591.54137711336,67542.57102343772,52120.8549994124,204500.0294379844,51063.58085260033,10610.38961786759,31673.59266489912,76020.46434314121,32703.04619847678,47980.21414569623,2495.528185614437,48765.2601679371,28741.86878372484,16798.28107515889,25365.48297506982,72310.76201057665
4822,25126.23077076497,19749.96691529464,105855.709666844,57581.76929994221,82982.03149304497,54577.98909934996,17771.68910349917,21741.21511848169,39753.73396112156,163643.7038662172,125197.3007656445,75242.13069716972,71402.97030983945,39269.82870933583,163886.9399860335,98614.40478843272,64868.12607668029,49120.51404190599,199949.3121621928,51063.57852400859,10843.8966260787,31869.88534602901,71613.5326013341,29355.10642920343,44482.61975814759,2346.503417600731,46292.38509312754,28746.06876294662,16696.85210265764,25079.3724496618,72506.76691358669
4823,22482.17514050766,18484.16781019687,97356.34807624538,53625.90694239242,79763.54585428601,52030.00757086289,15814.73547382477,20388.14830698128,37510.33924634085,168422.6861581297,123251.2007814083,72580.9706557418,68627.93679276266,36276.65228720165,157325.4330657378,94617.059417121,62474.74737402715,45876.73527822043,195391.3021398057,48704.45231600336,10775.46088712844,29982.91823206171,65031.08369835708,27155.40369159806,42647.83564725395,2112.393217821775,43657.39244114608,26951.99848125796,16537.01431105211,24806.68428002561,72928.42956442594
4824,21947.86822295949,18145.40683452589,90900.71176715243,52684.12067560021,77276.08999970934,47823.40173838035,14815.08710449508,18147.53311768037,33026.73001108768,186582.6668826952,150389.6564144185,76693.9233454235,59402.28025977252,33401.26219467116,154684.4510720026,80887.65302760585,59001.41974649347,44496.29778538639,193643.8098743845,41719.33946005574,9637.621998838527,26523.7386587679,59580.5009998759,22906.63943150561,41190.23743168993,2036.300260466413,39753.79416361269,28193.85502402815,17027.02512539667,24706.94633805267,70332.26113845145
4825,20221.84581980345,16979.14616294011,88510.37214972425,51801.62479020117,76289.39016254421,44908.75229123567,14188.02120051639,17267.47782890739,32314.08538064742,185302.739177419,141439.4988843479,75904.6393782594,56566.25524045383,31937.1298486162,150661.2922817404,80421.39667944514,55444.19827215764,41436.72263317649,186000.0545972865,40129.38064679859,9163.24044593964,24792.69519929211,55882.73526669502,21652.00863285585,39616.52170323395,1885.471854217581,38392.78719601456,26618.61462919033,16947.143814112,25224.81476794592,69675.16773194795
4826,19536.24757973404,16640.8068652897,83875.93321873111,50488.40984273839,76096.53701342721,44263.7029451202,13416.87076177613,16939.19083725576,30638.93958518918,178227.6689222285,134753.3593913447,74361.26428607407,55343.78334736741,31721.07403216144,147963.0952930848,80859.22325142243,53734.41378876639,41000.65903672123,177825.8293453406,38116.90989741858,8799.618494251625,23614.24007146817,53427.62949930406,21253.54668016647,38841.31054250255,1809.353203697485,37178.20582233303,26512.33553642275,16821.59099905162,25043.39727750708,68748.62145722566
4827,19290.2533904719,16355.13789012594,80866.40616863323,50513.27234797911,76048.45291018413,44477.03769214396,13595.03539709844,16621.69314309892,29534.71883909375,173771.9918356991,129425.3402933277,73089.44820512578,53807.45436239683,31515.28216396743,145673.5224064207,80121.54048250074,52086.67574677611,39960.0453715074,169272.2676054695,36942.75537497201,8502.376916088635,22774.4792585313,50920.49594496471,20652.18136698439,38214.8816408439,1735.391121808784,37190.60765133058,26415.79332954928,16846.02367733386,25224.76806339055,68482.64867412606
4828,18591.52934052153,16022.49398551596,79332.2629808025,50269.01522046285,77098.75411657273,44465.89391540632,13761.15708294006,16922.1759069002,29514.08836608841,171928.4668391419,124969.2393018559,73083.54293967769,53387.29683873917,32560.79196812064,142472.6197010455,79886.20017450718,51919.52466393205,39588.4583167497,165022.4053761113,36357.93868517455,8291.244660023487,22178.72048888723,49690.23303447599,20658.01536579743,37775.87133476992,1664.321137576226,36585.49666264315,26045.78372836852,16830.94107975137,25397.47110861221,68479.6768629143
4829,19255.74743455048,16185.34992256936,79224.2534629294,50269.13128220158,78453.91729484877,45599.28612333364,14291.99444067656,18125.40349306177,30960.98079638945,171768.4926377385,121963.8177927288,73085.53307223212,53251.26183678597,34798.03399255533,146200.2969840736,79631.16312275064,52736.75327170073,38408.59355785337,159786.3745179974,35869.46820834959,8173.307497857138,21565.39091490523,49658.28022422485,21254.33744909441,38690.47535476938,1651.829410158356,37206.87915144209,26988.14409601526,17045.07664118741,25656.6107531343,68294.19476728879
4830,20670.61236278532,16680.35801600904,82753.65770481886,50354.41694412295,80506.2533179502,48308.88678967456,16482.14535878593,21865.20994185831,33265.68059925326,174231.129862191,124966.4475564271,76635.52534430323,54647.69005177939,36757.21377413116,153407.0965824113,81381.41139457133,52667.47321909037,39570.13837058751,156545.4289419158,37026.74209740393,8323.021413490123,23253.63339196396,53918.88269540531,25011.78254154142,41161.69314057945,1664.919128963792,39703.33914465599,28486.4258654033,17181.62062276882,25742.81020516219,68447.35116950049
4831,22357.80413473607,18191.17217955409,100859.0779722575,51300.99265293783,82163.17087398471,47139.01642529346,17628.41726167437,22969.95013195584,34225.83446646364,167527.0978427786,116290.3295379962,83181.33961332525,58229.61120532587,38121.87257819583,157080.5235737998,83165.07926889604,57189.31712351977,46973.19028569553,152759.3350370159,39491.32118130705,8542.708772132351,25279.70305800039,54645.88256171051,28301.79683591237,45156.45141389655,1824.985468067087,43760.16374905702,29641.13253951766,17300.23331269456,25259.4523421219,68378.22955368501
4832,24381.32502835618,18864.07584488998,97730.45577237089,52684.96525810352,81771.53236903585,44601.71327104494,18102.82275817704,22265.2038051781,35916.04737610276,142138.803207327,110021.7114719417,78321.51861335576,62056.80359688455,40322.8370757864,157352.005520612,92268.09238168439,60223.92517202121,45978.46328717336,149156.0355235464,40605.79789215304,8757.4498452543,27008.34404319216,60391.022888786,32124.84792579724,49151.94627074746,2035.746659869759,44911.23978565269,29381.7816715746,16944.92572258387,24543.86928032468,68826.9816920481
4833,25894.43940010957,19948.67384520583,98629.69265217302,55099.21027284469,82707.53131077952,46563.50310870229,18153.68202918235,22337.33144203091,39014.09353238798,140851.2321412123,114567.7993317859,73040.56018695065,65000.58511876887,42224.72586553588,157352.0055012815,94442.70153034988,61781.99841261044,46387.32855914877,152928.0424755029,42606.46715734615,9308.990780376145,28858.9975990417,68104.36079788317,33301.44254904962,51540.1242605944,2260.822424061273,45693.84887354647,30039.21255123263,16658.99939887208,23787.10510350861,68937.36645485398
4834,26815.24932874995,20707.90362437171,99642.74602566844,53656.83328720138,83359.99955530746,48537.89787705554,18298.79452112368,23295.35915128145,42309.6793678555,145361.217317908,122574.1023839083,71415.56862269632,66682.01414332834,43478.74907087486,155865.0632568085,93343.52156974832,63301.17676762925,46384.73355205434,162679.1851425928,43959.75091254776,9819.197074076095,31038.88868522694,74145.52616445093,32093.85698949265,52493.99460708303,2393.638456874474,45938.2883728318,29349.50883015673,16431.07775767598,23411.25733739267,69466.00129760898
4835,27263.6117875226,20941.78768786132,104764.096069217,52684.12043019441,85325.63919588087,48019.4717537996,18820.83955959269,24401.04566593672,43146.66638385797,146145.5334151486,121679.6989725548,71631.33028800426,68343.3117884886,41892.72632375421,153628.1433423448,94289.04294377039,64323.2150238712,49308.54322660183,171383.8374701416,45294.55641107867,9783.436412965262,32288.74222228201,82551.94512943168,30862.93387888329,51034.46536405005,2431.422238746352,46294.7702736682,29641.26681805029,16437.76185306653,23496.76450216008,69314.43092338978
4836,26827.44625456763,20319.56138329035,95339.46542887561,52684.48593561944,83723.18534132972,46673.41140477471,17872.05497196385,22977.66141517927,42588.35127801006,141679.7992748846,116297.2125545159,64247.43056681591,64977.14401769813,40542.37296198537,143144.2180585171,98691.87399650645,63113.4317245347,47320.33229580629,175624.2279420214,45315.76478361827,9623.761260211673,32321.78664112481,76992.74889144574,29487.05315398841,47020.02536662675,2391.923252917104,45772.8444769073,29225.27945988874,16681.01928374252,23843.83232303521,69347.74895662884
4837,26377.6580939027,19466.33065783674,81426.23957477014,50695.80049024677,82645.46120628864,46046.22865973028,18011.16041786975,22021.52189927125,42539.26212252895,146377.9184034402,111741.9772718722,62446.22292636338,62759.13335107809,39658.94958695999,144645.9409189006,96760.12829881806,64340.33760711513,44496.25425229126,177607.4574727199,44176.90788278169,9663.795945426342,30832.90154773984,74308.65176400892,29170.57704644851,46544.45909365261,2211.572868201737,45476.90176527943,29022.71886997704,16805.86420231851,23498.76727477171,68678.26782875061
4838,25713.03303205291,19231.14863318804,85363.28612628458,49850.95253129912,83015.83452607002,45423.01127295335,17221.052248115,22162.24603932881,41929.76602505998,146786.3688791104,106428.1051807566,63455.01780002441,63249.34907865492,37087.38079778985,150656.2823452388,93599.66032853363,64391.8275203835,43929.18024722204,181983.5897124853,44400.34408093007,9783.710195815302,30565.76309069019,75672.16183936391,29301.86897979237,46518.1529216515,2190.20968658159,46065.75732930641,28852.12906090266,16852.11128375457,23498.58671196287,68345.11634101228
4839,25275.70068992705,19175.88004167772,90124.09560547094,49393.35145436226,83533.66236149125,45621.20764222403,17870.79998994377,22656.15670496751,41091.4589373211,148494.0566032272,105440.675215658,66550.11744908927,63210.00621641777,36745.78025970315,157408.9506538456,93399.12891499599,66031.42842487966,43361.9473992382,179863.6741641953,45294.09203750725,9820.230584839828,29544.10357144678,76889.66309013499,29685.31106522515,47972.15327362522,2145.442127255604,47276.37545269902,28358.31935439771,16821.29325026164,24016.99481428743,68559.46202111604
4840,26378.73421962594,19887.83021726656,95453.23723761714,50270.02133600749,83951.0003184952,47572.57281014929,18992.21638505934,24010.3405553692,41210.52178074128,152820.3329317061,111806.2982050862,71413.94757926415,64435.72567474691,39585.79119661327,158836.8520307444,91102.31438118272,66722.50650902608,44872.85503562597,181984.1671775708,45523.57802712919,9854.982638641666,30909.34434624463,78127.83952438927,31676.18547701568,50827.23574840216,2190.717578115872,48395.72416840959,30441.12061624067,16810.89056968989,24957.05668094566,67763.1030684088
4841,27665.24686640929,20772.47969652522,104469.914671354,53119.57811300387,86398.92356769268,50754.97330394394,20067.17891596572,26795.04838049736,43125.89858632433,159388.5276786782,118090.3166579454,75138.70628358799,67502.63811693838,44323.49373917078,165513.8999185413,93066.1109484823,69426.69322575082,49048.75127348531,182954.9907206435,47743.83473842665,10114.91777139636,32584.0095524137,80599.18335940246,33501.9060169115,52965.67515085333,2262.343201736689,49848.91958800106,30984.22328807803,16944.19723559921,26174.9361062708,67729.84764563003
4842,28614.8643126676,21881.05461760746,119194.6368453408,57617.89498520628,87943.35395915876,53122.68233998117,21079.63083137371,26148.09556930369,44700.21634526634,163353.8228251137,122572.0599335335,77796.83557424622,69752.57753775094,46590.1400612623,173714.5080880195,101735.404209473,68726.60261672111,51372.97906491556,189404.9105095061,48420.36479898967,10221.7701927327,33522.88363739754,78279.37651153914,34913.05515445429,51810.98714224331,2333.166369625275,50889.66381008903,31361.19880398615,16691.38416558969,26006.63002656617,68098.73076739772
4843,29035.52630784024,22392.93127108282,118609.2206670105,61039.92033303389,87521.58034784086,54236.47206675544,20622.73074926672,26120.09842579328,44579.68283675659,162629.0444859813,120845.4030928595,86035.32217793744,68753.92179812572,47264.67506314797,165670.3432215893,99840.0067586227,71528.81683257713,55836.69153612593,193646.3161826334,49093.78785753753,10518.2519445271,34357.53833595687,74451.36325477621,33929.05888854601,51291.89722147558,2356.005156422132,53613.46357464305,31328.16219303262,16987.80789007961,26502.87381161098,69065.40844590025
4844,29035.52631040716,21922.44346065761,114128.2732019428,59051.07398876836,87646.31989817745,52738.09243268983,20088.0523335828,25194.30805880851,43626.5772936939,161905.8752754464,120652.5141917764,88526.9830100181,67096.66235489996,47684.32578404535,160933.9369714425,97488.7432632225,69887.51560104307,56591.10047069328,192585.0412597221,49092.82544995488,10512.23950879773,34474.60391803818,75655.18468948099,32498.13151293014,49638.09255391503,2548.357256176662,52346.51001142244,30804.02889299175,16812.27024064459,25839.58454127897,70603.80236745205
4845,28590.63485267289,21915.71095810952,114184.4623139755,58612.10700699531,86055.1838645709,51558.2910425015,18966.46277950903,23768.62581783774,42537.29750781292,163242.1224816359,117508.9743773982,84490.27211537937,66528.65101317462,46460.59063986038,159582.4500328551,94471.18727181503,68134.09616842329,55104.93977359877,194703.8091015267,48577.22161504596,10368.05142625732,33208.99311217487,77378.2183774674,30890.35219407851,47968.68207446557,2572.08496497754,50069.51490388117,29873.65639654608,16718.95294121366,25484.30201866924,70773.48795521293
4846,27007.62553871806,21264.52937606899,110934.84425002,57434.83274316142,84713.33127788886,55494.10493216593,17619.31103096584,21546.40113664082,40395.57791614158,163267.0639748975,110913.2434867571,80067.43052342172,64976.75543260985,42620.74976408693,155801.2607686657,90059.08028692254,63467.56345075956,51911.45474637071,197921.4728424449,47508.65042372152,10222.05307372142,31646.11154845369,69900.61020583606,27706.68528049727,45119.18300762858,2508.22923261252,46539.16343048509,30213.8019287579,16651.74523670863,25562.28684484841,70281.70907049555
4847,24396.51209640014,19769.32233671284,103977.5707653535,54696.9701833837,82062.95663976192,52248.41450444917,15795.24571670962,20125.25586253465,37655.58640143728,149842.9086500972,98454.76433009189,75223.86783331724,62322.73207520597,37090.65661554071,150492.6605450979,85651.16924942953,60843.56276737122,47913.23855395835,200846.3412373314,44463.40309952872,9929.832906096204,28656.11154712982,63296.64775785417,25517.32412172343,42974.59732502976,2242.416737944051,44353.20659348954,30270.789437353,16962.49342113125,25491.20095338532,70453.10948230876
4848,23008.15780596107,18402.76309874109,91998.2934729055,52645.26217862333,77564.36632776802,48198.78545543283,14825.92812640902,17702.2050955963,34666.70811087486,196515.5197295928,149700.1043072451,80018.4352924277,58787.86725631925,34046.09925189625,155343.2852849763,78901.55827683819,61691.17161300177,45043.6212395472,184066.4580696838,41101.05968219705,9527.531541110899,27877.70498536743,59139.98726883093,22740.85117251206,40816.30901994119,2078.726045616355,40438.94954832367,28584.96006409556,17135.09971611271,24702.86988505075,72254.14703270784
4849,21151.79027155473,17287.71988809339,89466.25323718191,51748.83747178261,76595.21854540984,45319.6996682286,14239.43597477791,16813.71523903639,33822.24249558564,195108.5485985034,141280.7276656747,79195.43337227155,55854.782087419,32520.30728918658,151509.3003040574,78454.85296676752,58052.44721850815,42111.36694692319,176007.7570245989,39353.9253405413,9026.979565103366,25907.12999156713,55709.09555174802,21411.51029167409,39268.43416007097,1924.533585434067,39078.80173324336,27010.64034590228,17038.33527465671,25191.17189624755,71206.72547511863
4850,20414.41727327626,16964.23908664662,84557.0822734743,50414.89547412006,76405.79599282834,44682.52101668757,13518.18215252664,16482.28190087678,31837.23767770486,187331.2190208674,134991.1035467091,77586.1258008109,54590.47230362504,32295.15262394643,148937.9758126886,78874.32061662113,56303.48821948946,41693.44965809981,167389.7891288987,37142.51160547962,8643.297515654143,24565.6072276564,53431.17892595404,20989.32094024206,38505.95219138386,1846.717196059203,37864.98707910845,26904.42336979884,16886.24653415955,25020.11198926341,69729.79003086824
4851,20149.84618441679,16691.1155397333,81369.14884100891,50440.15039523689,76358.56724070988,44893.25271846208,13684.81880052769,16161.74126628461,30528.76440514191,182433.2790791349,129979.0577375743,76259.97815275118,53001.56397958939,32080.69415690454,146756.0614220769,78167.57032501702,54617.99726752538,40696.13998764354,158371.8922400714,35852.28592700791,8329.657876018344,23609.64529054373,51104.98944671824,20352.14584778358,37889.80943393371,1771.105475095921,37877.3810792977,26807.93758869715,16915.84312476669,25191.12785817338,69305.82347756962
4852,19398.35614612704,16373.08001265481,79744.0608197812,50192.03804984217,77390.18501000453,44882.24491467536,13840.19172758952,16465.10389714925,30504.31782358348,180406.7689575825,125787.2217308865,76253.82061629409,52567.02698049825,33170.23395186182,143705.6690469371,77942.09829515812,54447.01642556803,40340.01612005045,153891.3237305313,35209.65712819935,8106.877990657023,22931.44895331634,49963.5166942517,20358.32724643041,37458.0078043837,1698.450356696966,37272.65207442213,26438.14424606287,16897.57277958451,25353.97084966241,69301.08634416136
4853,20112.73442028266,16528.78397434131,79629.64843958976,50192.15594343453,78721.24166927504,46001.80781798381,14336.68171712601,17679.8633776907,32218.84825603294,180230.9159916957,122960.0339895531,76255.89576666056,52426.33631523181,35501.69388355198,147258.0664197267,77697.75544441985,55282.96934343389,39209.25013723393,148371.0518460026,34672.89885633099,7982.434535370156,22233.25046798599,49933.86997243689,20990.15879745421,38357.59376117043,1685.680015682354,37893.6423078231,27379.95383480366,17156.96646835845,25598.31555634215,69005.42374340752
4854,21634.44660289554,17002.0533104796,83368.27766342043,50278.78770654014,80737.06941194217,48678.34676681133,16385.1208304772,21455.51263250719,34949.8584313008,182937.9903575894,125784.5955473615,79957.54254779487,53870.55590389223,37543.38142107973,154125.993553848,79374.6123924236,55212.10194895093,40322.45853832672,144954.169625913,35944.5751648048,8140.407786749701,24155.1019330964,53886.9775468267,24971.35021589338,40788.23343436766,1699.061685593889,40388.52637972309,28877.35990735421,17322.36938800783,25679.59366359799,69249.55846728633
4855,23449.05110863071,18446.51861455322,102546.9969832981,51240.30363688724,82364.51264695349,47522.75080234276,17457.22420974527,22570.84080058653,36087.61614617366,175568.5276337747,117623.0067553807,86782.9918619965,57575.06476402954,38965.51067100251,157626.691549556,81083.48759381505,59837.55016516331,47417.44057886097,140962.545378127,38652.79044642735,8372.214737927,26461.5271113514,54561.50860141606,28457.27651768307,44717.39661849165,1862.698120086155,44442.790063309,30031.39169307076,17466.05118924111,25223.83192369234,69139.37706874545
4856,25625.38351615952,19089.87106716788,99232.90837650259,52646.12009154451,81979.84086100514,45016.40704413129,17900.93371240538,21859.34009059943,38090.47510804699,147660.234475953,111726.1433378437,81715.56089800432,61533.23902756461,41259.16530521738,157885.4080857236,89804.79361177188,62941.68703532271,46464.10805186003,137163.6386232296,39877.43885760573,8598.802529598735,28429.36719071527,59892.01242018751,32507.980604324,48647.28429123426,2078.160097595825,45593.13946888917,29772.19240725295,17035.64838351327,24549.10330907883,69854.69799433037
4857,27252.76470798559,20126.83790142615,100185.4525022429,55098.47019921959,82899.18964825817,46954.25972298914,17948.50217864318,21932.15900838665,41761.58037119275,146244.8613171558,116002.6296241579,76209.00165442532,64577.76855868837,43241.14913146529,157885.4080673018,91888.21715735785,64535.45878944105,46855.95884460454,141140.4111995148,42075.88447164859,9180.770574597991,30536.10321711692,67048.66566782817,33754.63845342735,50996.24770599676,2308.255917549284,46375.25452509589,30429.23903999968,16689.29076160412,23835.54471347733,70030.65377024891
4858,28243.11202547198,20852.7253734176,101258.5602246449,53633.32754201101,83540.0513656981,48904.5635310389,18084.22529337041,22899.36858354777,45666.76508937023,151202.4998768128,123534.1262124468,74514.59098189641,66316.74282756794,44547.98353951125,156468.3836519094,90835.12795640467,66089.4444998826,46853.47182588019,151420.9004032306,43562.94722006893,9719.123651192895,33017.63471196775,72653.82989759585,32475.14423635864,51934.45522480582,2444.034259046399,46619.53971891753,29739.93842825852,16413.19726800229,23481.15504709804,70873.30950977423
4859,28725.33375711939,21076.33819294121,106683.5066535719,52645.26192934422,85470.72493715663,48392.4630845705,18572.49186298833,24015.6521458862,46658.57324348623,152064.6658428414,122692.7645755828,74739.56991499508,68034.8967405116,42895.16795439575,154336.6464268386,91741.00177501768,67134.89965692691,49655.6103720816,160598.0899214896,45029.70504201329,9681.390165409193,34440.43557381288,80453.54336740302,31170.92277625876,50498.89187515772,2482.660764667655,46975.79658613553,30031.52589312195,16421.29406494648,23561.78039152438,70631.70294991873
4860,28256.23003429165,20481.43755597223,96700.17883932075,52645.63320370248,83896.77656808471,47062.82695169244,17685.09755450779,22578.62598978143,45996.98415792215,147155.6706014932,117629.4815809147,67040.23241215335,64553.52520913222,41487.94659783158,144345.6880345021,95959.21353419109,65897.39784965792,47750.13665549187,165068.6724936046,45053.00997021989,9512.906140805591,34478.05248348651,75295.56373786645,29713.11184356995,46550.3701465444,2442.280799439693,46454.20026150301,29615.78166600655,16715.96460841693,23889.03323254029,70684.81263862616
4861,27772.47493511569,19665.67727980734,81962.16947259838,50625.5594596072,82838.22368692703,46443.2968984278,17815.20230387356,21613.32270466077,45938.81476729368,152320.116965961,113344.3903513253,65162.07777027119,62259.60532252669,40567.31924545089,145776.7980633056,94108.4697013888,67152.41455213258,45043.57951803406,167159.562810249,43801.57126307066,9555.149437726774,32783.14429524565,72805.18244633783,29377.79038644166,46082.61280967066,2257.907907053579,46158.44436738,29413.33946615445,16867.19583660215,23563.66882078127,69617.644776647
4862,27057.65895989147,19440.8235003394,86132.60626144137,49767.37689303103,83202.00856657399,45827.68381934355,17076.21739405688,21755.39556372918,45216.5775189087,152769.1095343526,108345.652573815,66213.96803107268,62766.59819823234,37887.45290642562,151504.5259408508,91080.52631744715,67205.08420029243,44500.10367486061,171773.2559722596,44047.09526765436,9681.679052162379,32479.04080179335,74070.28569009333,29516.90042144641,46056.73859264176,2236.068244265537,46746.9282090334,29242.8493612608,16923.21736319155,23563.49856675996,69086.59386859283
4863,26587.30031322282,19387.98208226957,91175.63908741424,49302.55329664946,83710.624945577,46023.46185721422,17683.92377500464,22254.03993535561,44223.20511363091,154646.2994090958,107416.7812377065,69441.28932508967,62725.90886547119,37531.46640228601,157939.6755896766,90888.40357720663,68882.2515769844,43956.47559884599,169538.2595568611,45029.19476274868,9720.21417811549,31316.01009347782,75199.9178134391,29923.17551061854,47486.86383722492,2190.302196075372,47956.78211473027,28749.3282704269,16885.8858553613,24052.30943912375,69428.26566729714
4864,27773.63232730936,20068.66628002303,96820.69510208271,50193.06004535178,84120.5390251074,47951.01706496752,18732.77990044967,23621.20246519701,44364.29153038361,159401.9944957731,113404.8967905523,74512.90068801891,63993.57735921437,40491.07990527337,159300.435310748,88687.8989566281,69589.1636153339,45404.50847339605,171773.8647853783,45281.36661151248,9756.883414291582,32870.16479514417,76348.7329572573,32032.60144457116,50295.06502988833,2236.587463735694,49075.42422768982,30830.91220284936,16873.28454024788,24938.70079577252,68158.85172037705
4865,29157.29936762406,20914.4655251516,106371.8860242019,53087.59263265113,86524.91703246464,51094.58688254947,19738.18791844891,26432.59930318314,46633.96393588281,166622.1369727789,119316.2472890709,78396.77986624553,67165.45184453482,45428.30329264046,165663.5203027334,90569.34970356504,72355.30855300574,49406.62937576103,172797.3900576475,47721.10700934869,10031.15850686009,34776.56024708933,78641.71572182993,33967.0390124047,52398.39063727599,2309.810614419685,50527.70229966062,31373.69744888477,17034.76592884338,26087.04840387836,68105.84183414088
4866,30178.62967835256,21974.35631060205,121969.4976491555,57656.90842228519,88041.8740973368,53433.40585804172,20685.13001579961,25779.44600957597,48499.49011566245,170981.0205052507,123532.2048877194,81168.46357102827,69492.39321534647,47790.40583744887,173478.5259227654,98875.12258906114,71639.17749515311,51634.13698038211,179597.447550194,48464.51551283731,10143.90570437284,35845.35016340757,76489.33326337706,35462.21850227036,51262.66294058787,2382.213411520308,51567.78953905857,31750.45263489641,16728.52013594355,25928.35134402216,68693.84976443849
4867,30631.05907287791,22463.75340771129,121349.377684876,61132.94510413428,87627.60326778008,54533.60546366881,20257.79325496612,25751.18053769142,48356.66099848556,170184.3019129469,121907.9458483074,89758.89562855512,68459.55947136361,48493.34781343664,165812.607451792,97059.20285021121,74505.59593420627,55912.09695965966,184069.1004343558,49204.50987133366,10456.74359995284,36795.49943229819,72937.59420709728,34419.6277542419,50752.09662683775,2405.561591159471,54289.86987125016,31717.43533276474,17087.59381254308,26396.26331604801,70234.7555621268
4868,30631.05907563867,22013.9275227367,116602.7972437577,59112.70792160813,87750.12387032564,53053.50859901815,19757.7107397863,24816.5172718031,47227.25536701285,169389.3521685818,121726.4960466987,92356.99939664276,66745.5819638192,48930.67146031583,161298.9127722414,94806.53241920542,72826.68927264947,56635.11199499275,182950.2135756917,49203.45232485867,10450.39947344421,36928.76385580032,74054.53380987264,32903.49228238552,49125.44791146614,2602.203883019595,53023.71608817009,31193.60837154651,16874.95580837276,25770.84290805919,72686.98981307144
4869,30152.57046682197,22007.49068452394,116662.317276576,58666.81253052567,86187.29199348002,51888.10278407786,18708.69265948243,23377.17110123897,45936.48674922669,170858.2329775189,118769.3809796062,88147.84153253514,66158.13099606223,47655.40064718627,160010.9743898454,91915.50843612324,71033.09556214146,55210.79624303711,185183.9999806807,48636.87842423451,10298.25690130729,35488.02532767988,75653.21323818846,31199.97378258823,47483.44963616202,2626.460811044544,50748.15836201334,30263.77964748699,16761.91564650765,25435.84436341117,72957.47242767972
4870,28450.01603200395,21384.90636899026,113220.0601058054,57470.95682820552,84869.30914839235,55775.89307800655,17448.70718975167,21133.64832099027,43398.60394550674,170885.650120566,112564.8038637093,83536.05759397855,64553.12332510385,43653.85094976623,156407.581234198,87688.40970272082,66259.64342822962,52150.2045877688,188576.33649744,47462.6735270383,10144.20419118586,33708.88147610203,68715.2767135906,27826.72757840644,44680.7401702612,2561.18085009435,47220.03546674294,30603.72637572688,16680.50341274006,25509.37683858821,72173.56590796413
4871,25641.71747567714,19955.36278721126,105850.3557066199,54689.88137717467,82266.08108833803,52569.80557089364,15742.666430581,19698.882600189,40151.78425232721,156129.0361935512,100845.16339384,78485.5794895326,61808.26864487745,37890.86668005688,151348.5978363449,83465.33097245955,63575.52174317329,48318.36977090799,191659.9830999456,44116.38799148228,9835.862980529157,30305.14299581236,62587.93342101861,25506.99551507031,42571.36920642817,2289.439713796025,45035.45854209524,30660.68057698147,17056.92906243885,25442.34942049229,72446.78199039013
4872,23511.57365225799,17998.75030130399,90313.66268388343,51178.58432188458,77105.2723993676,48529.91401090762,14297.36569034526,17887.64316596328,35497.82253693618,161793.1418734657,116131.9179193583,74284.64258699998,60924.19388535478,36027.61040280834,153870.0147351884,83172.43323590395,63584.29573880717,44598.5066442082,165120.1471913421,42615.16214108432,9614.711784033158,33740.92225015943,61612.8658340577,22831.12627058072,38896.57164958559,1942.840967029312,40822.14994857238,26743.30752021946,16632.6242432589,24738.70720268978,70916.22114454335
4873,22073.96307207423,17224.89612509547,86727.15819288365,50933.3405258302,76890.51276334148,46320.99178901995,13717.15469612839,17149.69319019881,35516.12679605913,161318.0406067044,109195.8775935813,70411.1631410937,58243.36960681606,35068.50893049827,151727.8337110827,82006.32339967639,61175.41201912006,42960.90722043928,159701.2762453801,38979.42194306935,9015.146401655787,31154.39968767486,57292.93458895548,21480.66494911754,37689.35842244774,1859.467416169319,39590.58455127238,26330.97856883026,16467.46342737261,24621.33232784062,70323.39264762175
4874,21045.35522701004,16849.01985496697,84575.8129746728,50438.81105652925,76933.96980496163,45197.53839312345,13608.51939897973,16559.23648413334,34076.73452686048,157920.8479153254,105909.666342977,68991.26960033481,56005.75539996147,33954.05222110268,149475.7216683379,79293.02030241734,60837.36982055676,41448.53574522532,153229.9336438423,37194.13697785612,8583.877375273094,28974.41161017366,54147.90147921284,21217.16085685467,37446.3931118633,1814.217729185453,38131.74860158213,26331.90918316349,16693.79491538696,24229.17209469491,69767.51658149346
4875,20430.60809859372,16564.85790822139,82466.62533351332,49876.57238688182,76582.58290596896,44793.26593660803,13202.33413971641,16265.15220137689,33124.36508168044,154279.9258025827,103010.7625698746,66628.45617367922,52882.01837382419,33558.78158299156,146273.9340254428,76173.65526349284,60532.12761726404,40719.3535845926,148927.9008208688,35390.92058148223,7777.589112884173,27491.7200937607,52065.96806139755,20672.87830717176,36967.64151721461,1738.095916368654,37700.21334650295,26406.62573202928,16724.38025145101,24313.41873474925,69370.08814275892
4876,20430.6146255165,16432.27619738131,78773.1587367624,49258.08957216464,76298.43854656594,44793.26595604098,13311.11978949861,15974.78913820032,32321.97116644188,152101.7604511289,103560.0635470777,66250.5045315682,51955.55280607263,33558.99442597556,144858.8471115626,75727.68220152929,57270.89283362674,40323.08448586292,138470.8346354518,33883.40522742278,7570.80870447846,26058.0007446257,50492.00413517946,20947.1186333607,36962.73771417091,1693.017963903401,37691.5509303124,26249.79978804991,16589.80477305438,24207.00268356048,69223.08269423162
4877,20826.8286188503,16487.32147584616,80295.11582378198,49258.13844006517,77104.45918421132,45216.09423286583,14493.27919571037,17633.3240235223,32663.92335981043,154790.0085151559,108344.874139328,70042.40654925683,51541.65109546479,36958.11118839442,147092.785016026,74833.0659493654,56121.60419249982,39819.30060258131,136665.1203658271,33571.74408658237,7497.694772671784,24534.79928384558,50493.32281688135,22343.0769929298,39033.00307188069,1690.791360279166,38775.27172143498,26656.43214773611,16712.14611731051,24745.67884207662,69251.10597874157
4878,22525.5510988752,17101.89491035739,90015.81220645922,50525.18605316705,80114.11259636219,46425.27764275448,16072.44010914512,22419.04821280808,33316.81728075264,164541.6568848971,113213.3841431447,79523.83065715435,53178.93415280038,40431.7198091001,149651.7412039038,74834.37741393028,54561.60354099502,41175.12279623886,135287.8297454607,34774.20982546308,7602.960229389466,23892.47145212561,53081.44874179562,26226.42575696189,43523.31787159895,1690.813499702734,40153.53940418565,28083.59612583307,17024.11654715955,24682.95186238115,69224.57174920135
4879,24957.41539501522,18092.76128662275,96361.63875135008,54059.31589857483,82036.74161090417,45623.62006007415,16758.01594419271,23017.77542793032,35463.84812303413,180140.9102018339,129167.5401977181,77509.61715877276,53775.59346423187,43369.57147360654,148781.3511428336,75726.90706417647,56969.54243569653,45028.29624410316,139273.3994510757,37186.49918862384,7571.258224723457,23475.67003048018,55244.3678298166,28861.32299507834,45678.53971773053,1835.13912409992,42068.78909731198,28956.74448154731,17464.54538762214,24868.40252730266,69469.62830196726
4880,28024.72305162931,19384.25429000912,98414.9128350602,53370.46899018695,80557.96380595911,46494.82435223684,17156.03757764249,22157.4673410986,39587.84928462869,187463.0591366244,145113.8668434781,76604.04173537802,56792.99432175934,46171.9117983859,153963.0026124589,75729.10059994407,59288.95272097582,50893.79299835489,156811.5786960424,37792.79752027115,7789.517722119074,25721.1087813128,61135.93698102108,31954.20468323112,49511.2151918875,2074.044407937745,45074.88301452226,28014.22043788985,17427.84298520068,24066.76086747479,70084.82310338545
4881,30275.99183215132,20990.37236675783,107123.6015567412,53414.22761519979,81384.79175255747,49802.37588857233,18319.02579742469,22460.43319218333,46793.99070649355,193561.6179342102,152179.6425287947,77693.83019223831,63442.26494539536,47987.90750910513,158134.6688475386,81957.92264408793,64745.14761205659,54743.49445100708,191699.7724647388,44170.84774639984,8771.093560131449,30668.07235772951,70061.57125405567,33296.44422161397,51441.51222851201,2313.330133233703,47442.4440448243,29462.87532412403,17097.52135342811,23573.65568054232,70284.31577999871
4882,31099.99825971684,21783.88546467477,108468.5273591062,51182.16662560444,81214.89895815913,53101.10343339892,19118.83810296799,22770.37205318997,50146.80876008196,201122.3631434247,150351.2972913467,73873.26779759367,67674.42090266226,49501.70260492164,162232.0977000202,85068.20685173564,69070.25260293306,55951.74254282135,200591.5176805888,47126.24703115541,9395.674249467975,34039.0661206361,75316.60548832192,34076.72138582403,52923.49128808302,2357.357422444938,49011.25308344263,29842.8337390843,16834.48746299227,23825.84001358936,70428.83103455187
4883,31932.84817592773,22409.92011517007,115418.9636853226,51187.70758181055,82226.87088246371,54757.66077108328,19733.64081688298,24062.90294820823,51616.68226935383,203326.3843461309,143150.4289842812,79100.54084920758,70753.50549499337,47369.49022158387,165759.7546314154,90882.9202561491,72010.76393252026,57450.62479883142,208560.6640250033,47987.48266357466,9687.706913067135,37350.56465808993,81682.38026772563,32870.81562077821,49999.0959461862,2415.480911907416,49163.52682900099,30617.13358767238,16675.44371488906,23821.20551883577,70745.91877970505
4884,31945.35192182272,21975.59941969191,108900.0672603955,51995.44586915256,80494.9812654574,54747.49694350992,17937.13768091845,22236.23338188955,52067.30595623841,187014.7643038823,152378.1524823675,68514.2849413448,68564.17591304478,44178.89762669105,164061.4769484972,93595.0792272847,72134.43290175594,56887.07271812987,195930.8007501905,46591.45341835621,9687.712410375292,39347.89322558291,77953.59600047648,31006.81736233008,45668.56301419819,2328.474520259061,50267.88218123584,29360.69678919923,16675.44371488906,24183.2345150239,70825.35195503531
4885,30696.13158240151,21590.5595267682,107598.4879829513,49242.8535035155,78427.96930180785,53929.57211972783,17915.71121825917,21574.73582878236,52514.23133700052,170461.3160058032,155958.8876996701,71218.05284832268,68187.34630528154,44579.99154091135,164910.638077792,94786.2377938378,74884.373610076,55149.22700091136,188120.0934859039,45624.55340056193,9994.95943173577,41192.06192197509,78603.00454356676,30864.25266296121,46152.25305487079,2194.716833427706,50655.76901208021,29297.0390389051,16834.48746299227,24435.83271945897,70895.96738653888
4886,29883.00681841379,21868.1839302336,112493.7895773788,48617.92432637834,77850.11689363359,53914.57193887112,18333.06154699849,21870.08277036851,52922.61833401967,186788.7157219777,153597.9116399643,75071.29899419227,69413.18878749329,45713.01979193771,168296.1370307403,93670.65357172702,74896.74291084138,54481.01303632329,201685.9289345428,47126.99352380636,10017.10499066491,41677.17821540988,79571.65689201212,31941.70930526698,46641.25507736987,2155.523571327549,51891.53269898256,29258.74327597052,16883.42400097985,24683.40589757965,70803.28604925325
4887,29879.08966706423,21835.16240141432,119193.8993604224,49895.56026312685,78404.83236556323,54379.8681195819,18333.04524252583,22166.05040993619,52753.78550768367,198491.3401619485,152229.7985992278,80089.14521867137,69413.17209971462,46492.7843631358,170006.4391155195,92737.07386651041,74910.48857843118,53992.71320697171,203079.7838713408,47128.9522437408,9906.714156701068,41041.74261134295,80675.48246720606,32742.71042740855,48100.79822134333,2147.632026585864,52466.55314144378,29611.34561489432,16797.78505914519,25053.63769278453,70802.16145436934
4888,30714.08608498222,21960.72155744404,122077.4286485033,51824.52002827488,80392.80921450118,55161.76330752757,18724.26508981255,23782.76274927639,52746.61419991715,201913.81835492,144701.7280660263,84626.73003090659,69644.14530729008,48076.59161634553,170008.9436520976,91354.87065865699,74793.6809529067,54614.2864562861,203234.5942031458,47828.47337945412,9615.21083309688,40682.84436506195,80657.62371539394,34602.92884559262,50488.27893575146,2154.523659803857,53576.16137638648,30444.34754243786,16706.02905095309,25973.03280292412,70831.2132990115
4889,31520.06967977196,22099.15547514689,123138.9305548561,56948.54068034937,83985.4411120709,55588.02036581636,19318.89844515076,26000.05046365835,52290.98299921105,206311.9746995595,133324.4356076366,86683.33222442013,71200.31314841902,50286.0837879367,169156.2160365266,89426.02020913827,73782.52364114622,57826.40550708189,203079.7720471138,48633.13837041649,9614.710302463454,40405.63637310546,80675.48360209743,35881.46360612555,50976.04730457361,2238.238924895374,51736.25565647069,32038.8261289715,16736.61438701711,26038.37533742372,71201.7989740906
4890,31932.85893509115,21867.9407303128,123830.1954804072,61636.04814586743,86891.17741273089,55160.77523935771,19221.20972372477,26294.6058388836,49827.00166812501,207539.5572843844,132352.6477395244,86109.92275291262,68970.30623866008,51410.31080594088,165761.627122966,89427.66522319439,67752.94182188867,58696.64818029257,186791.7594744033,48617.8926275519,9469.103290591805,38924.13176928533,77590.01527269988,35337.69618155876,49068.04501455088,2346.238770664573,50737.29414579802,30862.23007247105,16865.07279905632,26338.99463769694,71181.28123157872
4891,31932.89389131647,21433.24008070863,121102.4929724169,61105.55618659266,88262.08476234408,53925.8716945041,18137.44799335127,25410.90747380885,49113.46588184612,194640.9096074408,137547.5180042955,87438.47758717292,68516.48648379331,50309.39411328099,164910.959603829,88211.82695797249,63427.87347755479,59099.07470550231,186921.3938117487,46827.95169277956,8878.147756212576,37059.57775629313,74317.40256249433,35839.63640022802,48085.85837259971,2415.905299841529,50905.88634723274,30610.52452555682,16828.37039520921,25671.93567064669,71311.47300569572
4892,31889.73520458355,21422.23934928584,116201.9207239469,60403.20213238645,86196.44524292031,52209.60438833776,18726.89629703421,24477.90729687226,47633.27758799213,198067.5703645855,137547.5147541705,93054.24331001604,69666.09576469552,46860.77345741685,166609.296217935,91796.81574467418,69128.4125302375,58126.50114075412,189522.6417182632,48668.9696774948,9687.159890435627,35729.81984119514,74332.4217893158,35840.00724453601,49054.20737909433,2572.689878283302,51838.63416594132,29678.73068861453,16828.37039520921,25970.88031001382,71310.59145103872
4893,31517.21240125699,21346.02305660492,113213.2415595743,59500.29403520501,85831.1995150065,53911.17474500008,18682.93980319838,23064.79036506332,46627.32672759037,189314.224016358,134680.6123410452,88630.81061105554,70935.1167731245,45220.88229932115,166535.3480148124,93595.07823685116,76522.5420747918,56036.97235376808,189522.7707612541,49536.32909189042,9975.98124623109,38501.1989421103,75407.64122157104,33793.45190269737,47273.50802520049,2580.813746016915,50730.90624597033,29328.56077470985,16626.50717690148,25422.80353015472,71215.71151819859
4894,29435.95548115197,20496.17097370624,109692.3646906782,57048.14608131488,84071.79328017002,56419.67002506489,17045.37432749211,20802.93127043471,45494.59826371451,187375.0351724346,129318.4813428248,84984.52333534151,71421.3804348246,41838.12576822183,164068.5808902759,92683.24982908304,72999.65148520037,52527.95540477755,184078.1735763455,49536.32641890591,10197.63735753311,38775.94455245815,71143.88218968632,30149.29217953474,43752.92225144884,2426.05817187824,48205.26298866562,29332.98657847288,16479.69756293872,25172.40931636346,71343.34115518666
4895,26167.35376424525,19233.66141502705,99624.01023373037,52994.51679582677,80613.99584495214,53670.87564992753,15416.2712096507,19554.72753069286,42480.51176010805,194443.3785085352,127393.8764234318,81948.9166037263,68310.01843884736,38488.30412571593,158155.214823835,88953.07217792785,69846.99309186592,48734.22835116687,178624.851158649,46828.2914850138,10132.67485432601,36134.80720363279,64775.28435193579,27754.96352616952,41906.0772136956,2182.945172197674,45514.04275990537,27442.4527009261,16248.34626455138,24933.76189243922,71617.90903706898
4896,22958.68297800806,18025.3107865369,91607.74104191054,51163.40022098183,77330.8432083845,49370.77167983106,13620.61964254926,17678.00303924954,37669.73288245784,170456.5781689218,122565.9619075582,73855.41830292475,61007.44153153393,37153.89794528826,153390.0954965174,81273.6196051698,64253.56302939316,46034.15362845528,173241.3083191627,42900.53688421063,9177.994835126145,35256.13859792207,63026.75600714984,22773.57219941929,38761.09032070862,1893.777277972085,40868.65040695688,26619.43879460545,16365.95419790099,24746.45298467552,70827.18778375904
4897,21563.01532755711,17203.94086075446,87959.45939368317,50884.22290765303,77109.01354958845,47117.72079998352,13012.5930839099,16932.12213392126,37689.35616786986,170009.6322201365,115149.6259802071,70030.68902636103,58065.71713027288,36148.57162630055,150935.5566725314,80017.70928372428,62052.47317316189,44184.19169919358,167508.8040237807,39312.90395557136,8602.33436711227,32820.69360535276,58161.19339861435,21440.71104414124,37550.12117334677,1812.089191570208,39599.07481317641,26213.78942463186,16175.46560911203,24616.93826456002,70275.25251603156
4898,20564.41757504706,16804.98525181602,85771.05748360707,50321.26714354175,77153.90122444791,45971.8236574715,12898.74976392727,16335.31964467255,36146.23961075108,166813.7630089137,111635.8565356799,68628.6657367618,55610.33638577264,34980.40257049736,148355.0574604298,77095.45851523624,61743.59099335597,42475.69717273125,160662.9131306146,37551.24146612824,8188.26021129135,30768.03760914474,54618.92510008082,21180.64112340229,37306.39994135324,1767.754263983843,38095.21434330882,26214.70496334602,16436.50552659489,24184.21769381129,69757.72070544043
4899,19967.60596822888,16503.375356458,83625.5393103496,49681.23349634234,76790.9464469522,45559.47486364576,12473.09180876691,16038.07476592862,35125.24131112184,163388.608200915,108536.2142048108,66295.5897996896,52182.59458767175,34566.08147196016,144686.4076184187,73735.87554369123,61464.67943283932,41651.95528745225,156111.8873020798,35771.88481005448,7414.118988126516,29371.94940889167,52274.03190237833,20643.45204850004,36826.15883950218,1693.17131581496,37650.36047772809,26288.21113086564,16471.78119094187,24277.17779299202,69387.7068264274
4900,19967.61230472578,16362.6529395727,79868.45314551082,48977.1734005082,76497.44787589155,45559.47488346692,12587.09268935295,15744.59109962495,34265.02595327133,161339.5246734104,109123.5522796805,65922.39491615024,51165.96459465013,34566.30457312284,143064.9826639689,73255.558720862,58484.76357289683,41204.29834781706,145049.5871619247,34284.31654882239,7215.582998261744,28021.97293459157,50501.2675707069,20914.11828097831,36821.2397795904,1649.00465099358,37641.43071061799,26133.92571104149,16316.5682681441,24159.75534544335,69250.84179377183
4901,20352.26657812525,16421.07807660416,81416.62578098277,48977.22903008738,77330.00322167196,45990.75019578221,13825.92532556016,17420.9506665468,34631.61962104467,163868.4625348851,114239.6936275036,69666.57346761835,50711.78161385346,38129.24513908972,145624.6577125183,72292.0493241313,57434.61426548442,40635.18419748249,143139.3617828596,33976.77923576934,7145.384148496143,26587.74095682447,50502.75280924825,22291.8835248132,38897.94621278807,1646.823059981047,38758.59872288764,26533.9707720585,16457.67092553194,24754.14568658545,69276.9320359227
4902,22001.42807230507,17073.38719608913,91304.76012178934,50419.59354318192,80438.73632378234,47224.09002031368,15480.79189186765,22258.10820863911,35331.56184041548,173042.2114548722,119445.3302671566,79028.66790375087,52508.40646543117,41770.26777233325,148556.7429291014,72293.46178274548,56009.18157162756,42166.82826422366,141682.3563520287,35163.33422743902,7246.452628866907,25982.93119253321,53417.77344544962,26124.62174375552,43402.2314228607,1646.844751838077,40179.40432164251,27938.01520457662,16817.48270417283,24684.93098259204,69252.22813393196
4903,24362.34164319403,18125.09418036999,97759.89285190482,54442.72844432849,82424.65949900702,46406.41735438751,16199.23452709027,22863.27009213597,37633.31023261281,187717.0261982849,136504.2536846535,77039.8045461174,53163.13317382788,44849.71211151939,147559.4386990352,73254.72389126733,58209.40810487037,46519.67797944001,145898.6028145886,37543.70473834819,7216.01459595271,25590.47494646554,55853.88125431677,28725.17913923107,45564.15866381161,1788.2527158045,42153.76497818535,28797.01886947965,17325.45227208442,24889.56243368759,69480.380718974
4904,27340.15923115975,19495.88669523028,99848.53436265138,53658.56822387611,80897.19939534891,47295.02609648566,16616.33748870706,21993.71606308063,42054.49173414784,194605.2519972125,153554.8055352121,76145.6263576529,56474.19007600309,47787.11400756255,153496.6422133226,73257.08634815208,60328.74263714501,53145.80738207507,164451.8565933798,38141.9806713712,7425.571998885226,27704.75867286897,62489.58838511946,31777.75220777567,49408.75847991728,2022.328334111578,45252.63693274753,27869.76337794439,17283.12147585462,24005.00860273401,70053.13946655186
4905,29525.74624112955,21200.62271146581,108707.2293184678,53708.38157517222,81751.24703982625,50668.65411527283,17835.07986356801,22299.93796254817,49779.91612260161,200342.399714354,161109.8605245653,77221.69914296745,63770.57343120042,49690.63343263194,158276.5915357614,79965.58125373878,65314.27810746605,57494.73485668257,201359.3088341836,44435.63801912866,8368.01201111674,32362.77242668438,72542.57995195915,33102.49873206,51345.06111813325,2256.776702941843,47693.26875582965,29294.95057358076,16902.14429827668,23460.90254634736,70238.87116542936
4906,30325.71191373184,22042.85864477401,110075.3213242937,51167.47819540611,81575.76126740343,54033.28186160318,18673.23551477779,22613.20781258724,53374.34216073746,207455.0821622314,159154.9090197862,73449.22092337099,68414.606443398,51277.38738444625,162971.4787015813,83315.38409190906,69266.29316105705,58859.66753711493,210765.6903759483,47351.93214736552,8967.690415680801,35536.86802473986,78461.35426250144,33872.60677291772,52831.65095813333,2299.913944525417,49310.49644921769,29668.75379822826,16598.77358456401,23739.16979352501,70373.41777735286
4907,31134.26306225477,22707.33271524279,117145.4781747149,51173.78583413862,82621.04794619203,55722.93300921038,19317.51213502423,23919.6298544638,54950.13647168683,209528.4892787855,151455.4067352703,78610.70546364145,71793.35019445977,49042.41091060336,167013.5138043001,89577.88043142622,71953.15164525506,60552.92357385844,219196.0748795553,48201.77211004267,9248.07961883366,38654.94348556079,85631.16183204121,32682.41722390196,49898.1571443505,2356.86242015365,49467.46986805378,30430.51026643684,16415.34012930213,23734.05596237794,70668.63285291524
4908,31146.40200578762,22246.34410992378,110514.2944543435,52093.2880134433,80832.14342986068,55712.56613416618,17434.88386663079,22073.32862184983,55433.23262771149,194183.523887074,161322.1165714553,68157.68422900162,69390.95317605785,45698.04454122697,165067.6051907309,92498.89896624055,72066.1527467571,59916.29053691302,205835.2205254018,46824.21479936805,9248.084896961924,40535.60902808129,81431.41135531949,30842.71190787,45554.15092044165,2271.614933808472,50605.90929249033,29194.42729434599,16415.34012930213,24133.5288834375,70742.58673860051
4909,29933.62822681845,21837.66221868745,109190.2956127056,48959.82917089021,78697.08412771218,54878.30124896047,17412.4302101431,21404.72179213497,55912.36397335536,178611.0613977815,165150.8046976937,70827.42352032047,68977.45018701491,46118.4695744409,166040.5850352068,93781.78698565028,74578.87951262492,57953.08245982083,197572.4452371548,45870.1085779074,9543.081855276847,42272.06069574712,82162.84381237674,30702.00521240031,46039.34583296709,2140.561267914555,51005.76759856845,29131.80077681979,16598.77358456401,24412.2528078815,70808.33112723063
4910,29144.22674040674,22132.33315628838,114169.9182548369,48248.43075225192,78100.20845353228,54863.00140257287,17849.78849300859,21703.24289981302,56350.17981431661,193970.8713328099,162626.3396206757,74632.17414562446,70322.59271310024,47306.10524574264,169919.7336809405,92580.29318509788,74590.18181925794,57198.21507458207,211923.4439516965,47352.66876259921,9564.34446181198,42728.84157397949,83253.84234449676,31765.41967840648,46529.86925412598,2102.160329633952,52279.67105510515,29094.12539153642,16655.21464784798,24685.43197773032,70722.04293600214
4911,29140.42387369456,22097.28405852633,120985.4367140855,49702.84865791288,78673.18550892285,55337.59301967573,17849.77140689251,22002.39137626625,56169.18069734259,204979.9781265208,161163.4897207143,79586.86762678999,70322.57440125264,48123.45134380622,171879.4200102447,91574.81981436757,74602.74176528267,56646.59293716929,213397.9724082725,47354.60156520669,9458.354955059447,42130.52146555615,84497.08723435421,32555.98158793221,47993.9533751936,2094.428318917683,52872.43853726568,29441.01569878687,16556.44278668997,25093.95609667346,70720.99591552054
4912,29951.05889878015,22230.552725725,123918.6344865214,51898.71176808077,80726.60781049798,56135.10848839342,18259.74650179435,23636.47892003679,56161.49261676333,208199.6343770346,153114.1276442675,84067.34408693707,70576.0261198907,49783.59175837609,171882.289740766,90086.17507341084,74496.01013786072,57348.77127870333,213561.7428506564,48044.86679981677,9178.473986901807,41792.58629753375,84476.97282277637,34391.95632524935,50388.86209560604,2101.180632138774,54016.29296580802,30260.52329328477,16450.61579364909,26108.4423784974,70748.04376786535
4913,30733.52756278959,22377.48668331696,124998.4206499637,57731.72504752855,84437.51141773134,56569.88108052113,18882.88683574557,25877.59636985205,55673.02809962314,212337.1484143299,140948.9990042915,86098.0626513766,72283.64155270906,52099.57259651197,170905.22337002,88008.78655235004,73572.07674756036,60977.43520590001,213397.9598996829,48838.88465061805,9177.993412627227,41531.56989438971,84497.08851258873,35653.82831736289,50878.14802490541,2183.20352473976,52119.60164760178,31829.17189747468,16485.89145799604,26180.54315882396,71093.06649341395
4914,31134.2735075148,22132.07502354578,125701.5925401091,63067.82635360109,87438.90639145029,56134.10068112995,18780.51487503033,26175.31740401117,53031.48939624571,213491.9823444248,139909.9183557464,85531.86989786876,69836.60845399565,53277.98285063707,167015.6593294248,88010.55824663457,68062.61555139741,61960.53021148651,196167.2299252267,48823.84063588003,9038.191811227598,40136.59927972153,81021.90835772903,35117.14765410228,48964.20949741656,2289.020065376237,51089.80886854471,30671.63627591628,16634.04924891096,26512.2549036606,71073.96406199367
4915,31134.30744387665,21670.68313437575,122926.9056474262,62463.93209688348,88854.94487630138,54874.52689863541,17644.79714152986,25282.12171565,52266.53538790116,201357.7307072532,145464.5145191176,86843.70403590349,69338.62257056675,52124.00638610497,166040.9534439137,86701.08997952817,64110.6339831642,62415.14306744954,196304.3672372371,47057.58378358503,8470.797913088858,38380.95299223853,77335.94644501407,35612.54623316795,47978.96704511702,2357.278228738892,51263.60438497647,30424.00826876181,16591.71845103692,25776.20338046143,71195.17522521589
4916,31092.4079310744,21659.00694236169,117941.9215647989,61664.39579458543,86721.3032001088,53123.97292896821,18262.50385022104,24339.09435675075,50679.6829969465,204581.3216559956,145464.5110439333,92388.7918233659,70600.1128146754,48509.17603745119,167986.9295816027,90562.15373150761,69319.43612722956,61316.44698703112,199056.1701397513,48874.24184616813,9247.554406215788,37128.86561336644,77352.86268378863,35612.91224437089,48950.32880986803,2510.893278813242,52225.13989773163,29507.30915843388,16591.71845103692,26106.0672576107,71194.35448007939
4917,30730.75364664937,21578.11086066133,114901.7627206704,60636.5554952205,86344.0333522965,54859.5363413931,18216.44006317936,22910.79031034099,49601.24214273929,196346.7136632082,142399.0860509941,88021.03080052008,71992.63603825771,46790.24869857634,167902.1987705807,92498.89789953512,76075.73714880519,58955.94987771726,199056.3066514911,49730.12456236158,9524.860337706288,39738.36976064584,78563.88831561623,33593.02905785506,47164.08928745568,2518.852915922319,51083.22381692295,29162.81187178799,16358.89906601816,25501.30400792486,71106.01935211907
4918,28710.21832525762,20676.07664838043,111320.2391233358,57845.11249578198,84526.70635370798,57418.1449885612,16500.36899478426,20624.62246071283,48386.88794289379,194522.4444844923,136665.646955856,84420.63433812904,72526.22329741575,43244.45686150322,165075.7449794335,91516.85086320453,72856.7362987477,54991.88658449372,193296.5871342047,49730.12192474538,9737.678930174587,39997.0676087363,73761.59278351384,29996.36259918912,43632.55015516666,2367.225852171111,48479.63082454116,29167.16597911428,16189.5758761662,25225.01202840718,71224.84511408355
4919,25536.97952096886,19336.04720304918,101078.4583350197,53230.59685314156,80955.07604443196,54614.4366804747,14793.16597332699,19363.00396893316,45155.60284582101,201171.9056409113,134607.7701357623,81423.23262200181,69112.0608780453,39733.18724264346,158300.1333820986,87499.4174556739,69976.03086949914,50706.19222156012,187527.6373852087,47057.91907976733,9675.306508252437,37510.19785388446,66588.60558764328,27633.2385286811,41779.95915433753,2129.027580435325,45705.35060571328,27307.25807365002,15922.74634939368,24961.68178540971,71480.47334076806
4920,23417.13556688418,18099.35012048348,95653.45342993278,52139.12545328811,77724.14573338762,49711.06558950773,13320.99995073562,17403.6522692203,38981.12194619418,172042.7764070854,125282.2886933984,73806.51238713124,61764.34490248006,38393.0919041965,154075.5580623981,80745.84177868321,64991.51931553594,47757.79634183801,177803.0992633273,43422.15898380417,9188.745341291735,33767.88304604192,64367.45709157774,22660.78903657747,38004.81487699506,1881.361633753149,41617.46614258725,26672.97005120793,16570.43251543211,24853.37900993117,69817.36806468874
4921,22020.98791503983,17254.5183142105,92080.24254578064,51869.17477218202,77512.56470402596,47600.39543200609,12703.83988212854,16672.04556176441,39000.62516966941,171617.9289549954,117742.1085699401,69978.41264657337,58760.95297001797,37344.00581250139,151630.9521304954,79659.5852995741,62686.22890036365,45893.65019048176,171967.1700270641,39660.91012119383,8566.527935776183,32146.84932741594,59528.39236947597,21327.03745913355,36744.99992060842,1795.51863837719,40112.37644554862,26272.20684957184,16420.19554928997,24713.93475578192,68981.62403929049
4922,21022.04672237587,16844.16680614775,89936.8714253568,51324.82433717559,77555.37854823399,46526.91283829287,12588.28645740945,16086.66430177819,37466.94992468348,168580.0741645207,114169.6632568403,68575.15385279211,56254.09994327169,36124.98877689278,149060.8955400155,77132.08490671302,62362.72410272524,44172.05611563018,164997.7666471345,37813.99568860877,8118.965246931408,30780.6002054916,56005.4152877337,21066.79379785067,36491.44791730325,1748.928699116446,38329.54058286353,26273.11136034754,16626.07583584124,24248.03870018858,68197.97395576553
4923,20425.02985866659,16533.94162661931,87835.50162224553,50705.94339397784,77209.19244376503,46140.62227495302,12156.23445396111,15795.10790786534,36452.19844004,165324.2704210331,111018.260499199,66240.02194054556,52754.50220441967,35692.63313896523,145407.0917874674,74226.32905167316,62070.60874663495,43341.99835018918,160364.6319263929,35948.53081749276,7282.214818259195,29851.36302144888,53673.29239403327,20529.24585206551,35991.83574790844,1670.552231300948,37802.16358140462,26345.73212403095,16653.89749604581,24348.12579209858,67637.69649791639
4924,20425.03619734276,16389.19956837187,84155.72509418547,50025.15203545425,76929.25363793438,46140.62229352159,12271.94780609032,15507.24074668364,35597.24617243208,163376.5004095903,111615.4064377414,65866.49818669228,51716.56054066924,35692.86595125956,143792.228325929,73810.89551958551,58949.62236323152,42890.90908832427,149102.7475070027,34388.97482558794,7067.622093243136,28952.81783119864,51910.18254874163,20800.09290398774,35986.71827215626,1624.139113170341,37791.57728741777,26193.30511836712,16531.48219140507,24221.70089148343,67430.45456210247
4925,20809.82276197016,16449.29358021801,85672.04095052919,50025.20582651141,77723.34455443674,46544.64332097067,13529.38964623836,17151.51920254259,35961.59689541467,165780.3991581108,116816.9814038092,69613.97621848508,51252.85649694531,39410.89394147055,146341.545022931,72977.5411733321,57849.75852713054,42317.43136629791,147158.0581420914,34066.55489246232,6991.7458630722,27998.19212485524,51911.65969866401,22178.77856830875,38147.19100613667,1621.846559684883,39115.98685654099,26588.53151662903,16642.76883222334,24861.66148994013,67469.96057897391
4926,22459.55143975915,17120.23547176324,95356.70695423402,51419.90111199323,80688.45279706361,47700.04268854864,15209.1148968646,21896.10627741617,36657.25663013608,174500.5673694162,122109.546129134,78984.32080774597,53087.14409457882,43210.40274964451,149261.7648390769,72978.76283087798,56356.84522451432,43860.81901503867,145674.7656484369,35310.53071206637,7100.988326520604,27595.63036539788,54810.80511302892,26014.07726030008,42833.16165026319,1621.869354856917,40800.36065724801,27975.66381280868,16926.54976812553,24787.14028674476,67432.55376752338
4927,24821.27698175267,18201.98375997031,101679.0122897068,55310.07396951078,82582.62543352609,46934.0425462474,15938.34966423474,22489.68695484092,38944.92214251357,188449.8103831966,139453.3337542111,76993.70480519268,53755.5958751478,46423.88892360873,148268.4964446611,73810.17346241267,58661.23144660925,48247.04335603955,149967.0809665375,37806.09423677284,7068.088596695115,27334.41124121227,57233.64586251292,28616.37196647704,45082.29266958199,1770.469765658245,43140.97739323344,28824.32052090634,17327.18167610879,25007.46026309991,67778.02391769717
4928,27800.11870794436,19611.9320427148,103724.6757825234,54551.8297444217,81125.73466970798,47766.49598545625,16361.71816475502,21636.77390182182,43339.05335134098,194997.4593507013,156788.6100169056,76098.73864059431,57136.06264615224,49489.14984103962,154181.6736118371,73812.21678832044,60880.89620494017,54923.97731285894,168855.0696319247,38433.32247259562,7294.594099164502,28741.6798191104,63833.21488800133,31670.9843162419,49081.96876389277,2016.451194591524,46814.70920889094,27908.23409990065,17293.7956846414,24055.09014561696,68645.29899372866
4929,29986.45739028394,21365.36269875315,112401.0851959486,54599.99679621482,81940.32493109656,50926.92882141923,17598.76795640676,21937.13551990312,51017.21096485574,200450.9433715669,164469.8256495831,77175.75969291433,64585.40048886648,51475.52552463114,158942.2796994818,79614.49895117161,66102.44911051342,59306.24934023639,206428.4003212029,45031.54810263249,8313.254597579351,31842.05670292264,73831.45779568481,32996.6158416869,51096.37435715631,2262.824333293605,49708.09328872138,29316.25448827495,16993.32175235711,23469.26898842916,68926.53515807643
4930,30786.69818901488,22231.65653604817,113741.0259453461,52143.06865325751,81772.94667983358,54078.93015383564,18449.51401651572,22244.41020932742,54589.64508150784,207211.9511035267,162482.228725299,73399.95705449284,69326.78662175586,53131.34758991517,163618.1678553431,82511.79581589723,70241.55428964448,60681.6473756456,216004.4903192956,48088.97013856766,8961.432406833674,33954.73672907337,79717.99842183608,33767.23835568908,52642.92747828626,2308.155668533516,51625.32669412733,29685.55514095774,16754.05547433844,23768.87021292509,69130.26652591533
4931,31595.52741640413,22915.11086223495,120665.7000375621,52149.16782855121,82769.94064662997,55661.8044181241,19103.46867935648,23525.83077094437,56155.79814670797,209182.8420647429,154654.1536954015,78565.99004683431,72776.35916480087,50799.08721864063,167643.8458737574,87928.3268436603,73055.60983263413,62387.8861226321,224586.9744941743,48979.9363150411,9264.498280233449,36030.12971665158,86848.75917150833,32576.25369673118,49591.10787650498,2368.000719940062,51811.4196503534,30438.13602401488,16609.38284075595,23763.36431854091,69577.28314187574
4932,31607.67053479176,22440.95442689684,114170.9663165635,53038.28104703655,81063.684318917,55652.09267393843,17192.56038962093,21714.86288570275,56635.93855607945,194596.5828833031,164685.6261259262,68103.75730226705,70323.60056493124,47309.14750714631,165705.8118556412,90454.76145834502,73173.96045583065,61746.37182610726,210985.0657071766,47535.71502177725,9264.503985233965,37281.90188444234,82671.88056390762,30735.31935966757,45071.88125257384,2278.417282520071,53161.04660980049,29216.9420420909,16609.38284075595,24193.46371944524,69689.26460370726
4933,30394.47965573176,22020.59881181226,112874.2114254371,50008.38102156779,79027.26571128546,54870.54885155725,17169.76944409143,21059.05143138628,57112.13841312906,179794.0748186865,168578.2488969521,70775.84924641557,69901.4292898763,47747.87277138622,166674.8542990463,91564.3513703472,75805.64080859006,59768.11123418069,202573.2147267595,46535.43684068712,9583.359026072494,38437.68520643844,83399.32963492288,30594.51866463911,45576.64705019459,2140.697821447281,53635.0810979411,29155.0698797534,16754.05547433844,24493.5566333857,69788.81519091161
4934,29604.80667645183,22323.68682691388,117751.3682733683,49320.49386713038,78457.9659601641,54856.21587333934,17613.69753246834,21351.85963056968,57547.27554781103,194394.4445797676,166011.6281852478,74583.95272993817,71274.77011307671,48987.20376395211,170538.3050203892,90525.16059121797,75817.47817137497,59007.45605056897,217183.1319029644,48089.742400743,9606.341260580335,38741.7188462445,84484.38658175681,31658.64354808693,46086.95628786605,2100.34369255954,55145.30150297104,29117.84830578661,16798.57013092513,24787.67969178944,69658.15704221504
4935,29601.00250184854,22287.63657520501,124426.6436736541,50726.84418823878,79004.4712193712,55300.81584761386,17613.68018969207,21645.28319234063,57367.38384501847,204859.2244570787,164524.3503910188,79543.0124328079,71274.75141735679,49840.12724499966,172490.0609993418,89655.51094754724,75830.6327107519,58451.60445806007,218684.2635700382,48091.76873725892,9491.779779346496,38343.47660581396,85720.86075164798,32449.73359502963,47610.09589645761,2092.218407840561,55848.0310092014,29460.56021523511,16720.66948157424,25227.5242207912,69656.57163689105
4936,30411.91632249226,22424.71197241021,127299.4849771569,52850.13542253582,80963.0244923624,56047.93261937637,18029.8137517901,23248.09860033995,57359.74280273209,207919.690176376,156340.573317018,84027.4372206649,71533.51625837991,51572.53013378498,172492.9191167962,88367.95882910068,75718.84836128748,59159.16661500607,218850.9887329857,48815.43790303433,9189.263244797825,38118.54674546186,85700.8558832898,34286.93486115332,50101.60596649472,2099.314164616695,57204.07748941495,30270.19659494268,16637.20450096052,26319.78834943554,69697.52767343876
4937,31194.65409501686,22575.84299985438,128357.0523592266,58490.37133179661,84502.48269349644,56455.22991732547,18662.31462825476,25446.32695927567,56874.26687770493,211852.6317356598,143972.3011582322,86059.94531406414,73276.9285278895,53989.32082157594,171519.80668425,86571.19300745195,74751.17555915844,62815.65261477392,218684.2508357707,49647.8805741833,9188.743803747235,37944.81406338451,85720.86202292112,35549.64985089482,50610.62779667402,2185.508995471579,54955.53823308417,31819.95035617264,16665.02616116509,26397.41689642422,70219.96336175979
4938,31595.5378652565,22323.42132078279,129045.7550673956,63650.11789160773,87365.21187726293,56046.98850012258,18558.40488056243,25738.350396242,54248.8900068829,212950.3668289552,142915.8690697211,85493.25361483976,70778.59813909009,55219.02483366069,167645.9827164896,86572.72537354752,68980.89405414782,63806.28530947641,201142.6467411877,49632.10853606014,9037.635651384584,37016.32074500989,82264.6077223747,35012.61065639737,48619.48839581656,2296.707692964244,53734.71254185586,30676.35759838342,16781.87713454301,26754.56005984253,70191.03833401903
4939,31595.5718132898,21848.8500820612,126328.1629621189,63066.18195507633,88715.82875088861,54867.01301991395,17405.62689024905,24862.24812306728,53488.61624743252,201416.0730176314,148563.2205375031,86806.24377972206,70270.1729500651,54014.8181634293,166675.2212168972,85440.14578960485,64841.8239455861,64264.38382080034,201282.2582630123,47780.37740611644,8424.353380285967,35847.76147199264,78598.71958283264,35508.34018807123,47594.50507582186,2368.437677837256,53940.7481985386,30431.71234485211,16748.4911417788,25962.07750977884,70374.57707741483
4940,31553.65789030578,21836.84036746125,121445.7549961595,62293.06981784391,86680.76227425992,53227.08466502354,18032.61251990314,23937.26782640528,51911.47275932295,204480.2788905688,148563.2170042873,92356.21806172574,71558.1078838785,50242.64173575104,168613.3224858803,88779.64021466346,70297.21306713804,63157.26370258276,204083.7087606864,49684.94880669007,9263.930590682749,35014.3713252185,78615.54369565792,35508.70644378919,48605.04781504974,2529.866064938103,55080.65447956217,29526.05515027572,16748.4911417788,26317.23113462423,70373.33429971195
4941,31191.87922486469,21753.63354349793,118468.1535610648,61299.19898509783,86320.92246212442,54852.96978542741,17985.85678272852,22536.29776111063,50839.63017319499,196652.8173503014,145446.6029743766,87984.60803933047,72979.82264875599,48448.89304958924,168528.9345588225,90454.76053573481,77373.36034161816,60778.66794230624,204083.8477353495,50582.25016300008,9563.663830697316,36751.25892667959,79819.97407381347,33487.47386783794,46746.75830294582,2538.230553832939,53726.90592254238,29185.70743678081,16564.86818416926,25666.1023655229,70239.57666590545
4942,29170.64899607903,20825.83332953785,114960.3270460639,58600.01139717276,84587.55678354467,57249.8880994376,16244.00764265903,20293.88114847218,49632.70580552108,194918.746117281,139617.4221055887,84381.03880162291,73524.59552711698,44748.7602369269,165713.9187046967,89605.37269506788,74001.97057983225,56784.21096732171,198220.2122644288,50582.24739774206,9793.694273656089,36923.44837705523,75043.83187522451,29888.40464461896,43072.77054891031,2378.89126819427,50640.33037137936,29190.00909757831,16431.32421440924,25368.62784697472,70419.5034189721
4943,25996.31884382702,19447.52684275026,104929.2915848371,54138.002554647,81180.93739172198,54623.35910750553,14511.15976146356,19056.40671489602,46421.19081009801,201239.4357616404,137525.1811327695,81380.99568689478,70038.86183226222,41084.65232314383,158965.7262779763,86130.63170934466,70984.89129241424,52465.65687916263,192347.1800314097,47780.72892825083,9726.277439079944,35268.1863043147,67909.90881548765,27523.70188150314,41145.4531965266,2128.577494915497,47351.4040604833,27352.50434072226,16220.87770507079,25085.10880530154,70806.57736707178
4944,23581.26256873458,18043.21408955171,97748.52315291279,52533.0857808553,77755.77896549022,49828.22213614907,13542.47974321691,17270.19707429532,40089.2846243013,169989.4428982958,127621.2863418332,74565.18623689834,62701.04853160906,39279.5353406813,153297.6277254434,77597.42682400612,67411.09560717455,48997.15732208515,178290.4879069546,44746.91726217898,9243.884413354523,31771.05769791816,64882.04111140496,22528.00881494455,37192.67496483967,1903.093775766451,42815.22637541343,26593.8776128121,16286.76513273305,24775.62703078719,70100.27799125646
4945,22159.92844847648,17189.0192351685,94186.62860398038,52258.70089706138,77542.5424346279,47689.08199950193,12878.26038661402,16536.71239271226,40108.14652482189,169610.291908236,120235.678441327,70264.18159017501,59839.57478027282,38220.6123184678,151061.7593848593,76731.05135400088,65217.61918456101,47070.52298827464,173497.2285893924,41026.36445088958,8604.694908141719,30099.65669216199,60538.96842573474,21193.34228315785,36020.33211864909,1821.216374430346,41186.42665442542,26177.72456673568,16083.6608791698,24645.51360240967,69094.28830897894
4946,21142.96638190069,16774.11990955962,92050.04552570832,51705.40897632825,77585.69127287372,46601.11963170021,12753.89585733817,15949.82850727226,38624.90300158616,166899.1878500615,116736.4675608772,68687.5709996345,57451.17716324514,36990.16496653442,148711.1522423452,74715.16985371371,64909.80540910256,45291.21922977875,167773.0060472277,39199.43330770631,8144.924141367091,28690.95671864544,57377.08768748496,20932.92009457494,35784.3848664711,1776.778699132904,39257.05157370942,26178.66381193831,16361.98892982962,24210.79269238965,68151.00439119518
4947,20535.17934903321,16460.45658617891,89955.33074685492,51076.36231126421,77236.79645856823,46209.61855062815,12288.89930563783,15657.52371212308,37643.51950973416,163993.5773616122,113649.66794556,66063.96819773332,54116.9446371054,36553.75527393667,145369.3358676009,72397.59970058076,64631.85858641578,44433.3370359491,163967.6452776487,37354.15243847515,7285.349838641766,27732.84712095523,55284.00156011921,20395.00339059239,35319.46202229434,1702.022902430669,38686.32710823606,26254.07331034497,16399.60082837789,24304.18251862665,67476.59533210528
4948,20535.18580205891,16314.11038987124,86287.20804670367,50384.38829204332,76954.66729042317,46209.61856944719,12413.43595700462,15368.91761966142,36816.68056990579,162255.3088969805,114234.5725087456,65644.30112794312,53128.04845138335,36553.99026923424,143892.3607687106,72066.25859602558,61662.25007104711,43967.12677722564,154717.8531295325,35811.47056817262,7064.903710794171,26806.38315080746,53701.60606622361,20666.03624374668,35314.69986571078,1657.753879852927,38674.87067960855,26095.79290323089,16234.10847511608,24186.21726181712,67227.13707356177
4949,20926.91390660382,16374.8704078027,87798.72174076644,50384.4429666709,77754.97151776873,46619.08927371335,13766.75943419219,17017.41680281344,37169.05037688869,164400.6450312122,119329.5162017946,69854.72445037356,52686.25564533528,40306.88096832545,146223.9989352403,71401.5925827021,60615.73316510987,43374.42546562105,153120.6095645826,35492.5391620296,6986.957819871712,25822.09618171498,53702.93181197184,22045.6676872197,37325.16556246381,1655.567232928604,40108.13936844898,26506.19652525771,16384.55606930922,24783.35529378382,67274.69068346232
4950,22606.40364811656,17053.24817139139,97452.71647133844,51802.04747971325,80743.28004994948,47790.07335772969,15574.56600171479,21774.1828417122,37841.83478758769,172182.8746163005,124513.5843817696,80382.63603867973,54433.86832162269,44142.01650384411,148894.8699125452,71402.56695123372,59195.23095474089,44969.54912707848,151902.3279031635,36723.05538200439,7099.180068141913,25407.02638896181,56304.92206918115,25883.59739630109,41685.77751920473,1655.588975057255,41930.95935188857,27946.59656201137,16768.1974369561,24713.82063067615,67229.66389867834
4951,25010.73465930003,18146.98519059846,103754.9991076598,55756.12021283087,82652.2735125117,47013.74094821029,16359.40590408935,22369.28719181957,40054.2751759013,184631.7413171384,141501.8277408318,78146.10897379814,55070.73399455009,47385.63446629095,147986.4137365233,72065.68269831206,61387.84704054669,49502.804422013,155427.7613961805,39191.61734818989,7065.38293896749,25137.69090144546,58479.42769890596,28487.67727813065,43778.74573431978,1797.324656816769,44463.96179952607,28827.84282590548,17309.80877745387,24919.3980324739,67645.5082194846
4952,28043.31461507447,19572.55955832962,105794.1839977344,54985.42108832417,81183.98340512726,47857.42301637831,16815.05682404629,21514.18478128096,44303.91451581327,190475.1271639421,158481.7342187814,77140.58302268047,58291.46480491879,50479.63731339202,153394.682385394,72067.31241236004,63499.8509258104,56403.55638099136,170941.1482100248,39812.05908479197,7298.066786715885,26588.68485020897,64402.55739809825,31544.3850937095,47500.71429206213,2031.9427533754,48439.65399122807,27876.577457692,17264.67450024783,24030.75517066476,68689.45200091746
4953,30269.09479208092,21345.42302391486,114443.1152799748,55034.37933082531,82004.94737310121,51060.48565719776,18146.43333152376,21815.31740288345,51729.59187995012,195342.0361111758,166005.4864280556,78350.65404083332,65388.80180957963,52484.63857951442,157748.7945531053,76695.09142461112,68468.14173742528,60932.72687650227,201801.4808369401,46338.89307373424,8344.513083765567,29785.3938281193,73376.00540319059,32870.92600313698,49375.25465580112,2266.934464319299,51570.85819202189,29338.6677173954,16858.46599312134,23484.13387283616,69027.97751952022
4954,31083.77191463043,22221.31776734996,115778.8124458877,52537.09375172221,81836.25948199484,54255.00306531718,19062.04992666961,22123.38084111333,55184.55392816345,201375.8319189737,164058.6348533372,74108.40702701989,69906.14495669625,54155.98673625645,162025.4225999268,79005.91486382305,72406.48701548131,62354.229732245,209666.6691815751,49363.23434085326,9010.371109456613,31963.71712884771,78659.19033141833,33642.0771646233,50814.42671723672,2310.171677935674,53645.67754793027,29722.15001044162,16535.00366525549,23763.68746723204,69273.21008807441
4955,31907.19240087457,22912.34663759358,122681.5561410868,52543.29311190661,82841.05436087286,55859.22808265149,19765.86951496528,23408.09070371154,56699.20730602063,203134.7344510915,156391.0338358631,79912.62672113611,73192.71610932024,51801.85753705203,165707.360008854,83326.02683114095,75084.05182243489,64117.66343578289,216715.7732014531,50244.56041996348,9321.703650057563,34103.59484201318,85059.06593103628,32450.27548951014,47974.50259990913,2367.252133603994,53847.06631284926,30503.63100875818,16339.42179210316,23758.54999635539,69811.28644853472
4956,31919.55458081156,22432.93525152695,116207.3911987951,53447.01088040463,81121.44754554961,55849.38534066237,17709.25188965461,21592.47421314829,57163.55929629519,190117.3688467907,166216.8630366933,68157.94040177489,70855.85681498973,48279.19382442277,163934.8089209539,85341.05828902464,75196.66206011894,63454.6448905815,205544.0345818715,48815.96534714296,9321.709510672234,35394.26093747014,81310.3069385854,30608.07827044135,43769.05720809109,2281.807083293478,55307.6251216103,29235.54154008155,16339.42179210316,24159.86956263089,69946.07915034931
4957,30684.47776890274,22007.92094601639,114914.743121826,50367.34179793001,79069.09511780634,55057.29958862663,17684.72310377554,20934.9793448733,57624.10031111808,176907.0140230595,170029.6877995841,71160.12964634782,70453.63424487467,48722.03286919519,164821.1077274881,86226.04401754466,77700.69745958144,61410.07087751008,198635.0777632578,47826.51000008477,9649.261896673583,36585.95570891382,81963.19429843263,30467.1809860558,44238.77585116837,2150.449696046399,55820.62261507612,29171.29340372824,16535.00366525549,24439.88194537709,70065.90873997104
4958,29880.55910900052,22314.36800565914,119776.4540463007,49668.15542744096,78495.34091916124,55042.77327864178,18162.50130790522,21228.53915857399,58044.92886582451,189936.9724773706,167515.6823122362,75438.66779526432,71762.08109616692,49972.98465528755,168354.6699431919,85397.20716638812,77711.96067223517,60623.91771464195,210634.7300548773,49363.99824728769,9672.871012994556,36899.43600578649,82937.03562084096,31532.03585978058,44713.65303935879,2111.959762277901,57454.97475979083,29132.64247140017,16595.18270328337,24714.32394176683,69908.6348074034
4959,29876.68630718338,22277.91821851773,126430.5888935761,51097.6064214142,79046.12227192684,55493.37028279358,18162.48264271887,21522.71591444732,57870.95252766347,199276.1638311637,166058.8934229189,81010.34572189882,71762.06328386902,50833.90571545377,170139.7713147202,84703.5927822483,77724.47717418376,60049.43337935966,211867.6636732937,49366.00265919878,9555.184661154834,36488.81994423141,84046.77427948378,32323.66859494667,46131.03724711835,2104.209832362335,58215.46473319915,29488.51497781147,16489.86938629629,25124.73654693787,69906.72644629082
4960,30702.22899269171,22416.5127862007,129294.3319276853,53255.77478089401,81020.00011296816,56250.5646115992,18610.34695043643,23129.64561751276,57863.56274516607,202007.4467935711,158042.8821839193,86048.75463431756,72008.6008044481,52582.55276854712,170142.3853860707,83676.66811645479,77618.11472485693,60780.71378024739,212004.6010672232,50081.84185184944,9244.416443610937,36256.90126758866,84028.81986012051,34162.13018218669,48449.55552792799,2110.977794300269,59682.97071172285,30329.24248037182,16377.03369065145,26143.91249892518,69956.02545285488
4961,31499.08733488373,22569.31875896584,130348.5500008559,58988.65705476576,84587.15256618698,56663.35577865774,19291.07687219614,25333.51664749239,57394.05068657508,205517.3623614152,145928.157193816,88332.34893610529,73669.63225127285,55022.00489686379,169252.3641145992,82243.60524119636,76697.37716298414,64559.76912047641,211867.6532141803,50905.27763967212,9243.882833870728,36077.77052143552,84046.77542045458,35425.71139513128,48923.23469655538,2193.190777760297,57249.61400178843,31938.50886453919,16414.64558919972,26216.34657984368,70584.88416572941
4962,31907.20303822399,22314.0995569936,131035.0715921064,64233.15747394917,87472.2809814632,56249.6077575013,19179.24386603171,25626.28968455608,54855.0038756999,206497.0254037585,144893.381757221,87695.65088829827,71289.35455509656,56263.23943348871,165709.3143929741,82244.82742437476,71206.97285219457,65583.60888777174,197460.1006433094,50889.67625222808,9088.652934664868,35120.42790213171,80944.77854513402,34888.30379144016,47070.34509516609,2299.25255184896,55928.44321099762,30751.00061108161,16572.61556380376,26549.59173001114,70550.06695067014
4963,31907.23759867896,21834.26877038701,128326.08608304,63639.62982129883,88833.46566576579,55053.71606357521,17938.56499845675,24747.93852904474,54119.73013813542,196203.3567076421,150424.9636205806,89170.84150060924,70804.95379567903,55047.74131879092,164821.4433153207,81341.50561389279,67268.66094367254,66057.06335352911,197574.7686251737,49057.98052750464,8458.64228574306,33915.5602169226,77654.63477523359,35384.37339385549,46116.5289362384,2367.668905839854,56151.41385572316,30496.96065170021,16527.48128484457,25810.13765822271,70770.99354606682
4964,31864.56754958182,21822.12595528733,123459.1406707931,62853.8185647204,86782.47594868318,53391.66737600382,18613.35912839459,23820.58388418777,52594.44773457588,198937.9775339075,150424.9601597951,95406.43273225639,72032.03041085618,51240.19445038724,166594.0559117371,84005.01658734429,72459.44616342215,64912.83137908961,199875.7010314862,50941.9448004212,9321.12047575255,33056.27572857388,77669.73445855436,35384.73990082502,47056.9071601178,2521.639964046868,57385.01410967265,29556.52500619843,16527.48128484457,26141.52639855678,70769.49760770715
4965,31496.26240614405,21737.99697203733,120490.9692797353,61843.62243618391,86419.82059419592,55039.48340555822,18563.03820317057,22416.01764418785,51557.85046341298,191952.4353633065,147372.2361100704,90494.7751751717,73386.56540764209,49429.62638082797,166516.8736174565,85341.05755317007,79192.37755781795,62454.50253257136,199875.815176393,51829.5375138361,9629.02947939413,34847.13032376896,78750.71373400552,33362.12075817389,45327.64334671268,2529.61804788719,55919.99493088203,29203.10748403617,16279.24275407528,25533.96750715673,70608.492807857
4966,29438.56923502785,20799.91419298503,116994.2520280898,59100.09806493145,84672.89231271768,57468.73278473778,16688.37071580788,20167.84493289975,50390.61329424018,190404.8803018381,141662.5523129869,86446.03844243685,73905.59633231792,45694.7986563991,163942.2235504074,84663.60355972828,75984.51103252143,58326.14706680767,195059.7997283074,51829.53477849768,9865.334416728494,35024.6698883268,74464.11417049327,29760.58257141523,41908.74977142996,2377.639583229617,52579.71999149843,29207.5743343776,16098.70563999164,25256.39831149928,70825.07163061853
4967,26206.97424691929,19406.33229889075,106994.9847897754,54564.79638416768,81239.61805711828,54806.77560173594,14823.39084545414,18927.19400443147,47284.70229234524,196045.7185008904,139613.2018723334,83075.38452762117,70584.57273757228,41996.33362431557,157770.2390983656,81892.22275551775,73113.76978510577,53862.8304043176,190236.0663803535,49058.32824623134,9796.078666642175,33317.97701613064,68061.40038968659,27394.25762085525,40115.25089371663,2138.889278851949,49020.46218242708,27299.50693042482,15814.20454620798,24991.85077063804,71290.99467192427
4968,23730.31634353298,17938.70439883685,99007.98886559108,53173.78230957326,77921.31634806424,49828.18395178969,14049.5015150625,17308.63517507793,39845.65080363286,166103.0342337728,126632.1004913945,75232.00301922402,62110.75535903205,39849.80172175252,151181.6960486858,75010.44972770476,68776.08735180365,50106.22629565973,178575.6384260638,45473.21474320046,9411.731563187386,33443.70112319286,65991.81538622787,22806.9492107929,36629.16928226496,1916.170415330157,44831.71987824435,26856.72691724563,16343.68470549485,24644.60376165279,70950.724905148
4969,22160.39702721615,17139.78410628144,95328.53816672644,52902.45487277112,77696.57315379457,47681.00181623988,13369.13719346834,16570.94775385137,39863.0445982008,165704.7868831982,119350.1076920264,70581.93013240489,59664.32044311504,38881.72839525597,149356.7236336427,74123.26579020725,66508.86635817157,48164.52005930382,174070.1006123031,41851.10898154646,8803.393584473144,30916.25726632394,61271.5742553002,21523.58759496532,35478.70600302044,1838.488890453439,43162.42264224788,26471.37896623049,16153.63014343969,24508.42207980065,70146.37296404199
4970,21037.12251383933,16751.73272796233,93121.4396710996,52355.32823598236,77742.05038838086,46588.94930398327,13241.7497758178,15980.7011258301,38495.24854237903,162857.1350595002,115899.988381853,68877.36230178676,57622.34493288695,37756.84657091411,147438.0985000308,72058.9671704154,66190.70389850087,46371.29695328248,168689.4818288358,40072.51903658181,8365.814405449459,28786.06224910536,57835.10413564988,21273.17610057526,35247.16226105839,1796.328461290431,41185.07671816707,26472.2486852383,16414.07528354771,24053.42657779101,69392.15822044159
4971,20365.79788333488,16458.36641605665,90957.59128898384,51733.29098341654,77374.32852236631,46195.97639261344,12765.45070338596,15686.72147504808,37590.25051044737,159805.1802732424,112856.4944847169,66040.82868766994,54771.72193977894,37357.87839856734,144710.4232656052,69685.73398795821,65903.41251710636,45506.7036173363,165112.5426927615,38276.06490534858,7547.728861788119,27337.23685738333,55560.2466916185,20755.9370494997,34790.91632443218,1725.403588414149,40600.16209640361,26542.07611044177,16449.27057257415,24151.17193554098,68852.92581544284
4972,20365.80501095506,16321.49021577453,87168.4065034213,51049.02757075032,77076.97510834686,46195.97641150325,12893.01442684339,15396.46171987662,36827.76813787653,157979.3619877139,113433.1932310914,65587.10156505244,53926.25894860599,37358.09323257761,143504.878751085,69346.43478574009,62833.96590737707,45036.84623395511,156417.9811154087,36774.20290412482,7337.92292671486,25936.26506073118,53840.43013862256,21016.55133185592,34786.2430445148,1683.403169220035,40588.42082189584,26395.5121692612,16294.41130118595,24027.70499386736,68653.46826829365
4973,20798.48407585892,16378.31848048768,88729.80593329205,51049.08163614324,77920.46532887261,46606.98650203865,14279.23269992014,17054.40651660893,37152.71142913765,160232.7503579131,118456.6582979852,70139.24157461514,53548.54542045909,40789.00681820639,145408.020925667,68665.80493039859,61752.265153783,44439.50826854954,154916.6141325498,36463.71052776134,7263.739221653766,24447.85501140044,53841.87101701967,22343.14939689604,36759.18719290182,1681.328578860835,42057.32545755616,26775.53628858045,16435.19245729169,24652.69245676906,68691.49036643641
4974,22653.54640721144,17012.79872649748,98702.41943160168,52450.8899048953,81070.0288781845,47782.37284683138,16130.98103675962,21838.42799752093,37773.13002457158,168406.9405752135,123567.997495321,81521.59529257902,55042.67782994632,44295.10909150868,147588.0535193784,68666.80270115772,60284.0057279479,46047.11045172297,153771.461381639,37661.66688431543,7370.544879635805,23820.19857571989,56669.82770189778,26033.54812614684,41038.41655619477,1681.349206795773,43925.46696130655,28109.31290763523,16794.18440765804,24579.91482353699,68655.48862369404
4975,25309.22436743034,18035.76051897345,105212.7015110095,56360.90274806551,83082.03538983245,47003.12185134443,16934.89778870451,22436.94219204226,39813.36629695013,181482.8082670956,140317.9072496858,79103.55236556988,55587.17012810943,47260.4427039806,146846.548560691,69345.84505620747,62550.33746029046,50615.82903142297,157085.2762329426,40064.90988992182,7338.379024156883,23412.91730628449,59033.17541807287,28537.52652471725,43092.32346912557,1815.821524051222,46521.44848692254,28925.32625977339,17300.99657095112,24795.07998117459,68987.98227897813
4976,28658.82794268326,19369.08661556957,107319.1873055281,55598.79145714212,81534.51345485392,47849.97570342231,17401.62406814596,21576.94019342736,43732.23722862022,187620.5027288957,157059.5970837611,78016.41823149088,58340.75411802941,50088.9973444511,151260.9145223081,69347.5139124668,64733.34681381576,57570.56500760191,171667.4522177007,40668.93453435046,7559.832005572136,25607.06803942779,65470.69153936524,31476.73372583176,46744.82850730567,2038.41641845356,50595.98994298018,28044.47686081117,17258.76222510371,23864.9924337467,69822.6809064035
4977,31117.28949929678,21027.22888992089,116253.5664157716,55647.20416218803,82399.77825632409,51065.08011083824,18765.36191362081,21879.79825257274,50579.94096125728,192732.5389480788,164477.7961203507,79324.69824856204,64408.66686757793,51921.98067242496,154814.8512429294,74086.44218098393,69868.67132172234,62135.16683282694,200675.3540197922,47023.06635179778,8555.769861229328,30441.03812834847,75223.42685499403,32752.28207025987,48584.38411252046,2261.365781057018,53805.04655710762,29398.33811711546,16878.65310099338,23292.87771351567,70093.35332263111
4978,32017.13235329063,21846.44488154403,117633.3466992903,53177.74561996801,82221.98763419875,54271.60716014515,19703.2341050951,22189.62684071929,53765.98788378197,199070.2335799356,162558.2575610988,74738.1517464205,68270.79770037816,53449.93646891821,158305.54345999,76452.76660802406,73939.4235771495,63567.78998894739,208068.4244028749,49967.38255545441,9189.489160679788,33735.03509600594,80965.423041887,33493.78998784248,49996.69674322952,2302.387267209869,55931.45299700364,29753.43371780659,16575.97361503794,23585.46917872697,70289.43216520175
4979,32926.63259561999,22492.75758683174,124763.9073502215,53183.87590121885,83281.00322478107,55881.86318760734,20424.16120840104,23481.69786736835,55162.7490249671,200917.7251906653,154998.2278181381,81013.44016056195,71080.67230351579,51297.77843942057,161310.8341040052,80876.63833372325,76707.00798314124,65345.01888987093,214694.3969636178,50825.3884569846,9485.794727202032,36970.89576736175,87921.08743539597,32347.80146779494,47209.77445045234,2356.542586804971,56137.84897332176,30477.0667761196,16392.95811144426,23580.09210555957,70719.6580140591
4980,32940.28710851616,22044.36869424434,118076.0701910277,54077.52362090621,81468.60303706082,55871.98344228268,18317.5540438952,21655.67821012168,55590.95842609422,187244.7255169488,164686.2072576315,68304.74704432295,69082.75980525666,48077.33964748139,159864.0329749069,82940.06649492904,76823.4041715584,64676.81360491111,204193.2562029766,49434.59447910247,9485.800304944556,38922.60339646893,83846.77239008571,30576.41877149538,43082.8157609562,2275.476240133289,57634.72225433883,29302.84569792358,16392.95811144426,24000.12848594761,70827.4332460138
4981,31576.09629896988,21646.85687178796,116740.759781118,51032.17102424424,79305.50162796873,55076.91988031312,18292.42904475412,20994.41601061579,56015.65347700855,173369.0165075254,168445.5406588427,71550.59306263013,68738.87709829847,48482.18556940614,160587.4525269669,83846.30766915431,79411.62511978946,62616.24505684619,197699.0183289998,48471.32044557604,9797.542839510656,40724.64947576126,84556.35889550655,30440.93761403153,43543.76799194639,2150.850372938413,58160.47461473105,29243.35343195626,16575.97361503794,24293.20013656287,70923.24452987904
4982,30688.13658918756,21933.47388111109,121762.9257697484,50340.77562691518,78700.7865221297,55062.33895933438,18781.82044910538,21289.65787098735,56403.72706592864,187055.2432841223,165966.8049741085,76176.37607745567,69857.54193355267,49625.81266169274,163471.6355772146,82997.56394704993,79423.26700110671,61823.94188219398,208978.3761876038,49968.12624867357,9820.012423233171,41198.6852384847,85614.77218897862,31464.85919954982,44009.78249353971,2114.332888275369,59835.46232664093,29207.56357599371,16632.28607780833,24580.44160814086,70797.49414180368
4983,30683.85892759177,21899.38274317323,128636.6725294568,51754.29837228736,79281.28912205544,55514.62996218732,18781.80133023036,21585.52020850286,56243.29208312563,196864.8133780128,164530.4538510709,82200.24970439293,69857.52670481699,50412.87149135527,164928.6805659386,82287.29044355107,79436.20430724422,61244.96340302395,210137.3013931062,49970.07762318708,9708.006395573831,40577.76360523516,86820.88464442747,32226.06137398713,45400.71389974668,2106.980110052018,60614.86067393643,29537.09316243111,16533.73926755002,25009.99511020792,70795.9682872226
4984,31595.70322229448,22029.00891920519,131594.9300419877,53888.41844868679,81361.68130110577,56274.67092822673,19240.55173076812,23201.65733925827,56236.47748040197,199733.6604388563,156626.9018471734,87647.57436473599,70068.30550303124,52011.494369549,164930.8142372373,81235.70126535493,79326.265957526,61981.96455057448,210266.0189453167,50666.97547563794,9412.237914133651,40227.06294599461,86801.3709970873,33993.8520370816,47675.96141202179,2113.401242074613,62118.85385504519,30315.58709279681,16428.15340047071,26076.70357355114,70835.38593963295
4985,32475.86453408254,22171.92688673835,132683.9413456058,59557.41971198606,85121.3243300998,56689.0139646816,19937.82793448434,25418.15616689936,55803.50964211972,203420.3568006799,144682.1382836744,90116.50449140479,71488.4147478043,54241.65509620152,164204.3563149373,79768.21931512645,78374.57324344778,65790.58313111431,210137.2915618144,51468.62288200577,9411.730059939966,39956.18665575556,86820.88588448444,35208.86087153788,48140.8002528265,2191.401151886404,59624.99559994739,31805.72998523296,16463.34868949714,26152.51584816337,71338.19798163809
4986,32926.64434498985,21933.22280363702,133393.1207763865,64743.48111729828,88162.13996007328,56273.71047687985,19823.27663962289,25712.60674254065,53462.08818363555,204449.3616596882,143661.8800490436,89428.13222204367,69453.38141479374,55376.39862488707,161312.4293218646,79769.47085250514,72699.58180582913,66822.43231302667,196594.5707092276,51453.43431239879,9263.992585609145,38508.52106638157,83449.50016321651,34692.11135081088,46322.49133933832,2292.027700944992,58270.97599831798,30706.12522059691,16611.16890406437,26501.30294558122,71310.35943119352
4987,32926.68251836873,21484.44164972848,130594.7283794144,64156.56709186769,89596.7768522794,55073.32288316418,18552.44099223822,24829.2227876882,52784.04408471646,193637.2409125499,149115.8575470012,91023.04885958394,69039.23994989914,54265.18347651291,160587.7264422626,78844.45320323345,68628.864041818,67299.59057427983,196702.3555992344,49670.20585828675,8664.390430680218,36686.55529106249,79873.62817733172,35169.11191339071,45386.47635911127,2356.938001196237,58499.49045356538,30470.89018207791,16568.93455657645,25727.36208179583,71487.00412147201
4988,32879.55177454782,21473.08459068968,125567.1551448853,63379.5120620512,87435.11168840059,53405.02580003762,19243.6371247613,23896.55456201984,51377.48122236749,196509.5939524702,149115.8541347681,97764.71879515571,70088.33679185796,50784.30291639216,162034.5777761711,81571.93595731056,73994.16320907738,66146.40736685049,198865.1716032768,51504.31981763579,9485.23970075831,35387.17034759269,79890.03917282568,35169.46433174048,46309.30419798958,2503.018682717925,59763.76221620617,29600.06885210699,16568.93455657645,26074.2061898046,71485.8080247878
4989,32472.74428942474,21394.39955581081,122501.0227400246,62380.57246146769,87052.88673633974,55059.03671812431,19192.09306508931,22483.94040177434,50421.56694614724,189172.2171957013,146105.9577460051,92454.43259192193,71246.40497592594,49129.07149996406,161971.5796311394,82940.06574140077,80953.45543063241,63668.8472151754,198865.27889649,52368.4265362683,9778.286972929764,38095.248438717,81064.8946742085,33224.59517581617,44612.31383044176,2510.587922925816,58262.31766515149,29272.81252345076,16336.64564867387,25438.31185755302,71357.0745739697
4990,30199.94142741931,20517.01968816595,118888.9004386624,59667.61894462897,85211.69076231126,57497.41874855334,17271.85864166416,20222.88605189664,49345.1810586025,187546.7178056,140476.3769644178,88077.10160691538,71690.15371762763,45714.67118640602,159870.0849834154,82246.34076627943,77637.7405882289,59508.19596283662,194338.3509179634,52368.42387330782,10003.18626612189,38363.71859055217,76406.03099958751,29761.5010195285,41257.22745209368,2366.397722817239,54838.99210097533,29276.94872200273,16167.70826036266,25147.7973398254,71530.24294692595
4991,26630.51793857552,19213.61584673959,108559.6191186476,55182.85373762783,81593.15026229944,54825.45406002253,15361.54730902016,18975.12640940648,46481.01698063807,193471.6630825191,138455.777529238,84432.88643684439,68850.8237831923,42333.51384877797,154832.3548243537,79408.39738109816,74670.48515920933,55009.96313977277,189804.1683163512,49670.54437626169,9937.273258041718,35782.90740248985,69447.28194677095,27486.13819308656,39497.20084649768,2139.882379069266,51191.23900627478,27510.12309992871,15901.4867025437,24870.91178317243,71902.7776848886
4992,25042.69574724838,18558.16136758032,95896.31688915966,54167.69949453578,78826.4007145085,50028.87513160614,14631.49805410049,16983.24972155406,40093.83111538723,206614.427900633,167918.348878126,85584.25719887203,59631.85456261685,39541.8658663089,151080.3728337874,69629.2373411873,68707.41698041752,52760.54821158531,196688.1043361267,44537.91237767787,9017.125829889741,31872.96763604134,66253.63452976178,23502.64512905885,37783.68090832618,2015.286572268676,47099.25668737238,28504.6062360522,17019.01528695303,24773.92699635314,71595.9483952663
4993,22809.73798675981,17482.9066991268,93376.7727335836,53301.31627304073,77801.70260623195,46894.17176177223,13975.92367097863,16053.9121991368,39265.51520144281,205179.9783285199,159441.4143971561,84647.26594818023,56651.19737794342,37959.99304949398,148249.5165313469,69233.59863131739,65001.40929985877,49061.01261089479,188805.1189675104,42668.06008775625,8489.984328895831,29353.7257220571,61777.9353021352,22246.49280912418,36173.69261908803,1870.751120134263,45345.60459364549,26786.92591584575,16832.2443473822,25296.77594197039,70912.87711596061
4994,21922.77851975577,17170.96879520584,88491.82942351067,52012.07808448678,77601.42259235939,46200.42165712136,13169.71419608352,15707.24145770107,37318.47194694143,197250.7558744781,153108.7921810233,82815.06230782351,55366.38162125295,37726.5627698575,146350.9566313379,69605.11344450379,63220.11047625058,48533.73914350302,180375.0612635532,40301.31762389358,8085.920932594224,27638.68296243585,58806.32601703305,21847.54763193324,35380.61362273792,1797.80833805227,43780.62129843336,26671.03661622234,16538.688610033,25113.61369820891,69949.70027847229
4995,21604.53546975621,16907.59122734228,85319.62902368607,52036.48664858465,77551.48674786498,46429.8630230644,13355.97878191805,15371.96420384548,36035.02213559092,192257.158139311,148062.4822523433,81305.23746668382,53751.70262657519,37504.22182978139,144739.9210809147,68979.15765829141,61503.45328095883,47275.46402048698,171553.7948047767,38920.46706083976,7755.620627464041,26416.55267674532,55771.74337378347,21245.45302840932,34739.74616651684,1726.932146939107,43796.60100603615,26565.76465306081,16595.81479143408,25296.72878824152,69673.2123889056
4996,20700.59512290803,16600.90429184086,83702.56110809241,51796.68918265653,78642.2355437695,46417.8778992525,13529.65290616526,15689.27370792165,36011.04307453775,190191.0698504257,143841.9893706951,81298.2270847579,53310.11782635155,38633.80792448086,142487.6372240254,68779.46121190042,61329.31084948449,46826.1534236092,167170.9227009245,38232.70029764796,7521.006583789088,25549.52622810514,54282.65857080558,21251.29410225466,34290.6171155367,1658.827387632085,43016.91789087796,26162.29721258738,16560.55008588097,25471.09277702076,69670.12308856231
4997,21559.89506305183,16751.05220548348,83588.71337385417,51796.80312533298,80049.58668834386,47636.84039816084,14084.62387672527,16959.8808596457,37692.78454088941,190011.7824392648,140995.4739730642,81300.58965243795,53167.14528443935,41050.96123212063,145110.5808561946,68563.05122515386,62180.72128850658,45399.50055110679,161771.0173994289,37658.24036067696,7389.952641435257,24656.92843606042,54243.98354959524,21848.33935984596,35226.3018360128,1646.856847631136,43817.56676956118,27189.86980617615,17061.2216367324,25732.72465509051,69477.3080472101
4998,23390.30793357318,17207.43367864897,87308.89178092324,51880.53163641757,82180.95912929025,50551.01395272127,16374.34626152283,20909.1128042551,40371.56642183545,192771.7265347971,143839.3452336497,85514.93054536826,54634.78882197785,43167.6914908836,150181.5748504559,70048.21270541412,62108.5434921743,46804.00155949144,158428.6384730288,39019.23865413699,7556.31749631668,27113.88073606961,59400.9287336491,25610.34119734598,37754.47870008643,1659.400429260808,47034.24559504231,28823.63257523395,17380.47588184391,25819.75311638298,69636.51941435697
4999,25573.03044848437,18600.35553745492,106392.9606247283,52809.82470798942,83901.6853535054,49292.81922296168,17572.7314565366,22075.71736226127,41487.56546830885,185258.336659701,135621.960931273,93285.73415204004,58399.38149958997,44642.09144673018,152766.3457959369,71561.73216615291,66819.52040519645,55755.52350328836,154524.0494621853,41917.67778683908,7800.438127223107,30062.48355443941,60280.87434808033,28904.34537207219,41841.3121237364,1812.788383620197,52261.44804937359,30082.75272999703,17657.80487389696,25331.74663740432,69564.66510859855
5000,28190.86245035051,19220.75098180107,103095.2276493568,54168.52865660006,83494.96466699714,46563.95151789171,18068.70498778113,21331.50593189371,43452.1214211736,156804.9886882705,129684.7844677711,87516.44205142806,62421.75380636432,47020.04991400549,152957.3714104348,79286.0331393825,69981.05555738477,54552.732997769,150807.9758421248,43228.34496416715,8039.062354743769,32578.22907214285,67234.67347433782,32732.03276899882,45928.89910842791,2014.756069331402,53744.60496897202,29799.95025530547,16827.05821520558,24609.28157144277,70031.15844761088
5001,30148.38077267095,20220.71530508506,104043.0707961903,56538.69423805658,84467.00936471322,48673.85506771132,18121.87648858156,21407.67264571922,47053.01985466123,155361.9729950877,133990.5063283256,81247.20050254991,65515.66288105265,49074.88203708242,152957.371396833,81131.28320716874,71604.29758438694,55047.11916392239,154698.0370142405,45581.20843189027,8651.944779498755,35271.54331601044,76570.73828028003,33910.05427716822,48372.12219296944,2230.441086172656,54752.99368279082,30516.82882671927,16158.53228255808,23845.23933776046,70145.90721909366
5002,31339.63395242849,20920.70063800984,105110.8825363576,55122.65225972271,85144.60446577171,50797.31521136685,18273.58627185015,22419.34896774135,50883.52116862107,160416.4352746977,141573.490893637,79318.10661302757,67282.84175586228,50429.74946114133,151911.09904131,80198.58139357883,73187.01788798836,55043.98136842714,164754.3656361508,47172.72181417311,9218.895390950665,38444.007278239,83882.83999686246,32701.00424923201,49347.97828916859,2357.715688025074,55067.95301063893,29764.75916652798,15625.6274217074,23465.77691664547,70695.44138691867
5003,31919.68113489694,21136.33418998596,110509.0558657046,54167.69925361062,87185.94180604747,50239.74829121033,18819.36519538059,23586.95284355306,51856.36181809244,161295.4395227112,140726.3774107596,79574.2461027914,69028.86258720091,48716.18423783327,150337.1122393866,81000.8972398901,74251.80445097985,58579.35390955236,173731.4514335668,48742.50406086854,9179.157487022268,40262.9583852459,94057.79579004762,31468.58836822763,47854.80836870967,2393.923032066026,55527.27852965574,30082.89915056478,15641.25554243052,23552.10643271691,70537.87875062058
5004,31355.41313357289,20562.66163536333,100574.9975941507,54168.05808561523,85521.77670587187,48792.06136054994,17827.44573874331,22083.86046978752,51207.42507260157,156290.57057561,135628.4800210065,70808.5170083598,65491.02632606907,47257.24011858588,142960.2008343803,84736.89012095467,72991.42012250898,56175.27597250698,178104.5553380313,48767.44591698954,9001.723522359027,40311.04896582394,87329.05954661465,30091.03907931319,43747.83957705765,2356.072046846024,54854.77920522168,29629.29644909115,16210.01709822215,23902.51212213042,70572.51399633051
5005,30773.52151843736,19776.01046623441,85909.72299035266,52215.68218085597,84402.54891153717,48117.52677241321,17972.87537589954,21074.17807808447,51150.36812310635,161555.8796597958,131314.0943907383,68670.22981389528,63159.90111239535,46302.77488430781,144016.8734256101,83097.72021228733,74269.64321234754,52760.49557282758,180149.8549069416,47428.10670507636,9046.210800430688,38144.2277275533,84080.28385151131,29774.17917350032,43261.31198099928,2183.246350110584,54473.45819201232,29408.41947051638,16501.91769885184,23554.12846666969,69876.56525302438
5006,29913.69508341597,19559.1802359944,90059.57791338327,51386.25950766631,84787.18548067512,47447.25692422187,17146.84628916401,21222.78263206394,50441.94306038087,162013.6411471353,126281.1834720983,69867.81143177519,63675.11695869033,43524.409407226,148245.9913385671,80415.92622646598,74323.28676966352,52074.80871579309,184662.9489512472,47690.87620783051,9179.461719557536,37755.45274091008,85730.64826923712,29905.63032776504,43234.39947825776,2162.774496092556,55232.19625680049,29222.40420653823,16610.04825796897,23553.9461673273,69530.24278093793
5007,29347.91757932511,19508.22437982241,95077.72245302856,50937.01333920757,85324.95510765066,47660.41697585358,17826.13370111154,21744.35181090511,49467.56807474798,163927.4929335008,125345.9620426914,73542.13070321917,63633.76768137648,43155.33853268066,152997.4402960323,80245.76663495936,76031.46647929164,51388.92979123659,182476.6854401767,48741.95793981267,9220.043847107865,36268.59955498351,87204.28662301762,30289.53742274098,44721.91307229323,2119.874755990147,56792.07291969364,28683.94212953072,16537.99244192602,24077.33997558799,69753.06251474291
5008,30774.91370389249,20164.61944540183,100694.9190871862,51797.67692848199,85758.36494410379,49759.10880092511,18998.53337519047,23174.36862971709,49605.95633132332,168776.0677417861,131375.0144734048,79316.18220612704,64921.9966232849,46223.73334866842,154002.1691230029,78296.82000387748,76751.4499568991,53215.8686020497,184663.5444895207,49011.84222840028,9258.660968055716,38255.47733307956,88702.94979162523,32282.82621635321,47642.8023193682,2163.261197068638,58234.3493118421,30955.07912556821,16513.66987644485,25026.44273494823,68925.21989263105
5009,32439.27703622748,20980.23769069897,110198.9731409483,54595.20632338767,88300.55885979936,53181.77822754591,20122.36723955249,26115.01736380833,51832.22314299426,176137.2211143626,137326.7770567025,83737.99547243374,68145.31607332919,51342.4255805694,158700.4085115692,79963.18646386935,79568.74340183922,58265.22219795407,185664.7523393429,51622.94891947773,9547.505665333729,40692.67020433748,91694.21329821122,34110.76085195332,49830.53059388291,2231.898413040841,60106.78586127319,31547.29144714381,16825.35493572254,26256.03491833626,68890.64973265598
5010,33667.79854454649,22002.30796046414,125719.6077091299,59011.39265074024,89904.4659862534,55728.24758128693,21180.84855016557,25431.83582925512,53662.07268880719,180581.2345556358,141571.5564340536,86893.56937507259,70509.9983501223,53791.34777801364,164470.6861791077,87319.45735389035,78839.3704367681,61075.60044680996,192316.5382065188,52418.57410951208,9666.242039933193,42059.0431477188,88886.36702929866,35523.62132437749,48649.22819093256,2299.766653824876,61447.78067434143,31958.3546899333,16234.25128629446,26086.11018217756,69274.11647179273
5011,34212.00959588966,22474.24170112041,125102.5481499204,62370.93845026303,89466.44967636922,56926.12762590979,20703.17628705078,25402.27087314762,53521.97505950138,179768.9558822706,139936.1933848184,96673.81347953063,69460.41296739383,54520.12655702783,158810.4883104276,85711.13050728918,81758.79153029797,66472.97177353207,196690.6890854469,53210.54534651053,9995.69801203654,43273.74234478643,84253.01889074587,34538.43174226458,48118.17377088332,2321.652546926732,64957.38589585821,31922.3307683356,16927.32125026607,26587.12651142794,70279.01128886994
5012,34212.00959921049,22040.46713687795,120379.3929485678,60418.40458431287,89595.99300499115,55314.6214144862,20144.18963141138,24424.63715296286,52414.16836979143,178958.4806028149,139753.503128128,99631.765872431,67718.63627901139,54973.52414074554,155477.7624143981,83715.98157354494,80048.84037486378,67385.17774072169,195596.19895774,53209.41351843593,9989.016882941964,43444.11156310378,85710.09947785847,33105.76904621694,46426.25057324703,2505.979215877661,63324.92124160479,31350.80310970301,16516.89569280118,25917.45816399885,71878.22487657309
5013,33636.4528559687,22034.25998699152,120438.6192391738,59987.45228856755,87943.58158032548,54045.74587366222,18971.6089259983,22919.1181037843,51148.08462644536,180456.0489617573,136776.1721755415,94839.62141339852,67121.65738243713,53651.38043919891,154526.8018589691,81155.45459281835,78222.08150381448,65588.16209844308,197781.2788420327,52603.04371604975,9828.79243536107,41602.22840790694,87795.62384661338,31496.03993428057,44718.36186549291,2528.716942841307,60391.02205312912,30336.30238153284,16298.70999438652,25558.75876928768,72054.61890269525
5014,31588.51134254591,21433.89160181056,117013.3502350552,58831.67277031811,86550.05362443811,58278.71086197547,17563.21122661909,20572.45101840442,48658.7367169661,180484.0015673532,130529.178373899,89589.08542474797,65490.61792384156,49502.75281093349,151866.2050450531,77411.59068148094,73360.36394756669,61726.70717063424,201099.6472710667,51346.36318295527,9666.556382487377,39327.71778232627,78744.88144345007,28308.51211039936,41803.18471828123,2467.525438016112,55842.17814541661,30707.20531711085,16141.57128553291,25637.4936018982,71543.39777553937
5015,28210.5099829583,20055.35900738957,109680.016670557,56143.79827277497,83797.61182236383,54787.97315725128,15656.21790170675,19071.72300178827,45474.00974540325,165439.1878780673,118729.4182927213,83839.09422815582,62701.24415786639,43527.94865493601,148130.860460495,73671.28721328265,70626.61043893981,56892.19832308937,204116.0566047225,47765.03602212494,9341.835961043245,34976.27687255908,70751.58176995181,26116.49586009817,39609.16849805867,2212.80333323898,53025.58140839977,30769.34587821639,16868.13334918902,25565.72405339066,71721.57442046079
5016,23476.30037205033,18519.5101311203,90565.2427474365,53402.05778902827,79019.76432905217,49926.98702999487,14815.81079304866,17225.84728156251,39604.03374931787,208962.6071508974,162824.7194941553,85322.42979943662,58734.53598451335,39253.37707507809,151024.6251409123,71188.87104928792,68699.47201063669,52830.03620104778,196408.6098066286,44920.42809770891,9014.105715309677,32591.2959693244,66676.75879635494,23689.99473585332,38384.57570753412,2040.537161243328,46954.87179115128,28847.36784225344,17071.80133714268,25008.10303227818,72934.32786239912
5017,21715.98543574514,17443.14018432363,87858.16960102666,52621.2757813043,78041.04322308108,46871.29046883295,14180.2439027299,16221.23595112753,38713.55195817116,207560.4363816346,154834.5370054748,84445.90865587744,55345.8976682184,37559.51903598551,147965.8578767458,70771.79641229514,64917.15231307448,49234.0819951833,187950.0838882197,43163.37756284948,8551.235827840577,30591.10779643645,62171.91844546854,22414.44306959478,36686.70569607391,1893.279141838341,45512.28363058253,27089.39427939789,16837.01664634098,25474.1008583303,72118.02457586997
5018,21016.76576160191,17130.87873138788,82609.64128007392,51459.41812256921,77849.74953853356,46195.02558537133,13398.63915718669,15846.48582388556,36620.38130248246,199809.64181612,148865.5387488097,82731.94896960203,53885.22116879124,37309.56357083884,145914.445777092,71163.44010635659,63099.17399016892,48721.57138645866,178904.5436203805,40939.41252859605,8196.437773762374,29229.42505181815,59180.96111483136,22009.33679590806,35850.33623076616,1818.962360310614,44224.89807603801,26970.7864554861,16467.99567774183,25310.85445968469,70966.98157088547
5019,20765.88417118301,16867.22798238304,79201.33486147437,51481.41504865135,77802.05425681447,46418.68412979611,13579.21912895379,15484.05202568451,35240.60739301376,194928.4128668206,144108.9917547152,81319.56289304841,52049.53099347799,37071.48249076459,144173.7064824855,70503.56968469359,61347.16835948033,47498.52606155366,169439.2322585441,39641.86392892762,7906.409261914325,28259.09722041892,56126.62040868463,21397.94376451982,35174.48682085932,1746.7510974532,44238.04329285703,26863.04502888259,16539.80745353392,25474.05883178455,70636.56514177099
5020,20053.27790417615,16560.22294428942,77463.90901778085,51265.31027855735,78843.86243352688,46407.00107806959,13747.59288778035,15827.06273531398,35214.82868119959,192908.8168756397,140130.8427679264,81313.00493642074,51547.50372860987,38281.03515961087,141740.0922700209,70293.05357287356,61169.44008541281,47061.79548102339,164736.3645562773,38995.58776816449,7700.400484783813,27570.70916267641,54627.84022592779,21403.87504479364,34700.84191795407,1677.363470960849,43596.6608687456,26450.11307322037,16495.4771470712,25629.46363922273,70632.87327812563
5021,20730.69265252784,16710.52659472749,77341.58762743985,51265.4129633618,80188.06738284991,47595.2409453387,14285.62668387887,17200.58560549087,37022.78640359935,192733.5638921162,137447.7764383506,81315.21503232412,51384.96164353107,40869.3055428827,144574.2079087824,70064.91837171078,62038.38228731832,45675.08672865291,158942.2095738899,38455.78302265033,7585.325266013655,26862.01837086199,54588.91339298864,22010.14075084426,35687.60128614159,1665.167445793896,44255.29013580073,27501.79040350897,17124.85779659825,25862.64740564022,70402.44995816397
5022,22173.6680516142,17167.38143702886,81338.65790832449,51340.86885097186,82223.80764214207,50435.96590674744,16505.4689676316,21469.69458082929,39902.61334797963,195431.4021506296,140128.3504592309,85257.577243382,53053.49070200139,43135.88508536157,150053.465338084,71630.54673365482,61964.71824656992,47040.26383555758,155355.8019559518,39734.67697184404,7731.406121936757,28812.75081324812,59779.43526922165,25830.24093785054,38353.77948748077,1677.947306788228,46901.39240807603,29173.87788229899,17526.18366344815,25940.2129704308,70592.71525871484
5023,23894.38087153205,18561.74806573757,101843.1488405289,52178.34503031628,83867.32689882314,49209.48261458124,17667.28061160088,22730.79093047595,41102.36915743794,188087.0828620713,132382.8145814903,92526.88062125689,57333.3666495595,44714.66195762432,152846.3350244014,73226.06952735904,66772.70093542345,55741.1567197015,151166.1370251452,42458.26324431111,7945.762397706161,31153.8362211675,60665.11017919031,29175.11595583645,42663.69401184799,1834.224580121419,51201.39033838866,30462.53440266131,17874.80642991888,25505.26907275313,70506.8458806296
5024,25958.10498452843,19182.78699820198,98299.96649069757,53402.80502743872,83478.85529249792,46549.39306911013,18148.11751287269,21926.30040130651,43214.36685573675,160274.0083637955,126786.5552831112,87129.91826347467,61906.30613123727,47260.96278763202,153052.7400248035,81368.87745809011,69999.33663382921,54572.04252702039,147178.7510843901,43689.86238043506,8155.292417884107,33151.24838018802,67664.18525165346,33061.91611500859,46974.40323062563,2039.996665394885,52421.46393230844,30173.09796436169,16830.49730001043,24861.36005666198,71064.32803119934
5025,27501.28184252583,20183.78850698854,99318.35734688594,55538.79126934039,84407.28548468591,48606.11878153659,18199.66627116368,22008.6364114916,47085.51605474199,158863.4642332076,130845.0393363459,81265.27142967143,65423.6978297967,49461.26225144582,153052.7400101064,83314.1042091225,71656.00354384376,55052.58662914195,151352.8274919823,45900.78569063263,8693.449285524479,35289.64377070239,77061.03685345348,34258.13035892446,49550.9904233892,2259.744470700378,53250.98400930079,30906.79303060758,15990.11145224293,24180.39469775197,71201.45837487567
5026,28440.38638017254,20884.49988045534,100465.6460263999,54262.65840869118,85054.47768827443,50676.05940851095,18346.74601934385,23102.25576002777,51203.50004324413,163804.1881182377,137992.6031899658,79460.67444882609,67432.76149458818,50912.04454807041,151922.2327400211,82330.86808833589,73271.31433001584,55049.5366871692,162143.3734989706,47396.28854647229,9191.274566266904,37808.4669376793,84420.74741204566,33030.40840733495,50580.11393460503,2389.416502804417,53510.0756495638,30137.08136511959,15320.21118152069,23842.19249845461,71858.1783407797
5027,28897.65688350601,21100.35709240488,106265.6039383099,53402.05757190721,87004.22261626579,50132.54535964251,18875.86830075137,24364.43236950032,52249.35328529559,164663.4125110525,137194.1316042756,79700.28360025916,69417.77108259004,49077.17122693073,150221.5249719147,83176.65385703342,74358.02637652056,58485.92415055358,171775.8806442366,48871.37123136425,9156.38169768245,39252.64920183613,94661.95199136496,31778.95975290715,49005.43885969423,2426.305872800832,53887.92571341112,30462.68425795401,15339.85686890769,23919.13511668237,71669.88335350537
5028,28452.82563394736,20526.08951169683,95592.1563933337,53402.38095025303,85414.72665232608,48721.34581258857,17914.22126155578,22739.5936075319,51551.71323548193,159771.1659810625,132388.9593401585,71500.26371287204,65395.6891159372,47514.94435337598,142250.7017631072,87115.06492704742,73071.68892582344,56149.15675538898,176468.2669661844,48894.80843112274,9000.581330794206,39290.83140655638,87889.40517839201,30380.1363276402,44674.28987186604,2387.741900891424,53334.71475047871,29998.44097132513,16054.83161992239,24231.4400201765,71711.27415086329
5029,27994.10110294248,19738.62241026996,79835.34936266336,51642.90553460575,84345.71729644174,48063.81213932642,18055.2125275772,21648.12969223965,51490.3741090345,164917.9920755504,128322.3089974227,69499.97402439719,62745.48826098662,46492.9098428067,143392.446587177,85387.08387369772,74376.23246358702,52829.98503609558,178662.8948394537,47636.2669456085,9039.644507106468,37570.45267298059,84619.47681682039,30058.38300647356,44161.20501241888,2211.660742755353,53021.03270316747,29772.38267374201,16421.77196096877,23920.93728810128,70879.58167069618
5030,27316.27130115214,19521.56727883487,84294.0768665135,50895.43226416624,84713.09567384176,47410.43571785107,17254.39304547771,21808.77081032742,50728.78108863132,165365.4527526772,123578.3916320729,70620.26795289919,63331.22491225084,43517.85606549486,147962.048872288,82559.98878612721,74430.9806187373,52163.496372762,183505.492048622,47883.1844683708,9156.648836731638,37261.77920820458,86280.58670033261,30191.86422224099,44132.82348216574,2190.803267086067,53645.18532337744,29582.00387478019,16557.69995890498,23920.77481077786,70465.70953066046
5031,26870.25006031205,19470.55857010201,89685.72054857093,50490.57294017536,85226.73620837567,47618.22330088563,17912.94926603691,22372.58567202223,49681.27835706707,167236.2379539931,122696.8713248131,74057.45963129483,63284.2159015611,43122.65762653169,153096.0348382744,82380.60985254962,76174.33420016557,51496.82101950622,181159.6083880377,48870.85805591261,9192.282997155471,36081.27084146036,87763.81986259409,30581.70017359318,45701.53347827847,2147.095438541728,54928.3700633191,29030.91058644024,16467.12054366523,24387.25825473068,70731.98991239967
5032,27995.19860908171,20127.63446341706,95721.00361069855,51266.20043218631,85640.69945378999,49664.01986796224,19049.56844190633,23918.42995812654,49830.05278058628,171975.7073650692,128379.731002845,79458.87423635244,64748.77277014617,46408.27273472708,154181.6539290962,80326.06820028291,76909.14317089696,53272.6083100446,183506.1310674311,49124.46115395891,9226.191733981934,37658.78088948764,89272.24077538871,32605.77225599697,48781.86039280026,2191.299135890035,56114.81454396826,31355.32377886542,16436.54530519868,25233.16188764289,69742.67785429965
5033,29307.27162953459,20944.09868631554,105932.4418401202,53787.32568418747,88068.82811008958,53000.42461284669,20139.1039893542,27097.26323003967,52223.40298025432,179171.2158637624,133989.7388749842,83595.31928632109,68413.28804893896,51889.33157490853,159258.1464478354,82082.71932935626,79784.4487312468,58180.58765120847,184580.4375834816,51578.04876238165,9479.81910400125,39593.82505062065,92282.98029546767,34461.93653898192,51089.00651016737,2261.229248760469,57655.11709730127,31961.42818180931,16828.35615349324,26329.05638870778,69701.36483754961
5034,30275.75603122473,21967.22907036852,122608.2730462441,57767.17979678608,89600.76980491528,55482.71296019451,21165.28147945579,26358.74585201436,54190.58443077731,183515.2275785729,137990.7798085155,86547.24359050654,71101.639131448,54511.61985697491,165492.9865629632,89837.5571006277,79040.0569300291,60912.27956469005,191717.8735332188,52325.6766222037,9584.078571802049,40678.67640448813,89456.85223636878,35896.61647483968,49843.22234028095,2330.375901507394,58758.24539032836,32382.13412166589,16085.29576154132,26177.60813906283,70159.62617705452
5035,30704.7757194306,22439.65231132248,121945.2859107439,60794.79257749719,89182.40677313003,56650.40173364056,20702.18730940345,26326.78621499022,54039.97234451956,182721.2272634481,136449.3205430263,95696.30527106917,69908.39045379883,55291.99093386007,159377.088721558,88142.0902037395,82019.59309382673,66158.53266719198,196411.3832697389,53069.87095940434,9873.365695744998,41643.10421672179,84793.33652793591,34896.21215037841,49283.18014601028,2352.674052054509,61645.31458663078,32345.26515306086,16956.53524648972,26624.14728235531,71360.52418967505
5036,30704.77572204852,22005.42782633896,116870.5875437358,59035.1748076898,89306.13764453113,55079.51179364632,20160.26038302997,25269.96682631614,52849.02373579425,181928.989761234,136277.1204991148,98463.36186002241,67928.20593105943,55777.48580672334,155776.0465696028,86038.84298214797,80274.43158998096,67045.1982486012,195236.9838918702,53068.80741062325,9867.499161870614,41778.37129592165,86259.90411648218,33441.42417591922,47498.9027831483,2540.472822476522,60302.41755979346,31760.33063265138,16440.6003915924,26027.29422050303,73271.66193921016
5037,30251.04518144127,21999.21423825695,116934.2220311513,58646.80186791308,87727.8679824665,53842.61688870874,19023.46570072672,23642.50483483595,51487.91923383227,183392.8589823659,133470.7501427354,93980.4854849973,67249.51481107659,54361.7438368919,154748.5246095683,83339.58521399877,78410.05713201311,65298.49632318925,197581.5975085165,52499.01781208234,9726.810045415677,40315.9818039019,88359.00726245155,31806.83526630189,45697.78842772684,2563.638852602641,57888.93529113992,30722.03180682184,16166.32505808844,25707.59741410654,73482.46135006232
5038,28636.58471176861,21398.22313747424,113254.0111804077,57605.21676982243,86396.86599156646,57968.89457188008,17658.05092984459,21105.7641073127,48811.74345608539,183420.1825824792,127582.4634522067,89068.80055125618,65395.22481315058,49919.42319983336,151873.7243484118,79392.8766568787,73448.22983374716,61545.15628618062,201142.2416111382,51318.14849169684,9584.35458820829,38510.10154002552,79249.33578775116,28570.08096312271,42623.48540985391,2501.294703316769,54146.96823335523,31101.63536137225,15968.79024214788,25777.77114427972,72871.52732475135
5039,25973.59378853673,20018.26069801938,105374.8595798361,55182.91218839213,83767.92302496171,54566.13713623503,15809.25718717043,19483.48120898282,45387.99977301926,168713.9158762574,116460.2545236235,83689.893485293,62224.05206961775,43521.6458664967,147837.6488592467,75449.92144970327,70658.18441689563,56846.00636574917,204378.8804397267,47952.87047623003,9299.225633934402,35055.21275208377,71203.99201584705,26344.21238320171,40309.70811726505,2241.774481155169,51829.98123208418,31165.2336120592,16882.13173871967,25713.80533950647,73084.4570514703
5040,21817.75986523606,18384.72413269005,84576.88008656644,50812.18447630727,78802.15314921473,50096.97382986161,14594.00326327277,17867.98569935451,39057.48967687308,170866.3185398225,126512.7799061869,75714.97977369171,62128.00401558428,40166.61417487872,152116.6008496433,77948.37667280706,68498.08276622258,51020.80050098572,170235.1607459305,46476.46365985588,9050.200037645203,33542.6232815065,66923.4323049703,23937.18751153851,37807.17760140449,1926.558164062684,46080.24586498306,27430.13369242674,16310.45252409523,24996.55465269035,72970.47449482698
5041,20764.52176218194,17546.31689821092,81206.16418734344,50604.0226005604,78581.1643613165,47796.78645862168,13905.31337445448,17059.2872330059,39076.32986713268,170405.6333695131,120101.8183911745,71551.12931814282,59153.87705743725,39222.42583452283,149626.3026584418,76908.64414397311,66183.89410038115,49279.45338222507,164834.0982265301,43321.67244733994,8549.967150198425,31944.90752258193,62212.25864480632,22595.26634204175,36585.68876168926,1845.005662335051,44691.97256503213,27038.07977454852,16055.57540490562,24872.08208889926,71908.4333845448
5042,20010.93174938202,17139.08593166268,79184.25858261385,50184.26812114855,78625.88188426904,46626.91579146461,13776.36712651919,16412.22246124313,37594.79357397876,167111.522401823,117064.3830724192,70024.79506257625,56671.45074258502,38125.29788589368,147008.2090037414,74489.39562795676,65859.140598127,47671.26784390921,158384.0228650915,41772.55149442735,8190.148260257917,30598.31137986522,58782.38990239001,22333.4286173793,36339.85032267513,1800.744321203932,43047.51015775471,27038.9646287266,16404.85145647654,24456.20782535448,70912.59185952386
5043,19560.54893478947,16831.21987725637,77201.9740673312,49707.04236468011,78264.30292870458,46205.94017276575,13294.23961802677,16089.94382955673,36614.53966563265,163581.0775452427,114384.9349071576,67484.8559973632,53205.95299475765,37736.17333696486,143286.1118112122,71708.09218679117,65565.897698346,46895.88942349725,154096.1281229761,40207.87114552593,7517.441133622307,29682.44092284469,56511.90240531541,21792.58804386635,35855.43736503574,1726.285164706237,42561.06512290119,27110.007216482,16452.0509226672,24545.54888145207,70200.60628102506
5044,19560.55371661554,16687.57851826988,73730.73163276598,49182.07682059673,77971.9168978168,46205.94019300161,13423.3643292099,15771.74317695568,35788.65242678173,161469.0047176178,114892.6521722838,67078.57163748553,52178.12500808067,37736.38287043931,141641.0648509534,71310.4515142733,62432.86453810635,46474.51528076661,143673.4277486422,38899.77542561828,7344.91889700807,28796.82096684179,54795.38957894719,22065.09410782672,35850.47557323676,1682.191807060064,42551.30047610551,26960.89271565713,16244.37327186831,24432.69782421336,69937.24878289155
5045,19850.83237795449,16747.21554176566,75161.11739250096,49182.11829945986,78801.31634656872,46646.23829536058,14826.54565142591,17589.28455807181,36140.61665212883,164075.6827120854,119315.238420743,71154.72930509274,51718.93928472073,41082.64654247197,144238.0309617256,70512.7894165011,61328.75530886475,45938.81491296149,141873.6477281043,38629.34195819314,7283.918054906051,27855.92719185467,54796.82768945116,23452.22459773379,37945.22236099931,1680.013837019937,43772.91699944689,27347.53015456098,16433.17113663096,25003.94786890821,69987.45197040576
5046,21095.36915803861,17413.05521731979,84296.95032700135,50257.5828455453,81898.26543743131,47905.38104895275,16700.95369391309,22833.82407883476,36812.62668035692,173531.434789187,123815.1877872321,81346.91765725898,53535.3536308312,44502.24379398137,147212.8327615392,70513.95875092065,59830.07947120897,47380.53322099771,140500.8833972753,39672.74113958776,7371.743744830798,27459.15613173721,57619.3519369072,27311.01553988942,42488.6363092276,1680.035492873145,45326.55940312511,28704.51764521001,16914.60569485575,24937.42777257928,69939.91639688362
5047,22877.02837330689,18486.57728879489,90260.9686301295,53257.33700686989,83876.66074189151,47070.60170295827,17514.70791491461,23489.9522671025,39022.52052474442,188657.3567215808,138561.5669410924,79181.71092002634,54197.29203431555,47394.41460948553,146200.9991348139,71309.7603825335,62143.36045385456,51477.81878676894,144473.3550376075,41765.92405983615,7345.293943361186,27201.69454630051,59978.15971842068,29929.25001064499,44669.34421813743,1821.208749998283,47485.51094360825,29534.73156201928,17594.2780097613,25134.09268701866,70378.9306054328
5048,25124.23310473188,19885.80353917644,92190.70372924682,52672.64672373349,82354.99065186617,47977.80119180684,17987.1454888661,22547.16501423024,43267.26848168107,195757.3281698776,153300.7093955924,78208.2500583141,57544.81962340466,50153.18116000803,152224.6998104525,71311.71619357272,64371.59295414589,57714.91543254633,161953.8972987406,42292.01903490844,7527.393480465853,28588.72009556114,66403.30952460301,33002.57269387761,48547.34208354538,2054.895853065816,50874.10884637268,28638.5532976375,17537.63865165253,24283.97554935395,71481.0405298558
5049,26773.58244352073,21625.90013149746,100375.418291634,52709.78885580506,83205.8009302789,51422.00950218484,19367.57129217211,22879.17670496093,50684.39880713204,201670.8371307352,159831.5849188977,79379.73327538543,64921.57130835696,51940.93983382969,157074.2866393025,76865.48882665913,69613.30066812424,61808.50903997214,196727.4354790693,47826.35749434014,8346.347559752367,31644.49922523341,76137.31006802655,34336.32407384302,50500.46538816844,2288.955087970746,53542.92511189821,30015.97494578525,17027.88441327332,23761.05216464284,71838.42791063074
5050,27377.27511150496,22485.60618775612,101639.4241772207,50815.22512024535,83030.98035690925,54857.02924375241,20316.92015537936,23218.82991966325,54135.38415492649,209002.1650771267,158141.6508350553,75272.76673804982,69616.75749581236,53431.19683001101,161837.5720690072,79638.69557283596,73768.38248741625,63093.30390670854,205589.9591110767,50390.80577315651,8867.451364030483,33726.78914466051,81868.27601703424,35111.66686085003,51999.96923824582,2332.020731000532,55311.3538983925,30377.25005080535,16621.96900359363,24028.48614932356,72097.32427306168
5051,27987.44679357938,23163.86314642689,108171.6748101437,50819.92825996124,84072.30475602466,56582.02989344487,21046.66918962989,24635.27789965894,55648.29414960377,211139.3092065369,151485.909601876,80891.89640717572,73032.71749206359,51332.13835743765,165938.4942490551,84823.23864467308,76593.30007687668,64687.14563624306,213532.915874885,51138.11401221746,9111.101759524863,35772.3283855258,88810.57874494583,33913.38709613976,49040.99215553853,2388.874684393557,55483.00339074236,31113.47603791762,16376.53177852219,24023.5714054774,72665.38100897784
5052,27996.60742566506,22693.31246082232,102044.9996923428,51505.53303248082,82290.18128851579,56571.44613110325,18914.28363109859,22633.48248625402,56112.11166548221,195322.6360403901,160015.0670806107,69512.0537876162,70603.85850937356,48191.15649691787,163964.2363341833,87241.46702938562,76712.10752473414,64087.89054506662,200944.5590309976,49926.75661169827,9111.106346071074,37006.09428199201,84744.09036177662,32061.1765343397,44659.24953747294,2303.768690561856,56727.88007575378,29918.82073237054,16376.53177852219,24407.4923883978,72807.68404967006
5053,27081.38985650915,22276.15346405635,100821.7323088529,49169.14451127828,80163.21517481569,55719.72743696133,18888.85117922562,21908.56606337999,56572.12259238496,179271.4724634254,163324.7300288298,72418.50660049134,70185.80086044493,48586.0137754521,164951.3912013608,88303.53362909026,79353.94596920536,62239.94617686192,193159.5206575367,49087.76165788276,9367.450473287281,38145.25209606921,85452.31376842472,31919.51339666555,45148.65933955377,2172.93254559885,57165.12273606584,29858.29316009593,16621.96900359363,24675.3652713761,72934.19026802258
5054,26485.66943279099,22576.93662901093,105422.4991438689,48638.70732259198,79568.60202669614,55704.10749967649,19384.23122952216,22232.2284070965,56992.46676866215,195103.4464975738,161142.4868546677,76560.60698952993,71545.75988572468,49701.42449558819,168887.0538853125,87308.85099427542,79365.82902333602,61529.39850258811,206680.7737223648,50391.45351703452,9385.92708520127,38444.91232643937,86508.69387517436,32990.15633515303,45643.44393903747,2134.595344626059,58558.12852799266,29821.88047588817,16697.48814993871,24937.90926340327,72768.15339418061
5055,26482.79960620953,22541.16052350321,111719.4845871937,49723.15919209512,80139.4071464963,56188.62813519367,19384.2118766909,22556.5709561416,56818.69067923533,206450.9757726404,159877.9440261388,81954.61038607656,71545.74137217541,50469.06445611772,170875.2902389196,86476.44811281707,79379.0343382629,61010.16315810099,208070.0479331171,50393.15313034583,9293.825160633125,38052.3986506939,87712.48941732901,33786.09202432021,47120.24656293944,2126.876167386496,59206.31621574757,30157.14465746545,16565.32964328483,25330.52907071169,72766.13870358239
5056,27094.54388201512,22677.19352300986,114429.5210702374,51360.45191637039,82185.04571408615,57002.82857155356,19848.5759715062,24328.28019428726,56811.30940246119,209769.6049986945,152919.7707451542,86832.35011630421,71801.98481519375,52028.24498604632,170878.201777599,85244.04136002535,79266.8185094691,61671.11526340967,208224.3495005592,51000.13905665666,9050.616407171305,37830.7043216938,87693.01325524057,35634.54664910307,49535.95986207134,2133.617273218254,60457.11417528251,30949.18622571633,16423.73124471284,26305.52024018586,72818.184537242
5057,27685.03246367301,22827.17526591141,115427.1557760568,55709.69853325571,85881.8827133443,57446.69712095855,20554.38469188088,26758.14296678312,56342.33775756329,214034.307171538,142403.7730476341,89043.12316930044,73528.4093200576,54203.38161835629,169886.900848897,83524.23033252537,78295.4105618233,65086.73337674911,208070.0361477491,51698.36002522121,9050.198801533337,37659.47071883543,87712.49065500392,36904.9961124299,50029.49621960025,2215.504025438634,58383.0935905974,32465.26113318354,16470.9307109035,26374.81405459228,73482.0818091503
5058,27987.45467607624,22576.67314193639,116076.8294850896,59688.43464115473,88871.90055336666,57001.79967976923,20438.43164140746,27080.93785535618,53806.21341830301,215224.6409629298,141505.5524014722,88426.72870471234,71054.42259878562,55310.12795642207,165940.6710316283,83525.69706796609,72502.85619655838,66012.10899035938,191835.5520459374,51685.13104487664,8928.715109976218,36744.33342725541,84347.58128539099,36364.66740644498,48098.93130279649,2321.14493335039,57257.02136090833,31346.52064174604,16669.16846978431,26693.61188145408,73445.3246590623
5059,27987.4802860912,22105.71080734442,113513.2441793673,59238.15535544838,90282.57138107746,55715.87412275965,19152.04487342857,26112.51785939323,53071.78598913189,202717.3796324744,146307.1555898445,89854.87715086013,70550.95149182274,54226.3294899167,164951.7649772927,82441.62543519291,68347.80958320544,66440.03065423855,191964.7603566068,50131.97003105463,8435.665641137615,35592.58343940216,80778.57846440435,36863.43341665869,47105.13004657177,2389.289802825879,57447.06571612072,31107.19195651323,16612.52910947549,25986.21568669533,73678.56077549524
5060,27955.86089348831,22093.79242130606,108907.5238088337,58642.00026523125,88157.01751965874,53928.69649187772,19851.69912123451,25090.06940492992,51548.25920288115,206040.0645102878,146307.1525857637,95891.62240531841,71826.33682052132,50831.331663738,166926.0914000212,85638.09058902155,73824.25610367843,65405.84112646066,194557.4595944459,51729.45143619868,9110.645364411836,34771.18129610673,80794.9579347669,36863.80191579274,48084.93003367658,2542.649884918468,58498.49903435089,30221.21627327003,16612.52910947549,26303.23758547433,73676.98148689573
5061,27682.93913280542,22011.21834839489,106098.6639838127,57875.61576882316,87781.17775670218,55700.56994531518,19799.52432076646,23541.47460439309,50512.855066909,197552.3227690382,143657.2831826782,91136.5920725455,73234.19843302536,49216.93928125386,166840.1261737371,87241.4661462905,80927.71678379519,63183.93332655958,194557.5882133539,52482.0733810016,9351.61648284597,36483.08442338244,81967.55656671978,34830.18873923438,46283.17344356179,2550.596310739929,57249.82064644118,29888.26490954243,16301.01263217711,25722.01846144037,73507.00587043949
5062,26158.14575641037,21090.47364423061,102789.6271009714,55794.24316775042,85970.73954563226,58312.70771406345,17855.79213258368,21062.76731935265,49346.96140092804,195671.9751351224,138701.0813941319,87216.96499150088,73773.66305836734,45886.78145422654,163972.4947087849,86428.45726254904,77543.31370663428,59452.60778679857,189130.8840010019,52482.07106160925,9536.549902679482,36652.79699334602,77317.6424582311,31209.07423575416,42720.95582100203,2399.22091534026,54402.80731933389,29892.47308774385,16074.45519314192,25456.48284498832,73735.65196636027
5063,23763.46675264694,19722.64856795874,93327.05357507411,52353.54012357382,82412.64791283793,55450.34250936048,15922.10446330041,19694.89621267752,46244.62533774733,202525.8422607451,136922.174771577,83953.79743147623,70321.8942636464,42589.04640904094,157098.1714590407,83102.53810661292,74514.58871609296,55418.53475386772,183695.4832302242,50132.26487433173,9482.350008038797,35021.34524229341,70372.26099656899,28829.88702348935,40852.2713569928,2161.418001563036,51369.14853347756,28094.90051595011,15717.43254138692,25203.40434981495,74227.5351663691
5064,22690.59391547284,18612.88634822203,84503.5282609768,50329.17384974084,79583.96304699725,49833.63890190379,14316.46781522813,17649.56114534107,39817.64157269514,171104.4632994382,128436.5755767734,74439.55139975333,62724.65508084693,40640.56863952286,154726.3792951434,74058.67705607406,67603.16806011304,50485.15717950067,166287.5423567743,44706.03879672755,8666.282071061785,32007.84860068716,63448.39010871113,24196.54747266782,38272.1014652181,1891.837627042021,43885.09539537561,27430.69435500486,16208.24644569013,24768.74772394578,72859.42878774143
5065,21421.04395918478,17754.54087544591,81280.51101758592,50091.91433398811,79369.21543389889,47453.33387631251,13627.97380663054,16897.83045544617,39837.18002918516,170679.9079189794,121367.7643025321,70478.60861818286,59938.8496355708,39740.71335140786,152080.1666195741,73072.70087435113,65433.45809576368,48753.59889914778,161217.7485439006,41637.14704425606,8162.57798817501,30284.37806928693,59488.50837848904,22909.01373757812,37028.10616561614,1809.40479235976,42499.73029384999,27034.52925162873,15901.87715011212,24637.79392735259,71894.48661483744
5066,20512.68319533177,17337.62551243848,79347.2016484828,49613.48501467612,79412.67004265555,46242.71553141447,13499.06423415677,16296.34737179432,38300.73416514144,167644.1415750749,118018.6477970409,69026.6538190393,57613.61038293296,38695.09952192484,149298.1573648695,70778.53256826181,65128.97950238073,47154.45364245914,155163.2820305932,40130.20595189048,7800.262257820107,28831.79255355564,56605.60158076318,22657.78817285404,36777.73804709416,1764.665664325874,40858.71275797045,27035.4233846317,16321.71655437991,24200.26526996912,70989.69161611445
5067,19969.80169406359,17022.43806753854,77451.7772445644,49069.55086977973,79061.30281541972,45807.07694241546,13017.07385450029,15996.77126497936,37284.14950896349,164390.5761124237,115064.2526793986,66610.48796164698,54367.5477123251,38324.2457757783,145343.0242786505,68141.02833415971,64854.04425141313,46383.43394753082,151138.3809753389,38608.12911873993,7122.887109610895,27843.83475540667,54697.18923876295,22138.86761363494,36284.39957131224,1689.402745247634,40373.28674342395,27107.21094455343,16378.45160872479,24294.25827638989,70342.80054519314
5068,19969.80745797121,16875.38076039821,74132.63835624303,48471.20369247275,78777.1743633222,45807.07696335612,13146.16183946261,15700.98586899015,36427.65275072508,162444.1451424694,115624.0684760534,66224.00215489144,53404.80172253199,38324.44547089945,143594.9829663595,67763.94651637076,61916.61163550431,45964.42852459641,141354.9463860462,37335.65056284008,6949.167713801283,26888.50844804252,53254.40910134152,22400.32913487846,36279.34635635459,1644.833414026233,40363.54255191649,26956.53278795222,16128.81737013618,24175.53111319134,70103.52095983703
5069,20319.70294764783,16936.43601734535,75500.34720687328,48471.2509694054,79583.14987736728,46262.71105599897,14548.94406264788,17390.49276580412,36792.66168153889,164846.3912727961,120500.4707850062,70101.5254863396,52974.69160735167,41513.58997947353,146354.5419077867,67007.52521795417,60881.43380762202,45431.73955198008,139665.5540526153,37072.5805268641,6887.743577169344,25873.55776904332,53255.61787603785,23731.23987786693,38412.6897591813,1642.631933501941,41582.59999467218,27347.22461366179,16355.75758751574,24776.52590174882,70149.13423448117
5070,21819.84010578246,17618.11008646484,84235.8645156506,49697.04794350501,82592.63479954275,47565.71091670018,16422.81897771872,22265.58710093358,37489.57814132322,173560.5645940729,125462.1746949213,79797.04056616688,54676.0907229513,44772.62479114503,149515.5923626221,67008.63409533772,59476.32283016026,46865.35336011802,138376.9868334852,38087.56976913595,6976.178703502675,25445.55721512428,55628.03354288491,27433.6358364516,43039.81807339485,1642.653823123098,43132.98777954287,28718.44184934841,16934.45514553591,24706.54213264576,70105.94468262614
5071,23967.41278883027,18717.16168344722,89938.55035616092,53116.11888115571,84515.15617919418,46701.85543371869,17236.34174714964,22875.49513977652,39781.37637324945,187500.2178641894,141721.7281133826,77737.34603870838,55296.11523260199,47528.99774262871,148440.4090861505,67763.29111758784,61645.1817795066,50939.60637489362,142105.8109438583,40123.75897077931,6949.545362660599,25167.83105952423,57610.68171357362,29945.75449446246,45260.70646818461,1785.35100002907,45287.41668066479,29557.36161823387,17751.4399302179,24913.44730450143,70504.82126116137
5072,26676.14375885331,20149.66305988231,91783.7279639996,52449.69841898173,83036.46116093645,47640.65352013543,17708.64494831918,21999.12138427068,44183.44567960389,194043.365492436,157973.3022510598,76811.32268256164,58431.67760674707,50158.23024112231,154841.2461979584,67765.14580910439,63734.30196669382,57141.64169915646,158514.2018267335,40635.52929764297,7132.908517369549,26664.02814407884,63011.21142585672,32894.51685355278,49210.15812061132,2021.560680007714,48668.91604232402,28651.78578143656,17683.35786659074,24019.06493351578,71506.16888787344
5073,28664.23303789792,21931.14104669837,99609.80318229015,52492.03241620239,83863.24281907524,51204.82679266179,19088.67812481967,22307.74491666471,51875.47405870746,199493.1003841351,165174.3323027456,77925.71861054363,65341.33388624661,51862.04718923824,159994.4596497124,73031.7767772335,68648.76102748553,61212.22350962437,191154.9402157286,46019.17737747596,7957.54544905727,29960.32490465097,71192.928699368,34174.21191684173,51199.26856640188,2258.146508866924,51332.14158788021,30043.65145283245,17070.61927543474,23468.91315331929,71830.88151192784
5074,29391.91085170701,22811.2918504617,100818.4226230246,50332.63952618008,83693.35953581615,54759.4914500245,20037.75697002915,22623.47167520057,55454.36185848349,206249.4600982062,163310.9885474266,74018.88774957156,69739.22120970757,53282.33123781982,165055.9684786445,75661.60293241814,72544.43408088667,62489.79600857313,199473.8899250876,48513.80020426599,8482.26527538146,32206.50999353061,76009.97621130597,34918.13042503873,52726.40142311004,2301.677031624103,53096.86581431961,30408.71498823111,16582.6978075398,23750.27231043255,72066.1078285952
5075,30127.3983260583,23505.67849923107,107064.4418834778,50338.00008823064,84705.2748067121,56544.57546837462,20767.29844583542,23940.13970600568,57023.34421465905,208218.9961228794,155972.2799063967,79364.19285580378,72938.88285573585,51281.83114067207,169413.6443155014,80578.09428013144,75192.98730076417,64074.67808901188,206929.6734699797,49240.76054392639,8727.606399660406,34413.05179094468,81845.18835183464,33768.41637609917,49712.90390857183,2359.144705108021,53268.15572993238,31152.66124407008,16287.67552388858,23745.1016579905,72582.2289992173
5076,30138.44034972813,23023.93760519966,101206.2265548353,51119.44124186211,82973.48214639783,56533.62306379816,18635.51938982528,22079.35832732731,57504.35200855212,193642.7646172372,165376.6421700412,68538.89882554287,70663.81905550016,48288.32972124485,167315.7805586086,82871.29519783966,75304.37739927255,63478.79166063062,195113.410760162,48062.38629177303,8727.611018033385,35743.92629307597,78427.18379156299,31991.27503798208,45250.42578866522,2273.120019520468,54510.42460824232,29945.47845354408,16287.67552388858,24149.01324118569,72711.52173936358
5077,29035.25729781733,22596.85811258965,100036.5605289403,48456.46365693335,80906.58590065569,55652.23821950035,18610.09417156263,21405.50775710961,57981.41213142624,178850.4328939305,169025.9204736973,71303.71793036729,70272.23278792866,48664.64702463984,168364.7399689734,83878.450732241,77781.28141396162,61641.23535843081,187805.8598408777,47246.23570662025,8985.733957854267,36972.746195621,79022.46665124934,31855.35344070787,45748.8531779074,2140.871540568592,54946.75131892382,29884.31617245516,16582.6978075398,24430.83414984188,72826.4619088552
5078,28317.18905123734,22904.79422920301,104435.7301075737,47851.87998822174,80328.76584249821,55636.07422534785,19105.33332367674,21706.37010204958,58417.33535119503,193440.7652785557,166619.7501798138,75243.97054309945,71546.07930197823,49727.68518348458,172546.8096174336,82935.19527076118,77792.42258898112,60934.68196897794,200497.8005255366,48514.4303112085,9004.338781912302,37295.99241359866,79910.3855832681,32882.60372401266,46252.75439751791,2102.12050187544,56336.83899865268,29847.52165479945,16673.47389502052,24707.04869448964,72675.60524212546
5079,28313.72982563541,22868.16732889341,110456.7930722383,49087.92056718096,80883.45025969039,56137.47116289496,19105.3139763499,22007.86473608395,58237.11866996802,203898.3508904557,165225.4484698234,80375.11995526087,71546.06196070566,50459.28167575909,174659.5269857918,82145.829359861,77804.80347382516,60418.36546291652,201801.8650078042,48516.08364701486,8911.597747464331,36872.58433895192,80922.21157784112,33646.28051372222,47756.76774814525,2094.317998607092,56983.66884252132,30186.30150903911,16514.61574126814,25120.11204611322,72673.77474808446
5080,29051.11286975086,23007.43534146874,113048.0806729174,50954.08014857968,82871.31581535816,56980.030953779,19569.54599467783,23654.76807930139,58229.46382396573,206956.7126187545,157553.2742379906,85015.16363143992,71786.08008667071,51945.25304928123,174662.6208123008,80977.1406146797,77699.59346848483,61075.60208078189,201946.7026446814,49106.54240565838,8666.701329842144,36633.44064842004,80905.84128372926,35419.81814118438,50216.99160905804,2101.131872502228,58231.84659128329,30986.64864359256,16344.41057823346,26145.87058597733,72721.06220177712
5081,29762.87476941877,23160.98381376762,114002.0008357536,55911.28060860078,86463.74658596172,57439.35985544195,20275.15396581809,25913.46213441135,57743.11087568716,210886.9503824731,145958.1955731046,87118.20399262458,73403.18751153476,54018.25916183178,173609.2557606362,79346.24741555942,76788.83215737584,64472.0195801749,201801.8539452797,49785.75203554751,8666.280826372338,36448.72940246569,80922.21261814362,36638.77688476947,50719.62158731619,2183.902565803503,56162.17072993098,32518.621530621,16401.14563257836,26218.77249946387,73324.2615223476
5082,30127.40782744597,22904.52447611852,114623.2070214404,60446.17922479002,89369.32021425679,56978.96622474189,20159.23389522356,26213.5181310267,55112.99120210041,211983.9308112935,144967.8055644489,86531.84691011766,71085.85345799655,55073.03976263331,169415.9573837345,79347.63831770905,71357.9167307889,65392.19327152013,186563.0955048949,49772.883257255,8543.954140188622,35461.56247655064,78093.9061073369,36120.34744732801,48753.48517739183,2290.683833245886,55038.45743164634,31388.14961787997,16639.4328618847,26554.16999190472,73290.86495800344
5083,30127.43869719254,22422.36214363788,112171.9533731722,59932.95822840515,90740.15081611412,55648.2506907999,18873.21300705232,25313.3172997327,54351.34399088834,200457.5665285386,150262.1169829341,87890.40057076652,70614.26210663396,54040.12954795288,168365.1371465534,78319.61545648854,67462.27668536064,65817.70940925599,186684.3789545218,48262.01210778917,8047.483322792433,34219.15928154065,75094.05297404267,36598.89870552676,47741.37270342898,2359.564304609935,55228.10367598632,31146.31126605518,16571.35079561302,25809.93998187039,73502.777060851
5084,30089.32537943429,22410.16032538287,107768.0473139611,59253.47036584186,88674.62693776388,53798.82400947717,19572.6682561061,24362.89397875622,52771.35135735555,203519.6658392184,150262.1136705946,93632.97052977206,71808.89012470863,50804.53912975913,170463.0737004946,81350.8166740911,72596.81941304987,64789.33349213693,189118.0576070878,49815.9968816542,8727.146837549206,33333.10531324812,75107.82040655904,36599.25226956407,48739.22592883604,2514.57985932851,56277.33441874338,30251.04499747575,16571.35079561302,26143.46907441785,73501.34216143124
5085,29760.35151460705,22325.622550973,105082.2666308731,58379.95779853938,88309.40165746829,55632.41345469505,19520.5082954253,22923.38804889916,51697.57246332552,195697.5854762403,147340.3324887962,89109.65652658863,73127.60603747945,49265.94829954052,170371.7262979005,82871.29436040239,79256.79906229312,62579.91596265694,189118.1783372848,50548.12624412087,8969.790092838926,35179.75079821066,76093.42446926134,34648.06047942057,46904.27119470003,2522.612064253907,55031.27180146155,29914.60221393156,16196.89943640785,25531.98612085252,73346.90685841336
5086,27922.39924271582,21382.98153369576,101918.2257412587,56007.64320606355,86550.09391979166,58335.53439876693,17577.32895213867,20619.29027331657,50488.46775945243,193964.7063723271,141875.5586014079,85381.03592437127,73632.91180013184,46092.15340838717,167324.5559798121,82100.3197369603,76083.68997733407,58869.56575995649,184024.3155387608,50548.12398788154,9156.006795039004,35362.82129213719,72185.03321614307,31173.70804514019,43276.41817259889,2369.602620281026,52190.22248711402,29918.85452025003,15924.57117396569,25252.62417918418,73554.64859127824
5087,25035.90604071698,19982.62808553286,92870.28502105386,52085.98591324199,83092.49006307767,55373.47036562718,15644.19127084507,19347.77717727856,47271.15108947044,200281.0507060909,139914.1125437623,82276.88505970464,70399.70876627119,42949.25893238264,160019.839868422,78946.35756000796,73244.05339616445,54858.16993401047,178922.2895764254,48262.29892299832,9101.430798722771,33602.95943896678,66347.23330823182,28890.94817256599,41373.30238956091,2129.232700743469,49162.91870477495,28102.43210675959,15495.42014357364,24986.36799573585,74001.5605226867
5088,22799.82718095413,18820.04868644002,82696.90407121104,50275.43967036295,79635.8399231707,49307.15540925967,14125.41979323249,17408.40441539901,40003.6410620146,167302.5692733516,130559.1916633403,72025.48921236976,62080.21877084742,40379.97261854362,154155.2047498751,69586.7501427592,66232.77927899135,49867.52055106732,156533.8476260013,42885.08348263553,7809.955784352287,33430.80058641113,61832.83835942737,23804.28428038264,38271.83422299643,1866.997816434092,42905.15759838907,26799.51820416162,16328.77078788321,24726.22644765644,71847.5226573806
5089,21402.21105471386,17949.66356224418,80057.13261997908,50044.65021917277,79456.6575244253,47008.18688931662,13470.08876524293,16649.16635271201,40022.32480512882,166889.5118261212,123665.3487432367,68250.87391743419,59594.32114893357,39483.99653256514,151736.6956968904,68793.32784771883,64089.5011450793,48269.75624970013,151887.3492748172,39864.90372477074,7324.400695653962,31142.98572696342,58134.48265916053,22468.62982878471,37047.94695699064,1786.986039980397,41357.34228322394,26374.37537979818,16051.894928389,24589.13506429537,71009.68873854783
5090,20402.21917119889,17526.90030255492,78473.68006805057,49579.26766249433,79492.91544096853,45838.93612747584,13347.38843438747,16041.67638681119,38553.09104823448,163935.9609959653,120399.1301084125,66867.22080891102,57519.40714576266,38442.89025830234,149194.0752075747,66947.19371550727,63788.73176937258,46794.17368754858,146338.392116057,38381.88205097204,6975.139586669044,29214.75622320244,55441.97426747435,22208.01487576718,36801.6258075692,1743.560903324857,39523.89630447657,26375.33491466638,16431.31740180259,24131.10016602412,70224.07902968934
5091,19804.57436246025,17207.29185575209,76921.2567170145,49050.16659615368,79199.73955086996,45418.1835804646,12888.61428815376,15739.10847782064,37580.97707497249,160770.509546622,117517.8626541283,64564.71428373528,54622.80161032209,38073.63523215371,145579.2768721681,64824.77463339172,63517.14583331536,46082.72911292162,142649.544638783,36883.96488341659,6322.170985966432,27903.29513934157,53659.60091787941,21669.70000598369,36316.26169201879,1670.508461542983,38981.54842891131,26452.37341633952,16482.59070876226,24229.49846841559,69662.4005206271
5092,19804.58070780348,17058.17183753235,74202.75804995616,48468.13634023858,78962.66675241553,45418.18360068969,13011.48443782839,15440.36913666996,36761.94792508588,158876.7923905923,118063.8218001015,64196.4092316546,53763.70070986542,38073.83406640564,143981.6525474881,64521.33411745018,60615.49759508859,45696.09938498239,133682.9644649239,35631.68416228957,6154.710884873872,26635.15061247617,52312.1076064655,21940.93347758364,36311.29015760778,1627.248134755449,38970.66161731731,26290.67382058666,16256.98815861764,24105.20676043262,69454.64034771209
5093,20189.77199267469,17120.08349092391,75322.96266099076,48468.18232792972,79635.16142582776,45858.24839252809,14346.69825942436,17146.74877565042,37110.98947303091,161213.9801872459,122819.522614417,67891.52922719016,53379.89439837269,41249.23043530126,146503.7545477173,63912.63632765326,59592.93050563151,45204.57020353033,132134.625620875,35372.78979206115,6095.49992525725,25287.8579244287,52313.23654896761,23321.58612388358,38410.15003720092,1625.111311871025,40332.66776131899,26709.94302128697,16462.08138645637,24734.36917572377,69494.24515483834
5094,21841.23586252612,17811.3191158905,82477.67747076678,49660.55183111064,82146.23346785532,47116.72393622363,16130.31345299534,22070.52962985186,37777.41919399465,169692.1537129712,127658.4136307415,77130.95567961766,54898.12820847864,44494.21581594596,149392.8001684803,63913.52864945053,58204.93686445527,46527.41159476725,130953.6455494816,36371.66828345504,6180.74863986909,24719.71010335028,54528.96863458067,27162.35666751307,42962.48510129053,1625.132558592453,42064.85659386955,28181.45871872615,16985.06912079099,24661.10538369365,69456.74480248624
5095,24205.44547809453,18925.78664799413,87148.39007957822,52986.38473933849,83750.35836347153,46282.38693327533,16904.65092888714,22686.52868916003,39968.96229039427,183254.289208249,143515.5079665836,75168.15164659468,55451.40354817706,47238.70627033954,148410.1352028968,64520.80671322257,60347.37435059529,50286.85538341025,134371.1366191792,38375.53740169087,6155.074926642865,24351.04350066529,56380.67498927504,29768.36408857732,45147.47488901146,1763.638709244469,44471.91740759933,29081.74174951002,17723.40474292233,24877.70785702527,69803.07884851414
5096,27187.4203634464,20378.38111954944,88659.65942869909,52338.13755633689,82516.55596370791,47189.10570421045,17354.20450303613,21801.40277736173,44178.46226461575,189620.2333949761,159364.8205260832,74285.68953685598,58249.40477344829,49856.60436377896,154260.1874849784,64522.29919714561,62411.04446774634,56009.67207942456,149409.53147249,38879.18448556886,6331.831311737968,26337.16502716759,61424.5326614491,32827.33447846688,49033.08730785026,1992.910894090459,48249.93700289138,28109.92705495391,17661.87677600466,23941.40727100219,70672.52266572982
5097,29376.05864667099,22184.84714982052,95069.50721303845,52379.3171058873,83206.41099216005,50631.48895554399,18667.76504085103,22113.10846662554,51534.00144633786,194922.3769693083,166387.6095231763,75347.66294731433,64415.19719896614,51553.07629716567,158969.9727188306,68760.39592536679,67265.63462867569,59765.72833023389,179324.976301978,44177.37883898158,7126.755697132614,30712.82250003382,69065.89742381651,34154.85729312206,50990.04562277398,2222.548180297591,51225.45680096599,29603.60152963347,17108.12505701623,23365.47079135986,70954.46209997308
5098,30177.14114228258,23077.34345922254,96059.41165788643,50278.81083784113,83064.6627614723,54064.68850701785,19571.12920598178,22431.98832042365,54956.33014051621,201495.7589696703,164570.3875523288,71624.61408350209,68339.62690290518,52967.23761802806,163595.9444094466,70876.63640082911,71113.84983228188,60944.5854061925,186949.3467467815,46632.40494373465,7632.569309665664,33694.51294949774,73564.80833528782,34926.5792604926,52492.49378911525,2264.800208499521,53197.11552235133,29995.3678442049,16667.17461668501,23660.01678447667,71158.7029262527
5099,30986.82109990043,23781.46997785416,101175.1346225708,50284.02521741961,83908.99068181652,55788.77509235834,20265.53055055556,23761.80563179372,56456.67707470483,203411.9554425563,157413.3278084897,76718.4696433345,71194.82674834963,50975.3615122637,167578.6471448356,74832.9731977613,73730.1378596856,62407.0068786511,193782.6198988685,47347.82636609163,7869.070532125254,36623.57905195958,79014.6403132191,33733.89541409705,49527.70667507763,2320.580052318219,53388.49117807332,30793.73047051044,16400.55341953872,23654.60379214956,71606.83736903853
5100,30998.9769904748,23292.97190664556,96377.03755640406,51044.15647880165,82464.00715660906,55778.19693826957,18236.43379331958,21882.44102951925,56916.64309411078,189230.4817100745,166584.911784082,66402.41039377482,69164.68652434422,47994.76483124873,165661.3022032081,76678.3288654178,73840.17098226426,61857.16338002936,182952.9397925671,46188.15624717117,7869.074984093342,38390.24370131814,75822.37410169531,31890.33460113756,45137.36038716917,2237.081917876264,54776.43056912899,29498.24761067898,16400.55341953872,24077.44603984546,71719.09885599108
5101,29784.51007177748,22859.90194937699,95419.03741260534,48453.79826531721,80739.41789609756,54926.92956320183,18212.2332422431,21201.8608585219,57372.83413409326,174838.7602493506,170143.8625639425,69037.16910055478,68815.25674884401,48369.45986169983,166619.9998368497,77488.79434154226,76286.90086861288,60161.59130791355,176255.5227868837,45384.96028085439,8117.897479677473,40021.43633351447,76378.34216018299,31749.33302461965,45627.73115859985,2108.717586174885,55263.92167487776,29432.61157988006,16667.17461668501,24372.47542603244,71818.89838319659
5102,28994.0065108971,23172.1573565571,99022.12153715282,47865.70158705418,80257.29293754708,54911.31790279964,18683.6180017368,21505.72785102109,57789.68781236911,189033.9529766784,167797.2501843619,72792.06751694428,69951.96643017836,49427.9153504736,170442.2070987194,76729.74972471499,76297.90631966287,59509.63185873595,187887.7673398762,46633.02504909725,8135.831952123952,40450.5283819574,77207.6194637306,32814.97610363823,46123.4872809931,2071.104668249451,56817.01334561309,29393.12570637952,16749.21190829848,24661.63568724914,71687.91350574231
5103,28990.19833504578,23135.01670610107,103953.5968970142,49068.03535209515,80720.11384151525,55395.58179462177,18683.59958632079,21810.2334471499,57617.35474303643,199208.3231904701,166437.4604546613,77681.84152273409,69951.95095579249,50156.35799044164,172373.1275152626,76094.541162619,76310.13637815032,59033.21007671928,189082.9507517358,46634.65214178681,8046.432475849545,39888.47683124137,78152.62052427925,33607.19480514398,47603.18964668886,2063.531325058079,57539.69153170519,29756.685805039,16605.64664737742,25094.0586315471,71686.32413589326
5104,29801.96507850276,23276.23817259269,106075.95818572,50883.30478083799,82378.76100182017,56209.35079253879,19125.47074568818,23473.58406000301,57610.03475968156,202183.8574701985,158955.1891139825,82103.61199383638,70166.12976342051,51635.92346358937,172375.9551214824,75154.08872210525,76206.20806163807,59639.66336073035,189215.6953693235,47215.7386494073,7810.359936792584,39571.02638531034,78137.3313882221,35447.01722116104,50023.64626405561,2070.145074991375,58934.23267717984,30615.57478429412,16451.82672649839,26167.89276910339,71727.38258867044
5105,30585.52613814608,23431.94040481824,106857.2544129656,55705.32243512777,85376.23488996363,56652.98413947115,19797.09140078565,25754.83520706489,57144.95741065264,206007.6553830547,147647.1137020315,84107.72282071551,71609.1463634007,53699.99301728759,171413.2309470167,73841.69695342107,75306.5418226538,62773.64660267063,189082.9406128617,47884.16730085321,7809.954584510328,39325.83209535741,78152.62149587621,36711.53373658282,50518.15169353737,2150.484787132367,56621.86318548338,32259.60469629033,16503.10003345807,26244.21147409355,72251.12469963016
5106,30986.83155974298,23171.88381975939,107366.045471303,60116.55441253824,87800.6048046633,56208.32244595615,19686.75490100683,26057.88779841211,54629.89280633553,207074.9270664347,146681.2379862386,83548.9486767864,69541.28651962055,54750.22654567172,167580.7611761505,73842.81622262477,69941.78686821912,63622.7203484235,175116.5213499037,47871.5027864805,7692.035459019618,38015.42085204538,75511.10737526197,36173.7283439266,48583.79606043596,2254.129881141015,55366.38139875119,31046.44377487039,16718.44792364469,26595.32848948929,72222.12734086017
5107,30986.86554348298,22682.95839876148,105358.3772176828,59617.32894746406,88944.40664707005,54923.07829084126,18462.67832207189,25148.69685494207,53901.56399258086,195860.7231589549,151844.5037565595,84843.59434809868,69120.46466328623,53721.76912197292,166620.3628377458,73015.55865492343,66093.60427047625,64015.35772150192,175227.6784047107,46384.61343670671,7213.453013558035,36366.19712632275,72709.37624000917,36670.16513692946,47588.04344863346,2320.987328152865,55578.26587680668,30786.91601975516,16656.9199543371,25816.21765598397,72406.12504824875
5108,30944.90753524577,22670.58543072686,101751.4137387096,58956.37071194779,87220.96247067722,53136.84767140735,19128.44261583648,24188.78186058205,52390.68842764478,198839.8937987629,151844.5005262076,90316.02694681069,70186.484170944,50500.12706795394,168537.7743123178,75454.78859919749,71165.59699610002,63066.44231541827,177458.1604053289,47913.93207568361,7868.627528526038,35190.00792087962,72722.23441759982,36670.53191518736,48569.76729944639,2471.450064983351,56750.53115979458,29826.16499262652,16656.9199543371,26165.37870268901,72404.87916280849
5109,30582.74834937301,22584.86188046336,99551.65908768376,58106.67882340175,86916.22361532215,54907.78222296072,19078.79506592903,22734.89989446999,51363.8821889938,191229.6533084146,148995.0397423794,86005.49504525108,71363.23280466336,48968.1689762597,168454.287250911,76678.32819152584,77744.44347284689,61027.7419751106,177458.2710553242,48634.44047383075,8102.528089087366,37641.33093665341,73642.74534490376,34646.41563038576,46764.47291165842,2479.246363477736,55358.3531696318,29465.11291102292,16318.51612792524,25525.23655953007,72270.78704955336
5110,28559.39218151832,21628.99883356998,96960.19147203217,55799.05722554548,85448.28189517911,57518.53584033637,17229.21365969713,20407.7915897401,50207.66999296188,189543.7045442087,143665.5308176156,82452.27321644161,71814.13952388421,45808.05605384654,165669.3225092933,76057.9192338973,74609.98982233337,57604.08296997629,172789.7133253434,48634.43825340433,8282.035205320506,37884.34721613179,69992.47948985963,31042.2115860208,43195.26077869395,2330.730817777391,52184.15769217665,29469.67625469677,16072.40425308483,25232.78138802628,72451.16373433183
5111,25381.72325449805,20209.00321577375,89549.59022420703,51984.34348690046,82563.30569442613,54657.68738056718,15389.19023449991,19123.58016576315,47131.09543294724,195688.9877897383,141752.634788415,79494.14532172048,68929.00921205009,42678.71033743408,158993.1689982841,73519.90264151328,71804.94624845524,53902.63952330026,168113.6740036863,46384.89569934696,8229.425640235682,35548.22482534902,64540.23065079409,28674.13508236297,41322.90710232556,2097.42057990478,48801.86723834473,27520.39059443216,15684.56656142433,24954.04621984513,72839.20561433192
5112,22838.81305110816,18763.23589591884,80832.176773582,49915.00813005953,79700.7942259776,49483.00012478326,13983.32953549442,17322.80335693417,39582.90788492381,162710.9835189142,129548.9566944184,69479.82240721904,60768.34935475852,40022.0038829702,150628.2918327874,67823.6512553095,64733.68208305116,49545.47522188795,153578.9246272932,40672.43474241046,7416.548631655953,37261.4115574928,59751.36433988684,23612.58358232869,38050.64346079015,1841.98960677959,43086.39912183992,26400.91926548189,16426.34649592328,24892.82110153732,73341.62094506073
5113,21332.00241697407,17926.06873004574,78324.7415235038,49709.67241708817,79512.82178767027,47334.58889898516,13330.55761297401,16557.4333685385,39600.68706893982,162339.4919036015,122675.5542847006,66093.35460832079,58261.34920478551,39174.08291319031,148661.9939710638,67073.30009275199,62763.95570723243,47981.03202038784,148731.6603388159,37729.0774517174,6886.691518963033,34516.23476624918,55644.36757872709,22316.96202992362,36733.5630196116,1757.649733938743,41530.81172819872,25952.34334231964,16200.01596323446,24753.21514154449,72413.27425196714
5114,20253.88205485322,17519.44008933185,76820.67012229247,49295.61684137957,79550.85838628872,46241.91127390225,13208.33643398889,15945.03705833971,38202.58513794,159683.1558995917,119419.0201142167,64851.98394383321,56168.82147103047,38188.81572187592,146594.790945652,65327.38382470537,62487.54110522896,46536.2224789338,142942.9437955087,36283.77849410929,6505.563842433514,32202.52880352379,52654.35684415855,22064.15835783269,36468.48569005461,1711.875590856892,39688.15942755442,25953.35576500358,16510.1726185625,24286.77881188136,71542.79364848782
5115,19609.54378747437,17212.02939243344,75346.07237572782,48824.87026205922,79243.3003487772,45848.7134169327,12751.35382726209,15640.02548374419,37277.53531738433,156836.2427643969,116546.295729162,62786.24648584044,53247.62695048882,37839.36545778088,143655.885164547,63320.18080601714,62237.94681642011,45839.61495862125,139094.7085674312,34823.96293031791,5793.018416589209,30628.89074659501,50675.04436931042,21541.97812892904,35946.16341316092,1634.871505662475,39143.08824888652,26034.64048869338,16552.08567988212,24386.98196929531,70920.43595354505
5116,19609.5506285736,17068.60049003428,72763.8566381149,48307.03204652153,78994.5976174048,45848.71343583327,12873.74416191408,15338.87339811161,36498.15883584879,155133.0897285278,117090.6360851916,62455.81461356032,52381.23323125397,37839.5536276822,142356.983558378,63033.2126361951,59571.25928867913,45461.04832720082,129740.7003269158,33603.535708751,5610.279263563275,29107.22875164932,49178.66297331275,21805.08205608485,35940.81332012757,1589.271087548704,39132.14677111027,25864.0283054855,16367.66821046654,24260.41046066584,70690.2310583422
5117,20024.83656676687,17128.14930579813,73827.90350008746,48307.07296223623,79700.08244401225,46259.9587968126,14203.74389651064,17059.0344762628,36830.30180485635,157235.087103686,121832.2360630049,65770.96169483653,51994.16882763948,40844.63960116459,144407.5046279517,62457.55816180572,58631.49447921349,44979.76990233958,128125.4608459191,33351.22667643364,5545.665898710389,27490.59591837317,49179.91665564495,23144.35309493114,38199.4913642323,1587.018676986867,40500.9919859832,26306.40686153722,16535.320455745,24901.11318628349,70734.11444728108
5118,21805.32784349144,17793.00415340189,80623.94037286918,49367.93618972949,82334.33858641426,47436.01795639384,15980.39396985722,22022.58185415105,37464.46684182406,164860.1048804885,126656.779580667,74060.28861072527,53525.29076768919,43915.58222333628,146756.3584474224,62458.40204368575,57355.89350086387,46275.02366374397,126893.4529783148,34324.69730595647,5638.692702128504,26808.8684586623,51640.47081449826,26870.00615453461,43098.46502066334,1587.041073012338,42241.8786957353,27859.02982633712,16962.83368394012,24826.50556494129,70692.56286132423
5119,24354.25105865479,18864.93840339364,85060.50227024604,52326.96342391607,84017.15603996885,46656.32090196122,16751.70761323552,22643.555980772,39549.90805944368,177057.4872446397,142466.8570196609,72299.3216951569,54083.26280457964,46512.87365115352,145957.4315142224,63032.71386224114,59324.84730028978,49956.0648983814,130458.6070290235,36277.59522979522,5610.676520486551,26366.50093175418,53696.77708076678,29397.9050256977,45449.83135440589,1733.039470391089,44661.02613592333,28808.93481943181,17566.38176850545,25047.08103427359,71076.31202581695
5120,27569.20499601119,20262.09509082952,86496.0091345165,51750.21133747151,82722.82776276678,47503.65951021983,17199.50565474352,21751.28142008385,43555.60831979092,182782.8286100457,158269.1757555798,71507.60405378889,56905.01597315112,48990.36242000828,150713.6449668997,63034.12532629216,61221.41191149213,55559.53323588886,146146.7809654025,36768.43135052894,5803.560150040508,28749.67223454906,59297.94387007131,32365.19043441121,49631.31461761101,1974.713731017517,48458.0163826174,27783.55546743192,17516.08609609409,24093.60650546727,72039.68349407561
5121,29928.83964641219,21999.61794682427,92584.52042385066,51786.84919991784,83446.52458056089,50720.60430807533,18507.93666288135,22065.50457550678,50555.03471144163,187551.4192607052,165271.1419121909,72460.37366785484,63123.14917349396,50595.8451437918,154542.7977348298,67042.15588823875,65682.90206177848,59237.25757921184,177354.8125703073,41931.85877136933,6671.01339985308,34000.07669421937,67783.62314846495,33652.92407533832,51737.28597002125,2216.772842521373,51448.47722252757,29359.55856094889,17063.42503071645,23507.10600365534,72352.081375743
5122,30792.51000663717,22858.05243188587,93524.79928703142,49918.00749191998,83297.82269502578,53928.96683796943,19407.7731388338,22386.95983703217,53811.67398575339,193463.3240423645,163459.3080746384,69120.16967198241,67080.8929557013,51934.15880793538,158303.8083592997,69043.51570751812,69219.50837825981,60391.52979348379,185308.6168732401,44324.43787711616,7222.977423165068,37577.84321966159,72779.63057436657,34401.51560827074,53354.13839486157,2261.310419910134,53430.03627644001,29772.91832183842,16702.97270297708,23807.05465923795,72578.38672267323
5123,31665.44954094684,23535.30619649215,98384.0624195641,49922.6467782605,84183.57028535473,55540.14460837452,20099.46280609829,23727.51731194276,55239.38277342293,195186.6943089986,156323.4692892288,73690.21892938792,69960.33029762267,50049.11572954044,161541.8280238574,72785.08174820502,71623.94271311189,61823.45271750825,192437.1421454124,45021.66156187503,7481.057006300982,41092.4651530281,78831.62883959926,33244.57947501657,50163.59688943284,2320.107576319652,53622.37289087592,30615.28524323591,16485.02478333364,23801.54237997042,73074.93397227756
5124,31678.55516046633,23065.45149144302,93826.50206281856,50598.94326279567,82667.70110150053,55530.25920768489,18078.28978875421,21832.97417122688,55677.07989065027,182432.2975060413,165467.8591642762,64434.97045226935,67912.95642301821,47228.38148468728,159982.9869460223,74530.2618108443,71725.06591328251,61285.0761105382,181139.5331359243,43891.48926321133,7481.061864466432,43212.30748786653,75286.64072757361,31456.27478319894,45438.94668151254,2232.092757084164,55017.28157197644,29248.39772570599,16485.02478333364,24232.14054352997,73199.32327883526
5125,30369.2030189595,22648.90950482955,92916.5280841927,48294.27531599749,80858.50973757831,54734.74053533852,18054.18374222577,21146.89734871473,56111.18479118868,169488.8101329848,169016.2575176859,66798.79426508248,67560.56037425832,47582.97998186125,160762.427942839,75296.7309610359,73973.67206261522,59624.86490253646,174152.7340835977,43108.72370193723,7752.586913120924,45169.59530661684,75904.03916097812,31319.499376026,45966.65684724115,2096.784782522941,55507.22052734473,29179.14395633468,16702.97270297708,24532.58145874234,73309.90433669293
5126,29516.93811624997,22949.24778841298,96338.98351633665,47771.03974303471,80352.73347460768,54720.1512679473,18523.72771704031,21453.21849876329,56507.85681822802,182255.5453929533,166676.6029343988,70167.57269193255,68706.91946662789,48584.66587343258,163869.9614692501,74578.89127562559,73983.78634823584,58986.50195560693,186287.5847507001,44325.04220923752,7772.157726009814,45684.46805859162,76824.94549768556,32353.20247093646,46500.16243271032,2057.137259925563,57068.11077083426,29137.48169334365,16770.03360147918,24827.04559550436,73164.76891653787
5127,29512.83241099825,22913.52459850934,101023.2356876517,48840.76827525797,80838.25869598908,55172.70117126883,18523.70937353757,21760.18341007282,56343.86712232119,191406.0721558854,165320.8450337395,74554.52630723594,68706.90386088155,49274.03894864834,165439.8396888588,73978.16517300095,73995.02607881458,58520.01586796249,187534.4096568169,44326.62791456452,7674.601445625647,45010.05558761024,77874.3622140619,33121.67639969944,48092.5370727242,2049.154250048137,57794.41775651262,29521.08056303018,16652.67702861208,25267.40018805122,73163.00784407428
5128,30388.02176987309,23049.35639477594,103039.1994205038,50455.83187744555,82578.27307908215,55933.17720004658,18963.8550005369,23436.96794159622,56336.90153034827,194082.1794223351,157860.7589164292,78521.60166312674,68922.90081027767,50674.24885433375,165442.138591175,73088.76543407183,73899.513348577,59113.82167297813,187672.8899048852,44892.93367973436,7416.989658946339,44629.14294822375,77857.383741098,34906.35474366623,50697.29991159172,2056.125759157149,59195.96134156422,30427.30993980523,16526.93784465324,26360.93095542104,73208.50191873814
5129,31232.80175988375,23199.11630317604,103781.3279483486,54746.02983882626,85722.79218063508,56347.75741479067,19632.85293823161,25736.64343175163,55894.34054460286,197521.1898379578,146586.2123846079,80319.62775329691,70378.1670290766,52627.6133302992,164659.4239334211,71847.61718865614,73072.6975040433,62182.4462331046,187534.3990798622,45544.35991998321,7416.547322340461,44334.93134655301,77874.36329301313,36132.97054148165,51229.4595698522,2140.811306789792,56871.98069899004,32161.95578872512,16568.85090597286,26438.64952397248,73788.82487513113
5130,31665.46081800759,22948.98469105605,104264.6124516355,58670.74762160491,88266.09290333974,55932.21619891804,19522.94730884955,26042.14360320225,53501.04086483118,198481.0623309846,145623.2005275988,79818.31291789853,68292.75333674246,53621.51824117675,161543.546775023,71848.67569804452,68142.35310946568,63013.81269183616,172964.518663573,45532.01754512455,7287.869261255208,42762.55300602884,74940.98132082005,35611.28451940353,49147.81198562979,2250.06289995153,55610.19473444282,30881.92764504145,16744.88576429668,26796.20684670398,73756.69487714765
5131,31665.49745686709,22478.71894587994,102357.5919983153,58226.58166741658,89466.00552178372,54731.14147919609,18303.65081957011,25125.60965153181,52807.9735321927,188395.3399890483,150771.1570155895,80979.8288696736,67868.3591671508,52648.22148724862,160762.7230700725,71066.32601926777,64605.77675859072,63398.26167998905,173080.4785932781,44082.94929125193,6765.620975447744,40783.62945951639,71829.67953411155,36092.84186206191,48076.23756396136,2320.536883024584,55823.14315260477,30608.09519235606,16694.5900899317,26002.8052981482,73960.57020297462
5132,31620.26130667398,22466.81818804871,98931.45169033455,57638.52042876746,87658.01541565993,53061.88942925882,18966.81526536082,24157.94198021663,51370.24584936114,191074.7176898863,150771.1537948157,85889.5257074002,68943.42800426355,49599.37018699964,162321.6182405671,73373.14174132628,69267.06532004618,62469.13574159128,175407.3352777171,45573.36758642252,7480.573583073704,39372.30576976941,71843.95844560597,36093.19764705959,49132.71500143319,2479.13863709154,57001.29475658004,29594.38931699845,16694.5900899317,26358.37077514815,73959.18972218665
5133,31229.8069449384,22384.36624852484,96841.9744551248,56882.54094685925,87338.32717569234,54716.84713646797,18917.36159199983,22692.31785226693,50393.15164751331,184230.2931391771,147930.1417722113,82022.25014680442,70130.16593554804,48149.57770804864,162253.7415335837,74530.26117353479,75313.19028286549,60472.95214645077,175407.4507086784,46275.54885267645,7735.815220039195,42313.67798044211,72866.17904942112,34129.74918175813,47189.95606050172,2487.356662647142,55602.12619300313,29213.4367017038,16417.96388483152,25706.4869277717,73810.61138570243
5134,29048.36775493291,21464.98339639955,94380.42148776921,54829.42663153665,85798.37355100365,57156.62494582304,17075.00290785827,20346.41484276397,49292.91657849697,182714.0008317785,142616.4350471481,78834.4097007196,70584.90035531878,45158.9554629691,159989.5076206861,73943.53127505882,72432.54874058993,57120.69296137962,170537.1738995918,46275.54668872966,7931.700557313907,42605.2761609345,68812.58570712671,30633.57213270323,43348.96545514429,2330.807429591368,52411.99205923195,29218.25156857655,16216.7811893252,25408.66744436097,74010.47450303542
5135,25622.43037406413,20099.18143832833,87341.3261962436,51435.43716942293,82771.870865967,54483.13077095382,15242.16488028405,19051.83158756166,46365.29201702934,188240.8862922456,140709.210828519,76180.46907955574,67675.27847037114,42197.45024406656,154561.6567895989,71543.29156338236,69854.64332301178,53496.44248154705,165659.0922341569,44083.22437414993,7874.290897926747,39802.13457707856,62757.9035354081,28336.47279521174,41334.04098079983,2084.87668455871,49012.71803728412,27161.52483005185,15899.74556364564,25124.81962122533,74440.437277259
5136,23058.11837351733,18561.02510430435,78089.78357130467,48901.34348532516,79720.02323985849,49181.0151456103,13741.63578314622,17720.56018192304,37780.7212141351,157674.5050668945,127756.5376451013,67954.65065621384,59119.85094575424,39463.03584784461,145854.7344658937,68427.17513519172,63506.48499569645,49213.41858956681,145699.0160784931,40297.90528188685,7408.902700403849,40823.56913218313,63074.47232229537,23453.00719787777,37803.7421882875,1826.019580607411,42300.55033300287,26533.0170201648,16417.90597697348,25106.00706438845,73590.44580211074
5137,21552.17989356662,17735.71609760431,76076.94173465838,48701.76289788352,79514.47101068849,47117.81358128766,13111.74140683099,16957.40919451474,37796.46040237876,157368.0741552398,120880.5551430703,65026.67274073779,56528.45657509072,38610.48829077432,144162.7209642512,67607.18634372501,61698.80565358206,47635.48614399887,140952.3161415857,37052.21638432903,6706.178195428874,37926.8452718805,57905.55587921746,22165.55494108698,36443.78408235561,1740.920777928566,41039.02320004579,26049.34837796794,16189.24803543492,24960.59513066023,72711.6366655882
5138,20474.68355623208,17334.84719920052,74869.54950326699,48299.31242379115,79556.06491512708,46068.47341851977,12993.8036851654,16346.78837595737,36558.77764618291,155176.9521222843,117622.7985563391,63953.36978722316,54365.48718325856,37619.84509765377,142383.8778409785,65699.23731655479,61445.13135037192,46178.21888690662,135283.6959022875,35458.46125470423,6200.706528812425,35485.41152184692,54142.43734037378,21914.34527453407,36170.07713799678,1694.734737581242,39544.69643745387,26050.44000388808,16502.59410288443,24474.76050969641,71887.60582323761
5139,19830.71823705431,17031.79085962037,73685.81722686336,47841.75987495614,79219.74305443862,45690.87046064723,12552.83684189237,16042.66110698584,35739.86867671666,152828.6294375714,114748.9958270147,62167.31008863629,51345.95523938279,37268.48809671871,139854.9282049728,63505.7523729019,61216.07088525934,45475.6049428057,131515.2985492192,33848.69842269547,5255.691128143802,33824.90101428107,51651.34679606497,21395.45755388321,35630.75061536251,1617.037733415845,39102.66271816986,26138.08374468724,16544.93816583991,24579.13094550002,71298.45778989
5140,19830.72507419385,16890.39357387317,71612.94540783958,47338.43556881772,78947.78083862326,45690.87047879822,12670.93779086542,15742.38213734355,35049.91838740458,151423.7559062281,115293.5405139249,61881.61499804058,50450.39573699208,37268.6772933484,138737.2139981248,63192.15162900512,58768.76855182338,45093.77416112255,122355.3543657278,32502.91308571235,5013.332805921707,32219.23589932941,49768.05570705414,21656.90252919913,35625.22634959968,1571.026981295559,39093.78956122234,25954.1243328386,16358.62428923056,24447.29554373313,71080.53687017164
5141,20245.77064152692,16949.09890297787,72467.10825805234,47338.47533775157,79719.24488973989,46085.80514582302,13954.32533316112,17457.55603388494,35343.95104426413,153157.6226892597,120036.9203621612,64747.92822378268,50050.301418441,40290.16018714183,140501.7021779979,62563.07255201926,57906.31706954018,44608.34596455251,120773.6256448977,32224.68773144243,4927.639146738295,30513.3570952986,49769.63354594679,22987.72904888497,37957.43584776956,1568.754302484255,40203.87529889261,26431.11077926708,16528.00054105246,25114.64400279454,71122.07859529217
5142,22025.23135549844,17604.53633082218,77922.62195097796,48369.60481383971,82599.86519318231,47215.21978890771,15668.70956335299,22406.71283375294,35905.35154978802,159447.2428379192,124863.2748850434,71914.97293974886,51632.966172684,43377.85906916759,142522.907842355,62563.99475180708,56735.65825842221,45914.76791288806,119567.1777766997,33298.14993881075,5051.01620975281,29793.99497440826,52866.39733477172,26689.89071075449,43015.89600442353,1568.776900039693,41615.67371583401,28105.19760036649,16959.90998596153,25036.93357774685,71082.74424569242
5143,24572.6792332871,18661.28703387416,81484.06881092477,51245.69677616277,84440.0651819641,46466.4468523832,16412.99115632241,23025.88659947525,37751.50781127182,169508.4524146187,140679.2870062859,70392.42125910221,52209.72146143066,45989.32233131577,141835.4254501324,63191.60656547736,58542.62858307994,49627.54853160182,123058.366930093,35451.64286660092,5013.859669047772,29327.20661516477,55454.38945890428,29201.85039572299,45443.81126731131,1716.089059656143,43577.51793422764,29129.414983652,17569.66449409934,25266.68240458968,71446.01615089554
5144,27785.7723292994,20038.65352042221,82636.42090979009,50685.10983025307,83024.6871347754,47280.1785630899,16845.09532370416,22136.19896819534,41297.59127542641,174231.0935236485,156487.5375120428,69707.89333594509,55126.46451647863,48480.32924450079,145928.1814538281,63193.14902287479,60283.16509147226,55279.3321751293,138421.0642789918,35992.89599703907,5269.672132161072,31841.94052884732,62503.8138440073,32150.42614988443,49761.4230705248,1959.938018930877,46656.74462336012,28023.81877727895,17518.85161973701,24273.55449657307,72357.98110371895
5145,30144.04120407808,21751.565016305,87523.96895143263,50720.72081094329,83816.06642144315,50369.5338315671,18107.67005369599,22449.51111129392,47493.89868057612,178164.5432171486,163492.1320203754,70531.66859506002,61553.92140018804,50094.57210776619,149223.1950472977,67573.15174779929,64377.61378177184,58988.76730298833,168981.6347026311,41686.69304511035,6420.134475613205,37382.19277164603,73183.58052110327,33430.04023092486,51935.95449778351,2204.175292152217,49081.90408724715,29723.11478711783,17061.53573665991,23662.66243934699,72653.70910564101
5146,31007.21166491249,22597.84009858723,88278.77712997493,48904.25878141952,83653.45745425223,53450.6472194999,18975.97016932793,22770.03439279194,50376.86893016539,183041.0741997784,161679.6180686264,67643.69088085256,65644.89640784869,51440.18813287239,152459.5718345082,69760.25120388258,67623.2677253748,60152.99210588996,176770.4244479421,44325.02970393393,7152.178333766924,41157.46935634477,79471.37338661072,34173.91166213036,53605.44368956708,2249.113639606833,50688.87938306518,30168.81225763483,16697.37679484809,23975.08544786102,72867.93856108672
5147,31879.64593475864,23265.50081742124,92179.54710125529,48908.76803838096,84622.04302623082,54997.92292555883,19643.41834921132,24106.70525285538,51640.76143198335,184462.6242433205,154541.1006792737,71595.00655634026,68621.2654833007,49544.85952474149,155245.9111260604,73849.05970980717,69829.89212252032,61597.26163207302,183751.0569131652,45093.86982398716,7494.457116025039,44866.11546132428,87088.19783665185,33024.27036992137,50311.03383656134,2308.439880480028,50844.85767060072,31077.0787161458,16477.18766669012,23969.34392230162,73337.9895268668
5148,31892.74396863953,22802.30142818933,88520.9688154105,49566.10936354583,82964.40484971255,54988.42959675753,17693.08091394078,22217.65487141097,52028.23688167504,173941.9522312589,163688.9231148812,63592.81526071861,66504.96998433524,46708.73425446027,153904.5171277474,75756.2042067624,69922.69603792764,61054.24293043005,172687.835107823,43847.61008729166,7494.463559180806,47102.98337125021,82626.60499682913,31247.24149367561,45432.57224297466,2219.633062510677,51976.07997054923,29603.2576849613,16477.18766669012,24417.84992896657,73455.74128911457
5149,30584.14969074334,22391.65960271559,87790.4878610646,47326.03638245615,80986.01205341646,54224.46255472947,17669.81970643536,21533.56715896276,52412.53228808525,163265.3057815724,167238.6534425837,65636.60375392236,66140.7110763291,47065.26757924043,154575.2317310738,76593.80684339981,71986.31204805011,59379.71672897402,165845.9885223788,42984.44152136476,7854.574428381531,49168.32296764296,83403.64016387257,31111.32849785406,45977.4620576189,2083.107523163615,52373.40337919616,29528.58609678801,16697.37679484809,24730.78566934865,73560.42162534515
5150,29732.37808585332,22687.74370706495,90537.86148822476,46817.4659954001,80432.93395722797,54210.45192262028,18122.90768244143,21839.00020659719,52763.6898945845,173796.1553709318,164898.1206152413,68549.28724058013,67325.66054621941,48072.41905944578,157249.2867589754,75809.3468125787,71995.59424348659,58735.84956585638,177729.082050586,44325.69611098649,7880.530274721703,49711.6191919234,84562.6593165922,32138.51377423638,46528.33596238164,2043.103233513022,53639.23093847007,29483.66453695558,16765.12729597159,25037.49606725986,73423.03078395565
5151,29728.274757017,22652.52652275888,94298.14153674463,47857.21230048624,80963.86706886889,54645.05292323653,18122.88998181918,22145.07514906602,52618.51648889973,181344.1164621281,163541.8537991528,72342.2963771221,67325.64441513018,48765.55362284476,158600.1782974445,75152.8692918206,72005.90929487022,58265.34125184769,178950.0395538252,44327.44469454816,7751.145979979029,48999.97588260761,85883.41694957041,32902.14223660194,48172.55049299102,2035.048388758579,54228.24057755234,29897.27288031381,16646.56391851203,25496.16425615112,73421.36368417217
5152,30602.95754921167,22786.43431253486,95916.45496777727,49427.00908749328,82866.61322917564,55375.36717283801,18547.60992708911,23816.99825854848,52612.35013372893,183551.5471430429,156078.9673640816,75772.2740768528,67548.9125624223,50173.40361951086,158602.1565194798,74180.92728193622,71918.2542827431,58864.26708386406,179085.6468047709,44951.91945350684,7409.487614103964,48598.03501864536,85862.04846228287,34675.56763024443,50862.1116055819,2042.082630785022,55364.84355324628,30874.39784300413,16519.53172964561,26635.17310278427,73464.43014713224
5153,31447.24857373081,22934.07292795555,96512.19810769202,53596.9618783784,86305.21793533627,55773.50442762708,19193.16164918727,26110.00640838401,52220.56889913001,186388.2709166394,144800.1886675907,77326.86753413623,69053.16803175409,52137.4264133859,157928.6249072895,72824.59214103961,71159.45958910187,61959.35053083579,178950.0291963064,45670.25797198674,7408.900963920445,48287.58151005673,85883.41830749913,35894.44923512455,51411.59576636227,2127.530218799995,53480.17628925418,32744.74745188411,16561.87579260108,26716.12385402896,74013.78645981803
5154,31879.65720529213,22687.48433638347,96900.15439377706,57411.67812668591,89086.37637382532,55374.44428665687,19087.10785691348,26414.62085764485,50101.87806666392,187180.037381847,143836.8153215632,76893.4251233669,66897.55216436868,53136.7544568341,155247.3901238434,72825.7488872105,66634.72873257197,62797.8853578794,164682.4245564794,45656.64783054217,7238.241318874449,46628.40026134889,82191.57066513199,35376.05260517196,49262.17996961452,2237.76490917431,52456.9118704452,31364.58092429875,16739.72085780357,27088.55137588935,73983.37095234178
5155,31879.69382294476,22223.87972925396,95369.29510173206,56979.96120430694,90398.50870424273,54221.00624330547,17910.54376896591,25500.74416948693,49488.3337552875,178860.6649800389,148986.7042153947,77897.68479959274,66458.87143192673,52158.1470164717,154575.4856901882,71970.7919022463,63389.10228934085,63185.64921628639,164795.9787095557,44058.73623541588,6545.608042229598,44540.23054011925,78275.79962854745,35854.57357947102,48155.72035234682,2308.873050288578,52629.60561206957,31069.32617757471,16688.90798146751,26262.15361031843,74176.36727621646
5156,31834.48385580128,22212.14754119753,92618.9634431544,56408.38207779802,88421.42951126256,52617.95958290651,18550.46644419815,24535.88201125775,48215.57193321244,181070.7933320449,148986.700993412,82142.66356986866,67570.13077213842,49092.6599952312,155916.9262356251,74491.69562100634,67666.912214425,62248.51198892599,167074.5609819262,45702.24520683715,7493.815974592856,43050.99493979621,78293.77054615605,35854.92712113394,49246.59150182521,2468.901977523639,53585.04548078231,29976.31668017498,16688.90798146751,26632.50644898103,74175.06045933618
5157,31444.25549220861,22130.86350249785,90941.63710118036,55673.59110106172,88071.8429923211,54207.27883864316,18502.74596226023,23074.50709798374,47350.59019047124,175425.0582242411,146144.6225305143,78798.97388878897,68796.81837110671,47634.95688345481,155858.5178393703,75756.20351030628,73215.62970600449,60235.11651438115,167074.6740180851,46476.5521342224,7832.330922658731,46154.74515794773,79580.3001430337,33903.85880720208,47240.58587985488,2477.193952737854,52450.36856468744,29565.56161137413,16409.43716556663,25953.51186437969,74034.41041925627
5158,29264.07893685153,21224.50336393075,88965.62723386292,53678.02123546258,86387.86792010466,56550.29088978856,16724.95599571954,20735.40545405986,46376.5968481478,174174.3198093244,140828.9211813833,76042.73140296513,69266.86071057507,44628.0166378036,153910.1282153581,75115.02113547137,70571.97509898133,56853.95283326754,162305.4389925951,46476.54974800236,8092.124409186878,46462.44097183754,74478.59529663873,30429.72623848223,43274.55150165879,2319.236016063257,49863.28102208085,29570.75315198625,16206.1856621961,25643.30657667625,74223.60863030478
5159,25840.12451625062,19878.04747875621,83314.99857077736,50379.15811605046,83078.31690773036,53982.83206367461,14956.35301750309,19444.57552282518,43784.88993751301,178733.2613316959,138920.9810415475,73748.10467411195,66259.29097688597,41650.3522921728,149239.4234000405,72492.02305321398,68206.15087766334,53198.45264156376,157528.5610351481,44059.03957388952,8015.9846848967,43504.55238132397,66858.39297971026,28147.11082456281,41194.0309912538,2071.092270533926,47106.58832286475,27353.12581706484,15885.88988636303,25347.65400676576,74630.62813838648
5160,23726.9713565671,18934.12086658129,78194.55699223997,49300.56662049946,80263.37920941792,47628.27121099651,13619.57210207961,17460.8613441374,36753.55507050636,181590.0692617679,159498.7706624636,73180.9813000318,56901.16198294215,38724.37485727025,145491.4611571124,65483.28750412686,62210.99339767185,50627.68978874023,167710.5494583005,39141.53911249104,7129.423296540052,39531.75202208543,66605.9749746314,23998.68388329869,39957.74725827029,1950.221729402086,40610.63760358185,29347.9093136765,16977.12331154885,25168.74100884192,72838.36703236688
5161,21741.74928365654,17767.77388429081,76577.00813581099,48549.37387276021,79360.75476347847,44999.95022951441,13038.62810275205,16522.47324956011,36074.94911442415,180599.2686428587,151466.0290948313,72574.45976288385,53640.03460663068,37167.76207228084,142803.1601625372,65177.73627884638,59389.65151847283,47170.78548206785,159499.6719565723,37197.3896417353,6461.653778450855,36781.79659362553,61755.36541068196,22782.98231644834,38210.18797852298,1806.007207920648,39364.837360625,27507.66716819804,16808.09856089422,25743.34752030373,72194.8173945279
5162,20953.1936097292,17429.40954738123,73440.87160593845,47431.5470805019,79184.33437673797,44418.26904924506,12324.19726362895,16172.42637352805,34479.81478582928,175122.409318094,145465.2374381497,71388.46046193347,52234.32184663777,36938.05930868097,141000.2073022821,65464.65665227555,58033.56879992434,46678.09285332807,150718.9666903586,34736.60643798463,5949.796489815713,34909.6893058413,58534.83702270055,22396.8840150707,37349.34161777083,1733.226390078831,38253.06805565687,27383.50880714091,16542.43525469306,25542.0537837446,71287.36875231493
5163,20670.25806182555,17143.71943089704,71404.31704993139,47452.71039008377,79140.34745648777,44610.64628082978,12489.25754696783,15833.88394323608,33428.33590965089,171673.2398089155,140683.355070383,70411.13940072173,50467.70678584682,36719.26880525363,139470.2997372937,64981.23186931766,56726.69702447922,45502.3407694932,141530.7803730938,33300.88881161193,5531.380419053628,33575.63567853214,55246.0602655218,21814.17812719379,36653.71303606408,1662.507574488131,38264.42009274858,27270.72536247538,16594.13354667231,25743.29569875972,71026.8781028202
5164,19866.6054532044,16811.05090852322,70366.15847991871,47244.79533256382,80101.15388289784,44600.59724311746,12643.160662949,16154.28364058911,33408.69082813308,170246.1547477567,136684.0167857214,70406.601527376,49984.57028548812,37830.81717884271,137331.4356319972,64827.00658155708,56594.12435404422,45082.4978743228,136965.6030617487,32585.7941509964,5234.17728367843,32629.20648655132,53632.24114598124,21819.83110614641,36166.20660754476,1594.554036937104,37710.53063099729,26838.46926711633,16562.21954507912,25934.92022847687,71023.96754549291
5165,20630.57028881817,16973.91889795136,70293.06816637272,47244.8941259269,81340.8453948205,45622.647604358,13134.95391089827,17437.264899068,34786.47405847327,170122.3176457808,133986.6593142456,70408.13083533896,49828.1444902345,40209.3723331866,139822.2939524982,64659.87344982912,57242.29352557661,43749.41097061532,131341.0891398999,31988.50847851187,5068.161464843628,31654.86411393551,53590.3264823214,22397.65024767537,37181.84412933046,1582.61007666564,38279.31424044567,27939.36235648544,17015.31939153801,26222.45142081271,70842.30853889807
5166,22257.90784862208,17468.9636251372,72681.42493112656,47317.49046522033,83218.30457334436,48066.06332618983,15164.01501185176,21424.95736832971,36981.09245086712,172028.6616338652,136681.5112019395,73136.10563185735,51433.88853337509,42292.30172431094,144637.9245397894,65806.86159510477,57187.34538269797,45061.79882375671,127859.6842348127,33403.58502022128,5278.908254390049,34336.82541244043,59179.2470863094,26038.50769447009,39926.0497668416,1595.125806167798,40564.45350873798,29689.69917292656,17304.2394414098,26318.09495411297,70992.30813743388
5167,24198.46802952422,18979.889598536,84933.4085552241,48123.22884815491,84734.03837064581,47011.1183387818,16225.97640913968,22602.92317935722,37895.38564162872,166839.0254953259,128894.7193361898,78166.2056940655,55552.71719463488,43743.15782162965,147092.5324608967,66975.75056925669,60773.75901221463,53426.24185087836,123792.6841626996,36417.19146188134,5588.154093977063,37555.46284528802,60132.90201172724,29226.43798992538,44362.09673812769,1748.173173525011,44277.87540746301,31038.66146105349,17555.21779938546,25781.78001495657,70924.61123105096
5168,26525.86443855403,19652.84306302139,82816.26201055443,49301.28554085013,84375.770865957,44723.07401728532,16665.48846790824,21851.4640708422,39504.86742053385,147185.7763827763,123268.652002556,74431.69919730254,59953.58171363737,46083.14401583437,147273.9384718628,72941.21746601649,63180.60009196215,52302.33546712073,119922.0407636651,37779.9370182408,5890.437228800318,40301.60167563595,67669.19138957611,32930.86578264639,48798.96166107204,1949.692404408715,45331.51498477053,30735.68015152176,16803.40519317851,24987.79709754799,71364.11385467305
5169,28266.20572505785,20737.52133048506,83424.77787833224,51356.32440997657,85232.0145728767,46492.14212824613,16712.60694160173,21928.37255213435,42454.93886438094,146189.0589869917,127348.7532520801,70373.57163403029,63338.61761617787,48105.16368757305,147273.9384589459,74366.30152653823,64416.35595261023,52764.29768384216,123973.9087127841,40226.28975433109,6666.821180077772,43241.57107053961,77787.29873642969,34070.95251459576,51450.95435097154,2164.898508067979,46047.8776596501,31503.71023534289,16198.39978210362,24148.12122904758,71472.22340717136
5170,29325.29522004324,21496.80729748172,84110.31365486007,50128.55309789693,85828.88685918633,48272.57689046948,16847.04613034711,22949.90132209295,45593.1147253944,149680.2687529181,134534.3880427268,69124.85454055488,65272.08230212519,49438.3960004604,146280.3539341769,73645.97721333483,65621.2630819273,52761.36567833346,134448.5295030705,41881.04072933757,7385.01987222359,46704.570969873,85711.90419251067,32900.83644663443,52510.19582993765,2291.890505753211,46271.62580704962,30697.97806927064,15716.12929915326,23731.09527947752,71989.96222213579
5171,29840.98901879834,21730.70866987905,87575.9441643973,49300.56641160664,87627.03693954596,47805.07975854614,17330.69375104058,24128.87618301764,46390.1239919511,150287.4131028393,133731.6634608998,69290.65557331919,67182.39804120688,47752.19373049205,144785.6294292944,74265.60462538191,66431.87309181358,56064.8734377468,143799.0164516496,43513.19709835359,7334.68090079731,48690.10258676559,96739.17286564698,31708.10695533661,50889.43686654647,2328.017453971587,46597.93217376531,31038.81832918346,15730.27250159413,23825.97067796844,71841.51596096432
5172,29339.32377860115,21108.43631660549,81198.2728061523,49300.87753489809,86161.12606358643,46591.25328581233,16451.69409671368,22611.14559045242,45858.47618318981,146830.4583609298,128900.896824432,63616.53270327987,63311.66284112761,46316.54666426439,137780.2020432849,77150.90673048653,65472.35670752357,53818.46516623371,148354.0192561506,43539.1300004543,7109.91204300026,48742.5973282925,89446.79893349663,30374.91765785241,46431.53399143908,2290.25051416206,46120.18643117179,30552.84966625189,16244.99272718446,24211.06352835676,71874.14725510348
5173,28821.99017791721,20255.1424466534,71783.15772984341,47608.0808784887,85175.23338009116,46025.68353277091,16580.5680692261,21591.63016917254,45811.73171636077,150467.303880479,124812.5857883078,62232.40319823611,60761.18629152254,45377.32274517797,138783.6630721951,75884.9780901851,66445.45353979376,50627.64060225632,150484.392893722,42146.57314768135,7166.267401443858,46377.33744848179,85925.88708121575,30068.26130905164,45903.43337044179,2117.808564548067,45849.29472317561,30316.21242930062,16509.15816079388,23828.19287595773,71218.46522706616
5174,28057.55725944457,20019.94301703964,74447.36707510869,46888.93456834265,85514.04767798238,45463.68959031072,15848.5738767077,21741.68194357157,45231.34751884596,150783.488132464,120043.4003200106,63007.60685483414,61324.88228101825,42643.32341411497,142799.8124902273,73813.83232543663,66486.29177539662,49986.92400834958,155185.2087165067,42419.78359989931,7335.066294876659,45952.95824177109,87714.49552460935,30195.47945900672,45874.22123627811,2097.382166820386,46388.30475192361,30116.9243985489,16607.01460909851,23827.9925305424,70892.1805357916
5175,27554.54998839272,19964.67033530213,77669.01887411947,46499.41817960938,85987.75208679427,45642.41560359443,16450.53142103765,22268.33054660001,44433.08123230407,152105.4206502016,119157.1846641267,65386.02156344872,61279.64217057139,42280.146023507,147311.9895820201,73682.41830961606,67786.70973655024,49346.0279435266,152908.0077531046,43512.62927758637,7386.474707430453,44329.93825021529,89311.57431143404,30567.02393612197,47488.84054896713,2054.577682528231,47496.44628841557,29540.04138009998,16541.80523355079,24403.19784138097,71102.1082012314
5176,28823.22790723932,20676.6731997305,81275.2624764829,47245.65175208153,86369.52922713773,47402.08314042831,17489.46548100862,23712.27392072316,44546.45717206676,155454.420164907,124870.3136475282,69123.60885738488,62689.08928546144,45299.54337909139,148266.12261325,72177.24953750792,68334.8250435857,51053.14832964969,155185.8290261462,43793.23721632624,7435.393899329993,46498.77535205617,90935.77413565712,32496.12462807116,50659.31523065276,2097.867787111697,48521.04420391822,31973.23105404413,16519.79369591445,25446.25364200223,70322.16350762732
5177,30302.93830891365,21561.38814867516,87376.87086944515,49671.23403588217,88608.86816617874,50271.85192086045,18485.36244792973,26681.56085452449,46370.34814505767,160538.9037600252,130510.2027856195,71985.88209342776,66215.71266073179,50336.49811142333,152727.7696456859,73464.18203656562,70479.59879133038,55771.34382108794,156228.6820347775,46508.0942769114,7801.295054788806,49159.16764281468,94177.60309587384,34265.19591451727,53033.98147714016,2166.352599045892,49851.22931677321,32607.69956393776,16801.8637521461,26797.56491639566,70289.59353344455
5178,31395.16139459653,22670.04511134982,97341.12755502561,53500.26379946413,90021.69968178363,52406.96266069847,19423.34657548637,25991.72599582616,47869.47037562027,163608.4653212362,134532.5549491785,74028.50899373161,68802.90388445977,52746.31485614843,158207.4696146484,79145.41981201056,69924.33537331164,58397.40550029844,163157.1483922757,47335.33303820956,7951.707290396204,50650.67374712913,91134.55545719028,35632.55930095458,51751.73862465293,2234.070143246432,50803.87646377589,33048.09344569762,16266.92428466151,26610.81908727298,70650.87337139291
5179,31878.99490482463,23181.95964695199,96944.97494855554,56413.13927729776,89635.86484337784,53411.33624350029,19000.05237417806,25961.87311443622,47754.69401544244,163047.4095490827,132982.8852220793,80359.33511781586,67654.55591509497,53463.45617925847,152832.3060831231,77903.31122563862,72146.85774891313,63440.79423821814,167713.2417200577,48158.77265938344,8369.053781439425,51976.61574276668,86113.09140186536,34679.09490048952,51175.30643193987,2255.907440285104,53297.11161189245,33009.49910541809,16894.14165646298,27161.43174040953,71597.62624358771
5180,31878.99490777704,22711.43701743746,93912.70648135034,54720.20566151737,89749.97550121752,52060.15398235454,18504.70058548938,24974.71847820411,46847.11249350245,162487.5994141666,132809.7679681696,82274.04011727842,65748.88367908185,53909.61371354081,149667.4084748553,76362.46047945382,70845.0912060322,64293.17385471967,166573.2263648057,48157.59585896767,8360.590296118378,52162.5874647175,87692.22544815426,33292.56696377906,49338.81103354906,2439.824825026843,52137.40332644501,32397.19117340671,16522.71300877188,26425.47196430562,73104.31135299495
5181,31367.29335608889,22704.70401664142,93950.72979538047,54346.55087325081,88294.41806961324,50996.2535702993,17465.606102735,23454.53757747627,45809.86093927105,163521.9973363696,129988.4497006839,79172.04869379253,65095.73100097147,52608.58257655932,148764.3360706653,74384.96905405191,69454.4002657175,62614.01414835238,168849.1944685706,47527.13240645578,8157.622019203228,50152.02367046402,89952.44534552575,31734.6745230857,47484.9858970795,2462.512064491029,50053.15164682827,31310.30266764975,16325.25839749411,26031.26440285571,73270.49944356046
5182,29546.56088706661,22053.47424302364,91751.70504389459,53344.43867791494,87066.9029713376,54545.42214545938,16217.53995923379,21085.016922452,43770.43819042041,163541.3047135425,124068.7995139513,75773.33695946661,63311.21600957264,48526.20203516979,146237.7206946574,71493.58816321661,65753.22948341329,59005.80987334227,172305.590161613,46220.51861322021,7952.105491591775,47669.21215197309,80143.56064866295,28649.79181549099,44320.71140528943,2401.456431033794,46821.63790150071,31707.67067955684,16183.05034765939,26117.79330929435,72788.85692512334
5183,26543.33217399506,20558.15654884015,87043.70050473447,51013.93206225873,84642.3632590936,51618.58088881334,14527.63816107332,19569.67371288467,41161.31930834249,153149.5760640943,112887.3490137794,72051.32408413898,60259.37120240689,42646.80614558115,142690.4793341217,68604.9569976648,63672.05374765937,54488.36869704863,175447.4667953463,42496.89009889333,7540.757876325994,42919.26396914379,71480.69617277056,26528.36310994106,41939.2199179318,2147.299918505524,44820.71827106836,31774.24516268088,16840.57754073754,26038.91919040632,72956.72449441582
5184,23810.70499388857,19101.24142495193,78542.01412074195,48917.50040828684,79771.12933962913,47011.14800431228,13595.47197639086,17468.12475412933,35299.92299836797,182528.1509569557,152002.8629682311,75121.87765372664,57902.63921211933,39496.18820336347,146697.2549752683,66628.88741551353,62435.44499534341,51304.85371709341,185714.9716724739,40861.97561673243,7555.958085631933,41412.35565955293,72295.18971249096,23653.2977827302,39836.77537759142,1952.815039281915,39868.8595208827,29666.2085279879,16941.19192222729,25073.23021982565,73276.45036384373
5185,21845.98518003024,17950.32258166311,76730.9579154204,48048.69256255224,78838.8241247145,44375.22555872447,13029.35734405446,16505.5471757901,34541.96261150807,181446.4497434903,144332.1912076974,74413.5567139116,54547.96594684503,37890.3724896632,143873.9341092769,66333.77751968197,59206.35356277398,47710.7159852406,176822.2265376114,38884.31851763186,6851.24741324051,38659.42450074639,66976.34510288837,22365.24262076149,38075.87229669478,1797.505985561053,38594.86484494245,28145.35514210285,16777.60446284853,25586.8520396156,72292.13144856865
5186,21065.57326640283,17616.43404149525,73219.64541281066,46755.8463653422,78656.60255148412,43791.8620768474,12333.16330075921,16146.47689752964,32760.29738744278,175467.1182165278,138601.8807384508,73028.49767145888,53101.93012228404,37653.40905802116,141980.4279724908,66610.89321914256,57654.2853357346,47198.464268078,167312.3326169737,36381.12344675446,6311.074068589052,36785.29140323054,63444.93532218854,21956.16532442694,37208.45278973168,1719.126084342173,37457.93443943744,28042.74545877195,16520.48717592281,25406.92220376882,70904.17501032069
5187,20785.55971799604,17334.52296066293,70939.45786145903,46780.32323823777,78611.16922057685,43984.79568972311,12494.01020119007,15799.20762312318,31585.86128263112,171701.506071842,134035.5381352698,71887.14170933822,51284.6394646068,37427.70281186921,140373.6808262499,66143.98808004476,56158.54017820181,45976.03675694941,157361.1186141012,34920.66107037347,5869.511130211965,35449.79419475578,59838.6890769509,21338.7791605397,36507.51261168845,1642.966816767547,37469.5433911114,27949.53648401131,16570.52240571224,25586.80571804559,70505.75061774241
5188,19990.20678234085,17006.2548922557,69777.10439506671,46539.85468504241,79603.56959915647,43974.71758881796,12643.98473577508,16127.86648672226,31563.91895593372,170143.4936797288,130216.4670270209,71881.84219313608,50787.64412704204,38574.3860860012,138127.3923078926,65995.03299546319,56006.80767196044,45539.52678816894,152416.8287599772,34193.24167522511,5555.866653048023,34502.34087051504,58069.08609990715,21344.76858172576,36016.28374072236,1569.785562164182,36903.11853341859,27592.30189517664,16539.63503318827,25758.09256862324,70501.29887624053
5189,20746.28181802732,17166.96850565513,69695.27028825112,46539.96894659413,80884.0255702417,44999.7238596258,13123.22430804122,17443.92004705389,33102.81660473544,170008.2951938551,127640.6909223985,71883.62818223504,50626.73123625829,41028.12492174776,140743.3539448853,65833.61115515156,56748.65237149222,44153.51852314235,146325.2302914868,33585.66171897775,5380.666803175475,33526.94416075025,58023.12536447143,21956.97716006868,37039.67634428838,1556.922743993134,37484.77461696485,28502.12617377947,16978.15928741764,26015.10722353586,70223.44867509397
5190,22356.81314911163,17655.46490804651,72369.34614205774,46623.93177682582,82823.22075911683,47450.20627423817,15100.4909300977,21534.40604363155,35554.06801330272,172089.5359256823,130214.0743805505,75069.46999215274,52278.53626893684,43176.89356803535,145800.8494959568,66941.4042977308,56685.76294333988,45518.00601928061,142554.7141041873,35025.12725934819,5603.072150742955,36211.80761306533,64151.55104708076,25814.52358117441,39804.83585430295,1570.401318034354,39821.63020681182,29948.67802037443,17257.78518089812,26100.59982524665,70452.8753322486
5191,24277.33231390873,19146.40473984872,86087.03440954252,47555.82552954097,84388.79604350384,46392.21024150056,16135.34435259108,22742.73710015039,36575.2762923663,166423.778757825,122778.2663233809,80943.82891464132,56515.5140989172,44673.60973396874,148378.7400578673,68070.34987169807,60790.49679715072,54214.50370123413,138149.9723336325,38090.67353698456,5929.42553712276,39433.92793766632,65197.26340397263,29192.18647560998,44274.75505490909,1735.222735146476,43619.09272557569,31063.51710194308,17500.68991396997,25621.205579732,70349.33188891438
5192,26580.69267944183,19810.45654835233,83716.61365096115,48918.33189080982,84018.74772001962,44097.54858258426,16563.63728245208,21971.90710659511,38372.9667205874,144967.4504028941,117405.7897591078,76582.51775004367,61042.61802415249,47087.56048442536,148569.2571826277,73831.9641898003,63545.18241943177,53045.98007935176,133957.8935639386,39476.90616176024,6248.431040403948,42183.03836841514,73461.03965834096,33117.08669015587,48745.49845278963,1952.244992916353,44696.57783559928,30813.12062472218,16773.06207424821,24911.49042199034,71021.55780640055
5193,28303.06069817775,20880.78696964619,84397.92626417539,51295.13051960387,84903.1470699265,45871.73308071413,16609.55299453815,22050.79811139767,41668.01191257473,143879.2895802965,121301.9835020953,71843.26851740708,64524.75414883524,49173.49411776063,148569.257169062,75208.35012399452,64959.53375763224,53526.28143759425,138346.2465729866,41965.42205429201,7067.764719940916,45126.18910802568,84555.85980654803,34325.02673088808,51417.7409067536,2184.007064938874,45429.15293260902,31447.85293770115,16187.51884626034,24160.93184144851,71186.91300386972
5194,29351.2125114388,21630.02929644082,85165.47267683313,49875.12566477407,85519.64615508623,47657.31710401821,16740.56044447531,23098.65954023813,45173.15796726094,147690.798947764,128163.7311888653,70384.96504252523,66513.68053619872,50548.86853244661,147525.7698785515,74512.64081096755,66338.57800498315,53523.23303628081,149690.7262650469,43648.69284297936,7825.694319214907,48592.93632405536,93245.4367468501,33085.27013063546,52485.07041330671,2320.768653078623,45657.964855026,30781.96204073506,15720.7623343668,23788.16609159147,71978.80236061428
5195,29861.58051415425,21860.83668142205,89045.69651965743,48917.50016668746,87376.92434499088,47188.4679063872,17211.86231743758,24308.02565763642,46063.36744242956,148353.6455059158,127397.1888160698,70578.594346939,68478.79394596028,48809.36714346717,145955.9728610079,75111.09424821284,67266.34002396332,56957.88462980597,159817.719062476,45308.97960517559,7772.570584991733,50580.61648729363,105337.1806333639,31821.55424839083,50851.93585523946,2359.674874754368,45991.6560517258,31063.646744353,15734.4505696449,23872.97208291627,71751.75155647803
5196,29365.09619091964,21246.79558737836,81905.06441884405,48917.86000290453,85862.81029633534,45971.13088131672,16355.30029646982,22751.17146606557,45469.55010971944,144579.5338755298,122784.1653659695,63952.11894949336,64497.02617234182,47328.34075045074,138598.6980045022,77897.79949836699,66168.15119446885,54622.29763822865,164750.9894736456,45335.35946367471,7535.367465322437,50633.16803344861,97340.86526951838,30409.01896561176,46359.99386615292,2319.002495693665,45503.09816617528,30662.02183413702,16232.61296106441,24217.19388802835,71801.66161494522
5197,28853.10532122909,20404.78887007876,71363.61924703693,46960.02025971203,84844.49875569005,45403.92542312085,16480.88458970816,21705.37528539561,45417.33946546599,148550.0402888321,118880.1318863613,62335.6752590543,61873.38885083781,46359.42892954312,139652.5578464055,76675.13030819544,67281.88316268974,51304.80257798691,167058.2787733537,43918.80174153783,7594.840414395182,48265.34870284491,93480.07565545141,30084.11168261245,45827.8608384985,2133.294456439265,45226.07574970476,30466.45488446784,16488.28055987756,23874.95843244839,70798.78602516139
5198,28096.5670367807,20172.70059824934,74346.54792201392,46128.27639854407,85194.45419754913,44840.30611723993,15767.57552093454,21859.2950489361,44769.08663636407,148895.2327347425,114325.9138794201,63240.9901554906,62453.25453760607,43539.01069232761,143870.4183001828,74674.75996006181,67328.62347363136,50638.65058727666,172149.4711616407,44196.72100572241,7772.977299154979,47840.51027484255,95441.34057533657,30218.90133758535,45798.42564986455,2111.296640481316,45777.28442925481,30301.75488719856,16582.9891022655,23874.77935028563,70299.72864947129
5199,27598.75454243265,20118.15904938205,77953.60588430913,45677.77298834459,85683.73530737284,45019.54903062237,16354.16729963428,22399.51943996189,43877.47314853434,150338.445406663,113479.6437301697,66018.60123521832,62406.71670834594,43164.3536380346,148609.2194091408,74547.83663817348,68816.98209052917,49972.31200094954,169683.1613446767,45308.40199795545,7827.229636220356,46215.73401124241,97192.58725566043,30612.55862544191,47425.37367682954,2065.199174829917,46910.50496413628,29824.99453583757,16519.87742168491,24388.93641710017,70620.81619234632
5200,28854.33026797758,20820.74372237273,81991.26436244605,46540.84519513247,86078.06632785272,46784.305766878,17366.58118817261,23880.68434854755,44004.10697836288,153994.6975020042,118935.2577055838,70383.5102821917,63856.5940082899,46279.19103771297,149611.2737555251,73094.10265580092,69444.3128139192,51747.20226352847,172150.1429845398,45593.84624514971,7878.855048406005,48386.91801453274,98973.5729990177,32656.47151654743,50620.05708447474,2111.819619909024,47958.29115354311,31835.88465875473,16498.57396461722,25321.28961493394,69427.87897407549
5201,30318.75905134264,21693.75588868374,88822.80808899032,49346.2036400631,88391.04087692563,49662.37431150552,18337.05656260816,26926.51266057485,46041.27905899069,159545.6549496687,124320.9330668354,73726.19136503439,67484.37906190283,51475.35872718145,154297.0069337607,74337.05795860029,71899.05627649037,56652.70236930376,173279.5991257295,48355.49416351793,8264.997934996609,51050.18911925009,102528.3395212407,34530.8307051278,53012.85551941286,2185.573020235775,49318.58046266225,32360.23607841981,16771.57021923113,26529.18221971992,69378.06270541008
5202,31399.70227017785,22787.74782115295,99979.08867372417,53774.74892376458,89850.33017018542,51803.66008390799,19251.09739980376,26218.89544806222,47715.70477783869,162896.8321716052,128161.9807206352,76111.65555237063,70145.78422302514,53961.3473000197,160051.9247398259,79824.15586359848,71263.54437374556,59383.01438552173,180783.4360152378,49196.99047516541,8423.731008039684,52543.30918426033,99191.54291529047,35979.57397914583,51720.82187250342,2258.500126341661,50292.78752370002,32724.19607566432,16253.83901082335,26362.25627878662,69930.64568781105
5203,31878.53901953965,23292.89088245787,99535.54433603652,57143.69660917053,89451.80802339486,52810.93845261385,18838.60834505636,26188.27302814784,47587.50676604253,162284.3025687996,126682.1611952925,83505.05617438768,68964.49573363861,54701.15672256778,154406.793711978,78624.49274590262,73807.2729500874,64626.61737573813,185717.8875115714,50034.62216809398,8864.165197316332,53870.68598345637,93685.35102933063,34969.36326932974,51139.98822878105,2282.017383161972,52842.44853277844,32692.30009217413,16860.87967163697,26854.4307795313,71378.7185409347
5204,31878.53902246156,22828.59220571366,96140.52563109544,55185.69846272347,89569.67095283348,51455.84838738684,18355.90106852839,25175.67181903008,46573.79500104709,161673.1328837059,126516.8470718832,85741.12787443839,67004.15902647217,55161.41683750781,151082.939175533,77136.29611772273,72317.37085002154,65512.83506351649,184483.2002321723,50033.42508539459,8855.233510155103,54056.85894564947,95416.92074221116,33500.31484923039,49289.46994161503,2480.083671449948,51656.49421172526,32186.26310465495,16501.39936723802,26196.58059517986,73683.21622899616
5205,31372.1220371266,22821.94826732679,96183.097673694,54753.5401217127,88066.25079819778,50388.87102968794,17343.33085221121,23616.30415599582,45415.24992452701,162802.4312170933,123822.6976112451,82118.49397636873,66332.27057362754,53819.26144476999,150134.5099753074,75226.37974274317,70725.69270784722,63767.01547377177,186948.1748073743,49392.09552645951,8641.036984221597,52044.1195176986,97895.32232435429,31849.70300933125,47421.48959205864,2504.516257409574,49525.07261491372,31288.01280204043,16310.29659633343,25844.21145029885,73937.40342982557
5206,29570.19307087315,22179.33279427477,93721.00361946772,53594.52608672051,86798.37163465752,53948.30428626221,16127.1232542714,21185.70271601747,43137.34233790037,162823.50994163,118169.8712209905,78149.33782547906,64496.56652336199,49607.84105436622,147480.995385307,72433.80343178044,66489.6166223046,60015.57141325332,190691.6049068971,48062.96210187233,8424.151237811591,49558.6213456335,87139.57445219546,28581.22067457542,44233.05371696685,2438.763567880375,46220.42459445445,31616.41441366321,16172.66318178571,25921.55678750429,73200.72390516559
5207,26597.98001791774,20703.79477937011,88449.78055783399,50899.1294148115,84294.10640268752,51012.99820400612,14480.35844345042,19631.29744867954,40223.11982113895,151478.3964287948,107492.416223673,73802.61722879171,61357.17912661919,43542.60350935241,143755.593888184,69643.88288219212,64107.66256436459,55318.79523932101,194094.3968914431,44275.15644364325,7990.047783419058,44803.53323769619,77640.47348068755,26333.53319152676,41833.37792581225,2165.054602567609,44174.22098310758,31671.43436216377,16809.03863905767,25851.05381256491,73457.47989413742
5208,23144.23672905228,18916.76741050587,79559.8176741581,47891.85132593292,79185.54118272995,47264.09633599296,13261.15898862155,17973.71979989407,34390.90994521978,155431.866170123,116162.5281400555,69476.20052407557,61192.7129623251,40766.05523504759,147242.0553834575,72052.3851067744,64503.68273461674,50360.5110581394,164907.854841014,44886.11544404981,8297.59786828808,45293.11174090735,77980.29998283107,23558.72516871655,38092.75074797968,1878.101770678155,39847.06195069266,27993.93982553896,16282.10438277127,25219.84332490059,73966.44580291343
5209,21659.81370302593,18104.26277987915,77120.31677824579,47669.84019609549,78988.86746982062,45292.09620782687,12655.34513035214,17220.63566888233,34407.99823538684,155002.1636019152,109694.2178606722,65820.86282130593,58431.34473377855,39829.51744979234,145421.6402950639,71216.00154539598,62469.18859936738,48547.0637905447,159536.1159410215,41095.14924272692,7580.294748763791,42629.47531730738,71180.95367246526,22204.25057706185,36792.30275745682,1791.100328190962,38573.19390557173,27632.16944219008,16071.2634595374,25097.00784228567,72540.90450867967
5210,20597.71163518399,17709.61322003776,75656.99543000497,47222.15895814461,79028.66478874716,44289.14091191638,12541.91610338462,16618.06965493715,33064.22613321612,151929.5924969519,106629.6113973112,64480.93305894711,56126.50258951065,38741.27929302432,143507.8063579544,69269.90518544592,62183.6850423367,46872.29163350356,153121.0595326821,39233.64248089938,7064.336644658631,40384.49368425786,66230.83570589995,21939.96340934023,36530.57289663901,1743.881659931272,37064.24886419749,27632.98594732013,16360.1936130594,24686.60321725214,71204.22064335112
5211,19962.94669592756,17411.25869191479,74222.34920185499,46713.18281157154,78706.8698398855,43928.22945556774,12117.80718173516,16317.95418126376,32175.12347595009,148636.5817391506,103926.1944340599,62251.18558676351,52908.9145337163,38355.30773664523,140786.9426823966,67032.56393384043,61925.88369337402,46064.80881592003,148856.444764281,37353.43871494912,6099.716099766358,38857.59761717442,62953.98116824998,21394.06337317493,36014.84664776697,1664.447505436368,36617.89094200053,27698.54097185724,16399.23822820346,24774.76924684798,70248.54686272013
5212,19962.95343538437,17272.05513482889,71710.09385841223,46153.29069324061,78446.65461881287,43928.22947291635,12231.39319591929,16021.63624333889,31426.03333469944,146666.552797992,104438.453445028,61894.51894982241,51954.61379714355,38355.51557231499,139584.4086572942,66712.69308955467,59171.51120675054,45625.98775632922,138490.3316443776,35781.5607907963,5852.329849049545,37381.13375988349,60476.64409800991,21669.11868051803,36009.56411716613,1617.408044499502,36608.93098323349,27560.94456568368,16227.44192193356,24663.40242304906,69895.05114103804
5213,20372.06921614289,17329.84967160579,72745.3123243703,46153.33493174117,79184.79645226216,44305.70651028273,13465.71753328083,17714.18498496788,31745.26932585883,149097.9230718842,108900.6015994633,65472.87339936373,51528.27662817536,41674.66518933331,141482.7982994661,66071.03627146938,58200.84542451626,45068.10681588976,136700.3230464351,35456.59344251411,5764.858402386527,35812.51999626819,60478.71963418293,23069.22551734012,38239.71895954278,1615.084553114559,37729.87615485877,27917.71685671515,16383.62038250982,25227.13930446862,69962.4371548286
5214,22126.10664389693,17975.11822058109,79357.22305637706,47300.35139726751,81940.99273798229,45385.19668682634,15114.56179051072,22598.05660325253,32354.79089646404,157917.7445328995,113440.8049177651,74420.33459066425,53214.75099050409,45066.55417960227,143657.386909173,66071.97690962316,56883.30064203758,46569.51919839645,135335.0117711168,36710.39781963501,5890.795026983404,35151.04198201194,64552.29475838885,26964.11472876629,43076.82704189283,1615.107655906347,39155.48551553756,29169.88616890711,16781.87545952714,25161.49409007526,69898.63178764944
5215,24637.15894632238,19015.47381185336,83673.58445517432,50499.6827263144,83701.7080839102,44669.52239095188,15830.38990460401,23209.06274096033,34359.19248322829,172026.3981639558,128319.0966749748,72519.55503448437,53829.33661591907,47935.29035686859,142917.733638917,66712.13712808386,58916.99679734439,50836.45209979926,139285.9159428126,39225.67860029864,5852.867642397027,34721.81415921787,67956.61651407159,29606.84229447184,45398.49968093246,1765.713422134365,41136.52151074327,29935.97163126167,17344.11791905754,25355.57243909302,70487.90547675916
5216,27804.3463447365,20371.47094662969,85070.19889671034,49876.09231189138,82347.46514120468,45447.28403361198,16245.97496562194,22331.11113278684,38209.23241247943,178648.8730386861,143190.0869974853,71664.97866869652,56937.39368906185,50671.70321522762,147321.0760324672,66713.71042521275,60875.92349192598,57331.79455516159,156671.5522911792,39857.86251829373,6113.987151543654,37034.19779368935,77229.63886041666,32708.91533796953,49527.17803422584,2015.014358670062,44245.87079106715,29109.0171245731,17297.26438197664,24516.63616507594,71967.22976358664
5217,30128.92245849463,22057.80722911293,90993.75315185612,49915.70555363507,83104.66200186091,48400.0779296305,17460.28215312891,22640.29032132736,44936.66315822723,184164.678954239,149779.3839667224,72693.39379004564,63786.43813785525,52444.97606492267,150866.1378515316,71181.2864653282,65484.11458722848,61594.88263338048,191256.2968785047,46508.22022283889,7288.316809910752,42128.6487602058,91278.12135208555,34055.14371323625,51606.55460661636,2264.712291079129,46694.75442159719,30380.0421927073,16875.58253550888,24000.59034441282,72446.93856619348
5218,30979.76073941184,22890.95265410674,91908.5568856974,47895.09426748357,82949.0766819696,51344.99426789067,18295.38762948502,22956.58552489608,48066.7503905108,191002.9508370127,148074.3327071882,69087.99302260687,68145.74698633402,53923.15782910195,154348.1131014016,73412.11455859509,69137.01018628172,62932.87418911408,200070.7038169822,49589.79871572438,8035.547537407524,45600.14438944993,99549.27096172674,34837.73968734816,53202.98897851705,2310.655370517004,48317.44998252633,30713.41121996983,16539.79884490598,24264.50699861639,72794.44625869136
5219,31839.73047661949,23548.25485405396,96636.1672058114,47900.11031260886,83875.82567165747,52823.87444296373,18937.31962991886,24275.62412893184,49438.97883563016,192996.3649519516,141359.053051449,74020.88308568181,71317.34104952448,51841.10757598817,157345.8989245063,77582.67427303092,71620.5061748124,64592.70863467819,207970.5364287778,50487.80434760609,8384.927182663341,49010.37101921001,109568.6682167251,33628.25023902032,50052.73850049631,2371.308028026056,48474.95413050173,31392.76868955066,16336.7668454289,24259.65689419272,73556.92929882616
5220,31852.64137792609,23092.24183880867,92202.08557873503,48631.32917592307,82289.7866578633,52814.80075576974,17061.54252979562,22411.49253712367,49859.66717193056,178243.4153932946,149964.5074540359,64030.81062200169,69062.23421622424,48725.57641610412,155902.7107515753,79527.95001707319,71724.95446783947,63968.64149953995,195450.5246899022,49032.17237270015,8384.933759487827,51067.24738264708,103699.756395868,31758.71259300972,45387.75246265405,2280.515666408594,49617.24263321084,30290.39249038772,16336.7668454289,24638.52849277383,73747.93778130187
5221,30562.74308281184,22687.97097538925,91316.76567424479,46139.4979821935,80396.84753279688,52084.60399223216,17039.17058555108,21736.42874376555,50276.90288402342,163271.7456798715,153303.7767382342,66582.31112895814,68674.08296185701,49117.23425101334,156624.3237781359,80382.29959299573,74047.49839041937,62044.18334350455,187707.7530929359,48023.99107043934,8752.515433420609,52966.39760937261,104721.8915482241,31615.7242231149,45908.79856063279,2140.937687804565,50018.4528653423,30234.54026693984,16539.79884490598,24902.87827282101,73917.74273187564
5222,29723.14080154498,22979.4614400344,94646.49596047054,45573.77018431752,79867.65880472808,52071.2126838924,17474.9372556481,22037.83277135013,50658.16035304483,178038.9670725265,151102.0124751837,70218.55500523196,69936.7552342176,50223.607037922,159501.3044377238,79582.15515057762,74057.94524995785,61304.21557686842,201155.5961430918,49590.57707948389,8779.009755758725,53465.97702445932,106246.4997879725,32696.3828265258,46435.56689221261,2100.038981880208,51296.66340577878,30200.94021826313,16602.27022950048,25161.96924826226,73694.87714057646
5223,29719.09609726981,22944.79063783303,99203.83692002107,46730.37191044446,80375.65906721383,52486.60265050367,17474.92023171097,22339.87022642359,50500.543248371,188623.3374550895,149826.1577758006,74953.8124777929,69936.73804506342,50985.02697691078,160954.7108892831,78912.55208710836,74069.55456088803,60763.48139093028,202537.3276623714,49592.61942592917,8646.94127432776,52811.59672080594,107983.8636315501,33499.76434555528,48007.83259142273,2091.8040468331,51891.43504238735,30510.30749138913,16492.94530600514,25549.42526303389,73692.1728906043
5224,30581.28223202166,23076.62089581725,101165.1818170691,48476.59564275243,82196.21899780876,53184.63420433705,17883.4033653962,23989.73870959095,50493.84833724851,191718.7778844111,142805.7406895756,79235.85529622262,70174.65072070959,52531.57380226343,160956.8392323713,77921.17717059703,73970.90121903522,61451.80009342769,202690.7914908648,50322.0062462658,8298.194916517907,52441.99838247101,107955.7548882967,35365.51091845864,50579.70177548157,2098.99556050708,53039.15685740041,31241.16916298035,16375.81146057296,26511.59320751876,73762.03222500888
5225,31413.51080852006,23221.96895056377,101887.2037350839,53115.20274547854,85486.29839767063,53565.17226278383,18504.27599766912,26252.4993931433,50068.48514092658,195696.6647243139,132195.6729414607,81176.63635432124,71777.57280298854,54689.08577014396,160232.1954229979,76537.72360711991,73116.89834468382,65008.84123017173,202537.3159409888,51161.02598309722,8297.596095779869,52156.52578888225,107983.86541781,36647.84519946782,51105.1411765882,2186.353586476137,51136.05280155882,32640.13745649555,16414.85607571703,26579.97565964796,74653.15872385299
5226,31839.74158613002,22979.20609339692,102357.3945321193,57358.64883987132,88147.32892258996,53183.75211327093,18402.27658396212,26553.09562062677,47768.18838108212,196806.9446294429,131289.417331422,80635.51943616077,69480.56651304108,55786.86438060711,157347.4901587827,76538.9034811525,68024.43632626836,65972.53184643127,186390.9726135858,51145.12933131081,8123.395971973502,50630.85202067206,103127.4993066537,36102.46181925576,49049.78120521373,2299.052905065712,50102.7782799285,31607.81216142994,16578.84346005004,26894.58061134543,74603.82086413974
5227,31839.77768062355,22522.79414706574,100502.0412964763,56878.41194441019,89402.78569040765,52081.30046305259,17270.69189862112,25651.27403759963,47102.05344064933,185140.8380097472,136133.9728927272,81889.2543904022,69013.11198325039,54711.84770003539,156624.5970094095,75666.85257588251,64371.57167813878,66418.17152604817,186519.4794224095,49278.76781576826,7416.393431850921,48710.7087152122,97976.5777076999,36605.89369243261,47991.73891729747,2371.75088264915,50277.16140122696,31386.9700112695,16531.9899211492,26196.48819373457,74916.88569003281
5228,31795.21363160883,22511.24397973953,97168.72596935891,56242.59395582539,87511.10342955757,50549.11462409853,17886.15067941602,24699.13954263717,45720.19543168008,188240.0613348274,136133.9698617736,87188.75848311784,70197.26066801827,51344.35881124315,158067.8352617792,78238.15897925121,69186.13087651697,65341.16157603965,189098.102295567,51198.38708886526,8384.272740209575,47341.30576911031,98000.21718682098,36606.26563880734,49034.87486984679,2535.357738102467,51241.94787786387,30569.43000478435,16531.9899211492,26509.34057461243,74914.76586520464
5229,31410.5604893739,22431.2210340266,95135.85928332052,55425.2209987122,87176.61676920431,52068.17986241828,17840.25452544428,23257.04187808097,44781.07082243435,180323.1483114506,133460.3962552463,83014.43910283479,71504.4087426186,49743.04750310445,158004.9944359061,79527.94930669219,75431.0621161303,63027.25610299097,189098.2302161731,52102.77795435346,8729.810467347612,50195.30999233677,99692.5564544486,34553.62839042446,47116.64961813488,2543.835105374332,50096.17096416291,30262.19689984781,16274.29546083443,25935.76572862827,74686.61343501604
5230,29261.53227695938,21538.92275105284,92740.99757392537,53205.37223380827,85565.37844191011,54307.62177883151,16130.42849854281,20948.79572767663,43723.59056381208,178569.2602779499,128459.8591438501,79573.49884739265,72005.28193929353,46439.87322889244,155908.7476469896,78873.9471986898,72455.7004641449,59141.43573341305,183700.9888379195,52102.7751672473,8994.99358960883,50478.2467915595,92981.62227590063,30898.6390364106,43324.16408863726,2382.345543707368,47483.77519053293,30266.08002451944,16086.88130705098,25673.72247503962,74993.51723407311
5231,25886.4961452238,20213.35665064976,85892.61364474786,49535.75517481553,82398.77845759198,51853.65449724888,14429.43824641857,19674.99335686518,40909.73262963654,184962.1821600601,126665.0394485844,76708.84759731777,68800.44071490645,43168.85902169251,150883.5977229594,76198.50516782579,69793.02938572654,54940.33266784367,178295.09811687,49279.12211525208,8917.274282303606,47758.36731163571,82957.78167440784,28497.19497169626,41334.68462953006,2128.653798046729,44700.1150947585,28607.3578724372,15791.5429661643,25423.97250486748,75653.75515402142
5232,23591.76481948264,19090.13037444758,81188.5746215144,48126.38021570657,78994.69431851413,47987.81711784464,13002.04780331025,17650.96560287973,35582.27612834083,160695.2129606536,118656.0818714392,67546.3068310007,62309.72332875019,41737.97311777083,148064.2383441027,73091.94576047077,63953.32357888083,50846.48633005188,178378.8218894329,46748.8344380183,8651.787088803121,43158.79965913246,79977.43470361187,23801.5341842147,38505.70602501956,1893.085461926425,39667.130011958,27523.40880127493,16403.37961963761,25548.17551595185,74011.4157431114
5233,22094.58648752437,18266.52831815366,78666.38072857243,47911.14326416008,78795.24456747316,45898.04759328582,12396.35430034457,16947.51254535194,35601.05349449644,160280.8856853223,111054.9450102107,63457.24635139218,59520.17107722722,40796.29250001651,146238.4102939398,72342.44048840922,61949.0553326127,49102.97458809414,172359.4393086267,42964.97856551326,7950.723427518952,41082.68600448708,74502.2913087361,22471.32675552521,37226.55551146857,1806.456962503004,38417.20544271138,27148.91427664225,16195.96565116484,25420.01287485168,72625.7891907309
5234,21023.35802069189,17866.48851930335,77153.45643568561,47477.1220284155,78835.60362326448,44835.19501941821,12282.94780799688,16384.6578954968,34124.45750124502,157318.2549998891,107453.6191387444,61958.3277063211,57191.80446299561,39702.07847484516,144318.8856162948,70598.49243744755,61667.79341907919,47492.7899562696,165170.9516478984,41106.96324213968,7446.446410331166,39332.88374862858,70516.23081830662,22211.77463400399,36969.11200867834,1759.440703241428,36936.62235713949,27149.75949978549,16480.19960743039,24991.80972422857,71326.53208507586
5235,20383.13869218579,17564.05897785303,75670.17927795429,46983.67616253262,78509.26655723115,44452.72964744941,11858.92314285194,16104.32115903769,33147.47232705701,154143.0722668471,104276.7396380598,59464.01035197524,53941.3759570375,39313.98742356142,141589.9315161137,68593.55219123396,61413.82214994717,46716.44768316152,160392.1736155557,39230.28598270794,6503.664492136532,38142.7777168857,67877.55826673632,21675.65510256133,36461.83182453879,1680.347053640445,36498.65412662399,27217.62021719428,16518.60960132677,25083.79935920839,70397.61689250119
5236,20383.14548955322,17422.95413790777,73072.76474313697,46440.86791308728,78245.37841329827,44452.72966583411,11972.48659122803,15827.5316864544,32324.33907450024,152243.5334139169,104878.7130565548,59065.02356385831,52977.33510916487,39314.19640052415,140383.8217841597,68306.9075281373,58700.37057607112,46294.54974122158,148776.2701052972,37661.35626972577,6261.878968055854,36991.9799775421,65882.6936021248,21945.78243856497,36456.63580610503,1633.509233506057,36489.86257820165,27075.18428796169,16349.60562854074,24967.60275245309,70054.01894826978
5237,20795.77670819817,17481.53804935612,74143.07453358441,46440.91080174797,78993.93907621871,44852.74992832901,13206.56570890947,17408.53510729955,32675.12964731099,154587.9062323188,110122.3388802955,63067.96637009033,52546.64651163973,42651.57254378475,142287.8562436165,67731.90200409689,57744.12569368781,45758.18345825775,146770.4491272962,37336.99842956862,6176.387840265883,35769.3579918039,65884.3649184028,23320.80455177001,38650.26733363527,1631.195702070869,37589.73859452781,27444.50492801836,16503.24560412627,25555.7879093006,70119.51817326245
5238,22564.8861764789,18135.61986472733,80979.1125513973,47552.92859830736,81789.03891378845,45996.70810600895,14855.08239497428,21970.54123779666,33344.89880496956,163092.1435006563,115457.690047696,73077.08534217782,54250.3339467074,46062.08749576836,144468.9109417908,67732.7449346468,56446.15529170648,47201.69392872941,145240.5291030668,38588.45117364369,6299.473309611402,35253.78329644477,69164.59318105564,27145.91178883673,43408.15794727839,1631.218705829519,38988.55236718294,28740.71537782941,16895.02754437592,25487.2957776043,70057.49933781693
5239,25097.51537428187,19190.18493666768,85441.78783797719,50654.6394123346,83574.60665542835,45238.29317911977,15570.76829754683,22541.27977554991,35547.4235836146,176695.9719393193,132941.6892720842,70950.76947326817,54871.19236660472,48946.57683310592,143727.0583298022,68306.40931646427,58449.63741338848,51304.07272334922,149667.7740217605,41099.01429857789,6262.404585975163,34919.2309769311,71905.9081433841,29741.2914744824,45691.80848168442,1781.178880740051,40932.35303983,29533.74549930242,17448.13145791616,25689.79096271667,70630.27353492539
5240,28291.91768616894,20564.70267654693,86885.74402636779,50050.07647933078,82201.24865157447,46062.50335790577,15986.27079547123,21721.188476718,39778.01709289119,183081.4864179567,150417.1083260671,69994.79365699737,58010.97195725029,51698.01622130761,148143.4939591675,68307.81918933493,60379.46090252598,57548.92254133245,169149.5095528269,41730.01249364865,6517.612452959575,36721.56826131779,79372.96817130539,32787.78686998243,49752.87134185975,2029.411156200543,43983.25935209029,28677.70545531528,17402.03946631469,24814.47150042557,72068.17717174106
5241,30636.46834826887,22274.07143274095,93010.09199929691,50088.48101067131,82969.13330231358,49191.64042441369,17200.33674004793,22009.99159518316,47170.4144108598,188399.9299305943,158160.4208635148,71145.23500367613,64929.92147126325,53481.02668691605,151699.0969367947,72311.33139357252,64919.18943996804,61647.6047882297,207903.9637447239,48367.8968002461,7665.355753442377,40692.32760399551,90685.44625541575,34109.89582390869,51798.19389979601,2278.038725759665,46386.11405022736,29993.43485328575,16987.21152936916,24276.04568162353,72534.45426731967
5242,31494.61768700547,23118.59620140286,93955.90529848481,48129.52420607278,82811.35190459185,52312.4294792272,18035.27630839143,22305.44175655206,50609.89217517068,194993.519931657,156156.7556991458,67112.03670845067,69333.72379202761,54967.32562622279,155191.4257587866,74310.43502756883,68517.81502913318,62933.99674996346,217781.0796234735,51443.69549051698,8395.669473519802,43398.10959963837,97345.7527152025,34878.47057964059,53368.48341660023,2323.784864177771,47978.30961379558,30338.52909299733,16656.88558150217,24551.40793618545,72872.23184544331
5243,32361.97694653795,23784.87602686734,98843.76981928965,48134.38719768212,83751.18190289965,53879.62953981543,18677.08077803369,23537.55076110591,52117.75725185725,196915.6072077344,148265.3965156831,72630.23706293227,72537.68886572831,52873.84216040249,158198.1254280559,78047.78310297261,70964.41443844335,64529.81974259199,226633.3555251923,52340.01682478591,8737.139302123982,46056.13680213154,105413.8278208502,33690.65069804236,50269.82468811521,2384.177526136514,48132.85333209253,31041.7808359157,16457.15361252483,24546.34749127722,73613.36558209776
5244,32374.99878825243,23322.63465260819,94259.38388224904,48843.29453565334,82142.75603976227,53870.01396489608,16801.67633317332,21796.27244452537,52580.02813155868,182690.5365519177,158377.9659259066,61454.79615395486,70259.56518804378,49741.20260921457,156750.6459687825,79790.9957784707,71067.31097349063,63929.8197330374,212603.8686168495,50887.11503037476,8737.14573005176,47659.32448428428,100687.9126630819,31854.60823533383,45681.23727093219,2293.774357853561,49253.67151272953,29900.6320031938,16457.15361252483,24941.65008364148,73799.02588258772
5245,31074.01669351585,22912.84213960415,93344.05384070368,46427.49605609295,80223.09818795581,53096.20927716951,16779.30883349888,21165.6978912864,53038.5051156563,168254.5718207821,162302.0576514675,64309.0440333755,69867.45225129084,50135.01116422671,157474.4046948323,80556.6008679372,73355.34953498741,62079.57823337446,203927.5897906377,49880.82467099933,9096.405500620149,49139.57594915909,101510.9824513586,31714.18168689782,46193.75018084516,2154.794698512839,49647.34064392021,29842.81535254328,16656.88558150217,25217.46424795186,73964.07634390537
5246,30227.1999027925,23208.31386619189,96786.65368034095,45879.0301899488,79686.43999146511,53082.01822937861,17214.9889310799,21447.23826111298,53457.44762104454,182493.4036466079,159714.6877238138,68376.74511539131,71143.01204222573,51247.45940266995,160359.9399892509,79839.57042198401,73365.64118856537,61368.14729581459,218996.7719889093,51444.47239437897,9122.30000200461,49528.96229184903,102738.6664598795,32775.47889467947,46711.8916111624,2114.071310241335,50901.5260874446,29808.03352728622,16718.34157209448,25487.79154256478,73747.45092437854
5247,30223.12044330301,23173.16952004291,101498.477133857,47000.34077409498,80201.61064840121,53522.21561102842,17214.97191052488,21729.3703131772,53284.25100172695,192699.0520791913,158215.3863968562,73673.86285560693,71142.99467762977,52013.06054531048,161817.6681109653,79239.52153361084,73377.07802333192,60848.26650340992,220545.0919637528,51446.51091020321,8993.221498632654,49018.91975311936,104137.6709727337,33564.4667954265,48258.40826637643,2105.871675320507,51485.11846542715,30128.28182625908,16610.79358811037,25892.05084212686,73744.82239261955
5248,31092.71514537439,23306.8003542128,103526.3067319427,48693.28235380438,82047.8676775745,54261.93415746589,17623.37389203612,23270.50626493814,53276.89433840381,195683.7337960847,149965.4495833132,78463.98992035548,71383.33561917955,53568.09996049781,161819.8027826321,78351.12443827557,73279.89034555097,61510.04022104615,220717.0581581666,52174.52969404132,8652.37062009773,48730.84434231898,104115.0365321658,35396.78610700247,50788.15786924374,2113.032361630412,52611.26783446094,30884.84927034104,16495.56360642121,26895.94631534019,73812.72568596796
5249,31932.09487077875,23454.13361516322,104272.8033924844,53190.35262655893,85384.38635869685,54665.19824762416,18244.12317732183,25384.1425185134,52809.48651653359,199519.28689233,137497.1891602806,80635.05365496765,73002.61799427625,55737.4595258168,161093.0042618077,77111.37537174737,72438.57514408235,64929.90420019889,220545.0788291818,53011.9757670898,8651.785356423785,48508.33891915931,104137.6724111114,36656.14571195279,51304.99213302329,2200.015915993959,50743.93430149399,32333.02189632119,16533.9736003176,26967.29439395082,74678.90090188273
5250,32361.98815150996,23208.05503195542,104758.9324850327,57304.31935461291,88082.97717623247,54260.99938722855,18142.14402754616,25664.92832530035,50281.81908439332,200589.8396001392,136432.2166055291,80029.73070403455,70682.1672113474,56841.26639440645,158199.7213938301,77112.4326878504,67421.7703561023,65856.43012410484,202452.0516776149,52996.1089310325,8481.529054356073,47319.18558177009,100227.1051855445,36120.53357990421,49283.29285548531,2312.232134212342,49730.08108780441,31264.38778906456,16695.29557539857,27295.54320817282,74630.94448789959
5251,32362.02455615513,22745.40927789303,102840.6874013639,56838.7358251976,89356.15464402891,53092.70845863283,17010.78415089288,24822.54017263439,49549.84066154995,189341.1607997646,142125.222701832,81432.2271271169,70209.94158689721,55760.34644884215,157474.6787385526,76330.96497233404,63823.17525803189,66284.8837262462,202596.051909374,51133.24795951059,7790.532771439784,45822.5715168695,96079.34846266077,36614.94582038838,48242.57815885012,2384.618482405338,49901.18652420154,31035.77820726959,16649.20358200676,26567.1757522197,74935.24358967137
5252,32317.07757850836,22733.70135500641,99394.3809968889,56222.31841539648,87437.77139700478,51469.01927805227,17626.12066025492,23933.15491794949,48031.39419582085,192329.4900556965,142125.2191400526,87360.54196670826,71406.17633588282,52374.36558720016,158922.2084261745,78635.18016067913,68566.20594752785,65249.40862443321,205485.5664397946,53049.26679844067,8736.499675987907,44755.22008334642,96098.38404815097,36615.31110286302,49268.63064163386,2547.524015671546,50847.83898623968,30189.48378907338,16649.20358200676,26893.59598971311,74933.18311932217
5253,31929.11920021817,22652.58543251742,97292.60519951851,55429.88578512982,87098.563476703,53078.80428542427,17580.23362434062,22586.09690728218,46999.44269680109,184695.8540369652,138983.4096080398,82690.92022580965,72726.66587323617,50764.26095970337,158859.1807445728,79790.99514187963,74718.35805591932,63024.73882888314,205485.709783148,53951.96139018438,9074.214565977303,46979.71179165846,97461.1327213453,34599.44950381457,47381.82022421201,2555.965043599685,49723.59796237883,29871.4447209784,16395.69762193254,26295.14621310907,74711.41889085807
5254,29761.62488223594,21748.09987885618,94816.5636502007,53277.7707925077,85464.58261320679,55451.98743186358,15870.74728367768,20429.97285000417,45837.43679542707,183004.7223009185,133107.1041555131,78841.6964453197,73232.65125362398,47442.94788503389,156756.7008147645,79204.92667936797,71787.20048858275,59288.77497563926,199437.7500178823,53951.95860830574,9333.394047486474,47200.24074488323,92057.18280264398,31009.94400814456,43651.44434755648,2395.167728063055,47160.30447639908,29875.4644224104,16211.32965015569,26021.73860524644,75009.72947275417
5255,26357.58784062707,20404.42880930991,87736.03658352204,49720.12397678779,82253.28625246759,52851.46729696635,14170.09496241395,19240.11884095784,42745.4457171255,189168.8974788086,130997.9489734516,75637.14103429246,69995.09968015333,44153.97147872713,151716.6087247425,76807.39282071253,69164.08794170078,55249.68729171108,193380.098101838,51133.60159447094,9257.434274485615,45080.28965950662,83985.52971198123,28651.52491771134,41694.54665509831,2142.56346525529,44428.96573258931,28158.40190863705,15920.79166357365,25761.15741884533,75651.48092286609
5256,23577.55791485654,19197.5692552304,82516.6956327287,48270.4424004456,78029.00072479366,48681.37137602835,12867.77597432063,16983.61211828705,37275.58592647983,161875.7679500429,120942.5682020459,68484.59803206769,63365.89327395668,41850.84112907574,148652.2988300669,73259.39933442448,63627.7380514187,50251.86613615196,186049.2111921885,47091.33970101151,8929.938327429083,40776.08572162548,78810.60762353073,23782.89323464488,39148.67415732951,1884.783784980645,39135.13009889772,26837.19409928969,16355.07344170301,25654.89344765193,73315.36228321181
5257,22073.303265406,18306.79600103004,79782.62069393508,48041.49020569318,77830.32637363096,46750.82738523922,12257.33437793687,16280.73988461652,37293.77288528481,161465.4263202287,113172.6310237773,64483.22212019145,60665.72367195698,40902.92164150371,146641.2524483041,72552.36895148813,61596.06807051705,48522.97595826615,180465.5408640413,43663.02465571204,8212.896752634862,38851.56333976086,73517.35897349802,22450.02437721478,37908.47346973125,1794.926189897179,37907.36337552154,26455.7907152366,16147.94006753697,25526.07431684629,72574.13736437324
5258,20997.01170583686,17874.12982358623,78142.60070774406,47579.81244181986,77870.52852570715,45768.95659735501,12143.0388804781,15718.34996997761,35863.60476275357,158531.2948343743,109491.3296223387,63016.44583009752,58411.96242743228,39801.45817450778,144527.0045281136,70907.25142629555,61310.96083122354,46926.29477307481,173797.3909804558,41979.59322963567,7697.126778372428,37229.52612724996,69663.72304322067,22189.95295362006,37658.86905977656,1746.157389615685,36453.02709924972,26456.65153147263,16431.7895056792,25095.67777384428,71879.11478340796
5259,20353.76642168036,17547.03478448902,76534.71841305355,47054.92341522076,77545.46015878204,45415.63235903015,11715.69024254524,15438.2447006546,34917.33844570046,155386.6559577947,106243.9003767011,60575.61585753375,55265.68393758884,39410.79592286085,141521.2158566801,69015.93228167381,61053.51734556849,46156.4631175983,169364.5241962316,40279.25339099855,6732.857955664501,36126.31788537149,67112.71224512001,21652.76077448455,37167.03543542192,1664.115507477334,36022.82288328888,26525.76417681602,16470.14753766729,25188.13860891687,71382.20233102953
5260,20353.77325117515,17394.42173975351,73719.10379865972,46477.52655493582,77282.59793157068,45415.63237601403,11830.14392642678,15161.68376631901,34120.08656110743,153505.3898302311,106859.2419670559,60185.18482060253,54332.532823072,39411.0062843483,140192.7541692619,68745.5319343107,58302.96830227603,45738.1033266449,158589.4364037283,38857.74434803567,6485.561907497231,35059.54776832592,65184.12080350852,21923.42857105107,37161.99763450166,1615.531797679287,36014.18718569125,26380.70051941453,16301.37219727727,25071.34680628004,71198.39857965913
5261,20768.3547448461,17457.7836279929,74879.32672323206,46477.57217653064,78028.24841865027,45785.17394740648,13073.89711673302,16741.38179159386,34459.84740104695,155827.2108168549,112219.3142800055,64102.28974026591,53915.64432122352,42770.49337998276,142289.940489792,68203.1122996434,57333.64993606106,45206.23515733512,156728.8065254827,38563.86400456069,6398.122354876333,33926.19778488548,65185.73659546029,23301.20177652349,39288.83360881387,1613.132028869945,37094.56531882834,26756.83456852088,16454.80432522963,25662.54483409434,71233.43663348806
5262,22545.82579571787,18165.21093798926,82289.63735694053,47660.44952773234,80812.48175945765,46841.97067052854,14735.33669397693,21299.6211860321,35108.5573414205,164249.641076183,117673.1489038969,73896.7762130727,55564.7423157017,46203.60384725635,144692.2489430981,68203.9074608407,56017.93408479496,46637.63995606128,155309.6295701971,39697.72703094323,6524.013060168534,33448.26872810114,68356.98939576806,27133.96214355854,43901.84759586728,1613.155890098569,38468.58183512209,28076.95814706398,16846.05625401129,25593.70186397135,71200.26037384542
5263,25090.42530321027,19305.78405059825,87127.20702006391,50959.80632151938,82591.10775761395,46141.34155213817,15456.63293165591,21869.8884790371,37241.82923291952,177722.6066895828,135545.4196021564,71816.05641415447,56165.70723099844,49107.20364851012,143875.1402285029,68745.06195657581,58048.80719345871,50705.61508539486,159416.4089210853,41972.39118925004,6486.099504753248,33138.14436406732,71007.23262724932,29734.53456677221,46115.96151991379,1768.705862283745,40377.92407982309,28884.61847876705,17398.41191607015,25797.23429366058,71506.65931448001
5264,28299.92575302417,20792.40447699431,88692.46512271905,50316.71967035346,81223.08895134494,46902.75279347515,15875.39259622635,21050.47430938447,41339.40230233585,184046.6953373078,153408.9195880547,70880.58025217589,59204.88221078648,51876.8720114095,148739.5944096787,68746.39193115079,60005.01463156974,56898.09389288474,177487.9614707582,42544.09917142693,6747.123803897745,34808.88066297375,78226.22262657965,32787.12527510001,50053.36599125103,2026.191048376513,43374.74591891163,28012.78578646838,17352.3822787572,24917.43116740092,72275.84925578508
5265,30655.55778366092,22641.18564254295,95331.2990189131,50357.57139992715,81987.9883004648,49793.4719321695,17098.97572811372,21339.0389702305,48499.36416161482,189313.9777707533,161324.189772776,72006.35188494663,65902.1352001536,53671.69536768255,152655.8900885098,72523.0228267108,64606.80893137824,60962.40347475129,213437.1793597882,48558.27080059085,7921.025275456286,38489.70767881769,89162.87853284924,34111.87945464469,52036.40896847735,2284.086263239139,45735.00437935525,29352.78840833911,16938.11553042512,24376.24736074698,72525.27880210314
5266,31517.7631102829,23554.5880201656,96356.56691973697,48273.78673091239,81830.82030875611,52676.47911812348,17940.46047326618,21634.24518568076,51830.69614352074,195844.1403462161,159276.0287229676,68059.64026578254,70164.83117699056,55167.84140951826,156502.4928618465,74408.83612324207,68254.63381491101,62238.00740332328,222599.3414452657,51345.05953712566,8667.98354594904,40997.92200485394,95601.91686197594,34881.99194569526,53558.88354659609,2331.537598653764,47298.97454055829,29704.24911653592,16608.23645496994,24653.02010813157,72705.9690158552
5267,32389.2218878015,24275.20818350968,101655.0445379517,48278.95960013402,82766.99653430907,54124.26971118986,18587.29611389359,22865.33686818742,53291.15017130578,197747.7379910484,151209.4241839265,73459.51001225393,73266.13501281293,53060.48809168812,159814.2025764559,77934.38656220211,70734.68237350215,63820.44738993428,230810.8464668288,52157.16021411653,9017.235799586824,43461.86844215856,103401.9550676056,33691.79551897823,50554.57823225814,2394.181409875485,47450.77860881993,30420.47479394297,16408.7746879167,24647.93374201914,73102.42994745067
5268,32402.30527641684,23775.26740503749,96685.53972101619,49033.03964883593,81164.82374099035,54115.38677450213,16697.19018147012,21125.49628220961,53738.88609849581,183659.5062364267,161546.5659119098,62523.71185500585,71061.00682397146,49907.09401929929,158219.8857792156,79578.8103860759,70838.98567810399,63225.47914378676,217796.8822075989,50840.77680815324,9017.242374013247,44947.99641483914,98833.04385836891,31852.07957191392,46105.7121999903,2300.408444351438,48551.72765726583,29258.27348556542,16408.7746879167,25045.2611996657,73201.74678063765
5269,31095.17417313687,23332.05310322027,95693.31587402441,46463.3026218018,79252.62893417102,53400.54048529219,16674.64734067435,20495.44237884253,54182.94741964761,169362.4091144084,165557.8009082027,65316.75411207,70681.45794411346,50303.51165456804,159017.0651013107,80301.02820062797,73158.30559408528,61390.75427299691,209748.6347353204,49929.04007841818,9384.69001946202,46320.16458519201,99628.76969264678,31711.37206334807,46602.61921487508,2156.248288779118,48938.4180793827,29199.39020487028,16608.23645496994,25322.48817162378,73290.03861842338
5270,30244.35495709049,23651.62286316128,99425.11697471935,45879.88763242259,78718.05710127864,53387.43069413399,17113.74277917219,20776.75028772261,54588.71732496907,183464.2696626574,162912.972619772,69297.22865077121,71916.1463322356,51423.33014106326,162195.3191065394,79624.63227697436,73168.73795196303,60685.28958893901,223727.0360714028,51345.76344110316,9411.174681378763,46681.11916492925,100815.6676882046,32774.79267446532,47104.98336306963,2114.006927586404,50170.37014304217,29163.96670737166,16669.60930650847,25594.20016839723,73174.15735248543
5271,30240.256216297,23613.61222034334,104532.7649062791,47072.64992251647,79231.22493162498,53794.08817474036,17113.72562519127,21058.64939030289,54420.96644049538,193571.7442617826,161380.3759392444,74480.75661123327,71916.12952403491,52194.00358292199,163800.924226094,79058.58849964342,73180.33114759195,60169.76865837704,225163.2810991867,51347.61041273891,9279.154355064351,46208.31832414098,102168.1945929769,33565.35915237985,48604.40895752457,2105.501649537588,50743.61697675701,29490.12310467891,16562.20681586906,26000.53021233719,73172.75124978313
5272,31113.96100203052,23758.14169559825,106730.9456646201,48873.46845054884,81070.30427585107,54477.44544352892,17525.32911167302,22598.51286408045,54413.8410890648,196527.7146579075,152947.23074844,79168.16564988514,72148.7694769644,53759.34552349836,163803.2754462601,78220.53737188184,73081.8147499847,60825.99256147473,225322.7995422002,52007.22267969364,8930.535157961787,45941.27727149452,102146.3121118545,35401.34449917159,51057.12829249774,2112.929251946009,51849.80270577592,30260.64807756139,16447.13271990479,27009.567956636,73209.07533220964
5273,31957.30800194505,23917.49113785113,107540.1530047821,53657.09924212666,84393.85158866712,54849.98368605135,18150.94451419677,24710.40394027893,53961.12973801433,200326.3714262636,140202.0845975522,81292.6737549002,73716.16691284416,55943.07763897994,163002.7479620625,77051.04558853316,72228.99734768196,64217.17663037208,225163.2689153597,52765.98016639414,8929.93655556716,45735.01849274275,102168.1959835689,36663.22378321485,51558.22507706166,2203.155136717678,50015.57204127817,31735.53730533738,16485.49075189288,27081.28150273942,73672.42575878264
5274,32389.23314573312,23651.34291896569,108067.1201712136,58033.21451768165,87081.95110711292,54476.58189611699,18048.16593941908,24990.95790914349,51512.93849116729,201386.6258895331,139113.4619351703,80700.3311649953,71470.06786107698,57054.19750438313,159815.9604425351,77052.04298593264,67143.60435861434,65135.93245566921,208379.9032634237,52751.60421905117,8755.79994901468,44632.6933824802,98387.54528737583,36126.54001865899,49598.08605701855,2319.554238232522,49019.69175475308,30647.18850979234,16646.59448695803,27411.21171152017,73646.77202906639
5275,32389.26972244254,23150.96478035035,105987.7297546406,57537.96326024502,88350.17884873292,53397.30640416053,16907.93721679416,24149.26529561961,50803.97530048023,190246.1544143929,144932.894018995,82072.75288186641,71012.97325898468,55966.11619359948,159017.3669449769,76314.86148935117,63495.81038304099,65560.79292927306,208513.4800564795,51063.78245438608,8049.055197800984,43245.35735756184,94377.58498302722,36621.94146046475,48589.06087297088,2394.6388028826,49187.76394580043,30414.36142584743,16600.56484785715,26679.11332639338,73809.55331860347
5276,32344.11030578476,23138.30198465919,102251.9107130329,56882.26674603796,86439.25369142095,51897.33075917116,17528.09741208929,23260.61438442598,49333.27258898626,193205.7372618404,144932.8903781183,87873.9427433161,72170.87833292737,52557.70236115747,160611.7390659039,78488.49549529019,68303.68631895265,64534.00160353207,211193.8374402595,52799.76723655291,9016.581595757389,42255.94056020385,94395.98816992687,36622.30747378283,49583.87030405781,2563.616674397407,50117.63477168004,29552.45415144374,16600.56484785715,27007.20559189546,73808.4510937907
5277,31954.31826706814,23050.57042341456,99973.57178332823,56039.33903966863,86101.36450818826,53384.46162978744,17481.8506629997,21914.66860636797,48333.76822581462,185645.5334523543,141721.3099085778,83304.45494904554,73449.05683149223,50936.93038745594,160542.317637624,79578.80978556075,74539.94874531846,62327.98849446808,211193.9704077221,53617.64232335862,9361.993332126513,44318.00689811345,95713.46372343859,34602.41261504787,47754.51281073358,2572.372343429,49013.32355793798,29228.54774199363,16347.40183637815,26405.69036568589,73689.82088137002
5278,29776.57942601922,22072.31698918017,97289.52629168482,53750.08783359009,84473.73606456784,55576.82514574392,15758.96348378944,19760.32480759942,47208.29869594076,183970.6696571942,135714.5078946128,79537.7727511465,73938.82946164586,47593.61278226296,158226.5548497793,79025.9541554238,71568.71729965805,58623.35545106972,205583.791451026,53617.63980287246,9627.079762701534,44522.43352253291,90489.04336601366,31005.72537246782,44137.72598368162,2405.581273906066,46495.47046362701,29232.64160085723,16163.28328176256,26130.88227732109,73849.39868137306
5279,26356.45342136049,20619.05902066505,89614.18790448605,49965.74206600398,81274.92424589684,53174.44609850813,14044.9795747614,18571.45323169158,44213.52754963637,190075.5481905527,133558.5141843261,76401.93485050867,70805.01530246713,44282.84608395533,152675.1783329792,76764.28990118092,68909.74237055384,54618.14065594496,199964.621908669,51064.1028608963,9549.388793590726,42557.27458090337,82685.54604288054,28642.58764626822,42240.41535601462,2143.561133711865,43812.55110799032,27483.90187221591,15873.13834153859,25868.96631141753,74192.69620674633
5280,23629.96364128068,19134.21576063521,81451.75996253318,47990.43608133949,77226.3025861098,48908.01353809732,12793.48173496244,16501.92537417165,37520.50493254809,153469.4686821854,121656.125698424,66744.28551800772,64038.61157726713,41740.45327989278,148230.860959629,73945.5727701006,63645.555792019,49609.04333569255,191706.2092283857,46714.11850013599,9068.022082813872,40661.4561673449,80176.37436433249,23788.63943510295,39313.23372602458,1922.961056985909,39356.83129436825,26691.4832111638,16479.55023235685,25527.14001325746,72172.88052013142
5281,22100.00824522871,18226.94169241519,78835.4912307793,47773.81380883765,77036.26753217423,47005.25259259216,12176.07498844101,15814.44780770689,37538.15648915406,153100.438364459,113789.4955040094,63498.09018852741,61408.50165877575,40922.20101148698,146171.9953114766,73147.94327006032,61590.72743362086,47986.52485375577,186260.7672911511,43168.46631278097,8402.527766867734,38325.43216091977,74000.150950509,22452.03050293691,38041.70602676516,1834.193941287399,38111.60713198924,26299.60945203348,16249.81488321591,25409.49723004089,71689.81776327692
5282,21005.32784660769,17786.2607434311,77266.13665733946,47336.99909962751,77074.72150518783,46037.51220561725,12060.47537719876,15264.37564466063,36150.09079649978,150461.7017708405,110062.3821316784,62308.13891997424,59213.21740746575,39971.40825719518,144007.4741676423,71292.01981783591,61302.37034512126,46488.08107411576,179757.6929895037,41427.41794375385,7923.835877480644,36356.57074187542,69503.68421815851,22191.22931020135,37785.79670153381,1786.016981587515,36636.59185672737,26300.49389959854,16564.6373981178,25016.44189044284,71236.86547375694
5283,20351.0924790523,17453.10654799814,75727.53502201042,46840.37728791636,76763.78864304507,45689.27276378503,11628.25068324027,14990.40538423005,35231.68142201933,147633.6507045031,106774.5402390299,60327.96734112443,56148.573521265,39634.1852358504,140930.2129481393,69158.34638576093,61041.99234082839,45765.61408056842,175434.5654998119,39668.88245665601,7028.887183968191,35017.47437105679,66527.13547430738,21652.52975178671,37281.53954134374,1704.970730158973,36200.2706287023,26371.50384147781,16607.18098099826,25100.88082360782,70913.02328623658
5284,20351.09942523152,17297.66647690513,73033.24000771278,46294.07538351395,76512.35690445681,45689.27278052449,11744.01028581538,14719.90182894896,34457.8996742841,145941.7818168718,107397.539450414,60011.22244224887,55239.63431984431,39634.36682169874,139570.1626987194,68853.29684463341,58260.09064003451,45372.99429383842,164926.2239440967,38198.72099805937,6799.368952116014,33722.60732963478,64276.83279538317,21923.9570512721,37276.37448743149,1656.976614751141,36191.51214135874,26222.45786255902,16419.98921672079,24994.22187758678,70793.23677528612
5285,20772.76419693551,17362.20209002777,74143.47108307676,46294.1185482172,77225.58299378351,46053.49616685548,13001.9547235006,16265.00050000304,34787.65836362809,148029.8525222142,112824.3152059794,63189.05126296894,54833.56257427526,42534.30502607485,141717.2165470396,68241.37137091495,57279.72331367832,44873.84984516418,163111.6555019742,37894.78233755284,6718.215324064845,32346.92430617549,64278.71812001924,23305.59633458781,39456.93355352635,1654.60596867108,37287.25201626661,26608.91763172486,16590.16354824267,25534.12756542401,70816.07138114907
5286,22580.6039975974,18082.73388696247,81234.48520579486,47413.29358030359,79888.74474563122,47095.08420716348,14682.35135768284,20723.40300352424,35417.27106337317,155604.3511565229,118346.0200979626,71135.0220847341,56439.87241074965,45497.7955591469,144176.6478140812,68242.26842434233,55949.01002451721,46217.18603318415,161727.6114494964,39067.45283793943,6835.05589753711,31766.80439666603,67978.97236677435,27149.11155581416,44186.47057141736,1654.629540328436,38680.8054763995,27965.28155210446,17024.10809639969,25471.2574112822,70794.45012282682
5287,25168.67892806292,19244.43514269687,85863.61298416354,50534.9678111945,81590.02770195062,46404.53805534439,15411.87759904919,21281.18001056603,37487.74199545679,167720.9204241358,136440.7023446737,69446.9970048715,57025.24444931219,48004.20792334877,143340.1096424396,68852.76664378957,58003.03242737734,50034.87492738235,165732.7240707706,41419.96940710847,6799.867902150054,31390.36920101069,71071.30665537828,29756.98127250495,46456.51219604603,1808.291814118823,40617.29638471713,28795.11396450089,17636.73569146485,25657.13136768697,70994.1329899276
5288,28433.01487917174,20758.59394326182,87361.42702466242,49926.51375404165,80281.49680144517,47154.99159610648,15835.41531929706,20479.71306921633,41464.68744067773,173408.3288502713,154526.5047318564,68688.07347088365,59985.56377608774,50395.00951608623,148320.2322798175,68854.26704176526,59981.53806880832,55846.35528783013,183356.9003458024,42011.24460520122,7042.127477481298,33418.34255140112,79494.50722762926,32818.13765278453,50493.37405119379,2062.652252803145,43656.72960385228,27899.34751682759,17585.68339319812,24853.65995929831,71495.42079629787
5289,30828.89375360433,22641.62220147065,93714.20590847179,49965.16546692632,81013.1347215624,50004.10951715607,17072.95955781608,20761.95743924953,48413.86863203877,178145.3254617261,162540.2765299384,69601.37796834792,66509.04715318212,51944.31650039538,152329.6508164927,73114.83672273332,64635.78679800643,59660.60416103237,218416.1655242808,48231.25662577413,8131.638580135579,37886.20447576016,92255.52314491796,34146.60913700676,52526.5079621645,2317.417744295974,46050.54824093195,29276.13620469072,17126.21269491622,24359.4292588711,71657.97621129145
5290,31705.83017687008,23571.94457830433,94695.2969212076,47993.60030724478,80862.8011349342,52845.62647052093,17924.04565979493,21050.69789716062,51647.13020602863,184018.0612383005,160466.6271312651,66399.53012723158,70661.14151047336,53235.8026536488,156267.7192687818,75242.29878544486,68325.19210871872,60857.72528313291,227351.5106868516,51113.42569391112,8824.898916406248,40930.72551334012,99768.6671364844,34918.88258954694,54087.43968624323,2364.293227407738,47636.75626961556,29637.24529461035,16760.33788174758,24612.18920312147,71775.73360256816
5291,32592.17814966074,24305.91361493136,99765.47298761396,47998.4945983319,81758.26800559489,54272.58146916376,18578.26170729182,22254.82557989028,53064.59022330212,185730.0134085291,152299.6376978496,70780.28123306255,73681.97767306524,51416.71711394372,159658.1758141375,79219.61447351381,70833.50997348134,62342.80406816706,235359.7330897441,51953.32124133848,9149.043844395996,43921.51329649529,108869.8414397228,33725.34643172168,51007.24672843172,2426.176815916297,47790.71881815817,30373.13296715425,16539.11124997594,24607.54413012508,72034.11065619138
5292,32605.4850728057,23796.71186037183,95010.09489597115,48711.96464815926,80225.76523706598,54263.82636951755,16666.58963050103,20553.09187241629,53499.14534315848,173060.1201711202,162765.4200298781,61908.39873963498,71534.06462466941,48694.68018281314,158025.9488720454,81074.75533329313,70939.00219917999,61784.44183794122,222667.940311498,50591.88343848802,9149.04994619479,45725.40534447362,103538.7832839729,31880.46817998155,46446.0039820839,2333.54184530159,48907.32210327021,29179.02663610834,16539.11124997594,24970.39945816187,72098.83630426665
5293,31276.02115156007,23345.28739201594,94060.62413020992,46280.61746177296,78396.72167345203,53559.2676505049,16643.78957546626,19936.83773193553,53930.13403295994,160202.3891729476,166826.5728570831,64174.30949873461,71164.36367228192,49036.87130088532,158842.0837640912,81889.51838767403,73284.75932526648,60062.60024834648,214818.9338818274,49648.94170549024,9490.082221100369,47390.97069045375,104467.2453407517,31739.36584142543,46955.46268477658,2191.131165415079,49299.51082105565,29118.52687779286,16760.33788174758,25223.57421846244,72156.37686649621
5294,30410.66537477695,23670.77690892118,97631.6288581128,45728.62152678038,77885.39554352315,53546.34652633547,17087.89510120586,20211.98429109643,54323.95856017103,172884.5391195889,164148.8309918075,67403.54817593464,72367.01634026304,50003.50826614531,162095.9112500252,81126.44885709399,73295.31059836382,59400.53998397659,228451.2882970385,51114.15368963041,9514.662932435564,47829.10462510732,105852.1315750191,32805.77044645864,47470.51636595237,2149.40243015599,50548.97983447147,29082.13092613971,16828.40761475294,25471.71248281687,72080.85603284765
5295,30406.49660548225,23632.06215139735,102519.1977343499,46857.14915724946,78376.2484178231,53947.15167555094,17087.87775149771,20487.70909533065,54161.1460600307,181974.4395628244,162597.1619053936,71608.78773004394,72366.99996817455,50668.76022084055,163739.6949315585,80487.87203492374,73307.03594124268,58916.73699384971,229851.9778877212,51116.06387551879,9392.133389044984,47255.20944740136,107430.2755258099,33598.55528043627,49007.81689754636,2141.000369095867,51130.37758272286,29417.24104529747,16709.28558149779,25842.78933277422,72079.93966342918
5296,31295.12896036826,23779.26891178661,104622.6629697718,48560.98694892314,80135.35592378225,54620.67454220499,17504.17764152981,21993.84569161112,54154.23047037861,184632.8164254531,154059.0704035204,75411.54099885651,72593.60375157556,52019.9768700393,163742.1020597457,79542.43274663115,73207.39658570083,59532.58606551646,230007.5473193494,51798.25196098684,9068.576007915377,46931.06964234549,107404.7427951192,35439.6924637143,51522.49101772225,2148.33783279872,52252.29200801819,30208.9186503007,16581.65483285639,26764.28296394118,72103.61238536715
5297,32152.88485544543,23941.57016640966,105397.0030697932,53087.00153464025,83314.37973411477,54987.85147366099,18136.93132760573,24059.481049152,53714.84639715785,188049.0418637411,141155.3172273408,77135.09020788567,74120.33286491432,53904.99324591326,162922.5393919909,78223.08188284023,72344.85818169815,62715.12414561832,229851.9660055152,52582.97859982953,9068.02043832898,46680.7085848486,107430.2771483687,36705.11262336873,52036.24532212989,2237.468768754527,50391.98068069337,31724.29688278376,16624.19841573687,26829.77464289577,72405.58190738593
5298,32592.18959993826,23670.49177899838,105901.2642005448,57227.4468216831,85885.58801531774,54619.82342236626,18032.98004734972,24333.89018147724,51338.72695688504,189002.5547735286,140053.1471956231,76654.540569174,71932.51200003535,54864.12148650423,159659.9754792857,78224.20708708627,67201.4983714116,63577.35260061167,213484.0864929502,52568.1106228588,8906.402303575669,45342.68417696215,103018.9704267069,36166.92290616201,50026.59391384786,2352.455292729193,49381.94011516314,30606.07048105931,16802.88146462805,27131.08010727394,72388.86314755287
5299,32592.22680157427,23160.84456257241,103911.4708518705,56758.86667567782,87098.66723702376,53556.08011201767,16879.74129347627,23510.63275013019,50650.63479006647,178983.6548389701,145944.9992266789,77767.9448244857,71487.27735782563,53924.88032474786,158842.3927850867,77392.56289930029,63512.12432096904,63976.07310899565,213614.356481685,50822.52165198654,8250.464584912055,43658.7077837919,98340.10261646935,36663.71446103584,48992.0811260412,2426.628658166743,49552.40210059684,30366.85177344513,16751.82916437827,26462.49857690635,72494.94913642024
5300,32546.29581959372,23147.94719940219,100336.6213086603,56138.48184323422,85270.8381125721,52077.69107239365,17506.97752830607,22641.44552576978,49223.2277980093,181645.2804679015,145944.9955404935,82474.2748090724,72615.13896229402,50982.70813963457,160474.6763663689,79844.72711638405,68374.8037470767,63012.45614568771,216228.3593949365,52617.92206261802,9148.436670495255,42457.73375887604,98361.57566663838,36664.08150139951,50012.01907621377,2593.555875140557,50495.49462642506,29481.2832185648,16751.82916437827,26762.12555796183,72494.23080687788
5301,32149.84403984328,23058.59048588796,98156.45176848145,55340.94891062385,84947.64194364492,53543.42019069622,17460.20310293642,21324.97934064148,48253.1476414741,174846.2032815244,142693.4485441883,78767.1874814729,73860.15332886868,49583.64380828866,160403.6042144646,81074.75465582777,74682.15139928852,60942.17019772301,216228.4890706793,53463.78965418955,9469.017171396765,44960.71138781428,99898.82129757783,34638.51874991702,48136.45268774948,2602.205288528746,49375.48136987061,29148.48485445809,16471.04151697058,26212.79779184618,72416.91846078461
5302,29934.89772588518,22062.2157419866,95588.05680799435,53174.98234662299,83390.79045647309,55704.23273701237,15717.65774848947,19217.82108177631,47160.81058128239,173339.9570867229,136611.8948571022,75711.39206815897,74337.21812191681,46697.6632473687,158032.7765217771,80451.05591458114,71677.05180570301,57465.46840451942,210757.1947479856,53463.7870474375,9715.046856401792,45208.8485395026,93802.90752731031,31031.73908225386,44428.30716025474,2437.438335306059,46821.82728342059,29152.6910988946,16266.83231795452,25961.83205280208,72520.9167075287
5303,26456.33760448779,20582.03741035098,88243.43448505277,49594.43759144508,80331.07805306763,53336.42705675348,13984.1172507056,18054.98877927371,44254.20189657849,178830.2244667742,134429.0708739502,73167.38156496064,71284.71516185801,43839.78090971222,152349.3977026467,77899.58122281685,68987.76804409124,53706.67845224873,205277.1324090371,50822.85302469553,9642.940997883848,42823.49905884865,84697.69708597825,28661.97031230372,42483.07116635286,2178.597977088663,44100.75988214212,27355.94455742218,15945.02734851295,25722.63991569449,72744.64670474468
5304,23627.34687789664,18718.35626728342,79235.59278317381,47476.75815973555,76955.88728526006,48504.83080650395,12991.23842792201,16342.30970454219,35659.98063101137,146546.7093721172,113372.6069626794,62263.901827061,63525.93113767022,41034.96139829428,147701.7334924075,75762.55963284418,61859.67737999457,48421.17116107918,187743.3030577093,47812.95876117668,9285.105347728608,42688.52591553659,81220.88965278426,23704.78866274111,39611.97366363074,1939.669563658356,39748.38868492065,26800.25649953004,16363.50442844174,25206.47951657145,69936.4542544524
5305,22098.56614959258,17882.79840236408,76777.62485465415,47266.02474074979,76771.42501286173,46692.24110966484,12386.42855658244,15657.12019712309,35673.42995250134,146266.7127221873,106336.658074916,60025.58565504176,61055.87511823566,40236.67490917081,146011.5112588736,74771.82997245321,59916.51096651131,46680.01326591335,183592.4331502793,44198.06624337348,8590.611406515369,39970.95596725288,74612.34714652551,22432.11102452953,38413.40146978853,1850.241674233575,38510.60674932741,26417.50355301266,16115.04786599755,25098.42673616142,69693.41072781685
5306,21004.72622368193,17476.95143093444,75303.2261573135,46841.08479310734,76808.75132239221,45770.36163826327,12273.18751022805,15108.87878121653,34615.81547880753,144264.6078251892,103003.1113670461,59205.09061454655,58994.18368808108,39309.08199068563,144234.5513268128,72466.60127737487,59643.82356312194,45072.00248118073,178635.3670873922,42423.01827200872,8091.060007019784,37680.51776541356,69801.13978925787,22183.78420430128,38172.17526484952,1801.706089958241,37044.40707411792,26418.36741517155,16455.52537685972,24737.4124764053,69465.51669069538
5307,20350.99316435582,17170.13167494711,73857.71965085017,46357.96359270594,76506.9365722903,45438.62515513378,11849.78144442839,14835.82034709592,33916.04813179593,142118.8631902117,100062.4510161696,57839.7229707509,56116.03702762679,38980.08738577551,141708.2789902652,69816.38140130676,59397.59482548372,44296.7083173139,175339.9982248133,40630.14169001565,7157.112968783329,36122.70498387391,66616.24060771849,21670.85116516786,37696.850495203,1720.056538161819,36610.69357057219,26487.72460955637,16501.53585106869,24814.96811776185,69302.58186243242
5308,20351.0001052019,17026.97848841309,71326.44652330925,45826.51284766698,76262.8780741735,45438.62517107998,11963.17921783179,14566.21708025583,33326.47749388177,140835.1810700646,100619.6642701404,57621.32107018776,55262.41082364781,38980.26454083507,140591.7480634628,69437.48163861192,56766.86514506961,43875.37996323109,167329.8570382258,39131.27057242645,6917.593234955568,34616.34556756965,64208.42276998709,21929.29583521467,37691.98179277321,1671.70515925356,36601.98742934508,26342.14765711042,16299.08976497811,24717.00379425583,69242.31363506106
5309,20772.34113151496,17086.41283245623,72369.50159764849,45826.5548389423,76955.18879499231,45785.58812455601,13195.45796728713,16106.1733624333,33577.73185779416,142419.4758399763,105473.396541504,59812.49717617564,54881.05035182364,41809.44275057817,142354.3682491376,68677.41356599043,55839.77220630132,43339.73780734029,165946.6749883216,38821.39652622004,6832.903250926346,33015.97038622117,64210.44006229675,23244.84997946315,39747.42853229294,1669.316866315968,37691.17848766743,26719.61262360096,16483.13166181403,25212.89745755527,69253.80241795622
5310,22578.79291059618,17749.98961806237,79031.46452323705,46915.30521641346,79540.25327828861,46777.81563199624,14841.56967216457,20549.73743532793,34057.45519336521,148166.5219243531,110412.0338529276,65291.40192082581,56389.60908268325,44700.62257927084,144373.434142598,68678.52778937036,54581.37154285639,44781.29945096541,164891.6666209189,40016.9672121474,6954.835277121048,32341.09871189426,68169.70219308606,26904.52616182532,44205.60239881025,1669.340613438436,39076.40321374436,28044.40734378653,16952.4385017481,25155.15235178602,69242.92410701555
5311,25164.88077127015,18819.86327026526,83380.50079697731,49952.11706423361,81191.64607985895,46119.9942472679,15556.21147785517,21105.65805201074,35635.01743463539,157359.8012854586,126595.997797054,64127.47509217262,56939.35862634097,47145.87718322407,143686.6795609296,69436.82308009331,56523.77579743432,48878.13978494146,167944.6238734495,42415.42427858664,6918.113927269986,31903.17984959853,71478.49159731343,29387.6589555161,46345.39752221093,1824.14673416404,41001.32045930801,28854.92551082389,17614.98933207311,25325.87423753379,69343.39061481439
5312,28426.71043352246,20214.33417918363,84787.68761603338,49360.20376612866,79921.48787266572,46834.88402843307,15971.10780921828,20306.85854851558,38665.18746636745,161675.0437726143,142772.0195554887,63604.18223791205,59719.52934131424,49478.34197843407,147775.1027249063,69438.68671324229,58394.76696591959,55114.55867621733,181378.9169549805,43018.24603791501,7170.930222220962,34262.38481400938,80491.29364328134,32302.39727462723,50150.63933706114,2080.400607072989,44022.58815290919,27980.00791491433,17559.77676430911,24587.90020051581,69595.60371671645
5313,30820.74980227475,21948.51696487541,90756.08320317662,49397.80473629561,80631.67049699018,49548.98313845187,17183.40258230392,20588.16355439285,43960.00502954071,165269.1744394624,149939.5725452732,64233.9238335848,65846.02970922133,50989.84506963639,151066.6280171529,74730.70857663183,62796.09799369699,59207.70745303485,208103.3684289514,49359.72391721824,8307.917934283092,39459.98863371489,94145.54648713044,33567.32668687609,52067.11962566696,2337.062547963933,46402.09985496502,29324.75201868099,17062.86363942073,24133.95819162223,69677.39027710259
5314,31697.01293209938,22805.30126644691,91677.81200534254,47479.83636649502,80485.74544562248,52255.84148827753,18017.12407747201,20875.94302790418,46423.53701940701,169725.0314907084,148084.8913387552,62026.18613584639,69745.45063774675,52249.81829163672,154299.5785796194,77373.21335708244,66285.0164019926,60492.36270745581,214914.4694883909,52298.1766612885,9031.387829798161,43001.7753858579,102184.5904298708,34302.66155557218,53538.49092340317,2384.286967586734,47978.82772719519,29677.45633980647,16667.17356079456,24366.11365416566,69736.63759281299
5315,32582.68038545809,23481.25313440249,96441.2103565588,47484.59760679775,81354.95273342884,53615.17353390469,18657.99223407087,22076.06313952024,47503.54802903297,171023.951523777,140780.2998173162,65046.80105594201,72582.45546962685,50475.11938156129,157082.9680834142,82313.40754587468,68657.02913445568,62086.03124207799,221018.8572988416,53154.47388665066,9369.657719066596,46481.0525588842,111922.8225516564,33166.21338295703,50635.02792133758,2446.631211474843,48131.87010069028,30396.21631903312,16427.91909405003,24361.84723816678,69866.63492633375
5316,32595.97709182583,23012.301639197,91973.56271188913,48178.67204894806,79867.39063746203,53606.83333570432,16785.32377147062,20379.99313278736,47834.65035856249,161410.8452529926,150140.9418887961,58929.46181854217,70565.25249376969,47819.50156182656,155742.9941661393,84617.66418870659,68756.78878057087,61486.84126899383,211344.3476223484,51766.44960594713,9369.664086757792,48579.57672047261,106218.6046072798,31409.57743678869,46335.49223027802,2353.306675200213,49241.79987662324,29229.90266313237,16427.91909405003,24695.12333049448,69899.20036332667
5317,31267.53390516782,22596.5603784644,91081.54093179324,45813.42077810199,78091.98381081337,52935.66343497803,16762.98890320135,19765.79000593865,48163.03530370199,151655.2196790025,153773.2549645905,60491.85230391609,70218.04949042178,48153.34303933004,156412.9987103099,85629.67530931481,70975.07452836615,59639.09770778087,205361.3245789168,50805.09388484891,9725.55720711204,50517.18109383903,107212.0565206187,31275.22415913352,46815.72009736577,2209.835904142904,49631.64463300091,29170.81102910656,16667.17356079456,24927.65979411895,69928.15076567182
5318,30402.8425304477,22896.32131655947,94436.47729106144,45276.43079409091,77595.65232927883,52923.35463885919,17198.03339760817,20040.02082383861,48463.10360902666,161277.6255584081,151378.2707803739,62718.47652730938,71347.51538876709,49096.39356182698,159084.2228213854,84681.87232955034,70985.0524320769,58928.62724521504,215752.7914904631,52298.91887347959,9751.209049184848,51026.87603313032,108693.8810810782,32290.62160370411,47301.22192398966,2167.796544260352,50873.64604978585,29135.26218866507,16740.79031995785,25155.57032680549,69890.15394334601
5319,30398.67696184685,22860.66679796299,99028.31734189918,46374.27952054901,78072.11093379145,53305.16575686868,17198.01640188401,20314.82796229987,48339.05122623386,168174.461807483,149990.4510770297,65618.07274559524,71347.50001299311,49745.41302416329,160433.6842241442,83888.70081554503,70996.14060514774,58409.44832346943,216820.4881693789,52300.86636192758,9623.340150134385,50359.24578442183,110382.4908804669,33045.48677468685,48750.31789871403,2159.331939079568,51451.56900689039,29462.57266181354,16611.96099088595,25496.39773914134,69889.69289009362
5320,31286.62704340011,22996.23748241321,101004.5096285215,48031.79866246211,79779.63257899383,53946.77058461462,17605.8225756059,21815.95184306612,48333.78200320726,170191.4684869703,142353.944221924,68240.14667395157,71560.31394722486,51063.65928706166,160435.6603519137,82714.3777182133,70901.91577689938,59070.32860637576,216939.0733052971,52996.37637689394,9285.683410707748,49982.1637891857,110355.1709270318,34798.56059130468,51120.70941969527,2166.724022144489,52566.77818036074,30235.82406981613,16473.92956825901,26342.77306498204,69901.60335461034
5321,32143.72437144447,23145.70950474556,101731.9972556596,52434.77402142187,82865.43145619016,54296.54711563206,18225.66626474826,23874.71236440089,47999.00032982678,172783.4822922844,130812.7702294848,69428.56809542494,72994.13479628341,52902.68028674497,159762.8417811357,81075.6218382538,70086.24878936373,62485.57556135691,216820.4791119889,53796.42734223961,9285.10363158352,49690.91092354611,110382.4926166005,36003.45448463249,51604.98642293185,2256.518440068974,50717.58521967898,31715.93206392724,16519.94004246798,26402.92599413997,70053.53338135425
5322,32582.69182694432,22896.05872495913,102205.7473991152,56462.66174222177,85361.23900610101,53945.95979908002,18123.83588989174,24148.20820976512,46188.5540919025,173506.9470256168,129826.9844715249,69097.21957242697,70939.45257226491,53838.4053013451,157084.4455154405,81077.01944606614,65222.38558883844,63410.85061896752,204343.8171072798,53781.2690199151,9116.442814072578,48134.3451900857,105662.4062426202,35491.00690051048,49710.64129880646,2372.360912480399,49713.58127886157,30623.73224150636,16713.18403500354,26679.66964375987,70045.1216661203
5323,32582.72900001771,22426.69697977622,100336.349131245,56006.81989781634,86538.74465677401,52932.6269529471,16994.12652684413,23327.6907392613,45664.27326087706,165905.2452604516,135096.6830235439,69864.93392652838,70521.31244043277,52922.08211055263,156413.2524005678,80044.0403954045,61733.4967420905,63838.72578271207,204443.1173628538,52001.5917767637,8431.921909070626,46175.32266843714,100656.0302206785,35964.03643631919,48735.48498694519,2447.086417194803,49883.02447844746,30390.08131932011,16657.97146509493,26065.5895335161,70098.49674522772
5324,32536.83328288428,22414.81909897803,96977.80059230971,55403.30016128228,84764.51665583633,51524.29830952363,17608.56533663088,22461.39633902788,44576.68331276398,167924.716896441,135096.6797266031,73110.0419518197,71580.53864448603,50051.70045108358,157753.2728156888,83089.85530306728,66331.93208182589,62804.64863520461,206435.6803459161,53832.053189194,9369.024086914946,44778.19194126829,100679.0063268315,35964.38592078842,49696.90271086365,2615.256224043344,50820.48050229536,29525.12426152729,16657.97146509493,26340.79152639408,70098.13533184442
5325,32140.68589051693,22332.52565824669,94929.54509643698,54627.44807690673,84450.79822065246,52920.56698135462,17562.74524420527,21149.31160939735,43837.54623904745,162766.0111116971,132188.481691769,70553.93159053041,72749.78834345081,48686.77401427207,157694.9262541046,84617.66334723204,72296.53056804443,60582.98227905519,206435.7791931988,54694.43908218401,9703.57422537957,47689.98427170677,102323.8550335487,34035.7077887124,47928.9493094335,2623.970022818728,49707.16113501016,29200.07173762091,16354.30233488672,25836.24385366549,70059.23714526238
5326,29927.44016600416,21414.91015171392,92516.55427327454,52520.36308435682,82939.60143267567,54978.9792940025,15855.75283188661,19049.16638302948,43005.25747121419,161623.1676425954,126749.1131383942,68446.89994339348,73197.82161971965,45871.2128742534,155748.5993135125,83842.9717867137,69454.73184769796,56852.06220401997,202265.2029166487,54694.43642452667,9960.324916558166,47978.64999801186,95801.24363073966,30601.44387013127,44433.56330835469,2457.976560513368,47168.76925870522,29204.18008224547,16133.45205739684,25605.73633633267,70111.5618179761
5327,26451.55081029985,20051.73369842046,85616.32804736299,49037.15505881232,79969.6151531502,52723.38318756937,14157.58155122955,17890.2042125837,40790.61343053579,165788.8320874715,124796.7856999763,66692.7541594405,70331.07705599436,43083.06434629297,151082.8391895771,80673.80407822238,66911.58713172581,52818.42753389039,198087.9430880126,52001.92962059689,9885.076968278545,45203.69817947331,86058.69285200699,28345.02342532682,42599.9376829675,2197.209419988554,44463.96463268578,27449.25259126048,15785.42308935215,25386.0426606134,70224.12716640336
5328,24286.63911381713,18417.69875417225,74893.54469663424,48172.26723635378,76636.71706712252,47597.2756967678,13359.14756973621,16343.82144680081,34226.29140530866,162528.7513820753,138590.1698008264,61735.10659415604,61541.37130403,40376.25802301816,145895.8837159344,70786.61577734165,59152.75099129714,50146.6479125108,202457.0107318907,46092.98399765394,9084.8893603552,40269.80134753979,77578.8928853982,23730.90416146991,40745.78427421269,2075.089092885185,39426.39322721975,28819.23474585928,17165.71318396573,24976.62669409412,68929.91111633489
5329,22262.71103853619,17425.37929969102,73377.02822143657,47330.45096563797,75748.68166614464,45473.58127380782,12800.50412765114,15550.25249894543,33552.04271853205,161703.224596283,130966.817351535,61322.49500967994,58471.4015682086,38975.38039163619,143278.3610524506,70356.0330095316,55944.85655348672,46506.56942706597,195558.854803576,44369.11372967517,8455.746473394805,37999.73018299109,73386.0639673487,22428.65341856569,39071.97134042837,1924.250721774088,38154.38057289975,27401.39177105756,17002.35818693174,25489.79705302368,68291.9981244583
5330,21458.78084394404,17137.50140459101,70436.77532142817,46077.77009991197,75575.11274765982,45003.58043023423,12113.49797290746,15254.2275038308,31967.15060750976,157139.9512309633,125271.8563735813,60515.66949602423,57148.08753215362,38768.65880583361,141522.8768330748,70760.3611820626,54402.9766976226,45987.77003931566,188181.9728473947,42187.14620881472,7973.49718893344,36454.31721849064,70602.26445132802,22015.06770516913,38247.452373131,1848.127042281751,37019.21895080255,27305.73204474365,16745.60627084573,25310.02537104686,67392.49753539386
5331,21170.32888347514,16894.43834973274,68527.42431509013,46101.48654073478,75531.83678439747,45159.02204360621,12272.22212694417,14967.93150139459,30922.42318494227,154266.1320546082,120733.6829052068,59850.8060626421,55485.02622063597,38571.75773630246,140033.2490970165,70079.11900774999,52917.05018503285,44749.7172947479,180462.7562470302,40914.10060890266,7579.284084592982,35353.0642163603,67759.47157948109,21390.87736432063,37581.17905658905,1774.160073899997,37030.80984180985,27218.83629839536,16795.57039917738,25489.75077216919,67134.28844039218
5332,20351.00740828302,16611.4064118468,67554.10930884813,45868.48871311478,76477.1137752628,45150.90237881028,12420.21740111665,15238.88469463196,30902.90424276931,153077.0967218608,116938.1711174541,59847.718984943,55030.20975282617,39572.09851968531,137950.6975966369,69861.78474175473,52766.3137091631,44307.62779663046,176627.4408465221,40280.02877298239,7299.272443542511,34571.79278346068,66364.49897166697,21396.93279456877,37114.2452164525,1703.085394248177,36465.26620154698,26885.7979155793,16764.72691847169,25660.8870658469,67131.40337570792
5333,21129.86731540624,16749.97330221112,67485.58422892287,45868.59942486056,77696.76825485435,45976.72337534883,12893.13230022323,16323.86658356775,32271.84084786929,152973.9166846214,114378.2846187214,59848.75936049948,54882.95317498787,41712.68527501717,140375.9759113025,69626.26074283723,53503.28865553476,42903.90338688978,171902.1512479715,39750.41773855637,7142.859686276066,33767.47919292665,66328.26826466684,22015.88848800424,38087.0232158617,1690.592841532563,37046.01737163102,27733.99799435967,17202.62801749854,25917.67581124252,66951.3354623961
5334,22788.93318022277,17171.15372371843,69724.76381722612,45949.95375075828,79543.88221450841,47951.01356973019,14844.30432188041,19696.14819656977,34452.36778811346,154562.2665453942,116935.7932308883,61704.57804831595,56394.57325205855,43587.22287352083,145064.8192464185,71242.59636638037,53440.81205771164,44285.83194636952,168977.3391459964,41005.16096373591,7341.415984521406,35981.42162456136,71159.28746341757,25915.94870358879,40715.42440503018,1703.683425143563,39379.2373903175,29082.57202024288,17481.85655478127,26003.09326707352,67100.0212623036
5335,24767.32858771584,18456.638455492,81211.48642591095,46852.89601522494,81035.1173306383,47098.6135767032,15865.50046303874,20692.32141601783,35360.79038251398,150238.3051356834,109545.8556433177,65126.51351082308,60271.9683605572,44892.92450509376,147454.801572218,72889.79463662436,57518.6008640368,53093.48943546628,165560.5544415604,43677.3148399229,7632.773728515157,38638.38687928056,71983.61931210935,29330.83662409983,44964.27185842663,1863.760339436655,43170.79199364316,30121.90084345924,17724.41611344903,25524.12039722908,67032.91729152591
5336,27140.10239414312,19029.18232529136,79226.57722045598,48173.07288690135,80682.6404742725,45249.86412818373,16288.14107836922,20056.83315956327,36959.9378201269,133863.3824109437,104206.5211425592,62585.95963352569,64414.86721907078,46998.80102674027,147631.431475623,81296.33021941586,60255.20367326735,51910.02958693261,162308.7337069528,44885.6563706361,7917.571520223782,40905.30746573955,78497.92882757277,33298.99293536002,49213.90274622829,2074.5354557135,44246.6008024828,29888.46421542022,16997.82225319239,24815.02906153579,67468.57045188484
5337,28914.3752265832,19952.01863644077,79797.0850819256,50476.03063268687,81525.044784315,46679.27861277423,16333.45082657285,20121.87254245064,39891.0671140617,133032.9258161632,108078.6798062027,59825.24902172854,67601.48232983111,48818.52276850429,147631.4314630463,83304.5585895628,61660.27066677542,52396.4702219627,165712.8055504409,47054.82844828255,8649.046119265255,43332.23398205914,87243.94157514899,34520.24561294177,51753.98233957818,2299.62609010782,44978.03619325347,30480.20485208461,16413.1110984714,24065.13020339956,67575.73310730365
5338,29994.11385753318,20598.01356591342,80439.80217532898,49100.14159443774,82112.26987276674,48117.87739945879,16462.72933059177,20985.75126796374,43009.09302320384,135941.772582696,114898.0983222571,58975.75711262997,69421.61303501416,50018.36857638272,146664.0063060728,82289.47761184697,63030.26233872122,52393.38285557222,174512.7867322517,48522.09012215663,9325.701142215014,46190.91893853294,94093.9084674204,33266.82572738984,52768.52422553399,2432.450897750025,45206.4921407313,29859.41606401983,15947.01786060636,23692.69210540556,68088.93721316502
5339,30519.86217143263,20797.01513730165,83688.9688040659,48172.26700226027,83881.35660071195,47740.13774786744,16927.8112866722,21982.77781309852,43800.98476318668,136447.6401751633,114136.2846431471,59088.55018368617,71219.95171612308,48500.86655869227,145208.6353207965,83162.65652266725,63951.9341719433,55871.93662934324,182368.3560016011,49969.31724103911,9278.273991151918,47829.96298381474,103625.7931450612,31989.18250599425,51216.16068232799,2470.237175903548,45539.66419619862,30122.02170493205,15960.68664452014,23777.4235543641,67941.79114543542
5340,30008.41593179907,20267.59038504951,77709.64790149573,48172.61565931234,82439.1391221288,46759.36084552263,16082.55358015807,20699.27488245602,43272.75061836059,133567.3344080344,109551.71829553,55228.49133247382,67576.10756396288,47208.85233329763,138387.6487618994,87228.6240711318,62860.95427516243,53506.49584960376,186195.1235538811,49992.31185105562,9066.506720765166,47873.29706763198,97322.32223056127,30561.07975411671,46946.37963605162,2430.735580473343,45051.86638626709,29747.59964509376,16458.14113327995,24121.34279703371,67974.13663247986
5341,29480.99584464716,19541.61422152378,68882.60254063694,46275.60084831018,81469.18134129603,46302.37810300705,16206.48049855789,19837.09879042888,43226.30629365186,136597.5236659727,105671.7682575146,54286.87947993883,65175.13240546856,46363.59538064063,139364.6903916852,85444.67750933811,63967.37527954517,50146.59611973727,187984.9017516978,48757.53675218833,9119.602245413176,45920.78969451096,94278.8736005448,30232.59168687115,46440.56466312974,2250.373280451118,44775.27494837839,29565.27883214407,16713.44542130064,23779.40815794416,67324.19751414008
5342,28701.65872842344,19341.50827258029,71380.40490958048,45469.69708162967,81802.5194114517,45848.28463050167,15502.58519063131,19963.99344033097,42649.6486921485,136860.9657392596,101145.6445904257,54814.2441149106,65705.7862034545,43903.12573524615,143275.1015185822,82526.01902546278,64013.80876915745,49471.92928437074,191934.1703321917,48999.79146694356,9278.637092397375,45570.46728927563,95824.93273098157,30368.86685078259,46412.58527006805,2229.00868741804,45325.62608312015,29411.73429179233,16808.01938020694,23779.22923319017,67000.7706463798
5343,28188.8442922734,19294.4826805204,74400.83178023205,45033.18962767333,82268.56737471776,45992.69600199043,16081.43553583293,20409.36564849297,41856.50800339549,137962.3888526245,100304.5949644668,56432.25996654448,65663.19793446321,43576.28331969334,147668.4807656425,82340.83040247773,65492.3972291983,48797.07346829696,190021.0389619634,49968.81375642908,9327.071823561346,44230.67434420226,97205.4351263032,30766.86261268557,47959.06825352805,2184.238170409389,46457.08360623791,28967.26586300437,16744.99738308562,24292.93436867548,67208.85962237243
5344,29482.25770605742,19900.24949326693,77781.82878370662,45869.44845066116,82644.17388242335,47414.51478309317,17080.48828452021,21630.46876221255,41969.15596619616,140752.7472276919,105726.5540131964,58974.90968467389,66990.02742857742,46293.59764248479,148597.4931188954,80219.74666170529,66115.60991309218,50594.65061777044,191934.6914692584,50217.62779559064,9373.161321188487,46021.03593135337,98609.38073394532,32833.30134874525,50995.75009313281,2229.51661250747,47503.23969865924,30841.95441637667,16723.72419882493,25224.46805113699,66435.74621550937
5345,30990.81811655254,20652.95848024787,83502.3296615343,48587.65178610141,84847.3185696766,49733.30004453094,18038.15599467275,24141.51288303448,43781.33589527112,144989.09641802,111079.0058893837,60922.09048996001,70309.9305732273,50826.61785332375,152941.672675958,82033.29185996218,68554.23949799925,55562.85348799659,192810.8173964004,52624.88168164885,9717.897196444092,48217.17328075792,101411.5922977843,34728.31774079746,53270.20631493641,2301.14696825728,48861.41273298426,31330.7904761832,16996.33251814292,26431.2989482354,66403.4615113395
5346,32104.33634594767,21596.1956893395,92844.21715180829,52878.61381380884,86237.31460525758,51458.47851494703,18940.13395166333,23558.13855617045,45270.83239351889,147546.6294282524,114896.3586524229,62311.67267329193,72745.46830024834,52995.33855635854,158277.1015906491,90039.29178253624,67922.8993391499,58328.0647209181,198631.5888386786,53358.39128395689,9859.608948149973,49448.40232691331,98781.20575146194,36193.02753007692,52042.07362975732,2371.97481525858,49834.10416801981,31670.0987421813,16479.33702022986,26264.51973107044,66761.57701444851
5347,32597.60318922666,22031.72882006546,92472.8083056292,56142.8971541221,85857.71598373086,52270.01660005626,18533.08864280871,23532.89279718017,45156.79300227963,147079.162453165,113425.6679286881,66618.48131587399,71664.43309207162,53640.73171242936,153043.4568491976,88288.91243927,70449.92990540844,63638.69215228831,202459.2725658294,54088.53220252814,10252.81434181493,50542.95922736702,94440.69154916666,35171.68334685339,51489.96665931316,2394.81511095797,52379.79853317136,31640.36313680629,17085.51505932465,26756.26162261708,67700.03758028374
5348,32597.60319223664,21631.41161932645,89629.93585113618,54245.72886103798,85969.98228035777,51178.25564216158,18056.75180380813,22698.08332914423,44255.03898166408,146612.7333326016,113261.3736052002,67921.03928825451,69870.4657256167,54042.25231914397,149961.8855393023,86117.54566283069,68969.80809421511,64536.23759416532,201501.5182113715,54087.48873787762,10244.84042050766,50696.47773135908,95805.6826513088,33686.44462966004,49730.97067772528,2587.179918943194,51195.68926465196,31168.60103639422,16726.54558646976,26098.98967228681,69193.5261155043
5349,32075.92496250183,21625.68323165243,89665.5842223981,53826.99654321363,84537.95090425693,50318.61962830139,17057.54479044814,21412.50824042368,43224.44752865774,147474.5850267262,110583.8439792835,65810.780183039,69255.59892549265,52871.38604134889,149082.5894747976,83330.86486818308,67388.57833789248,62768.10270278993,203413.6138265276,53528.45908651546,10053.6126926156,49036.76977879184,97759.39902899518,32017.64149278983,47955.37626650395,2610.909195375494,49067.58363435627,30331.19100529228,16535.71437793544,25746.93025115815,69358.25861760443
5350,30219.69355548996,21071.62171864605,87603.91093708032,52703.99002637058,83330.27603193626,53186.36278536505,15857.38786110144,19408.66993088463,41198.11973434583,147490.671771845,104965.8890917746,63498.66470487821,67575.6869243519,49197.43729933043,146622.4955262584,79256.33109524194,63180.30948062406,58968.70717795483,206317.415087178,52369.88938610339,9859.98411569353,46987.22425641509,89280.67591829941,28713.1374045491,44924.6329711073,2547.049244219109,45768.07683147622,30637.34932553164,16398.27654431055,25824.20760372757,68880.83465232512
5351,27157.91069914494,19799.41639630335,83189.96917540548,50092.33224083621,80944.9239564026,50821.46272276947,14232.35591584885,18127.18594424273,38605.75377569503,138832.3704071855,94354.30183486738,60966.61013489401,64702.73223252403,43906.26002827915,143168.6469160082,75185.67223500065,60813.99148277599,54211.89617704004,208956.981311672,49068.16151928943,9472.430597298264,43066.17146721404,81792.56371120366,26440.67828863444,42643.6395310376,2281.219187972132,43725.05660846969,30688.64266398193,17033.7476942993,25753.76659915721,69047.23192313396
5352,24287.4568719875,18167.29059358922,74098.0792529328,47276.65639076045,76388.1153353498,46760.90153154052,13417.78274189734,16142.69182433827,33519.17833788446,168610.0132371039,132962.7991694594,62597.84421605158,62187.89431123507,39961.73354219939,144673.8638198172,72099.36677124091,58933.71059949006,49886.31854697943,209881.5825736487,46901.63426021787,9405.772267928485,39053.10750680638,76420.10427609956,24213.8500906205,41111.79068741856,2061.67174364397,39803.25673605977,28753.35669725541,17184.83260814877,24815.63126271643,71567.11226294444
5353,22263.10960323929,17172.77369265544,72568.6525777483,46351.14236930085,75543.56015079936,44939.43263926863,12883.08573147526,15322.08956659623,32724.67156497903,167600.1340586117,125351.3598521573,62032.90978517693,58984.39233326652,38528.4835886026,142218.1904036343,71631.84666347987,55680.06953700952,46120.79674370438,200600.9959597623,45064.33797551344,8777.811889975968,37371.83669391565,73422.41543131176,22832.6955612883,39419.58546620346,1913.967719850882,38381.50856518166,27394.3941450264,16980.38298724898,25333.92663660434,70721.34022322031
5354,21459.01289962445,16884.25830500552,69603.3691201615,44973.91345846299,75378.48955809345,44536.31818614615,12225.52831755131,15015.98033689966,30857.10023524975,162017.8139731629,119665.2984787092,60928.23039777897,57603.51906845524,38316.9849561583,140571.2530188351,72070.85993787057,54116.20148907117,45584.11864351754,190676.3446984383,42738.80287354592,8296.46901983594,36227.26565506277,71432.12083107723,22394.05055806034,38586.00647222536,1839.425853055778,37112.72090462923,27302.70699198658,16659.0409232646,25152.35958094082,69528.74427732473
5355,21170.50119534402,16640.6569980297,67677.7636888041,44999.98791114836,75337.33248361264,44669.63871487221,12377.4487094357,14719.9315227209,29626.03663905939,158502.2282902987,115134.216884924,60017.92089732214,55868.12078789071,38115.53377837755,139173.7334166254,71331.1777244698,52609.08471483884,44303.40048814923,180291.1259536753,41381.99430481286,7902.996860925478,35411.65046246232,69399.64856794891,21732.04032606334,37912.41197295268,1766.995881972928,37125.67622235545,27219.41986687186,16721.57434606443,25333.87989354454,69186.39973232265
5356,20351.01002330633,16356.99829874645,66696.16279079218,44743.82422801058,76236.32658068635,44662.67456942756,12519.10011835811,15000.11486748745,29603.03632469389,157047.6637071755,111344.6364027478,60013.69417042298,55393.52149877046,39138.99103777429,137219.9522980665,71095.1995408211,52456.19864049593,43846.07583132756,175131.1995710483,40706.20225130875,7623.511517310329,34833.02152888855,68402.30431494892,21738.46265675497,37440.3473435711,1697.39809927978,36493.55936930003,26900.21195827733,16682.97168283403,25506.72531957909,69182.57459147453
5357,21130.03124692545,16495.87203920861,66627.05435255839,44743.94594729378,77396.26402570835,45370.97197771634,12971.74336749851,16122.05718904127,31216.13461581512,156921.4420351019,108788.7502786457,60015.11861897229,55239.85980860151,41329.04375831257,139495.2684079345,70839.47122657795,53203.68332056261,42393.97668242081,168773.926721497,40141.74423845011,7467.392746510619,34237.32700384707,68376.4009479536,22394.92107238834,38423.81447807437,1685.16513567807,37142.67391308866,27713.18784090032,17231.03397240694,25766.0786054599,68943.83293192225
5358,22789.44073540177,16917.98514566824,68885.29621731176,44833.3889432823,79152.93911925046,47064.29853849851,14839.27776995281,19609.21720563468,33785.57739932134,158864.4940113209,111342.2622321423,62556.04551887838,56817.22972542162,43246.89929821464,143894.1865496276,72594.4634403634,53140.31576652915,43823.52885886342,164838.966085089,41479.04618552959,7665.575847162678,35877.02748983063,71830.36786244133,26531.28717605439,41081.09721617746,1697.983703386684,39750.54992953997,29005.75805682305,17580.50701962549,25852.34912252334,69140.96685750019
5359,24768.24590569257,18206.31652511249,80469.80601690176,45826.10642262224,80571.16000022477,46333.20462296834,15816.7000085348,20639.32554743712,34856.02502208493,153574.9277956354,103963.8730155097,67241.2488329251,60863.27707061391,44582.77386779929,146136.3891270839,74382.96583846187,57276.25644712045,52934.71325875697,160242.1192291979,44327.02058364563,7956.385968090304,37844.84162860553,72419.72899200929,30153.08424107818,45376.63209923518,1854.734297968857,43988.42901333295,30001.92545709584,17884.08640633331,25368.59276688342,69051.99757334866
5360,27141.51115808142,18780.12826735952,78467.99915473344,47277.54214327446,80235.9412058502,44747.55295214579,16221.22399731861,19982.18907627798,36740.39423922329,133543.2416120533,98632.88237620394,63762.80466708845,65186.37658945025,46737.3142497118,146302.0974758006,83510.65211711265,60051.88496122131,51710.46936380435,155867.2102978873,45614.86772984442,8240.648466527571,39523.77904549141,77077.17468027366,34361.67240450091,49672.95902527706,2061.129610780978,45190.87711869399,29778.1830247803,16974.7059651176,24652.41976008615,69629.60496924928
5361,28916.15147570524,19705.00815769008,79043.36378545429,49809.47192260877,81037.09950061039,45973.54572666914,16264.59152852423,20049.44405718893,40194.3157995692,132527.3317250044,102498.9899570003,59982.92902383507,68511.59758144601,48599.0872151131,146302.0974640017,85691.15541220485,61476.989107957,52213.67357341935,160446.9536251885,47926.76548292611,8970.748218423292,41321.22080883362,83330.19033204921,35656.92116998784,52240.94966712881,2281.542972270363,46008.41374100033,30345.34975632301,16242.90114684388,23895.03168750427,69771.68575269468
5362,29996.11374077834,20352.43361365266,79691.55236983471,48296.78484210202,81595.57272409213,47207.41577410924,16388.32846769383,20942.75122915822,43868.46860326428,136085.7671791928,109307.7516611845,58819.83218832417,70410.89718892412,49826.65978101141,145394.4910950982,84588.99619087447,62866.51773663015,52210.47981111325,172286.2028980472,49490.56901975425,9646.131430666072,43438.43354455177,88227.6163280711,34327.5561751756,53266.63960051598,2411.607745602122,46263.76247856973,29750.34118991839,15659.55452436118,23518.87406286561,70452.11347393041
5363,30521.97094701509,20551.87586500049,82968.37935812173,47276.65613339211,83278.0409752006,46883.43271076801,16833.474535442,21973.74196559944,44801.60108563082,136704.6025186378,108547.1284802143,58974.26481164633,72287.45690049672,48274.09041469762,144029.1100464121,85537.08034333038,63801.3331991832,55808.910485445,182854.8667211326,51033.01978187804,9598.793421568203,44652.35007607272,95042.49595384409,32972.50014490163,51697.21828704941,2448.608843441673,46636.15402580754,30002.04129941301,15676.66191464661,23604.45172192924,70257.0209904321
5364,30010.41877727211,20021.27872563202,76938.1561212215,47277.03945574112,81906.43771766654,46042.23135968571,16024.44907365108,20646.51588707141,44179.15181138653,133181.0816929355,103969.7265060638,53689.19712984233,68485.11910783089,46952.21954809912,137629.885467194,89951.84500304706,62694.79523188965,53361.95257888311,188003.2930671315,51057.52737524877,9387.424179530804,44684.44436961874,90535.79062119938,31457.86819337087,47380.51978740391,2409.928071776549,46090.93488693095,29643.16830212648,16299.2592241165,23951.80567440326,70299.90600594638
5365,29482.88945152731,19293.69492079889,68035.96556888938,45191.41356850798,80983.97125777614,45650.28238586064,16143.06382464836,19754.96934962094,44124.42373958191,136887.9572191434,100095.839726598,52399.97264844021,65979.71047805106,46087.42988979194,138546.5136936623,88014.86342561066,63816.99450684705,49886.26496933852,190411.2107421008,49741.50740336631,9440.419908190528,43238.36914975444,88359.85828858957,31109.47692972218,46869.14678934014,2233.31361182433,45781.78436899918,29468.41893869633,16618.78948549596,23606.4561456779,69438.1892188377
5366,28703.39091996874,19093.14584630176,70555.03188625535,44305.38265896557,81300.98834408606,45260.81150652414,15469.34121655023,19886.1867271235,43444.91426625662,137210.229820263,95576.78910368549,53122.0232430679,66533.44573857458,43570.1022331221,142215.1324164841,84845.82919825659,63864.0901676942,49188.34796324163,195724.4465552158,49999.70182532464,9599.155840344694,42978.91171766073,89465.2227809831,31254.00904912956,46840.85995150438,2212.392964548424,46396.92032421342,29321.25082195446,16737.15507208013,23606.27543400847,69009.37619083766
5367,28190.47027033007,19046.0161181998,73601.17184053214,43825.4753642721,81744.21754777784,45384.67152047587,16023.37895465718,20346.73075488691,42510.31007430229,138557.6170741235,94737.05379911867,55337.358194096,66489.00503860286,43235.70694660273,146336.8558975168,84644.75425646453,65363.7642440589,48490.23546383982,193150.5729620911,51032.48316933787,9647.499535740671,41986.62794742193,90452.22146648724,31676.11950074771,48404.33608812054,2168.552756909186,47661.56785618232,28895.24035316093,16658.27885982005,24125.11092524745,69285.26936108278
5368,29484.15157429269,19653.12437409525,77010.95148381531,44744.87938765401,82101.43351358776,46604.14954529313,16979.60698444177,21609.43133655922,42643.04977577211,141971.1039191414,100150.5398677234,58818.67191738633,67873.54667079738,46015.81460183507,147208.4246411289,82341.71434592747,65995.86433908572,50349.76019015468,195725.1476784921,51297.66850156698,9693.502405596533,43312.61399050539,91455.98102094942,33867.76441663482,51474.38576955659,2212.89033520379,48830.8726628614,30692.07652359908,16631.65405778519,25065.94780298069,68260.24288978115
5369,30993.024435945,20407.50020100942,82780.15134484923,47733.34063227814,84196.70726718553,48592.94566205298,17896.22395874139,24206.01538940678,44778.44767214249,147153.4928055642,105494.6273837303,61484.68887239071,71337.85322941051,50653.58656799103,151283.9905960027,84310.83366491651,68469.27034026603,55489.17581147597,196903.8630679396,53863.31320427473,10037.59033062291,44939.12759250831,93459.4394281108,35877.60045420523,53773.83430187211,2283.032247318346,50348.92361992513,31160.61211693527,16972.84146282728,26284.83127929026,68217.43846277411
5370,32106.77329585177,21352.82616614596,92201.56690997505,52450.93241607315,85518.64596136576,50072.61189063421,18759.5383391437,23602.76813404598,46533.60875630318,150282.1609236569,109306.0147099595,63387.25983605126,73879.32777063797,52872.42337240383,156289.5139989225,93003.62452037282,67828.92686729708,58349.68094340155,204734.9666398326,54645.08576114803,10179.0357272187,45851.00625587869,91578.82837492747,37431.05747516947,52532.20657857204,2352.388326422301,51436.11584548506,31485.82953194391,16325.78728343654,26116.38644374374,68692.24315146737
5371,32600.14230394624,21789.32376524827,91826.99623696491,56039.76777905317,85157.63334463282,50768.65900595325,18369.94115898426,23576.66236606974,46399.22945309577,149710.3016298119,107837.6222575987,69284.00287702211,72751.2715597772,53532.73066139786,151379.4811496852,91103.08970949655,70391.99450431511,63843.3216607257,209884.625581953,55423.26798397533,10571.50206950186,46661.66215007259,88475.55102706079,36347.82972325408,51974.03291459958,2374.754011987415,54281.47771745778,31457.32879181211,17084.4593322928,26613.03934487221,69936.49388326744
5372,32600.14230695682,21388.12008021363,88959.92223074155,53953.97314975133,85264.40283013092,49832.26787495876,17914.02265250918,22713.41470988807,45336.63980194063,149139.711958821,107673.5846794173,71067.42310683081,70879.2732987547,53943.52984760098,148488.4526014509,88745.45325675905,68890.76521023073,64771.79805054317,208596.0895828041,55422.1558621636,10563.54313562268,46775.36174858355,89451.45981802316,34772.59992010855,50195.7086323218,2563.121573678162,52957.98051723753,31005.15810760037,16635.18521168235,25949.20324188091,71916.62418445825
5373,32078.35602787548,21382.37900728476,88995.87407882659,53493.60828764774,83902.48694052425,49094.96770550191,16957.64697065697,21384.0458842152,44122.2334477711,150194.0279372049,105000.239270884,68178.12462017593,70237.66208435046,52745.60648818356,147663.526039904,85719.7183625475,67286.9861071069,62942.73021279524,211168.56969994,54826.34356667595,10372.67483086878,45546.14101658561,90848.2813687566,33002.68347075276,48400.60353259253,2586.357767392879,50579.3640176038,30202.52418173306,16396.34728845333,25593.62781526184,72135.03350686486
5374,30221.74016052183,20827.09055017204,86916.64963936302,52258.94662371369,82753.94255417808,51554.59885353523,15808.93515590101,19311.94585383779,41734.49256183195,150213.7070914425,99391.06364925984,65012.45091901242,68484.68017196449,48986.75793064018,145355.5470508318,81295.6526288217,63018.70464666332,59012.40103301543,215075.2629363685,53591.54310304596,10179.41018961402,44028.19694493007,84786.3660882255,29497.95842948157,45336.55764961722,2523.824794678126,46891.45435266241,30495.96830753044,16224.33471772036,25671.67693412868,71502.04461015086
5375,27159.3231515172,19552.06798680898,82465.13171428647,49387.6242415615,80485.38269704639,49526.25058893614,14253.56073008853,17986.80749561386,38679.75570821774,139621.878431531,88796.05928556784,61545.64372974267,65486.7626581548,43573.30895528219,142115.2602200682,76875.79421535697,60618.64144198382,54091.66220564522,218626.4617239973,50072.57044281487,9792.585099586984,41124.16833418037,79432.69417113415,27087.81029344123,43030.50006639826,2263.51855652668,44607.93912562302,30545.13152755658,17019.66903908732,25600.53243763635,71722.6611533608
5376,23629.87744778623,17581.56548543998,74483.11200684082,46448.62158336463,76999.12124427287,45128.94052629751,13183.43809446378,16589.01398707317,34155.1376016953,144263.1637942842,105396.2999365968,60533.61300114622,65997.79156175566,40206.1878386686,143532.9077608424,81718.56392712539,61515.50959702591,47997.33078508948,187997.3727221679,49429.669260415,10100.33588689059,39451.9914156613,72880.90275591161,24479.78263987035,40120.15012566945,1914.03249215107,41475.15523636764,26988.5081483172,16437.26932710291,24558.45604371354,72416.11879669166
5377,22099.92361437877,16872.15504361884,72140.39754050535,46194.75289541541,76826.55163488595,43732.19279604036,12625.34504389423,15876.64710293341,34172.37280976673,143895.0865439902,98838.67458299588,57644.47511439655,63129.27016268842,39384.66503214843,141750.6485452091,80463.44070113178,59422.73699625715,46173.09553724321,182568.9828622857,45977.08057837139,9437.268702789619,37599.15665531038,69444.7841012093,23062.58960981499,38835.26138349817,1827.580176461331,40009.17379220786,26628.3841058689,16200.80217006076,24432.88461020355,71340.6935030177
5378,21005.24433382713,16527.58036913896,70735.13300579417,45682.83149498252,76861.47144028457,43021.80971182873,12520.85098054566,15306.66022342501,32817.04752239167,141263.1648211014,95731.75172757855,56585.40967180249,60734.9900576462,38430.07197804454,139876.9285385182,77543.02134548395,59129.05513636688,44488.36036154759,176086.2725507974,44281.72988513893,8960.322656005415,36037.5396233426,66943.19175519794,22786.0647238291,38576.66299732226,1780.659538157701,38272.66313917424,26629.19689525591,16524.84975503225,24013.33892203991,70332.30206305385
5379,20351.00963448554,16267.08238594369,69357.40591481751,45100.8196534024,76579.1153093799,42766.17978043131,12130.14971376836,15022.77119156395,31920.30073585069,138442.4175540441,92991.00571295455,54823.04230013976,57392.54550569751,38091.50108296088,137213.0941245088,74185.54386860039,58863.86901948279,43676.07392554882,171776.6826775577,42569.35106203298,8068.637939993253,34975.42540855356,65287.20006252602,22214.8869910558,38067.10717037108,1701.726748026638,37758.98950248892,26694.45359266865,16568.63996899693,24103.46869958911,69611.34381347599
5380,20351.01658065766,16145.54159317408,66944.82351073888,44460.58563640576,76350.79176581751,42766.17979271917,12234.78839823019,14742.47437283975,31164.77023382565,136754.9181316289,93510.33804749683,54541.13699411416,56401.21372469659,38091.68339460425,136035.7651944117,73705.52806661653,56030.59701714773,43234.64237211606,161301.2473680428,41137.77725148563,7839.956786679877,33948.39201429877,64035.2526351593,22502.67863133321,38061.88784276347,1654.984185943399,37748.67828278041,26557.48335879026,16375.96302796059,23989.62136971192,69344.66739951295
5381,20772.68092168755,16196.00290296146,67938.9700101648,44460.63622292418,76998.46778711272,43033.54295747515,13371.88327552171,16343.51152616435,31486.75088125803,138837.59613049,98034.09998920718,57369.42818169871,55958.33280799719,41003.21259456101,137894.3646183537,72742.62251384744,55032.12633179735,42673.44266488605,159492.3611390066,40841.8161352084,7759.099134943262,32857.2588247086,64036.30152842597,23967.61689056848,40265.35993172912,1652.675359733499,39038.67439173155,26912.63205418774,16551.12388381928,24565.91452878409,69395.50326373056
5382,22580.51887588329,16759.39691841309,74288.55526670083,45772.24418317617,79416.86783348606,43798.13492295559,14890.84575693511,20963.32525478743,32101.51286099204,146392.5326648312,102636.9948882809,64441.40106628945,57710.24975529424,43978.54814061303,140023.3738836423,72744.0340872553,53676.84023227786,44183.78676954497,158112.6511381107,41983.70729752835,7875.51357783877,32397.13241737953,66094.92405428208,28042.85748738726,45044.59429171199,1652.698316707452,40679.28142114894,28159.10300728787,16997.78406911658,24498.80717918962,69347.36863163384
5383,25168.59116297694,17667.7475810872,78433.66638670019,49430.66458495828,80961.79193642594,43291.23006322026,15550.28708602423,21541.29592311695,34123.1474463565,158477.8093610514,117720.7275837156,62939.04624255931,58348.68399229207,46494.97858540454,139299.2237347605,73704.69376022047,55768.79199481924,48476.10314291164,162105.221987567,44274.47685185745,7840.453916987603,32098.56005099488,67815.33259906777,30807.95556270632,47338.48920996221,1802.353504879263,42959.0795684591,28921.70217588248,17628.36315184081,24697.20829245598,69791.91543833003
5384,28432.92378000385,18851.6897892047,79774.87059021665,48717.59186449065,79773.52344756387,43842.11076223767,15933.13592863273,20710.8128126843,38006.28839346244,164150.5293361671,132797.0580255118,62263.5986762106,61577.34728017427,48895.33616476739,143610.2721382422,73707.05473652256,57783.83251143021,55010.08561135154,179674.2092034591,44850.23272102827,8081.829944682153,33707.06214957513,72501.54854032249,34053.6689360349,51417.76986928345,2050.080929287253,46537.35313127044,28098.51096516814,17575.81489630788,23839.58614363348,70907.91450621796
5385,30828.80020736709,20324.05624980282,85463.4096962715,48762.88942103313,80437.91913389883,45933.54479070118,17051.790435052,21003.2755085661,44791.55874849315,168875.2920552242,139477.340665261,63076.44644350288,68692.16462377357,50450.83569841469,147081.0295151173,80411.34534046557,62524.02610366869,59298.53428914244,214623.6883795087,50906.9867311911,9167.36747907364,37250.77996032188,79601.09172527403,35462.23391174251,53472.26767932282,2298.202843850701,49355.55551495845,29363.75186563237,17102.88058222356,23312.0462823651,71269.80579762295
5386,31705.73573495979,21051.48849051537,86341.9188801455,46452.32987185074,80301.40217144969,48019.39922474086,17821.11348120731,21302.46947555609,47948.55714930144,174732.8607494751,137748.7458876807,60226.77814986455,73220.63373112863,51747.48389624967,150490.0226163356,83759.04881331226,66281.55958126241,60644.485396134,223531.0530404709,53713.50687997346,9858.099417732426,39665.56439384328,83781.001112474,36281.06769917136,55049.6014650791,2343.855944463446,51222.97152476726,29695.60380059043,16726.28474171911,23581.84122996503,71531.96485521764
5387,32592.08280246473,21625.38927396678,90881.96275005612,46458.06569597619,81114.56987334725,49066.87508356674,18412.47959720167,22550.19118648191,49332.58343524772,176440.3915868724,130940.7409799145,64125.67908085161,76515.29952229884,49921.12750766252,153424.9748938614,90017.62036433004,68836.19577748768,62314.19399769896,231514.198171501,54531.35750601294,10181.06215308983,42037.72989823081,88844.4051876991,35015.57329517396,51937.04225184891,2404.125780738474,51404.22904134791,30371.86965725942,16498.57562828635,23576.88309773656,72107.1804246825
5388,32605.38971201842,21227.23721128643,86623.80191475153,47294.21104404607,79722.91397264726,49060.44828277082,16684.46009136403,20786.84820925186,49756.88867225229,163803.2199499354,139665.0203561724,56229.63795055512,74172.68467592263,47188.21064881777,152012.0359232397,92936.80825856095,68943.63601142936,61686.41436203761,218862.1489870149,53205.65365773609,10181.06823263469,43468.50025042835,85878.49104390765,33059.46740904179,47327.87057709395,2313.906473053718,52718.78729191596,29274.51014024639,16498.57562828635,23964.1934150591,72251.27681402714
5389,31275.92714864211,20874.2620268711,85773.6067985868,44444.81373587381,78061.97128450828,48543.25730618572,16663.85041656016,20148.28331156366,50177.71160084403,150978.6956669909,143050.3986040829,58246.31530901731,73769.47145440553,47531.76949801318,152718.5239516615,94218.89227524208,71332.70963963198,59750.50783529238,211037.7212538621,52287.46152180543,10520.85672487403,44789.55575335979,86395.03741532631,32909.85801626141,47842.68260366035,2175.209468444997,53180.50446722664,29218.91208851646,16726.28474171911,24234.43113564216,72379.3773044
5390,30410.572255704,21128.76688938623,88971.23108460664,43797.90664662851,77597.63931688594,48533.77237803501,17065.29113458158,20433.39122866873,50562.24696062015,163628.0923586594,140818.2321602356,61120.3616496451,75081.14093616162,48502.27009208266,155535.2031400733,93018.15146659508,71343.45575141846,59006.13808917992,224627.3867625225,53714.21576783054,10545.34778761896,45137.06493202521,87165.51366033324,34040.5561113451,48363.14839999496,2134.568902785471,54651.48330305373,29185.46494659208,16796.34908447082,24499.2929207149,72211.24798051282
5391,30406.40349066714,21098.49527223988,93347.76097719755,45120.47530751805,78043.37965284036,48827.98888682172,17065.27545164385,20719.0983255307,50403.27473062506,172694.5169852432,139524.7603317655,64863.05599964305,75081.12307999303,49170.18104566803,156958.1462143575,92013.30823919852,71355.39761323441,58462.18714043681,226023.6901771109,53716.07581665379,10423.26512311165,44681.87571687727,88043.50810868498,34881.13791055989,49916.60267985814,2126.385944158295,55335.95308477122,29493.42435434688,16673.73648414506,24895.37885745899,72209.20790013611
5392,31295.03493793422,21213.59832277859,95231.29013329961,47117.27397302377,79640.81385714123,49322.39757094858,17441.58179570113,22279.76282793549,50396.52225948326,175346.0282536659,132407.4046254045,68247.53457464202,75328.26780851754,50526.79848105787,156960.2299474066,90525.5964514034,71253.91832792871,59154.6005683238,226178.7724523223,54380.35836284142,10100.88779176558,44424.78182727296,88029.30307004684,36833.27717936528,52457.70065918287,2133.532067172542,56656.76405126883,30220.96002823902,16542.36584225103,25878.97745205313,72261.9096321181
5393,32152.78995692866,21340.50397211138,95924.66605916154,52421.49948614702,82527.66491866458,49591.92882595229,18013.54741951534,24420.18208697722,49967.50196998439,178753.4308580262,121650.8320023768,69781.50613644606,76993.3902816891,52419.34923006058,156250.7746613341,88449.50985694402,70375.45238130585,62732.80211608326,226023.6783321133,55144.48811065731,10100.33424840331,44226.20609830248,88043.50901138956,38174.98946872396,52976.85342507215,2220.33871569703,54466.65084224784,31613.56191138389,16586.15605621572,25948.88300668598,72934.17355081101
5394,32592.09425273055,21128.54394226188,96376.20218443975,57273.86023560842,84862.5626101707,49321.77279477496,17919.58264275262,24704.52587957432,47647.42822976619,179704.4812002218,120732.0627243824,69353.81339871793,74607.25009640321,53382.31108723732,153426.5327758914,88451.28044088467,65137.1158346688,63702.22561221342,209707.0538601424,55130.01037671685,9939.30555297685,43164.94211886082,85589.2951168614,37604.3523154642,50946.08486871739,2332.326710265729,53277.54708755766,30585.93451154187,16770.07495568379,26270.49524716408,72896.9531753045
5395,32592.13145432857,20730.04356664003,94594.459503965,56724.71159317415,85964.15204385533,48540.917449906,16877.13447092669,23851.46338005254,46975.56614235261,169711.4563409056,125643.5123926214,70344.75143256823,74121.65628535932,52439.31579715556,152718.7914560118,87142.63283469631,61379.61419459371,64150.51634882485,209836.9159161602,53430.23825980494,9285.76011218439,41829.28375734808,82986.22461755604,38131.09541287607,49900.70155897173,2404.565840197095,53478.22911343724,30366.0973675431,16717.52669810974,25556.85401145812,73133.12860823443
5396,32546.20051926035,20719.95893573806,91393.39241242158,55997.65669887795,84304.31218010338,47455.68572891145,17444.11269994055,22950.80825331765,45581.82750163189,172366.2079852812,125643.5093198161,74533.41997710468,75351.75512071887,49485.38380807693,154131.7794564078,91001.27680743944,66332.08734286857,63067.09939582317,212442.7332348556,55178.51440476628,10180.4571936199,40876.72230527295,82998.17106821293,38131.48458208826,50931.35688063975,2567.140058650291,54588.51606799527,29552.27781362258,16717.52669810974,25876.67464559039,73131.52941693242
5397,32149.74914443226,20650.08965606364,89441.17907177724,55062.99454775322,84010.81981923612,48531.62426128304,17401.83185041911,21586.68095648422,44634.62869548699,165584.6902749868,122933.0187419655,71234.08479835198,76709.62626045983,48080.7274443018,154070.2557732962,92936.80719252407,72755.90580737646,60739.42877669432,212442.8625045265,56002.18032540641,10499.8685017514,42861.97756914095,83853.41189021882,35983.80073510936,49036.08229154802,2575.563919343325,53269.94331545178,29246.44286190687,16428.51128553465,25290.32439807033,72959.41171313068
5398,29934.80509274517,19871.01013417537,87141.33274629565,52524.6078740557,82597.05300384817,50117.79830311831,15826.69121890135,19403.23550825504,43568.05666806108,164082.3341513388,117863.4337148167,68514.40424722052,77229.93552889719,45183.21167622577,152017.9462854173,91955.37561793676,69695.31436365131,56830.49212788566,206988.7012143919,56002.17778707432,10745.00088911013,43058.78939073098,80461.97320349778,32159.56846870207,45288.97206706302,2415.093630958333,50263.56934790358,29250.30831529511,16218.31825727952,25022.4445778892,73190.9392806348
5399,26456.24852423096,18713.63773591013,80564.65629219498,48328.41794103417,79818.54786305041,48379.67811655254,14259.6903557832,18198.30422828535,40730.00637135643,169558.4222220359,116043.8309699807,66250.21605671622,73900.73244119222,42313.9064394552,147098.1234279037,87940.4599885539,66956.37057353296,52604.39720414871,201525.7993645237,53430.56093490226,10673.15800868415,41166.83176478856,75396.32363803266,29646.92643647075,43323.29579364277,2163.003110884907,47060.10250305777,27599.13465874301,15887.08361476398,24767.13185304804,73689.02135081208
5400,23719.40118366654,17920.5218671482,76391.68515678772,46837.8492330041,77579.21852729844,43829.6041990944,12953.94834662272,16711.07503748056,35555.54491614331,149745.7993410799,113783.229861298,62048.88537611248,65856.41973843813,39740.44840093614,145829.8893577787,83188.26007414747,63279.09342915099,47922.06698726783,186644.6762760436,49386.66729490126,10148.19180425125,39973.59901543663,68792.67160222646,24905.08752515283,40470.00085406248,1897.866098227999,42778.54662787123,26833.29614225907,16459.44605720376,24531.67905387187,71661.53215680832
5401,22147.6836069056,17170.52751653665,73970.89641513655,46581.78298505288,77398.47693024564,42335.40903360962,12369.92380442361,15977.08961436976,35573.88940790965,149370.1688219631,105678.2465234054,58586.73431472946,63143.82993436168,38955.26143898938,143323.5035266467,82049.46814784671,61183.09933205558,46126.14320739748,181130.6269609426,46014.13568686419,9522.048226225346,37500.26678142353,64875.45552720343,23484.36492461755,39140.22162589384,1812.057680795723,41261.61196163784,26409.70233728734,16228.67071470463,24398.95682155774,70731.4168422194
5402,21023.12244133949,16806.24043533679,72518.7994508865,46065.43024650235,77435.05035368293,41575.46437998509,12260.57448095972,15389.80507007379,34131.33336379168,146684.2377510949,101838.2043408419,57317.62058950118,60879.70187063087,38042.88990882807,140688.4966572277,79399.72833366146,60888.96539484342,44467.55450926325,174545.6201217627,44358.09602324295,9071.661430709777,35415.67843873818,62023.61054288069,23207.15134340536,38872.58852188402,1765.486508171542,39464.7452834377,26410.65837606427,16544.91840568732,23955.51965806928,69859.2778596904
5403,20351.02884359221,16530.83989958968,71095.15765465808,45478.38034389112,77139.3233237692,41301.99981700572,11851.71949121677,15097.30072181412,33176.87061671675,143805.6062698597,98450.74324263718,55205.71651793283,57718.95117333613,37719.29395944667,136942.354248093,76353.4392010667,60623.37106537991,43667.87446350243,170168.0253464647,42685.42307036755,8229.631132811866,33997.87185400868,60135.76034604258,22634.55107183765,38345.23021292494,1687.141610748925,38933.21785536389,26487.41618587069,16587.65457992907,24050.78197163804,69235.7344921909
5404,20351.03597937667,16402.34600864544,68602.17252735184,44832.60427805394,76900.18757990998,41301.99983015084,11961.2201555357,14808.49760130364,32372.71304483033,142083.477875493,99092.6188746421,54867.8999121758,56781.50776347532,37719.46820747031,135286.6800773021,75917.9137415142,57785.73768362674,43233.29376732794,159527.2887035979,41287.043949675,8013.68433436358,32626.89433686788,58708.52541023713,22923.05946760026,38339.82853633629,1640.747188030543,38922.54824785331,26326.30574697311,16399.6154136637,23930.45148450457,69005.09102664691
5405,20784.21065551314,16455.69410593005,69629.45036592116,44832.65530246376,77578.53412584939,41588.01622348589,13151.14953105719,16458.12219582441,32715.41684691332,144208.8942581711,104683.8219680031,58257.13632830694,56362.7016637721,40502.22085777923,137900.4229161985,75044.25524601826,56785.73000871343,42680.80367557001,157689.8584287341,40997.94544669198,7937.329327536049,31170.35058716841,58709.7211610181,24391.64620853495,40620.28389218626,1638.455557995914,40257.38084397518,26744.04732898859,16570.56011063077,24539.56227030552,69049.05801916351
5406,22641.39786371576,17051.31873146048,76190.64453791958,46155.61691650854,80111.45685915716,42405.9517702142,14740.68978231057,21218.135624005,33369.74582448063,151918.8647331857,110372.830481211,66731.71919288675,58019.38515596147,43345.95770797378,140894.4423102702,75045.53598751602,55428.35765806974,44167.70778870249,156288.3767404526,42113.35895015712,8047.26110753708,30556.1320398264,61056.57528948424,28477.0363394003,45566.491583068,1638.47834398595,41955.01056944273,28210.20151914159,17006.46909068559,24468.63342133167,69007.42727201762
5407,25300.11776410225,18011.63426280643,80473.89735271255,49845.70565206809,81729.54042950753,41863.68148448562,15430.77169595455,21813.64624498472,35521.49582669873,164252.141933689,129015.7683707011,64931.39689902678,58623.11438120502,45751.08676856016,139876.0721108911,75917.15676294178,57523.52965338553,48393.40897212017,160343.9499631197,44351.01117003608,8014.153781437849,30157.57050926396,63017.86146277136,31249.02099144798,47940.52889367287,1787.018897875093,44314.04782427756,29107.20434432683,17621.87000136062,24678.33269695734,69391.9075287049
5408,28653.55813501098,19263.30736372555,81859.79908456406,49126.46037010145,80485.00180438413,42452.99568876156,15831.40940288838,20957.96006589828,39654.56151623432,170041.2711106666,147649.557347411,64121.98537198689,61676.26891522843,48045.27685113268,145938.686651488,75919.29891177244,59541.67200992869,54825.98640761336,178190.174060021,44913.41667098383,8242.088526595333,32304.74530003848,68360.20329109873,34502.81793128145,52162.32842276564,2032.901244385175,48016.69169764958,28138.93048292307,17570.58659346572,23771.87234294128,70357.11434522244
5409,31114.8357307194,20819.90487396765,87737.91680751501,49172.15003525429,81180.85977062637,44690.34359816909,17002.04158568254,21259.29826726645,46876.54199044329,174862.9901151608,155906.1405719849,65096.04817915879,68404.32783449924,49531.97684709205,150819.6024219849,82002.20125412999,64289.16238932843,59047.87992068465,213691.1525615924,50829.72939239637,9267.176741128062,37035.22190654718,76453.76683883974,35914.8909889877,54288.6047472757,2279.175142881605,50932.84654347588,29627.16271421161,17109.03590846743,23214.29116332803,70670.10738558722
5410,32015.70930762585,21588.95201342975,88645.703553326,46841.58962149639,81037.87808395787,46921.72263944608,17807.11081092295,21567.5720168506,50236.72951647786,180840.7612695258,153769.6611126082,61681.19485815337,72686.63130020845,50771.27446742751,155613.6592754291,85039.62228783652,68052.48000242285,60372.94235572022,222739.0745561262,53571.17321383611,9919.44453223431,40258.69563741041,81218.91318245401,36735.76411156905,55921.04624617371,2324.488218456298,52865.16846531435,30017.5016176085,16741.50480958983,23499.44987109806,70896.84387371082
5411,32926.25133490087,22195.68447749547,93337.05081088313,46847.37509655667,81889.55312474222,48042.27814873018,18425.9544335289,22853.1589360465,51709.833798238,182583.3321411233,145355.2178703699,66353.3789232865,75802.20046970244,49025.69757923244,159741.0739292092,90718.11711995315,70611.04866179233,62016.73768669243,230848.1929279342,54370.05988728091,10224.42274188572,43425.27774822112,86991.25396313846,35467.11794800459,52699.74275712291,2384.30916400763,53052.72596238358,30812.95538806872,16519.27670273586,23494.20939275773,71394.33711056928
5412,32939.92148832727,21774.75495617632,88936.98073901926,47690.75835800473,80431.99573132797,48035.40296685529,16617.64343632505,21036.30294505729,52161.44795307847,169686.8346304436,156138.1057553668,56891.2873750237,73586.9291632989,46413.65726992109,157754.0620595793,93366.7396109226,70718.65428318174,61398.70096279209,217996.4956583776,53075.09586377505,10224.42848288462,45335.20005067734,83610.07661488287,33506.14030944007,47929.5392749173,2294.76181119816,54412.9744082381,29522.19265511337,16519.27670273586,23903.57550793593,71518.96339497482
5413,31574.16806957835,21401.58678918687,88058.4516672977,44816.69585143818,78692.39954672757,47482.12892881299,16596.07614413264,20378.3592126232,52609.35567294349,156599.1398327222,160322.3085440657,59307.93965357653,73205.63443985293,46742.02055686654,158747.5940715161,94529.99346265491,73111.40551683199,59492.83900168107,210048.5992292909,52178.19435425489,10545.29548913109,47098.66500083941,84198.94561300287,33356.15830905786,48462.3374206793,2157.097824142184,54890.73952048725,29456.79577096986,16741.50480958983,24189.20220286742,71629.75512416608
5414,30685.19124840345,21670.65135017573,91362.64130835775,44164.18894932962,78206.07926305247,47471.98226203795,17016.16958791097,20672.11943622102,53018.64030194676,169508.1132670061,157563.4330580101,62752.00600786982,74446.00213022008,47669.5960386146,162708.6816320433,93440.54351053204,73122.16817057792,58760.02160346576,223852.7083159041,53571.86566432034,10568.42274082514,47562.55183608303,85077.29768278191,34489.67244862767,49000.98686340733,2116.759950078613,56412.8452730882,29417.45376531852,16809.88268877505,24469.14682392461,71484.34320211182
5415,30680.90868697007,21638.64795622322,95885.02525387387,45498.20614297287,78672.92751331793,47786.72548696799,17016.15317627404,20966.49702317081,52849.43638214799,178760.5888989544,155964.7495327264,67237.00247539916,74445.9852447052,48307.96537947078,164709.7622428828,92528.83434058081,73134.1284150237,58224.51257573257,225271.0452603055,53573.68258316777,10453.1383802016,46954.9239015837,86078.22178130165,35332.34774720465,50608.71457201877,2108.637938260777,57121.10522004239,29779.68922291484,16690.22139970292,24887.78829550363,71482.57877457557
5416,31593.79745160785,21760.33581497616,97831.32568492723,47512.28966906889,80346.00778682547,48315.62777160608,17409.94439100139,22574.52375860061,52842.24931189328,181466.5115100556,147167.9601006747,71292.73693667233,74679.69529161124,49604.57980595239,164712.6925904689,91179.01136103846,73032.49291821907,58906.1799988963,225428.5747184847,54222.56204434908,10148.71297571238,46611.73161162167,86062.02786854957,37289.34888943849,53238.59154014993,2115.730836834243,58487.82370792192,30635.44881691888,16562.01287697761,25927.39895794935,71528.15952138345
5417,32474.96694213157,21894.50147486683,98547.80934487755,52862.43007592563,83369.56490772922,48603.96351717371,18008.486088055,24779.8993458998,52385.61663674816,184943.8370119561,133873.2326373866,73130.94663070876,76254.30242012431,51413.42328679736,163714.9877329282,89295.34718918022,72152.67471057226,62428.84915923455,225271.0332283948,54968.97349514059,10148.1902570049,46346.65468092853,86078.22281039553,38634.40276176341,53775.88207875274,2201.890948024537,56221.58857720116,32273.48866141721,16604.74905121939,26001.28535872291,72109.58806867538
5418,32926.26309772905,21670.41564870606,99014.3935506054,57756.79424843482,85815.03105450363,48314.95940643325,17910.15528878113,25072.87225573734,49916.21949059644,185914.4037434238,132737.6676595209,72618.4280442258,73997.87179359727,52333.7934689837,159743.2647740719,89296.95366626122,66906.27456355352,63383.22755506958,208696.9340356774,54954.83146438522,9996.128616892394,44929.98306761486,83280.38982344844,38062.34441604203,51674.16404292098,2313.044854182947,54991.15505812498,31064.74792466181,16784.24098383161,26341.21215021253,72077.39685885636
5419,32926.30131483354,21249.1178881801,97173.27177354158,57202.89201822433,86968.78596099051,47479.62582688175,16819.27032668454,24193.92146002825,49201.11535726378,175716.3132272162,138808.0384994955,73805.90240513941,73538.67465419692,51432.50673528271,158747.9702620875,88109.59827562196,63142.98883698659,63824.56098239294,208828.8453020983,53294.47289906885,9378.976553704193,43147.02489462977,80312.85853917713,38590.39938618245,50592.25790961265,2384.745945896226,55198.81220355439,30806.16576594932,16732.95757394468,25586.9318555086,72281.66059376192
5420,32879.11658521133,21238.45633633564,93865.52459059109,56469.54352873173,85230.34482473083,46318.68032769538,17412.59289233691,23265.93372085688,47717.67361909153,178425.5427096341,138808.0347016213,78825.32474346312,74701.90584357819,48609.2267655806,160735.0510821433,91610.6032061539,68103.08554362069,62757.95826670287,211475.782160414,55002.21080284062,10223.85147023159,41875.45929433336,80326.47763480661,38590.78952463462,51658.92149936404,2546.10930891848,56347.68948133,29848.91526120116,16732.95757394468,25924.96501572395,72280.27748297805
5421,32471.84312339675,21164.58997922001,91848.25097733439,55526.79067459302,84922.95421166514,47469.6842767997,17368.34748601917,21860.40859969358,46709.51168518998,171504.8622929959,135457.9682085833,74871.62047639962,75985.96368958504,47266.698166133,160648.5305096714,93366.73864369157,74536.79247263663,60466.41224952414,211475.9134699476,55806.77792844953,10525.47601768459,44525.55845155066,81301.46232906128,36437.7567933854,49697.43121811909,2554.470428559661,54983.28700116729,29489.17868263265,16450.89882355061,25305.22442987951,72131.41608539001
5422,30196.43688461805,20340.94092410692,89471.75901800397,52966.43099954232,83442.23884711557,49166.52153207942,15720.01879731295,19610.70108683928,45574.29349145998,169971.6765006821,129192.1478910947,71612.53583737758,76477.98916897962,44497.33913547476,157762.3737843209,92476.2712137132,71471.48972674248,56618.14087668985,205935.6860539734,55806.77544897517,10756.95794559651,44788.28075835867,77435.18194817346,32604.0001382536,45819.40724714234,2395.195325500141,51872.42027826035,29493.72539964031,16245.76518599495,25022.08990849555,72331.65996802122
5423,26622.92480790766,19117.3576370829,82675.90551287199,48733.91764580961,80532.15833901563,47307.13724704464,14080.20808694086,18369.20318029923,42553.58204516846,175560.1387136657,126943.1859371488,68899.28300757096,73329.76013560213,41754.94288807073,150843.6415406665,88833.47869037346,68728.32976074563,52457.63341007381,200386.5801530971,53294.78809212107,10689.11571288733,42262.72376765109,71660.28128194697,30085.10028019657,43785.05563995105,2144.982379732308,48557.61030680042,27551.54201445745,15922.50343146522,24752.23812905858,72762.44187739158
5424,23723.59380271879,18334.80530242272,77172.14493954573,47466.20007216978,77839.9657162773,43134.75899710465,12874.22466274402,16774.29447963306,35999.88993556351,152243.5474110657,119606.2844984113,62593.72828769861,65151.98847195416,38661.64768103277,148701.8719393789,81132.30360865164,63151.71820277994,48248.47604009991,185340.0229859994,48619.87314964529,10050.89367037375,40277.26022208051,65171.06480514587,25383.4777020872,40539.53603011185,1899.128953451897,43816.81384900086,27339.13539030598,16467.77429834589,24838.86728243557,71532.87968316629
5425,22150.07447613738,17555.96744310902,74845.83756901287,47211.55888989395,77660.28803689084,41604.84590882313,12265.78426843605,16068.05638972931,36017.2283444628,151885.3925673306,111466.6702527971,58745.38913457782,62431.33538886958,37835.1172949071,146203.9504168809,80165.75928916376,61022.82731581267,46406.10069460707,180012.6079716326,45498.09541024635,9444.567477877374,37874.05757585508,60668.74494329611,24015.53006605979,39205.96234760281,1817.538491593273,42159.38477952065,26982.21461712072,16242.7133203544,24708.32251561654,70306.48133734315
5426,21024.22416173933,17177.67049958408,73450.4147415095,46698.0797692842,77696.64617446171,40826.7351915578,12151.8634642946,15502.97334893033,34653.78765220485,149324.4206174702,107610.2203688322,57334.71122019249,60160.47711614783,36874.70553355462,143577.8422218472,77916.80501896518,60724.07692364955,44704.61260251443,173650.4841856373,43965.18531234408,9008.435382206004,35848.57626261326,57390.92772057439,23748.61401717659,38937.56556675729,1773.256548196484,40196.09714906254,26983.02017682307,16551.13021554491,24272.16046426203,69156.52735989026
5427,20351.36010463151,16891.67852705758,72082.33650048709,46114.29693007046,77402.6599126759,40546.73360692704,11725.91579737415,15221.52673473477,33751.67133311099,146579.7133696231,104208.2853540489,54987.23331349334,56990.33096410744,36534.07088479819,139844.3508998453,75331.28137006501,60454.31407059166,43884.24883368079,169421.0580778819,42416.87864054384,8193.055264277347,34470.97058174225,55221.09453429259,23197.28387884796,38408.70246889641,1698.762733297464,39615.34108215623,27047.69642209049,16592.80817414441,24365.85988669217,68334.35774021436
5428,20351.36724859616,16758.24297934138,69686.65050918265,45472.11475180271,77164.9318178952,40546.73362038642,11839.99426935806,14943.64142834392,32991.61687216444,144937.7045482257,104852.9035870998,54611.73471523456,56050.10096714212,36534.25430771938,138194.2681017015,74961.63117392216,57572.14381288906,43438.42770851212,159140.47897608,41122.4715548356,7983.94316175009,33138.86616333881,53580.67744319158,23475.0751787181,38403.28537891081,1654.648851576661,39603.68328433434,26911.94452547488,16409.42515669512,24247.50356379009,68030.24408873319
5429,20785.03849765799,16813.64275382467,70673.83454814125,45472.16549225029,77839.28534349013,40839.58708005107,13079.67008112237,16530.90418044997,33315.52547249696,146964.238958155,110467.9967281397,58379.02590736702,55630.0499499703,39463.53068904051,140799.1840769108,74220.11761337481,56556.44093997989,42871.64746143653,157365.2402948889,40854.86805218637,7910.004783728661,31723.62168243812,53582.05179997674,24889.10896673974,40690.24789289627,1652.469867759808,41062.14448042227,27263.93420685028,16576.13699109316,24846.62116536212,68088.21652080423
5430,22644.35470585942,17432.17409065991,76978.95076881834,46787.76453039445,80357.29827580377,41677.0749311808,14735.66298443308,21110.97169348958,33933.96851862781,154315.5140280634,116181.3131912392,67798.91211854265,57291.65799846582,42457.00234705619,143783.0923763963,74221.20463672886,55177.76452504569,44397.01034701784,156011.1946268418,41887.34852977307,8016.457233201227,31126.81886798643,56279.44907219519,28822.74088732823,45650.56932449784,1652.491533693135,42917.0040988593,28499.31791883143,17001.25217152787,24776.85598820537,68033.32453199993
5431,25306.12244904803,18429.42172604449,81095.03178880543,50457.31710065088,81965.85715607635,41121.84196919145,15454.59460682918,21683.96983519056,35967.70822985278,166075.0030569965,134903.9084760371,65797.77159958151,57897.18183238231,44988.77165483951,142768.1613121913,74960.98869190038,57305.82040728227,48732.00928461784,159929.4986614342,43958.6272308793,7984.397750868487,30739.55826799125,58533.68716466745,31491.75583116333,48031.38082437156,1793.730502540403,45494.5290306736,29255.13384002,17601.41477691493,24983.11489872366,68540.27882401836
5432,28663.40706059878,19729.23204819622,82426.84292877355,49742.0745787972,80728.64438538424,41725.2434090157,15871.98145749745,20860.63172295153,39874.10061430499,171594.801236913,153617.3157566539,64898.07369060272,60959.41198735872,47403.76057683185,148810.3018140495,74962.80683069826,59355.63766459293,55330.96532493577,177171.6807259316,44479.21685832423,8205.118382715727,32825.85143481157,64673.99989233022,34624.68539129104,52265.22703400201,2027.52637962289,49540.10180731628,28439.26483718989,17551.40122776113,24091.52610095821,69812.94687343914
5433,31127.50615969423,21345.69365447557,88075.54260606715,49787.50997079202,81420.40625202561,44016.07390339176,17091.55333406092,21150.57823830234,46699.99975172773,176192.1966260016,161909.1776437279,65980.78902334766,67707.4703242222,48968.74163391234,153674.7342574443,80125.641734265,64177.64027360553,59662.05810680214,211471.055846868,49955.640951434,9197.762651383504,37422.19871979551,73976.47675759331,35984.30478529484,54397.57057497736,2261.694561758467,52726.34306092237,29693.25153963035,17101.27927177817,23543.09270132252,70225.64209621072
5434,32029.41245954626,22144.31704053386,88947.89919023227,47469.91964456738,81278.26621301821,46300.79284709095,17930.2794516416,21447.19811278303,49875.90159990465,181891.8604837442,159763.5694520734,62185.02347054709,72002.50310403174,50273.29353085264,158452.6011147942,82703.63862572414,68000.02344843542,61021.39327954784,220212.7323767626,52493.25343079174,9829.386228065965,40554.27313079342,79453.37989915653,36774.68529102521,56034.6701589166,2304.780250493978,54837.63143486487,30022.15168304486,16742.84882743386,23823.57304258245,70524.60422446624
5435,32940.9982932649,22774.38340450549,93456.1470663109,47475.672922171,82124.9279522901,47448.1346263982,18574.99458011127,22684.18514499152,51268.21514632169,183553.3607252089,151313.1730443193,67378.36961566188,75127.33342441745,48435.80461504755,162566.0770880026,87523.2345470376,70598.7490412986,62707.70537406115,228047.3810167263,53232.74142477204,10124.71190598045,43631.06904342462,86087.91933953915,35553.16497470914,52804.17485159498,2361.660667618612,55042.56000216653,30692.40221894383,16526.12344193934,23818.41854049917,71180.57114939646
5436,32954.68411757059,22337.26564883327,89227.8080696349,48314.36256801464,80675.9503273732,47441.0950970398,16691.0849553081,20936.01295477533,51695.06103450739,171256.8544095711,162142.1339660826,56860.82236541381,72905.47713764002,45686.22930361082,160585.7755506429,89771.24049438431,70708.04354125918,62073.68313131013,215630.6757822574,52034.06033538827,10124.71746527728,45486.83684858539,82201.70483415262,33665.03091956961,48020.35984732304,2276.515059616834,56528.79099553717,29604.80361094276,16526.12344193934,24221.06851946472,71344.89643965212
5437,31587.36505750455,21949.74606804566,88383.56725687435,45456.2948591226,78946.59410492465,46874.59534402214,16668.61601638937,20302.94190155328,52118.40376294453,158778.0459885989,166344.2149828571,59547.04183364176,72523.04900075472,46031.88231047637,161575.9523083796,90758.54675863445,73138.34919104933,60118.52605369913,207951.792197921,51203.84508694378,10435.42906086454,47200.29999618647,82878.5315742368,33520.62023532191,48554.67830427201,2145.618014533101,57050.80542572452,29549.70009861927,16742.84882743386,24502.00917000219,71490.98025450796
5438,30697.36915131611,22229.15839498766,91558.79712447255,44807.41930318577,78463.13649785373,46864.20612669622,17106.27197450416,20585.59691440646,52505.2416401793,171086.4478032483,163573.5513957789,63375.27900821443,73767.10373246705,47008.2985759592,165523.6628910999,89833.88120887836,73149.2807654803,59366.75433468024,221288.6729194233,52493.894396321,10457.82433721116,47651.03364800879,83888.08067587532,34612.02821816389,49094.8647545518,2107.262968796021,58713.88451366439,29516.55046585573,16809.53356158161,24777.36096782039,71299.24817798675
5439,30693.08168053746,22195.92420486819,95904.67618604569,46134.01239416669,78927.23669172791,47186.47311724169,17106.25487675888,20868.84595201915,52345.31751765807,179908.4651726401,161968.0370283662,68360.55758260068,73767.08679675928,47680.28077046797,167517.9856581622,89060.07231641117,73161.42872689004,58817.39436682247,222659.0033429002,52495.57622394236,10346.18871579085,47060.63457422972,85038.51005292793,35423.40102394085,50707.18002871768,2099.540198521628,59487.74158935847,29821.7706038344,16692.83527633738,25189.13412997382,71296.92170192748
5440,31607.01694181823,22322.29197195646,97775.01413009217,48136.88709706347,80590.46854246387,47728.01852334485,17516.50900933615,22416.08339623288,52338.52461412875,182488.4985847723,153133.6607450691,72868.69181627674,74001.49155589654,49045.1674465264,167520.9061096798,87914.41637781571,73058.19805308251,59516.69311676899,222811.2008936929,53096.21031515194,10051.39834680701,46727.1732591428,85019.89729998598,37307.70629592933,53344.56121098072,2106.284442126659,60981.04186262086,30542.83491678628,16567.80140053886,26211.68874757786,71357.02194069335
5441,32489.19656736548,22461.61741521809,98463.53402872318,53457.25278150469,83596.22779122007,48023.24677809574,18140.07346570946,24538.08772118715,51906.93544069871,185804.0464659112,139782.127677035,74911.94591229543,75580.77926552306,50949.25420945075,166526.5705984441,86315.6652248754,72164.57103044781,63130.47610916507,222658.9917182343,53787.12471487484,10050.8921720976,46469.61239751062,85038.5112357347,38602.79603708156,53883.38487957464,2188.209310061142,58504.9141377134,31923.04973802429,16609.47935913836,26284.36295439239,72123.661299737
5442,32941.01006957748,22228.91362883984,98911.90784097857,58324.37872780753,86027.29894161076,47727.33418126604,18037.63182848387,24819.98518361941,49572.96958326298,186729.4589613082,138641.7106662507,74342.25807716194,73317.6413109374,51918.08578578629,162568.2605341692,86317.0287147818,66835.8282263292,64109.53950064387,206645.8768831753,53774.03416986801,9903.643268635482,45093.10950674291,81822.77363382152,38051.98769391565,51775.66970304881,2293.899390501236,57160.52118001042,30904.56298661388,16784.52678603336,26618.71284405908,72081.21576007886
5443,32941.04833049242,21791.4134721065,97142.64351553768,57773.55908681823,87174.26238311314,46872.03240680056,16901.1411015986,23974.26194234564,48897.08452592796,177005.8200945425,144738.018938004,75662.19010653025,72857.07919012738,50969.34248244767,161576.3272285188,85309.26638214588,63013.47743848838,64562.28801634158,206773.3233424172,52237.12628847922,9306.02401037534,43360.70585287767,78411.99036684108,38560.42723575434,50690.67640810014,2362.075979275539,57387.41097096931,30686.68127319805,16734.51323493688,25876.80741140146,72350.54656527107
5444,32893.80951031388,21780.34189508899,93963.99495395001,57044.29184492814,85446.05440992657,45683.33513684887,17519.26823447221,23081.35553340251,47495.00046918367,179589.0065305092,144738.0151239023,81241.50746390285,74023.76812959566,47997.40484645712,163556.6974834524,88280.72793710884,68051.42324752627,63468.09762315856,209330.6691975683,53817.89076820057,10124.15871502061,42125.19459666302,78427.64370931152,38560.80288190316,51760.3836657041,2515.507445674941,58642.69416795675,29880.10056716179,16734.51323493688,26209.29473705887,72348.72287228287
5445,32486.06916761847,21703.63476335615,92025.45385197033,56106.78562029894,85140.47322152591,46861.85320937064,17473.1730954479,21728.96440187964,46542.13003432493,172990.3009221664,141373.6344936546,76846.78445469854,75311.64288763965,46584.18642146578,163470.4690993655,89771.23967345142,74586.10770564614,61117.28077200178,209330.7960626617,54562.63686237877,10416.23687383079,44700.15206489237,79548.2591846568,36487.74792107371,49793.2963762088,2523.457570308313,57151.92440480825,29576.98598838683,16459.43870779159,25599.72172990923,72152.44250908977
5446,30208.05450042812,20848.30956472371,89741.71439718758,53560.67491682871,83668.47394259724,48599.25243639451,15755.93403297771,19564.30406027985,45469.17159625648,171528.4444171254,135081.0416294291,73224.1629118151,75805.1309319651,43669.0088906834,160594.0592058819,89015.45960840448,71472.69479547949,57169.47386641722,203978.0889989005,54562.63456725783,10640.39242043092,44955.42506633587,75104.4831414246,32796.40215694213,45904.20666997536,2372.011714411228,53752.93758448129,29580.81705893312,16259.38450534835,25321.23236585906,72416.47296054909
5447,26630.44590228286,19577.66934299304,83211.0974019734,49351.7164421541,80775.52333770439,46695.42058127223,14047.56905322471,18369.73931481353,42614.12764684692,176856.9113779998,132822.4703289059,70208.25837381683,72647.54366497652,40782.21384806524,153698.692193685,85923.65649741431,68686.48072111874,52901.35488099709,198616.8039607561,52237.41804635384,10574.69738802526,42501.47845948895,68467.00145244015,30371.0707763329,43864.05014861315,2134.098110838287,50131.11884119791,27944.33043573225,15944.12722597947,25055.80782463437,72984.47803774304
5448,23726.45016888598,18533.49845579663,75780.4295445381,47255.79885360367,77191.99459026089,44481.84747125676,13065.26635943023,16354.83347961472,35704.57503050761,152009.860560668,120935.7760942545,64871.21135305372,63145.81122621283,38004.41332531955,151808.7477772213,78827.62937124494,64069.23345405482,48780.95417991532,178123.8943043617,47553.11367369091,9870.489302625425,40785.74677831908,64363.01324475211,25659.8169521012,40606.10198298479,1880.846916427307,44671.83070765932,27264.70173036333,16906.73181640842,25198.69888125984,71191.61725167105
5449,22152.96228099413,17707.90751201777,73482.464641399,47012.19061690332,76999.4428297386,43285.25667604271,12447.15990015852,15669.54048567455,35721.16084667388,151651.4670681634,112925.1635556542,61263.18899077821,60604.95582296345,37070.85355825537,149481.889296309,77892.55194852846,61922.30682235566,46875.48462026737,172937.2767352014,44377.42764566383,9315.049711977537,38524.28560550615,60343.62853432024,24258.87286720178,39363.89989594128,1798.385139891404,42960.92978011534,26938.6560541631,16715.4274466495,25063.99897586146,70103.84460028324
5450,21027.1344609233,17306.90167120175,72104.04288885673,46520.95922205901,77038.40606336053,42676.67300611477,12331.42927881251,15121.2162669869,34416.90179921619,149088.7886697795,109129.8331059813,59940.6035172646,58484.16999101284,35986.07579900471,147035.6226420644,75716.81481947588,61621.0254475835,45115.72715634029,166743.2965559533,42818.04655370077,8915.52048878707,36618.26767008614,57417.40187054306,23985.51850041214,39113.8926817206,1753.630304120413,40934.30270458098,26939.39192967836,16977.58528620023,24613.95422502685,69083.8754432078
5451,20354.28384754247,17003.74180334504,70752.63257118336,45962.47018738772,76723.35539891783,42457.67539024961,11898.71474062889,14848.11659191458,33553.94283245042,146342.2525453487,105781.8140890348,57739.71829241379,55523.52681692265,35601.33156130322,143557.8088405624,73215.46569223977,61348.97719136767,44267.26910832377,162625.6493107525,41243.00301274586,8168.572056524811,35321.91350551772,55480.31285849203,23420.88965368134,38621.26535070807,1678.340960518531,40334.81032699263,26998.47341696227,17013.01202109615,24710.63602732937,68354.63960386459
5452,20354.29099136435,16862.29621431098,68386.13431876266,45348.11210638135,76468.59385406743,42457.67540077659,12014.60553462738,14578.47260596853,32826.87937242673,144699.1496067239,106416.2160083973,57387.66841177319,54645.43306695511,35601.53873609371,142020.7272635446,72857.84985844229,58442.3894835459,43806.18033771298,152616.7740782518,39926.2435122907,7977.009920393036,34068.37692794968,54015.85285186917,23705.38159484934,38616.21941993263,1633.755981175043,40322.77642613141,26874.46461093929,16857.13438788441,24588.51251455532,68084.9013788242
5453,20787.95357573708,16921.02159797568,69361.29104276269,45348.16064837617,77191.26546809934,42686.72485258232,13273.9756123257,16118.66147302426,33136.72836324236,146727.0343542279,111942.3176348052,60919.70400572417,54253.14163396893,38910.13406678867,144447.2529867859,72140.47707467437,57418.08168031777,43219.99006413251,150888.4529115154,39654.01890972249,7909.276903199263,32736.60390888216,54017.0797901628,25153.52348201227,40746.48761967556,1631.553727719342,41828.29039298624,27196.00575480537,16998.84132746805,25206.69956426023,68136.32090850317
5454,22647.23263506834,17576.68293239591,75589.58914681344,46606.75817381413,79889.69648518765,43341.74915523156,14956.27665548486,20562.89667263918,33728.32720786657,154083.2077880135,117565.0858785159,69751.34767009618,55804.94028641454,42291.23747288358,147226.8168243154,72141.52870880635,56027.72526053228,44797.59071592299,149570.1931115188,40704.3287333533,8006.795212139637,32175.00066879431,56425.14445162403,29182.03906709978,45366.94595321817,1631.57562502586,43742.99135973288,28324.52375655974,17360.19402571809,25134.71381567677,68087.63362479558
5455,25308.94719652063,18633.79463624134,79655.52206789615,50117.31849689258,81613.51017956459,42907.48484531429,15686.6296756573,21118.90125191915,35673.79020717486,165850.5324992907,135990.9537412769,67875.17214211228,56370.44733866192,45150.85159586045,146281.3904235993,72857.22829311837,58173.80981342649,49281.04656378317,153384.9408817455,42811.37522427989,7977.426357612735,31810.5807926657,58437.58479362007,31915.43367928876,47584.6329492873,1774.322902366027,46403.67221649607,29014.95852982219,17870.33900954018,25347.53778718768,68537.28443869259
5456,28666.16473000823,20011.6316504106,80971.10714320601,49433.06558852702,80287.64990604103,43379.42316275404,16110.64739510305,20319.98110299565,39410.6213280827,171374.0086778886,154407.7792171048,67031.65756459499,59230.30627607682,47878.56316378711,151909.7521407248,72858.98724043915,60240.99291180781,56105.99126956337,170171.4319257538,43340.95463198336,8179.622764296099,33773.82388382964,63919.2653165802,35123.93305461098,51528.39148831979,2010.615514661796,50579.76297263031,28269.66551046497,17827.82692865587,24427.57041017467,69666.09670688417
5457,31130.21459675846,21725.12830077434,86550.98612704828,49476.53238218833,81028.97718574994,45171.15022487444,17349.59415390165,20601.32859533268,45940.23479610513,175974.4674424174,162568.2264811411,68046.76069794384,65532.41094104285,49646.19733142659,156441.0577817515,77853.74046406348,65103.84703119361,60585.40719099719,203564.3140522109,48911.94812602628,9088.95825577098,38099.07749408227,72223.92478740322,36516.34801084107,53514.63464206124,2247.284407902565,53868.79851361014,29415.17726842337,17445.218189138,23861.68080120502,70032.14300678193
5458,32032.10287665245,22571.69248243954,87412.71439169056,47259.35726652398,80876.65267418545,46958.09726037735,18201.64479959578,20889.15153316476,48978.28312695154,181677.9291484634,160456.6232325904,64488.02887843826,69543.6012370652,51119.67874901792,160891.7260343618,80347.8078755962,68958.61304331718,61991.29432434516,212074.9581359922,51493.38126059504,9667.572119426812,41046.42139866629,77113.35544164192,37325.79339103005,55039.56614493946,2290.83021406015,56048.20112202691,29715.62621317075,17140.54826870295,24151.08861397623,70297.3120100056
5459,32943.67049701739,23239.5812834963,91866.0362205714,47264.8612694498,81783.97855361777,47855.46758984213,18856.60227616267,22089.45290303686,50310.16177053597,183340.5364948435,152140.1540022984,69357.06673634567,72461.92333154834,49044.24903340519,164723.5023203983,85010.4966336499,71579.35477223876,63735.35607160103,219702.5460326831,52245.63907214222,9938.112260490601,43941.74714408911,83036.2501283102,36074.80861891028,52030.41257092093,2348.318064224896,56259.74108010592,30327.89735460784,16956.32924658373,24145.77004809336,70879.13184332833
5460,32957.3560478823,22776.22365888632,87689.21301310745,48067.21265635731,80231.18026733157,47849.96176333639,16942.76368380651,20393.1267330345,50718.47994286098,171035.8366669539,162797.490765724,59496.3075450949,70386.9011294889,45938.62469053908,162878.8160940829,87185.31631352763,71689.57520396683,63079.62102463716,207614.0000218114,51026.25860838471,9938.117353217227,45688.06131518866,79566.88508013441,34141.13062833562,47574.36708931229,2262.263175698554,57793.92075145669,29334.38044491517,16956.32924658373,24561.23606329192,71024.8826569039
5461,31590.06430665419,22365.44155243201,86855.25797255877,45332.97764884328,78377.91398328512,47406.88535909865,16919.93778925944,19778.83084098126,51123.4470139443,158548.7132606468,166932.9745694343,62014.7809762859,70029.74622282288,46329.0371254491,163801.1834165108,88140.47975341634,74140.47015337231,61057.50739571123,200138.0604896648,50181.70682256539,10222.75213165552,47300.46399185502,80171.11293026054,33993.23659455474,48072.07599814373,2129.968264810456,58332.77637384475,29284.04361028327,17140.54826870295,24851.11883662761,71154.45391664338
5462,30700.08618245584,22661.62680324504,89991.8025614488,44712.21619695646,77859.8161666989,47398.75964142432,17364.54662388025,20053.10307690207,51493.49376709442,170865.3165138577,164206.2221950389,65603.95666594725,71191.58607909197,47431.89185004633,167478.5462827402,87245.91769174206,74151.49433897807,60279.99040933861,213122.4628088748,51494.03329461085,10243.26785946072,47724.61326385976,81072.374135165,35110.97057610888,48575.25084684625,2091.203620775517,60049.50960033968,29253.7615554347,17197.23104486666,25135.23486840092,70984.39423746653
5463,30695.79879734024,22626.39758825715,94284.73378940359,45981.33143128114,78357.16959253543,47650.81429566696,17364.52925450952,20327.95172042786,51340.51132723517,179693.2122445942,162626.1530253692,70277.9201246962,71191.57026260119,48190.89061344024,169336.2935347735,86497.30098555033,74163.74521666799,59711.81699201462,214456.5769769646,51495.74416480229,10141.00138205831,47169.03607027054,82099.40428638527,35941.91461443661,50077.0961702878,2083.398378078049,60848.33279764651,29532.57891142404,17098.03618616736,25560.11445062545,70982.3307341684
5464,31609.71579832607,22760.35112280358,96132.28455026615,47897.42673976063,80139.57362908314,48074.37315864879,17781.30094103985,21829.30232108165,51334.01327716454,182274.964806445,153931.7894732117,74504.53542029804,71410.48409711552,49732.5197038636,169339.0139874861,85388.9431164055,74059.63998320462,60435.06401352015,214604.7521217198,52106.75028075284,9870.951623526224,46855.24238421222,82082.78800480379,37871.67146726698,52533.77363168795,2090.214644298304,62389.80981749124,30191.26823175179,16991.75598147964,26615.2161878472,71035.63755433346
5465,32491.87779805138,22908.04017363651,96812.4158958521,52987.2747030948,83360.69846234263,48305.2800087358,18414.77173269395,23888.37378407806,50921.15770711494,185592.7219315341,140791.8598675849,76420.19466365459,72885.4026507667,51883.17117984633,168412.7727119488,83842.2410381722,73158.44224430431,64172.60506563542,214456.5656595254,52809.59570695707,9870.487930093766,46612.87252450341,82099.4053423199,39198.00024221205,53035.67907152573,2173.014398074095,59833.79743706995,31452.08886338975,17027.18271637553,26690.20355824398,71715.61998507084
5466,32943.6822730947,22661.36734395891,97255.32696474213,57643.52063700241,85965.95823395764,48073.83791423617,18310.70264349497,24161.91093645773,48688.50020811023,186518.7510556242,139669.5169001964,75886.08205899721,70771.82693030474,52977.45905590114,164725.5362394725,83843.5601381885,67784.55487897544,65185.19758322016,198866.6590131458,52796.27910842002,9735.59705505897,45317.55610721125,79228.5994141554,38633.90577693521,51072.37683670092,2279.833156011936,58446.03176994615,30521.70535390365,17175.97500359887,27035.19554532609,71677.9722685921
5467,32943.72053324516,22197.60436302323,95507.61839633064,57116.56659020587,87195.10272575043,47404.88080922487,17156.15691352388,23341.26954038653,48041.95268603886,176788.6330514399,145669.2070583868,77123.58844529983,70341.70161941227,51905.86073098021,163801.5326613123,82868.6065993676,63929.82152822016,65653.45098063358,198990.7372092032,51232.83119741316,9188.133659482033,43687.33003992186,76183.6691260915,39154.6094573308,50061.723317446,2348.737811046594,58680.24146310882,30322.67129391224,17133.46292106326,26269.67583872554,71916.8593194938
5468,32896.48265689143,22185.86816708758,92367.69676496473,56418.89661674599,85343.06696414649,46475.16511333652,17784.1040009536,22474.84430073905,46700.72763188814,179373.5407380748,145669.2033047334,82354.49481572933,71431.28849625084,48549.07983851962,165646.282899274,85743.32900629051,69010.4482962217,64521.78880779238,201480.4953577568,52840.89304259083,9937.60549669894,42524.68953647072,76197.64343429773,39154.99416449085,51058.13814277553,2503.807791134799,59976.02251679194,29585.86309593952,17133.46292106326,26612.74597783199,71915.24176728177
5469,32488.75046078938,22104.55636062544,90452.77379645719,55522.01011851212,85015.59058527762,47396.91935439409,17737.27656569699,21162.56140245224,45789.21758764754,172770.4382243135,142358.143486904,78234.20856695678,72634.05247892463,46952.86040630969,165565.9596204998,87185.31551932119,75600.49392926668,62090.46559173593,201480.6188699518,53598.49975361978,10205.1706703207,44947.77539033802,77198.0576309972,37031.93476619445,49225.82848605632,2511.842816136688,58437.15764619746,29308.96915972828,16899.64647042002,25983.77073510697,71741.14791611742
5470,30210.78130800411,21197.88659678133,88196.8581846682,53086.21582407489,83438.12112099523,48755.79126587247,15992.75636855626,19062.0989839488,44762.8320922291,171307.6076426626,136165.2795774587,74837.80845336863,73094.92776348747,43660.18961976434,162886.5324667841,86454.1406925538,72460.70450500232,58007.46160215114,196269.3776911428,53598.49741886562,10410.51371270588,45187.99232840549,73230.93711694883,33251.54955452317,45603.204994647,2358.779651132006,54928.51295624349,29312.46882710739,16729.59814192889,25696.4172708044,71975.333737722
5471,26633.24418996356,19850.97074347856,81745.80668522342,49059.62066300736,80337.88778105985,47266.74741696106,14257.25123336556,17902.96177147199,42031.71446969427,176639.6251127797,133942.5035301737,72010.2377579007,70146.01350520091,40399.57663712317,156463.3750269591,83462.99457925047,69650.8859114428,53593.17608559243,191049.7852439379,51233.12799349643,10350.33220915452,42878.78008604354,67305.41577793073,30767.71642955591,43702.83254281262,2118.325338633093,51189.84735577647,27817.54494556232,16461.62589867373,25422.54447249498,72479.13447336819
5472,23731.44384451751,18619.69837043731,75008.84257390894,47045.55574206861,77426.31398646468,43820.57222739924,13240.28499877979,15969.72015844795,35709.378442612,150909.1861265604,123013.8402594288,63788.38871144281,61079.59283329892,38642.20772400105,149664.173110197,78236.08971285798,64991.10402484335,49793.98432702918,172006.5589133532,46532.94805349778,9451.996605046663,38404.72144482281,63214.40767916202,26034.23568492785,40805.81820706049,1868.79664950426,45249.94609700899,26928.7348035827,16901.84853703298,25044.41037681946,70136.53659564549
5473,22158.83497004387,17771.33961450834,72897.3050891643,46796.00852296382,77221.36096137455,42183.87082319945,12676.04327734464,15282.23468269577,35725.78635243102,150601.5415594978,115553.1492026266,60697.89511376418,58578.89634380062,37682.64220674981,147661.032387082,77188.67231399914,62820.80667918006,47872.07538588921,167250.884667511,43397.06864840562,8921.462445141662,36385.87324780659,59524.07998587803,24653.27782260623,39527.20580742154,1782.820827013503,43656.35876333447,26625.74136596823,16739.73808793908,24916.37109834324,69351.95408640092
5474,21033.63608252985,17359.27499728064,71630.71080989366,46292.80128259787,77262.83361566995,41351.44778340329,12570.39797299373,14732.15619118292,34435.51732877934,148401.7413318699,112018.3648391287,59565.0191147091,56491.63011127347,36567.64628642283,145555.0958228633,74751.54265077577,62516.24565771257,46097.13566720695,161571.5470982915,41857.23410310739,8539.84776669283,34684.33579995504,56837.41621215775,24383.82319833753,39269.87060613999,1736.158797919646,41768.69409166367,26626.42521325803,16961.88944369019,24488.58011357274,68616.27649826778
5475,20361.16135047748,17047.75470956368,70388.9366038821,45720.69671261086,76927.492164836,41051.90201818728,12175.39223854075,14458.18277878108,33581.8148180161,146044.117840947,108900.1843732313,57679.82522906557,53577.78071132874,36172.18440333367,142561.1232584172,71949.68204240363,62241.23597659921,45241.35757282145,157796.0250559687,40301.93343464914,7826.391855960252,33527.05647130839,55058.91185377299,23827.24948951434,38762.80382497486,1657.661056142977,41210.30789630947,26681.32949274473,16991.90989701878,24580.48120416358,68090.29739414809
5476,20361.16849030857,16902.40839145202,68214.42568739984,45091.36105168944,76656.32274445731,41051.90203258611,12281.18375733713,14187.67611141245,32862.5501423935,144633.6801439337,109491.0351606584,57378.27280146438,52713.56547295428,36172.39734929815,141237.8839093411,71549.10232854557,59303.00814240873,44776.29077266758,148618.7626998476,39001.67926515809,7643.419200295334,32408.00119415355,53714.34354108558,24107.68279670887,38757.60999240571,1611.176121779225,41199.09913975418,26566.08841710999,16859.81990265279,24464.39644215631,67895.74213191439
5477,20794.58881337529,16962.75327992572,69110.47069375045,45091.41077710099,77425.53790530981,41365.19673692535,13430.80633433086,15732.79255850761,33169.07556434733,146374.4141088258,114637.77478693,60403.67904728217,52327.47431323135,39573.15871657227,143326.8259450446,70745.54455147574,58267.55007240985,44185.04316007818,147034.0434967077,38732.86694642789,7578.723272997797,31219.10279930068,53715.4700329964,25535.16512551177,40950.31870152613,1608.88002096572,42601.3825505733,26864.89580400705,16979.9017159672,25052.0154428784,67932.82971962697
5478,22652.82920488212,17636.49617666037,74833.48451998526,46380.69194714439,80297.76092964954,42261.14144936912,14966.50366013247,20191.24635502871,33754.32867425266,152688.9450325325,119874.5449525302,67968.52634066371,53854.74636405968,43048.44798375238,145719.6906427165,70746.72252867877,56862.05870496701,45776.25451418895,145825.3146678366,39770.01133533211,7671.868945326797,30717.74920441244,55926.39243720051,29506.20888855451,45706.20776249506,1608.902851409321,44384.79569814928,27913.62478194141,17286.11034187796,24983.58923810912,67897.71283084436
5479,25313.05682586738,18722.76047826159,78569.55975838247,49976.83704465836,82132.59656239585,41667.15308786897,15633.21024307775,20749.02977917977,35678.92383006989,162790.0032046233,137035.4932464473,66361.46632962253,54411.31542286289,45987.72107783874,144905.7940780916,71548.40608851348,59031.50480524153,50298.39124294397,149323.1044090971,41850.6463975373,7643.816964830357,30392.42484389561,57774.07929978793,32200.60820200087,47988.89760923399,1757.73319551782,46863.03815160026,28555.24410300518,17718.40487092928,25185.88951199652,68222.0344281938
5480,28668.39888304371,20138.59492269391,79778.4151230109,49275.90257396943,80721.34447532904,42312.67209899518,16020.27704095748,19947.55361711845,39375.67214960282,167531.3488852353,154188.0199053146,65638.94408901148,57225.97350852488,48791.41726734016,149751.1255206707,71550.3763553414,61121.19055657365,57182.21795453324,164714.8471145408,42373.58762765948,7836.947059554864,32145.04824621158,62806.98828884593,35363.33431388789,52048.25205871063,2004.095237957842,50752.78140096783,27862.64515000925,17682.38032777455,24311.41258622561,69036.21776026579
5481,31131.07223275006,21899.34568860874,84905.61424542885,49320.42905479988,81510.41681694803,44763.40313440366,17151.25608423538,20229.80123431484,45835.24627380014,171480.3774655612,161788.2596658737,66508.44250659326,63428.47168767235,50608.29161670926,153652.0257829258,77145.1980271471,66036.9800539066,61700.27990251777,195333.1966276211,47874.74977331562,8705.508734243369,36006.28210583834,70431.76596910374,36735.88472624651,54092.71418895572,2250.849596269445,53816.29331666649,28927.16638340378,17358.15942958675,23773.50502782483,69300.2375663411
5482,32032.45668169253,22769.25607387073,85697.4329237605,47049.20090637306,81348.28187018954,47207.59603137064,17929.05498257218,20518.54501412527,48840.70723747032,176376.2225185878,159821.6161169483,63460.1692976932,67376.26402530196,52122.81913654606,157483.507110653,79938.90209624656,69933.70773930672,63118.29628495434,203136.7121837755,50423.82513242659,9258.178052802332,38637.43049754612,74920.91111136843,37533.78235395373,55662.34311529317,2296.251073871507,55846.25796034449,29206.37284201283,17099.98353068091,24048.60223314961,69491.4971660908
5483,32943.51506383833,23455.5636413568,89789.46929928049,47054.8390926786,82314.0439241318,48435.02255361753,18526.93634831674,21722.68655009517,50158.29959799855,177803.4027770741,152076.0651604354,67630.80041241474,70248.4612418639,49989.57511849746,160782.1981068571,85161.76515763994,72582.97797237757,64877.40487264045,210130.5425239722,51166.65353477214,9516.587407980687,41222.14131690148,80358.91315926601,36300.64444693493,52564.98793267919,2356.188725093307,56043.29297992609,29775.35489403134,16943.87717281247,24043.54665915973,69911.14888667238
5484,32957.19296940586,22979.42772813435,85951.49999101838,47876.75119244871,80661.23791879666,48427.49166335059,16779.87875702023,20020.93326452639,50562.23798015659,167241.0624149938,162001.7851596345,59184.4522224908,68206.23533255591,46797.4388096226,159194.1487555045,87597.86714956588,72694.39822628164,64216.01249122062,199046.404129923,49962.55777419572,9516.592272353866,42781.10826187137,77173.57638815131,34394.55279555118,47978.33084558595,2266.466672874591,57472.2765361833,28852.08209586352,16943.87717281247,24438.46875402003,70016.27520961653
5485,31590.66505216162,22557.31723938025,85185.20137335679,45075.85762765729,78688.61232356672,47821.4500859925,16759.04201953052,19404.67203416903,50962.86120637556,156522.1298603149,165853.371649584,61341.67998704122,67854.72535675624,47198.72678631409,159988.1942724033,88667.78369485776,75171.97278549446,62176.45313759247,192191.6220638802,49128.59228506649,9788.4642735599,44220.5299401145,77728.33760883939,34248.76865545477,48490.62815121779,2128.534114873093,57974.18373647317,28805.30420038123,17099.98353068091,24714.01743410863,70109.73163542624
5486,30701.18410542433,22861.67056689394,88067.28693652926,44439.96248657316,78137.14650204474,47810.33569870074,17164.90552483559,19679.82175883424,51328.93868448326,167094.6881091765,163313.8084194641,64416.0302476772,68998.2020167093,48332.30323379647,163153.9541892362,87665.74916274945,75183.11697663968,61392.2281467331,204097.1822644786,50424.46899331944,9808.06009387813,44599.17583655831,78555.81480322423,35350.55676138196,49008.5516094441,2088.117544984933,59573.20345818658,28777.16316197358,17148.01625628655,24984.08452587229,69987.07195130976
5487,30696.89911541389,22825.46981490569,92011.94474869814,45740.01777919798,78666.53189373176,48155.09700572737,17164.88966911447,19955.54973522542,51177.59719776113,174672.5437816611,161842.2096039579,68419.56811265234,68998.18645020243,49112.44508082517,164753.247487187,86827.19382594794,75195.50121322223,60819.15283028728,205320.4481609123,50426.15841807702,9710.379156853394,44103.2018047841,79498.76455348045,36169.64634193454,50554.417674975,2079.979687800127,60317.25269480772,29036.26743884158,17063.95898612688,25387.95470667466,69985.58359931504
5488,31610.30556572239,22963.11746569016,93709.60892154985,47702.82602512368,80563.73137003068,48734.44241651968,17545.34188786395,21461.70365929632,51171.16884847216,176888.7172495528,153744.7064373019,72039.92469566125,69213.64029176011,50697.01863224719,164755.5894644316,85585.67810960025,75090.2627255538,61548.63964378497,205456.3117965842,51029.50568807941,9452.438195878218,43823.07238007856,79483.50860549416,38071.87279551663,53083.10306105093,2087.08642402654,61753.03323266809,29648.38578928853,16973.89762614108,26390.8838828558,70024.03244124129
5489,32491.97475438717,23114.87942525752,94334.56312724423,52916.76058710962,83992.31222007696,49050.27767723572,18123.60902065355,23527.36278154532,50762.74173860061,179736.6761989032,141506.821403751,73680.80494319757,70665.2473547573,52907.57982906083,163958.2089474476,83853.15561655752,74179.25485422046,65318.42621926037,205320.4377838112,51723.54107997429,9451.99529405814,43606.70432558059,79498.76552296837,39379.27982876387,53599.71990263925,2173.414626400476,59372.28231449431,30820.06327278518,17003.91807946966,26462.16328555496,70514.48632521188
5490,32943.52683333703,22861.40395234486,94741.54206895568,57686.52223397894,86765.3633201539,48733.71030719278,18028.60900705233,23801.77507089094,48554.03265047536,180531.578547652,140461.5262906604,73223.3045678141,68585.0772759371,54032.35078519408,160783.9490625591,83854.63319293178,68746.869176636,66339.75484842889,191025.8582154024,51710.39140247796,9323.152809168008,42450.35141311245,76862.98532724513,38823.23287777365,51578.87111493467,2284.785384549837,58079.67340089023,29955.46018672582,17130.00398400952,26790.09614471645,70487.33199307772
5491,32943.56507211384,22384.8515040444,93135.62017277301,57146.7214507408,88073.67066142405,47818.70825511235,16974.67588536637,22978.50816813722,47914.42026544075,172179.2562999807,146049.3430139265,74283.305083316,68161.75021308358,52930.90143270969,159988.4949294865,82762.54897099294,64850.17450814468,66812.0480879883,191139.6270586981,50166.54101494244,8800.237198647046,40995.01846455588,74067.33589936198,39336.50806779214,50538.59422686914,2356.626359106903,58297.82373001749,29770.49832879852,17093.97943945548,26062.42977700392,70659.63509481806
5492,32896.35358473173,22372.79165205799,90250.43153706625,56432.04281717717,86102.35484023283,46547.03961863849,17547.90067579971,22109.31094395731,46587.58174782469,174398.1381234048,146049.3395179581,78763.89888919052,69234.11587168385,49480.61222037313,161576.5993870418,85982.63983486284,69986.10725316501,65670.62253368278,193422.5173137761,51754.44610943317,9516.103367039053,39957.10779317746,74080.16616575423,39336.88728662258,51564.2150691933,2518.304528578588,59504.75526013775,29085.78429925505,17093.97943945548,26388.53581952867,70658.46839590199
5493,32488.84916418113,22289.23746158104,88490.86087396393,55513.29091240383,85753.78739887217,47807.8185471578,17505.15400605822,20792.82961315747,45685.84893859211,168730.0424224456,142965.5810347729,75234.61969026571,70417.86984104423,47839.92762882127,161507.4508625197,87597.86625994353,76647.8898842176,63218.32314948097,193422.6305636458,52502.55636381848,9771.671149741902,42120.24133095597,74998.67894340711,37244.11599056936,49678.19839646708,2526.681960066142,58071.40776085481,28828.46745161275,16895.84444720683,25790.66207923365,70532.89896701787
5494,30212.15257629258,21357.56392677635,86417.9613400302,53018.11381691055,84074.72127236675,49666.48867443926,15912.65959939426,18685.64711187177,44670.47287994398,167474.350311986,137197.8517678093,72325.39359567498,70871.46086583409,44455.5344084864,159200.7916091715,86778.84826575547,73473.92177892204,59100.09316540141,188644.3786234424,52502.55405833008,9967.806787745467,42334.68743250327,71356.3367068974,33517.66271028989,45949.39181688413,2367.096124578035,54803.34492550317,28831.71968382162,16751.74627038997,25517.51763916799,70701.81119266493
5495,26636.61401391622,19973.50337444188,80490.2654737928,48893.35334692147,80774.81791245201,47629.76888002324,14328.39463928797,17522.80143122371,41968.65035843286,172051.3480546114,135127.6673346782,69903.4049675845,67969.15500297472,41104.09201173088,153671.2382030493,83428.3465794874,70633.51645469759,54647.72353290718,183858.469301236,50166.834090743,9910.323770751307,40273.21097291786,65915.92304413716,31069.26457678087,43993.31735348421,2116.395034242663,51321.03332590545,27442.49063125426,16524.66781549876,25257.18727452451,71065.18973948558
5496,24540.09836638693,18981.66194611464,77218.17819381868,48664.66471119098,77599.91954627592,43860.89566648025,13031.28092576739,15562.38709532582,36888.06053755226,177197.0150652374,163103.440106565,67141.04102641426,57849.34593051604,39359.14996178468,147223.2676620909,72670.15034865042,63944.03193155582,52850.39404895632,189608.7340873386,44299.34965105141,9040.799970575496,31940.45371994168,60765.62906081511,26896.10629048443,43069.10662151958,1995.416315764485,44966.29023070206,27676.96829755851,17218.04358947025,24815.45133894099,68869.15528674673
5497,22487.37872281247,17828.1011482462,75501.15798075606,47648.85395783133,76694.02017635165,41777.96949182793,12496.34987725803,14724.00209498015,36101.74721298458,176197.6178759259,153723.4538291004,66548.8238268803,54688.63579182736,37759.34982294467,144389.8834834279,72291.62369071922,60450.69691893477,48890.82179839593,180720.6008311654,42492.66368635208,8510.012059125753,30440.11647221349,57960.1621495787,25569.29884060502,41309.68177580998,1848.312695086693,43449.9315938417,26109.6874280737,17122.02553155433,25279.54585136891,68152.7517129735
5498,21672.01214795387,17493.4461610235,72172.16436717017,46137.25726126191,76516.95969686992,41316.99118506026,11838.50464897113,14411.25936947131,34253.43544117108,170673.2391957322,146716.2144053391,65390.79539484675,53326.20799925861,37523.27408423648,142489.6282220455,72647.06985182311,58771.61957079693,48326.48680739015,171215.6388495915,40205.87321923038,8103.15362393931,29418.72090102083,56097.4919614172,25147.91408909819,40442.99044636617,1774.073834045225,42096.71224963658,26003.94535247264,16971.10991344421,25116.96621354764,67142.5740793103
5499,21379.45678854474,17210.88794831441,70010.37164989242,46165.87563852215,76472.81318220493,41469.44880872883,11990.49153675365,14108.79507226044,33035.06733899013,167194.1433543031,141132.3187188601,64436.52368895162,51613.99087632071,37298.41336027528,140877.1540615247,72048.18772563903,57153.47433153059,46979.76878696214,161269.5856593925,38871.66979307573,7770.568523390973,28690.87988701585,54195.34868456359,24511.95331204109,39742.63869050606,1701.938284056413,42110.52968111268,25907.89096329714,17000.47821349607,25279.50399647564,66852.59422187584
5500,20548.47998305927,16881.86633474478,68908.37139686076,45884.71963448754,77437.10562987754,41461.48501593918,12132.2049468172,14395.05008969763,33012.30421818166,165754.6763497296,136462.2147558216,64432.09283781097,51145.73120448249,38440.8010237605,138622.8589775719,71857.12849263819,56989.32522405744,46498.87659850808,156327.8599701769,38207.13678972425,7534.331577515503,28174.52134739347,53261.95751363929,24518.12293030336,39251.82219419583,1632.623409874985,41436.34850805475,25539.75098202403,16982.34879492609,25434.27407115173,66849.35417083958
5501,21338.4196308516,17042.94886908893,68830.7863859112,45884.85322917532,78681.29502071798,42271.45284872665,12585.04631892852,15541.30530014748,34608.76723574345,165629.7647890332,133312.458741037,64433.58607823798,50994.12210126194,40885.34786472959,141248.1448257114,71650.07860853295,57791.87668997842,44971.94572532265,150239.4206738812,37652.08294349182,7402.371092108659,27642.93376653798,53237.71515802544,25148.75034953902,40274.35568463228,1620.440172132245,42128.65848597273,26477.34970105983,17239.74167455159,25666.50542574503,66647.13020258496
5502,23021.08668423495,17532.56662361992,71366.01543002216,45983.02263021216,80565.56604233092,44207.84288571923,14453.39814540224,19104.03331379137,37151.71232606267,167552.6489568387,136459.2889376195,67097.22371588896,52550.42177669312,43026.06697050084,146323.6670770699,73071.00431066149,57723.84088304143,46475.16770206098,146470.8599191267,38967.10473854334,7569.886747193028,29106.17436726508,56470.20204803367,29122.35449391124,43037.19391068182,1633.206633555676,44910.07604106938,27968.06080899927,17403.86877412851,25743.75418305717,66814.110715256
5503,25027.62593101857,19026.92893420029,84371.43622400689,47072.59347104214,82086.79926188887,43371.80628951498,15431.24820390226,20156.46446950674,38211.12082670106,162317.9855226191,127366.5028407135,72008.69278955774,56542.4227036517,44517.17626133399,148910.74615137,74519.06146203504,62164.4740420717,56055.88315248815,142068.4024977126,41767.63038905209,7815.696040478248,30862.21796617462,57021.77135138105,32601.6373878742,47503.3607231428,1789.320051553927,49429.96548584378,29116.93287077252,17546.44229912064,25310.58676286489,66738.75008599828
5504,27434.15384161938,19692.50508538611,82124.09550427209,48665.63688115028,81727.23188231926,41558.54701122008,15835.94925374823,19485.08761744218,40076.05725565382,142494.2171992339,120796.8361906344,68362.26171712803,60807.77498803233,46922.08406786846,149101.9423464475,81909.27318629464,65144.58158440325,54768.5497077166,137878.49778771,43034.02132615115,8055.970909954824,32360.47293131467,61380.56589138984,36644.62172461133,51970.35104098449,1994.876386621145,50712.43069824101,28858.89247570427,17119.35936549639,24669.3077178478,67228.00721821091
5505,29233.66674955943,20765.29246911025,82770.03212670596,51444.5915344177,82586.5822334975,42960.52123698041,15879.33576702007,19553.80003769489,43494.35982717239,141488.8518967961,125561.2486155798,64399.84192874999,64088.57823868191,49000.20354804915,149101.9423328335,83674.7130276998,66674.67237094736,55297.68578203804,142264.5749470154,45307.40164977406,8673.092843224338,33964.47914345357,67232.6170597431,37888.90371840543,54640.35021258577,2214.393788301895,51584.37042960582,29513.00142572432,16775.67334096427,23991.1236823105,67348.35546365299
5506,30328.76529814269,21516.25469492996,83497.72500621174,49784.32084459749,83185.62010636422,44371.50345514335,16003.12686612697,20466.46549360163,47130.62248038824,145010.3527525439,133952.0520746043,63180.57485443389,65962.5073222438,50370.42564813155,148054.7356850938,82782.3521652841,68166.56681055181,55294.32743404205,153603.1712629817,46845.1513992594,9243.96523779071,35853.84348880907,71816.00355963214,36611.84793553183,55706.78372205084,2343.929860430441,51856.71139093486,28826.78270558669,16501.70946890578,23654.30283034496,67924.70562456232
5507,30861.99269129882,21747.59190234941,87176.474870385,48664.66442871282,84990.29427861264,44001.01521587627,16448.46777531285,21519.79816576126,48054.13191982137,145622.7649222958,133014.6951960438,63342.46559909771,67814.0002655956,48637.44063630269,146479.3433565786,83549.9664768596,69170.24961482112,59078.19776809691,163724.9120868566,48361.90412246925,9203.952453762568,36937.12178871753,78193.89008625018,35310.11203430656,54075.02014061211,2380.780552249616,52253.88379496126,29117.06647080974,16509.74381195806,23730.93118544668,67759.4542969823
5508,30343.27082783421,21132.1412661039,80406.60786398606,48665.08514947462,83519.06474913255,43039.06614292954,15639.08820125285,20163.81062635666,47438.10172990127,142135.8163004372,127373.7164121265,57802.16249344504,64062.45346005275,47161.96234264861,139095.8445741342,87124.37126598963,67982.19360319886,56505.13960211177,168655.624047926,48386.00340647698,9025.291120237745,36965.76218601544,73976.1699211266,33855.07936820218,49586.84902726461,2342.257014322703,51672.38295877137,28703.18105336445,16802.14144153484,24041.96051608508,67795.7796623677
5509,29808.34787946702,20288.20170747858,70412.50918184654,46375.97752429172,82529.59502580622,42590.85603065581,15757.75487019414,19252.94395854458,47383.93804803544,145804.2165020838,122599.7172620262,56450.67660372087,61590.51165631305,46196.68017957905,140153.4607447028,85556.09826380218,69187.06468241918,52850.3377102731,170961.7167611819,47091.90901775048,9070.08613138602,35675.30945303253,71939.76571898937,33520.39695992343,49055.16271230789,2166.360475719132,51342.65996875259,28501.6439809782,16952.20616167467,23732.72599610717,67065.87023421217
5510,29017.92423399382,20055.58067291249,73240.55439325966,45403.50200814252,82869.6386179798,42145.47972350234,15083.73737219111,19387.00486325806,46711.43609932111,146123.1440912554,117030.647988396,57207.5976864209,62136.85021459175,43386.82756138098,144386.3551427486,82990.29646183288,69237.62985473563,52116.45461122113,176050.2687992368,47345.80178518231,9204.258790773942,35443.77408907723,72974.25050671419,33659.24188183763,49025.75223379685,2145.524868928079,51998.73024732829,28331.91614440958,17007.79557141712,23732.56418240338,66702.6480285692
5511,28497.81471061186,20000.91392295423,76660.3220474888,44876.77309938263,83345.06173265778,42287.11885121269,15638.01761386548,19857.52904380081,45786.47012748545,147456.5462081628,115995.7969825379,59529.91933832692,62093.00314599713,43013.57401655534,149142.0470124492,82827.49656414556,70847.78409666994,51382.36594441361,173585.2380385727,48361.3764501755,9245.121638195402,34558.27706540276,73897.95950287308,34064.74270016368,50651.33447757532,2101.862867654291,53347.53395741196,27840.60160682705,16970.7520167084,24197.14232928244,66936.34084869095
5512,29809.62769159863,20705.11139149969,80488.33202312283,45885.87773959182,83728.22404611432,43681.64318708372,16594.66418681509,21147.59279589763,45917.84093453747,150834.6029414007,122667.1271896027,63179.35854973031,63459.05030451609,46116.74286834529,150147.673034417,80962.84521344153,71526.45065854161,53337.71845336555,176050.9402737211,48622.14365564529,9284.00588641995,35741.56427597734,74837.35460446194,36170.14853284439,53843.33602641979,2146.020217818003,54594.65034486269,29912.87869121538,16958.2479006698,25039.59096773055,66068.10142629032
5513,31339.64826197495,21580.12757269349,86965.15953981238,49165.90483577818,85975.68780919978,45955.91507018969,17511.68236643144,23800.44574811124,48031.21727874345,155963.2014879541,129252.9338256442,65974.12730290768,66877.08124023532,51293.44510143805,154850.1078205483,82557.13846952055,74182.07112140948,58741.98605329851,177179.8106661199,51145.04337159015,9574.848617095598,37193.03712753169,76712.34449178871,38100.89948869427,56234.12576543342,2215.87700958536,56213.72025266216,30453.23712191976,17118.48371755875,26131.00941586564,66031.84432267267
5514,32469.00694367634,22676.63078301075,97542.16935888941,54343.76314243324,87393.64539449805,47647.97554420453,18375.37462148492,23184.12591030597,49768.27804940406,159059.3957556469,133949.9115361365,67968.58044018423,69384.60719305856,53770.12086818406,160625.5381861239,89595.23804211307,73494.55389647001,61749.90297283599,184679.7559805392,51913.79118752403,9694.406330096628,38006.78201239702,74952.32457118061,39593.22949573517,54943.17674925716,2284.951162680198,57373.25986377135,30828.30781987997,16814.60012316497,25980.17973888521,66434.02334946474
5515,32969.29079817161,23182.93340915554,97121.65530142322,58282.73918085499,87006.41066074028,48443.93465250472,17985.60691376114,23157.45442105854,49635.28454920805,158493.4720460367,132140.332496103,74150.098965596,68271.61936686112,54507.15887747108,154960.2859176163,88056.4740867225,76246.44131864463,67526.65012111874,189611.6484142485,52679.00848626081,10026.14125708998,38730.19743353216,72048.03984831246,38552.62569606301,54362.83070121187,2307.225933814243,60407.96680972376,30795.43813947454,17170.90411827957,26424.89504526757,67487.9547033816
5516,32969.29080122439,22717.56892657931,93902.91712920021,55993.44635047382,87120.93533764625,47373.13206853752,17529.48885072764,22275.49988133104,48583.65298388419,157928.8047812954,131938.1801608892,76019.64714033576,66424.62694297214,54965.69480379281,151624.583989726,86147.61876209168,74634.61728695527,68502.97413157174,188377.6014577045,52677.91489298191,10019.41391243668,38831.66100584294,72961.37007142432,37039.3796445179,52513.86587901282,2494.82779889121,58996.39727053111,30273.95323031022,16959.90627762307,25830.47975994724,69165.20620577515
5517,32440.19139157609,22710.90973691426,93943.27869138595,55488.16650970351,85660.09681714013,46529.99836032366,16572.69456108273,20917.32316068935,47381.77034387702,158972.1775410113,128643.6727488729,72990.81376628378,65791.586262988,53628.56728328858,150672.7742528764,83697.83895951403,72912.68865811592,66579.6480606829,190841.2976690781,52092.02914291847,9858.08113986178,37734.72549982213,74268.62270649947,35339.10767581587,50647.45365339889,2517.96953964022,56459.49534452376,29348.28180901313,16847.73804055718,25512.0887177694,69350.20785133497
5518,30557.5540000946,22066.81912866754,91609.02465490384,54133.04647272413,84428.12801870712,49342.68987537819,15423.47995257498,18800.31998613766,45018.65332806718,158991.6524364761,121731.1837746621,69672.2579986021,64062.02038741772,49432.92336985556,148009.8015997425,80115.90357565372,68329.96524666458,62446.77533576899,194582.7863832088,50877.80110282669,9694.722847061246,36380.13823570536,68595.41790813683,31972.29013601026,47461.69439245658,2455.690757641893,52526.17312407681,29686.70862134181,16766.95377250026,25581.97583154819,68814.04031863595
5519,27452.21548024303,20587.89399012805,86611.50082444925,50981.58676004177,81994.79153246553,47023.18845014416,13867.42473586878,17446.46540867821,41995.41882213475,148509.7611193502,108674.3897310966,66038.02589528605,61104.14855027922,43390.40691928996,144271.1214559932,76537.37463966766,65753.09070383513,57272.45370625034,197983.8136411601,47417.45637327603,9367.756228082406,33788.63289357374,63585.04151662756,29656.97897111294,45064.03307059933,2196.442640131334,50090.70100049763,29743.40817800208,17140.47589787979,25518.27128762403,69000.9115706587
5520,24850.5032046334,19146.29705556014,78030.36510476127,49095.81896025385,77601.83535411718,44457.44613869941,12884.96855215322,15545.66409559389,35911.1395094248,178081.0710895982,159726.8185605948,67962.34004475921,57932.45416827252,40263.67428557453,146297.4998672199,74298.44158543971,64865.29384516045,54152.44028306419,180147.2227547787,45103.68359243924,8880.463728981904,29158.68251606195,59873.5129979406,27538.04305447252,43349.42178274984,1993.030084163528,44839.25498492575,27588.32982168134,17856.54286538,24835.51026584531,67062.44312746753
5521,22796.14071075991,17961.49588587624,76285.85523854026,48070.46604214469,76751.58795696593,42337.19064623109,12364.36404805425,14682.15191230646,35071.78190507078,176956.6335136716,150903.3485606917,67384.69548643997,54404.83071307738,38642.11782821862,143334.823034102,73938.48339081596,61224.68259046993,50341.00314998345,172149.1527241466,43209.48443271641,8413.410730335649,27636.44432185307,57217.91818556745,26217.02029617594,41568.64161266171,1846.046230592723,43251.00357387138,26059.33574556111,17715.85655426899,25261.03305926695,66577.59732123777
5522,21980.12157468791,17617.77787722455,72903.56412786778,46544.66994409638,76585.40480592757,41867.95088213038,11724.13725658179,14360.03599467903,33098.78400154205,170741.0677325264,144311.8499157269,66255.16256731917,52884.24450738716,38402.83160162483,141347.8555475521,74276.49329251269,59474.81666892463,49797.78100271447,163596.0235826224,40811.92521881891,8055.406246662794,26600.13908300124,55454.7545321194,25797.4727221928,40691.43066680949,1771.86781247966,41833.62612723387,25956.17682214248,17494.73396481246,25111.9657038327,65893.9318466938
5523,21687.33207484891,17327.56751159832,70707.16090831069,46573.55715220901,76543.97033711868,42023.14078654737,11872.05362554941,14048.50655946326,31798.22543345449,166826.6820046179,139059.2477674056,65324.37254888989,50973.26342458263,38174.91290722503,139661.8011552985,73706.98907288416,57788.45170578393,48501.44626097012,154645.9743820936,39413.09495273994,7762.756649402941,25861.67351967017,53654.22649945166,25164.28464358142,39982.57826998029,1699.79099297004,41848.09866328537,25862.46892658008,17537.76459767026,25260.99468300818,65697.68000916085
5524,20855.69021483558,16989.63543785854,69587.51752882893,46289.76006871948,77449.02355930464,42015.03427004743,12009.97166148301,14343.34090762343,31773.92672459058,165207.1149230216,134666.2219147668,65320.05072734857,50450.64549094824,39332.83635500728,137304.6383425272,73525.30216884152,57617.38220172688,48038.54516254395,150199.1161954131,38716.37295392488,7554.886101521004,25337.77751421585,52770.69843448186,25170.42736318645,39485.80440327446,1630.532552762935,41141.95357769234,25503.32216385935,17511.20125035248,25402.90154195747,65695.48721558126
5525,21646.2620739436,17155.08035888849,69508.6903746449,46289.89491834823,78616.77885999948,42839.51800215898,12450.68501813046,15523.95045928773,33478.08629049548,165066.5749515097,131703.3414924109,65321.50722372789,50281.43673561341,41810.62756094912,140049.7209265153,73328.40902824498,58453.76860290069,46568.73967310435,144720.3770197592,38134.43312061831,7438.770909214249,24798.43016389807,52747.75114055729,25798.30533665714,40520.74907139179,1618.359234226335,41867.08698122008,26418.01646983579,17888.33504712713,25615.83173630445,65558.62658769391
5526,23330.27581394367,17657.95778792232,72084.5086713279,46388.9864878056,80385.29375783839,44810.61119857521,14268.99857239914,19193.45676516464,36192.57710773771,167230.0423252018,134663.4696858864,67919.60094328587,52018.4005815425,43980.45915745438,145356.848813836,74679.63182779127,58382.86446013681,48015.72326093831,141329.2022969585,39513.15262576396,7586.171947066923,26283.03019840145,55807.55390700186,29754.58513268507,43317.12172584647,1631.115301601382,44780.37559858865,27872.3112919217,18128.8151890297,25686.6602122281,65671.63523848024
5527,25338.42095153273,19192.78995002314,85298.14746070011,47488.79236939993,81813.07329752095,43959.59150974614,15220.659812118,20277.43026738239,37323.45274388063,161340.4397470515,126110.1602280315,72710.21389068197,56473.8158158361,45491.84663672229,148061.981176963,76056.6551549438,63010.71120209229,57238.00595171891,137367.6097163237,42449.33159522797,7802.465432746376,28064.70737865129,56329.65758064244,33218.69884857865,47837.49741300949,1787.101617001144,49514.55959304029,28993.11778606895,18337.714886947,25289.49410549013,65620.63286162446
5528,27746.87487531807,19876.39102583621,83014.82660721728,49096.80026243183,81475.59516393411,42113.83576916372,15614.5221425071,19585.93162285049,39314.19679510091,139036.4046370137,119930.2730851683,69153.51025571019,61234.31459706699,47929.45974123119,148261.9020143848,83084.34320389281,66116.45772213761,55998.83409587901,133597.2846855867,43777.06463561438,8013.88904633596,29584.83289446625,60455.59901388003,37244.05634921053,52358.70660099274,1992.490594613392,50857.82835130418,28741.38100860876,17711.95006963847,24701.5129006039,65951.7510712558
5529,29547.82798495748,20978.23130110141,83671.10473499745,51901.85942684492,82282.15318084863,43540.93558126507,15656.74667647164,19656.70341863274,42963.09624490295,137905.2522426663,124412.0120616601,65288.59341382475,64895.97225975709,50035.84039493428,148261.9020001496,84763.18014896351,67711.05592645105,56508.17418478277,137544.1373338093,46160.56413850318,8556.909418967776,31212.25334514383,65995.0251472546,38482.91345066106,55061.11335086536,2211.829272181091,51771.10801683367,29379.51086088386,17208.37897039604,24079.69394449073,66033.20005368112
5530,30643.80297226133,21749.53085044782,84410.448045122,50225.99274495758,82844.39045477737,44977.20482318118,15777.22239748651,20596.72231223907,46844.65924789969,141867.3485225128,132304.9876381444,64099.32874678911,66987.43775278964,51424.69669045337,147166.9093415086,83914.59366698739,69265.84745603842,56504.94147896309,147747.2795201826,47772.80021065522,9059.233714557633,33129.19740130958,70333.5605131349,37211.42544918536,56140.49088211026,2341.259880144052,52056.36106027878,28710.05564169385,16806.96524287245,23770.8668716145,66423.26086390979
5531,31177.45712256621,21987.13305958013,88148.09503645357,49095.81867512217,84538.19836391468,44600.07685111946,16210.63616890203,21681.62435019249,47830.46814425424,142556.3831355662,131423.2443122449,64257.23585886029,69053.86259009092,49668.14412603767,145519.6288950685,84644.55298682033,70311.84473375737,60147.25003790861,156855.422884824,49363.02219164551,9024.025507359596,34228.28869266772,76370.7311196229,35915.36493116023,54488.92148704118,2378.080569297559,52472.36398715428,28993.24812241738,16818.73721692359,23841.12650805708,66311.42248665397
5532,30658.32011114353,21355.01498218553,81269.84183021977,49096.24334798511,83157.35064552286,43620.88813564302,15422.93343047339,20284.99659542695,47172.88088448679,138633.1621202618,126116.9458169516,58853.26254815963,64866.81476735508,48172.60021609775,137799.2071623455,88043.61687780671,69073.7012200411,57670.45486438338,161292.3702649862,49388.28880931417,8866.817120045358,34257.34716384159,72378.32766418264,34466.67600032591,49946.2744179712,2339.588396014608,51863.29334835064,28589.47342970741,17247.16021126065,24126.3056387409,66336.00667594568
5533,30122.96904862616,20488.22011706061,71115.73669951835,46785.63266033053,82228.66685927795,43164.64539219248,15538.42196401319,19346.83040127761,47115.06334937271,142760.537176329,121626.1888974374,57535.03256352094,62107.91581613159,47194.19079688687,138905.0843499403,86552.27483698491,70329.36871131034,54152.38605211808,163367.529411024,48031.5104030925,8906.233323447676,32948.05724189755,70450.71111898974,34133.45275969826,49408.13466810294,2163.835066799496,51517.93771055864,28392.85966647145,17467.03605922738,23842.77214881659,65842.02041160467
5534,29331.91280448009,20249.29931257742,73989.05917755081,45804.02205522975,82547.82060721329,42711.28724011353,14882.45602918908,19484.90923674689,46397.19477591744,143119.367648437,116387.5335082165,58273.32814973975,62717.67648006299,44346.12587512662,143331.1336885946,84112.33734500759,70382.06567131139,53445.95891351212,167946.5106641024,48297.70136052823,9024.295060634404,32713.14207541978,71429.93223357787,34271.69233752038,49378.36721480535,2143.016423699321,52205.11323775192,28227.27807754321,17548.48604023361,23842.62378373703,65596.19980212899
5535,28811.38702255607,20193.15209483821,77463.57762969204,45272.34524253288,82994.03712884997,42855.46476408474,15421.89151559958,19969.53546725254,45409.83109025709,144619.599448272,115414.0803991755,60538.50461868743,62668.73939288039,43967.79630685828,148303.8367318011,83957.52352667118,72060.10274299076,52739.33389783067,165728.3296261705,49362.46895968656,9060.25125897601,31814.71914261813,72304.2953595578,34675.42523000998,51023.68024515569,2099.389970643538,53617.86569861531,27747.96576530757,17494.20957208247,24268.59001589184,65754.35784032139
5536,30124.24988502808,20916.4204184175,81352.87440073832,46290.92905265095,83353.6606924806,44274.98117253587,16352.9171423532,21298.26363711943,45550.064102269,148420.3044783522,121689.5993818531,64098.14237159801,64193.36512122805,47113.16638635722,149355.3513624327,82184.3418504571,72767.3813505122,54621.53295603138,167947.1148967117,49635.8673427677,9094.466440485665,33015.27920961835,73193.50661653483,36771.65179300854,54254.42526670866,2143.511369291874,54924.10969259474,29769.61960400399,17475.88845626989,25041.02125208832,65166.75295089148
5537,31655.49497467062,21815.13351345888,87933.39652780279,49601.76755620941,85463.05636952454,46590.01158993722,17245.37570496463,24030.62507459991,47806.00769364402,154190.5717747408,127884.6689224005,66824.14047382121,68008.1806438018,52360.26865249829,154272.3671010798,83700.42773274475,75534.96067238462,59823.61664185734,168962.9395016862,52280.97258816273,9350.385926529558,34487.93971700689,74968.33183300568,38693.98494957345,56674.23363105428,2213.311285872781,56619.94206572156,30296.77772582822,17710.66706432826,26041.72997500062,65142.21495962704
5538,32785.7575144579,22941.33187989659,98679.74525690885,54828.26482130084,86793.90479065935,48312.39645276965,18085.9365200252,23395.83355456179,49660.24966249357,157674.148889222,132302.9740982099,68769.51626242917,70806.79455572467,54870.62571826013,160311.3412275789,90393.27634102684,74818.4582648385,62719.00167712834,175711.8355996353,53086.95741088929,9455.587622280138,35313.56311998501,73302.3347213947,40179.80861024786,55367.61549717525,2282.329200980779,57834.45714068484,30662.68589613335,17265.41475626908,25903.43602029767,65414.40066839822
5539,33286.44176044482,23461.34603500555,98252.49873030804,58804.2421989767,86430.45898708008,49122.62040198641,17706.60758640139,23368.36269582494,49518.28449131895,157037.4191775527,130600.7577089867,74798.92665639205,69564.60473484173,55617.68700064178,154387.5728321481,88929.99579333253,77686.36308490703,68279.62974402794,180149.8452391685,53889.24070338934,9747.489131462513,36047.53848852233,70553.20108776928,39143.74169499068,54780.22539826409,2304.585836701944,61013.0439682873,30630.6191826282,17787.47379177567,26311.1902478993,66127.6776755316
5540,33286.44176350004,22983.37869743265,94982.22826085961,56493.44456637213,86537.94808761564,48032.62734911942,17262.70529529706,22459.97515329211,48395.71041842166,156402.1031118668,130410.5991082802,76622.47100887618,67503.20286305164,56082.45873943896,150899.6565451974,87114.77855022643,76006.58582645677,69219.42761912229,179039.3765169908,53888.09413807005,9741.56957974427,36150.48316001279,71417.73988976516,37637.09318078827,52908.818444684,2492.034962284521,59534.54985882901,30121.87352483143,17478.31832145414,25766.17787242691,67262.80372277467
5541,32756.91890044634,22976.53916568116,95023.23601540642,55983.41830657706,85166.85302898625,47174.38335685503,16331.53590800252,21061.09260547939,47112.74941304159,157576.0182972107,127311.5554151969,73668.16789516434,66796.67519907192,54727.14708985123,149904.413938093,84785.17164808373,74212.06204809663,67368.0568291157,181256.3566482332,53273.82894912868,9599.609008326548,35037.53530353782,72655.15719889916,35944.23415580066,51019.75231680232,2515.157861761455,56877.36971308834,29218.8151470039,17313.96865807678,25474.24887512168,67388.00867048709
5542,30872.77478036148,22315.00549754403,92651.61035489923,54615.56875417821,84010.56757497742,50037.48273406112,15213.09961040374,18880.64086489493,44590.21777682786,157597.9298099527,120809.1856585222,70431.27156356715,64866.33142117081,50474.44494574074,147119.9248292458,81378.94657247065,69436.134641024,63389.80272154033,184623.1703414969,52000.78549930227,9455.866133139662,33663.17465632346,67285.02320383371,32592.09546113216,47795.32535000422,2452.929785174132,52757.56295042742,29548.97459788836,17195.60299941405,25538.32754677791,67025.14255816938
5543,27764.9509691882,20796.02857213676,87574.0757035445,51434.50535037475,81726.71786439311,47676.41218989679,13698.71872579941,17486.20999893986,41363.03747475793,145804.5881938188,108527.0535604085,66886.46671865281,61565.0928980837,44349.75391014773,143210.6416717633,77975.96084288825,66750.62110491702,58409.06229068717,187683.6166018284,48372.82679085172,9168.160372407101,31033.84020617738,62542.30836373442,30286.87872328108,45368.56199778571,2193.892739266588,50206.62154195737,29604.28905232989,17742.89015641962,25479.91760061747,67151.61281343474
5544,24395.82702831107,18989.3487595842,76622.50448912352,47752.73952070849,76992.9353989311,44910.52723707593,12675.14880346273,16302.21048093909,34055.3339528016,147122.1644294359,118746.9188507434,63219.44770601529,60812.23311118881,41334.45690297216,147427.3568166595,80936.59403822277,67350.96694721935,53167.22484928674,165390.3731851599,48312.87130522949,9110.261353801814,31915.00328006328,60160.86569062776,27562.52391814149,41704.60469239064,1897.080430766818,45542.68254524323,26561.20745390528,17230.62993890807,24806.18048561221,67160.18683103981
5545,22837.46357283085,18145.8772646758,74503.8474960813,47514.96863372747,76812.49874162242,43353.02326796907,12105.19392311335,15590.21722301099,34072.65235884326,146751.1240641919,111599.7874788701,60435.11706714093,57911.17437189547,40405.34886597628,145238.130638506,79989.74247696041,65078.99806923963,51381.70399780826,159681.0925593705,44686.21826993197,8579.027281768536,29896.0488937582,56437.71885259671,26202.11626655618,40360.21009860597,1818.913498465029,44014.09076632208,26194.68027276329,17055.46911628374,24707.30732810674,66117.44510865
5546,21722.45725758556,17736.18648673207,73232.98261846912,47035.5081440201,76849.01045989298,42560.87988425133,11998.47892045875,15020.52929344434,32710.7846315698,144098.0147058323,108213.5638670332,59414.47060581711,55489.73619635757,39325.74392794039,142936.5592098399,77786.60929515935,64760.169331969,49732.72271155405,152862.935916364,42905.39544285084,8196.909154603361,28194.42194682907,53727.16180581112,25936.67143104619,40089.63548702616,1776.489622035864,42203.41579576836,26195.50751384627,17295.50431720984,24376.96303126283,65139.69999410213
5547,21056.07411287956,17426.46081827101,71987.02150039595,46490.40164457805,76553.78236838793,42275.82867267663,11599.47360489146,14736.78915730803,31809.70905989532,141254.5597099208,105226.4350258437,57716.03541088304,52109.37864309442,38942.83436387419,139664.4560374944,75253.76413298534,64472.27632141848,48937.67483022342,148330.3473213147,41106.68600239688,7482.512010520224,27037.08174650864,51932.84069703924,25388.38016683527,39556.48107723107,1705.121561928502,41667.80376519751,26261.92449947915,17327.94150636073,24447.9299338653,64440.65260200702
5548,21056.08118803475,17281.95181737925,69805.17874698206,45890.76483498789,76315.05008446118,42275.82868637872,11706.33630246759,14456.63935024436,31050.53145340983,139553.4754903937,105792.4533968988,57444.35658778913,51106.80228868858,38943.04055074051,138218.29192654,74891.64533689717,61396.40185240458,48505.61145238583,137312.8630574595,39602.93852958732,7299.297966476347,25917.9676082248,50576.31475192896,25664.64031008504,39551.02003178136,1662.858695320215,41657.05216548259,26122.51888417364,17185.21787439923,24358.28816850607,64182.08083058575
5549,21485.57538922685,17341.94906846585,70704.24496413478,45890.81221381766,76992.25215217589,42573.96354729866,12867.59923894596,16056.83678254926,31374.06636907135,141652.9195738458,110722.8846352024,60170.04782093044,50658.89781976092,42235.85866626702,140501.2900885944,74165.23966842928,60312.43586304779,47956.32167175817,135410.3764328311,39292.05635405932,7234.516688474575,24729.00667856854,50577.4512620561,27070.88009160995,41856.53946450268,1660.771141498132,43002.14248353448,26483.98225475372,17314.96663100277,24812.05319048239,64231.37172687141
5550,23326.98297926782,18011.81063861068,76446.55517734679,47119.25117807015,79520.90144305157,43426.55488873135,14418.84607576943,20674.22748514378,31991.79593403502,149268.6752578989,115739.5625880747,66985.47565847353,52430.68657898888,45600.83909852774,143116.4443693062,74166.30454433741,58841.10169241913,49434.61285978334,133959.2736600665,40491.51665216697,7327.785244098721,24227.62671300928,52808.03603460214,30982.83024405085,46857.1100393005,1660.79189833055,44712.81790006068,27752.61592250094,17645.82596245849,24759.21381960989,64184.69996875449
5551,25963.11302730032,19091.81714285653,80195.22740672894,50545.69132280802,81136.25504975276,42861.30870010718,15092.30331275679,21251.89501614886,34023.18937426224,161451.2414878371,132179.2664960293,65537.62071691571,53076.36250921155,48446.81699742541,142226.9393809522,74891.01594505964,61112.1794468692,53635.83657522083,138158.4391559631,42897.77674349573,7299.696255765935,23902.2852407737,54672.15490746896,33637.13385638287,49257.23996930081,1796.104490817027,47089.98353163209,28528.77438641777,18112.92148744074,24915.43202922109,64615.73642068105
5552,29288.06084325971,20499.49518830846,81408.15869037893,49877.83450833765,79893.81615870296,43475.59205037684,15483.2893070424,20421.8474821942,37925.07505851738,167169.6282933587,148610.9027153999,64886.67589266106,56341.6481893504,51161.52132571612,147522.386831808,74892.79704037476,63299.76033354866,60031.15316301736,156636.5295134248,43502.55969414904,7493.081139165412,25655.00082923474,59749.82300258443,36752.79503611384,53525.44054179102,2020.090310728315,50821.08092896606,27690.94653145783,18073.99686136684,24240.15256931154,65697.81882759489
5553,31728.42615803133,22250.10254670253,86552.64528079529,49920.25974905633,80588.50010217664,45807.73602304504,16625.71993703825,20714.15678558745,44743.0993390491,171932.426547176,155891.7178051664,65670.03654622915,63537.16816693744,52920.72643455135,151785.6684245337,79950.44229307437,68445.83894390902,64228.59126412361,193394.4613296148,49864.66863265307,8362.7886719272,29516.43778569574,67442.41002205302,38104.92035007537,55675.08638901969,2244.432813801066,53759.64540548347,28978.68388317671,17723.67521611821,23824.77519935068,66048.71177268116
5554,32621.64544947172,23115.00151540568,87347.13374817466,47756.21266680475,80445.75964829393,48133.65822762083,17411.39434074923,21013.19382963373,47915.33723438248,177837.1501507692,154007.7288155672,62923.74368945849,68117.00322892587,54387.18147658191,155973.0822826691,82475.91405095579,72525.11593555317,65545.97824556765,202762.7354953128,52812.68119758467,8916.187104628503,32147.7245730377,71971.47842221223,38890.94436103963,57325.46976040884,2285.710630323298,55706.81654587649,29316.43626829874,17444.71538911822,24037.20789684078,66302.90347606059
5555,33524.45104315128,23797.35537321497,91452.96731514377,47761.58478260563,81295.99777818879,49301.69148969365,18015.32947941521,22260.261128421,49306.04450597698,179558.4270432345,146587.709703093,66681.20690015216,71449.04007189066,52321.64855943421,159578.2112679655,87197.31360888499,75298.49605829178,67180.2518555678,211158.9666072845,53671.76425916448,9174.937368753774,34732.57134545985,77457.84218516,37676.15693707873,54068.76150096059,2340.204349483553,55895.81535675275,30004.72638206706,17276.04200492887,24033.30393417142,66860.6374973613
5556,33538.00504791997,23323.96240390974,87602.0574578585,48544.71019543867,79840.89951530004,49294.52500749253,16250.58227518831,20497.84299928701,49732.3979535016,166819.522978735,156096.2691990701,59071.60496812734,69079.85318868043,49230.83355364091,157842.6371407647,89399.517789341,75415.13599694008,66565.79512312044,197852.2400916826,52279.22424700965,9174.94223954432,36291.62029044914,74244.17729869955,35798.43007957273,49246.12956561141,2258.631444699627,57266.5168364587,28887.85540690062,17276.04200492887,24338.26655932991,67000.3546103017
5557,32183.85577298364,22904.28362712144,86833.17509758922,45875.99302988992,78104.23830540388,48717.80883937727,16229.53455792164,19859.61301972732,50155.2522827791,153891.7580320466,159785.9803028026,61015.12472315272,68672.06636148048,49619.38428581171,158710.4469816714,90366.7082832489,78008.77704923808,64670.97290975852,189622.9391722848,51314.74089743548,9447.172910418336,37731.11768075648,74803.87217035706,35654.81537192805,49784.78360048263,2133.226829644331,57747.9534065997,28831.26880124382,17444.71538911822,24551.04788995792,67124.56196041343
5558,31302.43215631653,23206.88362310684,89724.97823964895,45270.10628723296,77618.73852118908,48707.23225999839,16639.50758334054,20144.57140181978,50541.64387552274,166642.9855660599,157353.1504356151,63784.91128143891,69998.61397390201,50716.97998821062,162170.2960096034,89460.88223701442,78020.4433103164,63942.40037260208,203915.7987498457,52813.42582445316,9466.794582704908,38109.7834935756,75638.70835724185,36740.20762800251,50329.35324287804,2096.481158701108,59281.75600987966,28797.22695676307,17496.61489206204,24759.59628556568,66961.54230502169
5559,31298.18598172872,23170.89141794254,93682.93632435736,46508.81093463678,78084.79912440323,49035.31110364728,16639.49156707427,20430.12864940798,50381.90425317548,175782.3972037468,155943.4003225173,67391.8345087567,69998.59591519283,51472.35942509112,163918.1586105766,88702.83923455872,78033.40770901933,63409.99329280851,205384.3535586203,52815.37964876641,9368.984779194841,37613.7833740897,76590.04403062329,37547.10823164888,51954.75119913262,2089.082435278429,59995.45868696433,29110.66199670966,17405.79076153239,25071.46870841475,66959.56422533702
5560,32203.31837368288,23307.74610231564,95386.32454153802,48378.99269535374,79755.0566460996,49586.62289117153,17023.79600713673,21989.97460566929,50375.11918643686,178455.2538084362,148186.2209304708,70653.5367058729,70248.54398069777,53006.63717410261,163920.7181501203,87580.52534552438,77923.23913270597,64087.71214228009,205547.4605299548,53513.15240257172,9110.703527206186,37333.63921487145,76574.65240710716,39421.02740985648,54613.5326745685,2095.543690936162,61372.67992870686,29851.13352401739,17308.47919407975,25845.94022671366,67010.66428324251
5561,33077.00099479742,23458.63378516431,96013.38591638516,53346.87753058343,82773.51254653321,49887.17537489694,17607.91831138743,24129.27124551437,49944.02792586901,181890.0868654785,136462.6726180225,72131.86144706342,71932.55376509704,55147.03315260146,163049.2634981393,86014.34778417504,76969.55343825508,67589.97616325006,205384.3411007063,54315.80621525735,9110.260041083757,37117.25977964172,76590.04500873317,40708.97875167071,55156.72847736664,2174.030997660376,59089.02957313573,31268.49638380305,17340.91638323064,25900.98286436237,67662.49722840558
5562,33524.46270603641,23206.61854448217,96421.73707619515,57891.55032450456,85214.85280400979,49585.92620747613,17511.95638704131,24413.46590387123,47612.75470228934,182848.7934034454,135461.3094147004,71719.68382164022,69519.34783957963,56236.10285793701,159580.1248819296,86015.68349379608,71282.67775860846,68538.8263010253,188223.4167049544,54300.59857757592,8981.247579546254,35960.84604422827,73930.8240622272,40161.20640654203,53031.9108345739,2275.28633038599,57849.14060254541,30222.59738864661,17477.15257826911,26154.21575993126,67626.4080284473
5563,33524.50059842871,22732.81143969182,94810.4004647411,57377.22317037313,86366.66114295674,48715.19968142854,16447.35179747129,23560.85082339308,46937.64939543033,172775.3221668193,140814.2800576442,72674.67428489543,69028.24598838417,55169.61450738781,158710.7755688494,85028.4537115724,67203.43533061024,68977.60329466664,188359.9984427413,52515.13141805792,8457.642107739202,34505.43654669141,71110.31212053461,40666.84348274957,51938.11366449384,2340.602234695028,58058.39352055393,29998.85145890423,17438.22795068327,25592.30481945667,67855.40578325932
5564,33477.71677454889,22720.82106261104,91915.48378746273,56696.27079102619,84631.15303265155,47505.06511221859,17026.38070375941,22660.66807735209,45537.18288548448,175451.4452333075,140814.276708605,76711.39341073924,70272.2977070413,51828.84060554417,160446.4099214453,87939.37352747722,72579.97020008301,67917.17889890207,191100.6531701997,54351.54796562919,9174.452689236623,33467.47128230488,71123.25649017328,40667.21705837605,53016.50076294749,2487.595728466251,59216.09951863603,29170.56189226271,17438.22795068327,25844.12702971707,67853.85519345784
5565,33073.90371763401,22637.7482146503,90149.98034882285,55820.87552075578,84324.28103630943,48704.83690950322,16983.20120796483,21297.25624571717,44585.41175170812,168615.3345904289,137860.1231549126,73531.74592203727,71645.57103805446,50240.23283173332,160370.8377170977,89399.51698513416,79553.83617280821,65638.90671293525,191100.7891288998,55216.73950341536,9430.357632115441,35630.71859862921,72049.93786593105,38605.58855989119,51033.45209290731,2495.212266476351,57841.2120823202,28859.28908196942,17224.14250198508,25382.44319959815,67686.96837019663
5566,30817.83050110102,21711.4419041699,88070.09158285399,53443.44782070577,82846.06387345609,50473.56888044965,15374.58219854704,19114.95598330367,43513.69115703285,167100.8841200462,132334.8013751286,70910.72533274823,72171.78212047007,46963.2633233093,157849.897094585,88659.1354836012,76231.17775029253,61812.92653751848,185364.4035362165,55216.73683711173,9626.752023884921,35845.17597981556,68375.20323313202,34934.58910792771,47112.80545419526,2350.121067142202,54706.43943600557,28863.22326454882,17068.44399315366,25171.51844614941,67911.45951424922
5567,27274.68082179332,20335.35470643366,82122.40919958362,49513.33808415227,79940.89313278047,48535.40278880861,13774.27596191782,17910.65667250535,40661.94099530853,172621.0560845913,130351.6231420471,68728.67352417544,68804.81622800394,43718.19874942362,151806.6656178885,85630.32599837476,73257.70846490598,57676.5189028297,179618.825105577,52515.47036101598,9569.193171885578,33783.59108873962,62886.40640813749,32522.62590048185,45056.09465240924,2122.190300229948,51366.15630855816,27182.69112957258,16823.08504694554,24970.48884450552,68394.40422347566
5568,24443.50005798883,18911.57087377827,76274.64431704933,47648.92445649537,76327.0267650526,45175.95751872088,12764.16690656995,16729.02222397565,33934.45305550466,148956.0167563502,118686.8635418476,63397.53045424996,61969.04843071067,41754.48944371224,148698.7303460406,81038.21202195885,67281.6966315718,53245.16594182832,173087.4490629481,48947.29556399595,8752.562663421819,33852.24526114908,60289.15613680569,27809.35256415805,42489.25187737679,1831.307125146195,45173.16587135792,26943.98893577408,17048.59912240375,24934.35635224781,67160.25805262072
5569,22869.82160459692,18099.86589661848,74080.78108348037,47421.94708656302,76146.42379565045,43464.94403921267,12174.62404319002,16037.24588136878,33951.69456291819,148585.386977972,111128.1652358615,60778.55005797317,59020.68099486078,40865.09660873529,146497.4934341991,80100.00784928864,65104.36894817578,51625.76120093485,167458.6001116419,45409.5315647097,8226.857821473383,31560.70290765904,55997.11228946571,26477.9929052967,41160.76627552772,1755.111380865599,43692.47653028108,26563.65076962639,16883.81836562501,24854.81643467028,66069.2967565383
5570,21743.85743524553,17705.60474427271,72764.80415140321,46964.25151953187,76182.96916750546,42594.72602749132,12064.24150169474,15483.73413395459,32595.87391408781,145935.2135046468,107546.9462338982,59818.51570127151,56559.75548239815,39831.639940338,144183.2949130156,77916.9954018486,64798.82134906475,50130.19305319039,160736.4968581307,43672.35659223863,7848.716884695486,29629.33177556317,52872.38200037698,26218.21595885036,40893.39352844031,1713.757335816111,41938.54381520019,26564.50918169691,17109.62903190037,24589.06626742469,65046.33771068687
5571,21070.92533276357,17407.54385168581,71474.61499082924,46443.88991787672,75887.46895833513,42281.5798172546,11651.52332986477,15208.05074588662,31698.79937317125,143094.9050269675,104387.8038399977,58220.94376862303,53124.27311984595,39465.09804298681,140893.2400277795,75407.28216156935,64522.92081723826,49409.11253083295,156267.7628385241,41917.73340615481,7141.755382242911,28315.73395264025,50803.88854307107,25681.63203885703,40366.54824042027,1644.189012004351,41419.71659425399,26633.42880298653,17140.14398664868,24646.1566014056,64314.96422430209
5572,21070.93247745069,17268.47729641239,69215.32308380357,45871.47338831951,75648.51663006424,42281.57983230719,11762.05864220199,14935.85574016915,30942.99273028717,141395.7031978845,104986.4163293789,57965.39886248566,52105.34736172657,39465.29541628923,139439.1418384833,75048.47051738818,61575.17505498537,49017.24621246585,145405.491598168,40450.84268858526,6960.448280275271,27045.52326157051,49240.08537071305,25951.99336007235,40361.15181865204,1602.991916482972,41409.30192415245,26488.77029250232,17005.8781860406,24574.04300851478,64044.43530153728
5573,21504.64758280425,17326.21495277292,70146.30357041983,45871.51861640569,76326.34288853503,42609.0992324907,12963.23140220855,16490.615865834,31265.09105928547,143492.8240727413,110200.7660187392,60529.2222124261,51650.13873989786,42617.36032394086,141734.6651946943,74328.69895330125,60536.36278103168,48519.05966138953,143529.8069815212,40147.58021547349,6896.341263602209,25696.03545469721,49241.39553964027,27328.20652208051,42639.38871823008,1600.957005907419,42712.24030455556,26863.85384037901,17127.93800503382,24939.08073319324,64096.00555996479
5574,23364.15181987374,17970.84843923551,76092.4493098602,47044.19307108253,78857.32288628242,43545.72302712528,14567.79087440642,20976.89662349599,31880.07773001567,151100.15229297,115506.3289321734,66939.9090933424,53450.82074959234,45838.50293289646,144364.1669749622,74329.75410393014,59126.31854482487,49859.81788122595,142099.1471740813,41317.64181770514,6988.639054490287,25126.96196097988,51812.81376875299,31156.62707996786,47580.78467471585,1600.977239300855,44369.30721425744,28180.29045826047,17439.19054545787,24896.57334989442,64047.17555668367
5575,26026.18874222268,19010.18012993658,79974.18864083775,50315.09129650516,80474.16539686803,42924.76547763592,15264.39322232228,21538.16139305898,33902.45120799858,163269.237505338,132892.7117498991,65578.03645664807,54107.02596908556,48562.82803933581,143469.7819026606,75047.84687364874,61302.79222535622,53670.18032907983,146239.1553199709,43664.92462672178,6960.842424060576,24757.69469668128,53961.77009174069,33754.25489227171,49952.51249132071,1732.877563279772,46671.97811775147,28985.69508305898,17878.6058949714,25022.24531011174,64498.14445545836
5576,29383.8128691407,20364.84271501423,81230.17550269613,49677.55158268805,79230.58132492196,43599.59335184773,15668.8164680208,20731.68290350143,37787.01141464974,168981.2964426958,150270.5623019002,64965.74863781696,57425.55993658918,51161.49093161856,148794.2817235847,75049.61170260924,63399.2471858091,59470.50799997587,164456.9285120808,44254.88438559019,7152.21450449516,26747.05217391045,59815.30610698969,36803.38917238283,54170.20499958529,1951.214982363184,50286.15177937555,28116.29732404403,17841.98795012684,24479.00714579959,65630.26566991318
5577,31848.1611575684,22049.51933353513,86557.27659710076,49718.05094608505,79925.90557254809,46161.59630820437,16850.5097003129,21015.69213892563,44574.76173624603,173738.8242661513,157970.6424909662,65702.5886403172,64738.4200654029,52845.49791116418,153080.9529232673,80061.06658540203,68330.96061193374,63277.43702850553,200697.0189047536,50461.05843728869,8012.869882456797,31129.83882381395,68683.32077935705,38126.64334155477,56294.41285516619,2169.900089889262,53132.62862064,29452.55746526097,17512.42643656935,24144.85091367525,65997.3849804172
5578,32750.15866537091,22881.84479073741,87379.96712407241,47652.23994047381,79783.03355192016,48716.76427133887,17663.18584998316,21306.23808206602,47732.91399682288,179637.0138044954,155978.1641603983,63119.3871146445,69392.940284328,54249.26857643042,157291.3401558275,82563.47376108031,72240.31113527613,64472.26078067578,209933.3139249947,53336.81540112048,8560.508392321672,34116.387285866,73904.43104084913,38895.88383933851,57925.26629399865,2210.13697599407,55018.7800396063,29803.03658216864,17249.99782544941,24315.74541806289,66263.33128736715
5579,33661.83668591164,23538.50008485393,91631.5459947008,47657.36819116478,80634.05536338735,49999.92033100948,18287.87679170588,22517.89513827203,49117.44613422907,181356.3859616535,148130.8638971683,66653.70963767519,72779.31395190927,52272.02792865796,160916.24793081,87241.7538076238,74898.16326359792,65954.48958229407,218211.259919813,54174.842391316,8816.565512651796,37050.22566104979,80229.11144090614,37707.03506414303,54707.09653037287,2263.256490445557,55201.85607638714,30517.26191965275,17091.32006018927,24312.60481977735,66846.85663950603
5580,33675.52389423694,23082.93586999065,87643.93989355657,48404.94393009977,79177.61590718533,49992.04751149187,16462.47945624671,20805.52054210767,49541.90645168677,168631.578548572,158186.9729589735,59496.01148028234,70371.49181398135,49313.33140367657,159171.1519374606,89423.84573808529,75009.94444593274,65397.19889326335,205091.9970035137,52816.43344658963,8816.570332745823,38819.76870414203,76524.3984109362,35869.40221524599,49941.5335634075,2183.740664378028,56529.60302543283,29358.3065123215,17091.32006018927,24557.93634029643,66993.03470004158
5581,32308.06655997415,22679.06288319291,86847.76441698165,45857.37214357556,77439.35398174894,49358.48948719905,16440.7083793899,20185.41298338348,49962.88318797346,155718.1192434947,162089.1557534742,61324.11338280861,69957.05504791377,49685.27333449349,160043.7228364046,90382.20309236954,77495.54471919987,63678.66165359582,196978.6295083345,51875.58952277747,9085.967552049895,40453.61900804347,77169.61468490821,35728.85402885904,50473.81339628736,2061.498461710169,56995.95251627957,29299.58768618434,17249.99782544941,24729.1113075696,67122.98577877108
5582,31417.98065030912,22970.26646779844,89842.21826813297,45278.98939423517,76953.40670262555,49346.87046712379,16864.77119496897,20462.28002554164,50347.55909260417,168455.2364891515,159516.231591449,63929.41341317975,71305.23518973362,50735.95174275644,163522.55360578,89484.64975765516,77506.72501020377,63017.87193513424,211070.1329599094,53337.54177723161,9105.384996583698,40883.41016815075,78132.01387981902,36791.07053587006,51011.93883391634,2025.679431025956,58481.68938684904,29264.26312263698,17298.82175333117,24896.8810300714,66952.42759478903
5583,31413.69274594724,22935.62978802067,93940.67250143511,46461.46352536455,77419.89688326446,49707.28516587195,16864.75462826207,20739.72892852186,50188.52875942464,177584.5346116278,158025.3011415524,67322.13591938319,71305.21683653393,51459.04209619125,165280.0054910554,88733.52979644475,77519.14936357767,62534.99740113526,212517.9989411274,53339.44771343483,9008.593224364604,40320.44287733531,79228.71368815949,37580.74186060411,52618.102524355,2018.46728618009,59173.0263161913,29589.50860082577,17213.37987918251,25147.7712356032,66950.3580426361
5584,32327.72043164293,23067.33030087004,95704.5261098483,48246.74911155563,79091.69391488715,50312.93492251862,17262.26669073474,22255.28335075426,50181.77382030412,180254.4334793207,149821.4252535789,70390.13868941131,71559.24090264707,52927.73635186426,165282.5790729798,87621.46575513523,77413.56997234025,63149.66460982034,212678.8080806183,54020.11810127432,8753.000234563997,40002.47521531879,79210.97022385715,39414.64833336246,55245.42111437998,2024.765604015151,60507.08871340765,30357.88158179626,17121.83501493758,25770.80586184387,67003.82112386273
5585,33209.98927022219,23212.53530649226,96353.84636319088,52989.11874454387,82112.93198678864,50643.11022939039,17866.46387841554,24333.83506284462,49752.596727035,183685.4656093729,137422.7774382918,71780.67164640027,73270.71249152809,54976.64000083672,164406.3433664645,86069.59175152553,76499.61103394441,66326.0951481269,212517.9866587188,54803.0989198891,8752.561364366897,39756.88143488642,79228.71481572463,40675.09879986026,55782.18896984317,2101.273643621227,58295.00253914668,31828.65160539208,17152.34996968589,25815.08569443226,67685.79682255679
5586,33661.84846341515,22970.01137246883,96776.69281678603,57327.4878824353,84556.52247664605,50312.16957281977,17767.20397275463,24609.96006705971,47431.67501687543,184643.111259228,136363.7508226047,71392.97159896491,70818.15347559836,56019.15686017612,160918.1720434188,86070.91526240214,71049.62799529602,67186.66891865355,195598.8233490478,54788.2640204433,8624.891699952559,38444.33516299801,76163.1647854162,40139.02271877208,53682.51551232177,2199.975552628233,57093.96874569825,30743.34244890852,17280.51278019773,26018.80249836219,67648.03874736361
5587,33661.88672819931,22514.04861914095,95108.15838181984,56836.50840966707,85709.39246048797,49355.62316742781,16666.01147534532,23781.55483223906,46759.56736879492,174580.7871520467,142024.9718112158,72291.24900430498,70319.04303493803,54998.25610397154,160044.0532263078,85092.70163424735,67140.31059581556,67584.62425090812,195733.4809393643,53046.55854782902,8106.736057664567,36792.4243878462,72911.67848838557,40633.86322081049,52601.66187120148,2263.644341918475,57296.66417397219,30511.16562552514,17243.89483393082,25566.76525166254,67887.62606033428
5588,33614.6431308549,22502.50981929624,92110.48047388866,56186.46759905388,83972.2846974774,48026.21624391004,17264.94021718471,22906.93260681772,45365.31932681987,177253.9488669281,142024.9682693227,76088.24355238586,71583.38199027239,51800.28530481126,161789.2097754666,87977.03665498608,72292.88038913812,66622.8565446177,198435.5256451127,54837.96464222488,8816.085877812151,35614.31883928736,72926.60075830467,40634.22881969401,53667.28779690716,2406.931002050677,58418.09041418834,29651.66556379939,17243.89483393082,25769.34720973547,67886.00376650708
5589,33206.86155420759,22422.56563082797,90282.3067319892,55350.81055701613,83665.12985104884,49344.23902793221,17220.27674562281,21582.23459900234,44417.77432645611,170425.4029461246,138900.7000419619,73097.422590351,72979.04982520443,50279.58338925736,161713.222959952,89423.84494122305,78976.24281979365,64556.54363880902,198435.6596884426,55681.95039026217,9069.327291780606,38069.63574989029,73994.87909120254,38616.62107451326,51707.7056786111,2414.355468707249,57086.28868647647,29328.66378949793,17042.49613230751,25397.93908723756,67711.39958495882
5590,30928.61651602527,21531.14553289909,88128.58788624994,53081.30526386033,82185.5501857276,51287.29940142318,15556.37335678218,19461.90034415897,43350.8124747742,168912.6283404993,133057.2030913898,70632.05391403569,73513.84203701449,47142.68963182733,159178.4517215063,88690.22518230331,75791.99314281504,61086.51391078652,192780.0876218308,55681.94778930945,9263.677556795743,38313.04797125624,69758.64483629643,35024.00633704758,47833.45429918245,2272.923131575903,54049.75237370549,29332.74621466181,16896.02434866222,25228.25766987766,67946.27188767373
5591,27350.64612159592,20206.88403247967,81969.77985434342,49329.60133208411,79277.70169079259,49158.10527151977,13901.0684308048,18291.79688692623,40511.72489149455,174426.6917780032,130959.8237134406,68579.58542106132,70091.96971829598,44036.33701606105,153102.0653133522,85689.07715285526,72942.38677120087,57334.93737314126,187115.4522248834,53046.88918331669,9206.717793132188,35973.11937987214,63431.15960219914,32663.5443760249,45801.08173537416,2050.740247869094,50814.14579044827,27588.89052467548,16665.20542332909,25066.53654810081,68451.54944068681
5592,24444.77860534626,18722.71957972416,76350.65655760263,47589.61441443068,76577.49610582941,45592.20462233548,12969.71806469504,16744.33702870046,34460.78308463704,150439.3188818197,120251.0658552169,63696.70824413926,62626.9343270076,41617.72567111536,147864.2355885962,81467.33218266246,66013.99895435438,52630.14725508148,180023.2038540653,48522.96831781845,8579.579097073263,35899.86561575392,59678.58282336917,27785.92190954774,42399.74385346688,1781.170522807529,44048.62570374797,27116.11162381285,17148.52051123975,25116.38374310957,66562.00782225972
5593,22870.769131685,17956.82983500631,74161.45221921215,47368.10450979479,76407.79660516416,44111.23247792468,12363.97080783993,16057.38245695236,34478.23599226737,150072.7375090072,112748.6820865415,60972.03232637652,59697.96137838526,40705.33705412116,145864.4280034148,80470.3086360787,63965.24380284868,51074.08737259912,174782.5848795478,45183.46418552825,7968.45943227428,33511.53631200636,55138.14003032549,26452.03743870266,41127.12081982801,1702.436438651031,42822.26526131561,26747.34679987244,17013.5655415354,25040.21876895146,65032.21102672267
5594,21744.56811791227,17584.82204668543,72848.26990007618,46921.43398296843,76442.13563832606,43358.01302620279,12250.55425092986,15507.72875823009,33105.7914617643,147451.5119984885,109194.1442250258,59973.25337574049,57253.2239393082,39645.1597474007,143761.9956248813,78150.43533345954,63677.73897641277,49637.02007406844,168524.1149572304,43543.6422527344,7528.879378809322,31498.59063628213,51832.56822679163,26191.76784705476,40870.99104616905,1659.704749448711,41369.5947781885,26748.17909124949,17198.50383300734,24785.74459752618,63597.77015707052
5595,21071.49446544256,17303.58466690178,71560.82058944715,46413.60693046022,76164.47554165822,43086.96851367115,11826.49195458225,15233.96691914404,32197.71778093005,144642.2283367313,106058.5383760448,58311.20742153282,53840.3403268272,39269.14069075594,140773.0048989105,75483.37919725625,63418.13053979882,48944.14543652679,164363.5960842221,41887.34992183797,6707.053057401827,30129.51091185648,49644.36220077371,25654.16634063959,40366.29950283183,1587.81886771953,40939.88331706409,26815.00155155722,17223.49549389113,24840.41254218548,62572.20415410602
5596,21071.50161163251,17172.36747406181,69306.32652214624,45854.97885704475,75939.94938395114,43086.9685267,11940.06548145022,14963.6691479309,31432.6441009865,142961.5869648575,106652.6910253843,58045.34935988057,52828.11710597009,39269.34316726276,139451.9673618286,75102.07236825443,60644.45096836883,48567.60741492595,154250.5116399582,40502.66524136464,6496.287763763902,28805.65084407509,47990.05504636932,25925.04037943593,40361.12999957795,1545.249356568899,40931.25751077295,26674.74486711632,17113.53218623545,24771.35878771531,62192.85588516929
5597,21505.30794813355,17226.84623190472,70235.32997553902,45855.02299566987,76576.8535167074,43370.4537909805,13174.25412078263,16507.59239380579,31758.6917167233,145035.8008950569,111828.1922677971,60712.64223038525,52375.90286594554,42502.90659240837,141537.4334899935,74337.17575144058,59666.98119478352,48088.90799745088,152504.1957453153,40216.39790348411,6421.764846312162,27399.16526492055,47991.44104037942,27303.86341433635,42543.56746856802,1543.1466561882,42010.39818149002,27038.41496600932,17213.49882977059,25120.90766472756,62265.17010600442
5598,23365.2033283823,17835.09453673951,76168.84846032999,46999.44989030628,78955.03170078278,44181.15093992685,14822.91710886855,20962.60319253834,32381.21881372839,152560.0339305388,117094.2271687948,67382.04845640397,54164.73991228394,45807.33376401025,143926.3165662039,74338.29705323481,58340.20093345245,49377.22093449016,151172.2106453757,41320.88807198459,6529.058883818364,26806.0560435435,50711.67824706868,31139.54425087108,47277.17865998887,1543.167563624914,43382.84090269185,28314.79362276839,17468.41377241605,25080.20390428769,62196.69839870033
5599,26027.80020513438,18815.76301317723,80042.34451689721,50191.55822341022,80474.26124395683,43643.67952624773,15538.6665269001,21519.95587383922,34428.38885859129,164596.1956834941,134351.0762937799,65965.21403429985,54816.62858574788,48602.09792035867,143113.7742896138,75101.40962605932,60388.15251148515,53038.53672114853,155026.6763508325,43536.62678206999,6496.745946756969,26421.19218671973,52985.0038691548,33742.09824655902,49549.17577063313,1679.461936840587,45289.99619154631,29095.69052215903,17828.29369007448,25200.54350098166,62829.06801502831
5600,29386.13060190094,20093.96409689401,81295.66416092472,49569.37566286991,79305.75556133671,44227.77853887912,15954.20589970466,20719.09864398612,38360.57812981046,170245.8615468392,151599.4567209428,65328.21580511102,58113.33309473011,51267.95079108177,147951.0433140885,75103.28509845704,62360.81052381905,58611.97797768934,171987.9429774445,44093.52460030303,6719.211544017984,28494.57335345211,59177.3090644361,36797.01495422015,53589.51510690684,1905.072919329591,48283.38547837227,28252.7477410423,17798.30369771288,24680.35537397978,64416.58116719229
5601,31850.99726130364,21683.55216349162,86611.45260592428,49608.89947146171,79959.10128435105,46445.32682689896,17168.37958980979,21001.12829819216,45231.55388263718,174951.4226821244,159242.169035866,66094.79283367938,65378.08891651606,52995.4987751128,151845.4526501255,80428.92600513357,67001.30325468963,62269.99464712563,205728.5011258385,49951.89839107617,7719.70342485736,33062.47399560957,68558.55369750525,38122.77856399403,55624.40042405774,2131.043172948016,50640.94050466017,29548.34670946962,17528.39375830416,24360.37766266624,64931.37298135246
5602,32753.18450256621,22468.8985022185,87432.39606458704,47592.85003452845,79824.85481741947,48656.95906884994,18003.39325709773,21289.64909841352,48428.42863171531,180785.1860336165,157264.5352579903,63407.33973256638,70001.9915021576,54435.56476787788,155670.5585616837,83088.21803342502,70679.80423771434,63418.08150919285,214327.755317246,52666.49503068134,8356.320469013213,36175.16410064634,74081.8319541264,38893.47786189554,57186.67678434252,2172.620486834541,52203.11929834,29888.16106770337,17313.46547447062,24524.02097418666,65304.2952927286
5603,33665.05429284444,23088.49006532349,91674.946268342,47597.85475513933,80624.49823933697,49767.59811644544,18645.25468539372,22492.86074773782,49829.93668584333,182485.777412174,149475.6997019851,67084.29870400343,73366.08945876571,52407.20138429779,158963.7606813633,88059.79618217934,73180.70857166662,64842.33124529372,222034.7592226196,53457.55814209669,8653.980922292607,39232.91782413258,80772.5486760771,37702.37453466043,54103.83045040385,2227.509593315001,52354.74949060036,30580.6531820205,17183.50883740897,24521.01363404169,66122.54174842073
5604,33678.74438024798,22658.6393559622,87695.80826062962,48327.42277634318,79255.98780296497,49760.78377714118,16769.68380275143,20792.42162467162,50259.6013628144,169899.9636368385,159456.8877779228,59637.73368817231,70974.10607795216,49372.00599664538,157378.3537741846,90378.6912573193,73285.88900679193,64306.83961544758,209820.3511321543,52175.27580637026,8653.986525539913,41077.20034311952,76853.4280483494,35861.2567691162,49538.65850456149,2145.344824134201,53454.43751475115,29456.96372674409,17183.50883740897,24755.93553853442,66327.51944046919
5605,32310.999403936,22277.5622559556,86901.32354491536,45841.21728522198,77622.66924929754,49212.40598989238,16747.31431801342,20176.63629608427,50685.7397460026,157127.5586225204,163329.9981568198,61539.61322729001,70562.39549467585,49753.56470784075,158171.0780343176,91397.13146052565,75624.71306312199,62655.52491463772,202266.5745056551,51287.15772612389,8967.154533939254,42780.0589234122,77535.98574936781,35720.44204487606,50048.5560711753,2019.030317160115,53840.68502262267,29400.03166073089,17313.46547447062,24919.84741267195,66509.74290204464
5606,31420.72626639293,22552.32937621503,89889.41836401957,45276.7667072299,77166.05986524455,49202.34911700216,17183.03308118963,20451.57353903793,51075.13220862821,169725.5477695818,160776.2430405556,64250.05667367487,71901.70724980037,50831.40903277903,161331.5702660871,90443.3072982666,75635.23315110142,62020.58273762052,215386.166274176,52667.18069994172,8989.726862074504,43228.00299942396,78554.08310437786,36784.67295644589,50564.05343596462,1982.018032511911,55071.22601146006,29365.78199131363,17353.45213211767,25080.49852934441,66270.57826417411
5607,31416.43746007852,22519.64770174053,93979.16910643187,46430.75722222681,77604.38682621154,49514.30699207144,17183.01605912406,20727.08858716825,50914.15198521545,178755.1261623273,159296.420463344,67779.7010045165,71901.68901732886,51573.1953184188,162928.2024104322,89645.09694123467,75646.92383880689,61556.59639025835,216734.1708128246,52668.97982555541,8877.208675681937,42641.25788617828,79714.25362407039,37575.84182664831,52102.67824710428,1974.565626546142,55643.81624968081,29681.13054735401,17283.47548094413,25320.74325932202,66267.67624165217
5608,32330.65740975928,22643.91461521737,95739.27698952082,48173.03857857024,79175.25314374284,50038.52870604687,17591.45428536114,22232.07939845019,50907.31422296584,181395.8616058527,151153.665876431,70971.52071993273,72154.04210225906,53079.86353972898,162930.5404907297,88463.3136292512,75547.57897522017,62147.22019193039,216883.8887098551,53311.50475751133,8580.08776335974,42309.86035225026,79695.48326955378,39413.22614929386,54619.51858750376,1981.073762809553,56748.73495632377,30426.12264193688,17208.50049829277,25917.34201944747,66342.64466686918
5609,33213.11183191058,22780.92378457948,96387.21834423783,52801.17329290086,82014.09125304798,50324.31279723351,18212.25866070194,24296.14333543668,50472.87493722214,184789.4164192356,138847.3916533592,72418.17212142817,73854.25555775168,55181.74281413158,162134.4867798047,86814.14709599385,74687.58987133732,65199.40103674106,216734.1593775518,54050.60654038768,8579.577586952095,42053.89352635616,79714.25481689245,40676.06695443638,55133.7154562005,2060.130545912958,54916.60521505587,31852.13848016221,17233.49215917656,25959.74302271146,67298.94278875747
5610,33665.06607282534,22552.08867928406,96809.16683971339,57035.03913730651,84310.15586002439,50037.8662556347,18110.27046051393,24570.34371254805,48123.49612404191,185736.601663033,137796.2550990884,72014.82546634665,71417.82958003522,56251.21456843282,158965.5087235522,86815.55358249924,69559.43166566285,66026.31248538494,200981.9356030894,54036.60300368723,8431.164568284215,40685.909766902,76471.28828698285,40138.97425000032,53122.33287031255,2162.120551831746,53921.86560732792,30799.85428774122,17338.4571353544,26154.81595689916,67245.99665524781
5611,33665.10434565842,22121.86192624744,95144.17570996123,56555.88645251031,85393.42409884426,49209.92503939781,16978.81017830338,23747.71256969112,47443.14768244447,175784.1887699421,143415.2983174433,72949.3551089815,70922.0023092229,55203.91781450072,158171.3781911205,85776.01224462196,65880.96185051583,66408.70134216924,201107.3056616894,52392.50446455315,7828.820672696143,38964.22790251809,73031.62456286172,40634.75317556777,52086.92892030532,2227.910365442068,54089.74528890666,30574.74239254221,17308.46714182791,25721.95901837106,67581.95715627565
5612,33617.85081071319,22110.97441327646,92152.86368069465,55921.50392348867,83761.19002782981,48059.25343692591,17594.20129734923,22879.18657465414,46031.80459586146,178428.1514204311,143415.2948019381,76899.58689374005,72178.02438877641,51923.26157365176,159756.8401128077,88841.1765400741,70729.26924497153,65484.55427366067,203622.9863767767,54083.51835243596,8653.423357935108,37736.3631850079,73047.41044840243,40635.11946777899,53107.74547744997,2375.970392466774,55018.55104306076,29741.39613084726,17308.46714182791,25915.94525913483,67579.68230023165
5613,33209.98345798685,22035.54253122506,90328.57225456646,55105.97631496431,83472.57891452198,49200.0714680011,17548.31018906724,21563.72188381907,45072.64163114587,171674.1940106548,140314.3032966446,73788.06385172685,73564.51146093466,50363.24100340683,159687.8066483849,90378.69041049901,77017.9750349188,63499.06754746377,203623.1111749412,54880.20628688635,8947.810617987781,40295.38432579058,74177.51462023582,38613.68549864776,51230.56341647811,2383.642193406245,53915.50470462958,29428.22300483896,17143.52217976194,25560.29628546579,67334.8441759287
5614,30931.25919529425,21194.43704283934,88179.42705325158,52891.13920936466,82082.32530335155,50881.89240191666,15838.67213546819,19458.16663382341,43992.59763059205,170177.9435093793,134514.3421261403,71223.19904009541,74095.78578667827,47145.24098761699,157384.9855744357,89599.07740600726,74021.75724963113,60164.77197919349,198357.6122176172,54880.20383169366,9173.738285630026,40549.07745098777,69696.1113595834,35014.25766850523,47519.22357455138,2237.498263200088,51400.53555297507,29432.18120554244,17023.56220682083,25397.81458870349,67664.19306973818
5615,27352.53618159811,19944.92110905171,82033.69788633838,49229.80689065142,79350.03114875304,49038.96291351995,14137.86888526699,18296.21894949642,41118.69964957757,175631.7765865279,132432.5888447031,69087.89803412993,70696.42269057987,43958.57177291775,151864.633101628,86409.77667669218,71340.42187777667,56559.94262500075,193083.675041158,52392.8165708942,9107.523883746093,38110.31823932924,63002.42747584281,32649.31928925357,45572.31189252912,2007.913710557818,48720.68920647899,27741.38944775278,16834.5221654685,25242.95542570586,68372.71681318533
5616,24444.55258916797,18476.69780281417,75640.02493762138,47685.43930560623,76354.47716279508,45578.65907671592,13001.68800445878,16742.72759744314,35285.48167017735,151251.5230886694,122398.0455639962,64015.43036170317,62914.69784147822,41743.61847967148,146264.1373458269,83054.48669088213,63412.34406432098,51496.03888961878,180877.6870041,47920.63087395069,8371.406110210995,35865.45383127427,58932.96787470278,27693.13967512877,42051.86720731982,1830.546526816132,41651.04775241151,26347.27952753978,17067.50960440015,24995.44528897902,66812.56630122557
5617,22870.61306297748,17747.22991311011,73529.83576510135,47452.39362468819,76178.07748618715,44087.39177985326,12412.12314740791,16054.76747851047,35303.01736108207,150915.8897507814,114823.5510484731,61364.3006372559,60239.1208427857,40816.46750449696,144456.7169488562,81934.49422869785,61314.59432089751,49971.27220663231,175878.0433957519,44415.74461333218,7731.809207416574,33830.72390199133,54520.61764648356,26416.22928314644,40790.27804215759,1749.182233802818,40478.01046678841,25941.26073865136,16922.31698598213,24894.90226963733,65872.51867526409
5618,21744.46209649723,17392.91293971875,72264.05026358763,46982.46142350124,76213.7723133436,43328.93623431664,12301.73648794694,15504.30921024022,33924.06300112366,148515.9569317658,111234.8479952271,60392.48136622946,58005.88640376044,39739.13663311662,142556.5445560869,79328.4969871498,61020.21401125152,48563.1051028616,169907.3518997091,42694.71384515985,7271.745398442486,32115.80091964129,51308.30088212217,26167.07656148557,40536.36895927733,1705.023039999271,39088.50328645867,25942.17711113318,17121.28464788734,24558.97881108739,64991.0664862985
5619,21071.41835477484,17125.04979185504,71023.06898659309,46448.18779165202,75925.14947669928,43056.00752390307,11889.00291912345,15230.14664531601,33011.68211175476,145943.8424644219,108069.1036080746,58775.29841838906,54888.26358752246,39357.03362507937,139855.1032551808,76332.4967632785,60754.39721469716,47884.16454620092,165938.1429776345,40956.3970160247,6411.623232385096,30949.41758778998,49181.82736436676,25652.43757640766,40036.05318155432,1630.73572203279,38677.47603173178,26015.75021963839,17148.17216963093,24631.14426874037,64360.86456067931
5620,21071.4255006472,17000.07262717303,68849.94659372092,45860.4675271201,75691.75844458485,43056.0075370224,11999.5423551257,14959.45321888194,32242.97950614865,144405.0865011637,108668.9670811478,58516.616567408,53963.61142624466,39357.23937763619,138661.1532935051,75904.16106777283,57914.38697480586,47515.19890633184,156290.0807452331,39503.13865201971,6191.036599697188,29821.55900569639,47574.19064632151,25911.74179848775,40030.92849881486,1586.744124038089,38669.22528256543,25861.32429435169,17029.86707420977,24539.98854988073,64127.75815029396
5621,21505.21255921086,17051.9606499484,69745.41943479171,45860.51396439333,76353.80920258972,43341.46348253728,13200.75992645986,16505.63642158221,32570.57364294741,146304.1883009778,113894.2137473364,61111.91216447391,53550.51986127812,42643.12154130162,140545.9916375374,75044.92514689911,56913.54167358197,47046.12639109766,154624.0643560884,39202.69450832192,6113.041028723346,28623.30786900425,47575.53753940333,27231.67129796955,42194.44384604934,1584.57118036665,39701.44403276638,26261.73367052177,17137.41716118416,25001.41717755068,64172.1946478848
5622,23365.02528749351,17631.28373189851,75464.77885774955,47064.54023743901,78825.88402274216,44157.79628828669,14805.37925885649,20967.1683554091,33196.05353341176,153193.2002258628,119210.8642554991,67601.2935161947,55184.59820189353,46001.01401987859,142705.0573546166,75046.18474559339,55555.03236087025,48308.53066343472,153353.3269062358,40361.88229884898,6225.334803625607,28118.01026110071,50219.03285623351,30903.51906856069,46887.01378493471,1584.592786241986,41014.21181999098,27667.05674565338,17411.66988472337,24947.68540624214,64130.11934344927
5623,26027.50384099511,18565.31655965212,79198.46844306096,50422.88695008447,80405.09668429151,43616.58857871349,15502.00759443794,21525.33687583898,35252.93379064526,164213.2286400463,136633.5812322242,66222.7031941044,55780.08964924493,48840.99718568986,141970.6839604,75903.41658559351,57651.95931390532,51896.2154243086,157030.5556690195,42687.35094762497,6191.516133314184,27790.1266619045,52428.22462114154,33394.91042622728,49139.31227577115,1725.440240520411,42838.44243433011,28526.8426925595,17798.85019883373,25106.54197426054,64518.70530355423
5624,29385.68499678111,19782.73284389785,80406.5518988421,49768.30241259032,79190.455369964,44204.74802448989,15906.44592767686,20723.30737089542,39203.77436687006,169385.9306710256,154047.7481124484,65602.89922813054,58791.5844327211,51549.98329394,146342.5939207655,75905.52337129148,59671.79210661093,57357.57178547826,173211.9053705658,43271.82799402851,6424.348285808023,29556.53747809394,58445.83578529133,36319.34277094275,53144.62115003113,1958.588035187966,45701.67670244386,27598.74276308655,17766.58517349338,24419.85776682061,65494.2191588767
5625,31850.4421198745,21296.72811598088,85530.47707263015,49809.88453913634,79869.59687480713,46437.71186085794,17088.18324458721,21005.74985316378,46107.34078500127,173694.2324768558,161763.919971693,66348.78431973612,65427.84018476913,53305.48283462033,149862.3499814298,81888.00762877485,64423.25907834162,60942.02377614837,205400.9972906185,49420.32579354072,7471.461552022924,33448.14661926404,67562.4217185226,37588.47916741029,55161.86364887591,2192.107102878621,47956.72330461471,29025.2278557398,17476.19993665734,23997.465117534,65810.55452065643
5626,32752.58926880174,22044.72734217363,86321.7901389084,47688.84343008599,79730.05000955607,48664.71852506547,17900.88971220871,21294.69298302715,49319.37906815603,179035.4898655978,159767.277748887,63733.87266988787,69651.71238138883,54768.84895366116,153319.4698045329,84875.28615056939,68189.7289210907,62067.02199515129,213604.8385665601,52269.35729294129,8137.743972900603,36099.99354312133,72929.88017730087,38326.25966046937,56710.5947947272,2235.073358040052,49450.97728443285,29399.37149748594,17244.96724941179,24213.48557598217,66039.71223264794
5627,33664.41853646142,22634.8542542178,90411.21356405044,47694.10878616333,80561.26542548233,49783.07831093219,18525.60395884757,22499.66586393244,50727.53480691528,180592.5115887412,151903.578154153,67311.58081535947,72724.77016373638,52707.66684982238,156295.8564962129,90460.03895890922,70750.4406884386,63462.62930455288,220957.4572175971,53099.59619088823,8449.274946240344,38705.03758281517,79431.84194637755,37186.03181486914,53654.47728785162,2291.796102589137,49596.01447170121,30161.82168610597,17105.1521358438,24209.51567956055,66542.51799114402
5628,33678.10801549062,22225.44507749473,86575.69497284801,48461.67119632712,79138.72265155367,49776.2166009449,16700.13852454307,20796.73767995433,51159.23748521015,169069.2346283125,161980.7025283091,60066.01824044973,70539.72584027481,49623.36229900707,154862.9702511733,93064.93732229472,70858.1364424358,62937.90669882328,209304.6948938732,51753.8114388151,8449.280810590366,40276.26849873107,75623.285471959,35423.55353502435,49128.88619627049,2206.886518301476,50647.88715957391,28924.61303143315,17105.1521358438,24519.62879714864,66668.47510737496
5629,32310.423820453,21862.49008315837,85809.8856715265,45845.98928118699,77440.91644979564,49224.0267008605,16678.36663548767,20180.05097996785,51587.39714367566,157375.1190901354,165891.0401260019,61916.56103183373,70163.63381550879,50011.09459266129,155579.4321785879,94208.98788628064,73252.89189209182,61319.80082303653,202098.2577891717,50821.7111227339,8777.041967306535,41727.01371766764,76286.58721699496,35288.75341653098,49634.36286012058,2076.352319963134,51017.34030934577,28861.92948085857,17244.96724941179,24736.00377677544,66780.44993497836
5630,31420.190245794,22124.19066442093,88690.13089266128,45252.14328811975,76966.27894427931,49213.8999164328,17102.44527128709,20455.39066928692,51978.63658697447,168909.5435363762,163312.7390528286,64553.84245686437,71387.07690936707,51106.37833287832,158435.8760517362,93137.52284852942,73263.66356085057,60697.62767402227,214614.5814235684,52270.07691857278,8800.666131272717,42108.63831887983,77275.96254920047,36307.5279357301,50145.39077089812,2038.103594452811,52194.37636779104,28824.21978515596,17287.9872844522,24948.07433163867,66633.48521999136
5631,31415.90163007001,22093.06316561926,92632.26986233343,46466.23123503324,77421.9121892802,49528.02640344689,17102.4287039621,20731.30900955963,51816.89279623578,177176.8144902351,161818.6928482297,67988.21237264684,71387.06025425211,51860.16664773893,159878.9076341403,92240.86440332377,73275.63382343487,60242.97234116333,215900.6017025565,52271.96514221162,8682.904770167772,41608.7625936571,78403.40295329104,37064.90368622095,51670.67543074999,2030.40223170567,52742.06991332366,29171.42600030707,17212.70222281817,25265.21394600689,66631.70195087338
5632,32330.08095269342,22211.42057118469,94328.84999979656,48299.24698982442,79054.80037881866,50055.89230646697,17499.95559614442,22238.50278932793,51810.02260086039,179594.6101479619,153597.6724550389,71093.87645087777,71617.5813691384,53391.21261283909,159881.0207844506,90913.32464170866,73173.91319471739,60821.71838114975,216043.4352362639,52946.30981043424,8371.93847956534,41326.42946659803,78385.16213806435,38823.80798935383,54165.69431690985,2037.127780260399,53798.94584932816,29991.67990831766,17132.03965758739,26052.76545956708,66677.7694353608
5633,33212.49615941689,22341.91427518582,94953.40514395335,53168.4053584061,82005.72317152383,50343.66305945421,18104.17532419498,24305.58805227402,51373.52266669264,182701.6696272335,141173.1138769542,72501.47891340018,73170.70326346088,55527.10008739097,159161.5497088975,89060.75647271848,72293.35803384737,63812.51823082688,215900.5907931029,53722.01410106657,8371.404529720492,41108.35930318585,78403.40411246184,40032.70919688067,54675.43300712763,2118.825552375586,52046.47861029723,31561.75705771915,17158.92717933099,26108.73770847017,67265.40681426963
5634,33664.43031591881,22123.96141382252,95360.12421119594,57622.76215227966,84392.44235781408,50055.22525095258,18004.91171551288,24580.18979714471,49013.00019337911,183568.8903005999,140111.8741015867,72109.01964895254,70945.06123147784,56613.87578960071,156297.4363717622,89062.33642967095,67042.56339775703,64622.8000463705,200872.6894527825,53707.31706778344,8216.075692273302,39942.90967537834,75251.92643493724,39518.55728137193,52681.48946667767,2224.222659802551,51094.99109571578,30403.16728549564,17271.85477115538,26366.24743668662,67232.87184802131
5635,33664.46858705111,21714.19407616548,93755.22776880703,57118.65618972419,85518.4808332274,49221.52850374609,16903.678136671,23756.35450707968,48329.42469799073,174456.693644999,145784.9259411396,73018.32387035176,70492.12975536645,55549.63387708738,155579.7034594513,87894.58220105633,63276.12546824421,64997.49885798684,200992.2947160551,51981.79790306771,7585.663496059681,38476.12801647194,71909.3006801593,39993.16004946762,51655.06265342083,2292.210263001718,51255.57123119361,30155.31376715724,17239.58974456175,25794.84642167082,67439.31682968776
5636,33617.21715200764,21703.82431842184,90871.8814565902,56451.23633470063,83821.80193230703,48062.85787197832,17502.62922233382,22886.55718508022,46911.38727688821,176877.4440580012,145784.9223918445,76861.92847475891,71639.48886207445,52215.8969405874,157012.639426447,91337.79165987551,68240.37685049605,64091.93688308804,203392.2988127065,53756.55580345426,8448.691400239923,37430.05238280277,71924.64122266656,39993.51069627491,52667.02854911062,2445.216417216356,52143.99175017499,29237.77983243271,17239.58974456175,26050.92163961333,67437.91894924389
5637,33209.36792451509,21631.97959638983,89113.43435897148,55593.23774024308,83521.79570451398,49211.60643408616,17457.96408454245,21569.16694942645,45947.67477506467,170693.678494561,142654.1250514579,73834.39365081645,72906.02596716998,50630.63539078864,156950.2471780146,93064.93637103093,74679.47278035007,62146.37936072104,203392.4178723726,54592.69808232029,8756.796654574631,39610.20270656587,73022.86349476308,38058.4180414706,50806.12199111181,2453.144504095963,51088.90677027837,28892.96881717485,17062.1321008034,25581.44046360438,67287.46792322054
5638,30930.7449261423,20830.8728445854,87041.85846518261,53263.05651315325,82076.65127891372,50905.11874449163,15793.9986216003,19460.52963950902,44862.50787002063,169323.7465031816,136798.4163286302,71338.76130901184,73391.33784641557,47360.56845091328,154868.9640533426,92189.1690018014,71611.60247593191,58879.1382661061,198369.0383184005,54592.69550553921,8993.25220461338,39826.33579754378,68667.88720694877,34612.73222537625,47126.9601269568,2302.118456269254,48683.29053788321,28897.32688972266,16933.0719956822,25366.9534167589,67489.85012629606
5639,27352.18094746313,19640.77758915481,81117.94770096587,49411.04960319457,79236.47907228045,49049.37791449561,14138.63194229834,18296.88112477682,41974.97831023365,174317.1486117594,134696.6538356538,69261.09771215894,70286.06583821797,44122.33924141186,149879.6852188424,88606.51261548958,68866.14478460826,55346.80396522021,193337.6085534576,51982.12546583848,8923.95231327495,37748.6422606895,62163.0419840776,32348.80723121902,45196.92851614759,2064.864349453369,46119.96610616417,27035.72519348506,16729.69142622318,25162.52864024444,67925.23217501512
5640,24444.0404449671,18342.66368568251,75244.42673675444,47791.09375219981,76489.7640689403,45583.75161704194,12798.69468698725,16744.14591939224,35620.71235904645,150276.9327958871,124218.9597814265,63782.49148593629,61832.07704827814,41249.91406237661,145664.2853755351,84291.72945017807,62553.62471426531,50580.21814748379,178583.2341189325,48720.93397794779,8396.320984701137,34645.5519024391,58994.14382326455,27594.9290865191,41693.30190951883,1865.360008962087,40864.65389056172,25734.18403040443,17125.55190668625,25062.96250546441,65334.62206811357
5641,22870.33442009188,17632.14100634952,73233.14040963762,47571.95818610722,76322.92772908992,44097.99928332203,12225.3358572423,16056.6538829149,35635.89421499446,149964.5021232642,116477.2994231243,61025.22344776012,59488.57895064745,40345.54523754604,143863.7220927693,83038.84740659925,60472.51510315221,49034.08082190024,173984.3943451599,45046.98217545845,7691.20728058625,32717.46163723792,54717.237868261,26374.77500874502,40495.33289338166,1781.729566365915,39599.02571333281,25315.93248575241,16975.7876262753,24984.88374066526,64608.12629835464
5642,21744.35052339261,17287.0260961246,72026.68124217971,47130.07546797848,76356.68739593787,43342.34863693921,12117.98351910499,15506.57014196201,34442.03840597463,147730.4790383918,112809.3952338617,60014.4972693406,57532.52212179279,39294.68676876159,141970.7587030233,80123.64283175413,60180.46992776979,47606.17729797591,168492.352175778,43242.93387754005,7184.017056465985,31092.41732042082,51603.52839638173,26136.69666649648,40254.22808477523,1736.340455421678,38099.8411081707,25316.87646720468,17181.02015830728,24724.01541900184,63926.91476306324
5643,21071.40663086794,17026.11969544407,70843.86374546852,46627.69175375389,76083.711965433,43070.42926387356,11716.59521858649,15232.59411501149,33652.12740062078,145336.1773931742,109573.7842269079,58332.57019770573,54801.84266739709,38921.97287685439,139279.5663135205,76772.16055862709,59916.76168905407,46917.72092742521,164841.3407655307,41420.76568924294,6235.788689739541,29987.16383430928,49542.33044498597,25644.93243607976,39779.14252083126,1659.984095024094,37656.37040048982,25392.6662264949,17208.75428411779,24780.057000323,63439.87663817243
5644,21071.41377568019,16904.38834693836,68772.59382670782,46075.05154877383,75862.97400093882,43070.4292769444,11824.09613372573,14962.08486617756,32986.60858595942,143903.7971545829,110186.8864293543,58063.53198611274,53991.95359226174,38922.17357361579,138090.1460402647,76293.00188600867,57099.27946819978,46543.58398304894,155966.7297312331,39897.40635918109,5992.606371355495,28918.41602588403,47984.04275310777,25892.71106325803,39774.2762685607,1614.767247749241,37647.46839817825,25233.58767261242,17086.72413081008,24709.26813820664,63259.72531778015
5645,21505.13647989791,16954.92877166166,69626.09658608332,46075.09521428229,76489.13232154716,43354.82955723973,12992.29449686156,16507.21605843413,33270.22940371429,145671.6121649416,115527.4520466481,60762.73057055815,53630.13283467586,42127.31434405654,139967.8335566289,75331.8157237722,56106.37324468846,46067.937097331,154434.2720133747,39582.46966189404,5906.621361556911,27782.96491825893,47985.34830111391,27153.97212846624,41828.68861094233,1612.533783483174,38761.16286580497,25646.06080109693,17197.66063405212,25067.60009926501,63294.06711773908
5646,23364.67329623409,17519.20609516883,75077.39429771196,47207.25513200658,78827.18601167473,44168.14342376516,14552.80586657109,20965.71240231218,33811.7504448302,152084.379868359,120961.4387494754,67511.91512521697,55061.39774855535,45402.69597668263,142118.7080636153,75333.22477663594,54758.64013384702,47348.03482455412,153265.4051132124,40797.57330741976,6030.417895318147,27304.14982599183,50547.6972257906,30662.61303105725,46284.61891541557,1612.55599112304,40177.55083746902,27093.72421716235,17480.54871912917,25025.87357899827,63261.55011557922
5647,26026.75685854716,18428.9809005132,78636.0888974324,50365.14763235928,80320.78319600424,43628.93719345533,15230.2852015066,21523.50114943204,35592.53341695888,162342.582797279,138768.6676115743,66078.13276527185,55582.97985017505,48172.89447398756,141387.1207850373,76292.16906937302,56838.93348125155,50986.00342860945,156647.8433860751,43235.21581519554,5993.135025768071,26993.45052057973,52689.0742530838,33043.26663327977,48423.33719361803,1757.326313627052,42145.77273081218,27979.41426453214,17879.9201318347,25149.23693820828,63561.86049178522
5648,29384.43981239854,19614.77933297994,79787.55046697818,49749.63417330631,79171.9924781854,44214.92152436647,15623.60628684033,20722.01733882397,39013.04834435628,167157.6908106419,156567.1576802129,65433.51486915175,58220.70333918302,50815.31480120483,145742.4442965935,76294.52582985123,58842.7442079214,56523.90441538775,171531.9912234412,43847.88633813827,6249.817227893644,28667.28420731438,58521.96504635048,35837.71334855758,52226.66403243538,1996.96771572438,45235.00954548628,27023.35203362834,17846.63918163773,24615.97808965727,64315.76558091097
5649,31848.83127720546,21089.45421915529,84671.32144704754,49788.73433085522,79814.31498742862,46439.62747612689,16772.85987104978,21004.26764953038,44989.94149656263,171168.1554430522,164453.6221404007,66209.26156470997,64033.30104723428,52527.67783495643,149248.8468677648,82986.84506883618,63556.52077386076,60158.59493976516,201140.5969161318,50292.96982827508,7404.191038246423,32354.93512996152,67358.70253327364,37050.43897059388,54142.1798583346,2236.990731501318,47668.05285591754,28492.81504803407,17547.11062081585,24287.96032639058,64560.23862228811
5650,32750.84458836935,21818.02695256112,85425.54631532017,47794.29469006736,79682.33351964045,48658.39828637481,17563.22656884199,21293.01418484422,47770.82437020193,176140.1664152551,162412.9148807502,63489.66159632882,67732.92787996997,53955.08581144563,152692.850834985,86328.57079065546,67293.11357492598,61299.360774318,208686.7651059048,53279.43033918608,8138.723778663248,34867.79944925472,72561.39811685789,37755.42648010168,55612.81069307069,2281.153678204025,49280.25219857505,28878.23109370645,17308.5971385869,24455.71548908029,64737.3382752969
5651,33662.5385818779,22392.82751693172,89323.30179994192,47799.24576566825,80468.48540090806,49772.62218525981,18170.7685976691,22497.16721202658,48989.96182502902,177589.5496836488,154375.6668112734,67210.60373977227,70424.57348402457,51944.55151129072,155657.9455087724,92575.96686486602,69833.51282275087,62714.52846980878,215449.9501932003,54149.71755217842,8482.166277522087,37336.31381131752,78863.77158474848,36665.87966136141,52710.80884967294,2339.456258564842,49436.73754921369,29663.6527979178,17164.37968385515,24452.63258376264,65125.92098799098
5652,33676.22603000862,21994.05121807805,85667.55083678286,48520.99363329668,79123.0643987464,49765.78585105707,16395.48176936621,20795.39768649933,49363.71658096406,166862.8882792114,164675.1889949924,59674.96415104216,68510.72566063059,48936.03514585699,154230.4954448456,95489.94217722552,69940.3542939142,62182.45151970966,204731.348819458,52739.01604919466,8482.172742584002,38825.19692536709,75172.12495134375,34981.74029367843,48413.43688649222,2252.181781621103,50571.6372910595,28389.16884536359,17164.37968385515,24693.45735039316,65223.26426038026
5653,32308.74473733999,21640.5226273161,84937.63439280484,46061.43748561637,77517.3031075502,49215.63804426683,16374.30834852732,20179.13057511512,49734.40390049388,155977.1985372086,168671.8260650432,61599.59365706309,68181.31224998909,49314.23999938148,154944.2392103606,96769.73686956539,72316.11365137268,60541.66678902571,198102.6264183345,51761.95391886376,8843.507955852536,40199.90896634273,75815.06556951259,34852.93179208205,48893.42308040901,2118.011958758079,50970.25234127844,28324.59673055119,17308.5971385869,24861.48782384938,65309.80161904878
5654,31418.64323300966,21895.42651110067,87682.88486961115,45503.03718679961,77068.39761237716,49205.54871043101,16786.7298615023,20454.28292555468,50073.12684569282,166714.2367907167,166036.6229938618,64342.45897740454,69252.90785886794,50382.61019530302,157789.8461128237,95571.1401365991,72326.79987524274,59910.7734599672,209615.5604313034,53280.18467746965,8869.552049699827,40561.53272189332,76774.07041527051,35826.42366100122,49378.68057975828,2078.697933837535,52240.19492489503,28285.75089654643,17352.97174014226,25026.17560707301,65196.22307175686
5655,31414.35525352198,21865.10743309648,91440.25900106275,46644.65821356568,77499.32914451954,49518.51350362828,16786.71374958189,20730.01353323845,49933.09410077146,174409.9831105625,164509.6038308124,67914.32432700934,69252.8932709004,51117.87626386666,159227.4030240455,94568.0911847958,72338.67518524564,59449.74582324578,210798.4849899688,53282.16398353712,8739.727860171166,40087.85535285198,77866.90220077283,36550.13545485234,50827.04730146907,2070.78207355922,52831.11935006726,28643.41793012709,17275.31618709719,25272.45694535863,65194.84491023109
5656,32328.39895335256,21980.39094606285,93057.321811248,48368.26426153191,79043.69189033679,50044.42726768194,17173.31337635396,22236.18183064856,49927.14609923042,176660.6341584037,156107.149046229,71144.32405929464,69454.8032867452,52611.3010428877,159229.5081573429,93083.03589592293,72237.76144244289,60036.60338279321,210929.8680619031,53989.03708157548,8396.907887054414,39820.31923123105,77849.22131706422,38230.8597025032,53196.24593033677,2077.69494137265,53971.41725946582,29488.38489574847,17192.11380966568,25884.04639032556,65230.44718364711
5657,33210.68324963889,22107.49556233398,93652.6045651978,52946.79054569312,81834.63327630186,50331.13379489313,17760.92424230146,24301.86066563653,49549.2380283218,179552.8995367373,143408.3857932832,72608.28006438224,70815.15965343235,54694.70503754692,158512.7666599999,91010.65641855846,71364.1911730879,63069.32132746813,210798.4749550878,54802.15909605829,8396.31924231385,39613.67806811907,77866.90332436102,39386.02747876349,53680.27922268729,2161.668151094956,52080.62321176419,31105.76618679143,17219.84793547618,25927.51279988834,65684.59020591453
5658,33662.55035958775,21895.20321443233,94040.2610414869,57135.27408144681,84091.95880517077,50043.76267905369,17664.38920323057,24576.27557371907,47505.57106665935,180360.168385527,142323.7249115863,72200.10864365974,68865.75290097941,55754.77625677503,155659.5193904826,91012.42384089594,66155.04779580631,63890.95979401681,196975.3075827576,54786.7531205411,8225.079370060346,38509.30935086629,74812.16538450684,38894.72866857099,51786.88742181622,2270.000767480261,51054.03230668815,29912.26978930401,17336.3312643974,26127.48731462391,65659.44625076177
5659,33662.58862504234,21496.07805654041,92510.58478636705,56661.25737776853,85156.95020074,49213.14908591533,16593.42646098195,23753.00081446792,46913.75265716708,171877.9069150328,148121.9785702104,73145.81697453569,68469.03695778555,54716.68512218511,154944.50946202,89706.11299172191,62418.48665482977,64270.91026444364,197085.3245129588,52977.99991885559,7530.091203530312,37119.40133555062,71572.14696880458,39348.2362180834,50812.22185431666,2339.881954128916,51227.28745096608,29656.94880483359,17303.05031290771,25683.75401767773,65818.99285428118
5660,33615.34419997098,21485.9776146155,89762.37856408837,56033.67472025761,83552.25509486374,48058.76341757584,17175.91350959595,22883.79529547411,45686.05994901834,174131.3084529892,148121.9749425838,77143.3007752682,69473.99173396404,51464.86547653446,156372.0090592646,93557.86686408464,67343.35974609054,63352.65622227246,199292.9287266806,54838.36698992756,8481.522956267601,36128.15025258623,71587.0166083863,39348.5712792862,51773.15574777481,2497.149619378758,52185.83331803449,28711.77090673717,17303.05031290771,25882.61453373876,65817.91253217722
5661,33207.55547882544,21415.99879153825,88086.34844771025,55226.88865598718,83268.51341268054,49203.26370977684,17132.47613230287,21567.30140139482,44851.70762965525,168375.0327311412,144922.0822487179,73994.55821184574,70583.33274632154,49918.55730965719,156309.8535187802,95489.94111309218,73731.37836866884,61379.83038736533,199293.0382417522,55714.84234580273,8821.188824241688,38194.03946737964,72651.52716002104,37499.48992756758,50006.09206336025,2505.298518485811,51047.46772957929,28356.57123693994,17120.00508229979,25518.02919942872,65701.63966371474
5662,30929.27052486812,20635.69780261502,86111.86562644412,53035.79212810873,81901.71608539188,50890.5131201688,15514.24994538104,19460.09879110941,43912.20386436603,167099.8054959461,138937.1405478065,71399.01291368745,71008.41020300672,46728.84314797432,154236.4665073213,94510.26200960949,70687.8435541902,58066.79668559899,194672.3653495907,55714.83964472517,9081.865584898138,38398.84507951762,68430.23395892135,34206.95849730086,46512.46510434581,2350.06610933514,48451.96993540535,28361.06061187703,16986.88127763369,25351.4648392895,65858.04643540196
5663,27351.23744294963,19476.51083704059,80465.60372808528,49413.70519870915,79215.52105028086,49041.63513917475,13904.38617773544,18297.24201333833,41412.27055346785,171748.008768232,136788.9930587434,69238.16979203331,68288.54863767225,43570.18439320409,149266.1163375769,90502.51552355813,67964.16385587053,54484.95431589192,190044.2876035436,52978.34328230383,9005.466992498907,36430.04291819494,62125.06554954458,32043.6607978379,44679.76224531529,2106.204026522914,45686.31562251642,26443.37156327437,16777.09688937435,25192.71454365388,66194.52217119232
5664,25120.77083930488,18758.57314573719,75640.5729821496,48515.30999246823,77268.14590558762,45553.86156522769,12698.30584942597,16399.75094410069,35695.76125824849,186044.9801430907,165839.710333487,70016.14604352332,56999.56447091902,40857.41689686292,147641.128048897,77631.4660290981,61718.81986481635,51634.40650977532,199086.9368771699,47229.13733405145,8085.29100727343,32060.79643970566,58072.75369824161,27259.56688362191,42631.19611068739,2011.800540655654,40820.12813452737,27363.04191077764,17091.85436527814,24797.6022474793,65830.93176349712
5665,23038.35947498212,17644.28005068607,74155.67105250337,47646.27513740987,76453.42768910268,43516.51189820259,12192.00560070665,15566.97191782901,34878.56233062503,184821.5314315355,156309.3785611159,69364.87634705614,54093.35305747647,39314.25320330718,144424.1055818323,77058.50772735571,58321.51395986856,48858.09252649575,190481.2948386187,45427.45783610745,7398.004742737705,29788.5158828751,54507.91530629749,25995.74035678896,40925.71947377444,1870.6571443305,39459.82637446134,25694.88176928882,16976.97789431979,25147.88670151001,65199.30912325004
5666,22211.19896775483,17321.01686232555,71276.71307461418,46353.09113461673,76294.18881242108,43065.62025776521,11569.36983553914,15256.32038862055,32957.65071607206,178058.6607223605,149189.8248068289,68091.37597249009,52840.62723732358,39086.53506523532,142266.5570520351,77596.53014812786,56688.59316381444,48462.40051037917,181278.4287197232,43147.00424250645,6871.187518603135,28241.5988142173,52141.06571997991,25594.35790524663,40085.60299060334,1799.42623282455,38245.8743376998,25582.33352140903,16796.42171564582,25025.17652471262,64308.67835666644
5667,21914.41191890764,17048.07705199781,69407.16596447569,46377.57440303278,76254.48576053037,43214.74195617029,11713.22201854627,14955.87855961673,31691.42633013751,173799.5979892485,143516.4286098313,67041.94977423937,51266.27694051389,38869.63490570962,140435.7549881919,76690.02996175335,55114.92949956206,47518.12879741332,171648.4905781234,41816.49799739408,6440.542497370873,27139.27399551955,49724.05864242445,24988.5849273039,39406.72570854551,1730.213412131952,38258.26974067349,25480.09651554915,16831.55809250275,25147.85511070677,64053.01541768007
5668,21071.41538567513,16730.25547484239,68454.14148069348,46137.04301821829,77121.7196379569,43206.95241913072,11847.35058513811,15240.21949437634,31667.7690966494,172037.4216784617,138771.4706895674,67037.07710407766,50835.72129224559,39971.57953207686,137876.2298849311,76400.83243397404,54955.29272550639,47180.94396461581,166863.8275776485,41153.80646647002,6134.653074168658,26357.24217453134,48538.02124255841,24994.46168600088,38930.95882966471,1663.706981408222,37653.47229103257,25088.26091338925,16809.86796805063,25264.67086624023,64050.1588021285
5669,21872.7811760991,16885.85469083923,68387.04493075538,46137.15730962523,78240.67809529603,43999.19734576907,12275.95479491292,16378.81011518147,33326.93958909829,171884.5066116323,135571.2293528569,67038.71924186153,50696.31967462556,42329.58403563633,140856.9776492236,76087.43059691114,55735.78266544835,46110.31328370679,160968.8969271679,40600.29071744038,5963.785149098783,25552.14576966669,48507.21707243719,25595.15447005984,39922.13897734367,1652.017374141424,38274.53280968598,26086.20891509021,17117.81405968151,25439.95204512544,63871.86650791579
5670,23579.78729615325,17358.80564764742,70579.54474587436,46221.14207836193,79935.29228432127,45893.21723236249,14044.30792579751,19917.71546874816,35969.76902602375,174238.4757669713,138768.4979753921,69967.95952251679,52127.30691515488,44394.51697439863,146619.7221572458,78238.2201387711,55669.61711080798,47164.32011320741,157320.1122024985,41911.66848523531,6180.69138669513,27768.24296516844,52614.65933839466,29380.13949199893,42600.26192052462,1664.266574508178,40769.69925890442,27672.87082180812,17314.17651896536,25498.25706286433,64019.08614241253
5671,25615.35028379332,18802.29922619244,81826.80571923398,47153.27932401012,81303.40938059379,45075.4739529197,14969.8210909211,20963.10940198081,37070.7900358265,167830.2705983804,129529.9697222205,75369.17207651513,55797.87401790511,45832.83771514174,149557.089976538,80430.07730098863,59988.18066064655,53881.9836868621,153057.5779259855,44704.43366223588,6498.975483461253,30427.794164601,53315.52500197285,32694.26771470835,46929.48528791207,1814.054716544906,44824.42181435541,28895.69094195047,17484.75217690603,25171.31543950371,63952.64387248951
5672,28056.68760196147,19445.21888059424,79883.2755581333,48516.14169224787,80980.03340317849,43301.89060089287,15352.86156457648,20296.22180154291,39008.97930746833,143562.2777795052,122855.0023014729,71359.13984577452,59719.78236991967,48152.60649331149,149774.1740062341,91616.29911741267,62886.36732592889,52979.35036747847,149000.8408057494,45967.31533195268,6810.093378089486,32696.92107697853,58854.13893343132,36545.33958862858,51259.50691001939,2011.282487920348,45974.90141940417,28621.04157288851,16973.78808029549,24687.29747732184,64384.00113105295
5673,29882.22970239877,20481.48812305691,80441.89014506967,50893.56135071159,81752.88788204422,44673.18822861951,15393.92592702431,20364.47476695525,42561.54939430155,142331.5229834496,127695.7802905864,67001.61031964209,62736.4170608353,50157.15597097998,149774.1739907769,94288.56378402324,64374.39708701741,53350.36213067797,153247.5154334315,48234.39594260123,7609.168524924346,35126.20964819645,66290.19764900996,37730.55797940594,53847.63746805199,2221.90566281527,46757.10499738025,29317.25276250974,16562.60045087542,24175.42474825693,64490.10707373395
5674,30993.16838794292,21206.88727360134,81071.20863109977,49473.18546522931,82291.63101797302,46053.29674486709,15511.09142796451,21271.03756253063,46340.64081742982,146642.4973695925,136221.0742980398,65660.7649371923,64459.4583558808,51478.86919353784,148585.1762760271,92937.83840297512,65825.28048952974,53348.00737417597,164225.7375530283,49767.88446841554,8348.357845412917,37987.67687712836,72114.1951071449,36514.12150643636,54881.37155430689,2346.193298174634,47001.41784002077,28586.8650320365,16234.82874339379,23921.20259074924,64998.2505611024
5675,31534.10868963115,21430.34966356138,84252.64046890747,48515.30975080573,83914.65998980409,45690.91515876338,15932.59661767826,22317.3269840966,47300.42478646005,147392.2041808954,135268.6931561547,65838.79849687454,66161.87005697706,49807.23566457124,146796.4768989924,94099.74069740571,66801.37282116106,56001.12530070617,174025.7794546009,51280.43415234067,8296.547628421982,39628.3161548944,80218.41998981549,35274.17643147558,53299.64177943454,2381.550903761261,47357.71502929617,28895.83314125971,16244.44107045336,23979.03934772715,64852.55547574611
5676,31007.88373398135,20835.84923013783,78397.96939120397,48515.66968104376,82591.51358072976,44750.01449348162,15166.53699037331,20970.40643776487,46660.1975451588,143123.5281787035,129537.2989151208,59746.04819378586,62712.39583570109,48383.99254931095,138413.2574091888,99510.15197177316,65645.97556063186,54196.98664279807,178799.778775853,51304.46665536571,8065.209502804418,39671.69241447772,74859.06582638227,33888.21128559228,48949.08881609121,2344.588231079155,46836.05966906634,28455.30766176946,16594.26701498342,24213.79484763651,64884.58200943837
5677,30465.22335159364,20020.63773495324,69754.93985358822,46557.31837723597,81701.63658664201,44311.61166667446,15278.85233300876,20065.63040244561,46603.90636789658,147614.3347850993,124686.780541679,58259.79989523403,60439.49349155423,47452.88349892296,139614.0740890702,97136.32963410048,66817.72565541159,51634.36700705528,181032.57702786,50013.95830243178,8123.211946375223,37717.28472440285,72271.45666506232,33569.41558868434,48433.70528576527,2175.818524759512,46540.27030053978,28240.79849641635,16773.80517519192,23980.39401634628,64241.05183031789
5678,29663.36656266723,19795.93521987159,72200.67098686576,45725.35719112976,82007.45389719597,43875.98063849778,14640.90987700238,20198.79489088752,45904.98921344521,148004.7616866598,119028.4484001356,59092.19679989614,60941.84115521314,44742.50584650583,144420.0995062274,93252.59407080243,66866.90082981499,51119.79377008448,185959.3998006429,50267.14751333836,8296.944286325632,37366.6213608617,73585.95125859808,33701.66981701804,48405.19660345166,2155.827118066498,47128.82074828964,28060.14599348748,16840.31261506814,23980.27188427324,63920.81421994942
5679,29135.73387518675,19743.12934945719,75158.1315630863,45274.73606966074,82435.02442536461,44014.52056045472,15165.52370340479,20666.172848208,44943.69150087256,149637.094776409,117977.0104631212,61646.08702552,60901.52462962101,44382.46629851364,149819.7088167036,93006.17139237722,68432.7931631403,50605.07639617212,183572.7150234362,51279.90794226779,8349.855200754479,36025.52443543809,74759.68575509226,34087.9223142432,49980.93457538332,2113.934178098459,48338.8115883256,27537.20760733937,16795.99352625239,24330.92137091076,64126.85126590475
5680,30466.521675666,20423.35563506141,78468.64553157652,46138.033787117,82779.6204445335,45378.53130933277,16070.96824466031,21947.61041550303,45080.2224221856,153772.4667806944,124755.2709376724,65659.42734957124,62157.5783862732,47375.77614440934,150961.4959172659,90183.7348509723,69092.80370029387,51976.10138809536,185960.0499336777,51539.95254161198,8400.204142648303,37817.62852790544,75953.3522032459,36093.38869998929,53075.06165891252,2156.302396814687,49457.58031204186,29742.86844427262,16781.03354107723,24966.77603728874,63361.36139899236
5681,32018.67334595021,21268.58589129401,84069.89215893188,48944.12523938245,84800.8710706692,47603.03984936479,16938.90539976415,24582.72470962275,47276.61008113756,160050.8287282476,131446.6370413682,68732.87438726338,65300.39126091661,52369.21172708778,156300.6371713226,92596.94284397006,71675.42318774796,55765.38537071627,187053.0414792488,54055.86110701835,8776.799407200338,40015.90331202371,78335.85613087336,37932.49073015419,55392.54401890183,2223.328788150223,50910.02275653491,30318.0074724896,16972.74045084886,25790.54556049212,63329.39504880497
5682,33164.36772293601,22327.7636634718,93217.03100490976,53373.82765014609,86076.10749681009,49258.07634814802,17756.37076239189,23970.52597731268,49081.90086618318,163841.1484610289,136218.8994503196,70926.20293353737,67606.01253709651,54758.2077217517,162858.0568756255,103250.1887755656,71006.80528548514,57874.43182215385,194314.6163031607,54822.47866320657,8931.607706696985,41248.33067653768,76099.44173637783,39353.98278603501,54141.17861281284,2289.604251127737,51950.22771564933,30717.21989239445,16609.17264221152,25676.70389755944,63683.97923578283
5683,33671.88797162133,22816.83153172967,92853.36485198703,56743.65560216059,85727.84895715081,50036.61907519961,17387.46436237414,23944.03283056564,48943.68351395809,163148.3522026784,134380.3158842346,77724.10697435151,66582.64190784308,55469.15296365366,156425.7333077079,100921.0329177419,73683.045427163,61924.8854749134,199089.7585781333,55585.57548553429,9361.15188784942,42343.95287644354,72409.0379608956,38362.77438871379,53578.62737416258,2310.976511278363,54672.61613980937,30682.23452902824,17035.45647293617,26012.36151497082,64613.18580142572
5684,33671.88797471828,22367.30825512831,90069.75724702206,54785.14585370936,85830.84642420952,48989.24672257197,16955.75883807754,23067.97559849759,47850.74490973164,162457.0940673806,134174.9233851246,79780.07575278595,64884.3683467392,55911.45570917266,152638.3796102233,98031.68686467974,72115.52920532595,62609.4498245218,197894.9332913491,55584.48492268706,9352.441042185324,42497.62079539805,73569.58440356846,36921.35913155515,51786.35627237393,2490.977277213927,53406.31905022696,30127.18383148363,16783.01763132075,25563.7148964261,66091.94729994873
5685,33135.13536607199,22360.87574712687,90104.66246311516,54352.87459478094,84517.04514173525,48164.56162302745,16050.1744862805,21718.88050918356,46601.65351848109,163734.3770857827,130827.6105283365,76449.22451489374,64302.29977081261,54621.665445251,151557.6954831379,94323.56843783254,70440.93507750273,61260.8806541375,200280.3259351973,55000.22270742018,9143.540658023692,40836.29749878443,75230.67844920538,35301.79570728331,49977.17274663511,2513.181379812773,51130.50377066492,29141.93083746813,16648.81900756775,25323.4030000538,66255.05540283429
5686,31225.26642162454,21738.71025859542,88085.96850908526,53193.55772298355,83409.07724204636,50915.70863504149,14962.46861513925,19616.03296111157,44145.7156234565,163758.2179931005,123804.3259148656,72799.76143069346,62711.99763384777,50574.55655889201,148534.1581461173,88901.75845038275,65984.18722760647,58363.05442160208,203902.8990489301,53789.35938728244,8932.017546027497,38784.75721512914,68021.87545475055,32094.79433101021,46889.09654740723,2453.425958635943,47601.98155348072,29502.14075907805,16552.16831680433,25376.1516726587,65782.33923416077
5687,28075.01049454246,20310.12836415412,83764.043395543,50497.45677546427,81220.66247105028,48646.96022049265,13489.69722631305,18271.231114388,41003.73148175242,150926.4264253911,110538.2532962249,68803.14458018527,59992.29208813189,44745.95848726849,144289.2632567537,83485.10464559037,63478.14899507647,54735.00053472442,207195.8315806242,50338.60354101802,8508.64756841805,34859.88818267357,61655.31235361211,29889.38640363113,44564.95330387574,2204.681844604305,45417.15737286599,29562.48982752027,16999.05200222575,25328.06941615666,65947.09568975355
5688,25225.54564489708,18814.86403356028,75212.61999435507,48372.32825611669,77552.19435454425,45518.73640266879,12567.01870758377,16413.29237959401,37223.03303903239,189495.7696421049,158678.6755878165,69105.39740318735,55980.47560228903,40738.50843145204,151823.9073297532,81401.08241224241,61910.12625753121,49716.54891290064,194412.7224271116,45546.62027021621,8317.339354315223,33559.57879921613,58803.01157876635,27080.88427733767,42985.72840399689,2001.735975933177,41012.06452754791,27224.45758762083,17604.71238009291,24695.67747933512,64988.60056851166
5689,23089.11218371426,17663.28493593299,73594.48304581607,47464.11658104455,76684.05471704161,43509.85188297266,12071.65743594707,15583.84989350894,36356.24924493283,188289.7454009427,150363.5118926727,68462.85018757191,52671.73331474033,39029.63220205028,147931.0319608941,80779.1398357946,58545.48303630404,46892.21596705533,184980.517304904,43644.30375335543,7716.014102288648,30908.91978792091,54753.44767312181,25793.47117975908,41239.06913496234,1860.447737457988,39665.97758308578,25497.46589953683,17388.65524569188,25118.73767331928,64170.68512726404
5690,22240.49340661487,17329.20485197515,70457.2063110331,46112.63475897844,76514.37447928384,43065.25994512545,11462.47415946236,15274.44299376228,34318.78321174278,181623.1921256994,144151.7391740253,67206.40585398575,51245.49609171114,38777.4605660925,145320.2116714013,81363.15973662185,56928.26161410521,46489.68008521473,174893.7253425171,41236.47009482063,7255.087532937429,29104.41124893859,52064.76796284358,25384.59779857702,40378.66611879697,1789.143728388573,38464.71104366099,25380.9483759714,17049.06916477162,24970.53300536336,63017.36887477194
5691,21936.00708231505,17047.13204556567,68419.91132504692,46138.22175366561,76472.0680813432,43212.29816655856,11603.2183137115,14975.20488892129,32975.72861350246,177424.7873603419,139201.7312191916,66171.03466239241,49453.08712298483,38537.26859662432,143104.7828602702,80379.15957509226,55369.72760846648,45529.07630451086,164338.841528057,39831.64531396914,6878.304612502648,27818.52812800431,49319.11064410662,24767.51938678183,39683.39579284889,1719.859881108687,38476.97691775166,25275.10574435392,17115.15288786662,25118.69951915285,62686.29989113023
5692,21071.1414596455,16718.67565769732,67381.37531180504,45886.84701232096,77396.16685407885,43204.61746224571,11734.4489371959,15258.4066079639,32950.63593911489,175687.7081285455,135061.780714221,66166.22725209527,48962.89646652445,39757.54547715217,140007.5361570004,80065.23750609973,55211.62562862921,45186.05954277396,159094.616558096,39131.93759886274,6610.673722740008,26906.27295458799,47971.80293554532,24773.50582238607,39196.14043507334,1653.285201110337,37878.49945127675,24869.45114849383,17074.35857990408,25259.7851300834,62682.60073625436
5693,21893.29635115316,16879.48146861453,67308.25842481949,45886.96645608037,78588.49589481903,43985.7934158342,12153.79284808658,16392.4354503829,34710.4792843395,175536.9708923268,132269.587198371,66167.84739666268,48804.18673706752,42368.76414551662,143614.4987042605,79725.04181399845,55984.61171205419,44096.91129688572,152633.4838700946,38547.5039340942,6461.176775968769,25967.11250008295,47936.81019765616,25385.40922953833,40211.25489325802,1641.583597902573,38493.07004173139,25902.59410714253,17653.53680110729,25471.48304784041,62451.72234273286
5694,23644.58577254643,17368.25810959172,69697.4835242537,45974.73732861895,80394.22665914947,45853.35070938901,13883.93945147747,19917.16213282984,37513.66667123216,177857.4145999166,135059.1870369413,69057.85624616606,50433.37585035134,44655.43977759349,150587.9178774185,82059.71012230919,55919.08229223496,45169.14816621413,148634.2371182911,39932.131771824,6650.953881549171,28552.23253884975,52602.75802360195,29241.03275691764,42954.04723709698,1653.845368467889,40962.16262115278,27545.21333568723,18022.85098618691,25541.90162289,62642.36340693319
5695,25732.95551238117,18860.05325755983,81953.92160106945,46948.89610296455,81852.0517770702,45047.03265719279,14789.45624620906,20958.36768143817,38681.49391133337,171540.4756856262,126998.6203576115,74386.73014640209,54612.34250638305,46248.21450031135,154142.3869400596,84438.95707017559,60196.12592031722,52003.0000520033,143962.2908002356,42880.89337453105,6929.429204831295,31654.65020976005,53398.92322995345,32617.01196797504,47387.80959930417,1803.787223941499,44974.514332764,28811.15905096069,18343.66592370873,25147.0340088442,62556.32444148338
5696,28237.62621574386,19524.48601654495,79836.00532559791,48373.19744961982,81507.47189886204,43298.22920045486,15164.22085791563,20294.15197499451,40737.28595139693,147618.1098786368,121174.7468462846,70430.40443622804,59077.46295570014,48817.09150232814,154405.0773877729,96581.52939361839,63066.44857892484,51084.75484007614,139515.9082440558,44214.31625128832,7201.63462497552,34301.63043409267,59690.64492898452,36539.95571455518,51822.38949191623,2001.21739156923,46112.97171162604,28526.82353321822,17382.65591378681,24562.45558803159,63114.90758906533
5697,30110.52668824042,20595.4304605463,80444.74243144157,50857.79317992317,82331.00277561048,44650.36753037569,15204.39799559743,20362.13148399791,44505.41397332791,146404.8836069094,125398.2998508107,66131.23547570889,62511.92292710865,51036.89939915233,154405.0773690681,99482.25561863017,64540.17199056665,51462.18360080398,144170.471610291,46608.02994765496,7900.766979065592,37135.44231659939,68137.81466405842,37747.29362635036,54473.01637874467,2212.056709155147,46887.0014564483,29247.58822943852,16609.30328402279,23944.23524293337,63252.30875773302
5698,31250.2854418577,21345.10260956491,81130.52744815753,49373.38555843681,82905.07152879269,46011.19364611991,15319.032052532,21265.06212373876,48513.80787995527,150654.4606947047,132836.5734507618,64808.34808859825,64473.61765094721,52500.54471270344,152966.2873187138,98016.05184602062,65977.10617949096,51459.78811657272,156203.1406947498,48227.17505887042,8547.503611782127,40473.39892283549,74753.72464368754,36508.15501482131,55531.71233763063,2336.471889187494,47128.76129055077,28491.44167717763,15992.83748153582,23637.19542420124,63910.32570995236
5699,31805.25886393415,21576.04240316742,84597.41795670535,48372.32800355988,84634.52320269897,45653.87513063419,15731.43032274065,22307.15957289455,49531.82829343197,151393.49011184,132005.6259786182,64983.99723776102,66411.82543589386,50649.40292272274,150801.8063993416,99277.28936432055,66943.81407651372,54158.7942139524,166944.4665607075,49824.21174024844,8502.173458398836,42387.23622290964,83959.91380565698,35245.06906442369,53911.78808150614,2371.865778948557,47481.33526267363,28811.30626525922,16010.9161343887,23707.04845177621,63721.6588502904
5700,31265.38253468387,20961.64904858104,78217.42786898855,48372.70415975486,83224.61751912079,44726.12040514506,14981.92195869937,20965.6354815518,48852.75422891401,147185.6089904757,127005.0150393682,58972.84738091072,62484.57459207947,49073.32493534868,140657.3858994207,105150.2562406004,65799.52514015326,52323.45128044747,172177.0036160033,49849.5866348943,8299.769505536033,42437.83546471329,77871.82655130916,33833.23789636857,49456.18107148934,2334.865174963103,46965.13107142122,28355.24463031938,16668.86105978333,23990.57718446099,63763.1313922282
5701,30708.64440942472,20119.15929236748,68798.88974003517,46326.06873695408,82276.39091090474,44293.84279152856,15091.81064845007,20064.48444338849,48793.04749343947,151612.4571113093,122772.9636014109,57506.50446471497,59896.85916753682,48042.22879834551,142110.477919599,102573.4872571824,66960.00968987578,49716.50872694395,174624.2598480303,48486.99392196485,8350.517404625702,40157.98127159042,74932.36969254205,33508.49257180293,48928.35242765574,2165.922276218165,46672.43262834558,28133.17030042199,17006.53247401355,23708.68456882964,62929.79636451989
5702,29885.98578188874,19886.9378771029,71464.06771168162,45456.60204291937,82602.26079297496,43864.29824992747,14467.65139307206,20197.11540654565,48051.72241037995,151997.3235166084,117836.0989547019,58327.75304464863,60468.78554223599,45040.79741277096,147926.1842629972,98357.7171127683,67008.71207989845,49193.03546167942,180024.2988904948,48754.32560795454,8502.520505075287,39748.92570769571,76425.6014396464,33643.21503738817,48899.15533803678,2145.910354230757,47254.83287006476,27946.14666688088,17131.61820093506,23708.53706237333,62515.10684945412
5703,29344.6652013061,19832.36503906656,74686.8908063824,44985.66654341651,83057.86730307929,44000.90253984575,14980.93056451674,20662.62080789659,47032.09640452344,153606.4087666031,116918.7249565684,60847.43891728114,60422.88489216747,44642.09504063907,154460.1784459458,98090.22686950135,68559.54947043819,48669.41556648928,177408.3754904956,49823.65613748212,8548.813688273669,38184.51032786565,77758.93336923799,34036.676096594,50512.94310544124,2103.974423491245,48452.17960628611,27404.76564248364,17048.26383559888,24132.03812880749,62781.91312050547
5704,30709.97641473317,20535.35276791231,78294.44553044745,45887.88244591251,83425.05863023145,45345.85580067771,15866.81233227682,21938.92427862449,47176.91156027959,157682.8844180033,122832.7211070081,64807.02841534119,61852.91099448272,47956.84127543358,155841.8395707176,95026.49003370764,69213.21447497545,50064.15372564092,180025.0114681404,50098.22613565188,8592.865332742409,40275.03425000997,79114.90747868016,36079.57014648634,53681.78496058349,2146.386120712681,49559.25747465111,29688.2142379623,17020.1274252386,24899.99912567213,61790.64722474637
5705,32302.39413874254,21408.86576021436,84398.27228469105,48820.47485395403,85578.84352219856,47539.28427411564,16715.99708764772,24563.48095246156,49506.5685923518,163871.829350492,128670.9023818374,67839.3126550701,65431.02572216087,53486.49662303059,162302.6621765797,97646.01189438296,71771.0039100735,53918.97694006631,181222.9837296497,52754.66665370505,8922.358666239688,42839.36410281373,81821.37011445605,37952.99501227936,56055.22822992459,2213.481294909357,50996.52225626828,30283.6368814604,17380.6855554161,25894.91651430995,61749.25261702881
5706,33477.81021897388,22503.48528942845,94366.15167428768,53449.87196401651,86937.69774482367,49171.19717338367,17515.80052952737,23953.73500247204,51421.39831522663,167608.1669969465,132834.6759077132,70003.2658652118,68055.99188266882,56132.03480181602,170237.7070547231,109210.0422995277,71108.81429413,56064.5013342766,189182.0253610082,53564.10542509393,9057.804614331655,44277.01434793675,79280.86139729261,39401.01612276422,54773.64574548152,2279.824770141088,52025.8573318626,30696.92845569757,16696.89523491501,25757.42289890802,62208.41899782529
5707,33998.49660212362,23008.91813910527,93969.85503864569,56971.61458594905,86566.60374415007,49938.86236979532,17154.86461474171,23927.34800086795,51274.79440163555,166925.2376073727,131230.5215420154,76710.12530783597,66890.87716968403,56919.324853653,162454.0393189713,106681.7584946536,73759.32428734505,60185.01139401944,194415.8151495559,54369.82680380447,9433.62438015008,45555.0787350239,75088.65847437228,38391.30897858914,54197.51042118064,2301.21896262572,54719.79747301101,30660.70925213588,17498.64046733297,26162.81735789783,63411.6887188897
5708,33998.4966053009,22544.35310542595,90936.48412983336,54924.8135756874,86676.35479906315,48906.12354267795,16732.48639543595,23054.80070369066,50115.53998013953,166243.8244347599,131051.3176808439,78738.55841495174,64957.38068644152,57409.12425158665,157871.0138433834,103545.3918113782,72206.87862082837,60881.41592815872,193106.2281205274,54368.67532502073,9426.003026815079,45734.3353206156,76407.00911705292,36922.99284364783,52361.96083650364,2481.40444636335,53466.73287356909,30086.0834010055,17023.85905843406,25620.95909588306,65326.60086182891
5709,33447.81951376378,22537.70535557211,90974.52126799685,54473.05516591623,85276.40700602281,48092.96065909794,15846.46783784058,21711.11078170087,48790.65794874244,167502.9162695615,128130.8050473025,75452.31739967575,64294.69148822507,55980.82994157026,156563.2926002407,99520.25294672824,70548.38452635152,59509.52198510823,195720.7352790858,53751.77777828824,9243.23045789243,43796.36971438517,78293.96884748367,35273.20379388658,50509.09043873838,2503.631334937622,51214.69929855021,29066.08316900979,16771.46124496756,25330.71955962589,65537.81659008481
5710,31488.40458293022,21894.72122954642,88774.69701725568,53261.47531736832,84095.7891784867,50805.66959330522,14782.26262589743,19616.68832015142,46185.70205028928,167526.417632459,122003.0266411089,71851.73171917448,62484.12123644785,51499.12252285583,152904.5509698617,93634.91284021329,66134.48514212685,56561.57512132572,199691.2528216296,52473.27885759372,9058.163193793267,41403.20848103335,70104.9557143174,32006.35071863675,47346.44558033109,2443.814592410272,47723.04926233646,29438.99673115165,16589.68275621337,25394.42739309621,64925.676003208
5711,28256.424442399,20418.33673412612,84064.98078925726,50443.83187826176,81763.87911736767,48568.61934962891,13341.31151073508,18277.27443981887,42853.07293969188,154877.3776342669,110428.4489610898,67908.64171651374,59387.71720088198,45044.62081514394,147767.8610874072,87755.16973703483,63652.54068757013,52870.77062885018,203300.4681426238,48829.7729790544,8687.74540484115,36824.77320033751,62872.70524382201,29759.78365351391,44966.18058518795,2194.815215764712,45561.05595187571,29501.47414983062,17430.17174127043,25336.35547888798,65139.02625458888
5712,24571.09813791712,18794.25711156946,74684.20258452515,47129.77124065947,76705.72468170089,45472.32942865057,12472.69968728676,16621.35170748488,37756.22266177071,153946.4017632636,122499.7429274342,62017.96274563619,59198.24903033581,41559.05953394025,154465.6320538611,94857.48433819975,60702.52231815182,47673.72610375083,165669.485032601,45969.53010044992,8845.855047690704,39354.60566174214,62686.73964460208,26320.57766241316,41733.68989136759,1884.162282882621,40073.39950615305,25519.58735909915,16809.79119265195,24709.05585551153,65581.11405913848
5713,22935.74122053466,17990.21539496854,72374.29736736731,46903.63182527848,76514.62734628575,44054.63313832882,11945.1595964999,15905.96211203922,37775.0943387463,153598.3443690974,115829.9994145759,59534.98073794211,56235.44843232934,40595.66261601994,151594.4922035361,93161.47626805671,58831.98474147514,46274.48170502549,160261.266346779,42375.34355846223,8209.549790144594,36404.02527510479,56980.06890924395,24964.7010458921,40442.81530552678,1798.337034752038,38855.19219572719,25086.08524615272,16552.1784852899,24581.68866148579,64264.86908188593
5714,21765.64621853166,17599.67643975555,70988.71328238334,46447.62597772757,76553.29627408009,43333.59565863401,11846.38608980719,15333.55666728973,36291.08202428394,151109.5738303399,112669.9563437267,58624.79903599156,53762.47593530674,39476.21468482101,148576.0131111723,89215.20653708321,58569.48944967362,44982.23814120291,153802.6449237919,40610.46299876605,7751.853670638847,33917.19985248033,52825.44991398809,24700.14031291999,40183.0122006371,1751.75672753035,37412.17940686444,25087.06364768973,16905.20330583087,24156.14317256886,63030.66883035334
5715,21066.33933893971,17304.42952311629,69630.2809847228,45929.18544588034,76240.6253209168,43074.13176434106,11477.07387290016,15048.46303902569,35309.18986409355,148442.2480377524,109882.3507752882,57110.1858031462,50310.17583375022,39079.17378196071,144284.6950617874,84678.35407655282,58332.46389024954,44359.18952558508,149509.0689128034,38827.85595008944,6896.15806923257,32225.81676879313,50075.19583948617,24153.67521231568,39671.08253272915,1673.396463324706,36985.32476837225,25165.61690400669,16952.90936242033,24247.56186982929,62148.26660269729
5716,21066.34676365433,17166.67588728783,67251.48631636448,45358.88216239864,75987.78809805731,43074.13177681319,11575.98408338295,14766.97686635786,34481.92235908836,146846.5323254829,110410.5623278785,56867.9108304129,49286.26212178433,39079.38757818635,142388.0708342382,84029.72400015836,55800.06178245866,44020.59798192826,139072.5589263471,37337.5703129698,6676.706671781347,30590.29877530743,47995.97435038447,24429.01523107599,39665.83889011425,1626.992940677024,36976.75630846551,25000.73792121681,16743.00271387142,24132.08644242942,61821.87341435086
5717,21517.06081911114,17223.86844571597,68231.70999220795,45358.92722351184,76705.0010669083,43345.50488065453,12650.82838432425,16374.80753186315,34834.47480554476,148815.9327070393,115011.6687097596,59298.59998633718,48828.82511424834,42493.72767369078,145382.1913443543,82728.58037181938,54907.62036982171,43590.14059007868,137270.3942777286,37029.47121428257,6599.112500109877,28852.70389782133,47997.71634159932,25830.5713269782,41879.57617872081,1624.700861155799,38048.72259876595,25428.25092151053,16933.82694022928,24716.62100220585,61884.09293934658
5718,23449.44612338928,17862.41598406844,74492.37057275386,46527.27240123529,79383.04969013813,44121.56427176008,14086.63484084418,21014.22402908698,35507.60793224634,155959.9534829353,119693.2610146034,65376.39278116082,50638.32201421818,45982.89324778702,148811.930009563,82730.48778604112,53696.25436886804,44748.62085247193,135895.8110955209,38218.19371382919,6710.828362159601,28119.96723835698,51416.65558788364,29729.49216185421,46681.07530669471,1624.72365161514,39412.04099869141,26928.70001183427,17420.42872055497,24648.55396994034,61825.17953262095
5719,26215.81843147272,18891.93540334453,78579.43023767445,49786.0951318368,81093.84268862364,43607.05680299871,14709.97487036302,21594.64713942707,37721.19506735729,167387.9075640584,135034.885897126,64085.23945351856,51297.73955936177,48933.9024168956,147645.3565213543,84028.59662847772,55566.05827350215,48040.95918991023,139873.5460832151,40602.91250346829,6677.183737508727,27644.50024739896,54273.89251186268,32374.95523089432,48985.65667266939,1773.293340655862,41306.51707164095,27846.68468364196,18107.3959372222,24849.79235977135,62369.27358072407
5720,29705.04066114145,20233.80869594412,79901.85114363435,49150.90908572258,79777.99720003438,44166.1996650122,15071.8645462535,20760.64012755667,41973.03707014264,172752.0862270895,150368.9819669269,63504.7465105973,54632.51876763593,51748.79334324742,154590.2626042321,84031.78694061514,57367.11826609862,53052.72419178059,157377.2492814992,41202.28132119244,6908.817633968079,30205.98864641678,62056.71204137166,35480.23924901708,53083.94126245498,2019.223915203668,44280.00560404112,26855.76187055371,18050.14867064903,23979.90560625929,63735.17800603998
5721,32265.97616332967,21902.58037825249,85510.72339328441,49191.25893365953,80513.72492040778,46289.00122708064,16129.27799957153,21054.34379956618,49402.56329356638,177219.8673755736,157163.4798831675,64203.32389260374,61981.17758788283,53572.92219840339,160181.4974415369,93091.08146515842,61603.94276950944,56342.09588805964,192196.8608456102,47507.43544067247,7950.541997591173,35849.24647594201,73847.56078651885,36827.86111344151,55148.01025348978,2265.546118537899,46621.887051276,28378.80543079094,17534.92325592494,23444.82155100607,64178.10751255742
5722,33203.32639562598,22727.04789811575,86376.92923113272,47133.07448454144,80362.55098047892,48406.13951141843,16856.4842408946,21354.80730477698,52859.31610942462,182758.8407683681,155405.3306778616,61754.26283066849,66658.4831097061,55093.49699864835,165673.2327943617,97614.72662509789,64962.4574800316,57374.48167801711,201071.126925293,50429.05683190066,8613.39543787947,39694.71383221929,80789.51156686807,37611.26715739359,56732.6922812737,2310.868081943499,48173.68011374502,28778.27477477495,17124.6511688108,23718.47475761213,64498.97177419413
5723,34150.73655689709,23377.50374691933,90853.39069151557,47138.18380276796,81263.0234427531,49469.32551637128,17415.47585385513,22607.82334171121,54374.75455878894,184373.4983796398,148480.9267784917,65105.05508804802,70061.4341141799,52951.73525834827,170401.3095908744,106071.7351787324,67245.81258417536,58655.19939849844,209024.6077517793,51280.44921720136,8923.323136651088,43472.31190026167,89198.76129339809,36400.52575920081,53605.63275198426,2370.700760939138,48324.30223290476,29592.33505185744,16876.57967365611,23713.44572057798,65202.9952043658
5724,34164.96021914916,22926.2404879181,86654.8645500209,47882.99964324638,79721.95410045452,49462.80232578383,15782.05725804794,20836.99815710727,54839.34723087372,172423.6671252714,157354.3684035471,58319.0418110578,67641.82494898447,49746.85322969743,168125.1281302625,110016.3408750853,67341.8435599064,58173.67315901263,196419.5718977477,49900.37549022686,8923.328970820618,45750.76814974217,84273.00140300633,34529.05294343189,48974.98857133409,2281.13584406632,49416.67927301148,28271.38001077507,16876.57967365611,24106.29484999939,65379.35905765315
5725,32743.90701352637,22526.18044303595,85816.57624700673,45344.83297659885,77882.68632260922,48937.85446797874,15762.57586564213,20195.72370430251,55300.12695221121,160296.6734037642,160797.6277222842,60052.21405574389,67225.35938793847,50149.74348887485,169263.2487326906,111748.7802036392,69477.21746214437,56688.77346353622,188624.2186964175,48944.52638051836,9249.40332535032,47854.50699360466,85130.87633616554,34385.91656540796,49492.19892563814,2143.44485521841,49800.35891681153,28204.4534242113,17124.6511688108,24380.39716155611,65536.14505481039
5726,31818.93524035508,22814.63479114879,88969.41844221526,44768.58549941095,77368.50191855353,48928.22728394123,16142.03959953814,20482.04138977779,55721.17362976504,172258.0647876709,158527.2970986696,62522.22609144023,68580.13928471647,51287.84613647725,173800.792874695,110126.2573632995,69486.82242633989,56117.81903259971,202163.3868171838,50429.79479272668,9272.905909041925,48407.90430063295,86410.47540753428,35467.69376509472,50015.08938863067,2103.099069173604,51022.71898038884,28164.1911673576,17200.98085979869,24649.04665791374,65330.36657870695
5727,31814.47927665795,22780.32511429632,93284.65590594086,45946.69417516309,77862.0986230404,49226.8564809126,16142.02477516724,20768.96079744631,55547.10711660555,180831.363266221,157211.7103013443,65738.7713362912,68580.12084167227,52071.10297246809,176093.0904986802,108768.4446899313,69497.49616186855,55700.59196766454,203554.5017541678,50431.73112603005,9155.750599378152,47683.0299625835,87868.63961189293,36271.90686920802,51575.7806643222,2094.975464282096,51591.50250433836,28534.89969616291,17067.40390001398,25050.79690433538,65327.86966370522
5728,32764.33119542811,22910.78225008867,95141.80661161561,47725.38884798274,79631.03940599455,49728.68035519272,16497.73012341526,22336.24750301798,55539.7135038538,183338.6578679734,149972.6665177376,68647.45888827325,68835.38843343742,53662.0034875585,176096.4472993871,106758.1470985135,69406.793131664,56231.69430861367,203709.0077642897,51123.25728435937,8846.384677239646,47273.61612578404,87845.0480289363,38139.58468770699,54128.71672328284,2102.069754076143,52689.07545213264,29410.67641390719,16924.28573024559,26048.46165609728,65392.37287970904
5729,33681.17951666665,23054.61638350506,95825.47194583174,52450.25061126789,82827.83371733106,50002.25406651285,17038.38332955354,24485.748977471,55069.95808889837,186560.730599722,139032.1847725226,69965.78426337635,70555.23820024444,55881.39112247998,174953.5465776515,103952.7973562751,68621.61295375784,58976.28466729908,203554.4899531845,51918.72558622112,8845.853475334094,46957.39059736631,87868.64111109544,39423.24632070932,54650.28803888403,2188.246764946919,50869.12613932339,31087.03174617623,16971.99178683505,26119.36690971688,66215.17666865907
5730,34150.74879600587,22814.38210415969,96270.68439767047,56772.60336758874,85413.41485701784,49728.04620856447,16949.56268071444,24771.29929610937,52529.59524536801,187460.0529663209,138097.7069545193,69598.21670023895,68090.67315631929,57010.65311973174,170403.8192691183,103955.189890004,63939.54412976623,59719.8622286658,187298.4958855867,51903.654090228,8691.324027983186,45267.36148640983,83792.70776372784,38877.298410852,52610.05884776114,2299.422473137295,49880.99979393929,29850.01728270247,17172.35722540028,26445.5784332221,66169.62154493267
5731,34150.78856053297,22362.72406927288,94513.89466831891,56283.4364917502,86633.27509919234,48935.47951830406,15964.18362493794,23914.61708640825,51793.94040248288,178010.5523802479,143093.1295041591,70449.84836519846,67589.11941709422,55904.80584578167,169263.6796702294,102186.8560283533,60581.05787588336,60063.71497624576,187427.8753914925,50134.17077504941,8064.156208502909,43140.36805501435,79469.55488886093,39381.25138941467,51559.80546571942,2371.13762849933,50047.76337199926,29585.38661328181,17115.10995660346,25721.73162195106,66458.68367614069
5732,34101.69330631974,22351.29420658171,91357.65788339199,55635.79550036123,84795.2285491317,47833.97138504204,16500.12247259589,23010.14030471591,50267.86741820505,180520.9111127212,143093.1263788168,74049.67261726245,68859.64769908493,52440.74014798481,171539.940115614,107400.9188247773,65007.61961409003,59232.70093638357,190024.0098399332,51954.14736959088,8922.742593833484,41623.44425926943,79489.395431987,39381.62372079335,52595.26224717937,2532.532641774109,50970.3942075405,28605.74500484264,17115.10995660346,26046.12591786968,66456.72637838018
5733,33677.92921352557,22272.10476665341,89432.78490149023,54803.22353513975,84470.22573823287,48926.04694952257,16460.15629997947,21640.22475032223,49230.73286043,174108.2426284483,140336.2935356054,71214.15897709774,70262.147755786,50793.50454982758,171440.8282149596,110016.3394345837,70749.28204755145,57447.3061635663,190024.1386292554,52811.59354684773,9229.26220384756,44784.90008327828,80909.77064631374,37326.86177514298,50691.15824194539,2540.895401388226,49874.68118001475,28237.59380649361,16800.24998266824,25451.39044615116,66246.06640556945
5734,31310.39105815886,21389.10051520823,87165.14746541761,52542.09679659657,82904.6715698084,50536.01058590559,14971.2471818585,19447.51451818872,48062.89069168632,172687.6002032805,135180.0319280187,68876.81194146277,70799.5579393655,47395.59795680934,168134.6494592751,108690.1621825648,68013.69993020147,54449.03183613222,184590.2442763848,52811.59090441334,9464.500850264167,45098.31664533151,75277.3039450296,33668.08911947694,46926.59155194709,2381.589057673217,47376.4321334585,28242.24687603015,16571.2609097046,25179.6797546436,66529.43987615404
5735,27592.18634987935,20077.34129235435,80680.57605426772,48804.24339708286,79827.85560707762,48771.82190154379,13490.03221824479,18237.47048033556,44955.36984144793,177865.8418430175,133329.3187583979,66930.92401245834,67360.93450697827,44030.77375504889,160209.0349701792,103264.9344699745,65565.60916394257,51207.48738209214,179147.6418425373,50134.50668372514,9395.557606459575,42085.43434038309,66864.3249312638,31264.15930544361,44951.757885757,2131.327034452047,44714.40203434299,26254.63376336332,16210.40634496133,24920.71587684811,67139.05732423418
5736,24017.24785955921,19248.87333472497,75199.55474980743,46939.48453303194,76208.11794352079,45618.87941924982,12479.31098513948,16602.97881079849,37684.90038605665,150157.3827185399,125264.4915518888,59166.2286231272,62595.42336391312,41696.99002419569,157726.6216877934,95665.2690288951,57849.99361548414,46267.20188635833,173282.7071435867,46625.96141551486,8813.053751711577,40886.66006050462,66849.6330162843,26486.66169222748,42409.79649884875,1916.253282570383,39505.73869869499,26383.47637417869,16694.99833439917,24522.08257778656,65500.98287383779
5737,22617.10190093933,18389.06381794823,72786.791733577,46723.62635745762,76005.55866537764,44090.20169928475,11948.36095169059,15883.29489523065,37704.41647583012,149824.5472441091,117579.6376290328,57089.9786740684,59450.73347946005,40901.50468104407,154996.0125896604,93986.23017045038,55904.4529143436,44779.97370197494,167297.618351439,42702.05895303575,8163.991142759017,38020.66462366201,60999.27934023202,25200.68668976409,41183.01345696292,1830.836392543279,38336.77087472667,26005.0986201947,16488.95101957431,24371.52453041892,64240.70152511769
5738,21615.29992680025,17971.43733983001,71339.5089570827,46288.35243522817,76046.54694019364,43312.71928785857,11848.94898737117,15307.45343151318,36169.72946357708,147444.620436344,113938.6476355507,56328.89192174668,56825.94273210092,39977.16663809864,152125.2759130057,90079.4443827804,55631.43232367212,43406.47451130048,160150.0851363374,40775.27549500658,7697.118625345725,35605.12958325301,56740.05506768139,24949.76526734993,40936.10949990629,1784.477715277001,36952.08412615865,26005.95260767252,16771.31215417771,23868.4962713173,63058.97655410297
5739,21016.57331801635,17655.7122928777,69920.58701019814,45793.48236952212,75715.12210671023,43032.94379782685,11477.24958983841,15020.64845140343,35154.3085462492,144893.9472987587,110726.7787613293,55062.38429591844,53161.70248091222,39649.3264582288,148044.0006287989,85587.98487243846,55384.90272767777,42744.24891137529,155398.5328869861,38829.13939265881,6824.267092325445,33962.2337578236,53920.55491058498,24431.47293120887,40449.59698961571,1706.490290644517,36542.48279341458,26074.51699018804,16809.46906406697,23976.56036629642,62214.09198565028
5740,21016.57967484531,17508.40415623449,67435.8669635103,45249.10744890507,75447.11980705039,43032.94381127534,11576.79914158135,14737.47258162078,34298.79226567819,143368.0185150234,111335.3821677714,54859.79587673662,52074.92968400572,39649.50299166041,146240.2085317685,84945.84458891345,52750.95864989318,42384.36690135685,143848.8078152487,37202.14106828776,6600.415890596761,32373.60152552365,51788.98264258559,24692.61791814143,40444.6136923162,1660.307556808003,36534.26066747083,25930.60410643488,16641.57866090991,23840.05932298418,61901.5762649971
5741,21402.46819650887,17569.56355258175,68459.73903200084,45249.15046135234,76207.35092659856,43325.56079875852,12658.59108024884,16354.95468687849,34663.38335123849,145251.289266705,116636.7600033824,56892.31895605294,51589.4101619221,42468.75376150077,149087.7788808424,83657.71940197697,51822.73292841191,41926.84256470913,141854.4144545793,36865.77822292531,6521.26602517082,30685.81867015406,51790.76849377265,26021.91741480577,42548.43957489329,1658.026383043144,37562.89847896273,26303.75432651256,16794.20630046697,24531.02517656998,61961.15036270184
5742,23056.92138988999,18252.40032467216,74999.18064792102,46364.37780055618,79046.02784888637,44162.37239843014,14103.67838153489,21022.22054023788,35359.50201346163,152082.87389655,122030.8734231461,61974.52130046766,53509.99388298426,45349.78858981893,152349.6456277294,83659.60773178731,50562.79466883395,43158.16748468204,140333.2107319428,38163.54924529291,6635.221690354237,29974.0875368683,55295.79002301006,29719.83112549368,47111.54568174363,1658.049065065065,38871.11205615735,27613.40551345888,17183.40678382743,24450.56458743323,61904.74181492467
5743,25425.41047385122,19353.32652803156,79268.2330451363,49475.04087520271,80859.43353595541,43607.58777381028,14731.04759063026,21606.12779775875,37648.67670132518,163011.038567429,139707.4371372004,60894.86908291737,54209.89372951428,47786.46292193061,151240.171221534,84944.72849701926,52507.57227981371,46657.52640469965,144735.2326315738,40767.03234826231,6600.902521065367,29512.25086479308,58224.96665098385,32228.90852624917,49301.70525993566,1805.911856802576,40689.01411076062,28414.65876675786,17732.86628765567,24688.44420203979,62425.70226881017
5744,28412.78304779472,20788.27126219681,80649.5400485968,48868.73303261147,79464.66415449066,44210.50198136845,15095.27646891752,20767.11443254475,42045.70672340452,168140.6205851283,157375.3261809519,60409.46546765374,57749.39836246207,50110.74321890013,157845.1520738037,84947.88688885908,54380.84954752716,51984.42867500916,164105.9762939499,41421.38480112641,6837.180470013264,32000.30850130338,66203.74253556391,35174.10101220055,53196.51122382899,2050.672289169649,43542.31534246924,27549.74222496892,17687.07799685567,23660.16959772326,63733.53166311715
5745,30605.38299681018,22572.78784156281,86508.16984266616,48907.24840838397,80244.52053304762,46499.48268477748,16159.52488948988,21062.58114052333,49728.92962604755,172413.0080796436,165203.921668139,60993.61035847857,65549.1986837785,51616.94252398921,163162.718445506,93916.53969457393,58787.55840906219,55480.63441296003,202639.6375650128,48304.94787908935,7899.790475579115,37481.78979277844,78291.46206571824,36452.24683262895,55158.09979583936,2295.822486946209,45789.53881251143,28879.11475703213,17274.98336720595,23027.65813232827,64157.62885285674
5746,31407.91553610545,23454.43988176858,87412.94697138951,46942.63759768743,80084.27923988919,48782.35677244094,16891.43168652365,21364.84825943588,53303.72048146473,177709.7403656143,163178.1886258844,58945.72483642152,70513.6486608951,52872.49456516838,168385.6554324538,98394.92404843651,62280.73980577536,56577.93610334406,212460.4812729947,51494.58682452136,8575.933534597485,41217.01827376836,85408.19775105489,37195.26472749175,56664.10282649041,2340.928807619333,47278.60897648005,29227.78736703346,16946.83394180258,23351.13775954035,64464.85072370916
5747,32219.06109971874,24150.01091682469,92088.7408416168,46947.51462502447,81038.76168492055,49928.77210063602,17454.03654022559,22625.38586505812,54870.9067395861,179253.7826445568,155199.9159431454,61747.63086398547,74125.51022466642,51104.02298171191,172882.3118791147,106767.316985549,64655.65081834177,57939.1847114315,221262.3237498824,52424.08245258343,8892.075006580835,44886.3230906331,94029.17613440979,36046.94256192592,53692.30088416526,2400.476801631792,47423.14300559701,29938.33130684611,16748.41800966697,23345.19304197165,65138.94073996074
5748,32231.23899373522,23667.44833748342,87703.25847566102,47658.46803486536,79405.25961192523,49921.73825552958,15810.05976343449,20843.93082188265,55351.36389812038,167826.5645432284,165423.8627186214,56073.22014453448,71557.35883734739,48457.7235874547,170717.5403495618,110672.4553879035,64755.53235730922,57427.38034363421,207312.766012441,50917.40642661321,8892.080957720233,47099.46232372436,88979.39512925157,34271.95269224011,49291.56682669759,2311.338036274863,48471.36657197848,28785.34961049084,16748.41800966697,23809.57163088679,65307.80601863427
5749,31014.5737620125,23239.64039323152,86827.64202203874,45235.69699761358,77455.67327895561,49355.69593754628,15790.45244613265,20198.80694520582,55827.87790474596,156229.9319867275,169391.1734303444,57522.48509030888,71115.32603975525,48790.39363249287,171799.9545243402,112387.5609960356,66976.52855153609,55849.11090042151,198685.9179157789,49873.8716430042,9224.692811470695,49142.89281425571,89858.8696953422,34136.19564632676,49783.09783885611,2174.302183675278,48839.53802725984,28726.93344422647,16946.83394180258,24133.58213549591,65457.9258453935
5750,30222.63930643436,23548.10174360962,90120.8771678384,44685.64813109672,76910.64829735809,49345.31510926548,16172.36897858845,20486.8433302623,56263.30209988025,167668.2046476309,166775.3068433567,59587.88965119485,72553.27722686001,49730.13503951763,176115.4041238904,110781.2721194653,66986.51864690136,55242.25514136979,213669.247563124,51495.39248284448,9248.66660094844,49680.42575654969,91170.68659843966,35162.20230510482,50280.02694397537,2134.148363619869,50012.4907516416,28691.79095734196,17007.88499798111,24451.14698339326,65260.8965842125
5751,30218.82423738373,23511.41237032688,94628.26789599133,45810.195079039,77433.85073729524,49667.32187690506,16172.35405839496,20775.48504951268,56083.29172233109,175866.5590408248,165259.4925784164,62277.53938690487,72553.25765157893,50376.87712615317,178295.5029954148,109437.0448830455,66997.62036822637,54798.79304795393,215208.7464076804,51497.50644741714,9129.162432090463,48976.33155374724,92665.5645594901,35924.95456142502,51763.23035632734,2126.063410989307,50558.28425707367,29015.35999270077,16901.04564922404,24926.04739313672,65258.50583214099
5752,31032.0603641382,23650.91792653092,96568.1156892837,47508.02288288197,79308.89188998708,50208.42999801358,16530.35863444251,22352.17981871824,56075.64563924053,178264.199781403,156918.6929793122,64709.76095070069,72824.19637563369,51690.49773114609,178298.6954942232,107446.8610906161,66903.28040992779,55363.29083759745,215379.7328716571,52252.47037704014,8813.593999859353,48578.65447524378,92641.37898606648,37696.34508323195,54189.41388996,2133.123946022499,51611.49371448611,29779.77247779627,16786.57491955626,26105.36564774477,65320.26652370443
5753,31817.03975182087,23804.72830004186,97282.22396594506,52018.07274900262,82697.42866193988,50503.41986299262,17074.50654451924,24514.58425890238,55589.84944520504,181345.3585911203,144313.1101865761,65812.13421978558,74649.62943653425,53523.06570132727,177211.735167759,104669.5799492895,66086.61678718499,58280.45966081529,215208.7333479399,53120.91167579735,8813.05214783063,48271.49425498248,92665.56609643949,38913.82811343417,54685.08934296841,2218.890925096236,49865.10607609353,31242.96157551914,16824.73182944552,26189.18123789518,66108.08663834176
5754,32219.07157849468,23547.83153041856,97747.26128876796,56143.9133442664,85438.09193753028,50207.74620852472,16985.11177188364,24801.84867079433,52962.74061033763,182205.3500510643,143236.4082846724,65504.77712582568,72033.76228421122,54455.50730528325,172884.6987186988,104671.9485448001,61216.81060087956,59070.79300611732,197218.7862782586,53104.45758262499,8655.424523246189,46629.91358764374,88487.00862432715,38396.02630450181,52746.15693180797,2329.537657229588,48916.91943012303,30163.24652833378,16984.99085169184,26574.78893211695,66064.46841091203
5755,32219.10562374884,23064.84679379811,95912.24344700205,55676.9860322274,86731.11891539767,49353.13506983537,15993.36336875468,23940.02399372318,52201.96529744143,173169.1133170761,148992.1157572182,66216.90479952999,71501.41766023892,53542.39944513937,171800.3643692189,102921.3075421517,57723.65880183426,59436.26704192146,197361.9661080165,51172.64913121801,8015.682549821663,44563.89515405653,84055.00711477689,38873.99821208694,51748.04832164203,2400.911590568126,49076.94248637422,29932.26643541083,16939.2025591133,25719.14503313765,66341.24030283082
5756,32177.07166709786,23052.62416341163,92615.46255375481,55058.78949805476,84782.82705897313,48165.39764456796,16532.76644742137,23030.11784477641,50623.78136601648,175569.6841818788,148992.1121562104,69227.04941467746,72849.94494181707,50682.08980634556,173965.2110175577,108083.201639052,62327.71281025103,58552.99925623148,200235.0184183837,53159.58290817946,8891.482824398872,43090.45735302863,84075.34720443598,38874.35134808747,52732.0949780981,2561.538683411949,49962.2809266531,29077.1965742951,16939.2025591133,26102.6046213329,66339.36622474955
5757,31814.25693495756,22967.942196453,90604.87687812776,54264.06972244965,84438.33070779618,49342.96409186447,16492.54193925962,21651.97900062789,49551.2316841408,169437.4669294795,145815.699502715,66856.01529815773,74338.54587710116,49321.95282575364,173870.9502459585,110672.4539618146,68299.59923252498,56655.3397560016,200235.1609450775,54095.68767822312,9204.147878492726,46161.28301377773,85531.48472171447,36925.5217378392,50922.52917733795,2569.861652862562,48910.85621222355,28755.85967789331,16687.36695348845,25399.58048700126,66137.66301657524
5758,29787.23827934768,22023.69335578777,88236.26378554918,52105.74322416112,82778.87521847122,51078.96041046529,14994.00872846698,19446.10643047335,48343.51110711743,168078.9547889452,139874.6738596834,64901.54416279226,74908.94820834203,46516.27134404491,170726.5956478001,109359.5456222115,65454.32821686738,53468.53544337746,194221.6577791756,54095.68479338264,9444.102849411007,46465.71479294345,79757.20339391126,33455.37547412113,47344.87211754683,2411.313291650467,46513.58546307423,28759.92106063584,16504.21378495286,25078.3970655151,66408.98811628816
5759,26603.81743691072,20620.95138327239,81462.94081077407,48537.82821021276,79517.51304910296,49176.66585414235,13503.21940608078,18228.79877501439,45129.87747167547,173030.7315411922,137742.2889584916,63274.40804140666,71259.22425069619,43737.9062849575,163188.9081228366,103988.5993951798,62908.07612055562,50023.16430065804,188198.517680878,51173.01585477689,9373.777355219692,43539.20346085702,71132.401827075,31175.37918916758,45468.08836271811,2162.242019722194,43959.15363060276,27025.05388721345,16215.5901573802,24772.28138103394,66992.6860698967
5760,23662.3476612104,19146.19248860868,75510.22376566652,46744.37785908364,76429.90066352604,45805.44384308301,12502.83381769599,16741.20729426847,34497.75323077305,144000.298962117,126334.828332421,57407.93284853191,64599.64798906854,39605.66701021174,157595.6373597923,93271.31814183215,55434.63950583724,43813.26856662585,177269.2416012662,47743.72155515332,8737.85725694417,40921.36877687449,68802.12577180087,26390.60167782302,41701.98574160913,1925.747820913665,38785.20496173979,26802.62079358567,16752.01556552655,24798.46905447606,65448.29105914354
5761,22372.01380094633,18322.58376211103,73113.68386506967,46517.08932048253,76270.44773305464,44282.90332861784,11951.26916487973,16053.11247031711,34512.95758193064,143698.2071830793,118826.3742755499,55407.94712784082,61748.3954992939,38874.0145075434,155251.585309835,92003.65644928986,53604.43005803146,42381.21538359987,171819.9650778641,43899.44216252901,8123.768435225141,38527.7771983882,62956.02129941666,25165.48736657532,40483.67076400919,1845.788955040641,37616.02079169772,26488.07905008262,16523.7348217285,24678.70532938893,63872.33791088612
5762,21448.78219030391,17922.5407234109,71676.13243627921,46058.76628772512,76302.71335225647,43508.54228755579,11847.99744036463,15502.54642037572,33317.3328168154,141538.1119451338,115268.9603855761,54674.81639975068,59368.52930309281,38023.84894729155,152787.2427584239,89054.06260332877,53347.59407192243,41058.6719376494,165312.3114236042,42011.7566217749,7682.052659032141,36510.39634148384,58699.89056828309,24926.44117593449,40238.47110062909,1802.392534772842,36231.07777299525,26488.78896155965,16836.56398857162,24278.56372827613,62394.61772536054
5763,20897.01313251477,17620.10873263858,70266.75114244026,45537.69130998811,76041.81855931316,43229.89001640384,11461.8664746682,15228.33017345397,32526.25138712956,139223.0420530361,112130.8174721422,53454.82977533143,56046.20674563295,37722.31593962264,149283.7307753556,85663.04450018643,53115.678699765,40421.01438905513,160986.1396621964,40105.11113681781,6856.23345137038,35138.30008427196,55882.43825838927,24432.67780013006,39755.3168200111,1729.388401468614,35821.40063351101,26545.78586529294,16878.83820009413,24364.52498235154,61338.1087982711
5764,20897.01899078376,17479.00274991083,67798.73804142575,44964.49004101169,75830.8494422943,43229.89002979832,11565.28112856405,14957.5837442919,31859.74646212317,137838.061855983,112725.4508590612,53259.68277690541,55060.84292380792,37722.47830732454,147735.291430584,85178.23342236724,50637.87428614998,40074.48371987318,150470.3983138408,38511.12754777055,6644.444143507159,33811.52311747607,53752.41418477295,24681.46370980077,39750.3679207106,1686.156682082538,35813.17698586184,26426.15248597389,16692.83166978908,24255.94311833843,60947.315001042
5765,21252.6426475349,17537.58713581964,68815.72572266003,44964.53533110216,76429.29687436814,43521.33224344823,12689.07462603256,16504.06969511874,32143.78752558158,139547.3766841518,117905.1396750598,55217.54779091798,54620.62821360103,40315.50142102666,150179.7471817596,84205.70860767015,49764.67359486889,39633.9331779401,148654.5520839597,38181.59011221098,6569.55915255525,32401.93858813825,53754.19873886829,25947.85211873428,41839.67181185824,1684.021272246853,36842.00517192796,26736.34863142891,16861.92851587923,24805.5825828526,61021.81105458418
5766,22777.33867118806,18191.67424848088,75311.19695408712,46138.81743304792,78663.87905727075,44354.78428296878,14190.26875996183,20966.47521264023,32686.11094747012,145747.9343560942,123175.4354017476,60113.07211018408,56361.99837018531,42965.35079985043,152979.8497083187,84207.13428245508,48579.42421664727,40819.57690733024,147269.5334115631,39453.02701599185,6677.37448376594,31807.52255213222,57256.67451597455,29470.75652981886,46371.28035594731,1684.042504918141,38150.46086602713,27825.04891411078,17293.1254761677,24741.57896400788,60951.27344919283
5767,24960.06943856712,19246.24786115252,79551.54477890128,49414.19981055408,80091.37649696987,43802.22696054934,14841.99615087007,21524.75302443587,34469.5325354763,155666.6748770337,140446.2472952034,59073.07737381243,56996.5891417198,45206.49689842474,152027.4373846376,85177.39078139297,50408.91581012036,44189.11235090407,151277.4663639752,42003.68074337011,6644.904552606321,31421.8107136887,60183.72363700416,31861.08808821255,48546.32201069952,1822.457063542302,39968.69936784806,28491.12294363951,17901.87412366855,24930.8039789817,61602.7226420673
5768,27713.14526016444,20620.77673300172,80923.56404747363,48775.78607839735,78993.42597480647,44402.72063934452,15220.36654759687,20722.56647928536,37895.11569698079,160322.4422951451,157708.58363869,58605.50346743411,60205.81541460441,47344.26789674772,157697.38806241,85179.77534344487,52171.14558599672,49318.39071717441,168914.0532795637,42644.75520281763,6868.451010630986,33499.76022085904,68156.70441147078,34666.89493282959,52414.24345943626,2051.577634151359,42822.52867270474,27772.12624213039,17851.14507102379,24112.8470568603,63238.13353935219
5769,29733.78170796497,22330.15933306334,86742.80115027387,48816.34096333382,79607.32224284034,46682.51173739817,16325.93538387746,21005.06426478832,43880.86491161381,164200.1934307888,165357.4797836838,59168.19171264947,67277.80053970261,48729.60390648457,162262.1763226169,91951.04066487288,56316.62565093859,52684.88995926767,203998.0065870934,49388.63835013824,7873.803833708937,38077.72545005666,80235.64444127177,35884.55058979699,54362.29185558574,2281.063064685535,45070.16804638825,28877.22068702709,17394.58358342769,23609.70603862534,63768.457424583
5770,30473.37239352261,23174.69094137824,87641.49467116538,46747.6978883378,79481.1816680374,48956.22073602858,17086.25912993228,21294.06397073604,46665.86826586121,169007.6716062803,163378.2458734572,57195.52854481614,71779.00761503154,49884.40556445051,166745.731350476,95332.18712334812,59602.73197162162,53741.48261596604,212939.6438654109,52513.55375899105,8513.513915138767,41197.27383484725,87347.21112981744,36592.40405099633,55857.89946174616,2323.287152258651,46559.51379919417,29167.0688335072,17031.02536393981,23867.02290625256,64152.63138310041
5771,31220.90059220048,23840.97616292222,92285.84909038761,46752.8331694695,80232.54208133914,50098.03353331381,17670.70763027258,22499.27278958298,47886.81213702067,170409.0921722605,155583.1082569346,59894.51574931268,75053.83904668974,48257.8430248976,170605.8213095096,101653.2807346778,61836.85874694384,55052.22996635305,220953.5055202144,53424.18824154035,8812.620567330721,44261.76479517564,95961.92796130778,35498.42795016796,52906.61085310214,2379.03010970815,46704.07457786671,29757.73709376028,16811.19946323445,23862.29408880928,64995.56560917573
5772,31232.12338572384,23378.73104505398,87929.85415732652,47501.43377774501,78946.66322721871,50091.02792709141,15962.90195553007,20796.01116625788,48261.12069162109,160037.3953103629,165572.3722578083,54428.5358862508,72725.32707690443,45823.89299516204,168747.504370257,104601.6308171329,61930.81932878747,54559.41313993269,208252.7754006861,51948.08539408597,8812.626197801703,46110.11087495192,90915.81469132556,33807.44213200967,48536.25355960293,2295.587191322812,47752.49214364519,28799.27463348041,16811.19946323445,24231.69121258692,65206.72779754521
5773,30110.88003574816,22968.93521321467,87060.12523881759,44950.36946453639,77411.96554835307,49527.25810773997,15942.53336624867,20179.20371683966,48632.35726474452,149511.9326449693,169448.6164268366,55824.5668402123,72324.54125667851,46129.86830081712,169676.6872280402,105896.5226340546,64020.15532460178,53039.69625750784,200398.2418362431,50925.72581647801,9127.315749382893,47816.72141259684,91794.6504812397,33678.10999142951,49024.39170108479,2167.307745017423,48120.73173805504,28750.71384312713,17031.02536393981,24489.43037484236,65394.44922485769
5774,29381.05623641406,23264.40933277437,90331.21708491477,44371.19379654436,76982.92654657291,49516.91895552701,16339.27815645134,20454.5973186414,48971.58210138965,159893.6629673152,166892.7950300385,57814.1055424744,73628.3143004615,46994.20119925466,173381.2227791847,104683.7866299151,64029.55320916486,52455.35437203717,214040.1959199974,52514.34306905126,9149.997746357414,48265.65245669202,93105.51459113788,34655.55934985137,49517.89067433553,2129.719699947168,49293.90154601384,28721.50023588067,17098.66410276996,24742.04223987304,65148.06861724784
5775,29377.54037955282,23229.26470199769,94808.30068364946,45555.28900955197,77394.78703029171,49837.63295773966,16339.2626569677,20730.56968469867,48831.34186761089,167334.7431828693,165411.7751067836,60404.95982161316,73628.29655178964,47589.04618331573,175252.6972543852,103668.9051903875,64039.99682272891,52028.34437512072,215441.8718520994,52516.41413746371,9036.932884459202,47677.61455104007,94599.30679887015,35382.21321432331,50990.85604017397,2122.151364893394,49839.79606387711,28990.48002513557,16980.2963093246,25119.80910860372,65145.07903618512
5776,30126.99518051922,23362.89661841948,96735.10518389948,47343.02208616589,78870.80338111958,50376.56868391269,16711.1670872427,22238.05857832701,48825.38505281664,169510.9161345452,157262.4320983001,62747.8417079456,73873.95343368335,48797.25675749425,175255.4378090039,102166.3314160567,63951.24931778978,52571.8997386881,215597.5508330345,53256.05848504283,8738.36839461245,47345.48683938134,94575.13879180797,37069.77002912688,53400.29245762489,2128.760741253634,50893.20044344768,29625.92868268957,16853.47367475699,26057.91603616124,65222.30937559057
5777,30850.40939123101,23510.23107259525,97444.41188615446,52091.89314634781,81538.23053257342,50670.37424863136,17276.44203628563,24305.54858386098,48446.91702920647,172307.4712430924,144946.2006891587,63809.72291258614,75529.05163129618,50482.77234019606,174322.3523727867,100069.5050712864,63182.9973469383,55380.84388228334,215441.8599615259,54106.87754092904,8737.855739485993,47088.95603440793,94599.30833470332,38229.63385318623,53892.54643229709,2209.047325955033,49146.48959332839,30842.26353595857,16895.74788627952,26124.58844240118,66207.46050171342
5778,31220.9102491361,23264.15049644162,97906.32235639756,56436.20985755637,83695.65721149047,50375.88763964371,17183.57643005887,24580.20409672223,46400.22193206774,173088.0261119388,143894.2136449617,63513.65557283656,73157.2763513697,51340.3912001786,170607.8702575717,100071.2933430579,58601.87227156223,56141.85647919062,199062.4544708879,54090.75733103297,8588.721648388631,45717.95815693867,90423.78581444522,37736.33778965645,51966.99780925821,2312.623881026651,48198.12746223863,29944.70692790678,17073.29957546234,26431.32604088699,66152.91690086656
5779,31220.94162425381,22801.50099549519,96083.64294423957,55944.55728936475,84713.51698414343,49524.70752118325,16153.32249053155,23756.20749680058,45807.52661535193,164886.4579484348,149517.8033131879,64199.62557339612,72674.60588455414,50500.55466914512,169677.0390534732,98749.57257090922,55315.79379400337,56493.77171437942,199192.816193499,52198.14876309492,7983.451233415149,43992.48286131861,85995.00333713027,38191.68896151838,50975.77880188811,2379.43711621743,48358.18013466849,29752.69542517568,17022.57052084712,25750.69088068455,66499.0138536315
5780,31182.20435031909,22789.79297778821,92809.02919185549,55293.62532236133,83179.83830613735,48341.73852327205,16713.66838575684,22886.23986541654,44578.01481440911,167065.2903715548,149517.7997948383,67099.202404326,73897.29934890426,47869.76740996226,171535.4204773653,102646.763737564,59646.92042603576,55643.2724720684,201808.659842457,54144.76406414296,8812.060294017563,42761.91275411384,86015.32865346322,38192.02538482924,51953.03292041143,2529.800354310004,49243.68242846971,29041.884173456,17022.57052084712,26055.71973504064,66496.67036163644
5781,30847.84482801276,22708.67639835606,90811.96244191137,54456.82265823216,82908.65372631754,49514.57737679104,16671.88212437395,21568.59168010637,43742.4262212767,161499.5001792951,146414.2992320625,64815.26044518921,75246.99591007977,46618.77311523499,171454.5036756714,104601.6297404465,65264.79464725446,53816.01465370578,201808.7896095154,55061.873577243,9107.877850001974,45326.57225987576,87470.40855521575,36335.42705194963,50155.95793425113,2537.591497229812,48192.06312219245,28774.75993958695,16743.56072440431,25496.48832479182,66244.44508966942
5782,28979.80329232991,21804.18351943032,88459.2756064221,52184.20604635365,81602.34456494349,51243.60416478707,15115.16699474953,19459.54149156362,42801.53037756416,160266.4725097533,140609.6452283313,62932.58039310505,75764.17284226764,44038.23043716421,168755.2777606017,103610.393832139,62588.19071325713,50747.43828627594,196333.642495851,55061.87075094118,9334.903199058259,45580.82435444205,81700.32117854044,33029.51065259516,46602.99621906527,2389.174162619263,45794.34869948456,28778.13612752458,16540.64450791389,25240.99800948849,66583.73095272541
5783,26046.0550790252,20460.50156773572,81731.49560503673,48427.35881452869,79035.02817242165,49348.9467791122,13566.49641706276,18295.66513034644,40297.89287371823,164760.8583652334,138526.2075699334,61365.21177745883,72455.01203354202,41482.8122056303,162284.6584738983,99555.36988169885,60192.87991845687,47429.88771572713,190849.7211916462,52198.50804517028,9268.3670910325,43136.69175437632,73081.78394040688,30857.41860342047,44739.16726141264,2156.018209287132,43239.44410695394,27335.95793462392,16220.87709703556,24997.49355840098,67313.63196138114
5784,23251.89693274144,18794.4120830128,75810.6949420531,46929.27277472557,75119.36278747761,45664.90916670283,12595.58395713638,16738.16039192794,31414.13738370401,136960.9216358839,121112.4508834446,55634.89982699929,63233.84108505894,36865.88348506328,154675.4794460332,89997.02540182657,52053.28644758705,41978.73015597054,174742.2174420719,46742.50954512876,8354.936185319428,40024.72944453924,68477.9653649277,25865.92526220774,41120.3384455304,1910.934484716552,38733.94756445926,26184.35316696289,16840.12495855216,24943.00312969606,65661.43499589185
5785,22073.8090779649,17994.84139836578,73311.24950285017,46682.18201328062,74960.86108281542,44306.30550427197,12029.87959525689,16049.91317862482,31427.27321478597,136681.9907917309,114458.421526905,54038.05208418614,60887.15621725307,36110.66438686832,152768.813877652,88929.66418274456,50439.54805105713,40601.33201878717,170251.7326047519,43385.73057325425,7740.904014675439,38018.28137843018,63341.42828962069,24669.37721764556,39847.94394292976,1832.329771715353,37523.40884371162,25853.63301274285,16628.39055255125,24856.55472685662,64855.42404816989
5786,21230.88928709696,17606.47411175153,71811.97074624979,46183.92817325518,74992.93421957344,43615.32241617981,11923.9604347039,15499.22519722788,30394.31069049698,134687.5068965047,111305.8236315253,53452.69883079737,58928.4394743282,35233.11491442309,150764.3033158843,86446.12926034133,50213.08976624626,39329.26412327303,164889.0904383125,41737.42604552607,7299.228987756325,36327.19508145173,59601.88285366561,24435.90492094212,39591.86016372596,1789.668296678339,36089.47979033748,25854.37943841771,16918.54510838133,24567.7226760778,64099.6537078394
5787,20727.11856105412,17312.86897360626,70342.07172804182,45617.4552054083,74733.5958098197,43366.67353456713,11527.93075724741,15224.94822083301,29710.85422960008,132549.9300272071,108524.7857623654,52478.62543251688,56194.04674708947,34921.86950038125,147914.526295511,83590.91856982965,50008.60456853047,38715.94310279344,161324.1018357308,40072.56592037417,6473.485963773932,35177.02397183439,57126.39711507828,23953.65473712583,39087.25925027629,1717.900533546321,35665.31219291527,25914.3079699468,16957.75518329592,24629.77162383298,63559.30911539919
5788,20727.1239097129,17175.88134393747,67768.08408540428,44994.31450995445,74523.8852414425,43366.6735465194,11633.99651126634,14954.14183064321,29135.02590128734,131271.1342363064,109051.7528294831,52322.81429810251,55383.05635663733,34922.037097962,146655.0167281118,83182.71143847135,47823.86657248547,38382.63795472653,152658.5887396014,38680.71843824455,6261.71619395074,34064.84213466848,55254.90342605692,24196.63964963403,39082.09067533498,1675.400970079685,35656.79767128539,25788.52126444428,16785.23085403726,24551.39456337969,63359.44017943695
5789,21051.81190232591,17232.75587190653,68828.74041787509,44994.36374588602,75118.76260025935,43626.73523623464,12786.59916650125,16500.97027495109,29380.42377399152,132849.3983964999,113642.0188387496,53886.03162311353,55020.74358260806,37598.5817286261,148643.3512509237,82363.85315955557,47053.94513803649,37958.90125068073,151162.23781537,38392.97027502461,6186.838111307676,32883.24616887061,55256.47138097738,25433.49939443802,41264.13623353325,1673.301724730953,36722.01595608721,26114.67230538668,16942.07115369562,24948.13784946415,63397.54069961004
5790,22443.87478078459,17867.75264120171,75603.1220757064,46270.95367209506,77340.01425208406,44370.44680423245,14326.27736243995,20964.36406190927,29848.96523214791,138574.5683801497,118312.5811432406,57794.76300965836,56453.9547802695,40333.78300372504,150920.9709289616,82365.05356656127,46008.88309150816,39099.2942776871,150020.9110133454,39503.17383381522,6294.643496311551,32384.97197847482,58333.83627745759,28874.25944887706,45996.89738762823,1673.322597813813,38076.75229504461,27259.36973529864,17342.01392038314,24901.93846295505,63361.46470189759
5791,24436.73003048728,18891.54721545331,80025.54710135526,49831.69954455492,78758.99587207909,43877.38511240239,14994.71219761412,21522.76551305066,31389.75605479427,147732.8535716658,133618.0606041107,56964.40045750041,56976.24614736161,42647.11662770053,150146.2732064865,83182.00194136894,47621.9885391145,42340.22966902827,153323.6544279089,41730.37428470432,6262.176560576112,32061.64581904296,60905.61658046714,31208.85510725143,48268.48650482516,1809.39302023723,39959.30268052344,27959.70318965804,17906.63900061535,25038.52573351513,63694.64413805158
5792,26950.31607870509,20225.95875794038,81456.47979831457,49137.66483358187,77667.59523815407,44413.22169837607,15382.7823590023,20720.40131115383,34349.29581418379,152031.6701109653,148916.0289904135,56591.07562359085,59617.55650445965,44853.74542977911,154758.2440592351,83184.00972394513,49175.78767191282,47273.74648986782,167857.1114448936,42290.15286609678,6485.702395937222,33803.50429131031,67910.88163212905,33949.23832090147,52308.10029793395,2034.633292204018,42914.07316446603,27203.72499306454,17859.58691181443,24448.10430618032,64531.06436329296
5793,28795.17757647702,21885.45090740687,87525.5903658507,49181.7530109309,78277.82927199386,46447.54032961514,16516.69315232196,21002.961660206,39520.69640650247,155612.1197383125,155694.5188244605,57040.34255834128,65438.05838492544,46283.70324193021,158471.269374883,88885.3621042573,52830.95422176654,50511.76155791873,196768.0980105654,48178.83129595735,7490.962472955959,37641.02175393741,78523.74761606168,35138.50162630729,54342.62020094257,2260.232244967318,45241.21251670592,28365.65981663884,17436.11809981262,24084.92474243689,64802.29505172253
5794,29470.43134683305,22705.33381362363,88462.8730797643,46932.88205727666,78152.44119618858,48476.43174070927,17296.50827895778,21292.02536965485,41926.80589745066,160051.0155931029,153940.5118821054,55465.30994971002,69142.71609883064,47475.7011692829,162118.2191069579,91732.26094725625,55728.39087915211,51528.02881275809,204136.4681871687,50907.47020639902,8130.613539691905,40256.00915615546,84772.15219586132,35829.84990871534,55904.61601574825,2301.741241489264,46783.23707412683,28670.4162621164,17098.9114551816,24270.66238723579,64998.77831439889
5795,30152.9321468858,23352.17267486976,93306.6524252598,46938.4647432003,78899.31932487493,49495.30186827822,17895.93948661093,22497.50110082874,42981.64291652695,161344.9912938895,147032.4221281114,57620.26114800783,71838.02189614167,45796.74689823369,165258.0387265253,97054.57227259818,57698.27261283863,52788.75081675949,210740.3034109332,51702.62538891513,8429.692598622427,42824.84421399271,92341.26297847707,34761.38229534564,52822.32328335143,2356.540157460812,46932.9110301796,29291.46546197209,16895.01906489468,24267.24901048093,65429.89152051006
5796,30163.17867079227,22903.41875389038,88763.6144954849,47752.28622076096,77621.11145647986,49489.05057829226,16144.35313220719,20793.86226359997,43305.02757758796,151768.4772616205,155884.9576045999,53256.06118583206,69921.57155595036,43284.39911044545,163746.4729218,99537.05995586829,57781.11985136808,52314.74259784006,200274.2469023841,50413.70996612731,8429.69822857399,44374.23570191427,87907.6186568778,33109.82557486376,48257.97112738949,2274.510396532516,48018.41157954233,28283.70461869687,16895.01906489468,24533.88894123486,65537.88904299919
5797,29139.47216076935,22505.5833214969,87856.54010120135,44978.96369633756,76095.56910663276,48985.98367526938,16123.46238124451,20176.91821253312,43625.75819380687,142049.9864251246,159320.1044801711,54370.6935827875,69591.71019750237,43600.22990930698,164502.2756616313,100627.3487264604,59623.33617460906,50853.02649140688,193801.7062405399,49520.99776149591,8744.35874933623,45804.81619176735,88679.78628394043,32983.50910097273,48767.7771292452,2148.403442029179,48399.67596796583,28232.64611086317,17098.9114551816,24719.93140868445,65633.89794129865
5798,28473.13565624143,22792.43366252774,91268.09005866523,44349.32809000509,75669.0895621824,48976.75777295054,16530.37797531789,20452.3728045516,43918.83220313347,151635.7646671034,157055.1228374049,55959.2001171486,70664.7629993398,44492.40305122558,167515.5664212541,99606.23450693487,59631.62250882276,50290.98631436209,205043.3798281139,50908.15942254122,8767.038653845506,46181.13637660471,89831.54505475746,33938.16705226799,49283.18192369367,2111.451973761538,49614.34130037024,28201.92990580155,17161.64757541049,24902.27286687064,65507.88818824258
5799,28469.92564339523,22758.31477137503,95937.41610618921,45636.5860820098,76078.49306802852,49262.93946326306,16530.3620784952,20728.40628900199,43797.67135893078,158506.3481452302,155742.6356100321,58027.81479014272,70664.74839153505,45106.40804784629,169037.8346422324,98751.71228157252,59640.83088670926,49880.27337347215,206198.4330710369,50909.96785480798,8653.984222435132,45688.2087070729,91144.02913609176,34647.87736470559,50821.53043657662,2104.011813145159,50179.54434386825,28484.7446330099,17051.85936455304,25174.95428541933,65506.35918652811
5800,29154.185450808,22888.04647462986,97946.95607637134,47580.07311342615,77545.70415674205,49743.84624008578,16911.80051428805,22236.22903960366,43792.52495629168,160515.6770993889,148520.6472747189,59898.44097170125,70866.93297163791,46353.53519759695,169040.0638252962,97486.55692903201,59562.58013978625,50403.08366718749,206326.720578631,51555.81648833422,8355.4472758341,45409.79988797925,91122.79450628022,36296.08503667733,53337.91881585259,2110.509255626883,51270.20809278759,29152.87750365748,16934.22913980928,25852.1029422516,65545.85813935284
5801,29814.66993614729,23031.08079008495,98686.71985059687,52742.68348298604,80197.2186150703,50006.01681123121,17491.5666445178,24304.17692310845,43465.5467132529,163097.8244177708,137605.9416991595,60746.27832734986,72229.13919819971,48093.34139482756,168281.0867054724,95721.04556529532,58885.19444217697,53104.82301367223,206198.4232725913,52298.74155282056,8354.934668001242,45194.76080522066,91144.03048551411,37428.90405437633,53852.02334774477,2189.436137335302,49461.71532304427,30431.77437049724,16973.43921472387,25900.22872515217,66049.70725040902
5802,30152.94096376562,22792.18238065429,99168.46439316901,57465.49322401907,82341.77503859383,49743.23852605176,17396.32036968341,24578.89326272508,41697.30019003341,163818.5352863965,136673.6655446054,60509.88940801476,70277.08157468161,48978.58423848477,165259.705352794,95722.55127612448,54845.90951645259,53836.79117363835,192700.9485740403,52284.66557756623,8205.814334859215,44045.51042156605,87475.30948755734,36947.11028640892,51841.00195550064,2291.258559353974,48479.80921244958,29488.05206346661,17138.1215300962,26121.63946918686,66021.81128189027
5803,30152.96960956516,22343.03587901823,97267.52056047402,56931.00605546891,83353.5627090721,48983.70771860069,16339.65521817617,23754.71417587966,41185.23982765873,156245.7693590634,141657.3186985147,61057.58814191008,69879.82616335803,48111.69649425489,164502.5618384843,94609.67273530707,51948.49740899962,54175.27538298265,192808.373355337,50632.062321145,7600.599757442926,42599.11639130073,83584.0678067666,37391.84393230487,50805.78393796005,2356.940271063004,48645.52301725463,29286.16447586687,17091.06943946764,25630.34026758744,66198.82030859283
5804,30117.60208697662,22331.66957432446,93852.29746883706,56223.36247446988,81829.03328117519,47928.11281138155,16914.36593517312,22884.55387656846,40123.00052767025,158257.5538868801,141657.3155805359,63372.69602977216,70886.14751197431,45396.17133145296,166014.1800953908,97891.07718186229,55767.35287099237,53357.23588143301,194963.9634033004,52331.8236135797,8429.132376995745,41567.58075506071,83601.92615011381,37392.17251115754,51826.41718216638,2504.757014674232,49562.34591087856,28538.79274653136,17091.06943946764,25850.51759807588,66197.62174491338
5805,29812.32846401104,22252.92048283706,91769.4782432157,55313.65444989715,81559.46646887218,48974.66831955584,16871.50845652535,21566.61387747655,39401.09200953588,153118.4846886036,138906.9779349524,61549.12922905351,71996.99704480208,44104.88239351392,165948.3618983519,99537.05904930676,60720.76372160576,51599.71629696611,194964.0703380477,53132.63271564097,8724.922643145244,43717.42793526279,84880.39660820982,35578.86490030937,49949.57221580463,2512.416209767563,48473.53037406829,28257.92901494136,16832.28294466581,25446.85060960755,66068.62277643364
5806,28106.78766315527,21374.8263500364,89315.76888524853,52843.03902618248,80260.95017141975,50517.52521189773,15274.88594901728,19457.09660681098,38588.20307132406,151979.9914471627,133762.8646657187,60045.94180100974,72422.65253658895,41441.22019447999,163752.7958427093,98702.44617608258,58360.73954744745,48648.25372392709,190452.2668003814,53132.63024774787,8951.927048602447,43930.55687005346,79810.65009956315,32350.03329919538,46238.89883702142,2366.512414558772,45991.00775329198,28261.47885663476,16644.0745839792,25262.43141520745,66242.14831577656
5807,25428.24589539962,20070.36142209302,82299.10330157292,48758.88129056923,77708.94925541936,48826.87170299348,13686.51422062865,18292.96248698551,36425.18019714679,156129.7993122148,131916.5118430876,58794.50834818189,69699.0924089531,38803.49170275522,158489.5564874717,95288.14776144162,56248.73810093217,45457.31917621028,185933.2328772849,50632.37604197337,8885.397078682303,41881.74237187687,72238.18260985144,30228.58841018571,44292.33677129277,2137.305101572408,43345.73507827541,26745.12242948129,16347.4846847424,25086.66391243899,66615.45142087222
5808,23318.7246103985,18414.19337754152,76358.55666089935,47542.34041014828,74869.42535582228,45188.18444183044,12630.23339620942,16573.83038479395,29013.60295884412,133116.2193213899,114178.5047263131,54049.338081082,61006.51032895923,34161.49807872694,153042.2057227163,85306.52507984806,51373.90793190022,40042.79991064547,161327.7067236065,44694.5691407857,8152.85346265689,37707.73912138415,66996.33301689937,25732.58076951349,40910.11616636477,1883.40600715501,38951.11260017279,25811.25861223336,16667.0319396564,24779.68833563037,64201.25819175789
5809,22024.21850831553,17655.93427470097,73847.07961982778,47299.44303553535,74701.2817534829,43816.32182626617,12074.18366508081,15871.21787164913,29025.77704304739,132891.6417162937,107590.1985431306,52680.64265320825,58659.55546609686,33395.29929460596,150802.3653053124,84309.45296654619,50008.18661619415,38680.95887203071,157475.5152308104,41500.80770738216,7543.881669353664,35895.26954878552,62897.5733068897,24523.20949821016,39613.13441585674,1801.408113022458,37821.85958470716,25456.52089048886,16388.06338245168,24703.56554075257,63606.11025269757
5810,21098.00166597995,17287.63283997444,72340.5837722653,46809.64508062503,74735.30594750847,43118.59526129812,11970.07218085749,15309.03576747319,28068.44342090868,131285.808492819,104468.7394851232,52178.9227333161,56700.61336533003,32504.99164693061,148447.5822495862,81989.46665894029,49816.53293344773,37423.25841691176,152875.1379261635,39932.55091261827,7105.846585755214,34367.67334049901,59913.55938040074,24287.23511376185,39352.10217503084,1756.905042149717,36484.21653394501,25457.32152310823,16770.35362679652,24449.23229417545,63048.05932085623
5811,20544.44848548566,17009.19745844504,70863.60908859297,46252.78574733974,74460.19159126923,42867.5197530252,11580.80136997493,15029.03400072762,27435.02658932046,129564.7657896591,101715.1704809462,51344.02171495638,53965.90603576489,32189.22121902163,145099.8290532872,79322.28060588206,49643.47527189155,36816.8645842308,149816.8893707635,38348.54252115948,6286.908695913392,33328.69796173132,57938.21664281931,23799.81672672868,38837.7505531901,1682.039232979472,36088.53110047449,25521.60218599149,16822.01447036658,24503.8699643603,62649.0759429231
5812,20544.45436269711,16879.28759660619,68277.23101964527,45640.22039663589,74237.72401282428,42867.51976509415,11685.05694581712,14752.57525929116,26901.35783918537,128535.1596985879,102236.9325893765,51210.47235920565,53154.82233777095,32189.39125320498,143620.2300706701,78940.95520277396,47794.51186069215,36487.32396938191,142383.1228535726,37024.2882742011,6076.884168434005,32324.03914543355,56444.83641064414,24045.40567226501,38832.48210275168,1637.705063019919,36080.58831511703,25386.68059513491,16594.70675913992,24434.85445105938,62501.49533541861
5813,20901.22791401289,16933.22357672697,69342.993042567,45640.26879698258,74868.78865831064,43130.11946191998,12817.98863192288,16331.68956538926,27128.78877575561,129805.8789207006,106781.8596269435,52550.3423719511,52792.46787827326,34904.84859076652,145956.0104515446,78176.02132654087,47142.92042759065,36068.37318270748,141099.4685246111,36750.51422058465,6002.623172925537,31256.67698875089,56446.08757857328,25295.5206582829,41056.69264592515,1635.515198172235,37074.27892544191,25736.51738534006,16801.35013342015,24784.20975195297,62529.62826105963
5814,22430.85397996512,17535.41183830011,76149.98459927208,46895.19366637134,77225.16239723163,43881.08909722437,14331.38980852315,20888.24463047835,27563.02572115474,134415.426378963,111406.2898572334,55900.60716809623,54225.84397235673,37679.81534718952,148631.6262988876,78177.14268295575,46258.4750204242,37195.88597832019,140120.3739376037,37806.80220945775,6109.540109483923,30806.57472886285,58901.70681498995,28773.1548244975,45880.90780390354,1635.536972297137,38338.04692369625,26964.3450613745,17328.29074120598,24743.52853278408,62502.9902163174
5815,24620.64251810224,18506.30980926284,80593.69789005705,50395.50998344635,78730.4628086556,43383.21549295458,14988.41675655788,21458.30120222558,28991.00672193441,141789.1026797816,126560.5940488012,55188.88406629688,54748.19543106533,40026.78116703228,147721.556227426,78940.2924282957,47623.66066576465,40400.21644768834,142953.6537604708,39925.84161124971,6077.340741074397,30514.50695203182,60953.88892414796,31132.76999597236,48196.39221037921,1777.481235769954,40094.18711411911,27715.53814982353,18072.20689054124,24863.80148680351,62749.00555311247
5816,27382.62029788824,19771.7760381467,82031.51867996714,49713.25376229201,77572.67062859802,43924.2814422644,15369.86389297737,20639.18981687531,31733.86219935845,145250.2398877342,141707.4613541811,54868.898647785,57389.80968100759,42265.49084638197,153139.432802732,78942.16799205083,48938.65484360123,45278.01139305877,155421.2739640744,40458.43528496965,6299.024449709219,32087.96680583208,66543.82193363071,33902.52148736602,52314.06590203221,2012.444602086663,42850.54956813493,26904.65928524228,18010.21387970196,24343.90143396014,63366.60730486009
5817,29409.79039108705,21345.52686791976,88129.84417690309,49756.59371748471,78220.0261188031,45978.45349811584,16484.42272306037,20927.64784928758,36526.63593912436,148132.9931555513,148418.9986939439,55253.9758113752,63210.98123244434,43716.23797345145,157501.2801611514,84268.06831978256,52032.05516197068,48479.45452288758,180222.7509829993,46061.13782230768,7295.999952142903,35554.48246243491,75012.4822129055,35104.52995005111,54387.90006262808,2247.78213260876,45021.42529964624,28150.97616938384,17452.27676529252,24024.10092259627,63566.88049678751
5818,30151.77251290951,22123.04871663126,89071.63869662577,47545.88843942612,78087.01049729143,48027.14536822277,17250.92908347672,21222.74498216236,38756.58084038518,151706.9134344906,146682.3164275355,53903.97864358765,66916.06518136828,44925.56565702728,161785.5057461749,86927.48988672598,54484.18185884321,49484.24349165364,186543.7550479019,48657.26398696438,7930.379510448421,37916.65927593199,79998.46957521656,35803.28730877893,55980.07926650871,2291.082975171515,46459.90541725382,28477.86464526343,17007.9935101084,24187.65361034654,63711.96116743119
5819,30901.7178134766,22736.46722237277,93938.7345841472,47551.37638137191,78879.32234865919,49055.95890433984,17840.13005894425,22453.38176011643,39734.18740450847,152748.7414360431,139842.4592520499,55751.03755429214,69611.68108390526,43222.20205810986,165473.9842103014,91899.31020953435,56151.31048322271,50730.72620205185,192208.8978532823,49413.80350796622,8226.993791529725,40237.14564086624,86038.32986660376,34723.36908752596,52838.22552895221,2348.247431841499,46599.5290107106,29144.01569604415,16739.3571225809,24184.64793563171,64030.28951873203
5820,30912.97689544429,22310.89916184762,89373.8277938692,48351.38646328312,77523.3591683981,49049.6466064505,16118.43726842224,20714.18406809575,40033.89528513153,145038.3335280638,148607.5564723187,52010.38002357855,67695.01024878302,40673.3287246719,163698.2841404328,94218.31824200999,56221.42484615195,50262.07169487707,183230.5235115446,48187.48256079939,8226.999375083591,41636.74574780893,82500.45163318356,33054.11288025878,48185.67363795073,2262.676638494607,47612.13996453481,28063.0692189543,16739.3571225809,24419.43974309521,64110.03347644709
5821,29788.10805090631,21933.61877396288,88462.3870078229,45625.1301022683,75905.01577725714,48541.67014762811,16097.90305083677,20084.36297792454,40331.14343822102,137213.6148102872,152008.7737179598,52965.75743657179,67365.11093852596,40993.75120161141,164586.1574792778,95236.80805517618,57780.50908570518,48816.86502092609,177678.0125962169,47338.12374564685,8539.066707662187,42929.02121349791,83116.61180350397,32926.44269157698,48705.33092926632,2131.12594248754,47967.80306967787,28008.30273885479,17007.9935101084,24583.26084473573,64180.92519090319
5822,29055.92439613493,22205.64835985945,91890.35917246896,45006.18006606861,75452.59283908877,48532.35420741972,16497.87399312333,20365.56693983606,40602.75987764264,144931.4816783401,149766.1637500364,54327.30342022166,68438.28719918641,41898.89512368272,168125.9971578867,94282.93743051488,57787.5218848609,48261.17283739002,187321.7550711806,48657.9197322347,8561.559701973005,43268.95968292224,84035.6711573572,33891.33156959964,49230.69520202735,2092.57936598638,49100.90560154247,27975.35586076118,17090.65086030209,24743.82299468084,64087.88123778474
5823,29052.3971708942,22173.29229642175,96582.16199468757,46271.59195309739,75886.90097747801,48821.32881646523,16497.85836760479,20647.36187699393,40490.46988926987,150463.2441760169,148466.64022044,56100.36128231429,68438.27258970097,42521.82677752906,169914.2698072806,93484.68819129448,57795.31501786792,47855.09871626644,188312.624974389,48659.64034037631,8449.436977581137,42823.68705533267,85082.98314863311,34608.64774149131,50798.77015287976,2084.818031083447,49628.15618038087,28278.7091663445,16946.00049686114,24983.93467991016,64086.75224292207
5824,29804.27530333959,22296.32112527807,98601.37530459584,48182.09599122772,77443.36472892114,49306.92888287033,16872.78695921064,22186.65635098492,40485.7002832448,152081.0297090066,141315.9849024478,57703.7185926672,68640.48043191191,43787.08517481668,169916.8885225951,92302.84731262957,57729.09070711681,48372.00410053516,188422.6772434178,49274.12418779519,8153.360341159588,42572.19412019337,85066.03872793626,36274.51900899538,53363.78422551263,2091.595952920535,50645.58363331325,28995.3631994653,16791.01796615094,25580.20305055365,64115.917752938
5825,30530.0286443457,22431.96525755422,99344.70008602258,53257.09150130818,80256.1748095986,49571.65804222799,17442.6584725938,24297.76705568159,40182.66192666521,154160.0126286924,130509.0860479363,58430.41975593065,70002.84338550265,45552.18539025107,169025.2861057595,90653.60044565646,57155.81310018338,51043.22850425554,188312.6165687293,49980.97007748461,8152.851957843268,42377.94449021151,85082.98422542043,37419.47827896983,53887.82310995832,2173.929923027913,48958.52821023747,30367.13614737898,16842.67880972102,25622.58057263323,64487.95334487374
5826,30901.72750163755,22205.41006101786,99828.76360641583,57899.75025627256,82531.1878338429,49306.31523800296,17349.03772458209,24578.2173561683,38543.87851574423,154740.2837755935,129586.0181706587,58227.80530220454,68050.5611702997,46450.29825853396,165475.9420664346,90655.00700067422,53737.32994632528,51766.92940981918,176733.7205047975,49967.57768338258,8004.960558934587,41339.8008238715,82155.48548585517,36932.52119912604,51837.94153605113,2280.147780230445,48042.55549718916,29354.87881475586,17059.65435367846,25817.54547768986,64467.35532667199
5827,30901.75897820538,21779.46970338096,97918.66918414971,57374.33389005181,83604.52407384991,48539.37197932869,16310.40621847789,23736.83575912453,38069.30892591013,148643.1680511619,134520.4467896835,58697.25065559435,67653.26005322386,45570.80734366467,164586.4936632908,89615.41502496482,51285.22402628141,52101.59059075465,176825.8755489896,48395.23092200858,7404.733691088374,40033.24063219508,79050.42377028639,37382.02098910345,50782.71937515453,2348.664817409625,48197.14188965488,29138.32974158997,16997.66134043118,25384.9282503198,64598.05647624665
5828,30862.8964488781,21768.69066387237,94487.00620393315,56678.69975552901,81987.25522222852,47473.4752572464,16875.30859717118,22848.513216119,37084.84204281967,150262.9306579061,134520.4437025015,60681.58359867705,68659.69718295458,42815.80275895345,166362.255350947,92680.72862979952,54517.15574288349,51292.79048108096,178675.0624287023,50012.44555164467,8226.438186815583,39101.43133928783,79064.67404379275,37382.35308928666,51823.07493232788,2502.862463210683,49052.40161784703,28336.68236335273,16997.66134043118,25578.8070637507,64597.17147250615
5829,30527.45578871706,21694.01031777251,92394.16089360767,55784.43042088918,81701.29025429089,48530.24436252644,16833.18254850549,21503.06478271101,36415.7884418732,146125.274758011,131797.2716896774,59118.56198074306,69770.6745232637,41505.7405312339,166284.9359403629,94218.31739514836,58709.2718867881,49555.12129765182,178675.1541633676,50774.36441705436,8519.790778797505,41043.43655022236,80084.8444674178,35549.61253151163,49909.96255646591,2510.8522877953,48036.69827258808,28035.42173864159,16656.69977238718,25223.35504436321,64501.92032182566
5830,28653.37401704979,20861.28485380563,89928.64009393696,53355.74390671464,80323.78325261273,50088.15838138202,15263.80890417971,19349.51704228305,35662.41560082993,145208.6314719041,126703.9678518494,57830.14499217258,70196.37898834048,38803.35291539293,163705.7119421637,93438.66641437693,56711.9622068796,46636.99418001284,174804.6742854445,50774.36206901126,8744.924389849215,41235.96070067174,76039.38106961668,32286.17802421408,46127.58559354977,2358.650167893325,45720.87300617943,28039.22937702955,16408.72772180609,25060.96332808226,64630.04930990712
5831,25710.13964875945,19624.21798161781,82878.19832718339,49340.89856938106,77616.54027308543,48381.0053617968,13702.54522650814,18161.08477004367,33657.75960004202,148549.7962497634,124875.8518238186,56757.51220493122,67472.50550471022,36127.27604176642,157522.7628031904,90249.21032878179,54924.55639159372,43482.09981700704,170927.9917745646,48395.52940739913,8678.942708387502,39385.22057907713,69996.84225462469,30141.99792707438,44143.40893267836,2119.548512698978,43253.22608684214,26412.75207452098,16017.95865486838,24906.18992429514,64905.69143892593
5832,24775.78845262905,18781.60506876041,77835.84959573364,48526.82629523505,76232.01798987263,44821.69467527779,12348.08532561006,16401.71369047512,28735.03631871686,150159.9486266248,137314.9338439822,54498.95474463293,57327.45488126309,32466.42557583219,153524.3606139074,75259.56026866483,47365.26050639552,39789.93710321377,174649.6952238449,41129.19534178089,7475.409402499979,32286.4014892243,61323.02139873857,25836.75875114553,42004.88340642737,1999.278875151308,38277.17710571824,27326.57198119173,17612.47398793926,24859.24144625067,63914.84455737621
5833,22879.11702380552,17812.12102598087,75932.77424246678,47635.42876775652,75478.92478167245,42888.92449418276,11821.70573767915,15570.08012160419,28243.12083608537,149491.0976112013,130143.3044210366,54185.9024717865,54412.00224641857,31220.46583462898,150136.9610959499,74934.11789062679,44972.48769032656,37407.20698733366,167182.8174581762,39457.55737412584,6880.860512311253,31037.51463524932,58290.49134409871,24627.02453099973,40304.85406211324,1860.289265685904,37171.35230265208,25752.06929197888,17412.5424601158,25078.5351888056,63349.61692005592
5834,22125.7348016434,17530.86782237989,72243.05314949415,46308.96756087314,75331.73067936338,42461.17763675944,11174.37688818929,15259.85588232736,27086.82200599116,145793.8826006428,124785.799309776,53573.756399443,53155.29298699943,31036.60482651676,147865.1464211605,75239.71656250465,43822.3974126446,37067.61020934231,159197.74486327,37341.70224290575,6425.128145605068,30187.30078932755,56277.06416559331,24242.82141713288,39467.42091109797,1790.145306918834,36184.49900921919,25645.83997109681,17098.30167295464,25001.71312716445,62552.60761126372
5835,21855.4195672774,17293.39817285305,69847.01004655108,46334.08085155831,75295.0307527891,42602.6447480249,11323.93409857144,14959.82730018216,26324.61422662194,143465.482229716,120516.5360704449,53069.31828673937,51575.93654384069,30861.47832000409,145937.3830648181,74724.82119324557,42714.04280967081,36257.20307902211,150842.1136771069,36107.22920923344,6052.591209177414,29581.44295599639,54220.96910626938,23662.9757773255,38790.71196316685,1721.988643776751,36194.57555580224,25549.34297619815,17159.453181602,25078.51541154915,62323.81948723914
5836,21087.61380777541,17016.87941053487,68625.59779707163,46087.359928391,76096.66735523172,42595.25505682054,11463.38206406419,15243.77713428028,26310.37367999904,142502.1125324877,116945.9279694493,53066.97609198159,51144.01180726272,31751.19510586578,143242.3026947712,74560.55595635649,42601.60826768597,35967.81921950072,146690.5938236876,35492.36939360021,5787.976264183272,29151.62399825967,53212.03302963042,23668.60100827957,38316.46468375867,1656.497072269333,35702.91992447257,25179.50665534017,17121.70359124453,25151.64730171881,62321.26315382723
5837,21817.50206365711,17152.25757777641,68539.60572720673,46087.47716083215,77130.98817613587,43346.83314629312,11908.98426927222,16380.80166490795,27309.11661268305,142418.5149147401,114537.7279739974,53067.76543465842,51004.1669179639,33655.06226738595,146380.9141416257,74382.54258465898,43151.31888067161,35048.96638738205,141575.7254144452,34978.80527588172,5640.16400536013,28709.12832438905,53185.82859581587,24243.58388863715,39304.47900191779,1644.985843326864,36207.79622904988,26121.42570333421,17657.65435708357,25261.38116308456,62161.71261559627
5838,23372.25238446438,17563.74572903506,71349.55046287636,46173.62309014908,78697.42232533263,45143.63082832978,13747.46843890445,19914.83938228308,28899.97616233847,143705.4136992613,116943.6909849502,54475.79245103397,52439.70443651223,35322.30166702088,152448.8599419539,75604.19878727237,43104.71750153961,35953.5520466841,138409.7757490639,36195.53048649018,5827.802504035848,29927.13577785829,56679.93989897114,27866.56996035162,41974.04802007198,1657.048126221893,38236.18215658881,27619.00580782544,17999.40446625974,25297.88271318923,62293.45679459086
5839,25226.2540607774,18819.6486835355,85764.22979140207,47129.74680740269,79962.05551062063,44367.86324563212,14709.6864897837,20958.79541400797,29562.73924622998,140202.0919060602,109991.6453869957,57072.0469295213,56121.94327212766,36483.61057118142,155541.7939941715,76849.18154609232,46146.34570801667,41718.88673206061,134711.2925595334,38786.71960194969,6103.139676130873,31388.87364313207,57276.15099057894,31038.85210180125,46289.44384746427,1804.55056633798,41532.37194550159,28773.17171774185,18296.27511015279,25093.20262716563,62233.9988131099
5840,27449.83717159857,19379.01708355531,83273.3687627533,48527.6793969522,79663.13958194868,42685.31995325293,15107.91794867309,20292.8250933205,30729.43841672882,126934.9467565385,104968.6940464542,55144.50491301022,60056.32257626634,38356.60597573229,155770.3750330289,83202.99580819168,48187.58145852169,40944.21513272238,131191.3738749593,39958.44906335689,6372.27760091398,32636.02719657432,61987.72872889954,34725.09648044773,50605.63537995067,1998.768727675497,42467.62684263777,28513.94230719331,17406.99089341091,24790.18572427627,62620.01259501516
5841,29112.55069849094,20280.61694004974,83989.29863741317,50966.27664422935,80377.53561137842,43986.22730714206,15150.61088085835,20360.98417924994,32867.91923183336,126262.101554852,108611.4072998707,53049.92792048159,63082.54961443471,39975.09140203858,155770.375016753,84720.85175897276,49235.62283644085,41262.63045132298,134876.0960855067,42061.8964461014,7063.531400448283,33971.20852001856,68313.42124669158,35859.58702580955,53185.49944864635,2206.177884499013,43103.50054578661,29171.06530339463,16691.35808987658,24469.73049088872,62714.96487738387
5842,30124.39960603454,20911.74613237986,84795.84382144736,49509.35055543185,80875.52840007897,45295.49327657847,15272.42304322765,21266.30003052117,35142.75528273584,128618.8816702782,115026.7400294577,52405.41045438643,64811.06986604159,41042.25068760243,154518.4066742781,83953.63487992933,50257.50148438983,41260.60951663528,144401.5960173151,43484.70091584195,7702.979928395699,35543.92311925704,73267.76850962837,34695.21454529805,54215.93178809606,2328.568944582191,43302.10883185282,28481.68457956804,16120.90273285347,24310.57604449883,63169.69326183924
5843,30617.09093133612,21106.16824823952,88873.22051397574,48526.8260473539,82375.79201351786,44951.71315128368,15710.64468865142,22311.15031886757,35720.50028262285,129028.7412396037,114310.0677475124,52490.98761359372,66518.894925359,39692.56362080867,152634.9758093806,84613.59956601134,50944.97775601413,43537.60845212926,152904.8215349078,44888.07786634802,7658.160602589428,36445.64840135646,80161.85537252699,33508.33964084407,52639.25405832916,2363.387008480808,43591.75211596089,28773.30593339007,16137.63207019236,24346.78444241365,63039.3133742011
5844,30137.80242205571,20588.92670183724,81369.7753321678,48527.19523959327,81152.72794797193,44059.10999206042,14914.20393640755,20966.08241298347,35335.11346705955,126695.0853604364,109997.160646769,49562.32481749821,63058.45200619267,38543.42848306253,143807.77178783,87686.73264731912,50131.21436993565,41989.23332622112,157047.0888085735,44910.37575260377,7458.037549152334,36469.48878506491,75602.76999833497,32181.69438589288,48302.59676171327,2326.988370112719,43167.68485902621,28357.51338753467,16746.47072077665,24493.75189006397,63067.97333794678
5845,29643.54443803629,19879.65681621914,70292.7229274264,46518.45013577209,80330.1609464968,43643.21088319615,15030.97358825804,20062.55086434436,35301.22881462695,129150.1785166838,106347.117698174,48847.91508770477,60778.32224779433,37791.64537910665,145072.1850408393,86338.39301376649,50956.49529913656,39789.90320059282,158984.4261447594,43713.01364530216,7508.213567840197,35395.31065855462,73401.54747753366,31876.54327884089,47788.85936644978,2160.794016131618,42927.22996158925,28155.04765938951,17058.93974401216,24347.63252558718,62492.0898602008
5846,28913.20897808768,19684.15573691461,73427.2131907439,45665.08028537256,80612.84633988586,43229.94129337207,14367.73100055309,20195.53218985347,34880.51341996629,129363.6222246963,102089.1902471348,49248.03157451254,61282.26728525719,35603.26999646186,150132.7428541715,84132.41723237497,50991.13010207456,39348.27838584188,163259.2941037893,43947.92817834479,7658.503738380976,35202.57967576262,74519.75927938343,32003.13697059949,47760.44174087115,2141.107669612617,43405.67798105365,27984.53773974796,17174.68959213291,24347.55606544435,62205.51503473402
5847,28432.63829911279,19638.21230519165,77217.54453754486,45202.86343507133,81008.07557899586,43361.36980286337,14913.15046353589,20662.26728571459,34301.85721735973,130256.0075239546,101297.9771576436,50475.63535228503,61241.82256047858,35312.57187810107,155818.3214171818,83992.44826390833,52094.01124169018,38906.52986770815,161188.433682597,44887.58963703875,7704.27524157519,34465.48833594851,75518.22954519687,32372.85769855492,49331.14680551683,2099.853997693731,44389.31111428561,27490.95929077002,17097.55645020443,24567.07833474542,62389.8938477548
5848,29644.72695855824,20230.03911655878,81460.35506549691,46088.37619251607,81326.60647269385,44655.3643217199,15854.50398987907,21941.94228202888,34384.04243785084,132516.7870221855,106398.657114726,52404.76750286087,62501.87033862699,37729.38843262987,157020.5788193765,82389.29414762581,52558.86642865471,40083.19164211625,163259.8582062562,45128.86475064442,7747.830466042501,35450.46144382873,76533.65548636185,34292.48927985169,52415.39124674114,2141.575695813757,45298.78740836919,29572.78514961317,17071.52002457842,24965.15180876495,61704.87085887292
5849,31058.43501675748,20965.42664568493,88639.00719818544,48966.6761454677,83194.97039019733,46765.6862970552,16756.86262629904,24573.43207183857,35706.1649453305,135949.1244174163,111433.9485584181,53882.11181327772,65654.67678409784,41761.11865819854,162642.4868711409,83760.00497519135,54377.84354662058,43335.28816916225,164208.216763715,47463.18019680525,8073.610724056244,36658.67337481459,78560.3994706488,36052.87696992912,54725.47156777301,2207.579293560122,46479.51577857181,30115.63347938483,17405.16759440017,25480.86839186549,61676.26475225352
5850,32101.93959429777,21886.95793144241,100362.1345934314,53510.36706124213,84373.74836759387,48335.76788159883,17606.74781165341,23962.0753967208,36792.86545092038,138021.2662065302,115025.1034440509,54936.40082785144,67967.62951475623,43690.00853791599,169547.1947408586,89811.08701599635,53906.92606505323,45145.34586648874,170508.8845527667,48174.46487038762,8207.53032554851,37336.03794117225,76657.9306571219,37413.52856819367,53478.10302295291,2272.843421788708,47325.12553798676,30492.43245274143,16772.41254158661,25409.59841674693,61993.57570576559
5851,32564.19175624942,22312.46850511284,99896.05391926249,56966.91001457595,84051.83198520745,49074.34712104325,17223.21096900399,23935.61869033793,36709.66507800066,137642.5192459892,113641.5587455017,58204.0168740345,66941.0047538462,44264.03004536132,162774.2082366048,88488.11810379724,55791.84159501879,48621.58737214366,174652.1435357884,48882.48292945731,8579.11496119335,37938.2118929197,73518.58487690464,36464.74430700224,52917.34857303157,2293.889550541945,49538.22613918744,30459.41131326378,17514.31884191251,25619.73510506471,62825.10579701659
5852,32564.19175907015,21921.36346689755,96328.53547214395,54958.00238889205,84147.0387589536,48080.73758782163,16774.38445437848,23060.76644327591,36051.76722374357,137264.6131667666,113486.9997096725,59192.27980486267,65237.33099305045,44621.14796917051,158786.2721184902,86846.95914401936,54687.81672669691,49209.10452686512,173615.4266554232,48881.47108119928,8571.579493238542,38022.67058499586,74505.8363537638,35085.02222885068,51130.80198537378,2471.143583052413,48508.82018617095,29935.52347168431,17074.97314418084,25338.86224606922,64148.42262372717
5853,32075.31460703009,21915.76690178363,96373.27058570327,54514.60759388942,82932.61295781597,47298.38451657858,15832.8855727537,21713.52698541465,35299.87270478626,137962.8950283377,110968.1275502437,57591.20646122045,64653.41154538184,43579.76347434787,157648.3537705049,84740.73452835307,53508.37530484304,48051.71512675617,175685.1659282105,48339.37971410488,8390.866596775808,37109.57698873804,75918.89272915537,33534.77680003554,49327.39699205012,2493.008860699792,46658.75054925848,29005.58668081488,16841.4132545454,25188.41624559861,64294.38510472018
5854,30335.79573876416,21374.45553964894,93786.07837253243,53325.45828984355,81908.45137252635,49908.31200948352,14702.04242248941,19613.57182801366,33821.51311068183,137975.9286887744,105683.0655206396,55836.98279723685,63058.05253813024,40312.10317251032,154464.6865680515,81661.12693697921,50369.42185123305,45564.69893318677,178828.3725031839,47215.91402451196,8207.884864161728,35982.01301651853,69786.5216830896,30465.0364309564,46249.1841086018,2434.165281268877,43790.32274854532,29345.57291843699,16673.20195671988,25221.4392750172,63871.35998478792
5855,27466.52576034103,20131.52640671644,88247.02626543041,50559.97920179296,79885.56754911949,47756.0210429311,13170.86245817438,18270.61970754314,31930.18580561346,130960.8762891874,95700.2696441529,53915.8892847721,60329.69882560164,35606.05767958906,149994.9773729116,78584.44807591697,48604.38204422174,42450.97573387936,181685.5590552861,44014.22665652778,7841.641330258189,33824.83338327629,64370.62569392125,28354.02089006807,43932.46417889064,2189.216894265151,42014.22215072995,29402.53373903843,17450.96033700705,25191.33763088914,64018.79754670231
5856,23638.76100224028,18705.81526553339,78856.17280837738,48174.95750836068,76227.72604060812,44544.37820650638,11989.55402524554,16195.871334515,27690.07701496324,150319.3671771227,127243.6255595892,54431.64285810368,56336.51762408621,31138.38658577182,150305.3517401057,71246.36344877066,47156.25049354551,38127.66230197518,171981.7326173494,40435.63644452741,7340.255509691705,30678.73356466546,60410.70381518936,25698.33497714611,41325.76284458613,1991.773268624515,37495.56158968105,27016.23669706932,17723.425482912,24717.04087363855,62683.90993283058
5857,22243.66985537541,17797.1020342269,76889.35494495345,47263.88853949064,75513.75574222449,42563.66293789574,11473.95412657843,15340.09637392912,27183.98741972856,149555.8098850937,121099.5128744023,54079.39119260754,53083.79939812166,29790.13088766337,147774.3082155123,70949.61300079794,44633.12451841284,35477.70023377451,163779.3786879155,38573.37571035723,6770.279342069984,29509.13281463707,57294.0842510134,24452.67150114224,39574.54179902405,1851.086530495973,36405.7635494016,25338.77764520222,17533.52986634205,24981.40833839863,61864.00957615131
5858,21689.52175551407,17533.47881178915,73076.04858046623,45908.15486652449,75374.20831834442,42125.3052170008,10839.8818774754,15020.86667219842,25994.37085437425,145335.0859624077,116509.6054525643,53390.59416983165,51681.71141219592,29591.17449794253,146076.8226395651,71228.26922045294,43420.37977562761,35100.01642721892,155007.7885225075,36216.24216451486,6333.382407061134,28712.89515010438,55224.82642915857,24057.05750730711,38711.89165524026,1780.086080920504,35433.21275994157,25225.60201386913,17235.06294279565,24888.79623995438,60707.89445826105
5859,21490.69217196276,17310.89462985657,70599.75127131709,45933.82235958363,75339.41493919617,42270.28161928104,10986.37631663305,14712.12859611462,25210.20072725781,142676.9946371546,112852.0218159569,52822.99194888645,49919.65174895226,29401.66973106505,144636.410035692,70758.76849836556,42251.64437808358,34198.71915446641,145829.1403051979,34840.99782185097,5976.242432827607,28145.50045456463,53111.71758201305,23459.9903803302,38014.80548122756,1711.097192786587,35443.14326673481,25122.79510303959,17293.1448449608,24981.38449611711,60376.02203712265
5860,20925.93488120862,17051.70907657752,69337.42845958115,45681.65677673247,76099.40682069115,42262.70861637463,11122.96853739149,15004.32117609137,25195.54985179086,141577.2161509508,109792.9933534757,52820.35647207987,49437.76106545403,30364.43416603973,142622.6630056459,70608.98535418186,42133.08464208227,33876.8798299998,141268.7020267809,34156.02337533305,5722.564031047525,27742.96873301982,52074.804555992,23465.78268133885,37526.27755123753,1644.805938312743,34958.61321999528,24728.775271646,17257.29016103859,25069.54794379245,60372.31390514568
5861,21462.80206258059,17178.60124434309,69248.55613046784,45681.77659626976,77079.99506273655,43032.93065929139,11559.44528747638,16174.35225625099,26223.0706849259,141481.7814888878,107729.8287268732,52821.24465369262,49281.73863010596,32424.61288937659,144967.813654887,70446.66615004245,42712.74231669128,32854.97427084924,135650.0268171799,33583.89573202076,5580.860857091929,27328.56508196354,52047.87349525303,24057.84262430932,38544.04319926226,1633.154151837512,35456.17233224006,25732.28618592301,17766.3379447379,25201.83654623776,60140.875216436
5862,22606.39413402812,17564.29581080808,72152.6184903016,45769.82360175913,78565.05354516943,44874.30043942625,13360.27927362989,19810.97913315978,27859.76945531903,142950.8993168725,109791.0768734087,54405.58025704747,50883.34209806522,34228.73620599196,149501.7444310141,71560.61765070331,42663.60219382826,33861.01254124032,132172.2358993173,34939.36840483244,5760.744251272561,28469.24682313455,55638.87356800096,27788.43183014459,41293.99893550172,1645.363720893875,37455.16078197736,27327.7927032417,18090.93331196865,25245.84063932567,60331.97892796039
5863,23970.09966867692,18741.47416716288,87050.10993760894,46747.04714382403,79763.98951061745,44079.28884882326,14302.79213108919,20885.24004005853,28541.62947539565,138951.523013573,103835.087093774,57326.92932052288,54991.54993852623,35485.39105246918,151812.7652194867,72695.83917171505,45870.93181698358,40272.95073134719,128109.4577108128,37826.03994370539,6024.70173020202,29838.18564903988,56251.61709205611,31054.93114328042,45739.34102217559,1794.667235349026,40703.57876137691,28557.42925210879,18372.9020168413,24999.09052781542,60245.73116333451
5864,25605.64975135471,19265.77930664247,84475.81882609638,48175.82943640382,79480.60215237056,42355.00769945987,14692.86823692098,20199.93734633561,29741.94605782929,123805.8101571617,99531.80017967943,55158.0267297318,59381.06637843639,37512.16338162815,151983.5595279754,78489.48301115594,48023.36973707408,39411.39686090375,124242.8323608639,39131.38584351759,6282.716176887542,31006.16313784438,61093.84292092096,34850.65743558209,50185.50277441093,1991.256892007495,41625.27897214693,28281.24889102463,17528.25697019688,24633.79141137463,60805.66987929623
5865,26828.65384467776,20110.86358115156,85215.7283961631,50668.24186865579,80157.88557591246,43688.18589317359,14734.6868636558,20270.07501424386,31942.04531948255,123037.6931201723,102652.6029134636,52801.17358370809,62757.37361982703,39263.52991953543,151983.5595158142,79873.52044373508,49128.50617371495,39765.52362943792,128290.4941347737,41474.69674161413,6945.400437196981,32256.57991687759,67594.94157540839,36018.84249036103,52843.05234371674,2201.198612426211,42251.9369324634,28981.341006281,16848.5466016309,24247.46968311763,60943.40449282418
5866,27572.91636238468,20702.43128358623,86049.28838783338,49179.16420294219,80630.00782594731,45029.9300496701,14854.0044436192,21201.67117142066,34282.42877329818,125728.1826333009,108148.7774756123,52075.95172600042,64685.85266941047,40418.30526256649,151048.0966779,79173.94359722598,50206.05459066394,39763.27603948672,138754.2413993566,43059.74861747964,7558.420539269882,33729.45007240469,72686.66872375613,34819.88800326522,53904.51331490963,2325.0841250586,42447.66678075228,28246.88183813334,16306.72624479757,24055.60256913986,61603.01831916625
5867,27935.31403212323,20884.66630896504,90263.23467272824,48174.95725500926,82052.33330714631,44677.62197399892,15283.25177986638,22276.85229420976,34876.82098794758,126196.0764626439,107534.7865679763,52172.24458017817,66591.24246405446,38957.80600380982,149640.8090316251,79775.7239106001,50930.98310313021,42295.6487862692,148095.0217664557,44623.15758565051,7515.453597475843,34573.928948058,79771.92282079747,33597.76276745451,52280.35827801472,2360.327333933629,42733.1122532411,28557.57224408688,16322.61582391178,24099.25325542141,61413.89360317559
5868,27582.7747646836,20399.84735758794,82508.46553262582,48175.33459461643,80892.80696125477,43762.87653577934,14503.12127981135,20892.73857245849,34480.32958976297,123531.9854729693,103839.8121535251,48876.86410515085,62730.48835042006,37714.32441598042,143045.1779404082,82577.92079735921,50072.88762359368,40573.61769107463,152645.2961000111,44647.99817842984,7323.601635537741,34596.25581504173,75086.41784114692,32231.71598446165,47813.11449153292,2323.484251029639,42315.19101990224,28114.59112088997,16900.89275803502,24276.42845013925,61455.46679058883
5869,27219.22474368681,19735.03710678638,71060.3930712116,46122.26032186408,80112.97200710981,43336.66046353924,14617.49961446177,19962.97851422213,34445.46858082997,126334.7087085408,100712.7298882052,48072.9983006378,60186.58846535061,36900.81831290891,143989.9395368702,81348.45463905433,50943.12809743424,38127.6245970505,154773.4582329397,43314.09665180983,7371.703877943997,33590.27233588845,72824.15726999866,31917.50185181439,47283.90730961768,2155.260585628219,42078.22104484309,27898.88620612751,17197.67685443185,24100.2756539444,60620.10942722968
5870,26682.02862266557,19551.79075134417,74299.87144080916,45250.05822829593,80380.97200029666,42913.13913926409,13967.83952343014,20099.8201387741,34012.63064156894,126578.3750795749,97064.85790240044,48523.21607925018,60748.83090710695,34532.77263560482,147771.1563718982,79336.96398657304,50979.64973055783,37636.46993389059,159469.3942187646,43575.79931664279,7515.782551455357,33409.77696009861,73973.37614524284,32047.85539186484,47254.63396551656,2135.333859536397,42549.73489816065,27717.22668271392,17307.61643732835,24100.18347815373,60204.41354454165
5871,26328.54625904049,19508.72722223379,78217.15794677279,44777.64113466821,80755.66922861406,43047.82791810921,14502.08938093394,20580.10403208402,33417.30096869394,127597.1180983272,96387.00603734511,49904.53642986704,60703.70745291003,34218.20758061292,152019.3847633792,79209.3350823562,52142.61348213521,37145.17769355814,157194.5571789548,44622.61368183302,7559.662317118769,32719.48017208925,74999.5331523006,32428.556871137,48872.63648693071,2093.576460832878,43519.11219732941,27191.37325437938,17234.35512779932,24364.82644113732,60471.86730047711
5872,27220.09454321353,20063.45616092714,82602.07918658337,45682.6954678663,81057.6525618079,44373.92179417757,15424.16499693631,21896.92656129045,33501.85428413362,130178.0137413586,100756.8849838395,52075.22826616525,62109.52016431707,36833.4499381064,152917.7039006963,77747.51961430299,52632.79298811619,38453.80641676189,159470.013884471,44891.40224663848,7601.417402918198,33641.92185050694,76043.11600133608,34405.20174765937,52049.75445444972,2135.80760055812,44415.40741536458,29409.32921930263,17209.62564590442,24844.72009377278,59478.19580277662
5873,28259.94338907751,20752.7469056606,90021.17650484883,48624.51400493595,82828.95567428342,46536.59327944591,16308.04429652762,24604.80555445547,34862.07259050125,134096.3545772063,105070.7439701693,53737.5608508284,65627.04978066377,41196.19382950205,157118.3580883252,78997.38465822634,54550.86409946043,42070.63753891176,160511.7843251296,47491.90790675467,7913.733153588494,34773.42994203392,78126.05989280372,36217.87316971103,54429.39648160656,2202.6171333527,45579.02344240723,29987.67427441441,17526.52519485557,25466.43726645892,59436.70073871421
5874,29027.49014267758,21616.51323442844,102136.9638994919,53268.4755034702,83946.49657770124,48145.62294985808,17140.52474503793,23975.70187930788,35980.08541675596,136461.9022652725,108147.3753723291,54923.86452440039,68207.56966731527,43283.44968966438,162277.5121976101,84514.98601412069,54054.29203799806,44083.69986905242,167433.0583595326,48284.30287747169,8042.117854136437,35407.79173576483,76170.83721812644,37618.93628861674,53144.46686873423,2268.678167358043,46412.37774599707,30389.1120445253,16925.5323839674,25380.51843258757,59896.98142349494
5875,29367.4983744449,22015.35124649777,101655.272097757,56801.29775983971,83641.30363068696,48902.52368795701,16764.84232546983,23948.47716434987,35894.48769816197,136029.5264493042,106962.0583360527,58600.64087872615,67062.1828305929,43904.59958934145,157216.7794606319,83308.65382187288,56041.89374537634,47949.81465414535,171984.4220843154,49073.05873011509,8398.344886205623,35971.73642248303,72944.44001808281,36641.97301760087,52566.82684306102,2289.981279266299,48593.40379229514,30353.9316604591,17630.19740539378,25633.84669857644,61103.17123692741
5876,29367.49837651967,21648.76210487778,97968.26149261052,54748.05737867748,83731.5644482319,47884.26627031921,16325.20729636531,23048.22893571667,35217.63309503878,135598.1105796433,106829.6437791028,59712.65089598931,65161.42456527006,44291.03765772353,154237.0187814622,81812.18412593337,54877.72395719236,48603.22402017165,170845.5901596156,49071.93149723551,8391.120859356039,36050.83321918985,73959.06714859813,35221.27302319846,50726.48332566972,2469.399667086403,47578.9170606368,29795.78691542857,17212.90543015422,25295.24312153201,63022.73048453187
5877,29007.90621081776,21643.51635296803,98014.49498531997,54294.87770716993,82580.2276121513,47082.50582884889,15402.98930180156,21661.88062426479,34444.07339587527,136395.2659924323,104671.6635664618,57911.09632891547,64509.95610811641,43164.1532708246,153386.7733790772,79891.65029134793,53634.02908250886,47316.02913897824,173119.1956195985,48468.02354180148,8217.876832051648,35195.70775155434,75411.30638958781,33624.98511354152,48868.77375815975,2491.531930083016,45755.66055644433,28805.04177526753,16991.06948596286,25113.87439087732,63234.4587906622
5878,27728.40817228426,21136.13637008761,95340.64612681788,53079.48614855279,81609.27083723915,49757.17625046853,14295.30460609258,19500.96611897768,32923.11616844828,136410.1451601972,100143.8199282788,55937.21445394195,62730.04267106591,39628.21107643172,151007.9573538301,77083.54970583227,50324.07214035861,44550.08492564238,176572.0032870543,47216.44510173341,8042.457739658681,34139.72764942141,69108.88984874851,30464.07307608946,45697.86897216622,2431.969842803362,42928.80499376157,29167.25963346287,16831.30184719999,25153.68498676743,62620.8326623273
5879,25617.92499421147,19971.11858863568,89616.06637647658,50252.97821745169,79691.47507003947,47551.49467402379,12795.48156480556,18119.02960152247,30977.29192815821,128401.7930905241,91591.31126377467,53775.56782800809,59686.06735774613,34535.78919347304,147668.2188744442,74278.11964539468,48462.87672961753,41087.14620923081,179710.618392087,43649.65804385786,7691.351061443681,32119.49746687467,63542.8156159283,28290.36011272117,43311.38740280247,2184.030520504738,41178.44549244511,29227.94510880327,17570.01929099153,25117.39623885093,62834.70067163884
5880,24548.94778814677,18323.44582725454,77897.33072581471,46883.66978187687,75526.60076890972,43904.28711499976,11995.64512865191,16673.29769485282,26815.77865921767,130670.6328196057,98407.81575008207,51862.28289741423,59565.44557689944,30621.6153541648,143011.1715231566,74404.81116398127,49322.57676412467,35735.770880816,148769.4755889196,42835.54971573249,7526.484120839203,31010.0549743069,60784.09856266213,25426.45598458919,39659.68974846583,1874.853117916349,37098.91899734362,25305.96376293165,16706.48329741569,24736.11427892452,61325.15340383467
5881,23236.70628451193,17648.40301963999,75301.20693172056,46645.28854337909,75370.40343601405,42377.33861920056,11455.9983453292,15958.19057722757,26827.69076119964,130402.5092067419,93422.4975418074,50063.0728215265,56732.19334900215,29756.54615260235,141563.4279600438,73674.80697799224,47686.49291764649,34282.47936396991,143786.7706486076,38969.05416203615,6895.71611720949,29727.35905913064,56360.1206221428,24147.15344565478,38353.29063527209,1788.951822898767,36038.41636755307,24920.53600705757,16414.09053526786,24640.3274930988,60249.7413741771
5882,22297.79979351689,17320.52138443789,73743.93618960273,46164.59729139954,75402.01027853908,41600.73568770455,11354.95805266685,15386.01115175964,25890.95863849952,128485.3019885502,91060.51462152481,49403.5400162288,54367.35150259778,28751.35305926813,140041.3900572692,71976.23403287091,47456.8988629491,32940.32168893253,137836.3077066616,37070.45965194255,6442.00295965509,28646.26978401614,53139.33855171537,23897.53396459758,38090.36304373404,1742.330242421985,34782.21075762672,24921.40590618259,16814.77691227818,24320.29504739907,59241.36237145156
5883,21736.66264882144,17072.64331613285,72217.18159186986,45618.09151813148,75146.44225163813,41321.27667676585,10977.17036718804,15101.0300952009,25271.17272532733,126430.5459621586,88976.91114096626,48306.02606680681,51066.00312272836,28394.83556327441,137877.5358365966,70023.45954688499,47249.58215687938,32293.2072402452,133880.5463655676,35152.79562778085,5593.753790230846,27910.98048897806,51007.2612126404,23381.93086168702,37572.27672341432,1663.900545802376,34410.61516565729,24991.24779251867,16868.92371970942,24389.046685071,58520.41301398564
5884,21736.66860655372,16956.99060910433,69543.63230771874,45016.91545686554,74939.78055339091,41321.27669019912,11078.35050090108,14819.65506980308,24748.98834824892,125201.29736969,89371.72432469252,48130.46959047051,50086.86000808414,28395.02753869677,136921.1820328042,69744.2729797559,45034.59207434646,31941.53728285927,124265.1715277381,33549.60037835626,5376.212102145665,27199.97723723063,49395.38794575536,23641.72086084939,37566.97001884586,1617.455906542511,34403.15594735627,24844.65349821277,16630.67776751671,24302.20312918451,58253.7398891403
5885,22098.33013961446,17005.00730328682,70645.31474450842,45016.9629573155,75526.00930749347,41613.56267242232,12177.86176024547,16426.85086934885,24971.5250471117,126718.411369647,92810.83399653822,49891.78739589087,49649.4244204188,31460.8879388491,138430.9373640238,69184.22830073485,44254.0095309379,31494.45307333266,122604.7995606305,33218.15853991645,5299.293170268124,26444.59844406968,49396.73838825752,24964.12309870731,39807.33051738007,1615.161796086143,35336.34938674956,25224.75631983512,16847.26499724171,24741.80366457589,58304.57512636153
5886,23648.9128719433,17541.10750080773,77681.72895716695,46248.55529158146,77714.9673659867,42449.42767960985,13646.61901541303,21064.43545251026,25396.41735864441,132221.7584983451,96310.1030937773,54295.85718041593,51379.80112098458,34593.93686308523,140160.3487945235,69185.04929940276,43194.47650094426,32697.68071483923,121338.3673376119,34496.94310086851,5410.036858840848,26126.05829371439,52047.200015879,28642.84966009561,44666.57422051638,1615.184606739353,36523.17755301407,26558.80916159881,17399.56243657385,24690.61369928476,58256.44108794492
5887,25868.70264296381,18405.45280147171,82275.21303831837,49683.79101666142,79113.31916884994,41895.27062152492,14284.26428203983,21644.62937772359,26793.6686857706,141025.2041002173,107777.242980628,53360.26599634306,52010.38565311598,37243.75553931168,139572.1157768037,69743.78773085857,44829.91863404957,36117.18868695961,125003.1377409231,37062.33710288839,5376.685016352958,25919.36012346114,54262.21358661158,31138.90835720915,46998.87132033972,1763.885938421369,38172.40165489195,27374.99150861621,18179.27646560289,24841.95548469579,58700.9824117162
5888,28668.52094348821,19532.03851984557,83761.49410053196,49014.21983158467,78037.78582677575,42497.50281886992,14654.45908414614,20810.95168079484,29477.49883046689,145157.4621337634,119238.7554356178,52939.63115136656,55199.35173734908,39771.34868482554,143074.0152320922,69745.16092079542,46405.23323727746,41322.53777985507,141129.6654326543,37707.1163433874,5606.303188935865,27032.90738388202,60295.68275108562,34068.81929459957,51146.44337144191,2010.034423840609,40760.95319392339,26493.95968734753,18114.30029819972,24187.75518776204,59816.96771516124
5889,30723.4643129651,20933.07567803593,90065.35739206056,49056.75397676324,78639.1479933917,44783.89425137122,15736.13946956309,21104.53938134822,34167.13368194391,148599.1865248966,124317.3216672303,53445.83194565288,62226.69066408291,41409.30046038581,145893.3394961627,73644.50729859086,50111.01291089893,44738.96452153837,173209.7015109056,44489.97251502544,6638.962261578147,29486.18193251002,69436.29330450956,35340.33327431937,53235.33560701273,2256.574885055473,42799.66320017183,27848.10132585256,17529.51477390405,23785.34401594241,60178.85454309302
5890,31475.61197271256,21625.26721226164,91038.89412833755,46887.15184344639,78515.58286795998,47064.1859758666,16480.03460814269,21404.88424592376,36349.0909145707,152866.096472866,123003.1881883075,51671.2015514559,66699.48113779153,42774.67998765629,148662.4921400062,75591.59703290218,53048.57039948309,45811.22717417029,181385.7483769093,47632.94686730279,7296.047420424944,31157.90905852873,74817.89643891713,36079.49591554555,54839.07559732531,2301.937006739719,44150.56678575592,28203.27046619594,17063.85222949056,23991.14552780102,60441.01036728585
5891,32235.83191086233,22171.36517377276,96070.03048160547,46892.53774932506,79251.60253379008,48209.30449109461,17051.85470505432,22657.40551854876,37305.65971232274,154109.936826579,117827.5233708484,54099.24137333238,69953.63820841514,40851.51406906689,151046.577592089,79231.70450277835,55045.72910307912,47141.41380943248,188713.4565390631,48548.84392321781,7603.278067202307,32800.13159650807,81336.99260053436,34937.13198225841,51674.4089126009,2361.822701474639,44281.68991406623,28927.05338759755,16782.28882983852,23987.36342914537,61016.21884219125
5892,32247.24524806257,21792.50172547153,91351.26819859179,47677.67342417805,77991.97784801682,48202.27860259986,15380.95024406435,20887.27955971161,37598.91797956999,144904.4667439546,124460.0018189579,49181.98324369816,67639.82638370337,37973.73370039836,149898.8358484379,80929.561205884,55129.72352805836,46641.28817046538,177100.1734838964,47064.21065035244,7603.283850601732,33790.63723985611,77518.39957038654,33171.35189903594,46988.07492053706,2272.178424119206,45232.65180194964,27752.58913035454,16782.28882983852,24282.80650386748,61160.3134542883
5893,31106.96511993232,21456.62654594315,90409.10823739484,45002.10573293844,76488.61454493167,47636.87658573584,15361.02176672194,20246.25831971683,37889.76945179787,135562.5207767512,127033.6755058723,50437.86868959565,67241.57076722017,38335.50354659658,150472.7217829824,81675.24631439279,56997.44903713352,45099.03284125419,169918.1516086395,46035.94283800665,7926.52064175248,34705.18857146557,78183.44929132202,33036.29924779272,47511.50543470842,2134.365431883046,45566.66167675885,27693.0845436473,17063.85222949056,24488.94576611818,61288.41236470301
5894,30364.75017129053,21698.80183237217,93952.616681467,44394.66369519442,76068.33535916705,47626.5075001389,15749.19393972055,20532.46295015714,38155.54079626525,144776.8961254291,125336.7106113618,52227.68050797291,68537.1129523538,39357.44738962119,152760.7330490252,80976.87200464624,57005.85011229083,44506.02476365063,182392.0702502642,47633.74073880036,7949.818701322913,34945.76512664419,79175.4318897518,34056.98232563174,48040.68436862162,2093.983896784217,46630.77945940577,27657.28727567073,17150.48712188533,24690.98422638754,61120.28511447921
5895,30361.17462124398,21669.99673418804,98802.55189678707,45636.54806434609,76471.7867657472,47948.15001710821,15749.17877514023,20819.26906519545,38045.66725089515,151381.2774738982,124353.3716264926,54558.4427109013,68537.09531573115,40060.76224679511,153916.6012069236,80392.43555484554,57015.18599866803,44072.68191473784,183673.7335245737,47635.82377595508,7833.682900282666,34630.64293690721,80305.84339812364,34815.7769337844,49620.14508532992,2085.853093837627,47125.93034034993,27986.88510708539,16998.87605956352,24993.12140624584,61118.24505926442
5896,31123.35387206609,21779.52357763454,100889.8207164806,47511.53053169615,77917.66685480066,48488.64604239878,16113.0473234176,22385.93691394372,38041.00028519692,153312.7545762481,118942.5283586311,56666.12610728463,68781.20133945919,41489.28979629716,153918.2938401177,79527.1533178955,56935.85171295539,44624.29857826111,183816.0831418259,48379.74254177584,7527.009141447298,34452.65983281773,80287.55451351435,36577.97634485459,52203.78368202144,2092.953669645009,48081.41549263964,28765.54026212641,16836.43563726979,25743.41743524947,61170.94614123687
5897,31859.0504083261,21900.28123889454,101658.1984958683,52492.16779462134,80530.632358282,48783.3022179438,16666.1081593257,24534.58963899463,37744.48321272196,155794.8560808454,110765.0350642387,57621.40660904982,70425.85072515631,43482.15883457862,153341.9975782055,78319.66079999466,56249.08624955876,47474.90129579096,183673.7226520811,49235.47849658078,7526.482562165554,34315.18816947554,80305.84456034926,37789.1422918315,52731.62760399696,2179.207039088001,46497.07018802575,30255.99176044194,16890.58244470103,25796.74189131782,61843.20176840114
5898,32235.84173175607,21698.58968599836,102158.5768798212,57048.50664223054,82644.01021950241,48487.96302640537,16575.24913595336,24820.0272055995,36140.96587283335,156487.6428628624,110066.5570384584,57355.06103702514,68069.04871620679,44496.1643354746,151047.8430722511,78320.69060620127,52153.86930949512,48247.20023301432,168696.7354672531,49219.26512769621,7373.297860559544,33580.48748246143,77146.06190387729,37274.02717095979,50666.861874444,2290.481256361682,45636.86307969804,29156.15926966157,17117.99903692182,26042.07000406207,61805.98185196112
5899,32235.87363956913,21319.39479889652,100184.1046877535,56532.85922403047,83641.08804855341,47634.31861485158,15567.25628936193,23963.68326433967,35676.60886188762,149208.2852644832,113800.3994188641,57972.16751133388,67589.4253996645,43503.18376793124,150472.9390789277,77559.55559513849,49216.33671078665,48604.33461322509,168815.9355108723,47315.71914015432,6751.587779206489,32655.82676201009,73794.62744430646,37749.51905357149,49603.97776317738,2362.259956128588,45782.03805244056,28920.87551439448,17053.02286699476,25497.69937540704,62042.15437196449
5900,32196.47867353736,21309.79872142643,96636.7810329645,55850.15885811184,82138.72294108632,46447.92474567298,16115.49457541313,23059.56362319217,34713.3273769387,151142.1227987989,113800.3970828183,60580.66006007926,68804.39986942075,40392.67293733619,151620.7206498607,79803.81830497213,53088.07189837132,47741.22188208828,171207.808453413,49273.58396670679,7602.702576382851,31996.37956807918,73810.00841320897,37749.87035727586,50651.88732456103,2523.79797613628,46585.22846103799,28049.87383891194,17053.02286699476,25741.66083804197,62040.55520038654
5901,31856.44230324779,21243.3142831704,94473.39852193976,54972.51647156173,81873.07521692665,47624.15914218407,16074.61120584401,21690.18899190162,34058.67158576872,146202.167863437,111739.7947607148,58525.99969770334,70145.57565187069,38913.56006373551,151570.7444649026,80929.56058585615,58110.07267314684,45886.86457330063,171207.9271097078,50195.99347249274,7906.554792263566,33370.74865486341,74911.12479206511,35811.15252561864,48724.88387190099,2532.168145712491,45631.36245051429,27722.54973606599,16695.65393744375,25294.38868379379,61868.43961943987
5902,29956.6846442996,20501.97753816794,91924.77987714075,52588.98597809928,80593.43735551719,49358.19171999979,14551.53261847945,19498.34457052502,33321.51107635459,145107.7857701158,107885.7327822634,56832.31914571807,70659.48759077936,35862.45590434971,149903.6368833958,80358.74081065579,55717.36922323129,42772.77910745452,166201.5666405646,50195.99062985771,8139.746345558276,33506.99918567928,70544.67198749016,32359.01160752596,44915.04313344603,2372.720645964936,43456.52762472555,27726.68679121713,16435.74926025945,25090.04804480066,62099.96433134305
5903,26973.12644648156,19400.67444601875,84636.71021525923,48648.78775481295,78078.53862003515,47458.04901928017,13036.3247613262,18288.77832911253,31359.99460239376,149096.8085002714,106502.4121125828,55422.29637569225,67371.21786811684,32841.05762969209,145907.225019653,78023.58745268828,53576.12287387718,39406.0269797867,161187.1832343643,47316.08049852736,8071.40305946617,32197.21896651759,64022.68477341352,30090.8454063831,42916.45939919783,2122.236873920267,41139.11424480865,25959.49526277426,16026.17605248034,24895.29367583834,62598.04025830537
5904,26299.21801458182,18524.19523654006,78298.99661466904,47270.63492094859,75207.57313260475,44246.15885914804,12278.08966313962,17097.55221328184,27535.48589647929,132917.5085351858,99733.05920321224,52241.42660935348,60155.59793320866,31138.91761648594,142481.412650057,75237.95116700618,50457.77164443261,36595.47077902877,155798.7232528544,44172.32642420277,7408.738206120527,28989.66162673755,61190.95410907781,25981.4915904027,40574.30725063125,1843.337437169541,37063.37999991636,25388.31615979606,16772.81589056145,24405.98483200941,62225.09164089128
5905,24703.57025073964,17795.03599999822,75819.95371350413,47040.51230796143,75043.38209590815,42605.76334329487,11736.57446912863,16389.48476290429,27548.92987781287,132654.2363960797,93914.66181649896,50258.50980661222,57396.61619013026,30223.05963107255,140575.9178024808,74376.39739191244,48677.72553192356,35029.38596717013,150291.4026214812,40130.71022348693,6752.531567948943,27661.92325566619,56670.98691673001,24669.56665117493,39330.86982930522,1753.997328743064,35954.58980762986,25004.80859863942,16454.61963843522,24267.63086055788,61538.14306665785
5906,23561.88707834853,17440.86894554888,74332.9133084123,46576.47441788791,75076.60648037543,41771.46148574743,11635.18434622808,15822.93799394617,26491.7353380696,130771.7194478245,91157.9761493689,49531.63599731653,55093.76598312985,29158.85098770637,138572.6380397882,72371.73500609492,48427.92904050351,33583.06035002404,143714.4313340045,38146.12489964021,6280.520330695749,26542.8710343718,53380.32193427194,24413.58183714587,39080.61399009364,1705.509386227681,34641.18574746572,25005.6741639414,16890.66635349808,23805.37753955718,60894.01365476179
5907,22879.56051905137,17173.11913620052,72875.01282002247,46048.90212507849,74807.95926018646,41471.23963172302,11256.08865230509,15540.76235179407,25792.24583905821,128754.1425226449,88726.18894146175,48322.06137303136,51878.95869632458,28781.40211418769,135724.6108245733,70067.06297462057,48202.37012584766,32885.72186158164,139342.1784497645,36141.60636859668,5398.061593732787,25781.76171819692,51201.98385172809,23884.83078032785,38587.49675535532,1623.93998033668,34252.6703998385,25075.16809915263,16949.59158496642,23904.68207341029,60433.48771721635
5908,22879.56776348175,17048.19485197786,70322.03619045399,45468.55357518562,74590.72124560825,41471.23964615436,11357.61910042585,15262.1572422617,25202.90929469445,127547.1361610042,89186.97798249437,48128.57986054847,50925.48270482446,28781.60536061384,134465.8746146412,69737.56590394334,45792.47866817825,32506.7579904897,128714.4264842931,34465.79947757597,5171.746531809722,25045.79126087164,49555.13696810912,24151.24546214892,38582.44580654671,1575.636062375304,34244.87154308698,24929.3041352011,16690.32056705512,23779.24566014827,60263.14303271689
5909,23319.33774095735,17100.06091984264,71374.03456991285,45468.59943000094,75206.95140199443,41785.24147130091,12460.93718055069,16853.53146298122,25454.06389613175,129036.7992450227,93200.78530457745,50069.73543662098,50499.51399358222,32027.46444861615,136452.9882707045,69076.59899896858,44943.21111695969,32024.97454783878,126879.2383887215,34119.34603278854,5091.725488559812,24263.886994625,49556.51671183452,25507.36914887394,40714.83249680396,1573.250113748196,35220.55581207348,25307.51329084055,16926.02149292839,24414.20255320347,60295.6154179673
5910,25204.80155431752,17679.13887804744,78093.1181294978,46657.52372573109,77507.9336674809,42683.20837288348,13934.77969118323,21445.46267269132,25933.59675386754,134440.5678849493,97284.80508429553,54923.47880612205,52184.53083694756,35344.45674330194,138729.2094566382,69077.56794478459,43790.44767199634,33321.58745222112,125479.4669004205,35456.04908261579,5206.935428123726,23934.16116066113,52264.48672490833,29279.90377114139,45339.88574339683,1573.273837560861,36461.42348530446,26634.91990336805,17527.0588577505,24340.26401423438,60264.86849664738
5911,27904.00179643562,18612.77649692355,82479.44366948027,49973.74704206255,78977.84885695425,42087.87935185766,14574.63266712718,22019.94504494712,27510.53261193219,143084.7224611026,110668.1788155819,53892.3599255327,52798.58531275026,38149.84802313997,137954.9874100009,69736.99321131028,45569.79560549867,37006.49129779595,129530.091188468,38137.63446550094,5172.238518467763,23720.20468927268,54527.5605478174,31839.61232706057,47559.77816546135,1727.928003052943,38185.74123584686,27447.03604340549,18375.58219309161,24558.86135913627,60548.8313128805
5912,31308.49997609333,19829.67766680829,83898.69591191887,49327.37289088444,77847.27299395418,42734.85532959695,14946.1091889553,21194.47424938122,30539.49949137764,147142.2107226223,124044.9847344509,53428.77653796706,55903.95627798379,40825.83783067678,142564.1264445647,69738.61385540638,47283.7252683889,42615.83949828471,147354.5378962277,38811.61693569795,5411.117104931679,24872.85467292766,60691.94089648248,34844.23641830974,51507.45865904255,1983.930341223374,40892.15655069918,26570.39350812699,18304.87191697758,23613.93760555853,61261.69716515399
5913,33807.25175558329,21343.0323357409,89918.26538635115,49368.43345710754,78479.41104481753,45191.11777962631,16031.53465959445,21485.17180988566,35832.21470656668,150521.659973623,129972.2124972081,53986.66250915136,62747.08150713873,42559.95483618283,146274.8719078577,74340.63759262154,51315.58385317006,46297.42297204602,182812.1952661395,45901.68105440882,6485.422926622952,27412.27708352962,70030.87982768675,36148.17418893323,53495.67707452844,2240.340346822733,43023.69455574036,27917.78883534209,17668.47941272516,23032.69684987609,61492.86218249232
5914,34721.84158377475,22090.71506777434,90847.89722462521,47273.99634784617,78349.52223258214,47640.82733432971,16778.00537477497,21782.56001544601,38294.76853213341,154711.363735174,128438.4787453955,52030.83507439643,67102.62286560648,44005.49669677862,149919.5823589613,76638.60045809412,54511.62285757795,47452.90639374417,191849.0762630301,49187.00645675012,7169.008080908021,29142.70767500066,75529.2502845031,36906.18558471906,55022.12507796946,2287.518411704018,44436.10844736476,28271.18852889117,17161.72242154827,23329.95556099085,61660.32131879529
5915,35646.24706933274,22680.59228474612,95652.13764248726,47279.19566110548,79123.209143372,48871.02421567075,17351.80527553954,23022.75120106353,39374.3507150922,155932.6978322764,122397.9265899836,54706.78771886362,70271.47590966572,41969.420437638,153057.474082933,80934.6694294935,56684.51552078234,48886.33187120267,199948.2992404164,50144.3861635069,7488.629223237552,30842.59761127894,82189.79452103504,35734.69120544427,52009.97898718545,2349.801459470848,44573.20196752048,28991.36557572595,16855.31121681436,23324.49271593429,62027.75131848485
5916,35660.12535768979,22271.35633763166,91146.18374051986,48037.13061515313,77799.12070234987,48863.47632783208,15675.11566794904,21270.05074035056,39705.32157789844,146893.7930739579,130138.7354326086,49287.45736976223,68018.31803037717,38922.68368391847,151546.836401925,82938.48650370278,56775.90078198314,48347.39033185671,187112.28463914,48592.51113755522,7488.635239879293,31867.88531499418,78288.34757684651,33923.88347399023,47549.50209638366,2256.568529081284,45567.46373067294,27822.75248002545,16855.31121681436,23751.2292680934,62119.79565647348
5917,34273.57765929373,21908.55491716514,90246.51363662098,45454.25692839743,76218.81984388422,48256.06688627614,15655.1181925486,20635.33985039574,40033.57613527316,137720.8818486755,133142.4867737649,50671.57386975432,67630.50223193296,39305.6932765892,152302.1750677173,83818.54696444722,58807.97116689631,46685.43702167195,179174.0868685736,47517.67119752779,7824.908048318887,32814.55153644652,78967.8272126685,33785.38696055221,48047.70596242392,2113.238586657991,45916.68198144565,27763.54434418689,17161.72242154827,24048.97582424549,62201.62230657914
5918,33371.06572089669,22170.14476742352,93630.21570563567,44867.85948435019,75777.03204934641,48244.92741329225,16044.63432804146,20918.72702130672,40333.52529617228,146768.5307396652,131161.9479806391,52644.13281435333,68892.08325213898,40387.63611721706,155313.615622332,82994.3228921216,58817.11146933673,46046.40422413668,192961.3510778784,49187.83628413809,7849.145709802448,33063.57604779918,79981.33335138952,34832.09760491635,48551.38120405544,2071.240491944532,47029.25193430816,27727.92541760849,17256.0027924469,24340.79920179449,62094.22646977807
5919,33366.71795532118,22139.03043931941,98261.42685743002,46066.71925141108,76201.13087020986,48590.46686272076,16044.61911095705,21202.70975567276,40209.52216933094,153253.4113009639,130014.2866397202,55212.87539606684,68892.06607784037,41132.2430539098,156834.9491481512,82304.56872455335,58827.2688388922,45579.42864068133,194377.9572541684,49190.01366585089,7728.32619591867,32737.38819770977,81136.27196102771,35610.24158563278,50054.72006951772,2062.784195485977,47546.94837849461,28055.88119806778,17091.01214268766,24777.20468712558,62092.92332923057
5920,34293.50590849328,22257.33776538439,100254.5633026392,47876.74367871417,77721.00669881396,49171.11988321384,16409.74747566576,22753.95499140118,40204.25503848983,155149.9399316923,123699.2561814066,57535.76191029738,69129.7731397849,42644.64039880611,156837.1769624634,81283.35926839663,58740.95377186468,46173.85754135143,194535.2944823111,49967.6258715816,7409.284400610763,32553.15513521532,81117.58625338398,37417.37733727523,52513.840626064,2070.169022599372,48545.93936255603,28830.65710597981,16914.2364482827,25860.92865261992,62126.58757337433
5921,35188.09164572079,22387.77625476269,100988.2885139474,52684.82869626192,80467.69581901444,49487.66799889177,16964.72316552837,24881.4559199695,39869.60629274427,157587.129874103,114155.2504377039,58588.58046865655,70731.30991234085,44754.51209380656,156078.6658657952,79858.27190977341,57993.75845179833,49245.70208789835,194377.9452369403,50862.11967105544,7408.73658458616,32410.85609130724,81136.27314847066,38659.42819156803,53016.2451964402,2159.87529974699,46889.45451697101,30313.68319953391,16973.16167975101,25937.9502397726,62556.00907124238
5922,35646.25901125585,22169.91561382584,101466.1006596765,57083.31495245517,82689.22992290999,49170.38612148192,16873.54956236858,25164.08357818531,38059.87890640526,158267.3812555392,113340.0521795204,58295.03992151235,68436.28878760035,45828.0505269994,153059.1396858685,79859.4872910576,53538.19524228862,50077.94092076855,177824.0710848717,50845.17196907519,7249.374002017363,31650.35605239734,77907.93111462082,38131.17756040161,51050.99051395555,2275.604063024277,45990.07984475796,29219.33005606747,17220.64765301661,26292.30098256344,62532.2338410734
5923,35646.29781023487,21760.32165732285,99580.67390058776,56585.53193897614,83737.33515866558,48253.31886695539,15862.06675777777,24316.16966964015,37535.8062451109,151119.7375781471,117697.8439675134,58975.15549744554,67969.2382508124,44776.77141487478,152302.4610688536,78961.19279532268,50342.18331786599,50462.79332110075,177955.8213826213,48855.41090632106,6602.590588695122,30693.22544627307,74483.77891308739,38618.79455498546,50039.33192881553,2350.256218368093,46141.86502795379,28985.21848058523,17149.93737415598,25506.01467212126,62683.09543775943
5924,35598.39466947828,21749.95628724116,96193.32868055484,55926.48346233206,82158.0835804297,46978.78001486548,16412.2032007439,23420.95037540422,36448.64813294078,153018.5839307886,117697.8412410992,61849.98583218576,69152.36354666785,41483.64044018493,153813.151169836,81609.88036050413,54554.60017178201,49532.69242703606,180599.5282370054,50901.9510075353,7488.030523091454,30010.62146140177,74499.49361052958,38619.15481698518,51036.73766005818,2518.260952400707,46981.62687537828,28118.55612107212,17149.93737415598,25858.39143208578,62682.07392358148
5925,35184.92026528163,21678.14196421772,94127.5111457129,55079.24665571939,81878.84081477394,48242.40458042044,16371.1782813184,22065.05616054939,35709.80453927684,148168.0133710727,115292.8988351996,59585.53622116898,70458.38193133681,39917.68787342115,153747.3733861417,82938.48577194345,60018.49676571225,47534.41418527358,180599.6593863047,51866.13812491474,7804.136983686626,31433.25214958561,75624.50145964252,36630.99939942845,49202.60582403427,2526.966197849375,45984.32875700105,27792.86274150337,16761.03084591573,25212.35368975529,62572.13043245993
5926,32874.86982719837,20877.37417748045,91693.83099011406,52778.29265134082,80533.71498473635,50105.26981314957,14842.82636258289,19894.78872394189,34877.84623809184,147093.4332114554,110794.797970458,57718.92393947054,70958.82225325317,36687.45137482132,151553.1554404676,82264.8020566154,57415.25458862142,44178.63738869845,175066.1925986692,51866.13515353153,8046.733063952222,31574.28718033817,71163.30755475216,33090.8283872247,45576.3797376538,2361.135672094646,43710.46780000001,27796.97918591402,16478.18973321984,24917.20505636141,62720.0231157809
5927,29246.94923982602,19687.78247631056,84734.4412261968,48974.60106661683,77890.11139106049,48063.95304685594,13322.3724247658,18697.12971103231,32664.08153884101,151010.2778932606,109180.31539719,56164.93206247831,67756.75078153089,33488.66481305069,146293.1477918891,79508.84499555524,55085.59572162842,40550.58388992339,169523.8581603685,48855.78863127498,7975.633519032344,30218.5134275136,64499.80953715619,30764.82361897701,43674.11742002062,2100.624496460283,41287.53630040254,26038.59177649448,16032.47192977867,24635.90278516389,63038.18261042195
5928,24404.54537828002,18983.95975277625,78152.4337265139,47318.53056184118,75572.82336182031,45307.60337700262,12362.36490310448,17310.23896569708,28969.99759805206,134465.4007472608,102725.8219482239,52847.24370991295,60198.98549338705,32374.29719112155,145747.2459036597,76555.48592816805,50869.84799940966,38180.94077877601,159751.8834748114,45440.78546117013,7486.29512500406,27682.08884829041,61553.30688864682,26622.53565657733,40745.98498983655,1800.23471402552,37445.93366636962,25548.03511646538,16827.99627451993,24543.84414441874,61251.73827455453
5929,23253.41908917454,18194.8038567041,75694.29782925865,47072.31211854315,75398.88310942765,43830.51249715687,11816.0109604031,16572.87586974638,28984.04641444938,134192.24774821,96489.97090894394,50769.76773659815,57372.9686002665,31435.81523575854,143570.6696677809,75672.43190083622,49025.75029372486,36580.79387903305,154319.4857590343,41742.45259470722,6730.397733516011,26267.21579846803,57223.88338640155,25332.61759591181,39465.57394586832,1710.031129240592,36354.7341471823,25145.69681508745,16564.0413164737,24399.31065516521,60702.96190175258
5930,22429.7902511882,17811.49523876937,74219.79837678521,46575.81729153724,75434.08026717816,43079.26704878055,11713.71485863099,15982.88874445614,27879.28945172102,132239.0781043367,93535.5007963325,50008.23156304,55014.16589936571,30345.3179922479,141282.3973427,73617.74275152138,48766.96534794245,35103.01091685201,147831.9891721667,39926.43227882897,6186.678663579637,25074.72421748306,54071.93964282995,25080.92679791036,39207.87674708015,1661.074548475608,35062.16690685132,25146.60488081702,16925.75736941753,23916.41099784192,60188.39208454343
5931,21937.54875656751,17521.71444723534,72774.19308957813,46011.34417446048,75149.48150816909,42808.93287740288,11331.23172736039,15689.03834222654,27148.33042257591,130145.7795509861,90929.2396938571,48740.97606527532,51721.24824109161,29958.54519284987,138029.2012694289,71255.55715393563,48533.29012228928,34390.50543062093,143519.2174686563,38092.17182542934,5170.157009326399,24263.66604300576,51985.43155791117,24561.04527314341,38700.09666703665,1578.71677043239,34679.81525594656,25219.51106228744,16974.63791686633,24020.15092395971,59820.49590851687
5932,21937.55398281762,17386.51114661685,70242.74698388649,45390.40338698176,74919.34449310864,42808.93289039754,11433.66940823898,15398.90620015036,26532.48005038783,128893.4730643412,91423.08905295611,48538.26801776255,50744.6055844578,29958.75345996819,136591.3934867088,70917.83741586833,46036.68327777703,34003.2991574672,133036.0479992449,36558.70318439186,4909.460218085803,23479.39649998217,50408.0091344453,24822.99098316986,38694.89552822091,1529.945992827403,34672.1401260648,25066.48498032045,16759.56350854729,23889.11194981249,59684.41419644689
5933,22254.81120819207,17442.64485680022,71285.87333687824,45390.45244909301,75572.16471454302,43091.67520936662,12546.84626790376,17056.12207920278,26794.93391694529,130439.0446556094,95724.8757645406,50571.99130064666,50308.28708509434,33284.7933397933,138861.1998665472,70240.37594539036,45156.85643974804,33511.03700393136,131225.8262442935,36241.67650547818,4817.282397353465,22646.17867788914,50409.33071370854,26156.36637965605,40890.68875543817,1527.536983894363,35632.34541341609,25463.26471730046,16955.08569834249,24552.42890642756,59710.35511613487
5934,23615.01551637211,18069.37049106641,77948.29151718217,46662.53555945751,78009.77302777533,43900.24772002796,14033.8584062716,21838.04025857832,27296.04061351351,136045.6219986727,100101.9124801749,55657.19468226863,52034.2448869136,36683.72359341304,141461.2430769546,70241.36907144917,43962.61298216826,34835.85102639277,129845.0975842735,37464.8438168626,4949.995002993212,22294.81412710851,53003.14357098455,29865.61863810708,45653.26800093269,1527.560936998799,36853.52703805913,26855.84879077073,17453.66728551002,24475.18793592712,59685.79260215683
5935,25562.26253960007,19079.82965390329,82297.6249885041,50210.71073432123,79566.96776992992,43364.18488703045,14679.42883536113,22436.29131552179,28943.92168315657,145014.2001199695,114445.5056458623,54576.90493078005,52663.21908229137,39558.41501478264,140576.8778895347,70917.25043157255,45805.9873861951,38600.90092643585,133840.6162044367,39918.66299791061,4910.026947237619,22066.81646446785,55170.81527727602,32382.38937520719,47939.16894366094,1683.709842289052,38550.48892806102,27707.84093225245,18157.54717059546,24703.54883275395,59912.63939993482
5936,28018.32298390469,20396.85985118383,83704.90796967356,49519.12621237746,78369.26139742731,43946.75311948557,15054.22471286639,21576.6674179527,32109.15960687271,149223.9698700473,128782.0597770583,54091.21468499459,55844.04143792031,42300.50842566784,145841.7268096216,70918.91151917643,47581.58956685202,44332.25153058238,151422.5748484679,40535.39932247993,5185.19591062018,23295.11070773481,61075.3300718684,35336.61241413689,52004.23375138472,1942.18645512303,41213.96765544589,26788.15406220518,18098.89051502394,23716.42048544104,60482.12007342133
5937,29820.96322099182,22034.73632587611,89673.71141562122,49563.05874280174,79038.9340807017,46158.48975762117,16149.34908232251,21879.39232514137,37639.99027796042,152730.2531447784,135134.5494658585,54675.70451300071,62853.43450398443,44077.46243390413,150080.3740056883,75635.77970837514,51758.52695829991,48093.90884126946,186397.8577121212,47023.25364939846,6422.710012183582,26001.18624878926,70020.57679030475,36618.67728691939,54051.57185891431,2201.074675510849,43311.68935465578,28201.70832330328,17570.98059893146,23109.21887327363,60666.7887727853
5938,30480.76322124035,22843.93986716825,90595.50320543625,47322.12710234295,78901.3328252509,48364.32585419294,16902.48994126894,22189.08469672867,40213.33263134499,157077.2005714504,133490.7746298428,52626.60971586342,67314.80272020945,45558.71277347371,154243.5918514999,77991.08871133717,55069.56938236391,49274.5238379377,195311.7988045641,50029.53289737669,7210.145257312754,27845.17875650366,75287.15799914465,37363.97342420451,55623.40880714189,2248.708718612663,44701.69566076836,28572.46042003167,17150.60789041609,23419.75451079574,60800.56533315653
5939,31147.64439660509,23482.35334450366,95359.22707025622,47327.69007940255,79720.95915347968,49472.05418939165,17481.41707308643,23480.58766259739,41341.48444127661,158344.3725274314,127016.8298418556,55430.17026712989,70560.64958265953,43472.34036707485,157827.8894243035,82394.36697040577,57320.64947897247,50739.12608450801,203300.8380029139,50905.59550682384,7578.32316606497,29656.62633601717,81666.92040189056,36212.13027174165,52521.69652589775,2311.593734971497,44836.61422725489,29327.99913442108,16896.42904277099,23414.04767022594,61094.09080224027
5940,31157.65641989595,23039.44465684624,90891.2741225281,48138.6384781033,78318.24995415093,49465.25770879847,15789.74528266407,21655.3708173711,41687.34544547195,148966.2288649405,135313.0199536517,49752.4088118081,68252.74658703021,40350.34163840026,156102.343914859,84448.1897131868,57415.32306598205,50188.46265504556,190639.4476341701,49485.53231227717,7578.330096753457,30749.19997244101,77929.94281463536,34431.69792584059,47928.58731557896,2217.459703915743,45815.10228157388,28102.00555433587,16896.42904277099,23859.84421822878,61167.62142714144
5941,30157.37832413426,22646.79122023566,89999.19138485473,45375.10676718903,76644.11514321201,48918.31708516004,15769.56911835709,20994.39934268863,42030.36793960538,139449.0493421886,138532.2820077115,51202.52954759849,67855.5080041465,40742.81252054277,156965.1393152739,85350.2122643285,59520.51366091919,48490.36213285645,182809.2430169643,48501.98620622024,7965.689388692508,31757.99248239117,78580.7783139737,34295.52462149892,48441.60527795084,2072.744470843936,46158.78027402508,28039.89021890628,17150.60789041609,24170.88949016701,61232.9895404585
5942,29506.29151032592,22929.90519910135,93354.35700847246,44747.69399817398,76176.09519503466,48908.28656886575,16162.56580381666,21289.51139957561,42343.81159780694,148836.2653131713,136409.6451249765,53269.15372854585,69147.74173642363,41851.48204009185,160404.9963976866,84505.4195102004,59529.98285985799,47837.43047674983,196408.9419650833,50030.29224159688,7993.609229830102,32023.35957393169,79551.5590984178,35324.67722321019,48960.25730731522,2030.340462565744,47253.69958885261,28002.52235483278,17228.81676678986,24475.74702739849,61147.19520303016
5943,29503.15496141692,22896.23072273845,97946.51084923344,46030.40751227287,76625.37584655255,49219.42687889785,16162.55045075888,21585.24366081292,42214.22965935758,155564.5297615806,135179.6423097934,55960.39170069037,69147.72414484002,42614.48261993485,162142.7593747714,83798.45238505058,59540.50572314876,47360.29825091919,197806.2762899446,50032.2846827272,7854.434844700347,31675.76519214203,80657.8101280011,36089.76823147709,50508.29796714333,2021.80243560338,47763.18291122603,28346.58120790756,17091.95123256619,24931.64436711724,61146.15417496815
5944,30171.75488772761,23024.27260883666,99922.83818176738,47967.03334420214,78235.49775425128,49742.2747364032,16530.94144672167,23200.67025468552,42208.72556408318,157532.2369600252,128411.5261724383,58394.04948975127,69391.20678996967,44164.23994053456,162145.3041246019,82751.75843619047,59451.08477166166,47967.65588271691,197961.4730645612,50743.84872913692,7486.924297228792,31479.4415784776,80639.91213485519,37866.59019317423,53040.54049503296,2029.25863741887,48746.32515857262,29159.39966133713,16945.30959021978,26063.77237527804,61173.04722415306
5945,30817.12361089856,23165.44383428229,100650.3755228075,53111.41786555862,81145.27777893559,50027.30985761723,17090.87616252155,25416.19459560905,41859.02121163685,160060.8970160646,118182.7648520671,59497.07370954073,71031.65620053626,46326.23071358588,161278.8849738188,81291.10772846783,58677.00304099762,51106.31254449487,197806.2644362015,51562.36678061729,7486.293257126593,31327.80396173945,80657.81126538625,39087.80627140533,53557.88406972108,2119.831929962882,47116.12002182258,30715.24434293917,16994.19013766859,26144.23409692022,61516.09527875619
5946,31147.65301170294,22929.65719029386,101124.1580406532,57817.55441081052,83498.72051554872,49741.61402211093,16998.88787095085,25710.51571565515,39967.87549007101,160766.6788947647,117309.0784109999,59189.53512141499,68680.8728055912,47426.28821593475,157829.7919808874,81292.35343984274,54061.11481515326,51956.65243552698,181477.5931729609,51546.85856802817,7302.720349665297,30517.39504919574,77565.56318484739,38568.41677790225,51534.1925219952,2236.679217191421,46231.01369898948,29567.15697923248,17199.48843786489,26514.41175599143,61497.10217641346
5947,31147.68100191845,22486.36103552956,99254.63202479275,57284.9541717986,84609.05938001628,48915.8426366279,15978.36688765302,24827.52014175729,39420.22517617404,153350.7771846391,121979.5295067219,59902.08330605136,68202.47431302596,46349.0398952427,156965.4660037862,80371.64181960507,50750.10044549657,52349.8753124664,181607.5511079448,49726.10212571962,6557.677757060234,29497.45141476376,74285.759508024,39047.8542435635,50492.45225994225,2312.052889134915,46380.39084903576,29321.55020859058,17140.83178001497,25693.00632174051,61617.619610949
5948,31113.12289585944,22475.14278236209,95895.85397466434,56579.80882397346,82936.03615270379,47768.18666205525,16533.4191151112,23895.26196494007,38284.15660141742,155320.8890913588,121979.5265846952,62914.00540965315,69414.34607736583,42974.56039556516,158691.0713906273,83086.42792952861,55114.09315394676,51399.54487645415,184215.2923378865,51598.81495716426,7577.633511537874,28770.05059323259,74300.81173684377,39048.20846235008,51519.51585936203,2481.681396839845,47206.83008931419,28412.33355444412,17140.83178001497,26061.12183093182,61616.80356318883
5949,30814.83572538963,22397.41943525734,93847.45850833804,55673.31239182749,82640.2127136524,48906.01488902376,16492.02761451245,22483.26886242718,37512.07296516855,150288.2718915592,119402.0363232902,60541.57119901641,70752.09687149839,41369.92490592774,158615.9358629611,84448.18896316629,60774.59773422593,49357.80441056894,184215.4217029991,52481.10677522283,7941.762788959069,30286.04340056358,75378.39376673226,37093.40334825105,49630.84609708775,2490.470778896045,46225.35385077037,28070.64818920508,16818.22016639722,25386.22910390083,61528.97400427575
5950,29148.32770983964,21530.76289630243,91434.30279001436,53211.41911804436,81215.21698255755,50583.42818298461,14950.01899523188,20223.20858816288,36642.6854575893,149173.3616913516,114581.2093690782,58585.94594970589,71264.69642286631,38059.89353231621,156109.561918698,83757.6933317086,58077.68281029265,45929.04001887797,178757.2335295636,52481.10405622041,8221.21400690002,30436.33405152345,71105.26590584782,33612.61691760797,45896.79414618562,2323.037493294474,43987.56711686925,28074.96675660678,16583.59353727593,25077.89778977035,61647.11968993702
5951,26531.08670117525,20243.28924466358,84533.605027326,49141.67990980385,78414.64342165149,48745.32856052847,13415.97892985688,18975.99752489287,34329.32507461417,153237.209371108,112850.8922107136,56957.84900548992,67984.824022562,34782.08898718859,150101.249871568,80932.96079350167,55664.19557450726,42222.07695135639,173290.2983431173,49726.44776779498,8139.3130363602,28991.58575899633,64722.67424160176,31325.62970512087,43937.96804183324,2060.008464869979,41603.07480644173,26230.24014590697,16213.8549771212,24784.03127936547,61901.28487782816
5952,25542.59165110084,19437.92061928561,78267.09690807987,47558.51272557545,76611.01892778777,45514.74673765674,12392.99533421649,17282.74470479306,29687.05264134205,135352.8897117975,105999.8373266478,53466.02442655671,60897.65659750986,33791.22076023724,148630.25639285,76660.49190991069,51793.29190812387,39470.85402079135,164243.2666437455,47319.1865226602,7667.294777044107,27435.80751388258,61048.84463101067,26945.85524430159,41530.95198384891,1845.07646820379,37698.24428992145,26177.74352877984,16948.21970085022,24754.52191839695,61591.1823450099
5953,24066.53519073904,18576.68345840492,75752.60985863754,47314.91130983095,76451.82921754551,44119.01177527561,11840.28389637224,16550.61089567986,29700.76508935008,135087.7787427588,99696.27416055556,51294.73240782807,58072.80514644626,32856.67904054954,146430.9341354957,75689.13864298123,49996.87540430432,37918.75576417631,158919.5216763653,43723.70436508057,6888.411763548547,25871.37978155357,56933.47997651447,25680.12556973615,40269.5101584364,1758.378819591729,36529.19681247606,25823.95011129987,16717.95395350899,24642.19043005513,60614.13092221397
5954,23010.41938593479,18158.36354532521,74244.30847392004,46823.69366931471,76484.0415736079,43409.14378276723,11736.79745456719,15964.80788527894,28622.45913214235,133192.1133142867,96709.72286870042,50498.80627589706,55714.97520967796,31770.76027200925,144118.7485237631,73428.99491911154,49744.78163177238,36485.34714423959,152561.7807464394,41958.18760947633,6328.159072567073,24552.83964815005,53937.37717702427,25433.15444687189,40015.63072934651,1711.325030692648,35144.41571134175,25824.74861265225,17033.50331038768,24266.88061426759,59697.98147236613
5955,22379.23213474479,17842.11426248933,72765.56363424443,46265.22027216492,76223.57745815023,43153.69920608853,11349.86366510739,15673.04143334329,27909.00132902934,131160.4445795692,94075.16162224073,49174.323209267,52423.41554212866,31385.61134611638,140831.5553560986,70830.60724826666,49517.14833956498,35794.23651984284,148335.2682830127,40174.93797492953,5280.726632312678,23656.05113355953,51954.03190725749,24923.02167703038,39515.37338300791,1632.168246421982,34734.7864683595,25888.85816177914,17076.14511515642,24347.5073282663,59042.97243764278
5956,22379.23883621645,17694.5615326093,70176.08578795042,45650.87939299605,76012.95660277299,43153.69921836745,11453.49333346468,15384.96687212519,27307.89615614229,129945.0078559694,94574.37345555844,48962.46113656434,51447.1756504002,31385.818738821,139378.7219537081,70459.11789345392,47085.09404807873,35418.65713921921,138061.7714543682,38684.11512659803,5012.102471604346,22788.88285801626,50454.60167517822,25180.05541306052,39510.24929877508,1585.293039084982,34726.56378216004,25754.29572932556,16888.52117457152,24245.66378271319,58800.69008551531
5957,22786.04874190831,17755.82247918355,71243.12512798789,45650.92793363178,76610.41613534736,43420.86852075398,12579.6233649204,17030.42998346953,27564.06613501457,131445.075523919,98922.8712135581,51088.02465169032,51011.03708765724,34697.89417221519,141672.2486442849,69713.91500416292,46228.01611372289,34941.17645889959,136287.7557320333,38375.90496578552,4917.121671831866,21867.59238031801,50455.85791185394,26488.42751678723,41673.51197119396,1582.977660927033,35755.27168504079,26103.20126144165,17059.08839364646,24761.19399902332,58846.87577015098
5958,24530.19999229915,18439.79304646072,78058.2748725763,46909.49021872559,78841.30953540678,44184.90608821102,14083.93870494603,21778.43539730149,28053.17492032762,136886.5869024305,103347.4360794456,56402.86903880002,52736.28310894343,38082.55394767954,144299.4632616598,69715.00743589613,45064.65115200679,36226.2094361417,134934.6428637042,39565.0559704714,5053.869854023705,21479.08795056188,52921.4253823671,30128.12432942658,46365.53386948173,1583.000683047897,37063.57440391929,27327.76048633738,17494.03480507015,24701.16228442145,58803.14422408033
5959,27027.09939921777,19542.54724866457,82507.3139592908,50419.95224719329,80266.45050412681,43678.36878014376,14737.02113412662,22372.44373258613,29661.60105758195,145591.1167626109,117846.7794696428,55273.79484229857,53364.99791698996,40945.17591834818,143405.8561330602,70458.4722148252,46860.36305593897,39878.20375420358,138850.247585426,41950.63439241121,5012.686434076728,21226.99051582312,54981.92131629399,32597.70088871745,48617.5693166072,1733.080560186821,38881.60033038331,28076.95391477446,18108.07679532997,24878.64446901489,59207.02638357283
5960,30176.43576670874,20979.874592407,83946.85797921346,49735.71849769901,79170.31244653945,44228.85004104976,15116.17821923849,21518.91618016566,32751.05423531418,149676.9446383834,132339.0073918369,54766.17147250057,56544.50850970706,43675.75659399015,148725.7246589975,70460.29939959616,48590.05506288482,45437.45539677103,156080.5515405291,42550.21926780974,5296.222842368777,22585.11771873234,60594.50032941517,35496.52669764433,52622.4104148089,1981.510981298648,41735.09598606118,27268.23359247079,18056.90663080005,24111.44790432433,60220.94011940624
5961,32487.91000966797,22767.35421710249,90052.49232687506,49779.18407430347,79783.19531258773,46318.76759151736,16224.0456977225,21819.49420018132,38149.46118104857,153079.9977255471,138760.475730812,55377.05608193989,63551.0109202013,45445.250024496,153008.6672758075,75648.82148708208,52658.99308188824,49086.15899694577,190356.2978812838,48857.64623982291,6571.367754261503,25577.23041939786,69097.46894676346,36754.55044634778,54639.41732189928,2230.337012043441,43982.47258192892,28511.23280759521,17596.37513611758,23639.53055720577,60549.7276263067
5962,33333.95276112875,23650.4701691543,90995.415588506,47562.07103886133,79657.26296695259,48403.10959326947,16985.9502700394,22126.99027220968,40661.19044205876,157298.9645633614,137098.8519292827,53235.42689546926,68010.53927971383,46920.28130423313,157215.392277935,78239.64495183506,55884.42481313511,50231.32290555733,199091.9522853407,51780.32080349606,7382.74763672341,27616.13632522284,74103.65560086496,37485.87088139469,56187.96759297328,2276.11966625457,45471.64421115064,28837.25111330997,17229.65561470897,23880.87898466152,60787.90584447623
5963,34189.07550179316,24347.19614361002,95868.34469652791,47567.57488767668,80407.38305648247,49449.82593777671,17571.61392582232,23409.33406060246,41762.33110767598,158528.8290948,130554.6096682324,56165.59250372621,71255.04756331354,44842.66857503496,160837.1470774698,83083.22030482886,58077.30072448259,51651.94659573316,206921.2036494107,52632.02009475065,7762.12124258661,29619.05724410458,80167.98464669028,36355.6269511988,53132.20700703587,2336.560535253744,45616.18808881759,29501.6288841729,17007.91822911654,23876.4436257821,61310.50392159601
5964,34201.91363415071,23863.8323081675,91297.96685975985,48369.90380899188,79123.62689352622,49443.40379699007,15860.25746883056,21597.06142492066,42099.91122146742,149426.7919112952,138940.884144355,50231.43091026403,68948.09634090996,41733.77762184692,159093.568983378,85342.4109875583,58169.52642036387,51117.81829227077,194513.0522616962,51251.44888523938,7762.128384026167,30827.11792251499,76615.77371854727,34608.58105543054,48607.14445475805,2246.085204740361,46664.48308116136,28423.55986359659,17007.91822911654,24222.91688947641,61441.41918187214
5965,32919.28551647063,23435.31402345379,90385.4337107929,45635.74535921818,77591.46264865591,48926.58783043397,15839.84653021967,20940.77747725373,42434.72078715399,140189.8122897682,142195.1026268275,51747.03716528635,68551.02157819037,42124.60070696726,159965.3809127724,86334.62949829099,60220.28496573405,49470.7077298154,186839.4586469761,50295.25521550443,8161.266648039832,31942.54165535796,77234.43008433815,34474.96125627836,49112.56208448897,2106.994608112895,47032.67962364869,28368.93917070136,17229.65561470897,24464.66140501371,61557.80175824997
5966,32084.41543586027,23744.28754893532,93817.51430436019,45015.00128846134,77163.13189189846,48917.10977971028,16237.41621190698,21233.79663634968,42740.65971787865,149300.6546795277,140049.4170444243,53906.98733917101,69842.72239661882,43228.6154548736,163441.1857657155,85405.363364847,60229.5093279787,48837.38207371812,200167.1516144226,51781.05903033877,8190.035486570632,32235.95853633234,78157.21274246646,35484.81531396179,49623.53031282269,2066.23871334207,48205.71227303867,28336.07999649595,17297.88250273646,24701.596810547,61405.0519614171
5967,32080.39352851247,23707.5372559181,98514.94025812174,46284.08098794926,77574.3124883892,49211.11295503503,16237.40068019761,21527.43160138437,42614.18033744426,155830.8290289373,138806.0582163929,56719.75803037332,69842.70481228989,43988.41256118384,165197.1090044738,84627.70446134698,60239.76011090881,48374.57700500499,201536.5380196417,51782.99606164257,8046.629032583721,31851.6227893607,79208.76761663996,36235.55942898482,51148.63683618914,2058.032533253015,48751.54296884462,28638.62578203684,17178.48544819146,25055.92041379061,61403.19849614493
5968,32937.72017457076,23847.27444980575,100536.5735977041,48200.1226463487,79047.89227464003,49705.16314834644,16610.07835515085,23131.40179193181,42608.80802577422,157740.6040047811,131964.450339853,59263.31656081115,70086.0870458065,45531.66319399075,165199.6803478748,83476.34842283514,60152.65123780329,48963.69711741871,201688.630721805,52474.77149809431,7667.943081382661,31634.54740880536,79191.75455050291,37979.06264203328,53643.36433156334,2065.198935414538,49804.82419195811,29353.37209737579,17050.56003388526,25935.81077558123,61451.07936943263
5969,33765.25811038855,24001.34021299146,101280.7892548099,53289.82809550331,81710.91611544944,49974.49896892004,17176.52859496874,25331.21391137612,42267.47658435648,160194.8165528965,121624.6197878253,60416.15188389396,71725.85993927937,47684.57680458304,164324.2067985896,81869.64283872006,59398.58425318345,52008.10731103361,201536.5264029841,53270.52654665738,7667.29285236749,31466.88141720336,79208.76869778958,39177.37862535708,54153.04348990412,2152.251922381086,48058.31755469758,30721.49341490097,17093.201838654,25998.34565931849,62061.84835740133
5970,34189.08654868782,23744.01688707712,101765.432925937,57945.943655955,83864.78137757031,49704.53882519176,17083.46990732117,25623.44774285638,40421.6102388064,160879.8191647744,120741.4464031607,60094.72526311677,69376.04600132589,48780.01569301946,160839.0695164691,81871.01311253816,54902.04496292178,52832.91349764884,185534.4429750315,53255.44961776167,7478.137788506087,30570.81079272636,76269.41004022617,38667.72866026928,52159.33282014628,2264.557714590634,47110.06629928133,29711.93068975091,17272.2974194777,26286.04789088516,62028.03269297579
5971,34189.12243974407,23260.23019339748,99853.04925311994,57419.00436370988,84880.96089711148,48924.24967076076,16051.07391647337,24746.71426311201,39887.07222197118,153682.2526159962,125462.6116956896,60839.45117385357,68897.84479906158,47707.29022142437,159965.7110152997,80858.23675623715,51676.64056070431,53214.32881761529,185661.8016366282,51485.32844749517,6710.439650841642,29443.05724104327,73151.76906140162,39138.17577306708,51133.0258822608,2337.001843505671,47270.10025950491,29495.95806560845,17221.12725296018,25647.65124358909,62242.60412265205
5972,34144.80956444186,23247.98726832262,96417.27342053517,56721.35392479499,83349.81397096394,47839.80484048468,16612.58485423694,23821.06754466578,38778.20434126446,155594.3615019316,125462.6087419339,63987.3876643767,70109.2167906204,44346.97854291199,161709.3496125288,83844.4825297345,55927.79737297132,52292.53456661264,188217.3857406441,53305.96109870626,7761.410616776307,28638.76881540315,73166.07706578694,39138.52334958622,52144.87359145547,2500.037412332065,48155.49902675232,28696.44465562861,17221.12725296018,25933.75077140599,62241.15121639612
5973,33762.32441995162,23163.16469381256,94321.91983249105,55824.4925391076,83079.07705470869,48914.96322053642,16570.71171299567,22419.08812060543,38024.60657042651,150709.9120275507,122857.1307453605,61507.81748754583,71446.41589978572,42749.08014818194,161633.428890989,85342.41016254105,61441.94329735102,50312.1027587143,188217.5125183401,54163.71636415969,8136.612478951622,30315.0048495107,74190.38041606525,37220.37450249524,50284.18436689129,2508.485178114794,47104.0026682341,28395.98598028798,16939.69134108904,25409.2238614836,62084.77787426158
5974,31625.40864808722,22217.34800438115,91853.44410306225,53388.76644616239,81774.92431025198,50499.9871433627,15010.7599408591,20175.05591108849,37176.03465807623,149627.8264396378,117983.9567347471,59463.87880907486,71958.80405642456,39452.94600896065,159100.8624180097,84582.86978714209,58814.76011512802,46986.29608712552,182868.4929252149,54163.71372077279,8424.56135826496,30481.18149857534,70128.52798843663,33804.85935433421,46605.45218840805,2347.559509853841,44706.56856903632,28399.78348282358,16735.01067700656,25169.58863509042,62295.12659915863
5975,28269.39503279149,20812.2768923676,84794.55237304459,49362.28402852257,79211.84596846481,48763.12725044294,13458.86944648129,18936.68991266179,34918.06266397364,153572.0284075802,116234.8508891425,57762.25917731941,68680.28426701439,36188.9033932251,153029.7613021568,81475.68370988677,56463.67628222849,43390.64439079646,177510.9012670581,51485.6644772577,8340.169911144498,28883.72065546428,64061.50956773967,31560.75744703701,44675.64598408005,2094.753611557336,42151.96267755902,26777.63582827392,16412.46274494619,24941.19546020699,62747.64691665393
5976,27004.74457910707,19846.63660022164,79039.49394424845,47881.9514701876,77469.1952216798,45148.36107558991,12248.4642960003,17295.70961047828,29476.08667890639,134780.4769980469,105927.0496312065,54664.98008366474,61009.69321847791,35034.27286720548,151465.9399682313,76972.69211969862,51974.27603574077,41657.06177726125,168615.7204254805,48848.21714289005,8054.042876707571,27831.07438541598,61071.14869775576,26901.12819323048,41512.04651198093,1890.673083671349,38053.66011434347,25684.44633342837,16898.52993806551,24726.92345865891,62091.17557363579
5977,25326.28972185445,18948.49163555217,76508.77319669853,47632.10273242537,77293.02247118653,43715.85469122739,11709.2079466028,16560.07802213173,29488.04241690584,134535.8124614229,99245.4080035891,52598.88107193875,58505.80993291617,34140.71699875066,149087.2067215963,76018.6591410475,50205.81311202631,39968.33325050817,163513.2970646101,45164.67008450114,7283.296555739897,26022.48527309757,56681.72599634477,25653.97432799574,40248.33632861477,1805.70691592544,36829.15501716871,25319.14125523538,16706.1772712036,24635.79978972557,61316.45879010564
5978,24125.35821957277,18512.2448726172,74990.73411643776,47128.28748539802,77328.6713793901,42987.28482751339,11608.24075649436,15971.47632987905,28547.87888811309,132786.3484338381,96079.72775118606,51841.51532822266,56415.88376471071,33102.42296879697,146586.4032269611,73798.81624508556,49957.64210654175,38408.74253731451,157419.8635808531,43355.91015561853,6728.896610042962,24498.15961704553,53486.10112517454,25410.62774564803,39994.00036684096,1759.592861107532,35378.68226090771,25319.96573806789,16969.77166604095,24331.3472456874,60590.03197319555
5979,23407.62191608744,18182.44291577998,73502.44240026879,46555.49166265941,77040.41983627752,42725.11041990324,11230.7264000402,15678.31595974999,27925.82259570762,130911.3702262005,93287.14939018176,50581.1997504892,53498.32106175783,32734.16537717698,143031.0553692793,71246.76066067124,49733.55095807154,37656.79386293978,153369.0579805593,41528.98301265929,5692.406295322712,23461.40866331113,51370.67722407766,24907.98166846796,39492.8434445508,1682.016955437204,34949.62090483713,25386.16127110957,17005.39253002865,24396.75189848828,60070.6667885956
5980,23407.62953647183,18028.56690184966,70896.24671022114,45925.39559877992,76807.32904575739,42725.11043250571,11331.83333002445,15388.86511839657,27401.72537011085,129789.672908833,93816.30321613795,50379.60180085473,52633.00449911986,32734.3636743363,141459.7062390954,70881.8953662666,47339.34124456173,37248.15245675545,143522.6565211555,40001.6451267032,5426.5883483376,22458.90080098845,49771.39413438106,25161.24318538369,39487.71014605455,1636.077915642233,34941.0081484196,25247.22047266441,16848.66072881479,24314.13608287886,59878.55795975914
5981,23870.22163949992,18092.45314967515,71970.17492825817,45925.44538427284,77468.52812075951,42999.31846031169,12430.54909403734,17042.18945214103,27625.07725803976,131174.0492785263,98425.61748362135,52402.18772669157,52246.4213189566,35901.18263803473,143940.3287002545,70149.98025734122,46495.60008185294,36728.63944113765,141822.3911403651,39685.88590958873,5332.599776602465,21393.82384484998,49772.73402871501,26450.41366081584,41654.86285445446,1633.808779026499,36018.51620081632,25607.47862443983,16991.14418476564,24732.33587217778,59915.17918993322
5982,25853.53272319931,18805.73486682021,78829.32373958919,47216.2843449776,79937.42278579519,43783.48502686938,13898.24370475293,21812.87852643169,28051.52602101808,136195.8892453351,103115.5612524142,57459.5428134174,53775.6396693777,39137.40263910621,146781.8598744601,70151.05320982508,45350.33794627965,38126.79309361323,140525.5306123797,40904.16303997491,5467.919402909823,20944.68524469337,52402.49317171272,30036.69439625354,46355.32207024439,1633.831341361406,37388.88257072202,26871.8823168229,17354.47699976482,24683.63794991543,59880.50387815304
5983,28692.80957348077,19955.74694126982,83307.08612293735,50816.77453135173,81514.60389830508,43263.60270874918,14535.42763564676,22409.72474461934,29453.89571293674,144229.090483645,118484.5539659623,56385.16909425148,54332.91799941521,41874.47965468699,145815.3562258374,70881.26120079223,47118.10723420635,42100.27026116147,144278.3536958417,43348.17193601903,5427.166210377688,20653.24277899819,54600.20549804625,32470.02752678178,48611.40718689511,1780.913900351335,39293.15254837572,27645.45285385073,17867.41744251617,24827.61207568548,60200.74729649013
5984,32273.98621887937,21454.67008927229,84755.92393621537,50114.99314751625,80301.52513692284,43828.58670784204,14905.35460217219,21552.11945270538,32147.55717534578,147999.802753968,133846.0044361856,55902.13865264244,57151.16298230558,44485.30626157678,151569.1961135844,70883.05580486557,48820.88394396434,48148.8994611433,160792.3501314527,43962.44256989568,5707.740622407457,22223.33388743713,60586.54785211719,35326.3102583111,52623.44989596389,2024.382796812716,42282.01317427508,26810.41854857812,17824.67240672712,24205.25972551509,61004.69268756707
5985,34902.41221388378,23318.75108495048,90900.97667132803,50159.57342804348,80979.79297268673,45973.56431070199,15986.25239287767,21854.13348830088,36854.37094191668,151140.3985946343,140652.6230158042,56483.42761651942,63361.56539807816,46177.19567187413,156201.5222595005,75979.06088401513,52826.50625382397,52118.79623090049,193643.166598419,50424.35867752627,6969.564583789254,25682.42780492795,69655.76203161819,36565.87128961211,54644.08383806141,2268.239401994862,44636.00148527576,28093.86222796926,17439.96707300326,23822.43883764546,61265.3925789627
5986,35864.46522727907,24239.71244331025,91849.98750917906,47885.60103880903,80840.42562493011,48112.81947388213,16729.60932404477,22163.09862699666,39044.321048024,155033.9816106408,138891.3374588578,54445.55435604417,67314.38865774623,47587.53704925414,160751.4132945916,78523.68714038286,56001.74786263464,53364.76822528831,202015.6576506502,53418.61892408346,7772.468291379548,28039.54724618646,74995.33001449585,37286.45888870354,56195.41875306674,2313.107708573304,46195.81687834664,28430.48845326708,17133.62764237684,24018.22146748242,61454.24718659342
5987,36836.84328744046,24966.29619298489,96754.37657642299,47891.24603752612,81670.57173909545,49187.11214873584,17301.01570966997,23451.56883028412,40004.39391691977,156168.9940048315,131954.581157619,57233.76166081651,70190.24609729864,45601.04141461118,164668.6148433897,83280.89626157605,58160.5009899183,54910.44855909215,209519.4271405358,54291.17906523699,8147.878726483321,30355.06549727966,81463.50618291613,36172.80238326854,53134.16321786588,2372.341483609944,46347.21767120009,29116.48361751713,16948.3991489766,24014.62348992424,61868.62200038451
5988,36851.44179785807,24462.21808926947,92154.49207186092,48714.15122322908,80249.85896911517,49180.52081304093,15631.32014643963,21630.63803743031,40298.72643814057,147768.9428190505,140843.8520610504,51587.09354896434,68145.41765005147,42628.49594437195,162782.8033545767,85499.80311016094,58251.29158521343,54329.30126435176,197627.1141364722,52876.79323468262,8147.885793318994,31751.66908902273,77674.73979227417,34451.39607872097,48600.96357878446,2283.673079883506,47445.24199119843,28003.33659894275,16948.3991489766,24295.68372905388,61972.42641332509
5989,35392.93837879429,24015.33590957944,91236.06754729249,45909.87344253507,78554.23687887176,48650.08903939738,15611.4060873313,20971.218684275,40590.64334785014,139244.3565029829,144293.2537890782,53029.2729327862,67793.4597228063,43002.17884571275,163725.7338479727,86474.32928255887,60270.13879868911,52537.19655598043,190272.531307753,51897.17931225576,8542.854412759445,33041.17781937364,78334.59487787585,34319.7372795846,49107.29006382461,2147.360329144332,47830.90515008314,27946.93866867266,17133.62764237684,24491.78766683167,62064.70767214807
5990,34443.59004449564,24337.55031082939,94690.30588482157,45273.20997291607,78080.2099620317,48640.36128410079,15999.29741813859,21265.63774638991,40857.38825710575,147652.533801825,142018.873136516,55084.57958023255,68938.39358755562,44057.77522634524,167485.0794985996,85561.63297789556,60279.21962297998,51848.1196256908,203046.1582114238,53419.37523247147,8571.32271425265,33380.38848748844,79318.82920171185,35314.7707505311,49619.17712870029,2107.418390150951,49059.58446896693,27913.01032911235,17190.62102508926,24683.99043892268,61943.59037112761
5991,34439.01664902965,24299.22510596972,99418.05873759554,46574.8360741753,78535.25706603723,48942.11013830805,15999.28226452983,21560.6755564648,40747.11222660264,153679.0746389163,140700.9394719295,57761.07942234384,68938.37800121144,44784.25019142799,169384.2431944184,84797.8405808969,60289.31089608531,51344.57410688698,204358.6157440178,53421.35970789046,8429.414372565509,32936.06917948631,80440.41118143611,36054.49696827566,51147.02613883284,2099.376099671776,49631.3084426326,28225.40028998612,17090.88260492745,24971.41889904415,61942.12073440169
5992,35413.90081638451,24444.95065378383,101452.7438784693,48540.01590856945,80166.0446566421,49449.17636161649,16362.88755426486,23172.30873641876,40742.42816503016,155441.5600283942,133448.9820022843,60181.40967763666,69154.10640925761,46259.81905089202,169387.0242966496,83667.01447642341,60203.55750198871,51985.55410623751,204504.3855660683,54130.07894562493,8054.684408458997,32685.11468557678,80422.2651494334,37772.4125824048,53646.23971897308,2106.399378133631,50734.55553168945,28963.40288051721,16984.02001296431,25685.18882419173,61980.08610171048
5993,36354.9116145715,24605.61881316948,102201.7642420886,53760.25027447567,83113.17128907655,49725.60798574869,16915.54825119369,25382.63048819102,40444.82490103432,157706.4937579901,122488.9835984343,61278.39336346026,70607.56334715708,48318.31312396973,168440.1334845955,82088.95820542924,59461.22436183895,55297.96188659782,204358.6046102941,54945.32458998263,8054.040972137311,32491.28094007928,80440.41233458357,38953.14211763355,54156.83539581618,2191.713787599097,48905.19759641696,30376.03986069603,17019.64087695204,25735.9173254034,62464.37277772302
5994,36836.85584909682,24337.26804991903,102689.5368054677,58535.77504759151,85496.8201244329,49448.53559031746,16824.75496423678,25676.26047077685,38835.43360952564,158338.6661921562,121552.8387711528,60972.53896073504,68524.742375737,49365.70975343537,164670.6941064658,82090.30404577056,55034.65457529706,56195.37526261521,189021.7684534779,54929.87837869595,7866.861938781214,31455.35991809334,77305.3104171868,38450.97175957961,52159.53958295951,2301.776666263914,47911.96291770495,29333.62818192996,17169.24850636457,25969.30231199677,62437.55989749432
5995,36836.89666157203,23832.74896662947,100764.8066545816,57995.32204307015,86621.41002839108,48647.68927959359,15817.49139949386,24795.3383849055,38369.3755813543,151696.2051470212,126557.1726246008,61681.18499033774,68100.87584037129,48340.03040687287,163726.0908788051,81095.58659661486,51859.43987025558,56610.36634235056,189143.8324918796,53116.40125825421,7107.183649530699,30151.59704506116,73980.05366931872,38914.5146051843,51131.38711287551,2372.773978280343,48079.58861622917,29110.6282829723,17126.50346891516,25451.43287400489,62607.6963754297
5996,36786.50755872457,23819.98137831783,97306.8492213225,57279.77988979717,84926.91378879004,47534.67414081025,16365.33303567594,23865.26937666896,37402.56543556807,153460.8444459853,126557.1694936833,64676.61278906101,69174.6080825109,45127.09067725293,165611.9678063341,84028.5843506448,56044.44551310369,55607.42710133878,191593.1744706744,54981.62704796861,8147.175524308687,29221.7827367896,73995.31449904668,38914.85708068121,52145.05435330242,2532.553484543982,49006.98919186347,28285.10046272795,17126.50346891516,25683.51774210033,62606.54434715862
5997,36351.57565345094,23731.52378307356,95197.96788908723,56359.9178911432,84627.29349848258,48638.15817261906,16324.4792451851,22456.59197683698,36745.51153098243,148953.1035115143,123795.4187531828,62317.17083115471,70359.87058459622,43599.27072258819,165529.8538078825,85499.80229985448,61472.78721586725,53452.65908002752,191593.2959778994,55860.39149357101,8518.457796333096,31159.63015429185,75087.8301705148,37024.85892640201,50281.01918830987,2540.832535891561,47905.61163833609,27974.8655220361,16891.40576626418,25258.01980566281,62482.55388993
5998,33921.64376863248,22745.17468470847,92713.55551373836,53861.72596562836,83184.00815230916,50264.94044146934,14802.50260370376,20201.83887291015,36005.65067960079,147954.4727497837,118629.9589219739,60372.25524762582,70814.03964918353,40447.69392160862,162790.6917553704,84753.80535783761,58886.48496263762,49834.08366004955,186466.6487217013,55860.38878543903,8803.39858398936,31351.74211447325,70755.48328209617,33659.46977230839,46595.67181661821,2383.120792343987,45394.44735181519,27978.78658696316,16720.42561812696,25063.62693010352,62649.3421303131
5999,30105.45007627316,21279.89008996684,85609.09110226846,49731.98170041324,80347.48963289516,48482.32199856234,13288.39099796802,18957.55656407867,34036.94884344686,151594.481876292,116775.9442764215,58753.074313335,67908.03519397702,37326.80121801513,156224.3370432889,81702.02379758444,56571.98574701206,45921.90892112443,181331.7857629978,53116.74551846445,8719.888741994835,29504.96438962147,64284.43864293134,31448.30223479509,44662.39538388619,2135.36380347879,42718.65531108283,26303.85781071081,16450.98495819817,24878.35364331697,63008.15137686106
6000,24291.42183415497,20700.19161141259,80594.5184074728,49251.86288816327,77267.88034281706,44720.10848164879,11844.2676556922,16905.25642383661,29954.22564432472,162922.514924765,143214.3054129608,59605.07180608391,58931.95096624022,35713.9870121415,154290.9355679413,72381.91510837384,52072.35436571634,45015.72253611139,202776.5801241424,48041.6643281006,7792.907485976309,28039.64551748246,59694.23387719675,26614.386854303,42793.94519005754,1996.839945164314,38806.38402876512,27336.80063075801,17385.90644539217,24369.71264844535,62708.60536200956
6001,22932.65798254098,19337.36046458482,78680.99046050613,48245.37511967692,76612.88747288023,43047.17192503547,11340.98732513395,16029.87027791188,29376.87568636215,161995.2495495144,134756.5380053581,59173.83313167939,55861.59435934424,34264.75331269593,150452.7785159028,72066.50586612438,49266.36952087202,41601.10768295982,193221.9389461148,46224.94963366213,7128.136250529858,26072.36597897997,55730.39342016936,25332.16624401653,41062.62639704318,1850.268663515835,37524.79747196849,26015.48067342127,17284.87444789741,24935.16588655585,61878.09122693742
6002,22392.93955036241,18941.99487928485,74971.00366686907,46747.65166976288,76484.86734673993,42676.92958491693,10722.06538207049,15703.3250164433,28019.75417968416,156869.594680057,128438.2343892918,58330.58398871979,54538.11356206121,34050.89602649427,147878.6559570659,72362.68316826467,47917.66818671018,41114.44232607213,183004.2139720145,43925.46542561751,6618.577199209381,24733.08668629641,53098.62919569699,24924.94196042392,40209.78008759857,1776.29845829019,36381.09196736496,25926.33320946493,17126.07821017118,24737.07868622261,60707.00996156593
6003,22199.28736400301,18608.17707463733,72561.80035721118,46776.00739111262,76452.94807038532,42799.37844319778,10865.0595330678,15387.51180973508,27125.16833127088,153641.6037016573,123403.3345986579,57635.70571467467,52874.84267508456,33847.19824516852,145694.3672478119,71863.6616233916,46617.90993228171,39953.07360627937,172312.3210141851,42583.85597216245,6202.039815042638,23778.72343476539,50411.09349685949,24310.35239375352,39520.61614882739,1704.423952648778,36392.77009811765,25845.35309678793,17156.98008510667,24935.11489051023,60370.8413838227
6004,21649.23599758398,18219.46682739176,71333.67953155152,46497.4318019476,77150.16091623624,42792.98219149713,10998.38806589471,15686.40035898471,27108.45452720411,152306.030691815,119192.384612132,57632.47927279855,52419.96889226816,34882.06920158317,142640.6554924464,71704.46055619372,46486.05887700064,39538.36678808014,167000.0226496321,41915.63421380668,5906.171120635498,23101.66126686398,49092.30635639331,24316.31468443421,39037.64023425188,1635.359915344569,35822.96984952645,25534.98709040031,17137.90397159948,25123.68691096005,60367.08524931627
6005,22172.12349551229,18409.77174709759,71247.21515239732,46497.56417051994,78049.74778747957,43443.52123298628,11424.43578939427,16883.24420818064,28280.65627843971,152190.1346632477,116352.3054291007,57633.56661545394,52272.69375746825,37096.54560760116,146196.9185179596,71531.93519850708,47130.69995563925,38221.58797729401,160455.0203264609,41357.49932021833,5740.900712207349,22404.63040108862,49058.05436448035,24925.7501186634,40043.83919341525,1623.220766339574,36408.09208859844,26325.4439405771,17408.73757658941,25406.63783567274,60132.6505392809
6006,23285.93714931345,18988.21228282632,74072.59343912998,46594.83258499223,79412.13319711741,44998.76487059984,13182.24126254274,20603.2090734347,30147.81176865619,153974.2340468494,119189.7464537064,59573.1650682827,53784.50432569483,39035.78926298684,153072.3192026006,72715.92868908586,47076.05090466585,39517.92095584447,156403.860793691,42679.82066729017,5950.70124945564,24323.2678928094,53625.23077996634,28765.82286734807,42762.5422710047,1635.941028453633,38758.87326977763,27582.21059669758,17581.43518236478,25500.75780217189,60326.22812757298
6007,24614.13265029612,20753.67059700243,88566.44503273598,47674.4034800313,80512.03120499972,44327.2882712479,14102.23403927477,21702.08805251106,30925.68165105332,149117.3841321661,110990.9423595597,63149.58165053443,57662.38805530097,40386.56163846535,156576.8265927322,73922.52959625777,50642.94308670217,47780.03898544149,151671.2696240049,45495.89175038946,6258.55857637766,26625.83596281093,54404.54231299706,32128.18583573656,47157.36399584627,1791.489502740666,42578.96530461666,28550.78464950703,17731.45371359193,24972.98616550611,60238.86386793254
6008,26207.09403840395,21539.99058212839,86061.90301229092,49252.82613566757,80252.05302453176,42870.93913598186,14482.98979968784,21001.08076498858,32295.00979953748,130724.4026730837,105067.1903594798,60494.33606965686,61805.80899314138,42565.12966872975,156835.8246594206,80080.46069878794,53036.68332907146,46669.88172013245,147167.1701781062,46769.31229457047,6559.48446105429,28590.38516056149,60563.07730492915,36035.30728286201,51552.99607092559,1996.3019699182,43662.87127238335,28333.23977261787,17282.06905807456,24191.65110804051,60806.05110549376
6009,27398.25187502109,22807.39500776826,86781.76511385126,52006.27588843048,80873.38953439871,43996.95788894879,14523.8092264197,21072.82572788433,34804.89585170971,129791.5999351943,109363.1766149066,57608.99491725676,64992.82567437906,44447.66531117314,156835.8246409789,81551.52232931576,54265.71276448692,47126.19260029398,151882.1527541382,49055.31192077581,7332.382451289565,30693.59802523559,68831.43259538223,37237.77567237555,54180.34315790023,2215.024981359006,44399.81186868429,28884.6962644069,16920.43619105771,23365.35097162386,60945.56872186244
6010,28123.13426528204,23694.59116884564,87592.74022710226,50361.24295670199,81306.51218419439,45130.21155978051,14640.27587282637,22025.77061076686,37474.81892738605,133058.9353323449,116929.0154040142,56721.15323132294,66813.185748573,45688.92788826241,155417.2582459832,80807.95815086176,55464.06138336067,47123.2964629782,164071.01358004,50601.59756246673,8047.356433989445,33170.97957596499,75307.29326787412,36003.63484400226,55229.74085223168,2344.09228795629,44629.98730767345,28306.16914289994,16632.16627770753,22954.96809419944,61613.72138456508
6011,28476.0953278309,23967.89583754965,91692.51180896362,49251.86260827766,82611.34664442879,44832.64781181486,15059.2669196365,23125.59089366587,38152.90502789556,133627.1464564768,116083.8173171226,56839.03827448309,68611.75105250812,44119.0441141571,153283.2013041281,81447.5766381754,56270.25910778023,50386.3913195589,174951.7687264539,52126.76962552834,7997.243484356897,34591.40104263221,84318.60063467406,34745.6432628934,53624.04398987898,2380.809624379982,44965.66700860801,28550.89728304892,16640.62016382799,23048.33216199819,61422.14841031007
6012,28132.73596099098,23240.79476237425,84147.85414247877,49252.27946771658,81547.60282933975,44060.0425273278,14297.77659164914,21709.75842343802,37700.58533148241,130391.8694746047,110997.4467090743,52804.7194992749,64967.44771083671,42782.43161235152,143281.370936765,84425.96741306513,55315.96553118539,48167.46410327887,180252.2274597326,52151.00268220656,7773.483837892049,34628.95504435022,78359.3894388562,33339.50639405933,49207.56947336236,2342.425495549126,44474.19775040535,28201.96489143434,16948.28642182243,23427.29062293053,61464.25977116688
6013,27778.65255368532,22243.75401804598,73009.9613049182,46984.18098788117,80832.18604540802,43700.05517348327,14409.42200938558,20758.69171606779,37660.81568944372,133795.5017100452,106692.8162734576,51820.59917311794,62566.1699865454,41907.99773387436,144714.0382728741,83119.19604334547,56283.76563511722,45015.67395134201,182731.250643045,50849.72490736039,7829.586160986679,32936.88130503205,75482.15665775909,33016.07085574191,48684.37661785748,2167.165491873704,44195.52452548163,28032.05599949803,17106.18732877994,23050.51896117936,60618.08853529092
6014,27255.44468148912,21968.93261990228,76161.6676774786,46020.63073118277,81078.047932209,43342.34383702136,13775.28467497158,20898.669242679,37167.03164727015,134091.4105977363,101671.2851965568,52371.77135215851,63096.89065639742,39362.59658912855,150447.9989573231,80981.22878221693,56324.38158139326,44382.7954554022,188201.3856464292,51105.02700767963,7997.627148018257,32633.28637353337,76943.77883456687,33150.2499489692,48655.4359590496,2146.405285039795,44750.01792097367,27888.96436727038,17164.67954605384,23050.32180719386,60197.01138408452
6015,26911.16677609479,21904.34863813327,79972.81732424247,45498.7360748979,81421.7933421911,43456.10364160633,14296.76934861153,21389.95945994181,36487.87608895663,135328.5739873453,100738.1783827333,54062.83150964294,63054.29702052284,39024.47209315806,156890.1512162617,80845.57494835372,57617.72115071776,43749.73968407323,185551.5058874158,52126.2390241795,8048.804736991655,31472.20063849785,78248.88604322073,33542.12407267338,50255.05022794386,2102.90128794883,45889.99144740786,27474.75417911765,17125.70162452782,23616.3643060242,60467.92738378247
6016,27779.49970417991,22736.29633037835,84238.93138272381,46498.5792781071,81698.83137938891,44576.13889247405,15196.81320436293,22736.95867328611,36584.33500369103,138462.8183877338,106753.5986106103,56720.26754676598,64381.29371887568,41835.58378511262,158252.3916907427,79291.84482852746,58162.85297472957,45435.97630199823,188202.1074737883,52388.45372184194,8097.504281902236,33023.75627777819,79576.15612931493,35576.77857504739,53396.06092943617,2146.898841359654,46944.02151527282,29221.81887061357,17112.54455962036,24642.80460599705,59461.39260460395
6017,28792.27154068508,23770.05138508612,91457.01208240404,49748.50269316939,83323.81621670623,46402.75791489854,16059.57339345889,25506.8922009445,38136.07997018674,143221.2586821835,112691.9037500226,58755.35260227585,67701.61523067819,46525.07664490999,164622.400873422,80620.29770572121,60295.95236128815,50096.45254776569,189415.630181538,54925.35779709687,8461.76254253932,34926.96360391661,82225.3268403064,37442.64740864946,55748.65883402626,2216.502835156786,48312.41694489625,29677.37625825626,17281.14768492701,25972.58998183122,59419.3603784208
6018,29539.83185999402,25065.47398472567,103244.5284611685,54878.8392596686,84349.04279161914,47761.76422891368,16872.16283808958,24863.37180488436,39411.51551424384,146093.9841312704,116927.0853184092,60207.66659747556,70137.45987899775,48768.65813776507,172445.9106371607,86484.829586249,59743.71133465329,52690.38874606206,197477.9852642923,55698.37285384313,8611.499427770492,35993.96614883149,79738.5970419479,38884.82825602914,54478.33217132192,2285.327022496603,49292.42941790033,29993.58531068346,16961.39567979498,25788.81894604462,59885.59949113363
6019,29870.98649144218,25663.6262363502,102775.8878505733,58781.66386545312,84069.06027035475,48401.05193197741,16505.45684611025,24835.52320052151,39313.86513830793,145568.9061476948,115295.4199647993,64708.90340181608,69056.28844105694,49436.32923923498,164771.6502563422,85202.6467782455,61954.13615032136,57672.08004179115,202779.7129921023,56467.83779585086,9026.972034627323,36942.52645285059,75635.13703066662,37879.19353547999,53907.25690096717,2307.521185621214,51857.2841502891,29965.87402704782,17336.3054116011,26330.66053929181,61107.40367925845
6020,29870.98649346294,25113.83881928975,99188.77489776118,56513.38188020964,84151.86510419793,47541.01915240282,16076.32630643273,23914.64462433684,38541.70546472527,145044.9939246748,115113.1427863936,66070.26453290906,67262.09500263957,49851.70969876771,160253.0438582254,83612.08347473574,60659.45533982472,58514.03221657713,201453.1266857563,56466.73813214707,9018.546550323761,37075.56801401467,76925.5800847252,36416.79951899921,52087.8284939502,2494.444156499033,50664.26259098398,29526.22824858866,17114.28953488674,25606.42433553156,63051.81201529185
6021,29520.75788139169,25105.97156937544,99233.75571781107,56012.73943503358,83095.63430547186,46863.84239033189,15176.14347406474,22496.52635590761,37659.22405432114,146013.0609193707,112142.5438335569,63864.73911040134,66647.15071830554,48640.42697905503,158963.7039652453,81570.79212835632,59276.3341622193,56855.41422616636,204101.5718196085,55877.60018997044,8816.48960021407,35637.23887880254,78772.59558924352,34773.66451733767,50251.23139825901,2517.50215184633,48520.13960764143,28745.82688804748,16996.2640166435,25218.49635757942,63266.28118780003
6022,28274.57716633433,24345.0348732604,96632.35341622643,54670.05652137115,82204.88329520711,49122.90203213429,14094.92541864645,20286.09171177967,35924.10719045704,146031.1302079822,105909.6750188176,61448.2446362138,64967.02701821758,44839.65936902753,155356.3896642122,78586.12644751793,55595.30946971567,53291.35030722192,208123.6292196064,54656.63209372408,8611.895841044183,33861.07034612891,70756.93209640945,31519.98754936086,47116.36326681327,2455.44874449346,45195.79880940428,29031.14275576097,16911.26129793519,25303.64688991751,62644.71154329373
6023,26219.04964166399,22597.8142271076,91062.8782041963,51547.52051434246,80445.50681084274,47259.95615598557,12630.93863752193,18872.4863392883,33704.2995636808,136305.7727730598,94136.59520368371,58801.88205852136,62093.71028273302,39365.83907297267,150291.9011747552,75604.29920651013,53525.46192056251,48829.17248267603,211779.6944641105,51177.07934309223,8202.395175034953,30463.02404606201,63677.77797555538,29282.48150044059,44757.00354995028,2197.138794857969,43137.40163530666,29078.94417875159,17304.28826863937,25226.02920714031,62861.34811787982
6024,26268.03597259375,20367.00031660697,78964.74363613244,49008.47716086467,75885.02723963578,44299.58340371437,11550.26152951772,16822.41670842322,30283.71750574603,166445.5234815195,139194.8564344773,61024.78269266498,59145.59293471504,36549.61865613396,154334.6882371924,71394.97554606429,53393.90900075073,47417.09593141932,205547.8041790058,47348.26568249797,8217.058545393718,29032.55881814616,61110.14940840394,25891.7102640876,42657.65285902269,1976.4804973445,38970.85283950617,27549.28901894493,17654.08348026664,24354.31707408173,61618.86738701253
6025,24288.47265734888,19135.59844562975,77369.93856898574,48081.17583775999,75113.62156232349,42712.83984583966,11038.39932099177,15995.73021285309,29622.00890167895,165466.1212223703,131725.3347123678,60547.38705359369,55647.31053627475,35041.99694137863,150917.3572724819,71127.03815801958,50477.19259040819,44169.26887861729,196312.9883703346,45676.43984768632,7532.74060293206,27327.75082467492,57162.55802555498,24638.33615628142,40926.04481384904,1832.253335902791,37709.35233295032,26197.9019994337,17510.27631235863,24967.04567612516,60894.24274714023
6026,23502.16471455724,18778.36129076165,74277.89815906179,46701.28729839031,74962.84823844841,42361.67312304123,10408.9235925638,15687.3513801457,28066.59356761997,160052.2687344467,126145.2916782373,59613.88204257997,54139.371827328,34819.52358276185,148625.4685852793,71378.63818142931,49075.26794308566,43706.37482475277,186437.2843683389,43560.34692593084,7008.198650799981,26167.15620709678,54541.58226054942,24240.27331980047,40073.05601901258,1759.466139045626,36583.57189638389,26106.72595615665,17284.24854107723,24752.39716911783,59872.47285263106
6027,23220.0356576364,18476.73634612686,72269.97888507396,46727.41210462096,74925.25590404935,42477.81317406601,10554.35606327966,15389.1075544651,27041.29661417303,156642.7791307788,121698.6934753855,58844.62854700109,52244.28535604318,34607.61904418281,146680.6712930379,70954.72375090164,47724.21779855785,42601.73347905617,176103.2843497253,42325.73515591539,6579.413543243532,25340.12269811012,51865.0636466329,23639.51035934521,39383.77694133214,1688.741125167748,36595.06699812478,26023.90311487392,17328.23372624343,24966.9904164969,59579.16534069759
6028,22418.67381306711,18125.51269905925,71246.4174999711,46470.75373230322,75746.38537319361,42471.74646989816,10689.95809882236,15671.36827848445,27022.14069702932,155232.1115290204,117979.770870964,58841.0567679079,51726.01430428174,35684.18380144538,143961.7768868362,70819.48383905018,47587.16355274971,42207.28312929397,170968.8061413579,41710.80623921631,6274.845226505923,24753.39316968023,50551.68264455779,23645.33851458033,38900.72033576735,1620.781631697677,36034.19711507126,25706.47462981933,17301.08112185884,25171.32821613672,59575.88810856018
6029,23180.46101226991,18297.46491392269,71174.35488378536,46470.875686644,76805.85708893852,43088.76845387497,11123.27073880975,16801.62908058027,28365.61699558545,155109.6990727432,115471.5400190381,58842.26049260299,51558.21294510375,37987.87900105564,147128.1214607996,70672.92505916054,48257.24386922067,40954.82274118307,164642.8866436369,41197.18440455647,6104.715263272197,24149.35913770196,50517.57106272518,24241.06329666113,39907.08740101429,1608.836624574744,36610.14885010773,26514.91858079527,17686.58091077405,25477.9355761466,59371.34352568176
6030,24803.15994296682,18820.12156115549,73529.12979858615,46560.49141001445,78410.3811806031,44563.88286461191,12911.05010751017,20314.64414532328,30505.58918397422,156994.1121150979,117977.4409674899,60989.46086652233,53280.72957028155,40005.25262835915,153249.6843191869,71678.71715664364,48200.43822250571,42187.83597934942,160727.3327887514,42414.04635691766,6320.684704068893,25812.01483479173,55066.02513326173,27994.74477446724,42626.24469347093,1621.353451042189,38924.08670715901,27800.28336788209,17932.39564478774,25579.92454996541,59540.240217839
6031,26738.18867227512,20415.32187358531,85608.8425619124,47555.12597061173,79705.76561406524,43927.00206714629,13846.73049462882,21352.39007778687,31397.11638845047,151864.1785429485,110736.6240562211,64948.6736672452,57699.08682689803,41410.44612181861,156369.9478878683,72703.71405646302,51908.08938120091,50046.38858454349,156153.1570624771,45005.52668335753,6637.594162989034,27807.37765660935,55842.14201427619,31281.46365249475,47021.80066302751,1774.414232531507,42684.30720220311,28790.89763593593,18145.92938305327,25008.02796270206,59464.01479011146
6032,29058.95097600741,21125.81040558335,83521.46447505496,49009.36462389513,79399.58114459207,42545.68691848467,14233.97885821545,20690.38136244569,32966.52191996,132437.0241658673,105505.0313546753,62009.22798157114,62419.99009384125,43676.7862371188,156600.5486947385,77934.82257948654,54396.29292935763,48990.45725577076,151799.8246880008,46177.38782966686,6947.368369896569,29509.81958737944,61975.43116369778,35100.68541401927,51418.16711820728,1975.951125957414,43751.22532813482,28568.40245514589,17506.28316983644,24161.36849517796,59958.88637676094
6033,30794.33152298979,22270.98835712234,84121.42421383737,51546.18392640791,80131.34866944927,43613.69095919577,14275.49433308915,20758.13499577333,35843.13630789766,131451.7731975749,109299.0541867468,58815.05880068591,66051.19186840657,45635.16714865451,156600.5486783187,79184.47654690177,55673.82310905799,49424.47950566185,156356.9812383568,48281.07160850101,7742.992389421624,31332.424882404,70209.89177047097,36276.10151073525,54045.95315716541,2191.176091771283,44476.61600159744,29132.40751742541,16991.54130866679,23265.98459191003,60080.61567461114
6034,31850.40214624281,23072.62472654155,84797.3209113446,50030.57562802136,80641.45081919809,44688.5571605001,14393.9469552753,21658.06546573695,38903.17129535467,134902.8194188391,115980.8644633475,57832.18835281672,68125.26156834744,46926.43881563886,155337.5178014187,78552.82529154311,56919.46172624524,49421.72483096872,168137.8406706908,49704.03598022711,8478.989223620089,33479.27782724617,76659.20577904495,35069.72551953667,55095.5261748113,2318.179219915424,44703.18394688494,28540.71582450982,16581.22298516617,22821.29118520665,60663.57972319842
6035,32364.62599043881,23319.57232615602,88214.22240121366,49008.47690299931,82178.19534998147,44406.32448510365,14820.08258893881,22696.7003352279,39680.33495634956,135502.9790640736,115234.4233323408,57962.69103927933,70174.4988885565,45293.30616878648,153437.44472755,79096.17559292837,57757.47414000294,52525.43292304839,178654.3810372152,51107.5706493555,8427.402769882812,34710.18874919673,85633.57285941423,33840.03535315587,53489.5610480081,2354.309334549955,45033.60260688399,28791.01283249042,16593.2560979517,22922.46106255066,60496.43205933985
6036,31864.39071722737,22662.59172628885,81926.22525151406,49008.86096559936,80925.3908450338,43673.52535228922,14045.60741598224,21359.63372916383,39161.92522793841,132085.7937904803,110742.368406668,53496.56519245627,66022.27689384988,43902.84303457528,144532.2425290057,81626.29246302748,56765.52162099595,50414.88981609105,183777.4159258365,51129.87104156078,8197.06377097603,34742.7323511926,79698.79041289026,32465.53276811747,49072.34866923548,2316.539084584042,44549.83604824516,28434.14037166315,17031.182837204,23333.10277852264,60533.17427528389
6037,31348.53174526057,21761.7040111349,72643.49281855658,46919.20743265478,80082.82202619649,43332.0852585982,14159.15659846466,20461.47694769137,39116.34470272187,135680.8003438123,106940.7114214462,52407.11106898864,63286.32512271433,42993.17918683684,145807.8282810829,80516.20163285003,57771.51367054525,47417.04971978638,186173.4580227353,49932.37436863023,8254.815707672933,33276.41260360436,76833.3523468923,32149.37365632405,48549.06840368002,2144.082020962321,44275.53041313958,28260.36514804126,17255.93621041963,22924.83069157553,59794.88879503298
6038,30586.27779744126,21513.38595306404,75270.24164711982,46031.46546907586,80372.38129320244,42992.80391737461,13514.20602759325,20593.66721763283,38550.41212621261,135993.3471517083,102505.9198683655,53017.27710990483,63891.01409391131,40345.22665851095,150913.1017578401,78700.01717488508,57813.73242922552,46815.08434780509,191460.4895567909,50167.31530256005,8427.797714659828,33013.32286172132,78288.98285793305,32280.53408215935,48520.12290974415,2123.653832923561,44821.33334434661,28114.01741952978,17339.19300350894,22924.61705430582,59427.49844468703
6039,30084.70431875443,21455.0303481378,78446.59492586248,45550.63140387711,80777.22106013888,43100.70259192794,14044.58299755288,21057.62588308312,37772.02274514821,137300.0719050101,101681.8416833072,54889.33727636618,63842.48404162646,39993.47950233399,156648.9187385857,78584.78043145814,59158.11059039959,46212.9503594998,188899.3100175856,51107.08236517649,8480.480112030546,32007.14747919243,79588.74000669585,32663.59209591278,50120.0044268674,2080.845596949708,45943.44029329245,27690.38174483132,17283.71251569726,23537.98418288473,59663.87299922699
6040,31349.7659465087,22206.74632349569,82002.13239699099,46471.81092961281,81103.49745876051,44163.03141239719,14959.97429699844,22329.68857724305,37882.57561336689,140610.5438889737,106994.3916618458,57831.20787038277,65354.42867444522,42917.84776054844,157861.799423693,77264.90030662827,59724.75475450358,47816.82228668581,191461.1872222065,51348.38459450364,8530.611601774759,33351.69684515294,80910.56918003946,34652.47236436919,53261.53989833943,2124.139495778001,46980.95075833693,29477.20145736537,17264.98498096331,24650.24119671848,58785.67012334472
6041,32825.2585215264,23140.8076791246,88017.9482063037,49466.04332580791,83017.29314507676,45895.53941161914,15837.44617301845,24945.52463039789,39661.05152990035,145636.5346126663,112238.8370448535,60084.11510784487,69137.5144162817,47796.27507653303,163533.3832933261,78393.40938745698,61942.0318709851,52249.65629019702,192634.0893204539,53682.96238287843,8905.580388257258,35000.98104667708,83548.8800767015,36476.36418597771,55614.53085245144,2192.63031019581,48327.89959958691,29943.12520042583,17504.97170350674,26091.2047980153,58748.9969525042
6042,33914.36829014361,24311.30177636873,97842.1009602405,54192.74546272641,84224.73468638016,47184.52703362439,16663.89179884323,24337.80468472196,41122.84547618183,148670.7833507808,115979.1598981049,61691.87528572759,71912.8508183831,50130.24797458634,170499.1019457558,83375.27784180967,61367.99795636498,54716.89096244532,200426.5707738192,54394.32699424148,9059.720085867959,35925.62568005228,81072.34419441855,37886.09985734228,54343.99195573696,2260.353789631301,49292.55253275745,30266.52969191884,17049.84232438778,25892.06937484598,59155.79117174355
6043,34396.82266167367,24851.7691728574,97451.5185171501,57788.51138666991,83894.99047638227,47790.87737037495,16290.93277871619,24311.50535927063,41010.92705814785,148116.1820715035,114538.1460684921,66674.8950109101,70680.9929284723,50824.81880279426,163666.2685637312,82286.0747793939,63665.65196740984,59455.25017857887,205550.832179537,55102.42462397306,9487.409107765094,36747.63046225639,76985.70560338217,36903.0892033756,53772.82127559654,2282.193000642048,51817.20880898915,30238.18782907838,17583.48224133565,26479.21225348392,60221.81688091166
6044,34396.82266461766,24355.00238294083,94461.88571735709,55698.68878579132,83992.51233023341,46975.15517986126,15854.484754726,23441.85727706624,40125.9444013094,147562.8120994143,114377.1670207209,68181.96732552176,68636.7367951895,51256.93447945581,159643.0945892783,80934.90518771407,62319.87963614815,60256.07696813942,204268.6510944344,55101.41266199837,9478.735883390416,36862.92181383981,78270.85871069957,35473.5951046509,51953.08889590988,2466.126505178191,50642.88523840076,29788.53776900503,17267.46874806038,25694.42545455757,61918.31562881139
6045,33886.57968782534,24347.89383813944,94499.37439885431,55237.43489245068,82748.55614065236,46332.86790332896,14938.95210885067,22102.63203676576,39114.52050815734,148585.3101101447,111753.6669483562,65740.37689994148,67936.08568480203,49996.85052498704,158495.1214655685,79200.84607236735,60882.17684754383,58678.47462902107,206828.444030117,54559.26037192561,9270.73771953142,35616.49243816561,80110.30269656901,33867.42620501629,50116.18495916911,2488.815733109297,48532.36666650994,28990.37812357744,17099.47330166415,25274.06431484882,62105.44025478652
6046,32071.03710861782,23660.34067099004,92331.2693660375,54000.38891799084,81699.49069593051,48475.53632629725,13839.29724824716,20015.16871769461,37125.87957721746,148604.3953715593,106249.0761078817,63065.236676468,66021.79756790411,46042.95421150188,155283.323018234,76665.39872463817,57055.88920838266,55288.49839109207,210715.8698966476,53435.66842155812,9060.128155142544,34077.29770097072,72127.49802136309,30686.9481857803,46980.79308398545,2427.754748313143,45260.12759791136,29282.18644596572,16978.48192719832,25366.33395471702,61563.11994886325
6047,29076.36892070552,22081.61921478426,87689.46243367801,51123.52159637983,79627.41774542758,46708.57310467192,12350.34673391261,18680.2053110376,34581.72800025171,138332.2151553801,95851.61881481149,60135.62477248855,62748.01714177592,40348.59977842602,150774.1189651456,74132.36260667794,54904.36001369908,51044.27686795383,214249.5545728576,50233.62123170237,8638.586671007917,31132.61374469411,65077.36366093515,28499.77998299349,44621.03918790169,2173.575959746456,43233.99127177202,29331.07560576763,17537.90960328036,25282.22695690259,61752.13563590997
6048,26499.92898919221,19362.94333340252,76499.39932813069,47449.70752044873,74188.27176918073,44152.3610324408,11583.64791529446,17145.07115839493,30217.0870745162,140096.1661665924,107395.0783379397,58520.27879234738,62881.57565434334,37699.04398329213,150107.5171882527,75387.2632889514,56237.802620733,47171.52682712152,182037.7198802175,47473.93529855023,8801.515435214003,29719.1589235425,63142.41018862002,25220.4291128175,40948.81960696937,1865.524987321294,38926.68722362338,26196.67598118574,16839.24631598981,24435.76291781009,61577.36370865752
6049,24754.73312971319,18538.74532212346,74529.0426717187,47231.14428878278,74018.506758114,42595.84946663976,11027.56789836828,16465.60549899659,30232.28583023604,139738.7936086238,101303.4976782833,56161.26882023196,59828.77055981287,36770.77985088617,148271.0818855643,74552.71402950853,54587.67921279769,45450.03828703864,176942.6093429595,44173.48541431034,8127.676409824378,28200.64650048948,58771.28554356771,23976.30549030373,39662.96375320862,1780.467330503535,37814.03591905756,25838.29574137078,16554.65309794083,24293.61270475684,60465.71436705763
6050,23506.04855756417,18138.41605615665,73347.13494468828,46790.41567218411,74052.85904743656,41804.21081724578,10923.45074361023,15921.94391174966,29037.10107363503,137183.4153619891,98417.38111068886,55296.53129709049,57280.67365358713,35692.1555130886,146340.4056194757,72610.88572130467,54356.11496577306,43860.19273315048,170857.909004437,42552.84058386007,7642.982148014011,26920.80497665862,55588.98217911295,23733.5501735813,39404.17072489129,1734.303621426924,36496.05822487354,25839.10459504644,16944.65121083565,23818.67579202921,59423.35681148898
6051,22759.77264812999,17835.76767796166,72188.3877804761,46289.34407492972,73775.09176350916,41519.3412333076,10534.15873070863,15651.16651807228,28246.31077422246,134444.7031340356,95871.41751632986,53857.54071676885,53723.49895037864,35309.59374403191,143595.5975043079,70378.45126076697,54147.01923374312,43093.65684229573,166812.9090429052,40915.91797043436,6736.811590339461,26050.3368354236,53482.37678295351,23232.12538886484,38894.23136485309,1656.644184301716,36106.18995999479,25904.04530466785,16997.35365825857,23920.70510493054,58678.11419149614
6052,22759.78057152649,17694.56073514751,70159.26819832966,45738.14724594057,73550.47893024498,41519.34124700093,10638.41998493368,15383.81542834319,27580.0511333975,132806.2808064461,96353.84135643135,53627.36221571609,52668.48060106675,35309.79974361968,142382.4808088564,70059.28193637711,51913.02188000139,42677.08811226887,156980.6195048365,39547.42665785051,6504.415403092484,25208.61959142566,51889.76057728694,23484.7715495767,38889.00810875573,1610.655678699075,36098.36394548009,25767.73831185743,16765.46289008904,23791.82688999565,58402.4551924508
6053,23240.76689018971,17753.18703766787,70995.40217912006,45738.19079740426,74187.62893199513,41817.28614370413,11771.41337728222,16910.90742170361,27863.98766532561,134828.3888375288,100556.1034966252,55936.69024957611,52197.14748874984,38599.62700747905,144297.5768654481,69419.03235822049,51125.74100226599,42147.49695025457,155282.7909545373,39264.50710909659,6422.24418040504,24314.36860960342,51891.09488604302,24770.80969341909,41094.13870971889,1608.384098743734,37077.44581532732,26121.16729638515,16976.27267978072,24444.20612190671,58455.00338461212
6054,25302.94108354075,18407.74214389063,76335.76599872013,46867.39375971995,76566.72518245979,42669.33423485781,13284.89698277161,21317.35142029981,28406.11150375777,142163.6071712148,104831.8746841684,61711.02682028505,54061.61361531999,41961.55104336968,146491.3025256842,69419.97093342796,50057.11590824256,43572.77369064296,153987.7890948003,40356.08067941332,6540.54983120926,23937.26662476607,54509.89143002,28348.37674773292,45876.97030951452,1608.406685373095,38322.63453093704,27361.60255324128,17513.83764693362,24368.23881170211,58405.24741142348
6055,28255.11711712001,19463.07029468318,79822.04117404447,50017.03853184732,78086.54120548232,42104.44820723314,13941.95971642771,21868.62805880279,30188.87676487438,153897.4109942953,118843.6196998367,60484.3390851343,54741.06306682603,44804.94395352981,145745.1400784999,70058.7271942047,51706.59209613455,47623.3332091506,157735.2336098219,42545.90715649327,6504.920609518143,23692.56814585281,56698.44221809599,30775.7975444167,48172.59179932517,1755.647618539053,40052.95682993807,28120.50904297636,18272.75289178885,24592.83416537834,58864.76809396745
6056,31978.69337334578,20838.58262981991,80950.07050411472,49403.13266004721,76917.58443563925,42718.34015122739,14323.42762874204,21076.50146390822,33613.19925848251,159405.1527700459,132848.4885335531,59932.82939362208,58177.1468056384,47517.18252826801,150187.2332433481,70060.29704088086,53295.42478783554,53789.30108736219,174225.5620871852,43096.29226365597,6750.217905409273,25010.83487501242,62659.82948416825,33625.14029027327,52254.94285647375,1999.378675151371,42768.79662696726,27301.30391158962,18209.50995635529,23621.98301104652,60018.35787499762
6057,34711.63441349815,22549.18827805897,85734.45675943515,49442.13069649065,77571.18237472085,45048.99813899021,15438.04716437205,21355.45654019128,39596.7456242823,163992.506477335,139054.0093333941,60596.52772302636,65749.04452278842,49274.78975913129,153763.4926999138,74518.07508429265,57033.00449516927,57836.2107511605,207029.2965679362,48886.154570648,7853.390512556164,27915.13030090025,71691.23709923595,34861.68952736265,54310.98704837284,2243.497857957809,44907.75723334665,28560.41822744978,17640.32352025731,23024.7938130161,60392.4389182719
6058,35711.94188576763,23394.32414129273,86473.33315390786,47452.90009816289,77436.88408359459,47373.43832301869,16204.59527331403,21640.83199853299,42380.72405396814,169679.7210663114,137448.2642736051,58269.74506833039,70568.4380841725,50739.91282673956,157276.1104060168,76744.01067072627,59995.76974983669,59106.35362825558,215389.7881160239,51569.00502090286,8555.343719579083,29894.19515857963,77008.5461832723,35580.52629571225,55889.50806360248,2288.414477409871,46325.08953844391,28890.66325975806,17187.08247192893,23330.20889198756,60663.42840074341
6059,36722.98496333935,24061.08608403758,90291.76932614615,47457.83824263141,78236.8361980037,48540.72734296203,16793.82834019437,22830.92670104517,43601.21859878832,171337.5922405929,131124.098315539,61453.23666236988,74074.7645544335,48676.25602371416,160300.2776690484,80905.42378531293,62010.06647017856,60682.01895226762,222882.8031586936,52350.81694598852,8883.553137943632,31838.33117385383,83449.7586573486,34469.57567093357,52774.60608559484,2347.712033634293,46462.66045592674,29563.65448312666,16913.02974434714,23324.596154019,61258.01922247232
6060,36738.16395956038,23598.51023386349,86710.41288408711,48177.70106184269,76867.79746503748,48533.5654270675,15072.04177597481,21149.02510589191,43975.38940201742,159067.9440898979,139228.3507929498,55006.04012944209,71581.65206105434,45588.24839108522,158844.3889950364,82846.43327733023,62094.78166805346,60089.59785429556,211007.5342886013,51083.53042114484,8883.559316253588,33010.93576916941,79676.7863848998,32752.35191279799,48161.96517401166,2258.948154377131,47460.38451188202,28471.60863082329,16913.02974434714,23763.04176689583,61406.96927719402
6061,35221.66554616098,23188.42119671997,85995.35023754761,45724.56873975447,75233.8483888646,47957.21672834119,15051.50643997292,20539.95283016383,44346.48935430656,146616.3920201412,142373.1331720269,56652.6773567513,71152.53503329588,45976.44620439926,159572.352438816,83698.9091494247,63978.53450184426,58262.7277154809,203663.4920918848,50205.79854867965,9228.867833910981,34093.62227509617,80333.89075215736,32621.01300852694,48677.16468990766,2122.488626074875,47810.81883661132,28416.27979752255,17187.08247192893,24068.95807669761,61539.38463567524
6062,34234.56793369775,23484.10672540679,88684.7348754114,45167.62686104065,74777.06273638424,47946.6468880991,15451.4991670717,20811.89281391165,44685.58935093437,158897.9096875672,140299.6048435126,58999.36493056259,72548.47068068097,47073.04496563069,162474.6514156286,82900.51953166748,63987.0076683014,57560.28323139925,216418.8117572438,51569.68267151849,9253.756765600712,34378.42749152485,81314.02212753,33613.62882034048,49198.02223105803,2082.503678775679,48927.26306391859,28382.99461427707,17271.4063882969,24368.78868406858,61365.59213395313
6063,34229.81268466826,23448.93694895669,92365.64645459395,46306.26622203952,75215.55890807437,48274.51668796033,15451.48354070211,21084.40430382819,44545.40072774341,167700.6579091576,139098.0589257068,62055.31228936384,72548.45167737064,47827.73829481593,163940.8482922727,82232.38499801158,63996.42366777957,57046.96932315517,217729.3882678692,51571.46075703307,9129.690810232853,34005.37184035012,82430.92860168735,34351.55770573544,50752.64576673962,2074.452728594518,49446.7622694493,28689.46281244043,17123.8395340388,24817.16853226929,61363.48333660488
6064,35243.46152067227,23582.66447783635,93949.80204145772,48025.37058597132,76787.03163919486,48825.47719314355,15826.43255316384,22572.98828890009,44539.44610514968,170275.0559838076,132486.5274595251,64818.77288619107,72811.4738345598,49360.62246634987,163942.9953654364,81243.18430037801,63916.40859875489,57700.38383343519,217874.9491717407,52206.47160094568,8802.076306045796,33794.66753276191,82412.85821451065,36065.29925487537,53295.65638271927,2081.483569516171,50449.23201476094,29413.47559290026,16965.73219177005,25930.62838434046,61417.96024541815
6065,36221.89006858636,23730.10434851493,94532.97079315595,52591.93875551668,79626.96564697806,49125.83817220229,16396.33510516158,24614.55060126093,44161.11736366012,173583.3620086354,122494.4150375118,66071.27600410495,74583.56951101811,51499.07433294947,163211.9744670203,79862.76483712276,63223.74986408686,61077.0497354054,217729.3771501027,52936.92986573683,8801.513770108733,33631.92246892176,82430.9297500278,37243.15994033398,53815.19990513099,2166.889843029931,48786.97883354098,30799.33418055592,17018.43463919298,26009.76333730628,62112.86834084075
6066,36722.99802448937,23483.84770387894,94912.73846131917,56769.48288346121,81923.91662140895,48824.78095335791,16302.70925800339,24885.76175219215,42115.17548215823,174506.7532078362,121640.9418878991,65722.06060738419,72044.1354610322,52587.1548412417,160301.8829066771,79863.94212353244,59093.39105153691,61991.87222940404,202414.5218383971,52923.09009514484,8637.869087054403,32762.15114802127,79308.89703910235,36742.20971887631,51782.90282747944,2277.071234167196,47884.4722914623,29776.68278663044,17239.78491935183,26373.83697433173,62074.39425419865
6067,36723.04045980567,23020.8671812941,93414.19111338806,56296.70420829273,83007.6030425868,47954.60923288384,15264.02118180885,24072.0986150497,41522.69828653969,164804.3528205074,126203.3391272431,66531.17142010189,71527.34543091098,51521.63517719429,159572.628074609,78993.80374349275,56130.6509003302,62414.91381168519,202536.4109338906,51298.2186716611,7973.706490215093,31667.49669835649,75997.50219051317,37204.62628217298,50736.73267737855,2348.144994002239,48036.78603239497,29557.91014415179,17176.54198146171,25565.97605514354,62318.52489354945
6068,36670.64771699684,23009.1507866037,90721.91087946342,55670.76066015532,81374.73886771798,46745.24573172297,15828.95432846789,23213.04095360827,40293.63896506758,167381.8970321221,126203.3362728195,69951.26116790001,72836.47005260036,48183.8956850396,161028.5672687742,81559.4709251811,60035.61021895707,61392.51833340151,204982.2425011434,52969.45678648965,8882.938350619821,30886.81380657851,76012.6994028724,37204.96792554818,51768.16375392216,2508.096546141501,48879.47216144038,28748.03128986222,17176.54198146171,25928.02154598441,62316.87183594661
6069,36218.42145844777,22927.97616897425,89079.98797091018,54866.08174557201,81086.01633964553,47944.25306386248,15786.82598536535,21911.91694871372,39458.35788153695,160797.6043894697,123685.477887825,67257.32100542988,74281.57551162352,46596.73083641991,160965.17342425,82846.43256850721,65100.70578295534,59195.94949687188,204982.3638342237,53756.82775441506,9207.538647136656,32513.85300382671,77100.6607366317,35319.5619497558,49871.46262729436,2516.384512128209,47878.70117683672,28443.67726063792,16828.70582797917,25264.25742162125,62138.95661186334
6070,33691.86732094615,22022.83613336923,87145.6858691156,52680.70788516091,79695.22603819608,49711.85804220419,14217.36686355474,19829.31564554833,38517.80830213268,159338.9408875573,118976.1838311121,65036.67464219761,74835.31123970049,43322.73778444551,158850.4790169923,82193.8647753192,62687.4700680181,55507.17654240863,199863.0641194691,53756.82532793493,9456.65332653856,32675.15243671926,72786.37397432128,31962.34977067063,46121.53202342075,2358.50294921112,45596.9220108512,28447.52399662049,16575.73407887523,24961.01031798465,62378.28282958585
6071,29723.92895066615,20678.19278908641,81614.32538339861,49068.08105885175,76961.87711510067,47774.92690243144,12656.01815011564,18680.03506428867,36015.09217583809,164655.7693520282,117285.8986606404,63187.9423457427,71292.22867800973,40080.620687903,153781.1062235956,79524.29034960926,60527.84925712214,51519.10867171889,194735.5604770033,51298.52712803559,9383.643324402718,31124.5764110734,66342.30498720954,29756.55476538631,44154.37622244078,2110.479182903135,43165.55319765728,26804.34569897528,16177.08619042452,24671.98950157038,62893.14202866946
6072,27578.48574993193,18929.68037791186,73367.867013091,46719.62575048324,74250.84811488801,43980.70696015001,11896.15329281783,17174.42108099395,31565.17347357088,140671.2874406106,110600.6115956774,58894.94096853008,63235.1376799071,38497.65160786641,145540.7979119009,75832.2859700791,58847.95282105784,48294.12221462299,181562.6327578365,45825.65270514579,8711.106044271073,28300.18555855485,63076.94645064268,24988.05556724686,40857.25937141143,1859.800049569604,38013.70374416884,26109.04113326519,16880.71740053233,24483.15969801821,61406.09222071285
6073,25731.96184570473,18134.75192572265,71836.61730383591,46511.13237781013,74081.29985431573,42741.93572096101,11348.03911132685,16491.41334130498,31581.83009597539,140347.8564451375,103795.3062570542,56522.22452920636,60330.28835245095,37629.03580749957,144034.7389836299,74953.62441119699,57194.22243015833,46659.08170974275,176767.907703184,42256.89481075856,8063.323978541715,26999.77113458634,59010.57983482457,23673.73683734507,39580.38711944722,1772.302975058536,36950.94898422177,25742.56004255352,16600.38436739841,24367.3795180831,60315.24052920172
6074,24410.77723551362,17748.63946317597,70918.10549152417,46090.7094411259,74115.6082837425,42111.8991621289,11245.41343278721,15944.9176255538,30272.00305741854,138035.1759897115,100571.0356477167,55652.46265405077,57905.68627169431,36619.72163735831,142451.3931266388,72909.15565268816,56962.15200990439,45149.07347176407,171041.9347434561,40504.50067192154,7597.372559386156,25903.74824223672,56050.14900444963,23417.28494319412,39323.40214255908,1724.815310292066,35692.07564065904,25743.38717961175,16984.54444912423,23980.54730705541,59292.38425600395
6075,23621.17170302603,17456.73896894556,70017.59275819441,45612.72370461403,73838.19564413062,41885.18176711821,10861.69802040465,15672.7286590382,29405.36004655487,135556.5737510938,97726.77229331672,54205.11116070393,54520.91186772978,36261.74249584222,140200.3784776675,70558.71998816247,56752.59921827536,44421.0307338602,167235.4103275872,38734.50545791779,6726.243085378449,25158.30203496025,54090.41768785558,22887.56910606675,38817.02546191267,1644.92863329142,35319.69091190183,25809.79581337442,17036.45797342016,24063.64934364505,58561.08424782387
6076,23621.18008646389,17320.54667661589,68440.67582790452,45086.92215507296,73613.86958929259,41885.18177801628,10964.46573418923,15403.98385792353,28675.19269173229,134073.761059963,98265.71968939486,53973.59526213531,53517.02552466012,36261.93525832277,139205.5025745823,70222.6801283908,54513.71859922239,44025.38084668315,157982.7896733268,37254.76349955483,6502.833522307453,24437.47734602074,52608.83985688155,23154.46989876329,38811.8386979717,1597.621196760593,35312.21585287584,25670.40772818709,16808.03846700197,23958.67909707011,58290.58250403104
6077,24130.09301459964,17377.09099640595,69090.47184875028,45086.96369999096,74250.20609845612,42122.30534137962,12081.22901821177,16939.03663984901,28986.36445383807,135903.8187934525,102960.3430679136,56296.34109810023,53068.53581374655,39340.36503074034,140776.0711158777,69548.58847226475,53724.71681461397,43522.3841779523,156385.0576851598,36948.84418294488,6423.839812578049,23671.66413451496,52610.08113664858,24513.0680229634,41001.56320565423,1595.284468851004,36247.39106301415,26031.825645106,17015.69256418575,24490.03661834452,58342.14758139849
6078,26311.99937314429,18008.40103397169,73240.7004479573,46164.14091891805,76626.26479550778,42800.4195892387,13573.03200046671,21368.45159838023,29580.48888347362,142542.3726353103,107737.0882371979,62104.22808012216,54842.63963175171,42486.25878582781,142575.1435427361,69549.5766583371,52653.75582711079,44876.08775885835,155166.4034837844,38129.15654429115,6537.570653294943,23348.72383258208,55046.29325704676,28292.48616266868,45750.97966453266,1595.307703255362,37436.7396299159,27300.29978342491,17545.21051539207,24428.16186869938,58293.32248387485
6079,29435.5820850114,19026.25155287711,75950.0362584189,49168.67217633784,78144.14036641669,42350.84723795258,14220.68232323302,21922.60206293888,31534.25722724928,153161.7550320951,123390.5300097201,60870.41296720897,55489.15921657019,45146.94115218682,141963.2163956826,70222.09606385963,54306.8375832173,48723.24022370682,158692.9150237602,40497.00359591126,6503.319192697117,23139.17043896404,57082.2566724868,30856.86526511552,48030.56284858784,1746.771444231718,39089.4660968331,28076.36064618299,18292.7652671895,24611.09293790211,58744.24607558596
6080,33375.3533886095,20352.91562701205,76826.67682908941,48583.05077634377,76976.67608290115,42839.42162499769,14596.68571511717,21126.34608201774,35287.04119315422,158146.3974329163,139036.2899472048,60315.6988596107,58758.71139193016,47684.89688928488,145606.172976477,70223.74888891705,55899.14328331541,54579.57153113527,174211.045696625,41092.13191630153,6739.130986112181,24268.09967471587,62628.01162828703,33866.97171355879,52084.39265571912,1997.492604664823,41683.51479807722,27238.6381472467,18230.46903948624,23820.34265392848,59876.25355029531
6081,36266.9720754607,22002.77292058946,80544.83112292364,48620.25205710703,77629.43952919998,44694.30799209057,15695.33834756159,21406.75536170903,41844.53012789589,162298.0658894137,145968.8853091574,60983.25345053803,65963.63319667877,49329.56391698719,148539.0601173907,74917.15453328745,59644.89291676926,58423.25742612419,205080.8151453681,47352.67746015594,7799.644555952478,26755.26250983901,71029.74285352805,35173.28870114926,54126.07234304168,2248.613022587454,43726.55429880922,28526.21356726795,17669.80297321839,23333.9369615404,60243.33597777261
6082,37325.35853053398,22817.89566349369,81119.04405058321,46722.67123663418,77495.31270580331,46544.24583415716,16450.90566974063,21693.61849315452,44895.54814148887,167445.1356208946,144175.0019087093,58642.95157780816,70549.45237347954,50700.54120844838,151419.7547163973,77260.74780859922,62614.13444087758,59629.61750502171,212948.4085963233,50253.62856064886,8474.453644410536,28450.08202387438,75976.32523245571,35932.68319482117,55693.56505818085,2294.817831725361,45080.32672282731,28863.92348036177,17223.34666378931,23582.69503258859,60509.25556614784
6083,38395.10391229131,23460.97903893439,84086.51659395313,46727.38186608059,78294.24346713557,47473.24893153071,17031.69798438952,22889.91720455435,46233.11268654133,168945.5499988536,137109.8602383707,61844.94009371624,73885.84293022614,48769.49072069947,153899.8715494848,81642.12337516053,64632.83418581765,61126.15760210014,219999.6681710192,51098.99739745461,8789.971397181078,30114.98938850184,81968.45162940529,34759.05126008418,52600.42526986495,2355.816016831836,45211.72830999587,29552.12704232939,16953.39633648248,23578.12350365474,61092.7222938
6084,38411.16421819452,23014.83054116215,81303.2890027475,47414.07846136481,76926.95267869877,47467.54902179504,15334.57597923994,21199.24779250174,46643.17400333875,157841.215245111,146163.653618361,55360.2836564606,71513.56041450311,45879.91206768977,152705.8985666877,83685.7300367965,64717.73456152478,60563.48612995472,208824.5133307464,49728.68760678558,8789.97733657941,31119.17737288085,78458.53376228176,32944.93945647595,48020.01046594308,2264.506426986261,46164.70970248518,28435.39651258284,16953.39633648248,23935.23385094371,61238.88566840337
6085,36806.61619233539,22619.30490400326,80747.58277258367,45073.96925110538,75295.08977604337,47008.8539453092,15314.33481152717,20587.00039986585,47049.86991276262,146572.2529498549,149676.896815628,57016.48827832385,71105.2407639241,46243.16509292345,153302.9007275342,84583.26576666323,66605.60506575626,58828.35597685217,201913.4438131123,48779.60107043996,9121.932976507958,32046.36185130119,79069.82432914975,32806.19023676464,48531.61055249158,2124.133297014091,46499.42889539555,28378.81702263573,17223.34666378931,24184.40017038268,61368.82369146145
6086,35762.20657646396,22904.48981883821,82837.62034593504,44542.68734338995,74838.88733276162,47000.4417918871,15708.59765058403,20860.35801707808,47421.49642649157,157687.3299095298,147360.4219641532,59376.81072297455,72433.52167309317,47269.29868724801,155683.073489483,83742.6751625782,66614.09675359601,58161.18616586529,213916.765494237,50254.36130044769,9145.859467815655,32290.26160861811,79981.62022324358,33854.81075120134,49048.82913463374,2083.001598304651,47565.80648549712,28344.77945888323,17306.40830314677,24428.60973522145,61198.28264278629
6087,35757.17523229945,22870.56901876986,85698.21655681636,45628.86619801004,75276.82364667272,47261.38150296324,15708.58224806188,21134.29011974237,47267.86089178499,165654.0345619298,146018.0960054412,62450.51393815553,72433.50359078802,47975.49698499184,156885.5002199213,83039.2246181766,66623.53333538312,57673.64935562488,215150.0761330513,50256.28393431263,9026.59107013209,31970.78648127259,81020.65515551103,34634.37456452286,50592.59132940581,2074.719750270734,48062.00889068991,28658.17508468374,17161.05043366626,24793.81143551377,61196.21329855303
6088,36829.6776657697,22999.54751191428,86929.33264633553,47268.76630417701,76846.28997205955,47699.87103477649,16078.16012320711,22630.63414966945,47261.33510099441,167983.9284316807,138631.9194287661,65230.03096649411,72683.77824401954,49409.8811920769,156887.2610326783,81997.73711196259,66543.34336247573,58294.25133229145,215287.0554012469,50942.91758782031,8711.64522655695,31790.34480913326,81003.84464903573,36444.80768827836,53117.83526129597,2081.952232742186,49019.52315338937,29398.55349842964,17005.30986077843,25700.71533143024,61249.67100855515
6089,37864.91488140287,23141.75138353929,87382.53840407403,51624.93907831169,79682.59804363416,47938.91747067055,16639.8988322234,24682.83920390948,46846.71701594159,170978.0271308704,127469.0735585636,66489.81145632119,74369.98839322651,51410.92056740848,156287.751456054,80544.35194173951,65849.17055422756,61501.35111403238,215150.0656707395,51732.75800062034,8711.10444355443,31650.97418217328,81020.6562237883,37689.12483819739,53633.74900506053,2169.807922128939,47431.8132632113,30815.73812623829,17057.22338507438,25765.17010006369,61931.57819184516
6090,38395.11773178643,22904.23999588377,87677.67234825969,55610.0113070068,81976.61634509292,47699.31692272171,16547.61417350614,24955.46418887191,44604.52811509907,171813.7189827192,126515.6025785441,66138.567026472,71953.62931893213,52429.08327409864,153901.18800341,80545.59145672353,61709.7832448989,62370.23394283789,200738.1073953601,51717.79313452964,8553.78780435672,30906.1247136526,78116.29393259421,37159.91033981826,51615.65052332815,2283.149269054657,46569.77938113016,29769.97065184547,17275.26018808526,26061.7050844232,61893.82391005661
6091,38395.16263094518,22457.70119674137,86513.08613826713,55159.01495340027,83058.91915037595,47006.7787340163,15523.80528381647,24137.55939489009,43955.22042751069,163032.8068903345,131612.5565588889,66952.37898541348,71461.88578308592,51432.03169849345,153303.1267761983,79629.45962052837,58740.56687912452,62772.03163487773,200852.8104416979,49960.82880442066,7915.30798536439,29968.69120043615,75035.77197142418,37648.41705985754,50576.78941647078,2356.261394320373,46715.26265384753,29546.25285793237,17212.96395796221,25403.70900705444,62133.38715263642
6092,38339.72790625277,22446.40088374738,84420.79827149215,54561.91048866765,81428.13976385753,46044.29007933546,16080.64577412895,23274.02343322993,42608.26957128259,165365.5480917781,131612.5533700245,70392.3403524637,72707.56300751267,48308.76843841306,154497.1411905271,82330.7418994673,62654.06199675323,61800.97781716259,203154.4464531665,51767.92917706239,8789.380383322274,29300.13473846637,75049.90962294626,37648.7779792058,51601.01442396304,2520.800289456831,47520.1587530202,28718.06744788417,17212.96395796221,25698.59208301969,62131.76502179474
6093,37861.24487983799,22368.10900210466,83144.78868807002,53794.30552811869,81139.78586740325,46998.53663378799,16039.12091872262,21966.11661947715,41692.86821432845,159406.6005553341,128799.6881932107,67682.74769045583,74082.63068814113,46823.59151821405,154445.1519560557,83685.72929050674,67730.22928625018,59714.7141355521,203154.560632978,52619.30897562048,9101.428576868879,30693.48866059614,76062.01749131986,35656.99489381925,49717.56455531946,2529.325950809549,46564.26707056766,28406.83377983877,16870.33469712502,25157.96166043664,61957.17838203876
6094,35187.99615254989,21495.1130015424,81641.55853867262,51709.61834978712,79750.77128218484,48405.30948246263,14492.14426832989,19872.65863661477,40662.10099327512,158086.4740431988,123538.626118215,65449.19878890512,74609.52932971333,43759.97848399582,152710.8929881775,82998.66830764561,65311.71851123527,56211.18038936519,198337.0724891747,52619.30635188113,9340.910137814632,30831.62128692634,72048.52597920239,32110.36434410676,45993.83275375435,2366.916411312383,44384.81366962499,28410.7674676986,16621.1497790526,24910.96938747602,62192.0270880614
6095,30989.67479427576,20198.22167471376,77342.89813727976,48263.43600024314,77020.91221089698,46863.77606828256,12953.16184486641,18717.3868120318,37919.32400089152,162898.3351799316,121650.2974007463,63589.72487249195,71238.164084389,40726.19312228298,148553.5049522075,80187.98649359458,63147.3770137309,52423.38142761587,193511.8640854365,49961.1623365633,9270.723389614483,29503.74843017644,66053.74222740966,29780.1154546022,44040.42044069037,2111.779428081569,42062.47892844834,26730.4466579753,16228.46940357511,24675.56430850575,62697.25387783499
6096,27572.13150920449,19168.56390160518,68138.70694474078,45881.1132031804,74578.6952310947,44037.98927323394,12057.64272121815,16971.61337162653,32094.72674290722,133873.2265395682,114247.7557515538,57989.0810421424,61664.96799151418,38769.22833728621,144765.1529722872,77450.34825530827,58737.29024322911,48631.85291626472,173558.5763047582,44906.3890117092,8417.326604439377,26802.83815908363,61333.98390370082,24887.60489484142,40508.0952638356,1865.82117479363,37181.73959289822,25863.17761488891,16900.84881428073,24378.30320037229,60862.59615558363
6097,25723.3049330361,18341.43386127444,66846.4800226757,45676.35125303668,74420.36914936248,42992.93419413934,11535.42772995797,16317.43113411971,32111.133927081,133596.9297454208,107223.0327476099,55791.87887996888,59363.54224447077,37963.94051141129,142963.7926150418,76359.47663526754,57130.36313298477,47058.30431555143,169286.5890740842,41307.74660978111,7812.222560772536,25567.67256079775,57753.4298907276,23639.55524235133,39328.54237948239,1782.615572316573,36205.28839997903,25478.37241255293,16643.20836355108,24265.67773039911,59557.09953121393
6098,24400.47276511554,17939.68045083993,66071.3447296335,45263.45265920178,74452.40674846961,42461.42128441614,11437.65126360954,15793.99959836466,30820.92196600002,131621.2805198827,103894.8047264795,54986.45491906235,57442.60211093383,37028.2121797893,141069.9912470789,73821.23773751169,56904.86068600551,45605.08566876876,164184.8818670342,39540.67805552938,7376.969560111159,24526.64306542144,55146.68448597376,23396.0338726152,39091.1440256083,1737.457036683213,35048.64490668882,25479.24090659289,16996.27120278095,23889.3856949906,58332.97766179176
6099,23609.88257031184,17635.95542137287,65311.3989215542,44794.02147156146,74193.35569064999,42270.15742739426,11072.06696112228,15533.29803263874,29967.25721051016,129503.8896016286,100958.8362106318,53646.1667253694,54760.94599624666,36696.3321420806,138377.6075188468,70903.13629646899,56701.2385818529,44904.42374139218,160793.3581586909,37755.86103604439,6563.232973121928,23818.59992653441,53421.08409306179,22893.02676223594,38623.36185452039,1661.488564287167,34706.50057920729,25548.96998238852,17043.98239703105,23970.22341636812,57457.78106127303
6100,23609.8909642041,17494.24614434659,63980.63327381929,44277.63023431365,73983.87748560634,42270.15743658814,11169.97875134427,15275.89527554613,29248.02434460368,128237.1699655556,101515.1604286884,53431.77649125551,53965.59669698751,36696.51085087086,137187.6607122811,70485.93772607303,54525.72195401858,44523.65376995624,152549.4908180771,36263.72783091661,6354.542369969946,23133.94291122998,52116.5117439799,23146.47018809281,38618.57041014713,1616.501417228954,34699.6325504031,25402.6124712286,16834.05314277538,23868.11333707539,57134.05317401238
6101,24119.4385223695,17553.08100599937,64528.99838168679,44277.67103569902,74578.09570889547,42470.20016960163,12233.97335009583,16746.16304151372,29554.53621037022,129800.529977258,106361.1485513324,55582.70446915431,53610.2716347804,39550.50224440963,139066.1794445288,69649.04273557212,53759.05021314989,44039.57420013365,151125.9492023037,35955.24676918562,6280.753026747398,22406.55469088244,52117.60472689829,24436.56662985042,40641.40069328832,1614.279298893813,35558.86459898368,25782.10134029351,17024.89791977577,24384.99274243511,57195.76461926418
6102,26304.06578506208,18209.96464803645,68031.39064090143,45335.56992797572,76796.88617126952,43042.27249136092,13655.28647726403,20988.63998582722,30139.76343726484,135471.6350041498,111291.9062477148,60960.97117775236,55015.84133717211,42467.0390393862,141218.0061019865,69650.26958353283,52718.39917698134,45342.36661974485,150040.1569769846,37145.44297659464,6386.990904034013,22099.81805070406,54262.7603186773,28025.42326603816,45028.83089583749,1614.301393719538,36651.62924301666,27113.99938312552,17511.55210424025,24324.80391942446,57137.33229478084
6103,29431.54370037077,19269.04705782359,70317.80849556773,48286.32884970748,78214.29553240284,42663.00321688243,14272.3343827261,21519.40321112465,32064.27347723035,144543.4350267941,127450.0486144144,59818.42367865559,55528.05958009627,44933.73964193576,140486.0949638945,70485.21260112034,54324.69600986051,49044.8323138511,153182.1958000418,39533.11819957406,6354.996042790211,21900.77908433271,56055.48529066151,30460.50417514213,47134.67109695319,1758.336287363586,38170.14206555232,27928.86340991273,18198.59330322082,24502.75059089447,57676.98331371271
6104,33376.2280196167,20649.45268567925,71057.60850307012,47711.18836264412,77124.10419132152,43075.17547964125,14630.57106887143,20756.75223521565,35760.85830685677,148801.6562071835,143600.2614672105,59304.74281211652,58118.42854916936,47286.66121765586,144843.3464927856,70487.26460843741,55871.93684873302,54680.91405409695,167008.4851748797,40133.23007931602,6575.27177638762,22973.06383387006,60938.68374225051,33318.83847523878,50879.53017296741,1996.760318385839,40553.53477691163,27049.25465553302,18141.33987145503,23733.54620363362,59031.73387100152
6105,36271.45264365595,22366.14369858545,74195.37176261173,47747.72384911677,77733.66207414298,44639.99903846296,15677.31077060527,21025.32718590312,42220.14675427057,152348.2942874797,150756.3785983187,59922.917140176,63826.6738581967,48811.42088063597,148351.301280439,76314.19873003116,59511.67562798513,58380.0435518609,194512.7235609628,46446.2009560319,7565.915209455477,25335.43225631816,68336.65232123627,34559.28984012656,52765.59916726349,2235.564024501753,42430.66432067411,28401.20904712798,17626.05896999573,23260.39380627573,59471.04645003156
6106,37331.15893909931,23214.28607587249,74679.95203690323,45884.1041840227,77608.4129307315,46200.6479110721,16397.17644070141,21300.08361146383,45225.47480044422,156745.2719611284,148904.6565428801,57755.73177841959,67459.88203358164,50082.44464269322,151796.8298414883,79223.80524133526,62396.88275014346,59541.03388111556,201522.5642453633,49371.44440069723,8196.265646325579,26945.21350793766,72692.26190116793,35280.3950122341,54213.62229604617,2279.502624770852,43674.50038539279,28755.80450848342,17215.74269900007,23502.37386432297,59789.29055936296
6107,38402.23832615663,23883.41997943249,77184.21237266318,45888.73050695797,78354.46350412059,46984.37566862032,16950.52547592128,22445.89400609633,46543.00889001833,158027.0281574272,141611.7195256277,60720.86320913268,70103.20506480176,48292.18081341766,154763.2371052396,84663.34930012253,64358.44998349592,60981.29090755642,207805.0706497798,50223.89229193197,8490.99604741372,28526.58346448193,77968.50338253868,34165.93860605539,51356.23233130756,2337.509029786704,43795.23118931651,29478.41835575466,16967.64448801001,23497.92689770953,60487.56498961736
6108,38418.31865975387,23419.19854674939,74835.43698883633,46563.13723847518,77077.67191456932,46979.56709748849,15333.59494754878,20826.57721861078,46946.92940786897,148540.9487879759,150957.4266562709,54715.88894893329,68223.7161669293,45613.27201369969,153335.1551368258,87200.51789156647,64440.94753941215,60439.78083180417,197848.2705758884,48842.10763115843,8491.001595504884,29480.38590596191,74877.91866854647,32443.29587521598,47124.92298521673,2250.677904546359,44670.82342620509,28305.85112556156,16967.64448801001,23845.30691316847,60662.48866956026
6109,36811.76971329522,23007.65064540795,74366.47458052602,44264.90914950216,75553.81989491724,46592.60168832141,15314.31020437454,20240.16897467979,47347.53491639439,138914.2333552371,154583.9443624233,56249.58101421735,67900.21664907684,45950.0414332859,154049.2148628773,88314.82208046249,66275.3882140073,58769.90683399146,191690.6702144273,47885.07351624579,8801.08690145206,30361.04852389452,75416.1777826602,32311.54251014225,47597.53044989876,2117.189660325723,44978.36093864732,28246.44265230336,17215.74269900007,24087.68409589543,60817.99436460545
6110,35766.05768660088,23304.38805549753,76130.26451242813,43743.13563648759,75127.81289798513,46585.50500785148,15689.94355232444,20501.98986963606,47713.59620460563,148409.4894489439,152192.7813847889,58435.3059887075,68952.57411725051,46901.36293915982,156896.0814603829,87271.21612683915,66283.63957316264,58127.82847606511,202385.3474613911,49372.18327640346,8823.437036485127,30592.71051111607,76219.04057297298,33307.29067903166,48075.3281853169,2078.075349462783,45958.14076104848,28210.70320506104,17292.08061024502,24325.23958274405,60613.89625934101
6111,35761.02006819591,23269.09316493056,78544.33154180662,44809.87506146498,75536.76277689138,46805.63957488917,15689.92887759383,20764.36100459198,47562.26141101033,155215.1913952197,150807.1759531799,61281.64162256039,68952.55979117788,47556.07459831514,158334.2747501968,86397.87163232613,66292.80908421788,57658.62733807478,203484.1982276841,49374.12201025836,8712.026434774898,30289.26517897269,77133.94103518837,34047.54821639656,49501.4294627139,2070.19970151528,46414.04785150842,28539.76866097094,17158.4892650104,24680.49048279856,60611.41973395069
6112,36834.85994509416,23403.29642050977,79583.27466483123,46420.42574456106,77002.34816756651,47175.55913538145,16042.04366198772,22197.55367386313,47555.83334601726,157205.545492155,143182.8531744669,63855.55257257865,69150.84495706757,48885.88248242797,158336.3808153958,85104.84913501643,66214.88861898148,58255.88922184391,203606.2435332917,50066.50548182689,8417.830263615386,30117.87724154619,77119.13889556176,35766.69774957596,51834.20688737358,2077.077452169287,47293.80485593397,29317.16611073691,17015.35568226011,25562.68359698549,60675.3962217696
6113,37871.38813328586,23551.26079862261,79965.73657019193,50698.63574691649,79650.92469699892,47377.22404659951,16577.23940208239,24163.14793611395,47147.42429896854,159763.3086117251,131660.0931700264,65022.14474104741,70486.77911917063,50741.03253538618,157619.3220304787,83300.44945557475,65540.3620390099,61342.3738433831,203484.1889060105,50862.95995825101,8417.325109183239,29985.4995928062,77133.94197583759,36948.27536177354,52310.79923527595,2160.624080525842,45835.02878199643,30805.21019069859,17063.06687651021,25625.3821401508,61491.48105974178
6114,38402.25216288507,23304.12811251801,80214.80112575517,54612.38681990944,81793.10491085642,47175.09167407872,16489.31532736792,24424.26711866406,44938.81289172686,160477.2135336178,130675.880237078,64696.8825192642,68572.36967454963,51684.96428531654,154764.8116836766,83301.98833218195,61518.1261753129,62178.57903546849,190643.4731152919,50847.86977750839,8270.373009780133,29278.02325106379,74576.56654972374,36445.74431221288,50446.51415791254,2268.40637049626,45042.99844327856,29707.15417968122,17263.45389325017,25913.83731439299,61446.2979355701
6115,38402.29711803444,22839.50056782926,79232.00279800879,54169.46198403484,82803.77150118207,46590.85099373536,15513.88289296703,23640.88099124149,44299.22879375969,152975.9601139603,135937.1709645586,65450.4952840067,68182.77589299202,50760.60452204126,154049.4852341719,82164.59679590884,58632.94349946648,62565.2656002307,190745.6708312589,49076.19276155013,7673.958350110701,28387.62584784857,71864.0774133008,36909.62010452519,49486.83192411741,2337.932562830186,45176.66739546639,29472.25046122274,17206.2004592605,25273.76992552139,61732.99960816668
6116,38346.79326454019,22827.7424928519,77466.31383570872,53583.04394555891,81280.93128114322,45778.87407231146,16044.41186229753,22813.78950348809,42972.44895601211,154968.7465956381,135937.1676728782,68635.99626853665,69169.68891794814,47865.04830572223,155477.6167578307,85518.27961727032,62435.68029074348,61630.73194707512,192796.3743728754,50898.4256554532,8490.443971500017,27752.61447984426,71876.52602644217,36909.96282601036,50432.99357807751,2494.401313096874,45916.19996293497,28602.65565166114,17206.2004592605,25560.61820159358,61731.05829354566
6117,37867.71355511646,22746.27910197391,76389.484938015,52829.17687224691,81011.66315404057,46583.89777393696,16004.8491165497,21561.08128928711,42070.75602620868,149878.2075815786,133033.6096793211,66126.83724856123,70259.11415395407,46488.15084127184,155415.4337022926,87200.51696503647,67368.18372571477,59622.93012986095,192796.4761044013,51756.93484377741,8781.933399385598,29076.0562989524,72767.71642613961,35018.607151776,48693.0946009671,2502.508816042917,45037.93377320858,28275.8602517309,16891.30657676507,25034.7185574634,61522.11855349193
6118,35191.1312046772,21837.91909150375,75120.90381935719,50781.79950671254,79714.58563756107,47770.68276226322,14530.96935710429,19555.97512756329,41055.4248728996,148750.4655646503,127602.9196596319,64058.50814084602,70676.56028044845,43647.89594537221,153341.1288425755,86347.52035916013,65018.12076976,56251.16006825739,188504.2074967817,51756.93219806709,9005.637124107821,29207.25806425064,69233.7204790342,31650.80075567442,45253.17445207414,2348.064982835969,43035.46814946648,28279.99062459648,16662.29284303023,24794.45618408037,61803.17801861992
6119,30987.57441090739,20488.49226886307,71493.24944925631,47397.29375769791,77165.4123875421,46470.21075167831,13064.70608576838,18449.46013041487,38353.72184037541,152861.0852163535,125653.7071672364,62336.58299128502,68005.52784343346,40835.29408264637,148368.5783951108,82858.0163596749,62915.03368415895,52605.81566348338,184205.0603191746,49076.52908666559,8940.074510700302,27946.01177128063,63955.13911947583,29438.04501340566,43448.64535790572,2105.441712029198,40901.72420980862,26515.65351263426,16301.39941638086,24565.4652836693,62407.81737860198
6120,27560.17662698672,19488.98712521887,64645.69417906073,45066.48424881836,73825.0074654382,43450.25113257829,11964.2816197347,16552.9198408983,30783.25010799426,131857.3584074957,114283.0318176253,56717.00007958418,60466.23170293992,37484.99773314959,146623.5184091662,79519.56903786308,56114.62965961504,47779.22695772241,163899.5683225386,44512.81535216903,8128.447331690827,25094.46740324125,57028.44405445758,24908.41446888634,40279.48923868888,1853.815941430645,36127.30601476822,25743.57274102118,17015.10329082212,24683.54077022022,61185.52848694209
6121,25768.68967300541,18638.5350645488,63144.75258036098,44867.12719342621,73666.12995993416,42267.09523805288,11448.23706612466,15929.01885286772,30795.37200355828,131607.5781758967,107794.6546135581,54715.50646027622,58311.84004433487,36624.46367554749,144410.8295152334,78327.77674598545,54553.69400582519,46429.8242231085,160006.7963578961,41298.86083319192,7487.33288523802,23893.5092877263,53747.98404900603,23734.28545451779,39105.73709382341,1780.673191179382,35192.53820371223,25374.82228207064,16808.1656556499,24563.20196402552,60333.14214752669
6122,24486.88390404691,18225.45368783005,62244.4209233732,44465.12746747751,73698.27914074366,41665.34453157318,11351.61591626338,15429.8162857535,29842.14234013749,129821.5345750797,104720.5406862025,53981.82298483423,56513.62543511354,35624.54032870049,142084.5913267709,75554.71573888362,54334.64560763544,45183.61090941013,155357.9569033164,39720.68847512801,7026.177502942188,22881.31074309579,51359.71563755184,23505.18759350283,38869.50620435375,1740.976110751958,34085.27025807874,25375.65454102634,17091.74685887516,24161.13896413369,59533.88710557754
6123,23720.81312261557,17913.16473132682,61361.73208859715,44008.08738160451,73438.32585058271,41448.80574393232,10990.35131961016,15181.18225824244,29211.44088014797,127907.3524160753,102008.7367930965,52760.91654577604,54003.29566577334,35269.89188337437,138777.4198606603,72366.64966359103,54136.8513204862,44582.75554312962,152267.4915773758,38126.66492829053,6164.014562558283,22192.87661332319,49778.74156096223,23031.97305307834,38404.02446637699,1674.195234969394,33757.73160956828,25442.4743983093,17130.06864290169,24247.51298670947,58962.45274668351
6124,23720.82125617912,17767.45977468557,59816.0271627054,43505.32680320711,73228.11806731246,41448.80575434111,11087.10619437225,14935.69434178062,28680.05989518576,126762.2015103414,102522.5850078208,52565.62241535507,53258.75985000673,35270.08285236145,137315.7566944489,71910.85447078764,52023.59960660941,44256.22477027548,144755.4148948086,36794.0378645493,5942.904553593687,21527.180936553,48583.5082535257,23270.40529750539,38399.25658510203,1634.648815451513,33751.15676763242,25302.22317747483,16961.45279354223,24138.40973461684,58751.0839666822
6125,24214.56567474877,17827.95356271416,60452.96173481484,43505.3665275994,73824.40585520139,41675.28351944318,12138.52874436697,16337.90531490737,28906.5158663382,128175.5238291925,106998.576281568,54524.9635708802,52926.1358880581,38319.87041319437,139623.2225599937,70996.53514991957,51278.87058471048,43841.10044873039,143458.2380557501,36518.53282913982,5864.723925932433,20819.93748064014,48584.50963117219,24484.09071505188,40412.13910612408,1632.69543921749,34573.70936121326,25665.87910983954,17114.73992964833,24690.68845631666,58791.37667363858
6126,26331.43877191973,18503.35890377458,64521.04462881476,44535.34112941816,76050.92400079951,42322.95343954996,13543.04778446515,20384.00348984673,29338.89129715507,133302.3655336366,111552.8648731643,59424.17889367363,54241.90618666996,41436.49426082343,142266.4043794862,70997.87549823924,50268.00375997838,44958.31516511138,142468.8293085049,37581.49937375182,5977.284135373749,20521.69580530595,50549.87507428644,27860.3832339832,44777.99304875029,1632.714861903847,35619.82535933934,26942.20804611196,17505.62212921958,24626.37750508072,58753.22497394041
6127,29361.92089304527,19592.30353630509,67176.75440507774,47408.2118429257,77473.26996623469,41893.56489660311,14152.80471649381,20890.19837207924,30760.75073807141,141503.5331138391,126477.3142120644,58383.40004839141,54721.39969688164,44072.42120544779,141367.3662497261,71910.06226177483,51828.32717541284,48133.37904949107,145331.9559944628,39713.93675309043,5943.385224979177,20328.16915406251,52192.34787320544,30151.23692078124,46873.4772661949,1759.330233220685,37073.51492157802,27723.07452618018,18057.45582063049,24816.51114018231,59105.57453042528
6128,33184.26452797363,21011.63151803453,68036.04358023591,46848.25275942761,76379.28166754059,42360.20445656341,14506.80851547037,20162.84952322405,33491.84796801719,145353.0872714233,141394.4394647018,57915.4736124728,57146.27449757837,46586.76338934225,146719.5668947946,71912.30410807315,53331.28482358419,52966.622909482,157930.9149208709,40249.89783851398,6176.769808160126,21370.75734943234,56666.27485799031,32840.27515560819,50599.9200827887,1968.919357459879,39355.16381897301,26880.16458134217,18011.46968087039,23994.62655488597,59990.11980368935
6129,35989.69647582081,22776.72689393951,71680.60423959086,46883.82385549986,76990.9625404798,44131.81463725943,15541.1800505036,20418.9924868924,38264.07574019444,148559.3498841609,148004.1787009749,58478.58609913046,62489.82994134554,48216.12816736662,151028.5395930331,78278.31000997208,56866.85155514056,56138.82582568725,182993.6602702502,45888.02439049398,7226.367514324339,23667.70079791608,63444.20362460533,34007.25592077399,52476.713872016,2178.842239039024,41152.16123923889,28175.71308056831,17597.59441052599,23489.06955556974,60276.9562719792
6130,37016.53697444292,23648.78376206749,72243.45173887597,45069.3962797549,76865.2771748469,45898.69845979605,16252.53986322657,20681.03079295886,40484.4611716881,152534.3438939484,146293.8377856063,56504.4356326472,65890.91876512367,49574.34966299587,155260.8314551793,81457.09525735023,59669.48189029015,57134.43760688451,189381.2522314128,48500.56499276477,7894.23079442457,25232.89971619813,67434.76010680263,34685.65080938555,53917.61599329348,2217.466922596347,42342.89962325741,28515.51420155835,17268.02706754065,23747.62200658521,60484.74457746371
6131,38054.3978389098,24336.78477690096,75152.18893335352,45073.90048630807,77613.92612000566,46785.99343074601,16799.35058419323,21773.80310672786,41457.87686975522,153693.0882816743,139557.7250211782,59205.45775120851,68365.36448503232,47661.26598324309,158904.5978903536,87399.87217215206,61574.90760146634,58369.53563254769,195106.0738374315,49261.8878601768,8206.500923709124,26770.47418036629,72268.78833149305,33637.20245708432,51074.27794180116,2268.458056230867,42458.47659231556,29207.97934030305,17068.75378988825,23742.87048232008,60940.66271191258
6132,38069.97945604278,23859.47400981205,72424.04992046746,45730.50558328798,76332.68767478484,46780.54942172424,15201.52553761826,20229.44239846851,41756.29994355539,145117.4002821834,148189.8765050599,53735.35678698582,66605.95286411913,44798.57244026951,157150.4229977926,90171.76385484505,61655.04401559437,57905.16155683767,186033.1178353892,48027.8132957335,8206.506801973235,27697.86139409941,69437.2322340352,32016.59000177525,46863.77709317943,2192.128252486678,43296.69097987447,28084.33365760643,17068.75378988825,24114.04137613465,61054.87407978618
6133,36513.25611832563,23436.32197362157,71879.34281458645,43492.94150404556,74803.52832851153,46342.44772355334,15182.46866094986,19670.17823352855,42052.2738343386,136414.5732452399,151539.5053518536,55132.4402850344,66303.12116784586,45158.44570024083,158027.5334654919,91389.15655141501,63436.98162526129,56473.15460256399,180422.1146272204,47173.08426881192,8535.045623282009,28554.13436632643,69930.37868288698,31892.64024675942,47334.06039519022,2074.78402303768,43591.10013151243,28027.40380934421,17268.02706754065,24373.01814955147,61156.40703489575
6134,35499.97586933291,23741.42628562029,73928.01215814799,42984.94072038832,74376.03761908863,46334.41323857978,15553.66356459688,19919.87977796792,42322.72589111582,144998.5572668287,149330.9104582782,57123.47900933481,67288.24534759256,46175.03198061141,161524.4629263146,90249.00265205943,63444.99682434265,55922.53780456394,190167.4480071871,48501.22488409311,8558.725839271045,28779.38055517446,70665.95179921023,32829.41132294596,47809.50844351278,2040.400181258671,44529.05447735605,27993.15547410018,17329.34192234032,24626.84300550258,61023.1470680904
6135,35495.09448793781,23705.13620915082,76731.9884293228,44023.5225002793,74786.41180334146,46583.63791179514,15553.64906326135,20170.10609250921,42210.91727461393,151151.1071492113,148051.0976185069,59716.28667521205,67288.23193678776,46874.65969446665,163291.0579925934,89294.86174529044,63453.90389712936,55520.17254021743,191168.7561163587,48502.95637106464,8440.685070923862,28484.33903624091,71504.1724668478,33525.82420282699,49228.59651946442,2033.477011018422,44965.49951023072,28308.49174594606,17222.04092599433,25006.42383408724,61021.53009231848
6136,36535.63022824241,23843.12350218921,77938.73696969423,45591.5611007933,76257.1015875269,47002.44120480039,15901.60329623647,21536.95812720252,42206.16811523966,152950.4443757997,141008.9007822646,62060.93498833419,67473.8490082778,48295.69815745805,163293.6449636329,87882.21683162001,63378.21357392049,56032.35679615549,191279.9677184612,49121.325394372,8128.980964174715,28317.69762828766,71490.61092668827,35143.15035881515,51549.90194121278,2039.52296926402,45807.70087702863,29053.45481985445,17107.07557391475,25949.03536076716,61063.30169344151
6137,37540.0114668698,23995.25993072649,78382.97240069456,49756.84350712033,78914.90267455537,47230.75551396896,16430.47521951211,23411.5675738901,41904.42884277926,155262.7356434308,130365.9169523296,63123.61680329061,68724.43266016307,50278.11953679346,162412.8506221224,85910.88529276811,62722.9924494563,58679.1837112954,191168.7476221502,49832.640434258,8128.445747450367,28188.98613260835,71504.17332865924,36254.74440031938,52024.1505298071,2112.965501861554,44411.19798231794,30479.41510857567,17145.39735794129,26016.0279143739,61596.14073316509
6138,38054.41124650511,23741.15901320624,78672.26474232832,53567.28723898622,81064.54375070805,47001.9119699238,16343.59004645701,23660.59988728282,40272.67067291364,155908.1261818202,129456.8498254827,62827.32624218133,66932.33150550068,51286.80909196532,158906.5320131993,85912.56653668806,58815.8759862572,59396.27473243502,179467.8749984831,49819.16336452637,7972.748368049317,27501.10310272998,69161.13709072092,35781.97772414346,50169.03352977891,2207.71264486782,43652.9783484212,29427.17190718962,17306.34885156716,26324.23840456995,61566.63971638951
6139,38054.4548074127,23263.43068324907,77530.72925188235,53136.05384343572,82078.73032698437,46340.46568006067,15379.68321955327,22913.47569025313,39800.13549820963,149126.7778052443,134316.434865489,63513.81343304098,66567.62819308222,50299.03424647918,158027.8655742555,84669.95059465221,56013.2693977477,59727.87930295283,179561.0008394756,48236.87518036112,7340.840420329781,26635.36494672182,66675.98755938679,36218.37865236813,49214.07076783035,2268.830367357767,43780.94115367846,29202.06878107566,17260.36271002085,25640.33497243044,61753.83329823951
6140,38000.67235387574,23251.34107386911,75479.85415507991,52565.11489067937,80550.58630425623,45421.1885050877,15903.94351413942,22124.66919748183,38819.88889042748,150928.3139774491,134316.4318251324,66415.57641352557,67491.4890612703,47204.83033604886,159782.1013376689,88333.89533615293,59707.16901624368,58926.46632683942,181429.6677674286,49864.31491731599,8205.915993154584,26017.93999827168,66687.39282722678,36218.70107482849,50155.57944069847,2406.37584965915,44488.90407523577,28368.75498183334,17260.36271002085,25946.82851345421,61752.56577289122
6141,37536.45085229581,23167.58071544514,74229.10070022405,51831.14688643302,80280.38036043594,46332.59361364526,15864.84823765233,20929.94722592137,38153.70343105128,146326.3206107906,131634.5638731141,64129.91246563377,68511.31281362909,45733.47174361227,159705.719199122,90171.76284259814,64498.50051161959,57204.66805414337,181429.7604684623,50631.05114093176,8514.752275380119,27304.72955529585,67503.89062417581,34439.36836224087,48424.2368418862,2413.502834447313,43648.12988227215,28055.59405527714,17007.43893508855,25384.91178744254,61616.14460039778
6142,34942.88019300444,22233.60829869463,72755.62406867738,49837.81207699697,78978.78533573097,47676.20858912479,14408.38368709914,19017.65483447189,37403.56019666478,145306.8094614071,126618.5133745642,62245.81295809198,68902.08903310604,42698.36306363514,157157.7607591207,89239.85228483415,62215.69811615651,54313.19349812744,177518.5074617864,50631.04877804276,8751.768853183203,27432.29773321751,64266.08655198404,31271.03351550668,45001.23334073934,2277.737376547782,41731.14680990356,28059.55210179151,16823.49437068952,25128.19465948461,61799.65426573616
6143,30869.69277054493,20846.1326103744,68542.0472913975,46542.6437138914,76420.73373343269,46203.88320095297,12959.44562902957,17962.35898507285,35407.49788284294,149022.9276009099,124818.1255308811,60677.26261752479,66401.70421314772,39692.8045346444,151049.7618207788,85427.52103277811,60172.80295681089,51187.11419801453,173600.9864812239,48237.17555297499,8682.304537016938,26205.98121881039,59429.91455937828,29189.33691511519,43205.57845925966,2064.456866901114,39688.48951551793,26368.8262076769,16533.62361456985,24883.52094943052,62194.43608370554
6144,27658.10452880681,20049.2047084384,63935.15652160246,44242.92900666844,73451.98195349224,42769.89141554246,11843.55489216659,15953.82033806042,29515.51430505615,126333.2935319404,108516.8869162768,55042.61887054688,58825.35564305614,38272.67148303337,150269.7226508507,78491.0124023532,53597.17036257257,45057.89196839507,153977.9291709171,44814.90294850982,8183.679438885491,23888.25800923257,55412.93440608188,24805.23490783622,40988.05545022504,1846.441106887359,35164.71052236166,25440.89279800647,17247.85210804854,24739.59975162594,61694.80740819526
6145,25838.881680033,19100.25651241701,62329.33076442844,44020.70951883842,73279.0671586325,41849.4088213546,11329.30016647537,15285.49386163062,29525.62880901614,126093.3059808694,103347.6990282354,53332.85919708785,56679.68040798424,37424.24974655071,147711.6814346381,77542.87551090575,52021.24562365485,43718.99857331622,149900.788957348,41875.88259879341,7557.616643760146,22784.43698720195,52325.30055104646,23619.39056052883,39881.54898097975,1766.101279017933,34243.31263895041,25047.88744431739,17045.51387591942,24639.33758526552,60647.02519043012
6146,24537.23092706651,18639.333615789,61366.08491526101,43572.60813094226,73314.05681300143,41381.25322671346,11233.01413347632,14750.74508080673,28730.25442598062,124377.284552264,100898.6008978455,52706.11604522722,54888.74117047848,36438.40067435313,145022.3683635005,75336.75162422952,51800.0937850832,42482.49094533399,145031.7726217264,40432.71324206399,7107.287955606822,21854.10809596251,50077.41507466097,23388.00678571355,39658.85204400102,1722.498097602114,33151.88187998652,25048.77444585812,17322.7921935048,24304.35248231134,59664.55376674705
6147,23759.29979769894,18290.87653558905,60421.71474943899,43063.15430900103,73031.1358941546,41212.78837274769,10873.00253224114,14484.40682086656,28203.99742426447,122538.1482615247,98738.14946320947,51663.16663263299,52388.56790977026,36088.74403128793,141199.0197930846,72800.46818041305,51600.40015288366,41886.31512571051,141794.9376430839,38975.04866889714,6265.366293574883,21221.35658289203,48589.37099709288,22910.0705615348,39220.03831604325,1649.146137949105,32829.02799701854,25119.9894396501,17360.26223623293,24376.31635576623,58962.12725873925
6148,23759.30805718676,18128.29658293758,58767.99765269239,42502.73673053697,72802.35564230704,41212.78838084564,10969.421826335,14221.43869393202,27760.61338021952,121437.8932104566,99147.524239722,51496.33820738301,51647.04440120406,36088.93231231895,139509.2229881015,72437.85781601764,49466.85566796314,41562.32742074296,133927.0763329179,37756.41970703967,6049.447355843139,20609.50436856329,47464.39376262759,23150.88185723526,39215.5435924354,1605.708442128205,32822.5471946505,24970.51306799688,17195.39404857847,24285.41526776581,58702.30558066315
6149,24260.69665268852,18195.79653228806,59449.44051656799,42502.78101055555,73451.32718924264,41388.98565266043,12017.19766516632,15723.4954895771,27949.56813608993,122795.805964415,102713.4759640961,53170.08948090632,51315.76619796083,39095.79303492082,142176.8337874564,71710.46606781933,48714.97528996613,41150.43614618418,132568.4630098992,37504.48244385287,5973.102200077153,19959.46488405099,47465.33627907879,24376.67729725416,41113.10564681353,1603.562858186304,33633.33486807672,25358.08879800926,17345.27421949098,24745.55495855506,58751.83474355828
6150,26410.34328995239,18949.42476087687,63801.79659702011,43650.87395386201,75874.5646839169,41892.86590292657,13416.8453286112,20057.70009643658,28310.34199229952,127721.6488844137,106341.8059279532,57355.20439194039,52626.21303964737,42168.54929995087,145232.5584556397,71711.53238927296,47694.40148669702,42258.94983618749,131532.1941948517,38476.51869615077,6083.019797056325,19685.34588970256,49315.17711530051,27786.6580995632,45228.83455297846,1603.58419202012,34664.4883321516,26718.36942369567,17727.46865776306,24691.97327949816,58704.93737944913
6151,29487.74349390035,20164.48683479653,66643.08446991038,46853.20786324709,77422.57904915145,41558.80622257919,14024.48740452326,20599.93908710905,29496.74084136968,135601.2881612901,118231.8795676252,56466.12751380973,53103.76657367143,44767.37464084588,144193.2001449532,72437.22756979453,49269.70810816195,45409.2858735349,134530.9233919097,40426.53908858832,6049.916742350958,19507.47225430593,50861.10500696488,30100.3696778931,47204.26595299492,1742.658223311994,36097.38586022397,27550.59810228925,18267.03727444536,24850.38610372397,59138.05741276103
6152,33369.26485305586,21748.19600561521,67562.41983347513,46229.03220768317,76231.9337048179,41921.84679457008,14377.2633911368,19820.79864236457,31775.56708612023,139299.9198307349,130116.1182231697,56066.40515518648,55518.83060681667,47246.32656950698,150380.7622035262,72439.0110829074,50787.09810021471,50204.88774609151,147726.5902726132,40916.65197830561,6277.822080148068,20465.7327902088,55072.05359351131,32816.23884681726,50717.21636750194,1972.870433091315,38346.40047099931,26652.24499395167,18222.07322421953,24165.62005338848,60225.37048346317
6153,36218.13064516302,23717.71804010945,71461.65840841061,46268.6826265518,76897.65836060481,43300.14051102979,15408.04735405267,20095.18051970559,35757.51169575268,142380.4803202309,135381.9933300974,56547.43942480434,60840.76663322568,48852.75746218668,155362.2712587996,77503.52197788375,54356.61556547775,53352.38509688977,173976.3495327302,46072.4712572354,7302.778041309194,22576.89256513969,61451.57423757981,33994.86362046062,52486.48637761755,2203.449241161643,40117.69554550348,28033.00936671699,17817.39675996127,23744.40729939043,60577.95960530055
6154,37260.86874213224,24690.77323052911,72063.83707578597,44246.1749917277,76760.8683276398,44674.75717154129,16116.93991536443,20375.87752314494,37610.20025596557,146199.6339490971,134019.3916708409,54861.03741763696,64228.09503858452,50191.86151003907,160255.1312772582,80032.4220081733,57186.15851843701,54340.24291258412,180666.4686276253,48461.52497569869,7954.961679058361,24015.49350162494,65207.56494448893,34680.02746025794,53844.83747901257,2245.87450433327,41291.40287020452,28395.16121357494,17495.15439215003,23959.82433464555,60833.38004258204
6155,38314.79782282704,25458.45591610309,75175.83364633113,44251.19574442373,77575.66258289605,45365.06314089743,16661.85410029004,21546.46177290972,38422.41785682024,147312.949547162,128652.8367651649,57168.3636318639,66692.52943264248,48305.70515948714,164467.6099266455,84760.23076223851,59109.88132476929,55565.72181996798,186662.4274449953,49157.72132409646,8259.9005414654,25428.70433267763,69757.44794197916,33621.11780313758,51164.39769281892,2301.883047695274,41405.32674884235,29133.17387271644,17300.31016926515,23955.86552757904,61393.81008696745
6156,38330.62067537206,24925.86482447384,72257.05526092355,44983.10085844355,76181.22299738653,45360.82776027655,15069.57088505071,19892.13332931216,38671.42192930738,139073.4729938301,135529.9358447698,52495.57429686148,64940.23619096897,45483.30504029249,162439.6467150431,86965.42438647078,59190.78725910813,55104.96435530194,177159.7609369486,48029.21429745676,8259.906281723614,26281.08168777146,67092.33132589067,31984.33505116915,47195.12151458738,2218.042567633352,42231.55220655163,27935.61937961501,17300.31016926515,24265.11238717948,61534.20257660627
6157,36749.79606545755,24453.70492275125,71674.2846178171,42488.93107499657,74516.9579786858,45019.98933863117,15050.5801044774,19293.04620504322,38918.38240463661,130711.8419127022,138198.5323704814,53689.02153165432,64638.62971728396,45838.11295688946,163453.6549354029,87933.92782021785,60989.83615357347,53684.11007392053,171283.0111488088,47247.60211570898,8580.731890807587,27068.09673444986,67556.490519551,31859.14853883796,47638.46171918626,2089.151937146842,42521.75044184359,27874.94491912637,17495.15439215003,24480.88295330746,61659.01033097951
6158,35720.82815861225,24794.14526014242,73866.11273602907,41922.67234018779,74051.6972226724,45013.73859550796,15420.48757083397,19560.52799551296,39144.04747366934,138959.2892410397,136438.9796172439,55389.85019594018,65619.7681966827,46840.39042592974,167496.3785715636,87026.87213503326,60997.92831963356,53137.78155749528,181489.8999619706,48462.12841735635,8603.856158702798,27275.12433613777,68248.8264886039,32805.26661600195,48086.67077555327,2051.384804785455,43446.28928322753,27838.44386867577,17555.10646086436,24692.36111848554,61495.20265703868
6159,35715.87120341491,24753.65220451735,76866.0278044487,43080.35953988569,74498.32915877136,45207.6327178281,15420.47311979427,19828.57192285996,39050.75441662249,144870.6272587131,135419.3728924439,57604.73509259312,65619.75484013643,47530.17063234536,169538.700474245,86267.80010586148,61006.92092373096,52738.54997079127,182538.6317128043,48463.71178619826,8488.586671672736,27003.94665994463,69037.77636364801,33508.62822864643,49424.45758458127,2043.780410590522,43876.49186911011,28174.52166882412,17450.19034017767,25008.61484732178,61493.21501554094
6160,36772.51657251516,24907.62066300929,78157.10261391467,44828.22210747054,76098.95865964405,45533.45718726917,15767.22052247478,21292.75201180501,39046.79172027317,146599.4211340141,129808.965629394,59607.6318770487,65804.62092607401,48931.20747653407,169541.6912148605,85143.9627003883,60930.50377447056,53246.74526323302,182655.1104840416,49029.18311829195,8184.200543106857,26850.78370874488,69025.01197375958,35142.09189095297,51612.77261982499,2050.421277157458,44706.64728053477,28968.48536226587,17337.78021199329,25793.96644494613,61544.56208533826
6161,37792.44769405082,25077.37695626332,78632.38073130946,49471.18255439623,78991.58419705837,45711.08327066708,16294.25812790494,23300.84488266505,38795.02061318292,148821.0585915863,121329.8681022288,60515.41918918564,67050.14485878986,50885.7255740313,168523.4241485916,83575.65908741996,60268.99080499114,55872.95831564078,182538.6228162961,49679.64950322064,8183.677891838758,26732.48278478055,69037.77717480183,36264.77729816716,52059.8509349579,2131.090385263338,43330.1184825324,30488.23947785512,17375.25025472141,25849.78234313411,62199.5459171255
6162,38314.81143799947,24793.84703325008,78941.88850559687,53718.61113340812,81331.15230977454,45533.04544821237,16207.67430384651,23567.60978882797,37433.48236335295,149441.1464736451,120605.628645471,60262.31538304593,65265.2943415015,51880.21746707204,164469.8459237482,83576.99661023734,56324.35575405929,56584.46453038761,170283.5771210662,49667.32531444885,8031.635870198413,26100.23779699238,66832.46511496564,35787.29340697826,50311.01582465153,2235.160428214876,42582.74361834655,29366.78402881079,17532.62443487818,26106.57275363612,62163.28226606243
6163,38314.85567331927,24260.7900182033,77720.58376271106,53237.92353443688,82434.94521758753,45018.44733005536,15247.11065213543,22767.28587263657,37039.19923572346,142925.6621239241,124477.183479546,60848.74149200534,64902.06657719065,50906.34590178338,163454.0388790779,82588.426685281,53494.83677577033,56913.48651756431,170381.1135590291,48220.39221539007,7414.5634298563,25304.52313897854,64493.39321193338,36228.04869669674,49410.76403077259,2302.291993376783,42708.87617931502,29126.87454111355,17487.6603829058,25536.76786811414,62393.38697008282
6164,38260.24055702158,24247.30023607181,75526.39575563252,52601.50882910257,80771.78522921806,44303.25954904347,15769.55262366124,21922.31163151074,36221.28192701384,144656.5687347687,124477.1810573417,63327.54895764423,65822.18960941903,47855.69400540891,165482.0724621406,85503.29801086162,57224.20753985873,56118.31505916664,172338.283705887,49708.61442780951,8259.329343514779,24737.03737172242,64504.12807565673,36228.3743362537,50298.33253655664,2453.371633318532,43406.71314988815,28238.74877352181,17487.6603829058,25792.12777544772,62391.82888490584
6165,37788.83195385566,24153.83907029851,74188.24101635296,51783.36876545446,80477.70580496384,45012.32294682805,15730.59294363935,20642.51829749674,35665.41709289076,140234.9973756635,122340.5791153016,61375.03908827182,66837.88727090711,46405.04530538864,165393.7687430227,86965.42358117225,62061.54841139716,54409.92639517701,172338.380797398,50409.7610528677,8560.914976401422,25919.74753090545,65272.63195506151,34431.287633362,48666.18064278078,2461.199896941951,42577.96449951649,27904.98940396576,17240.35810055085,25323.95802999651,62224.13534964417
6166,35155.10749786308,23111.69750700942,72611.79944821884,49561.43666701301,79061.11107701054,46057.64098474825,14279.17993543291,18594.05923043348,35039.4979307686,139255.4563508847,118344.3707156644,59765.56238162465,67227.08245426096,43412.65685320454,162448.129740363,86224.0370280225,59756.82511269063,51540.97105235568,168241.8842484596,50409.75889210941,8792.36703930759,26036.99761208056,62225.14670827987,31231.3394825217,45439.28513946955,2312.075431690204,40688.39992045773,27909.20779456716,17060.50189440789,25110.07012297144,62449.71165845911
6167,31018.85877452803,21563.52964153603,68103.7825309397,45888.37566336524,76277.04818120343,44912.1876264344,12835.26731513001,17463.61999383893,33373.98447448455,142825.8833862039,116910.0300873929,58425.64098881022,64736.81390680085,40449.40262318362,155386.8058119498,83191.11600048523,57694.31279015396,48439.23810039783,164138.8228638149,48220.66689296233,8724.533559370982,24909.86925449791,57673.24595401718,29128.87193749577,43746.50549124418,2077.808612708778,38674.95863020263,26107.27287657702,16777.07381574848,24906.21637872065,62934.99086770709
6168,28338.71058314497,20797.85696996194,66469.92121039606,45169.97629849577,74060.21750473636,42046.16706505199,12006.28434156336,15755.92552698623,30091.01233603616,156832.3006766529,129635.2442965517,58213.77952080165,57666.54841715391,39405.93447748109,150973.2169739269,71036.60775354561,50076.51770966632,44832.57670032159,181865.4921263995,43765.37718259409,7883.984179200943,22787.16202001078,53552.31171861094,25188.7806105997,42952.41223258591,2004.88981152321,34511.76884522192,26867.2333724809,17573.31550836163,24749.89688319388,63059.00820080024
6169,25990.06852318922,19405.52496790266,64974.49395034574,44182.62765097119,73140.63480292996,40621.23486416739,11522.94064468865,14889.28539885388,29518.59381024727,155913.17043697,123372.9055681647,57925.97771370684,54286.60916161337,38122.68793071357,147659.8303536041,70737.10668653974,48069.94045961407,42359.63118727518,172879.603676318,41984.24155972711,7326.940643576081,21672.08515404192,50622.47047649967,23915.24871771934,41330.89422279225,1853.824410792568,33554.87543420774,25213.22913547742,17426.05648903147,25163.40145603367,62212.59017422583
6170,25057.15776843058,19001.60100549005,62075.12924839475,42713.38453750323,72960.8998792612,40305.87907229337,10928.53629015062,14566.00266407727,28173.0641510602,150832.4842446028,118694.6783805702,57363.20669714604,52829.68240247276,37933.32466644202,145437.6536344434,71018.34580743972,47105.47573015669,42007.17652915767,163270.1023753145,39729.79112251398,6899.956802485889,20912.9661131966,48677.22281883914,23510.78390990861,40532.13569494033,1777.586156143617,32700.93056743942,25101.6359651153,17194.60329775814,25018.54427309044,61019.08334305321
6171,24722.42729311962,18660.55713270375,60192.33035330816,42741.20105351161,72916.08654504473,40410.17550866223,11065.8659598753,14253.34475967511,27286.11940380938,147632.8132541179,114966.7149083078,56899.45602993778,50998.70467471833,37752.95729396753,143552.0108933991,70544.49322124869,46176.0105020405,41166.08560437784,153214.6585706628,38414.45614072555,6550.920254536672,20372.02195010977,46690.75211814771,22900.35898933943,39886.67875025359,1703.507858710992,32709.65001468309,25000.26653620673,17239.64427399638,25163.36416365187,60676.47732088718
6172,23771.65591899649,18263.43257473622,59232.55061022256,42467.92278843233,73894.94433411275,40404.72746882044,11193.91289921022,14549.2471015443,27269.54836062793,146308.9575668304,111848.8241088733,56897.30275413589,50497.96617698018,38669.29989742555,140915.8166117771,70393.32171735045,46081.72299068468,40865.74503614393,148218.5818339249,37759.32103259562,6302.997759059596,19988.25525835413,45715.98106073695,22906.28087772247,39434.33332031852,1632.326203245513,32284.21007808297,24611.75602689623,17211.83991659125,25301.26308704683,60672.64925845904
6173,24675.47417174192,18457.8569760808,59164.97846432549,42468.05263991684,75157.92682375017,40958.82739836412,11603.08343343891,15734.13323625218,28431.73775566545,146194.0783236726,109745.9597236933,56898.02842926594,50335.84135787709,40630.14251515374,143985.8510494838,70229.49795510367,46542.70984356169,39912.10241703488,142063.179481737,37212.11681589679,6164.509798485982,19593.17007697521,45690.66397251935,23511.58659182167,40376.71882453773,1619.814847757973,32721.09014071824,25601.23550315886,17606.59298553392,25508.17940367971,60433.72525193213
6174,26600.71643599786,19048.81886527603,61373.0192283144,42563.47142242276,77070.65918069518,42283.51405829502,13291.25629494485,19416.9317846184,30282.94494532233,147962.5253484785,111846.8707515764,58192.48547334555,52000.08709239966,42347.27600788611,149921.215425923,71353.77481911506,46503.62996662592,40850.93767681875,138253.1706099576,38508.54143521497,6340.311678611403,20680.67606650373,49066.45620410784,27325.63783791561,42923.00089655135,1632.925134248252,34476.29505534302,27174.43309440521,17858.30809260645,25577.00744094231,60631.00974517794
6175,28896.52068023541,20852.49360139476,72700.00340461652,43622.51346595066,78614.87016103363,41711.58045760069,14174.80505058653,20504.83182011949,31054.17065547686,143148.2858164784,105776.2748211328,60579.32880718447,56268.97606011098,43543.33844209868,152946.5704960386,72499.51885810083,49054.3367956432,46834.56060011695,133802.2932260495,41269.46175913198,6598.280021272138,21985.7983620021,49642.47814411264,30665.21641068999,47039.10164322878,1793.242983262943,37328.55725973303,28386.87643812605,18076.96735242168,25191.0586648672,60541.97250774243
6176,31649.9764124817,21655.83485294893,70742.69704948735,45170.92122912512,78249.87162657862,40471.12769185326,14540.47778935672,19810.82832428119,32411.80269349182,124916.6706735112,101390.1833409967,58807.26029428418,60830.17623099067,45472.38542934741,153170.1571594344,78346.86474626655,50766.11536126809,46030.55823203489,129566.3062920771,42517.94326317604,6850.440177763763,23099.32763915652,54194.51044863163,34545.86201282177,51155.96134747654,2004.335341061989,38137.85295124484,28114.55772673819,17421.96749777727,24619.68406232414,61120.02107072452
6177,33708.90916360095,22950.67445613634,71305.27122660173,47872.01206652856,79122.20220100084,41430.21987832004,14579.68022073128,19881.85648039982,34900.25056478397,123992.0516518837,104571.0370825874,56881.62967014648,64338.53834266981,47139.30592895791,153170.1571435143,79743.73100431393,51645.00197011082,46361.02945417236,134000.6232572955,44759.17320454196,7498.088280150222,24291.45309144053,60305.99969675491,35740.18211026878,53616.68125457738,2229.764763529353,38688.087812222,28804.86091097264,16894.87011600757,24015.42740250167,61262.21037314842
6178,34961.8783740093,23857.0755242712,71939.05046849916,46258.26067169743,79730.28835703961,42395.47444278945,14691.53322991675,20825.28045306499,37547.36850403482,127230.721882502,110172.9699542778,56289.09830227072,66342.44448834946,48238.40120689062,151945.5436507647,79037.66968776504,52501.94853583496,46358.93200245725,145463.9259260548,46275.17593627235,8097.199092963057,25695.66169592758,65092.58076179156,34514.40419605481,54599.52581657267,2362.789488243875,38859.94773052247,28080.6712059124,16474.70278491491,23715.32266351884,61943.15779394835
6179,35571.97643927958,24136.29634882791,75143.03303547147,45169.97602393236,81562.22157864574,42142.02301056634,15093.92662625309,21914.11238778476,38219.662735044,127793.9479455616,109547.1645309762,56367.77289818393,68322.35830707985,46848.32317274221,150103.2647595466,79645.02798221738,53078.46555296593,48722.14312033146,155696.9896462467,47770.47858386842,8055.207061486018,26500.77306236402,71753.21714582792,33264.9371490705,53095.66275502703,2400.632639222859,39110.58214326041,28387.01743074066,16487.02473252061,23783.59792727488,61747.91630200209
6180,34978.47503748552,23393.45590373322,69246.8626868258,45170.38495647594,80068.76957877322,41483.95253916243,14362.60150203161,20512.4255560655,37771.20652536521,124587.0548735704,105781.0908012734,53675.33295061929,64310.60153070156,45664.7988191721,141468.9305025994,82473.19880143083,52396.04426897906,47115.14311029761,160681.9315215138,47794.23705328172,7867.708177733572,26522.05910622345,67348.51344464712,31868.32869195415,48959.28244354325,2361.071589211465,38743.62784556112,27950.23022340783,16935.46317337777,24060.72262291812,61790.8340723898
6181,34366.43698382172,22374.83247491263,60542.56934467149,42945.41607296361,79064.35421903178,41177.33148388301,14469.82426769783,19570.86099398642,37731.77657555232,127960.8261755638,102593.8366963514,53018.54675523028,61667.20407466713,44890.51772471402,142705.7169911347,81232.33655918145,53088.12415484022,44832.54151407293,163013.3875516617,46518.44388272008,7914.718990998395,25562.9720800536,65221.8296498269,31547.08485135943,48469.27064374094,2180.437822558748,38535.55717616979,27737.54136965457,17165.61137678343,23785.19708950503,60928.45912009368
6182,33462.06495973505,22094.06208866424,63005.63638932731,42000.18844818703,79409.53406527574,40872.64903795819,13860.80725484943,19709.43999956325,37242.21018764345,128254.1389791337,98875.77174809974,53386.39026872617,62251.43706627825,42636.65264389045,147655.7042781896,79202.20113459765,53117.16887114955,44374.19581356341,168157.9054913133,46768.7460720861,8055.52855157317,25390.89095070003,66302.17609172362,31680.35470618145,48442.16541063102,2159.041073281923,38949.56828902307,27558.42187276806,17250.86661044986,23785.05291476329,60499.31857171661
6183,32866.97585137959,22028.08007405687,65984.06013429363,41488.21801082343,79892.13830015149,40969.54452875171,14361.63415929262,20195.82171672996,36568.85563359948,129480.4484188779,98184.87654416263,54514.9768221056,62204.54873363131,42337.25504362927,153217.0559403143,79073.38922123786,54042.04405754528,43915.72172598913,165665.7633504467,47769.95837397144,8098.412695149787,24732.77408565599,67266.83573601177,32069.57337146265,49940.33163871134,2114.203171340852,39800.72668358526,27039.92110964065,17194.05440598218,24198.9884021082,60775.42246465263
6184,34367.90129513695,22878.03672396791,69318.03979612733,42469.04844447073,80281.08816272645,41923.54023694409,15226.02423808965,21529.36300737222,36664.49064493002,132587.195293984,102638.841431716,56288.50721053623,63665.34590053425,44826.39766614656,154393.04465068,77598.0239928494,54431.87122227547,45136.93450036211,168158.5843509386,48027.03778235388,8139.220367374184,25612.21382249279,68247.87689541701,34090.44043519429,52882.13845209248,2159.549762858787,40587.71560883729,29226.86484420572,17174.87734798494,24949.60353556138,59749.6130948978
6185,36118.49138445186,23934.16920839963,74958.98936295038,45657.17212454836,82562.49917600791,43479.37225789659,16054.60758219014,24271.62201901338,38202.981388493,137303.8885784411,107035.7084136683,57646.69048891731,67320.45390771222,48978.78214404549,159892.1169687379,78859.47420067788,55957.26388753997,48512.16254694334,169299.870504997,50514.25838670401,8444.449743385883,26690.97381515502,70205.99041956139,35943.66557325592,55085.53385650198,2231.287930780618,41609.42464856184,29797.12327796012,17420.62455188379,25922.04881793409,59706.7759745695
6186,37410.65970803318,25257.63348779129,84170.96525754748,50689.95148747722,84001.87457533577,44636.91278170816,16835.00761446141,23634.53106081893,39467.52280535628,140151.4108746861,110171.5408714889,58615.94166488102,70001.90365487264,50965.39631414042,166645.9606035023,84428.21893111698,55562.35288770791,50390.75300547937,176882.3031750152,51272.13449063944,8569.921423740108,27295.76323652533,68367.94380789691,37376.07376394069,53895.77171090093,2302.222382083197,42341.14852094186,30192.94800579333,16954.57055045683,25787.66075799973,60181.94331131799
6187,37983.06505635361,25868.73378732526,83804.72135431015,54518.56095169533,83608.7907798011,45181.42932665665,16482.82808534535,23606.96069296965,39370.70650968485,139630.9395341429,108963.4157666896,61619.99525130815,68811.71819665647,51556.59608796955,160020.9602916542,83210.70508670657,57143.04144923737,53998.61265201763,181868.4385062261,52026.5300063211,8918.065743978894,27833.41822163903,65334.90387938705,36377.25353056368,53360.9142140816,2325.097055133687,44256.19091945606,30158.25952607149,17501.01960434159,26183.89861015391,61427.14438147568
6188,37983.06505984646,25307.04526348682,81001.38289091403,52293.41205226819,83725.04531679394,44448.89204268878,16070.69685569942,22695.28265125705,38605.14223462092,139111.6237266405,108828.4532667035,62528.54593771927,66836.61705663914,51924.40118420352,156120.1584799943,81700.36441582386,56217.20713292067,54608.37449702193,180620.8190147016,52025.4518787527,8911.005628685756,27908.8277219988,66288.7246300871,34924.76914136838,51656.87452976,2517.751394945915,43365.42434325977,29607.91895464939,17177.42073377214,25654.27925016627,63408.78707380298
6189,37377.69007291748,25299.00771323755,81036.53552330099,51802.28969925507,82242.14127889606,43872.10329947485,15206.17330561896,21291.33285883708,37730.19853537423,140071.1976227579,106628.9488381313,61056.61347927764,66159.66822212182,50851.85203783392,155007.1030493473,79762.02889987497,55228.12855890488,53407.1637913815,183111.6119283786,51447.85178623086,8741.692469684402,27093.56608127386,67653.93149414318,33292.7685229597,49936.75500040808,2541.516386750647,41764.52025739538,28631.0267570169,17005.39283663655,25370.59532724503,63627.36321367764
6190,35223.64951744281,24521.59921622135,79003.53259678814,50485.13890977995,80991.56396996278,45796.26881226605,14167.78594910562,19102.98275513341,36009.90216471276,140089.1083848932,102013.97967589,59443.88364361023,64310.13841983859,47486.40317165069,151892.9973006014,76927.89965974285,52595.80486035394,50825.9837006226,186894.2510105575,50250.79548605015,8570.253597335724,26086.8131505979,61729.21738448321,30061.13946115362,47000.70119334628,2477.560318801776,39282.40947921283,28988.17995935975,16881.49726584937,25432.86419782254,62993.89085039768
6191,31670.64183762925,22736.55693423377,74650.97267235763,47421.98027048237,78521.47268310268,44209.49520932473,12761.79262888279,17703.50077012858,33809.05501519828,130449.0739904829,93296.9022102187,57677.74350522913,61147.10647558379,42639.52375170249,147520.9489002282,74096.46569813779,51115.6439782172,47594.36809998128,190332.6841072274,46839.38731350227,8227.113451265304,24160.76108502308,56496.7167509701,27838.79543474151,44790.9728129282,2211.330156825141,37745.5123553326,29048.01690931447,17454.35307105304,25376.10394852439,63214.67589691481
6192,28200.39640596492,20940.26309081995,68744.58778894624,46251.24567359217,74656.44247971459,41502.4977797512,12221.62082337043,15799.71306693383,30295.15117304697,160341.7525893495,134920.8087002835,57118.60195572481,59014.66197178748,38453.26183278642,148033.7829456748,69429.8833043197,47913.43936457822,43391.71543739558,189431.2967350096,44773.14491955126,8217.11191865965,22947.3128579616,52552.80354454099,25193.59032191429,43363.78307142777,2007.006006466713,34507.70580283822,26598.58198654195,17518.87436406414,24521.43820609989,62296.64319071095
6193,25867.1951709303,19518.3635701938,67426.84633416333,45226.75724604286,73818.03139434535,39566.51431043365,11722.71098369163,14944.22179919466,29657.82578718734,159451.6797918807,127542.2943369801,56786.60436732649,55389.02327159367,37156.86779504815,144638.1599534411,69105.81824348323,45576.84246121394,40984.60387947629,180395.203806096,42776.34535088787,7605.278594448937,21833.07308226081,49379.46269126009,23906.01461475398,41591.94884909032,1857.579405762789,33511.52149452731,24961.60090872885,17355.28376673767,25080.02100464694,61651.08361604395
6194,24940.41770990631,19105.86189123039,64871.98247527779,43702.24756977159,73654.16168242508,39138.0563110688,11109.16376430201,14625.097923396,28159.72575968551,154531.6147379205,122030.2375806131,56137.41240357665,53826.18748020215,36965.56441115308,142360.83007165,69410.12357947147,44453.75323043779,40641.532155202,170732.01387905,40248.92093536019,7136.297399674942,21074.52391348511,47272.54516512329,23497.0895899079,40719.14467023814,1782.168205178841,32622.51288955045,24851.15626523329,17098.16154776765,24884.34062780761,60740.80082656677
6195,24607.88787417055,18757.57562149722,63212.89665990254,43731.11042264197,73613.30402372224,39279.75861563702,11250.91615281667,14316.46219522806,27172.20984639692,151433.0983508808,117637.8159600339,55602.44667599682,51862.10966488126,36783.3490863837,140428.3867499572,68897.40731870265,43371.41983223719,39822.8324808188,160620.3899517046,38774.32220713123,6752.930251964925,20533.98583818317,45120.97854173633,22879.93323664809,40013.85327246512,1708.893529986811,32631.59036507837,24750.83013953205,17148.19773733685,25079.97062821978,60479.4966116235
6196,23663.36721597304,18352.01773891768,62367.15739279681,43447.55261276761,74505.75798109066,39272.35663885009,11383.08685947534,14608.55791218754,27153.75980326598,150151.0951220069,113964.20406444,55599.96273616121,51324.97075828701,37709.0800697563,137726.7636252165,68733.8372750388,43261.62495289519,39530.48748199301,155596.3999562869,38039.86185243661,6480.622550944394,20150.50724079368,44065.19409354952,22885.92042838242,39519.57500467156,1638.484073173798,32188.68148505942,24366.31821504929,17117.30977232886,25266.25143768601,60476.57696403176
6197,24561.24343964601,18550.57093072896,62307.61413033542,43447.68734870262,75657.25693584395,40025.18424937121,11805.434780744,15778.20112233094,28447.73051047434,150039.8476785934,111486.533062743,55600.79984832385,51151.06052678248,39690.01248291505,140872.9945720325,68556.5772805764,43798.42982940621,38602.23242806183,149406.6071519128,37426.40090659572,6328.513166556928,19755.71865059195,44037.77289776177,23497.90112335878,40549.32051284688,1626.108444395405,32643.50023289655,25345.61388025314,17555.84243836545,25545.76441723076,60294.3505992939
6198,26473.82846283484,19154.08246800042,64253.29676317754,43546.69537255844,77401.15230083614,41824.96916128467,13547.97545548541,19413.62244278093,30508.84712934701,151752.3869059917,113961.9025481063,57094.03792510237,52936.28602508885,41424.7388514266,146955.671317422,69773.0632650011,43752.92252614655,39516.07431939564,145575.3116248608,38879.79956272513,6521.60659972813,20842.40824736041,47694.12780420299,27354.01164386421,43331.64527746196,1639.076506804282,34470.77542749346,26902.61998151746,17835.47369565209,25638.74079572307,60444.81867718169
6199,28754.53925711984,20996.05998403799,74234.41520706657,44645.57399117285,78809.05569171264,41047.91184178265,14459.97900673868,20487.52722786169,31367.52255853875,147090.345050627,106809.306495844,59847.41268225962,57515.49525874384,42633.05553256768,150056.1139801482,71012.77708441672,46723.14142896568,45340.40316971415,141099.5670304764,41975.01838892407,6804.948239182208,22146.55078513487,48318.0230270329,30730.41726550294,47829.31235331514,1797.655182626584,37440.15406308265,28102.5847501611,18078.38308814192,25117.38175498673,60376.9103395473
6200,31489.89277250869,21816.46096512198,72509.67486511452,46252.22614841949,78476.27559827524,39362.57127086607,14837.42828073228,19802.45171474228,32879.09726044197,129435.10535546,101641.4546135676,57803.21956652401,62408.26480534532,44581.86655340054,150285.2499373973,77339.7011248683,48716.45441782781,44557.80469247527,136839.9134866254,43374.66886851333,7081.910409843987,23259.24413379902,53248.37552182373,34653.85650823955,52327.80874280431,2006.457551057267,38282.68015782625,27833.06876724924,17350.74129100491,24345.54017094972,60817.78561953852
6201,33535.28935280121,23138.7977413628,73005.4043026996,49054.92032500784,79271.60550418294,40665.64142213262,14877.89323119833,19872.56613173108,35649.7116418983,128539.7172987503,105389.2517286463,55581.88284243253,66171.66186212558,46265.86547202005,150285.2499210818,78851.13329911724,49739.89058435301,44879.47821668769,141299.005138671,45887.27202053567,7793.260001141862,24450.47465529849,59867.79169588246,35861.34691554152,55016.63965103668,2229.441451639568,38855.50815317232,28516.26728951731,16765.18683108016,23529.27984820091,60926.23282022786
6202,34780.02108907958,24064.44711404823,73563.87826030345,47380.46659167749,79826.01586127318,41977.08408539481,14993.34848020881,20803.85346102911,38596.98777997188,131676.0000014499,111989.651986247,54898.36043105193,68321.23885864182,47376.22152075244,149030.2422177625,78087.16338812778,50737.77825190619,44877.43660265327,152826.3536877437,47586.83580554335,8451.298263380539,25853.62911778595,65052.18633914833,34622.05179184736,56090.59480889712,2361.023086663388,39034.42479306958,27799.53100951938,16298.42136582597,23123.88325534821,61445.58863915013
6203,35386.10814834291,24349.5974632457,76387.16546503104,46251.24538870096,81496.24423511459,41632.73241536145,15408.70100503138,21878.67815694494,39345.51383369905,132221.4201997103,111252.3053646836,54989.11655372907,70445.07944319383,45971.90145458872,147142.2390119921,78744.33501228568,51409.11441747367,47177.73507895525,163116.589899424,49263.19309322418,8405.175972094728,26658.13608562877,72266.3893623401,33358.80630456258,54447.32225684272,2398.455704479019,39295.35047843679,28102.72429166715,16312.10986367288,23216.11291955357,61296.67875001617
6204,34796.50864006933,23590.98208184266,71191.57467941813,46251.66970351573,80134.61932666386,40738.64527669417,14653.82346584415,20495.02327446791,38846.2069210153,129115.9100505113,106814.98085812,51883.21677317539,66141.69422691844,44776.25131288269,138293.605488306,81804.46216891558,50614.45602148514,45613.51610311389,168129.3828225034,49289.82829206449,8199.235039303237,26679.40615001566,67495.60997653217,31946.79681202403,49927.49568185289,2359.323823883667,38913.32870983896,27670.43253724572,16810.28181088313,23590.46691272905,61329.41195834499
6205,34188.49434659988,22550.72719795258,63521.52045614483,43943.00712669369,79218.86376681254,40322.05472312454,14764.49935377718,19565.57143543616,38802.30598691412,132383.0227306703,103059.6426030907,51125.57235404009,63306.13909057056,43994.03732842477,139561.0883142448,80461.82889537091,51420.36155945619,43391.68118786381,170473.8647805338,47859.55918735662,8250.869750621445,25721.03911225231,65192.17712456999,31622.0104697761,49392.05933702349,2180.649623221473,38696.71447309999,27459.93269615305,17065.95431393254,23218.27314841804,60671.68210154971
6206,33290.06799227942,22263.99438062013,65691.92729394913,42962.22413234668,79533.57456875402,39908.09806024921,14135.86887363126,19702.36769643836,38257.22738966242,132667.0627244984,98678.8837821067,51549.90311353522,63932.84199383808,41717.08029315634,144633.9314711808,78265.18910890528,51454.18322975858,42945.53741825849,175647.1253251532,48140.16853419405,8405.529083361884,25549.0871645212,66362.31134566409,31756.74995178272,49362.44142384675,2159.484991908897,39127.72525167109,27282.65671311094,17160.66467302728,23218.07838991716,60344.37835660956
6207,32698.8912156033,22196.6111740276,68316.45644591845,42430.99558441537,79973.57930086911,40039.74507356766,14652.82496971407,20182.49237370296,37507.52078227243,133854.6035391413,97864.84602290991,52851.79908772304,63882.54518653492,41414.61521747042,150333.3127193516,78125.8125084921,52531.17166689669,42499.26867946736,173141.0594973796,49262.6098951316,8452.631233270107,24891.46434902636,67407.14401943887,32150.26070796494,50999.48904072817,2115.133504160247,40013.83296940664,26769.49240610229,17097.55178183342,23777.2432894759,60554.96166898183
6208,34189.94903100136,23064.6174766006,71254.29456560967,43448.72061111108,80328.19653735595,41335.89089700669,15545.05283659445,21498.87837093651,37613.99990157401,136863.133519732,103112.6688127397,54897.67856934869,65449.53273898127,43929.26032837305,151538.4888008364,76529.44316238763,52985.11329607256,43687.97072258293,175647.8079775913,49550.81706205355,8497.452673882206,25770.24388882429,68469.71967887873,34193.41279014504,54214.00405442055,2159.98816307792,40833.13636216346,28933.92792061508,17076.2479161211,24791.21200812048,59772.58104896082
6209,35929.03010600595,24143.17795722598,76224.98975561991,46756.76769663106,82408.22727310298,43449.7213457319,16400.32080851315,24205.85969130737,39326.94097983724,141430.7129608654,108293.2167816334,56464.42888817797,69370.34315665046,48124.18802414995,157174.0449670328,77894.35295195489,54761.38569125636,46973.34454043569,176795.4705380432,52339.19598512669,8832.70385593302,26848.19405436248,70590.5723558829,36067.07428304268,56621.65624162673,2230.948095143371,41896.79768673486,29498.31720368638,17349.24940737096,26104.84006193181,59739.90935210317
6210,37212.70324626698,25494.74728239387,84342.40398301755,51978.85842279638,83720.54892555866,45022.41323786058,17205.853719159,23576.96456656225,40734.86946245773,144188.2135050195,111987.9681891324,57582.52142630489,72246.71673643969,50131.15603188391,164095.5151605485,83919.82597578608,54301.52409395768,48801.92377175418,184420.2665294618,53188.83744870184,8970.516702462719,27452.52945919422,68599.76537317212,37515.27828906238,55321.60204963791,2301.113029533885,42658.5667942354,29890.06806810219,16831.50826780185,25923.30190361374,60102.31754070048
6211,37781.34539417554,26118.82488865204,84019.67696930713,55951.48359378477,83362.16265860526,45762.22038737668,16842.33220528476,23549.74887670692,40627.07511231639,143684.196378742,110564.51142241,61047.88724933657,70970.01259134526,50728.41293768652,157306.0861079632,82602.45605118947,56142.18684340178,52313.73614639665,189434.2595763652,54034.57688649373,9352.903864568174,27989.78082571509,65314.64897285954,36505.4436115752,54737.1627703857,2323.739551686655,44652.24254243392,29855.73660530882,17438.56057291781,26458.55994641245,61052.02731528929
6212,37781.34539764546,25545.20836500262,81549.42956664844,53642.63422962882,83468.15540112622,44766.95894859375,16416.92823904129,22649.79908398788,39774.70307153904,143181.2982544099,110405.4937154722,62095.95793336357,68851.33453572485,51099.98637773094,153308.4686133503,80968.24270334911,55064.08152925162,52907.26510890085,188179.6695903037,54033.36821679114,9345.149329181155,28065.13371602327,66347.74193072993,35036.9420176908,52875.15703830851,2514.303922944176,43724.9002957838,29311.06018815347,17079.073372939,25743.12344655732,62563.41810971525
6213,37179.95036549293,25537.00012958925,81580.40538351271,53133.03798069064,82116.14738545775,43983.30519197471,15524.56260241851,21263.91035258579,38800.54901186861,144110.5361199706,107813.9579135518,60397.99074052109,68125.17595507762,50016.44843871413,152167.7877798024,78870.93192186483,53912.33024074822,51738.03264591724,190684.378652707,53385.83099346002,9159.182835937116,27250.48409372165,67826.41137282115,33386.94458764527,50995.58084476095,2537.811105422507,42058.26165965955,28344.22225218492,16887.96693628582,25359.90891889228,62730.12523959629
6214,35040.0712540532,24743.08261020229,79788.96269316693,51766.3416829462,80975.95860541512,46597.57176738236,14452.73385423711,19103.71219916179,36885.18726372523,144127.8806501255,102376.4340543828,58537.60486739407,66141.19745092928,46616.51889639578,148976.3916970663,75804.35765619169,50847.07102756501,49225.56789618533,194488.1514741691,52043.83239819352,8970.881548048794,26244.48693433495,61409.29325121087,30119.67888523401,47787.35214637083,2474.548850917061,39474.23319812577,28697.69960190131,16750.33088164297,25444.02484474691,62246.97845330045
6215,31510.42233565452,22920.13322650527,75953.57143070213,48587.96028183107,78723.90241437392,44441.70255273718,13001.46034737747,17722.23379922888,34434.78481239091,134792.6069199416,92105.65757994418,56500.25050664555,62748.2338027689,41719.98081687768,144495.8315413609,72740.69972603812,49123.46963938443,46079.98332021417,197945.795219021,48219.3631775321,8593.990761577475,24319.88075961228,55741.91858719014,27872.82806244909,45372.77991044884,2211.206828742458,37874.22970695853,28756.92070462792,17386.7185459197,25367.35024189682,62415.37030726327
6216,28122.42480524877,21000.48296324206,69620.56217868977,47196.39010622523,74849.12909811473,42862.5728664294,12223.71066017802,15949.11172495832,30424.80591404916,162786.1229898885,143309.0584933414,57366.73437653836,60722.45625320129,37008.61188593286,144944.2726843924,70632.37666514382,47941.60717014345,41019.0960632391,200048.6947835454,45013.82934500506,8315.913016180039,22601.32982605291,52324.5684399223,25453.97769619046,42694.07152627557,1985.902803531148,34596.51100059152,26433.99853100139,17526.64789423734,24494.43530804694,62425.64670684881
6217,25795.69072509169,19546.88812860844,68305.95310878265,46251.48466478939,74047.34550063053,40753.03327841387,11741.82607624686,15115.32551455097,29729.39985292821,161848.3052739077,134829.2530818392,57054.60530906059,57413.60004594269,35661.16512518177,141214.1042067956,70258.12246817583,45771.59895219872,38552.67055970033,189847.0307450707,42995.15872569363,7723.101985964458,21534.65890944188,49321.90520402171,24177.70948112732,40930.59713187367,1825.462636961055,33554.6310734752,24755.68185487987,17369.77434107419,25081.12355052917,61894.30247347852
6218,24871.48210094611,19125.19144672553,65757.16238122493,44845.39997911261,73890.63473018035,40286.16508155847,11149.21610341484,14804.29827548185,28094.77511899405,156664.3201161723,128494.4861613311,56444.26448328268,55987.31371768951,35462.32810692467,138712.4059447756,70609.55667974852,44728.5808532017,38201.14516092554,178937.3800861829,40440.05129767511,7268.701720035237,20808.49354109144,47328.30789150337,23772.37563655985,40061.91099785023,1744.493214341903,32624.84306855311,24642.44836093227,17123.2095827921,24875.59739276928,61145.07106261385
6219,24539.8739696552,18769.14158855061,64102.02035565539,44872.02074514491,73851.56201137783,40440.57064644956,11286.13120375566,14503.49308448846,27017.26500125715,153399.5943889212,123446.46717081,55941.31398148053,54194.84303647796,35272.93704064975,136589.5733512259,70017.43418449673,43723.41288209397,37362.27180252459,167521.451653209,38949.3012120556,6897.253705042007,20291.03198854289,45292.46292610804,23160.63915146653,39359.94728991156,1665.817790837675,32634.33693375714,24539.58888864074,17171.191282063,25081.07063938045,60929.99797995208
6220,23597.97132883655,18354.54348600467,63258.29148359299,44610.48990662407,74705.02752133446,40432.50510079323,11413.79159631695,14788.17790840664,26997.13357058483,152048.8224707123,119224.5449113718,55938.97869396143,53704.63550279573,36235.12382843269,133621.7793878494,69828.5314524916,43621.44587609586,37062.72309296695,161849.4141399703,38206.79627448518,6633.412226669016,19923.92476808768,44293.46367132318,23166.57376367265,38868.00111460101,1590.218768133729,32171.11153682655,24145.36760913207,17141.57157958637,25276.72428463801,60927.594889715
6221,24493.35882392827,18557.52259235519,63198.88976059213,44610.61417617625,75806.22118462536,41252.82184032887,11821.7269307769,15928.14556966799,28409.02629080331,151931.6075377456,116377.0654685446,55939.76570883082,53545.92030897665,38294.06646907802,137077.9850761411,69623.81855715244,44119.97901708585,36111.59478681412,154861.1962060957,37586.61605865465,6486.032021479118,19545.99039833933,44267.51732005393,23773.18004312259,39892.88810093653,1576.930987154564,32646.79311491844,25149.39158231129,17562.09805619051,25570.30113510073,60777.60884369987
6222,26400.64255403723,19174.48689995496,65139.94733832202,44701.93118666799,77473.93136138642,43213.95300790689,13504.80355354203,19471.33096537941,30657.97638951619,153736.0100892374,119221.8998788218,57343.64038959505,55175.16551510034,40097.10733319553,143759.9427336772,71028.70615610701,44077.71617666704,37047.95477377549,150535.6995443662,39055.93386667033,6673.122054853402,20586.28730169445,47727.21577747784,27595.42619433773,42662.08536411839,1590.854867395233,34557.88660503383,26745.71382451211,17830.24762971703,25667.95567840548,60901.45542367388
6223,28675.03168617151,21057.52361526691,75097.33980444552,45715.4481364787,78820.32797439188,42367.23442604601,14385.68506135584,20517.98922462394,31594.9045446534,148823.8889042754,111001.7325492149,59932.23839572637,59354.27605259148,41353.00820173513,147165.8489587054,72460.41896944729,46836.1720399492,43015.8016607054,145482.6259390885,42185.0547873894,6947.65441937348,21834.75369689594,48317.5548980637,30942.18021594146,47138.53164945312,1761.121667573643,37663.47255998027,27975.97904215492,18063.1831414111,25120.36413046051,60845.56173854283
6224,31402.80336311321,21896.21201141105,73376.69931876041,47197.294417074,78502.08597456203,40530.80725092631,14750.25391105145,19850.29507336015,33244.23192570984,130221.5941109709,105062.5453091494,58010.38078815392,63819.55023561836,43378.56449164114,147417.5599780883,79767.21677703693,48687.37091834309,42213.91907369273,140673.5171000664,43600.03571226174,7216.00565691444,22899.94420616496,52982.72919247755,34831.16380843221,51615.80333557514,1985.313923928497,38544.64587184804,27699.65748002266,17365.41837979032,24309.68685290878,61208.43535524917
6225,33442.53052395229,23248.02476590391,73871.25036479757,49782.2733264733,79262.67047096649,41950.69441092731,14789.33799853241,19918.63058564482,36267.33766830463,129278.1760168012,109369.7254124663,55921.98079829331,67254.12845518574,45128.88023048928,147417.5599601655,81512.72995635025,49637.84076134599,42543.51899660463,145707.7896898686,46140.15953869663,7905.238929071909,24040.3189979944,59246.12115316857,36028.05003287947,54291.94786296142,2224.732969689695,39143.74985799024,28400.1075271032,16803.90683695016,23452.35587994089,61297.69558307733
6226,34683.81211936902,24194.30762717448,74428.39678172796,48237.89234420969,79792.86041996338,43379.70465786876,14900.85334701283,20826.28980132311,39483.20468958947,132582.6939048667,116955.2781493217,55279.36404347406,69215.8907200035,46282.96272207113,146038.9056794135,80630.44124306842,50564.58359664549,42541.42707489619,158722.0579225186,47858.33873518815,8542.818355890811,25383.57032440395,64151.67398076338,34799.63840111464,55360.83591001826,2366.01289803804,39330.87351992801,27665.27285649795,16356.30680232135,23026.56150319373,61725.16460418826
6227,35288.21922971815,24485.81421303008,77244.97278972733,47196.38984346452,81390.12187984632,43004.48271426891,15302.03200233407,21873.84463192734,40299.94534705867,133157.371308824,116107.8777698111,55364.68883175264,71154.16523727601,44823.3397454711,143964.8915559744,81389.39142990577,51188.05656033353,44898.40750192987,170339.6379467569,49553.05725236775,8498.130036488932,26153.73147241103,70977.86227744921,33547.48673789379,53725.31660915022,2406.20450655488,39603.7680353155,27976.12210723964,16369.43324925538,23123.43176081374,61602.60053111421
6228,34700.25397025188,23710.28866858409,72061.73237067414,47196.78119720416,80087.98199098618,42030.24288007286,14572.91459481932,20525.29508562867,39755.13564522704,129885.2766629036,111008.2538468047,52444.66279523668,67226.77917855575,43580.60423178108,134244.4679649719,84923.45162346134,50450.05367790612,43295.64440503826,175999.0340705024,49579.98418794118,8298.59194057176,26174.09348027567,66463.6784785209,32147.87751517178,49226.81537712377,2364.188390205158,39204.22268100404,27532.91450378676,16847.15021295787,23516.62161000639,61629.54243108402
6229,34093.9249675943,22646.84564466415,64409.91052656605,45067.45716326017,79212.23285072943,41576.30601610873,14679.81367751161,19619.42479115981,39707.2339354566,133327.6424562095,106692.4070395672,51732.3598921786,64638.97465919553,42767.58622268028,135636.8264494166,83372.87984532538,51198.50183247072,41019.0609697602,178645.9321788169,48134.04927053965,8348.621295299894,25256.64081980332,64284.13538474897,31825.94344714577,48693.90531588042,2172.344914003615,38977.67220906516,27317.09930688861,17092.3247807812,23125.70068294877,61088.18113735068
6230,33197.98886670428,22353.72131615262,66575.15812047746,44162.86208604396,79513.19494838189,41125.23916461017,14072.63515891076,19752.75033212099,39112.48128833754,133626.9188064324,101657.7915970035,52131.29641729699,65210.92072527015,40400.96134457257,141209.4591236191,80836.0384555454,51229.91217218107,40561.92371412314,184486.4947399686,48417.73214630474,8498.47216929828,25092.0298036654,65391.33412865822,31959.49964678732,48664.42714526813,2149.620332455301,39428.45373093578,27135.34690751886,17183.14632428899,23125.49612505171,60818.78546225101
6231,32608.45071069976,22284.83608226434,69193.44854072004,43672.89974768247,79933.97728676179,41268.68800631807,14571.95017228456,20220.69354823057,38294.45249110361,134878.1611964814,100722.2534309554,53355.27993578201,65165.01849484623,40086.58502486628,147470.358028579,80675.07609345335,52230.11625353374,40104.65840991845,181657.1699605123,49552.46766647579,8544.109882883895,24462.48206476247,66379.9706484219,32349.55459082505,50293.75088131079,2101.999895073311,40355.20778304176,26609.22462931054,17122.62485390017,23712.79575732321,60992.11141552308
6232,34095.37561990922,23172.19096180881,72124.30316629699,44611.56717402955,80273.10243498806,42681.03008966731,15433.73083926884,21503.68091871215,38410.63525517988,138048.0735035208,106753.3477543768,55278.72298804163,66595.09383283617,42700.25826810015,148794.2711483189,78831.47121316045,52651.69391819664,41322.6514130276,184487.2654481589,49843.83158164821,8587.53779590135,25303.74495777459,67385.39585027627,34374.76370786993,53493.09924336495,2150.160590118866,41212.09315255634,28828.31455504713,17102.19572676808,24777.7829481585,60348.15313953693
6233,35829.63631916239,24274.79344583426,77083.18258593832,47662.64282074109,82262.2633076054,44984.36019790953,16259.81286455626,24141.98218708191,40279.67991367975,142860.6651603228,112707.1260542004,56751.71054299921,70173.33175469402,47060.38456513332,154985.056760547,80407.7695524804,54301.32620578008,44688.98054985193,185782.9656986289,52662.75176565183,8912.365801745771,26335.67553161575,69392.17881385802,36231.97070228185,55889.39170077254,2226.350661142044,42324.54531033013,29406.95529710645,17363.98775302821,26157.50702160033,60321.26186814857
6234,37109.75138098361,25656.49036689949,85181.30102093006,52479.07784346601,83517.25384139473,46698.04001944546,17037.85703329692,23529.04304605402,41815.91559824859,145766.0824132584,116953.3430345842,57802.89041139245,72798.38829255915,49146.38809664464,162588.4479478276,87366.42952670035,53874.25063967857,46562.61803729089,194391.288751335,53521.69939684349,9045.893957691851,26914.2107932985,67508.44705822908,37667.45657820474,54595.47139490857,2301.687138770274,43121.25725969605,29808.59830785673,16867.5051097082,25966.83465695873,60619.55114878814
6235,37676.81736958573,26294.47917813979,84859.34115711313,56143.10667962472,83174.5243195394,47504.16904592481,16686.74066009392,23502.51785782145,41698.29774384326,145235.0290078234,115317.4261278523,61060.8701094692,71633.23346477593,49767.16531378147,155130.1069333049,85845.03372436667,55583.68254340459,50160.96543251834,200052.039803605,54376.70226315835,9416.392455467156,27428.52595245431,64400.02010476318,36666.49027060965,54013.78960377328,2325.981360588815,45206.38420447661,29773.3999373302,17449.63179434509,26529.02454397438,61401.23394291823
6236,37676.817373046,25708.07626869221,82394.96574518169,54013.61036811912,83275.88657951984,46419.6848864201,16275.8535679334,22625.40109985494,40768.24741690212,144705.1546293756,115134.6739984371,62046.21860803629,69699.6704114172,50153.37152392609,150738.6339111233,83957.72380397118,54582.44121326879,50769.11961855641,198635.6194940173,54375.48035483296,9408.879013603648,27500.66189511874,65377.54832731705,35210.88506027391,52160.56914479836,2530.591378636816,44236.50416893385,29214.96983304141,17104.90517008314,25777.59040780081,62645.22259168307
6237,37077.08928447175,25699.68506493608,82425.86792986271,53543.59991645512,81982.94345227943,45565.77851320731,15413.9398325874,21274.67438062639,39705.31684393161,145684.2382899045,112156.3346966228,60449.86690239097,69036.95839686913,49027.163254235,149485.5702765471,81535.59486390412,53512.80453032951,49571.07594800849,201463.4124981154,53720.85062225343,9228.694338982006,26720.79110044101,66776.68777596044,33575.37791052557,50289.86112490487,2555.831170311462,42493.41574016852,28223.71816065758,16921.64558035068,25375.09420076709,62782.43513658223
6238,34943.14147866694,24888.0704687107,80638.68365300824,52283.06955437191,80892.56585848711,48414.40760630191,14378.68714906573,19169.28359524493,37615.40453469319,145702.5132082044,105907.2251908564,58700.81652365374,67226.3258073152,45493.34258303577,145979.7496673169,77994.08907404926,50666.08429665936,46996.70123110196,205757.8362837617,52364.15304582362,9046.247459992546,25757.74173215205,60704.71330014292,30336.80534118905,47096.76941820303,2487.906138204462,39790.85622110304,28586.1212077672,16789.66087408977,25463.44247220113,62384.76888106715
6239,31423.27602252418,23024.48603851576,76812.40944574401,49351.58706993228,78738.89477028271,46065.27006098951,12976.93822690857,17822.85531096366,34941.69224478465,135866.4805684091,94103.46881932531,56785.38840319627,64129.81516282699,40403.97609254198,141057.7532345523,74455.95128321637,49065.36781388584,43773.605900855,209661.4835931916,48497.79421273453,8681.074451975937,23915.30038579508,55342.15745300288,28109.68636623328,44693.58956209624,2205.154354361681,38117.45953451029,28646.83770940028,17399.91840548725,25382.9099386069,62523.36808098741
6240,27249.94605105778,20440.37255744575,69059.95283353765,46559.55916162361,74171.14830354655,43751.85980719369,11997.22844121688,16323.85234268703,29319.83028772754,134758.7820345656,107302.0762257054,54938.39770979368,62151.12961412394,35515.00846139697,148651.067664076,78106.91024577153,46162.20501743344,38979.07892183663,171650.3736264824,46993.88163322292,8711.943082798585,24019.5751515344,53853.24976204873,25206.99614084346,39978.64524900267,1872.598494157468,35127.8307561757,24480.25550893493,17114.53929231641,24759.28745205915,61935.18467905046
6241,25543.54950700516,19491.53390402497,67401.01585139833,46327.08015175004,73967.5283939147,42379.14917100706,11482.66861548302,15637.20334065348,29333.15999406559,134500.660900918,100706.0627514522,53687.86539606405,59682.49049111953,34710.13186170279,146048.7399764797,77143.27559206352,44813.38774568836,37795.04842579675,166563.3870869444,43224.77651798993,8126.923100131344,22874.7731836203,50105.16185875344,23918.738761997,38700.27654386836,1777.482667758846,34130.63872523682,24048.38933838523,16921.90388972122,24605.44961216911,61225.56603758422
6242,24322.62577689558,19030.66421440345,66405.91152271429,45858.29063199049,74008.73128963249,41680.99130445749,11386.3254573448,15087.79413775479,28284.95169867068,132654.9760121033,97580.95207300446,53229.46029037758,57621.98170751411,33774.88136666992,143312.8677703244,74901.0915290338,44624.10623231576,36701.56126281717,160488.3886167752,41374.004370352,7706.11661971229,21909.90449182918,47376.44700537361,23667.37199878894,38442.990388861,1725.86004490838,32949.42692221962,24049.36404764831,17185.88573722934,24091.46326512985,60560.17963845223
6243,23592.9411252552,18682.2473586277,65430.3071734179,45325.31613340928,73675.57106482184,41429.76059317341,11026.10026632736,14814.15407284487,27591.40792045221,130676.8736389606,94824.16182239351,52466.63849601648,54745.48603622636,33443.17080595573,139423.3269055937,72323.35128906056,44453.19057021807,36174.34202786515,156449.8382838088,39504.6430372305,6919.388834633672,21253.6611671359,45570.1058818599,23148.15978614542,37936.02025104775,1639.017286523413,32600.01509368208,24127.62086111397,17221.55895968581,24201.88145420658,60084.45583259723
6244,23592.94887249817,18519.68617352421,63721.89488925022,44739.02496232755,73406.16546396214,41429.76060524984,11122.57676462232,14543.97653492834,27007.08078731027,129493.4827513257,95346.5343111442,52344.61881110844,53892.34949722327,33443.34942348701,137704.2752405351,71954.81388051031,42627.11247128956,35887.82831106483,146633.2260303069,37941.82954594201,6717.624899461544,20619.09305776292,44204.49267707342,23409.76825887632,37930.82740838641,1587.590585167118,32593.00118080924,23963.36409563337,17064.59678120989,24062.40683951119,59908.48958398783
6245,24063.24186995491,18587.17833096357,64425.87585545889,44739.07128668444,74170.37727040601,41692.52262879542,12170.97423401359,16087.21301605218,27256.10055307367,130954.0000901715,99896.778204759,53568.81428441292,53511.20778492805,36295.88340522475,140418.0694510795,71215.5325576255,41983.58602926854,35523.57837755786,144938.104615637,37618.73616297627,6646.284704754722,19944.91992077871,44205.63680059175,24741.42702517769,40123.11820269329,1585.050388167033,33470.48421097508,24389.26375513483,17207.28967103578,24768.42485855386,59942.0335940795
6246,26079.56966356954,19340.7195638698,68922.18215086135,45940.16986408209,77023.91794101306,42443.95647803073,13571.45228858655,20540.24214607775,27731.55734035066,136252.0422303007,104526.6182974368,56629.84181603759,55018.90116234479,39210.9308491288,143526.6968098902,71216.61630862606,41110.0877339849,36503.87600174941,143645.1675967076,38865.31031857245,6748.996431406205,19660.6238638007,46451.164083549,28445.90387348783,44878.10082475308,1585.075645692315,34586.46031159688,25884.0504779459,17571.15654241971,24686.21149669449,59910.27199014765
6247,28966.11271475375,20555.6413761186,71857.44303342229,49290.35046168901,78846.81889875613,41945.77511183279,14179.45486993299,21097.34690690948,29295.08910824134,144727.0710966126,119698.6506622453,55979.56366130552,55568.33535357325,41676.37181278257,142469.344452903,71954.17333260358,42458.37596555718,39289.82890487292,147386.6369262109,41366.08641447601,6718.063514387725,19476.14641340074,48327.77054084145,30959.43443934506,47160.35560690829,1749.727995189676,36137.22792445026,26798.57087587963,18084.85094712315,24929.27313773445,60203.60589524695
6248,32606.90616531628,22139.16773019139,72807.18457716858,48637.35760399841,77444.74629060617,42487.17552253678,14532.44015354117,20296.84591271614,32298.30950917383,148705.173274004,134863.2374408687,55687.20343446307,58346.91128125002,44028.09185170786,148764.0296056249,71955.98599811253,43757.0939682072,43530.74822290306,163850.6720798132,41994.62476394798,6931.02805693196,20469.98375240869,53439.45353165138,33909.85411692973,51218.93637205962,2022.280540557349,38571.24637370828,25811.38758929754,18042.04308117305,23878.59835343947,60939.99711376346
6249,35279.08827065758,24108.46241132053,76835.3869180803,48678.83861995102,78228.68611692886,44542.61737045441,15563.83566597775,20578.75011507359,37546.03619065265,152018.502495751,141582.6262329429,56039.03586302391,64469.89730922611,45552.07288489556,153831.7817819337,77103.27880625348,46812.20611287028,46314.1907757213,196602.1020105089,48606.63233963762,7888.790957557782,22659.52337584862,61183.57258121456,35190.26841833876,53263.00884224343,2295.267108505487,40488.24809960493,27328.68351542209,17656.77227598269,23232.30810696421,61178.7908338628
6250,36257.15683780403,25081.40527632922,77457.48209665193,46562.95500867558,78067.60577575021,46592.57564503569,16273.14880320233,20867.14257606821,39987.65809729111,156126.2333336976,139843.9123190436,54805.58753888906,68367.08141577261,46822.44758927367,158809.3501717111,79673.51494718646,49233.98191970041,47187.78816878676,204949.263010853,51670.44052037889,8498.219378193255,24151.53444490911,65742.980851239,35934.6050375097,54832.33860837891,2345.49517189276,41758.50453487402,27726.64534925446,17349.98256252445,23562.83449176272,61351.77630797485
6251,37245.72233553093,25848.999343833,80672.40512058794,46568.20756157712,79027.08603744983,47622.02514504977,16818.38627799336,22069.81901527047,41058.06373901224,157323.6716299663,132996.0535770449,56493.1849445343,71202.45885864324,45033.09797145558,163094.7579881414,84478.60205287406,50880.47586903258,48271.5222464432,212430.3306705017,52563.26768920263,8783.167356876793,25617.21276428948,71266.09732973318,34784.24480480741,51735.57375981545,2411.804735014036,41881.79978653092,28537.63354045546,17164.48180508568,23556.76027304434,61731.33190644834
6252,37260.56387125486,25316.46973228613,77657.09079735608,47333.90357631573,77385.0306967328,47615.70894519627,15225.15838368238,20370.13627802472,41386.22132107076,148461.6159978372,141771.4045945209,53075.46832074138,69186.4130094556,42355.55717631795,161031.68535994,86719.84064786413,50949.72240024565,47864.05822320752,200573.9965529571,51116.02980019157,8783.172720820769,26501.23585683914,68030.90435717843,33006.10464452425,47149.79085721084,2312.544420942819,42775.99051240519,27221.66349550429,17164.48180508568,24031.25499623545,61826.41380999693
6253,35777.78035579402,24844.36433472274,77055.04554578675,44724.58192152122,75425.236030313,47107.41847933855,15206.15633614803,19754.62486179608,41711.68568652697,139468.1757790736,145176.6007340655,53948.36546237319,68839.40917191292,42692.15462211072,162063.2487493676,87704.17474498904,52489.50927054716,46607.54683419933,193241.6642066209,50113.6623029273,9082.965958379204,27317.46997109618,68594.34858037358,32870.10665405535,47661.99052258974,2159.948390320382,43090.06044119019,27154.98947527674,17349.98256252445,24362.32382319125,61910.94083059451
6254,34812.62796593408,25184.76537310891,79319.36638355527,44132.17991715122,74877.35721420878,47098.0967804563,15576.28326336341,20029.43980773289,42009.08525380773,148338.8044620602,142931.3672621184,55192.36556240137,69968.22717555995,43642.9903286258,166175.9626435,86782.29278999809,52496.43526966252,46124.40932177206,205976.6459053896,51671.21439560538,9104.574268134362,27532.18377079245,69434.77726863643,33897.93429175008,48179.81526825811,2115.23517521246,44090.65180516023,27114.87915939636,17407.05971878738,24686.80657970742,61800.00081169292
6255,34807.97843593093,25144.27699183236,82418.50091172256,45343.31570257289,75403.29922247301,47387.25001994559,15576.2688037501,20304.83230182825,41886.13616419028,154696.806215431,141630.3234925973,56812.35062664876,69968.21180860602,44297.36765443289,168253.6425497687,86010.81335641789,52504.1319441451,45771.35479526726,207285.1327419038,51673.24496460157,8996.861505406,27250.93823264424,70392.48586421252,34662.04029735203,49725.38670262073,2106.232190549762,44556.24283597872,27484.18871509177,17307.17469491159,25172.05233358895,61798.65466605744
6256,35799.09176068779,25298.22767685107,83752.27684510942,47171.87431853891,77288.15837860276,47873.15026135788,15923.22192675182,21809.15366620427,41880.91380441351,156556.2286435714,134471.3030227207,58277.28583883539,70180.90366653612,45626.49646232022,168256.6850680287,84868.60627765546,52438.72731647823,46220.76975721019,207430.4615533716,52398.42568358419,8712.430024979021,27092.08888619637,70376.99113343164,36436.5747215555,52253.59013909823,2114.094436813764,45454.68679338025,28356.66044257219,17200.15502754217,26377.06113918815,61833.42986771201
6257,36755.76781724308,25467.96437415042,84243.27435354119,52029.19290082668,80694.43804949318,48138.04306376835,16450.57221612603,23872.29947053121,41549.10960173649,158945.734168102,123651.7617814216,58941.24895917523,71613.90203398833,47480.69916919118,167220.7891007845,83274.66797336221,51872.54538108324,48543.22228000089,207285.121641864,53232.6071069821,8711.941637171622,26969.39586997598,70392.4868488747,37656.21856709982,52770.10851716055,2209.600104249364,43964.92479974097,30026.68957554906,17235.82824999863,26462.70258820593,62277.02275277412
6258,37245.73510630452,25184.46718064261,84563.01881568541,56472.71853487244,83449.45185889614,47872.53623716421,16363.93702311153,24146.37787839685,39754.76505354697,159612.6762089032,122727.6140586405,58756.12674976813,69560.39843583317,48424.14889339614,163097.0326962786,83276.02735864576,48496.37407287603,49172.43223762604,191994.6853979544,53216.80212524886,8569.867037694881,26313.67787604597,67715.45199223724,37137.49775226341,50749.64488898075,2332.81057657903,43156.07091358808,28794.34333478001,17385.65578498094,26856.710452689,62252.46291355784
6259,37245.77659819593,24651.47169946244,83301.32053031163,55969.83835024704,84749.2493245983,47105.11889042013,15402.80348259547,23324.11265662673,39235.14705486538,152604.878516446,127667.8151898369,59185.043638061,69142.49816141945,47500.2611612666,162063.6393401251,82271.29877367623,46074.61878571197,49463.39794715653,192116.3801450177,51361.20321944733,7993.248028924216,25488.42116484788,64876.0456648336,37616.31797477802,49709.56627035249,2412.288893462972,43292.5791332228,28530.71132377106,17342.84791736806,25982.42700231541,62408.30311077959
6260,37194.54865448015,24637.98347453483,81034.56175250068,55304.04138522904,82790.75591280156,46038.56328136819,15925.55541154087,22455.97299752993,38157.22987998153,154466.5733195125,127667.8120990435,60998.06384400865,70201.11676231892,44606.18358213251,164126.7835581032,85233.81509992195,49266.54767363472,48760.19987344585,194558.3119087371,53269.75276520821,8782.633604962803,24899.86667082048,64889.07674777746,37616.67173753201,50734.99163657839,2591.154907819149,44047.8201409119,27554.76666903291,17342.84791736806,26374.23996591639,62407.24788549723
6261,36752.37632148577,24544.53309752661,79652.14876348342,54448.129089723,82444.45572582335,47095.98563135664,15886.5726172928,21141.09344898312,37424.66652029369,149710.9057583281,124941.4543995264,59569.98203670614,71369.69574543295,43229.98924054989,164036.9510676328,86719.83982940254,53406.77642677332,47249.41172206112,194558.4330483555,54168.92834638117,9064.448181867512,26126.48664877117,65821.96588854621,35664.38330213664,48849.33442532685,2600.422935689684,43150.89866466279,27188.00479298661,17107.40464882277,25655.90098565536,62293.67613684812
6262,34281.99271085675,23502.51183468969,78023.56782568504,52123.61390297666,80776.31107270275,48654.86267901757,14434.29850631267,19036.47478772724,36599.77993609263,148657.3501107873,119842.1921902902,58392.79751124271,71817.4720167008,40391.18474180722,161040.3152489051,85966.33494961943,51434.18819643454,44712.29365861963,189447.2959002239,54168.92557534721,9280.726936784662,26248.08980814967,62122.6145000046,32188.07814741153,45121.23852997668,2423.871689255282,41105.89859020447,27192.64030285388,16936.17318003402,25327.72082767761,62446.44944326059
6263,30402.26982171307,21954.52268322293,73366.45235299203,48280.97348619079,77497.87191014705,46946.65437813112,12989.52923310993,17875.04395857055,34404.83242683775,152497.560446074,118011.9375515229,57412.76796347466,68952.37190156565,37580.01915501252,153856.7410932072,82883.83934117128,49668.90577201179,41969.32217247422,184327.9679052923,51361.55547581831,9217.340417787273,25079.11518626883,56597.04866057394,29904.03527549917,43165.53688057229,2146.518816139723,38926.83171198203,25212.52800843508,16666.33647411434,25014.93664589251,62775.10855520171
6264,27262.80284404367,20422.77821735921,68606.95935742547,46894.79938887046,74489.85265149418,44212.99919119188,11997.340559232,16339.91998070732,28796.40495940312,133360.7629445375,106395.5807607639,54077.52731517067,60260.22404976828,33508.55622629433,151869.3803314682,77295.93187815064,46015.9804825996,37817.33909525652,170638.0343188606,46341.81324183101,8513.289699381383,24210.92359664517,53725.16231861016,25192.24437909271,40168.54310163073,1951.520554046616,35320.10839546111,25065.61803986533,17064.94086186655,24770.35619708208,62636.50149082832
6265,25550.31091724588,19530.57101002451,66940.94707481687,46671.45531608845,74311.59281889921,42880.85149701493,11477.6427571632,15637.33989866593,28808.88198244916,133119.3180290526,100017.5620122358,52793.65321740545,57890.84790904782,32676.78857104853,149425.8396370379,76429.91356448205,44649.95239850947,36579.31881206371,165709.5833684191,42599.65064250488,7937.917546627557,23075.25826341163,50033.46426031257,23915.02312671946,38919.65413310182,1860.988484367638,34340.69496529221,24575.27914397171,16855.59717662941,24643.65617960684,62116.68779452671
6266,24325.02595148824,19097.20833319848,65941.59866561643,46221.08622393855,74347.66405233774,42203.32386112565,11380.33759452756,15075.18374362361,27827.72615448407,131392.8757742321,96995.73457416783,52323.02608125495,55913.1913515847,31710.29120782971,146856.9029491775,74414.86309517008,44458.25566650397,35435.97048471276,159823.9118118842,40762.10828191275,7524.050776765129,22118.0901635121,47345.8028217926,23665.8097495005,38668.301108381,1811.853623578818,33180.54258956594,24576.38582445853,17142.47555956711,24220.33978879918,61629.27534030056
6267,23592.73480884754,18769.58674151974,64961.83340244282,45709.05421181474,74055.9976528712,41959.51689706422,11016.51548743906,14795.19490116574,27178.54743405475,129542.5710217517,94330.05477033039,51539.86587640581,53152.35840969226,31367.49814438324,143204.6913422689,72098.24834173919,44285.15913272799,34884.71094474055,155911.2226250317,38906.10961603282,6750.297276469038,21467.08429969617,45566.63803421255,23151.04547694975,38173.02192175379,1729.195931889599,32837.36030680405,24665.23825636367,17181.24290841739,24311.27961540884,61280.79555765391
6268,23592.74258376427,18616.72802264344,63246.13480760391,45145.80053116305,73820.14548401296,41959.51690878373,11113.9553216579,14518.74892047845,26631.59891758235,128435.634488455,94835.16312706331,51414.5928937321,52333.52614642053,31367.68272955474,141590.5315577729,71767.04382989598,42435.78040728292,34585.13268725637,146400.5444239292,37354.46751054048,6551.860721876859,20837.58066187182,44221.57042999135,23410.41282594334,38167.94882829572,1680.247550880576,32830.47144262084,24478.7418680814,17010.66657383756,24196.40907294743,61151.89580676089
6269,24064.71550481901,18680.19190987956,63953.11822472803,45145.84503526926,74489.17764756744,42214.51444035085,12172.82123634544,16097.79033800929,26864.68922561617,129801.7933939988,99235.02388798086,52671.42795630595,51967.70998846929,34315.52032652368,144138.7373895678,71102.6518198039,41784.04261368403,34204.27357311911,144758.251352715,37033.68368072966,6481.697030682581,20168.7880831297,44222.69734021327,24730.66365870175,40309.68444636988,1677.829769313431,33692.31012346211,24962.30641432869,17165.73596923869,24777.88171592313,61176.46764697997
6270,26088.24577999318,19388.7580255189,68468.60108824872,46299.74812628217,76987.32079655996,42943.74377914739,13587.28332686943,20654.13508218049,27309.73168505085,134757.5493163514,103711.8502360545,55814.06882791852,53414.77962399616,37327.95997039905,147057.684719406,71103.62578665993,40899.3985423499,35229.27111023832,143505.6086279355,38271.34700922251,6582.714891657327,19886.76098557571,46434.44074758082,28403.40533072923,44955.01510753729,1677.853809645365,34788.38986215335,26659.4804956574,17561.16293004139,24710.17123330241,61153.2014645891
6271,28985.09979012105,20531.16721524637,71416.38074212121,49518.28806944488,78583.18644718317,42460.28343377842,14201.35692798521,21224.16534132541,28773.24643971743,142685.0390164065,118382.4550269244,55146.45290945167,53942.12128826038,39875.77170981903,146064.8491418709,71766.46816959174,42264.89083575231,38142.25875170748,147130.4753205675,40754.2469255865,6552.292103405322,19703.75584490126,48282.81372957085,30895.40321090219,47184.64010489404,1834.571345957688,36311.50936168399,27697.82281736383,18119.41275493107,24910.35549349049,61368.07600782997
6272,32638.89844141176,22020.18078042378,72370.17289590428,48890.95365153962,77355.73659286065,42985.68572158273,14557.86683583154,20405.09176441943,31584.35489209636,146406.131243289,133045.8603042598,54846.29775285257,56608.97179989181,42306.06309027993,151975.4496410375,71768.09721180315,43580.18038764095,42576.5568146931,163081.4099397577,41378.29232408967,6761.744551072571,20689.66139399889,53317.59163731809,33820.54750078436,51149.62823791378,2093.989225848666,38702.13251602045,26576.97938067791,18072.89193739494,24045.0253924822,61907.50129749011
6273,35320.62579152844,23871.93808556188,76415.55536012384,48930.80472906714,78042.03972725192,44980.39024709359,15599.5610258365,20693.53648222069,36496.39159293225,149505.3989499394,139543.1768821869,55207.5107633631,62485.75503218348,43880.96057281977,156733.9812937271,76393.96845928462,46674.2755457309,45486.91963813087,194812.143786935,47943.03559861554,7703.712549239689,22861.72635874789,60945.20069989142,35089.99286508461,53146.56351068236,2353.820212201362,40584.95666397556,28299.710309597,17654.20456692066,23512.74422173117,62082.42376858244
6274,36302.1880965687,24786.810844335,77040.30374997256,46898.06180086863,77901.02132337986,46969.77323623456,16315.95678772562,20988.61999403773,38781.8262473897,153347.7450259348,137861.9265353735,53941.17614977319,66226.23493951342,45193.77869866128,161407.8319304872,78703.83928007328,49126.95303941373,46400.3515941292,202899.1660831192,50984.94290418308,8303.090609338955,24341.82972633738,65436.01283976588,35827.95296881482,54679.7038519933,2401.6277191809,41832.56612520413,28751.55437499527,17320.80536644683,23784.96397442612,62209.14002637254
6275,37294.2848280515,25508.59105097518,80268.93829316739,46903.10796206046,78741.0020066931,47968.80299645058,16866.63856092919,22219.19996840815,39783.75948744838,154467.8214185777,131240.3858708157,55673.76840090956,68947.60300034954,43344.64662475949,165431.7557589842,83022.17031589258,50794.45613430086,47533.50211196914,210147.0867785926,51871.38791876524,8583.339381646709,25795.81050523593,70876.03423346939,34687.44753782089,51654.35174350837,2464.741737280467,41953.66318735684,29672.34669764959,17119.21515170256,23779.96128056148,62487.17415212047
6276,37309.17937890902,25007.84547549894,77240.76377387269,47638.71702430533,77303.45834665952,47962.67343727836,15257.50198737868,20480.08255406429,40090.92527266689,146178.3092702145,139725.7162196461,52164.9283664586,67012.6215406657,40577.64876466164,163494.5662395385,85036.37109322414,50864.58624632149,47107.45841873296,198660.2545064414,50434.49525193654,8583.344657131445,26672.77823251521,67689.51462049622,32924.54018739255,47174.31898290521,2370.264908238451,42831.91168802841,28178.20026323655,17119.21515170256,24170.75258238411,62556.82406384328
6277,35821.09924403903,24563.91769409051,76636.15082317029,45131.92500941681,75587.74857256077,47469.40271130401,15238.31020083701,19850.29053509883,40395.57012270789,137765.9007903202,143018.3724437739,53061.09875554025,66679.57058730826,40925.49198479645,164463.1864225253,85920.99199347771,52424.02068744764,45793.65223649547,191556.4337983695,49439.29293086501,8878.193868415821,27482.49800357163,68244.4818460247,32789.70725217391,47674.70710192499,2225.022680944447,43140.38216986195,28102.49888236306,17320.80536644683,24443.41908752216,62618.74225545591
6278,34852.49925388704,24884.00189253395,78910.12889955514,44562.80061211222,75108.10595697549,47460.35646416026,15612.13291481587,20131.48151723187,40673.94544176779,146063.4321175489,140847.3427400296,54338.26647724438,67762.99927485247,41908.09526389848,168324.9536445248,85092.49682366331,52431.0350618186,45288.48447100566,203894.5306597092,50985.71124755389,8899.445825732751,27695.49817802646,69072.26631550559,33808.72978928195,48180.59058444393,2182.464254455495,44123.13432749863,28056.95781120739,17382.83312496867,24710.66134047106,62537.47587105848
6279,34847.8331153968,24845.93006076571,82022.48111363678,45726.34651311766,75568.54390981302,47740.96536387673,15612.11831082061,20413.26344733309,40558.86123918029,152010.6677208554,139589.2977728609,56001.44370179019,67762.98452579757,42584.33544051617,170275.85914546,84399.16837648863,52438.82994531951,44919.3312554864,205162.2385930671,50987.7273015297,8793.509403035676,27416.49725319096,70015.56622039701,34566.2899208565,49690.52047141355,2173.895135459606,44580.4244926842,28476.27020965746,17274.28454710369,25110.30713334303,62536.48978515588
6280,35842.48677494824,24990.69219735509,83361.94554850919,47483.05447928073,77218.65110337884,48212.50748581703,15962.53582580584,21952.48687075582,40553.97294669751,153749.9599851836,132666.8791094975,57505.43712377631,67967.12413000665,43957.87065383473,170278.7160174891,83372.6670521496,52372.59075926075,45389.23877925081,205303.0382420222,51707.72424546252,8513.768611177433,27258.91567923858,70000.30460727232,36325.62242449803,52160.42244048753,2181.378489739925,45462.8503954511,29466.87066119693,17157.98250055283,26102.74590417045,62561.96350449671
6281,36802.58015366592,25150.29815789823,83855.03714185153,52149.51153085782,80200.69173487868,48469.57283275382,16495.15180669255,24063.50013105978,40243.39381025101,155985.0887066017,122204.9179329716,58187.10287740514,69342.50221175737,45874.02256883695,169306.0276188595,81940.19494556417,51799.18438268508,47817.59120732071,205162.2278389595,52535.94272922833,8513.28827759491,27137.20187278414,70015.56719024498,37534.81793576325,52665.02968080377,2272.281613503793,43999.64886650203,31363.01418207463,17196.74984940311,26173.27974093591,62886.90657076224
6282,37294.2976444433,24883.72149768849,84176.14530145223,56418.43504855109,82612.57916449638,48211.9116057443,16407.65154503255,24343.93748655543,38563.83105677166,156608.9421757035,121311.3127993081,57997.04492610767,67371.56916406624,46848.99309878211,165433.8916705868,81941.41662490748,48379.93336898523,48475.49207434412,190348.3169993596,52520.2507254988,8373.55669478662,26486.71714708033,67378.80822481243,37020.54085135741,50691.15881990638,2389.554411191339,43205.21576378607,29963.81383654116,17359.57271529711,26497.78249884686,62868.91586412411
6283,37294.33928454699,24382.53785801344,82909.06592290454,55935.31483646522,83750.49185222089,47467.17107413701,15436.92090591117,23502.59472590173,38077.45231891799,150053.8914610266,126088.2429191844,58437.39762785494,66970.47249093598,45894.23813018719,164463.5531804916,81038.46720159455,45927.27665679788,48779.72532789386,190466.2191379178,50677.91610963023,7806.446971657963,25668.04678819407,64582.1206614344,37495.25916021691,49675.06486517268,2465.202563497241,43339.29022436197,29664.48724414838,17313.05189595397,25777.72735168796,62983.07277068844
6284,37242.92835058473,24369.85467794784,80632.6395087595,55295.67943069712,82035.92126648386,46432.13167263791,15964.89261087803,22614.31318598072,37068.48804831711,151795.3092908373,126088.2399305399,60298.75671117115,67986.52446537012,42903.46895760793,166400.8099214998,83700.8801640163,49159.93433004947,48044.4626118848,192832.0482645089,52572.82286090183,8582.814432077648,25084.18953224998,64594.95569221341,37495.60989238822,50676.84347785764,2635.448789472619,44081.06629456236,28556.4040992045,17313.05189595397,26100.42240103829,62982.29979134102
6285,36799.17654321885,24281.98188778029,79244.33058314235,54473.39901008391,81732.75143662808,47458.30769850561,15925.5205661205,21268.9268556189,36382.78577628868,147346.8872025026,123451.9868982214,58832.59928224634,69108.11535945277,41481.29574360762,166316.4587664962,85036.37035767287,53352.99210727331,46464.78507716125,192832.1656288193,53465.57090777733,8859.981476956696,26301.01988811356,65513.80955008446,35560.04614449636,48834.67033946583,2644.270178895715,43200.13572914437,28139.98432470002,17057.18739318069,25508.80228067476,62899.10559799407
6286,34319.96852791871,23302.1536761583,77608.80381220044,52240.22239197088,80272.36778776454,48971.12067583919,14458.74522585486,19115.47851838718,35610.66607159385,146361.3977515446,118521.2525840605,57624.02857684405,69537.8867276678,38547.64633385011,163502.6695560331,84359.19563920477,51355.23379157349,43811.97872301679,187880.3167218566,53465.56815655145,9072.69348081722,26421.65253584521,61870.11476746423,32113.52148548348,45192.54595186067,2476.22716913282,41191.59527206195,28145.24746162811,16871.10411761514,25238.51486776958,63011.01592906768
6287,30426.38696328896,21846.55627523526,72931.82592662239,48548.57314850286,77402.2456207007,47313.38911230925,12999.54966057892,17927.10110166099,33556.12638683454,149953.5068002869,116751.4868844899,56617.86940957607,66787.99113121665,35642.55925649642,156757.4176553709,81588.95731449628,49567.42648911189,40943.93237841216,182920.5322352766,50678.2658479837,9010.352297658279,25262.00746996641,56427.68086336966,29849.04534489257,43281.94363042914,2212.240295598952,39051.37824309326,25897.03692234263,16577.86305357153,24980.90749804525,63251.7670844324
6288,27147.81309579536,19567.64183713143,68328.25624091133,47052.93311098296,75373.65720412217,44145.83633215044,11804.49572356233,16779.92494884048,28027.41538263401,131841.4831693168,105373.1708597511,52315.58350696017,58085.97497336933,31926.9739812351,150919.004051202,75808.97458729908,45711.95132395383,37133.84205398753,166629.8456647928,45132.89481299536,8453.344530662285,24055.12209203901,53560.21329446186,25145.12619628024,40592.82393512003,1992.483345547743,35602.96153343032,26424.43264862469,17202.69572741558,24737.6970516907,62728.7639431418
6289,25488.98691502666,18789.21390919467,66635.00778120097,46827.1600300728,75222.08435422661,42783.68539114013,11271.06505725871,16076.98419533978,28039.25167715737,131636.0194752938,99425.76642930039,50666.03254468781,55579.49693959054,31071.03951304671,149083.4568594554,75030.98384929249,44416.79712663405,35847.17288106021,161934.1772837987,41449.97985292534,7833.550784332259,22948.0594670888,49930.73519026887,23901.16751886936,39350.52585098956,1904.606594688791,34604.92575925544,25986.40734636007,17016.0634652393,24660.411802793,62234.84059211493
6290,24302.09969629287,18411.11607744258,65619.32189925599,46371.89288904321,75252.75542337295,42090.89816430247,11171.18863382018,15514.53945585563,27108.48082658643,130166.8595119103,96607.95879940424,50061.3599785383,53487.4050026249,30076.46079701368,147153.7142797941,73220.75584718508,44235.04623149437,34658.89586598048,156326.5001238056,39641.53030805365,7387.731440196736,22014.99846911305,47288.37165225774,23658.4443864893,39100.49931626982,1856.912866539871,33422.71451035605,25987.39595660252,17271.81878700356,24402.19469060961,61771.70467546545
6291,23592.7569540886,18125.27463314439,64623.53931105741,45854.29220476343,75004.75391488743,41841.60006697229,10797.75263269101,15234.40688033873,26492.63917068988,128592.2956046544,94122.25336318782,49055.13773932414,50566.81885977538,29723.70796200105,144410.2335700165,71139.61646103978,44070.93049707245,34085.97418933793,152598.616639906,37814.91666660738,6554.240319034196,21380.38874795336,45539.19294416712,23157.08608034554,38607.83391513222,1776.679537014696,33073.00703779234,26066.76884271891,17306.38031679753,24457.66672032431,61440.58161496406
6292,23592.76448535647,17991.90931752741,62879.79226107207,45284.91278389639,74804.21078148777,41841.60007895577,10897.76728637041,14957.81898533046,25973.77792420333,127650.3197973633,94593.25914055157,48894.18413065179,49700.60557857986,29723.89791025119,143197.7035449526,70842.07766938477,42317.50342877804,33774.623790627,143537.1506012257,36287.84087251405,6340.483474892778,20766.73970072806,44216.7951366846,23409.69874539331,38602.7875944084,1729.166819166407,33065.98719031373,25900.1695018697,17154.3095860262,24387.59728669638,61318.101970121
6293,24049.94680885125,18047.27993304575,63598.33353149524,45284.95777201284,75373.08325390928,42102.34078293153,11984.61342685721,16537.67100820999,26194.89842115683,128812.887477829,98696.06165879229,50508.99471877344,49313.62178628611,32757.3842329692,145111.8734497982,70245.21866294232,41699.5798672037,33378.79854604785,141972.4269741935,35972.13583982213,6264.902797563319,20114.7912383572,44217.90305393875,24695.56638713285,40733.22042077997,1726.819951485588,33944.21267564217,26332.14320068958,17292.55570520214,24742.28751354147,61341.44996142675
6294,26010.06407744107,18665.48571379821,68187.63607345082,46451.41028935363,77497.2335519755,42847.99416235489,13436.45226936496,21096.35476475869,26617.08675934088,133030.1140714732,102870.6334038248,54546.73197265896,50844.42484978522,35857.34959982172,147304.5382113688,70246.09362965041,40860.83394721365,34444.07409220968,140778.9495723531,37190.20391330914,6373.719740128439,19839.86723584654,46392.36969296716,28272.65912992731,45354.03582226283,1726.843286711077,35061.13302497159,27848.24807467642,17645.08331135612,24700.98506065629,61319.34259708867
6295,28816.13702801587,19662.20846060501,71183.60639767312,49704.95389115498,78854.18481348031,42353.64509936123,14066.75258793216,21666.67765053888,28005.44611490769,139776.2131344077,116550.7468325834,53688.96368941979,51402.28068156238,38479.18740809779,146558.7366127441,70841.56052283279,42155.48015237257,37471.52966000595,144232.6051093705,39633.79341633611,6340.94816122205,19661.47123705557,48209.5901591525,30699.75810073656,47571.89420066477,1878.964274804915,36613.21277194091,28775.8110584179,18142.76934167824,24823.09467581131,61523.51489036026
6296,32355.43363267316,20961.33464416646,72152.99126484121,49070.79681446512,77810.4944328982,42890.8807406268,14432.68316706731,20847.18359991066,30672.19662557272,142942.7712422903,130224.146825653,53303.31744243894,54223.44618242859,40980.09033111775,150998.6815551429,70843.02397889634,43402.5282941054,42080.07662702409,159430.1387952694,40247.9586410979,6566.571380205364,20622.54590685232,53159.51181771571,33548.72308258031,51515.95751243555,2130.77339040752,39049.29069072862,27774.54889207291,18101.29550689206,24295.2553466008,62036.07304069994
6297,34953.1215215588,22576.9454464895,76264.50814739005,49111.08129767934,78394.05226787207,44930.51092453134,15501.90382500917,21135.77639161834,35331.98709693448,145580.1719533214,136282.7946479917,53767.41222409247,60440.28437365803,42600.7460883684,154573.2115115466,74998.69243180302,46336.09194303721,45104.80423269283,189662.1539112118,46708.76588104092,7581.263995606922,22739.90554711789,60658.56500212526,34785.10837877396,53502.35416258372,2382.983495999009,40967.91442842382,29313.4839881459,17728.03098253948,23970.5712338059,62202.28315348937
6298,35903.92381392411,23375.14848731113,76899.47000202983,47056.23100377614,78274.14549441985,46964.69971796121,16237.23013787858,21431.01138538529,37500.05856593406,148849.9141092226,134715.0545463115,52140.39639439219,64397.20390297456,43951.70783505736,158084.1304950133,77073.77338124935,48661.51671842235,46054.13014867766,197367.206730939,49702.51231120367,8226.917024796705,24182.73123825334,65073.68890292303,35503.84984421117,55027.40351181212,2429.388801819651,42239.24565194037,29717.12142131721,17430.80182598903,24136.62149773745,62322.68805840547
6299,36864.93040688136,24004.88322388552,80180.88666642124,47061.33204516421,78988.37406837053,47986.23008874811,16802.46351780028,22662.22308144344,38450.539852886,149803.0716141475,128540.5696729502,54366.47075796305,67276.04156369268,42048.84966510662,161106.835252923,80953.16195362524,50242.50444300871,47231.80862405067,204272.7907328733,50574.92272064762,8528.802397006106,25600.09226056391,70422.02406549426,34393.04650854559,52018.01739110861,2490.651676554645,42362.64522606614,30539.67565642132,17251.08187041593,24133.56992404243,62586.87414674112
6300,36879.35819513931,23567.99553957067,77103.20717146473,47804.94132146924,77766.04267588205,47979.96247680768,15150.80597531003,20922.21288628809,38741.93185304069,142748.9003377261,136453.0097739015,49858.23239926129,65229.09408198472,39201.45733513986,159651.6506552592,82762.6266318161,50308.9959815063,46789.02324012024,193328.5091238031,49160.77959933289,8528.808079784521,26454.97280128995,67289.2101188408,32676.05041882188,47561.62754734653,2398.945866700649,43257.5925438036,29204.93768429168,17251.08187041593,24371.94718420593,62653.05500738725
6301,35437.91123227974,23180.67992477347,76488.70993264798,45270.88635707043,76307.18895506284,47475.58207927681,15131.10705135515,20292.09756182003,39030.93237478536,135590.1473010815,139523.3610832089,51009.65272173913,64876.77142439869,39559.40705795165,160379.2620516246,83557.32907191686,51787.52199820582,45423.59010721006,186560.218920944,48181.33377909233,8846.421117519754,27244.29908341522,67834.82391547115,32544.72892737759,48059.37491900606,2257.963615136395,43571.92821315797,29137.31278135891,17430.80182598903,24538.26996091567,62711.88924147614
6302,34499.6650442461,23459.94518659974,78799.8632869468,44695.5723717918,75899.35283675569,47466.33208836868,15514.8079225217,20573.43289413389,39295.01237626353,142651.1427017943,137498.9092608198,52650.58717784155,66022.89177220878,40570.55964345326,163280.1574595372,82813.0473882324,51794.1724444989,44898.5714141915,198315.557849141,49703.26848980888,8869.313831703554,27451.93466525995,68648.65688867956,33537.21313883074,48562.58865294336,2216.653433509267,44573.36619660468,29096.6304254914,17486.1002739816,24701.28401921422,62634.67048946359
6303,34495.14513231567,23426.7284888725,81963.09662416941,45871.77257078594,76290.85939039533,47753.26099157921,15514.79293262011,20855.35947778069,39185.83805545064,147712.0941566083,136325.8016695052,54787.47551911627,66022.87616971259,41266.44781882334,164745.6452747259,82190.19322708492,51801.56290462297,44514.91205986273,199523.3888935935,49705.25262469098,8755.198589973525,27179.96061870478,69576.0583978024,34275.04419009273,50064.55003864052,2208.335648024493,45039.35117289281,29471.20695126278,17389.32798959186,24945.06239579623,62633.73351751222
6304,35458.62852481644,23553.02974389781,83324.45879109968,47647.58584776107,77693.93178377188,48235.42340340082,15874.47012917343,22395.37306587298,39181.20078986826,149192.1891625307,129870.7526878093,56719.84085058227,66238.82813486521,42679.890773638,164747.7913095524,81268.03198605486,51738.7604184587,45003.28493481682,199657.5382371297,50413.850245888,8453.860416832342,27026.34787223943,69561.05400421543,35988.55853248978,52521.41735150081,2215.599514431307,45938.55532089811,30356.12158039541,17285.64340020992,25550.43624615188,62657.93846807325
6305,36388.63467998568,23692.28185498877,83825.61150746242,52364.79357280186,80229.53607802566,48498.27849504101,16421.16033343702,24507.47002076593,38886.57072320551,151094.2288174031,120115.1347277909,57595.66068510013,67693.79127507853,44651.71603035703,164017.1239371536,79981.16539930181,51195.10419056605,47527.06120295911,199523.3786474281,51228.95599372929,8453.34299910682,26907.69953269518,69576.05935130439,37166.2630579428,53023.36157847368,2303.836436304673,44447.53281116316,32049.96811352813,17320.20493000391,25593.46090580666,62966.69710472466
6306,36864.94282163551,23459.70054928148,84151.96918340513,56680.14433521055,82280.3438568316,48234.81410264135,16331.34790264893,24788.05133956604,37293.25801172158,151625.1127999185,119281.8616784993,57351.46985907139,65608.81189793986,45655.01409897616,161108.4397142494,79982.26289943422,47953.25480718917,48210.81475363448,185409.1643785119,51213.51243301944,8302.82344272081,26273.59782433597,66983.74037506472,36665.37925214056,51059.90762011096,2417.669605715947,43637.99453827817,30800.0465604682,17465.36335578302,25791.40307592542,62949.60246067565
6307,36864.98315682956,23022.43066517742,82864.17543275094,56191.76988509006,83247.90153092975,47473.30018014486,15334.96598691536,23946.27667324204,36831.85612363354,146046.9256111717,123736.2755770886,57917.24513576786,65184.50611409024,44672.51895007183,160379.5375541186,79171.09496321582,45627.84973508939,48527.00306980029,185521.4977160345,49400.34650606079,7691.930026701618,25475.54638263432,64234.18824071963,37127.73450854921,50049.17599778827,2491.098986671208,43774.61826012652,30532.65471738441,17423.88951938585,25352.17944851658,63058.07355759809
6308,36815.18332892975,23011.3649155433,80550.53371496023,55545.17803951004,81790.01645247951,46414.94914226999,15876.88919161006,23057.53913149649,35874.70486837311,147528.8294211232,123736.2727902237,60308.76208619414,66259.35105378932,41594.85368494505,161834.7726475039,81562.88344253619,48692.78683467933,47762.84768112446,187775.5830536544,51265.25222219732,8528.236918717881,24906.394073898,64246.80694962901,37128.07610662949,51045.66782582259,2656.351865985297,44530.49829166654,29542.79146451355,17423.88951938585,25549.01894154953,63057.33907800997
6309,36385.33773123494,22934.69815763122,79139.52854144333,54713.95479896714,81532.23367301284,47464.23717946588,15836.47675194774,21711.46214328153,35224.21524299115,143743.3314618584,121278.0073660558,58425.00930861598,67445.84183108296,40131.35956381654,161771.4094606168,82762.62597103094,52668.29542269847,46121.09559136645,187775.6948745667,52143.86587142868,8826.80263880463,26092.5775105676,65150.17442590488,35242.92009673837,49213.21656864136,2664.914522768823,43632.81791301418,29170.79895255125,17195.78342242337,25188.13889459838,62978.28853537081
6310,33983.82266480091,22079.82314851156,77477.26397435603,52456.49097193313,80290.48162838895,49011.12243074475,14330.94229719168,19556.90832729484,34491.74595136812,142904.7041393161,116680.1734208068,56872.20987638133,67900.48154635011,37112.47366274124,159657.7377320445,82154.28357149349,50774.18716976867,43364.04532008916,183057.7336787063,52143.86316376148,9055.937067940773,26210.17192130148,61567.89054920513,31886.15301466608,45590.31312173521,2501.800239014063,41586.08752490817,29175.5005725188,17029.88807844566,25023.26733106943,63084.624951921
6311,30212.25741810011,20809.85171206074,72723.82626953041,48724.69270679262,77850.04067162717,47316.05466980859,12833.18791078894,18367.92085368247,32542.71237748484,145961.5007299833,115029.8941134726,55579.47344260243,64991.465628939,34122.97996589758,154590.8165172246,79665.62978129307,49079.13700297489,40383.29704946078,178332.2117197035,49400.69070719575,8988.782835196287,25079.73351389935,56217.18353674211,29680.65045225266,43689.79380956184,2245.556139019122,39405.17689655315,27167.1485750084,16768.46035454064,24866.13041756492,63313.38502166776
6312,27127.6162113502,19186.25701972672,68001.72943105079,47117.6674446355,75627.85253505885,44542.72232603221,11557.57658002582,16820.96564520063,27007.90675753633,128936.9868797602,103203.7153024964,51800.22390718164,56214.05920033948,31285.97015310492,147946.4229351508,75594.37297918835,45485.34660131053,36420.75217791273,160579.2719603459,44537.69888211326,8440.776673839247,24319.253830213,53558.68330391379,24673.30788006864,40732.94088554994,1994.06589713007,35830.29290144287,26424.46677600423,17121.63855308807,24504.97231522636,63342.52180214389
6313,25478.20934729936,18419.85569812802,66216.34239934575,46884.24025354622,75513.7212708045,43084.37863507127,11010.43424134029,16102.32705075864,27018.13352361482,128742.0117580242,97349.07799605424,50098.16912318059,53822.28282791085,30439.45287802512,146192.4006714882,74756.38826634,44210.01034699903,35080.13130403534,156275.9672460282,40922.11002494063,7794.578078304998,23119.68697551509,49930.63490692282,23354.48490824419,39507.67791721981,1908.967183924949,34816.54665575839,26036.96043244925,16881.8257290063,24434.22710019451,62655.26965307858
6314,24298.06163313282,18047.59942680378,65145.38769597001,46413.53874432576,75536.81596025663,42342.66796922711,10907.99052493683,15527.32198095542,26213.93118286708,127347.8499131663,94575.22229727198,49474.25033709407,51825.92938042463,29455.81675184994,144348.3666618573,72806.56634889287,44031.04053297617,33842.0282983185,151136.8599665098,39146.72012479682,7329.765653610141,22108.66102146534,47289.31223651642,23097.15413947444,39261.07989215203,1862.781192138083,33615.72575716035,26037.8350228856,17210.45811694947,24197.86084160226,62010.85558890246
6315,23592.74675353876,17766.17419420904,64095.41932944251,45878.39047354778,75350.07588299387,42075.76487026477,10524.95546543597,15240.93357720402,25681.8331902213,125853.6648165814,92128.28868953088,48436.00088909676,49038.99534949731,29106.94498681453,141726.7363019757,70564.9419879591,43869.43603333869,33245.08327549147,147720.4733588814,37353.49817968649,6460.765611136811,21421.02441445186,45540.82255679984,22565.62293730176,38775.17020630238,1785.084269664084,33260.51340248063,26108.05356212834,17254.86789888016,24248.63871611769,61550.12613672821
6316,23592.75424204183,17634.86935470362,62256.78581304159,45289.70807464879,75199.07099413547,42075.76488309453,10627.54096524641,14958.16901259659,25233.52797235606,124959.7752728722,92591.94775760846,48269.92426223973,48212.42179428289,29107.13284520916,140568.0602031618,70244.45879104451,42142.83922029913,32920.67755226102,139416.1711043365,35854.33833346597,6237.902161339311,20756.09991887376,44218.94566213588,22833.43841356195,38770.19308367123,1739.073565919958,33253.38305283698,25960.668694,17059.4648587991,24184.49869949262,61379.70617387327
6317,24047.3405460424,17689.38450169157,63014.42670065103,45289.75458794268,75627.42036225574,42354.91864584696,11742.32415388079,16573.30176951022,25424.57996020922,126062.9958496417,96630.75510040039,49936.13291515802,47843.14718726568,32107.2440351862,142397.2131906898,69601.57360142616,41534.37088340161,32508.25484372339,137982.1936565111,35544.40459599716,6159.101547701282,20049.67577555435,44220.05314296445,24196.69252758232,40871.4121727236,1736.800889498172,34145.43302905367,26342.82138626727,17237.10398652191,24509.17432292331,61412.19290925014
6318,25996.32767600107,18298.03908663746,67853.45737922021,46495.75192635062,77226.86220920629,43153.2287807863,13231.48207048259,21233.78854737423,25789.35808964436,130064.9401950611,100740.2122195011,54102.38795467951,49303.89751053843,35173.10285115814,144492.4918224986,69602.51604031371,40708.45912545585,33618.19876999829,136888.4416039687,36740.2055855735,6272.554379183171,19751.77960099284,46393.66322616707,27989.06293924475,45428.86425870153,1736.823487029853,35279.93525849265,27684.06869122233,17690.08376511305,24471.36696702576,61381.43240031704
6319,28786.46689574784,19279.36260164153,71012.45423733904,49859.59645995581,78248.61883061807,42623.96963964111,13877.98406626179,21816.84769563681,26988.92492487664,136466.662369354,114206.9443667718,53217.31762739452,49836.22469620884,37766.09458084105,143779.8146360197,70243.90176525514,41983.29516070396,36772.59946158397,140053.5143791738,39139.12466853825,6238.386644532497,19558.47714245308,48210.1678612843,30562.2303086439,47616.31006963082,1884.13549176084,36856.44689986524,28504.65265837742,18329.58462657113,24583.14341990405,61665.52070478525
6320,32305.66630392717,20558.41746115047,72034.58844372068,49203.94032715065,77462.74126278199,43199.14393524297,14253.32077918822,20979.05297429764,29293.04414127851,139471.5730690493,127667.0677939698,52819.39658426323,52528.28778104256,40239.48197942856,148022.5616018406,70245.47807426413,43211.26145947736,41574.38875771855,153981.1628096382,39742.06254985967,6473.622008055026,20599.85754207569,53158.13966963725,33582.65255594796,51506.29008521215,2127.984194650364,39330.87207406045,27618.86948782923,18276.2928894963,24099.97092088423,62378.70158519832
6321,34888.60373538504,22149.06729481128,76369.83462725772,49245.59052620567,77902.14840935856,45382.80928468249,15350.02542763118,21274.09052499602,33319.18484192961,141974.3389574233,133631.2133270443,53298.26311303968,58460.63049324953,41842.30689939456,151438.3305637349,74721.60672860379,46099.93686473462,44725.94710019988,181687.0318395589,46084.76199264947,7531.543206605354,22894.14007559717,60654.23886175396,34893.44636305407,53465.44810608702,2372.221211078216,41279.69761849305,28980.31392714478,17796.66724133273,23802.76223352518,62609.96875848231
6322,35834.00708479199,22934.93820647198,77039.34810261331,47121.07714187715,77811.86105475514,47560.64898203769,16104.25307882399,21575.91860921815,35192.43661943042,145077.1663349014,132087.9267062273,51619.46073595418,62236.47313390997,43178.40504597886,154793.3138028507,76956.70546257384,48389.77889965233,45715.07947848366,188748.2609198334,49023.78077300462,8204.702758690788,24457.52577500192,65067.62357739683,35655.44334304556,54969.58508927617,2417.15951128421,42571.04136408859,29337.39847235591,17414.74311631471,23954.76098872729,62777.50189796552
6323,36789.55679168605,23554.94362642969,80499.32394055228,47126.3511176676,78349.6606024164,48654.31806562479,16684.01561016948,22834.62531858083,36013.66912293528,145981.6667695892,126009.7509389026,53916.38917691493,64983.56918030245,41296.48257088645,157681.7666117416,81135.24919071549,49946.57496838225,46942.13953402941,195076.8237099406,49880.2429475228,8519.449244419562,25993.31902209215,70413.85194855579,34477.78930770092,52001.46542604273,2476.485689781206,42696.38341917921,30065.08470959595,17183.81224944707,23951.96764536202,63145.09427152787
6324,36803.90265459901,23124.80579782354,77254.17168511786,47895.1700748968,77429.2699964564,48647.60784573982,14989.90271492139,21055.75778993929,36265.4369221265,139287.5989445783,133798.7734514525,49264.65737756843,63030.29428366576,38480.41792361492,156291.2133241344,83084.24892128856,50012.04907936168,46480.78758681953,185047.0313945888,48491.95129069462,8519.455169299348,26919.63189569976,67282.27206546016,32657.4604440659,47606.18419865011,2387.678965184225,43605.4184527097,28884.28664037505,17183.81224944707,24170.17294028569,63237.17928555179
6325,35370.64066351804,22743.47415695708,76606.23641317931,45275.20612693297,76330.7829017428,48107.60897451492,14969.69743614176,20411.57093797915,36515.13844202457,132494.2880804123,136821.2336741535,50452.72644187283,62694.09464555638,38834.42939906296,156986.5082172641,83940.23404236342,51467.95126918737,45058.1000783448,178844.2903203419,47530.41038294613,8850.599360610011,27774.91291073893,67827.67093643108,32518.23572321628,48097.10616807828,2251.153569381465,43924.70220278983,28824.46114916882,17414.74311631471,24322.42114768427,63319.04209631412
6326,34437.72212108513,23018.42480821078,79043.15180110333,44680.38797130271,76023.69062352114,48097.70576520366,15363.26122102973,20699.18895809541,36743.30819530292,139194.8316697707,134828.3590843964,52145.89046354913,63787.76613635298,39834.45704508164,159758.5617786837,83138.55782372526,51474.49995295224,44511.06667314151,189617.3691077765,49024.52312816856,8874.467364830984,27999.89816109733,68641.1833283246,33570.44991730972,48593.41954183673,2211.149321791778,44941.90421325304,28788.47082877428,17485.79876781783,24471.64062710667,63211.59879937655
6327,34433.22787458158,22985.72130397656,82378.5133342243,45896.46345516005,76318.48707263157,48404.89709265014,15363.24584581728,20987.41143317432,36648.97966718728,143997.4301565484,133673.5495285816,54350.79416602843,63787.75124785957,40522.6888944443,161158.9606714635,82467.67288913982,51481.77732714577,44111.31998635236,190724.2754320666,49026.47099176262,8755.490512657763,27705.19843568632,69568.21951974092,34352.68533830856,50074.78515711474,2203.094485506278,45415.22444132607,29119.84616059359,17361.45137716985,24694.78998506812,63210.29508294795
6328,35391.24031700238,23110.07122167227,83813.95439094138,47732.47996993767,77374.97196558399,48921.10898233765,15732.16843487224,22561.81609652141,36644.97298838579,145401.9688286136,127319.1858687546,56344.66506306859,63993.82080078237,41920.58081615041,161161.0113912061,81474.40010964057,51419.93582006348,44620.17096698892,190847.2154388182,49722.11498332801,8441.31453812155,27538.7500749829,69553.22103661523,36169.32291505456,52497.96247261038,2210.128720136848,46328.58331355469,29902.70055398288,17228.22203137776,25248.93587744613,63243.97420392185
6329,36315.96561596942,23247.1719064568,84342.37746764136,52609.60945145842,79284.2302790042,49202.52644716435,16292.91114389192,24721.0797036328,36390.40744293544,147206.9125926152,117715.7352334341,57248.36150734851,65382.20179380076,43870.71158583905,160462.7962517195,80088.29809776119,50884.59840715273,47249.77243507281,190724.2660420569,50522.3200630718,8440.775077035476,27410.18768630269,69568.22047286738,37417.90440766624,52993.02374762434,2295.576218311383,44814.09003527077,31401.18996362206,17272.63181330846,25288.31970349784,63673.5854708118
6330,36789.56913594551,23018.18395050603,84686.49398461453,57071.25830247747,80828.44670496054,48920.45665380948,16200.79011199672,25007.92687185433,35013.7573132794,147710.695850338,116895.4595084713,56996.39829241464,63392.63542057273,44862.9711322245,157683.2998117054,80089.4802305147,47692.35453519213,47962.19665561873,177789.4163307448,50507.15882078868,8283.842990332421,26723.10154075674,66976.9226509105,36886.87626235698,51056.49381496564,2405.810792783858,43991.80850377608,30295.42614529311,17459.1528982454,25469.51160736892,63649.79973394448
6331,36789.60924210413,22587.66982704577,83328.62458940347,56566.32708733086,81556.99789773612,48105.16593160221,15178.7965033875,24147.35397146213,34615.0979889159,142417.2656345321,121280.3938262874,57580.18172099334,62987.74675415729,43891.28562691952,156986.7714834498,79215.75989311648,45402.5319020678,48291.6431564342,177892.3632472887,48727.13875711823,7646.923902667855,25858.36630696433,64228.4536074055,37377.05712155136,50059.62193407638,2476.91885913432,44130.58287307127,30058.8735195107,17405.86115910056,25067.45597047449,63800.72799906177
6332,36740.0921926876,22576.77504174878,80889.08543301649,55897.81462478879,80459.24017096843,46972.07596892741,15734.6496785701,23238.76943621195,33788.10251580035,143823.5207742558,121280.3910828918,60047.81864739969,64013.40454814195,40847.48156168895,158377.3730240357,81791.988740227,48420.57053281966,47495.44574493173,179958.1002782756,50557.95277265897,8518.859675263982,25241.65662004338,64241.06734561147,37377.41927778984,51042.44928504078,2636.947618113385,44898.36150785525,29183.17458669493,17405.86115910056,25247.63850802197,63799.70603345849
6333,36312.68738829072,22501.29277489042,79401.30003210925,55038.41143364739,80265.13499617105,48095.46291744752,15693.19844948714,21862.63230089279,33226.06806978879,140231.2660503793,118860.4694801532,58104.10760100972,65145.59903338827,39400.08914841794,158316.8240820109,83084.24820954748,52335.24744319831,45784.85286871167,179958.2027555845,51420.50478766951,8830.145082929257,26526.95548403903,65144.07897155566,35378.81024321007,49235.12566812821,2645.239584609332,43986.55039122898,28854.08524551968,17112.75659794394,24917.29685956511,63689.71395634652
6334,33924.80885067189,21659.62546918674,77648.58288990794,52704.415555991,79330.12103528697,49751.5865370296,14148.96469132136,19659.96370007622,32593.20175420981,139435.449226967,114334.3521697419,56501.88386698931,65579.43348726709,36414.4177427975,156297.0300463905,82428.99409650233,50470.12209399196,42912.19591712378,175634.4679837059,51420.50212950018,9069.041243423067,26654.37587944837,61563.20621152668,31820.0251972992,45661.90158605373,2487.281814013275,41907.60161949173,28858.24461154943,16899.58964343458,24766.37706075674,63837.67199608307
6335,30174.65969204142,20409.27491988374,72636.48558927594,48846.10267284415,77492.51877389793,47936.81601455058,12612.71098579013,18444.42415056125,30909.20256004567,142336.2015483043,112709.8137829962,55168.00071824769,62803.54020413586,33457.81516143822,151455.1536517219,79748.43026729324,48801.00892193686,39806.46102002751,171303.8042157754,48727.47666603056,8999.026063146366,25429.48000252538,56214.60692478394,29481.79041784305,43787.44330301425,2239.138329384735,39692.36042385815,27081.52273018092,16563.66851151516,24622.53739026501,64155.97209108156
6336,27763.64937317424,19128.77629696966,68821.89902202897,48435.62858987977,76850.16822235644,44772.13994038225,11618.22241740881,16467.81903175986,26692.51623457513,147211.1210643162,133965.7743502854,54501.64885290877,53281.19688502855,30599.88036422957,148882.4549455782,70669.06235667357,44865.71478263738,37745.86317459364,176013.3756750688,41664.01156834262,7895.754342525741,22994.30996278644,52252.45695393151,25369.99539322154,42220.39705987827,2131.50657733308,35706.58037710715,27494.12870133707,18005.90466225696,24364.84389772854,65157.09326636668
6337,25618.70977834899,18076.29129832356,67436.69526652613,47470.6294188939,76384.30613458868,42764.53428816733,11106.46623879641,15599.07739730665,26210.17555533326,146513.1590368578,126625.5695050264,54132.69107178767,50261.21641164546,29181.22295189729,145342.8745431157,70242.56466772105,42543.60854112649,35074.3682673963,168389.5821856384,39827.00370322487,7302.022060110719,21864.37075666423,49257.05640368757,24055.29228236247,40422.32955880488,1976.579554539973,34668.39362157742,25989.97716952756,17850.12746289677,24747.55026080621,64228.00276921098
6338,24766.71225584963,17770.9590137792,64751.03413073867,46034.64387313151,76293.25213083171,42320.22538011404,10477.12090338427,15275.01073770526,25076.38330278877,142655.0267694133,121142.1315501382,53411.22671530737,48959.45030548202,28971.87767903528,142968.9972787771,70643.05684728478,41427.48427133734,34693.6155095165,160236.70405208,37501.83366479044,6846.9156378803,21095.1337717146,47268.28110065515,23637.751784135,39536.6028869694,1898.392453068836,33741.90145387412,25888.49433509193,17605.28588997617,24613.48217718342,62917.92214673115
6339,24461.01363010729,17513.15874814079,63007.01075360536,46061.83073863744,76270.54962305627,42467.1699961667,10622.52324842952,14961.59467251521,24329.01138422728,140225.2853080841,116772.5155442187,52816.70502382192,47323.46913334898,28772.47756333004,140954.6280375576,69968.27783919993,40351.86308236004,33784.99455115542,151705.4800738276,36145.23808846904,6474.89037772233,20546.97961584508,45237.36033117108,23007.59281716706,38820.86914329597,1822.42052290276,33751.36166599367,25796.30897162047,17652.93225599678,24747.51574599611,62541.85265214462
6340,23592.70457580145,17212.96623713291,62117.97352652353,45794.73835955625,76766.44056614087,42459.49418143447,10758.09719463127,15258.21454478904,24315.04802024831,139219.9859939409,113117.9771767463,52813.94455518541,46876.05858212044,29785.51455914837,138138.4696215492,69753.00549412073,40242.74910799893,33460.5400517624,147466.7164268236,35469.55212110162,6210.638879073292,20158.09787661028,44240.77740382253,23013.70615058481,38319.27273060567,1749.419280358713,33289.77827293471,25442.99749597264,17623.51955892542,24875.14382779063,62537.6506900965
6341,24418.13284769232,17359.93460781122,62055.38192293006,45794.86527174195,77406.2695432201,43240.17283390173,11191.32007588868,16445.9738971345,25294.35109475582,139132.7498809227,110653.1703340487,52814.87486027446,46731.19982847873,31953.26940023044,141418.0850047766,69519.7159880358,40776.2249302192,32430.33077832899,142244.359546018,34905.1827171125,6063.029639113015,19757.74678887597,44214.89381023811,23638.58041545081,39364.26436090825,1736.588102290035,33763.77369349275,26342.83017875393,18041.10707104152,25066.64882241779,62275.3901792885
6342,26176.39496546744,17806.65171424102,64100.67455620569,45888.12416893652,78375.26285659695,45106.54122970338,12978.72911427607,20137.70282407046,26854.24563528619,140475.6595335444,113115.6876099701,54474.35019005522,48218.2057304134,33851.59841858258,147758.6367832678,71120.71690945867,40730.99984548964,33444.5438299219,139011.8777505112,36242.27473393841,6250.410417928855,20859.74763918804,47666.22412898343,27575.93374460443,42187.78344278158,1750.033521585784,35668.09289417882,27773.49614306807,18307.38260781188,25130.35048268638,62491.94410672874
6343,28273.0794749519,19170.07696008348,74592.78035010779,46923.19389492027,79157.56264305585,44300.73648423352,13914.21567948543,21228.24089666086,27504.10848235611,136819.8594745834,106000.2280995694,57534.24904623835,52032.46402052782,35173.8718680472,150990.5226884593,72752.28767360828,43682.79861016287,39908.58360833485,135235.6712896593,39089.80205576871,6525.369416792333,22182.26530184843,48255.13536801006,31023.47546941727,46752.04171129533,1914.449509153496,38762.67041954531,28876.09217752193,18538.69018586809,24773.14753469576,62394.21030546611
6344,30787.72243540571,19777.33486610288,72779.74123665533,48436.55213120054,78972.65379368392,42553.0463258708,14301.38382634606,20532.55451921358,28648.0986396876,122975.276281001,100859.2078944013,55262.48267647807,56107.90278134817,37306.47593707151,151229.3728628258,81079.06771729782,45663.74985000099,39040.02899588012,131641.7818497967,40377.44703515058,6794.137682956593,23310.63629206574,52909.02578149155,35029.5760419953,51317.14157202929,2130.937933173873,39640.72021962111,28628.44552843202,17845.8019444417,24244.32945030924,63028.71879878666
6345,32668.07979434753,20756.12387331673,73300.84974103134,51076.50147977857,79414.57787710315,43904.3238767258,14342.8907014792,20603.75491074368,30744.9553667526,122273.1462246727,104587.5463089697,52793.85188672578,59242.62925711546,39149.29338201067,151229.3728458188,83068.24337129033,46680.83906494198,39397.03329793926,135403.9381460055,42688.98186549622,7484.442051358111,24518.65102922144,59157.26817548777,36262.5065687086,54045.78255380021,2362.129914288804,40237.700550473,29256.20727701155,17288.21467884888,23685.07839521702,63184.7962044321
6346,33812.3764567996,21441.28626673853,73887.91499621893,49499.27872052966,79722.63530971733,45264.28368270964,14461.31878674684,21549.46658204805,32975.51326683447,124732.5026279734,111153.6770455911,52034.2351875017,61033.12221361592,40364.36749760164,149921.1591007215,82062.79279718279,47672.53822272803,39394.76744471065,145129.6155499649,44252.53991575069,8123.012302266541,25941.57567612945,64050.95570705714,34997.10124509734,55135.63838941648,2498.555094761733,40424.1609116086,28597.6291247811,16843.74281968541,23407.32573964242,63932.25403007446
6347,34369.55948576616,21652.35354718667,76855.74151837677,48435.62832153136,80650.69565012188,44907.19263825343,14887.36614836442,22640.93881360953,33542.01284961517,125160.2008886967,110420.1587548151,52135.09488894599,62802.17799227995,38827.60551539912,147953.1140137919,82927.68757548748,48339.71102346729,41947.71753306721,153811.5355404382,45794.74854326888,8078.254535417774,26757.41799695525,70860.63317454347,33707.24095752265,53468.03600652708,2537.365614483175,40696.08809261899,28876.22039621238,16856.77752884895,23470.51579749546,63717.94265068213
6348,33827.5336581625,21090.82912363436,71394.16038486661,48436.02799753895,79894.11044546888,43980.02852677786,14113.05140439489,21235.85304657544,33164.12732872192,122724.9751788543,106005.8730003478,48683.42556524401,59217.6676763727,37519.19319112868,138729.3427409963,86955.07996649208,47549.98078863861,40211.69370236712,158040.8521656081,45819.25228942669,7878.406349268857,26778.98775257841,66357.3680485905,32265.48241697266,48881.2901515702,2496.793281790242,40297.95901432134,28479.00608908658,17331.15583667651,23726.99998498646,63765.05234278976
6349,33268.57889991038,20320.83613595792,63331.43466850954,46261.42317740585,79385.2719956416,43548.02610358539,14226.57706568393,20292.00529472185,33130.90221821549,125286.9235910106,102270.0325997049,47841.4351004592,56855.78833563356,36663.20833253024,140050.5604914388,85188.05828634115,48350.88841506587,37745.82516328944,160018.9024610547,44503.43890694383,7928.513451627738,25807.1175021712,64183.09672028851,31933.85328468688,48337.92628694115,2311.542049224363,40072.21160014767,28285.5868353661,17574.61693486524,23471.99585261762,62818.4463537774
6350,32442.64488638417,20108.59751819044,65612.95635228392,45337.59158398723,79560.14066543139,43118.75501251897,13581.76009337114,20430.92033903805,32718.37576521065,125509.6572039637,97912.01883969628,48313.0051990254,57377.80133444101,34171.51068381123,145338.4667943832,82297.09006542177,48384.50033657203,37250.67951685801,164383.6063623388,44761.5927974272,8078.597199915262,25632.74278359838,65287.61742946503,32071.43153749525,48307.86985927921,2289.59834373736,40521.39522818715,28122.69555637704,17664.80374713499,23471.86241614635,62347.39021730197
6351,31899.16905721293,20058.72070687532,68371.84932369251,44837.21003298812,79804.6287533251,43255.27233935776,14112.02719816915,20918.48147799682,32150.98271565738,126440.8826015207,97102.20759449527,49759.83694320821,57335.90654334641,33840.52002117127,151279.4732660457,82113.65838717534,49454.80971184877,36755.39517534104,162269.2270069951,45794.21201496638,8124.305836344555,24965.8541854053,66273.86268663697,32473.23301016375,49969.15514235773,2243.614269141713,41444.86419758459,27651.17093772464,17604.70524762229,23854.9675988112,62650.46209798096
6352,33269.91620855046,20701.21590357252,71460.09124071247,45795.83853541267,80001.67138435789,44599.36939518034,15027.22887849703,22255.25645856468,32231.5682562125,128800.0600653121,102322.7834953224,52033.47741639182,58641.13086428312,36592.32219097386,152535.7427780901,80012.69805818879,49905.93617224645,38074.65744380996,164384.182319365,46059.35571828422,8167.801238086646,25857.01556485903,67276.8560183086,34559.4314243328,53231.26336047742,2290.12003673449,42298.71214923816,29639.9776739678,17584.41889504188,24549.67621067031,61524.4585070726
6353,34868.67408694379,21499.56255853929,76685.26315867087,48911.79632396974,81157.43790281883,46791.40151939098,15904.51899023438,25004.16514457399,33527.95654000328,132381.7862076869,107476.433868559,53774.64886283148,61906.9750038454,41182.87498323649,158410.2183039264,81809.03756290549,51671.19281944183,41720.87790823227,165352.4705414171,48624.59766494716,8493.134039725293,26950.15384698629,69278.78507963741,36472.56832161257,55674.56256822866,2363.692017631547,43407.22097669764,30158.57072075039,17844.38131600663,25449.69285317812,61477.43734238452
6354,36048.77004438427,22499.98939512967,85218.25165345513,53830.65444481446,81886.62781395488,48422.27553348738,16730.79342163066,24365.52931137069,34593.50515253066,134544.1157115078,111152.0019908128,55017.21494274058,64302.85412016622,43379.12084491367,165625.1241722243,89739.08195854603,51214.18310425265,43750.29781102097,171785.5462628508,49406.24749881725,8626.86970379974,27563.00422484834,67399.60959639987,37951.28394298118,54355.26013983024,2436.439736835404,44201.1088060691,30518.53374707072,17351.36847765454,25325.31414242932,61999.01585710313
6355,36571.52952180133,22961.92943312088,84879.00250122482,57572.60007694967,81687.4909257818,49189.45202980377,16357.9116582575,24337.89208843306,34511.92421880484,134148.884201983,109735.9358639952,58868.36847372529,63239.42174113003,44032.70525815406,158547.857327995,88005.30903379562,53043.43078186737,47647.82754661792,176015.8754380541,50184.30756225368,8997.943971151797,28107.82536282364,64298.70114436946,36920.1734734665,53762.16781712532,2459.899145647335,46278.84456172465,30486.98804196161,17929.42681047794,25692.03982642891,63365.83986723642
6356,36571.52952499128,22537.34051009298,82282.28979497726,55397.81931571517,81746.38566272025,48157.37065018509,15921.55404247772,23424.0033284476,33866.83190295295,133754.5301722206,109577.7437828425,60033.11739826486,61474.66609765767,44439.32191913816,154380.760870928,85854.54272066688,51972.01145601371,48306.54633153983,174957.3720513707,50183.19561502329,8990.418853097246,28184.2399612886,65273.86497250311,35420.73262269171,51872.59375232165,2657.47822828916,45312.40247838389,29986.50830013148,17587.10940267004,25201.86701483364,65541.0362080451
6357,36018.6599322508,22531.26480325674,82314.85143117265,54917.81393494264,80995.14407270624,47344.72543079055,15006.21104499933,22016.64911328377,33129.57250413907,134483.2039913535,106999.6633301533,58146.12113750907,60869.81136295477,43253.59513855898,153191.720882353,83094.30007368361,50827.40287939058,47008.89207039278,177070.6066974829,49587.47685041442,8809.954164239469,27358.11207789627,66669.62025542202,33735.97207453368,49965.18908274109,2681.850714703667,43575.49280831271,29098.12248913515,17405.13057278577,24939.31213748564,65780.96140822592
6358,34051.44366074115,21943.60986196444,80431.69511592742,53630.47797404006,80361.59958028572,50055.70743883175,13906.78397286673,19822.99250296223,31679.98818333355,134496.8049276663,101590.3712949185,56078.62466234065,59217.253886166,39533.01705333997,149865.0255876211,79058.42272876194,47781.15320725709,44220.47258009569,180279.8674587068,48352.87022630952,8627.223755457231,26337.9406063441,60612.33235564322,30399.86969307697,46709.46025333852,2616.259764367266,40882.51310335732,29422.91762833503,17274.06827780274,24996.94316397708,65085.61568725148
6359,30806.59550652993,20594.26917241462,76399.94946407362,50636.65653626175,79110.24732929916,47820.08131425349,12418.14188781584,18420.11692915164,29825.4742897775,127176.4300121235,91372.92106981725,53814.45838352631,56391.08040015501,34174.68475693805,145194.5121191175,75026.38353398247,46068.2409220408,40729.39500738478,183197.0975135709,44834.44997596943,8261.483253889288,24386.21708992569,55262.747179662,28105.68089320714,44259.13854057817,2343.224071394056,39215.04813781522,29477.33335347017,17880.06085725749,24944.41047146756,65327.96554535097
6360,27657.56916760827,19597.95079137154,65801.31422840903,47899.69555850951,77189.45581437515,44482.99335080662,11844.06642506462,16468.30367478701,26077.4079255219,149254.8193870813,131110.7368973653,55034.73473119413,52905.76753256606,30286.6840060151,153059.6942871338,72482.01132610146,45465.85290040738,37309.84847960644,171484.8837005876,40956.3203043382,7738.516520366973,22655.4644355074,52333.00584632368,25937.60382549577,41944.065370716,2171.071759009394,35901.51396177281,26922.14210357768,18201.85894805917,24331.04117796959,65262.95828014423
6361,25567.664276142,18384.65357087852,64375.92412961507,47118.14288870818,76650.44285167026,42677.64935989778,11331.86300502269,15599.45822611374,25574.38083897804,148503.8584995929,123933.7862691152,54634.49392539485,49824.26384980783,28791.36239173877,149061.1539926734,72021.81712565439,43075.257786273,34526.35260883188,163606.684741137,38966.57300871661,7158.228201134342,21567.72761645975,49312.9954568242,24636.25278989786,40155.78436749474,2015.097927882185,34872.97050890914,25341.77450691993,18021.16458275995,24852.6698090766,64374.92146796247
6362,24737.52724380578,18032.66868497422,61612.34889639777,45955.138431471,76545.0913117621,42278.10355448716,10701.9676629487,15275.35284069769,24391.96302085038,144352.7638588737,118572.3059964323,53851.85837691627,48495.97809247024,28570.70410691547,146379.4677993158,72453.95118671407,41926.21422468787,34129.63699972128,155181.7456189825,36448.07492077353,6713.426817329068,20827.22105949682,47307.8806226666,24222.95281723914,39274.87851699454,1936.382533102601,33955.08415739776,25235.14948958132,17737.15965264532,24669.93506076226,63122.72932602398
6363,24439.67221106046,17735.47837238655,59817.72940886357,45977.15706937094,76518.82399725381,42410.24383776154,10847.49708013369,14961.89932243406,23612.5381559405,141738.5230658443,114299.8750493381,53206.92865042475,46826.66862133863,28360.52841522884,144103.9052571192,71725.85958352922,40818.86835348627,33182.92260439018,146365.8352770394,34978.68416284949,6349.825377213603,20299.54005274645,45260.2740601344,23599.19372099791,38563.04035941067,1859.897277060753,33964.45649738032,25138.29305042912,17792.42723931569,24852.62276540319,62763.27719928945
6364,23593.64216700876,17389.41858085776,58902.90019626031,45760.83899550021,77092.58102412688,42403.34134374497,10983.18950909744,15258.55464064425,23597.97593756878,140656.8876251747,110726.6176286905,53203.9341284279,46370.14339759399,29428.30989844002,140922.5895016811,71493.57911100094,40706.53614002913,32844.86552747741,141985.6243755399,34246.81776652755,6091.55736223885,19925.18275659361,44255.50333110928,23605.24496763182,38064.17402899615,1786.402780933712,33507.16056834572,24767.07911630543,17758.30986751241,25026.57979361122,62759.26090917182
6365,24397.89166062668,17558.84267324268,58838.49273874698,45760.94178165854,77832.87760892183,43105.36841390568,11416.79099881884,16446.45592967828,24619.2789161755,140563.0273487186,108316.6307971049,53204.94331180217,46222.33357340448,31713.21014295578,144627.4563980635,71241.85798681583,41255.74645233548,31771.4652934323,136588.9978009505,33635.52343478172,5947.290458961595,19539.78448355832,44229.40708113159,24223.77303300654,39103.47799276825,1773.484905374203,33976.75323450688,25712.50674391314,18242.69211837198,25287.6010303479,62508.58889316038
6366,26111.0404174883,18073.81497619729,60943.12164768967,45836.47214715168,78954.02476899038,44783.70447779608,13205.76211580327,20138.62601649887,26246.07350308842,142007.9091400988,110724.3789843937,55005.12148172018,47739.63284188665,33714.12480175502,151790.1561795891,72969.34997102516,41209.18748588594,32828.19867278069,133248.6483078652,35083.78899476946,6130.428348572817,20600.6264235597,47709.09310153947,28121.13875009286,41911.62926258014,1787.021172455703,35863.38397372166,27215.66522484308,18551.5594578096,25374.42636969666,62715.57396079173
6367,28153.92834906674,19645.5619020524,71739.61541600044,46674.77494791648,79859.16329967244,44059.08271082965,14142.06623508672,21229.29440788022,26923.8073718728,138074.51054712,103767.1751079322,58324.46165159508,51631.59541302593,35107.85386684165,155441.104752481,74729.82704447632,44248.04745645482,39563.23978525341,129346.4300943473,38168.07616381616,6399.161412335793,21873.74903734482,48302.84276223453,31533.66737103799,46451.04524696683,1952.548083237088,38929.21720280243,28374.13031842177,18819.86557820093,24887.5588839059,62622.15871913189
6368,30604.05078422648,20345.60449690513,69873.97796679853,47900.44353447325,79645.21958253525,42487.46832436405,14529.57274158562,20533.52489623538,28116.86045788194,123178.6565135986,98740.49683816139,55860.07778724658,55790.0592378781,37355.70379268319,155710.925448143,83714.485071384,46287.42544469635,38658.27149547806,125632.6128084044,39562.7833744364,6661.843921026652,22959.97621218261,52994.96896190479,35499.08213713462,50991.29824296688,2170.499272644777,39799.11114851683,28113.93529726469,18016.14718088702,24166.78003077984,63228.63021080649
6369,32436.16207148042,21473.94550264801,70410.20442415834,50038.53807751171,80156.53573327804,43702.60776362332,14571.11589101293,20604.73379617903,30303.64622095124,122423.211103262,102385.912911808,53182.13785192587,58988.64653493274,39298.1070343881,155710.9254289307,85860.8204991004,47334.51298290243,39030.24300774006,129520.3120042408,42066.5125444369,7336.517630984454,24122.87249937841,59294.54614013668,36719.49106787047,53705.08781393625,2403.253367897355,40390.54636719557,28773.50602860104,17369.37167414394,23404.52104985534,63377.8110303147
6370,33551.09845379934,22263.79583647173,71014.30111301449,48761.14562431079,80512.96514403411,44925.55474073588,14689.6474746815,21550.558479587,32629.86727203293,125069.315611266,108806.0056897099,52358.11511720454,60815.61551305601,40578.84371697009,154233.0820749842,84775.93179975737,48355.46160226961,39027.88215985346,139570.5346014365,43760.07383021933,7960.628646313396,25492.65197139443,64228.43960126329,35466.93715305047,54789.01179672273,2540.600343763534,40575.27477241077,28081.5574119616,16853.80482087681,23025.94428319648,64092.24096664035
6371,34093.98532133098,22507.11269612687,74068.22767278356,47899.69534117419,81586.75192940501,44604.43979936024,15116.06717382821,22642.16114157098,33220.66263082861,125529.4905961713,108088.8016512944,52467.52646518074,62620.7105939692,38959.03516558225,152009.850311149,85709.15974279812,49042.31219042058,41687.86328506149,148542.169671275,45430.51057910713,7916.884335844653,26278.02318967883,71094.06453388694,34190.17663795959,53130.48581787744,2579.673097759944,40844.67613030152,28374.2650340135,16868.92448221903,23112.07230864235,63887.39935567513
6372,33565.86675279742,21859.79133457646,68448.19983172455,47900.01903870695,80711.36575094872,43770.68534395113,14341.07572941522,21236.90746744315,32826.57052787596,122909.3491151836,103772.6944599178,48723.19857142122,58963.17643548534,37579.91628045939,141590.0782173998,90054.74629408083,48229.28942379748,39879.05760427894,152912.6183044646,45457.051708068,7721.561340149808,26298.78733100789,66553.80114041819,32763.06054282783,48568.70464218371,2538.826626603422,40450.24511420873,27956.92369131292,17419.18143636039,23461.66016118188,63932.42741368483
6373,33021.25361488081,20972.14889506549,60151.56523213453,46138.8069526887,80122.62816619748,43382.20617329926,14454.70060470728,20292.9469262235,32791.9204739672,125665.8358259268,100119.9432526058,47809.81780173844,56553.18075807466,36677.674027024,143082.6117417761,88148.11666786422,49053.81925123741,37309.80887469908,154956.6760036838,44031.83401082628,7770.533860375894,25363.21571000629,64361.66626866351,32434.79942351507,48028.29819116172,2352.323691586565,40226.59457772047,27753.70379312763,17701.58507946697,23114.08962322561,63027.64906599078
6374,32216.51135590942,20727.4817260799,62499.27646617978,45390.59589718541,80324.95516867864,42996.18315933103,13809.32010453384,20431.87857082271,32361.70177438861,125905.4824328717,95858.85650473129,48321.37117152374,57085.8282345899,34051.325115735,149056.1747129534,85028.7403068538,49088.422532471,36793.90451771875,159467.02977718,44311.45230489954,7917.21924134196,25195.35375719057,65475.26158293926,32570.98043677134,47998.40535422402,2330.231717234838,40671.60591820697,27582.55873649712,17806.19762140746,23113.90774936468,62577.40746834777
6375,31686.97998984257,20669.98409275158,65338.20807422366,44985.33696136361,80607.83341110674,43118.9466788456,14340.05062810021,20919.49797311017,31769.97463022441,126907.419248185,95067.0563509845,49890.87622814086,57043.07996049206,33702.44772809606,155767.5221229646,84830.81615229484,50190.29992180353,36277.85565093723,157282.0937266104,45429.92944074667,7961.892890718204,24553.37295103094,66469.60970877203,32968.7012288217,49650.64861588513,2283.936938207808,41586.49715269561,27087.14174386988,17736.4861342997,23636.0799714213,62867.08752384728
6376,33022.55661095355,21410.64798566751,68516.04341701248,45761.73002774528,80835.8161878144,44327.6290414652,15256.05213483948,22256.4326976646,31854.01628672901,129445.7378561514,100171.520910372,52357.29309654215,58374.89438354572,36602.95720060739,157186.6858919573,82563.86422309754,50654.73203640899,37652.42726882004,159467.624953853,45717.11872101361,8004.403419990088,25411.25011724751,67480.84350920665,35033.71229049601,52895.00187483286,2330.756935198542,42432.41405130428,29176.72225188713,17712.95490111018,24582.96755204086,61790.83860898194
6377,34580.29367654986,22330.97633116137,73892.80354112205,48285.34372800076,82173.0641667083,46298.81896063915,16134.10894075677,25005.66987697957,33206.00348061399,133299.4378237741,105210.5484394023,54246.09419633265,61707.2704807003,41441.58332138563,163822.8756173094,84502.12800158361,52472.05367335214,41451.51353296011,160468.2248879928,48495.64968046634,8322.369665460592,26463.56049937954,69499.22017130669,36927.41944152624,55325.0027261907,2404.826026034016,43530.62638242118,29721.59265201315,18014.49931743555,25809.68990238126,61745.89516663424
6378,35730.11081816287,23484.26127270748,82673.34377953135,52269.12611072828,83016.75337150977,47765.38616123946,16961.105481965,24366.95772709214,34317.25085658261,135625.9610719586,108804.3678899897,55594.01440435916,64151.95857900285,43756.51424035331,171973.3026608815,93058.70529306884,52001.56478153799,43566.01575576482,167115.9719085449,49342.2903903941,8453.077134172849,27053.52137245653,67604.60561546434,38391.11728275626,54012.88097948198,2478.065285818574,44317.14010440704,30099.79517400718,17442.62716749141,25640.16176570493,62244.42671219543
6379,36239.45737111476,24016.78246289086,82324.25262186413,55299.72726249824,82786.34749196656,48455.27138648936,16587.89784431835,24339.31720151927,34232.17111693859,135200.7181597663,107419.7966290019,59771.69779082869,63066.86189667462,44445.41833472929,163978.3616131763,91187.95132293126,53884.76481884636,47626.9472948921,171487.4668804939,50185.04285566707,8815.74911494564,27577.99384704651,64478.2204843487,37370.47873232191,53423.01673177356,2501.68320477428,46375.57660138366,30066.65103319831,18113.14816789739,26140.0087371483,63550.85492396617
6380,36239.45737422287,23527.31937237218,79652.20631373518,53538.37268181087,82854.49003345778,47527.16983688087,16151.15888052164,23425.31923225327,33559.41237574178,134776.4193576475,107265.1229134657,61035.20291787918,61266.1545535452,44874.00854728436,159270.9383595914,88867.25836384448,52781.74474173388,48313.28250477478,170393.6413078172,50183.8384547298,8808.394389192572,27651.55441721947,65461.39613749721,35886.26614633472,51543.72721552862,2700.597286479694,45418.1114130662,29540.81174769724,17716.07576584649,25471.90337652114,65629.93595027612
6381,35700.77326908591,23520.31534074566,79685.71260019233,53149.61640290284,81985.28653788929,46796.39675803638,15235.01593312991,22017.79683891727,32790.53373171925,135560.4240977021,104744.3818013757,58988.2128756841,60648.97768470512,43624.20512877517,157927.7214340105,85888.93587612291,51603.3767489364,46961.22479810842,172577.3944502858,49538.58819568661,8632.015987546367,26856.28179446332,66868.61877263716,34218.61596282875,49646.704142685,2725.134452505552,43697.3352041117,28607.41101024621,17504.98871781324,25114.04117595534,65859.25958514582
6382,33784.03168889462,22842.87090420155,77747.92376907732,52107.00321998499,81252.26124385596,49234.25355141571,14134.62803364249,19823.87808765408,31278.78029897849,135575.0578038385,99455.39836166392,56745.41844892259,58962.75421552175,39702.56712084743,154169.6700067499,81534.19399601946,48467.28010854432,44055.90234500595,175893.7480247539,48201.32925514757,8453.423168989098,25874.2129669221,60761.56494705379,30916.39491146723,46408.69555080237,2659.100318325455,41029.36951347521,28948.66367175559,17352.96250149992,25192.59224371464,65194.63907798447
6383,30622.43961147116,21287.3605546622,73599.21257032521,49682.30773012908,79804.41841246455,47223.86162734777,12644.68497277141,18420.83487086683,29344.7308584528,127698.8195171475,89465.19545070294,54289.27906857734,56079.00576681059,34054.67071567378,148893.5541466215,77183.59350866337,46703.8466933211,40418.46325350146,178908.3258480608,44390.36724953527,8095.964180795145,23995.38486899705,55368.02824303599,28645.50580661313,43971.71041643219,2384.219782317381,39377.39296488917,29005.83666725079,18055.8859393993,25120.9902032841,65426.28023250948
6384,26955.93421197558,19609.29665412286,62551.84140506435,46358.77178412225,76504.69618941694,44383.36071568635,12005.18836527948,16814.87764495517,25566.9689348946,130067.3264495665,97724.92788638524,52142.77618559534,55027.65625733979,30505.3520357003,154614.9105645956,82825.10229156577,46850.22079372189,36386.29897182849,146525.8994029206,43080.42057962055,8233.849416357645,24067.72303460341,54074.03658223622,25976.67203405905,40165.65458591979,2027.787739295989,35926.20238411463,24870.30067265883,17401.20789494839,24334.42885068372,63497.92434019809
6385,25395.03151234276,18729.83317129088,60526.16554879189,46176.82197175187,76395.67347138334,43134.43949754407,11456.3827974846,16095.77653869798,25577.93481436106,129807.0366042643,92370.4733260737,50242.26202312352,52537.92060340405,29594.31646356146,151748.2432394338,81456.26392889171,45364.04138258184,34930.75686653509,142055.6774948338,39019.74959046065,7568.900027600484,22925.03437340762,50228.4909945217,24679.20204882872,38822.46789896015,1939.471214313406,34900.74112403866,24475.99318892147,17154.40010902903,24201.21266834773,62646.07846709893
6386,24278.20837236628,18302.66037336049,59311.0749005094,45809.92362162611,76417.73443629648,42499.24067984639,11353.6276678361,15520.40139881971,24715.61080425337,127945.8444291108,89833.59810757857,49545.59438331803,50459.80309486078,28535.71136787455,148734.4661902999,78271.25231703048,45155.48363797364,33586.52070653933,136717.2337930718,37025.80764994939,7090.600105837189,21961.94683114789,47428.82416831942,24426.03770767899,38552.13639228533,1891.538805656908,33686.04334632167,24476.88312933151,17492.61818539842,23756.12517248637,61847.33020289639
6387,23610.73940297826,17979.71832167111,58119.7950647343,45392.79086599437,76239.35289534024,42270.66565631247,10969.42824027993,15233.82867707944,24145.05678875283,125951.1222092686,87595.7148487246,48386.2851773834,47558.72542641603,28160.24993617235,144449.8329521607,74609.58477953923,44967.16210371394,32938.40412697494,133168.3318970235,35011.83852423174,6196.384223806598,21306.91493294216,45575.51460977674,23903.11249651254,38019.46100914902,1810.903953068658,33326.72610063509,24548.33407711857,17538.32333062342,23851.74202214938,61276.25816916964
6388,23610.74648966191,17829.04294023616,56033.70647073915,44933.92979018897,76095.10702610142,42270.66566729984,11072.32558433534,14950.8821267659,23664.35145673119,124757.7885727622,88019.76185309935,48200.8440362615,46698.29814118113,28160.45211241263,142556.1631956667,74086.07917400384,42955.11812221156,32586.18956836191,124541.9211884975,33328.13079745731,5967.053928533157,20673.51823756604,44174.39276586955,24166.59178785902,38014.00487031978,1763.153460568381,33319.51335152605,24398.36245095238,17337.22069205945,23730.96370313643,61065.02341021091
6389,24040.94052158677,17891.60034937149,56893.31552272698,44933.96604596987,76504.2833607852,42509.73212302403,12190.49754353058,16567.05437416745,23869.21123884946,126230.5770531846,91713.51934189128,50061.33241317513,46313.89926268136,31389.22026033171,145545.6196071943,73035.9336321439,42246.05562079625,32138.41299770527,123052.3224199873,32980.04394742595,5885.966751565553,20000.58962553863,44175.56663885801,25507.77353322726,40317.45284822361,1760.794848123817,34221.87200050358,24787.22232124244,17520.0412729595,24342.34140594674,61105.29056906788
6390,25885.34855638219,18590.04575392998,62383.61395061349,45874.00644322885,78032.1337585738,43193.40255843887,13684.18227266394,21230.54061548359,24260.35277554484,131573.1328895572,95471.8907422103,54713.37227787745,47834.47710736398,34688.74706590421,148970.0155885621,73037.47309519612,41283.60117325128,33343.5039750933,121916.1457576603,34323.04907853996,6002.711652387082,19716.81837964937,46479.48206396755,29238.7418945084,45313.5305283355,1760.818300129094,35369.48471987201,26152.00991422623,17986.23375723712,24271.14858231024,61067.16305993652
6391,28525.77399377739,19716.13749198974,65967.76884358407,48496.02694939493,79008.15627758166,42740.14659733107,14332.64953572842,21813.97501738146,25546.61523878,140119.3682224528,107788.111471905,53725.10285929003,48388.60666102999,37479.36667113356,147805.2593330736,74085.16927880199,42769.19766732092,36768.30744715178,125203.9858246993,37017.27718642136,5967.552470011575,19532.68147499119,48404.8839936748,31770.24725959234,47711.50399821853,1913.700568920857,36964.21478291147,26986.99598520452,18644.38785018155,24481.62829207997,61419.2892047381
6392,31856.13957942954,21183.88292741045,67127.46841962506,47984.96176548579,78257.45480198822,43232.7241607406,14709.12721491282,20975.64109600446,28017.25878429159,144130.8940735836,120098.2880882791,53280.78427147176,51190.92778194184,40141.26616229379,154739.3469714202,74087.74416138623,44200.17575223089,41981.71761960156,139671.8618584011,37694.43724517374,6209.61367576065,20524.68418828716,53649.48083299184,34741.7660246755,51975.86969319144,2166.769848697194,39467.23481173614,26085.66639686398,18589.54167718978,23571.79438034221,62303.27362090798
6393,34300.48129863614,23009.19090020894,72046.17980771072,48017.42690319267,78677.19396597732,45102.80869920769,15809.16567791678,21270.86853123474,32334.37851688894,147472.0616036395,125552.8951931107,53815.48657860555,57366.23971001729,41866.25224466521,160321.872048906,81399.4486881883,47566.41732048107,45403.43508958455,168452.3900668883,44817.92850419875,7298.232653255781,22710.18191721082,61594.96226516432,36031.33684492995,54123.58413434173,2420.242125193657,41438.58129708149,27471.00560496542,18095.92610535106,23012.13806055802,62589.92821691499
6394,35195.15602837929,23910.99619405128,72805.80069572727,46361.42954550164,78590.94789775727,46967.90416648206,16565.68606592746,21572.89087033853,34343.01478026243,151614.3052442281,124141.4571052877,51940.93605083564,61296.72842730374,43304.18266291022,165805.0526374783,85050.45668930458,50234.82424105029,46477.3582638053,175787.5111025053,48118.74305182323,7990.925326667082,24199.43873085906,66272.9241507345,36780.99637581257,55772.48467520814,2466.879663686759,42744.84801835103,27834.35735609287,17702.8618559899,23298.35803852729,62797.58477160197
6395,36099.43268057002,24622.46694787676,76731.44224780318,46365.5404586349,79104.67539237761,47904.51913083115,17147.21098678381,22832.40767636095,35223.59976462674,152821.8043144925,118582.5617797116,54505.68606550244,64156.33647859673,41278.82728117252,170525.7642607328,91876.05967166601,52048.99541109928,47809.60484549899,182361.5470839489,49080.63646469828,8314.804834832505,25662.41140513572,71939.65256060791,35622.40966896189,52518.70249129748,2528.449124939621,42871.63854635639,28574.81524517955,17465.19509996771,23293.09805678994,63253.21382540358
6396,36113.00877064059,24128.87370608195,73049.5366122036,46964.8128243003,78225.4817185857,47898.77251839359,15447.94824718506,21052.3952784402,35493.56343821251,143885.290450045,125706.1400527498,49311.56291049057,62123.06187644149,38248.13299691804,168253.1285273895,95059.72825075181,52125.29393658341,47308.70470467039,171942.7177613418,47521.44489782762,8314.810931634962,26544.80258929161,68620.33818431622,33831.55364486063,47700.40357696469,2436.284378657436,43791.17853469736,27373.29293923474,17465.19509996771,23703.9877027136,63367.35277611794
6397,34756.65300426223,23691.28670885331,72314.39806045772,44922.62593713923,77176.16320298995,47436.3190842506,15427.68154744519,20407.79383139355,35761.31149744875,134816.2881169202,128470.3806155246,50638.16068156667,61773.0926086244,38629.12586802993,169389.4762196499,96457.97007263762,53821.89109034402,45764.06101635401,165499.3838863239,46441.53746829811,8655.563958837793,27359.52993374412,69198.43306958466,33694.58310342814,48238.5736438937,2294.596589558812,44114.15197906055,27312.41744830869,17702.8618559899,23990.67740954401,63468.82135297584
6398,33873.79316951859,24006.79902667406,75079.28913305742,44458.98221463014,76882.81645810317,47427.83800512421,15822.4417061049,20695.59696087296,36005.97163664868,143761.4470622641,126647.7644777988,52528.74741992009,62911.5572810404,39705.37178227832,173919.9519911073,95148.44121645449,53829.52242596111,45170.13459778909,176690.3303821427,48119.57679155331,8680.124542731464,27573.84737133754,70060.71456279521,34729.76095825493,48782.65400331321,2253.079673513936,45143.10893928796,27275.79546028269,17775.99008877601,24271.66389562467,63335.6458813344
6399,33869.54007608655,23969.27098891619,78863.54498884825,45406.87823772681,77164.41773851155,47690.91574822085,15822.42628415415,20984.0049343389,35904.82575518241,150172.8682017551,125591.6144605088,54990.74262291707,62911.54178276329,40446.05802118489,176208.6787828307,94052.55841415461,53838.0029217183,44736.12066781778,177840.1715459765,48121.76443884944,8557.695330294957,27293.12101301421,71043.32547242625,35499.33125071507,50406.59157785106,2244.720262152166,45621.8989319172,27612.98677452954,17648.01568086775,24691.8634178816,63334.02993082633
6400,34776.14731790676,24111.96543453432,80492.17689893732,46838.00054534643,78173.61408224389,48132.99808181892,16192.47034151055,22559.42287579871,35900.52950390795,152047.9133378631,119780.1269685684,57217.0986213164,63126.05126576379,41950.49189887488,176212.0303544731,92430.05878578212,53765.93755521688,45288.5915729546,177967.8801671514,48903.04281062261,8234.402887888258,27134.56490277702,71027.42784805752,37286.55575334024,53062.98420085838,2252.02048015883,46545.8127259306,28409.58107840127,17510.90024519273,25735.34318123435,63375.77504613849
6401,35651.25354368753,24269.29168429566,81091.71853857061,50639.58334265526,79997.41347776543,48374.00316529569,16754.91762268734,24720.07617299652,35627.56588410069,154457.4952831313,110997.1337005759,58226.16595984941,64571.29577081541,44049.2541495819,175070.909989148,90165.87713741894,53142.09624404008,48143.60877544464,177840.1617917456,49801.75383144229,8233.84777321931,27012.09837810953,71043.32648269145,38514.92153509236,53605.69195504296,2340.698978610865,45013.81772014184,29934.3705388816,17556.60539041773,25809.50456373961,63908.27623254409
6402,36099.44436245903,24006.52263681157,81482.14846093392,54117.31088381087,81472.51035932278,48132.43942959922,16662.51655693072,25007.10795446521,34151.42188380293,155130.0409138305,110246.9370843983,57944.82386504443,62500.24331273476,45117.13990946354,170528.2700295193,90167.80813763631,49422.09918302418,48917.10370607053,164403.593294763,49784.72622705181,8072.361976359419,26357.59084090542,68296.68343516611,37992.4912358247,51482.78341077276,2455.101819543092,44182.03377123614,28809.19941313141,17748.56700121492,26150.69645485235,63878.79392126046
6403,36099.48231659431,23512.49758785042,79941.52830350884,53723.73145792131,82168.45140389018,47434.22686953508,15637.41624390621,24145.98119412539,33723.95047538561,148063.364305433,114257.2506744242,58596.67636959316,62078.77174027941,44071.396265093,169389.9064858945,88740.59604445403,46753.71487182227,49274.79114979324,164510.5333309108,47785.58414585795,7416.961359649359,25533.85755524382,65383.44693810431,38474.73560502862,50389.96899164471,2528.898673593826,44322.41183942588,28568.4950422351,17693.72082609275,25393.60896830459,64065.8688106574
6404,36052.62226174871,23499.995566322,77173.66033887758,53202.64513306251,81119.82960953405,46463.85198107785,16194.95912781013,23236.8118989056,32837.18601750694,149940.7009087665,114257.2481654066,61352.03945811217,63146.43709890482,40795.60513869864,171662.6210809722,92948.8361506079,50270.70645728467,48410.34178968774,166656.3964629221,49841.77295856149,8314.198158104413,24946.38953398743,65396.81685492872,38475.09189761631,51467.38718473211,2694.978551396911,45099.06304739495,27677.42668050885,17693.72082609275,25732.90018064854,64064.60208899957
6405,35648.15121972781,23413.3778956155,75485.63924742033,52532.76495051361,80934.41263479846,47425.91723694793,16153.38189332427,21859.78908935555,32234.53196796433,145145.0766360924,112044.0691787047,59181.69194277933,64325.00254072529,39237.89803200142,171563.6635721246,95059.72708813114,54832.57177382496,46553.11279611558,166656.5029151354,50810.50587658842,8634.516157843975,26170.74516900986,66353.96295493249,36508.84222652506,49486.12023713707,2703.584059501701,44176.71489509618,27342.56147842429,17392.06686718162,25110.85311705291,63928.26741607225
6406,33388.40188983194,22447.54493160664,73497.03020367632,50713.48198681392,80041.25015139954,48844.21660024803,14604.45390048386,19655.70286323926,31555.92685646379,144082.6691042459,107904.6343675047,57392.64911843727,64776.60542474873,36024.67021337053,168262.6350245282,93989.37705252331,52659.0972224548,43434.20481208074,162165.0585055165,50810.50289119619,8880.344386185234,26292.12384871341,62558.42112756379,33007.67726382469,45568.99620693244,2539.653479735896,42073.74145753763,27346.79384566268,17172.68216882335,24826.66485884896,64111.66072479127
6407,29839.47889617113,21012.73836504559,67810.37273900185,47706.03755894272,78285.89946366216,47290.05249913022,13063.53021841871,18439.38099920927,29750.22092332832,147955.1445578263,106418.886144683,55903.23535861288,61887.02069676059,32842.72673319515,160349.3666808953,89610.7069565669,50714.04028332608,40062.23888294525,157666.4163369639,47785.96365165121,8808.297570159233,25125.30715631836,56889.17966853431,30707.30070868385,43514.13331127906,2282.127020944006,39832.90057894793,25538.88864360466,16826.96274731199,24555.80877674149,64506.19222636649
6408,26700.89892753226,20102.62090658928,58614.83652629983,44582.71838234129,75376.17703138498,44549.93697106387,12072.69806459392,16861.38477486511,26082.0182451547,131888.8292210467,98344.84098366884,52183.23478392183,55321.76621058633,31081.1120513144,157253.0593733252,85085.45272334928,47107.35959743321,36575.58833044345,153158.3964860036,43427.12311575642,8219.080413599871,24195.25862112089,54625.54263728262,26217.08044128717,40463.17752473013,1992.758640193617,36163.08179810407,25451.24598177593,17410.31199670376,24164.20064839752,63803.49598345949
6409,25151.2646693363,19174.46872461016,56620.87134762298,44352.11358896579,75253.27557130698,43243.08735296076,11523.66347714868,16147.26724426745,26093.60890957108,131640.3823792953,92694.9159197513,50291.76381879349,52812.58948785866,30206.73942678461,154239.7074769605,83677.58625338039,45674.13363981928,35120.22849013722,148454.5522945782,39361.20894728697,7503.051279648475,22980.91784586704,50711.13353726122,24928.26913764713,39138.3291126278,1901.962378227205,35098.20912584324,25094.98184255128,17112.99455349456,24018.57866692435,62824.98112967779
6410,24042.50407941578,18723.64686307647,55424.80217687742,43887.10339127277,75278.14492741416,42578.42626764221,11420.86546720661,15575.87961812996,25182.1536770053,129863.8731294931,90018.05038292393,49598.41112558193,50718.24502551113,29190.73594221896,151071.7183955222,80401.76408396015,45473.00693129849,33776.16065724476,142837.1113902786,37364.69240884478,6988.009556865178,21957.44004966561,47861.33211076786,24676.79429178051,38871.68839109862,1852.68413121834,33836.8270347723,25095.78592025007,17520.42956750231,23532.04225716005,61907.45946802897
6411,23379.85369032378,18382.82615160915,54252.17107539085,43358.42566597363,75077.05517080263,42339.24930605806,11036.50571106828,15291.29292704422,24579.09214004952,127959.9093574319,87656.67583545091,48444.6182489326,47794.51432945126,28830.38426387944,146567.8446533377,76635.69564901602,45291.39540495424,33128.12523573113,139102.7371437862,35348.12282589279,6025.102252336795,21261.33447857262,45974.83469820509,24157.35882831579,38346.28552464262,1769.785226390854,33463.70019858607,25160.34317939433,17575.4883529016,23636.56345620652,61251.46935851776
6412,23379.86072584735,18223.80910680924,52198.73888228787,42776.86110047271,74914.4466038962,42339.24931755507,11139.44599476413,15010.30727698355,24070.99844782048,126820.871555933,88104.12268018741,48260.05949051942,46927.36840883979,28830.57830390958,144577.2776622766,76097.26393277297,43351.04174338782,32775.95478191019,130025.4938349601,33662.24107873111,5778.155378650104,20588.22074232417,44548.62248177711,24419.07978743466,38340.90387744922,1720.694003350374,33456.21024287823,25024.84102813463,17333.22969765805,23504.53761801442,61008.82411504893
6413,23806.94910854987,18289.82980797689,53044.89129686671,42776.90705136849,75375.71164910034,42589.40433280027,12258.08457340745,16615.27898999056,24287.53019014156,128226.6492039381,92001.70977909533,50111.69512438074,46539.96795664739,31929.41062816917,147719.701642802,75017.17680394366,42667.24355927793,32328.23428245241,128458.0458069024,33313.70477545055,5690.839288011687,19873.09624676407,44549.81737571435,25751.31114025426,40612.9033139489,1718.269166170286,34393.24911824563,25376.18314737315,17553.46483925516,24172.8500628734,61055.07897676215
6414,25638.04202515714,19026.94242139295,58449.24256651911,43968.32252330755,77098.05950518028,43304.78528273667,13752.39262557996,21246.44594224069,24700.95715740219,133326.122534852,95967.47632636745,54741.59923478174,48072.41921384888,35096.15405830945,151319.3206267648,75018.76015992787,41739.08193430677,33533.17435668849,127262.4903952455,34658.44400832633,5816.552239466114,19571.53116921503,46894.9898096441,29457.38083919124,45540.77048647012,1718.293276657141,35584.96788010687,26609.29410035402,18115.06445392071,24095.02738500629,61011.28192943121
6415,28259.40574947006,20215.37664770465,61977.28977576945,47291.49438687523,78198.33103407604,42830.50606394189,14401.13049768084,21825.83697741458,26060.5048898401,141483.5102149416,108963.3330302843,53758.03228858704,48630.87568099882,37774.47032049459,150094.9649296557,76096.32809478011,43171.74574453111,36957.54897013943,130722.1592259357,37356.15093069623,5778.692216835186,19375.84798870506,48854.87057634807,31971.99217269834,47906.00487621025,1875.46814885658,37240.98798528153,27363.71953256268,18907.91096572339,24325.10808435604,61415.76902501303
6416,31565.7288182028,21764.37914191722,63118.83498656506,46643.76587536203,77352.06422751189,43345.93072906648,14777.76528311839,20993.31294909544,28671.91424521719,145312.5144819337,121952.8120934993,53315.82789741739,51455.07869029618,40329.24657237684,157383.8630697258,76098.97639201759,44551.73723189559,42170.30631218707,145946.1539274686,38034.18534534171,6039.347957627255,20430.05407722718,54193.3842216814,34923.68047147447,52112.14998951289,2135.643066594275,39840.20624011788,26549.35149951325,18841.8404247841,23330.54560166477,62431.20140433162
6417,33992.4243884719,23690.73948638699,67960.54705092848,46684.91247658841,77825.23676472876,45302.75493015704,15878.26279836044,21286.49437403946,33235.00343648022,148501.6612565242,127708.4163382046,53847.98593596379,57678.61046203873,41984.8137689238,163252.0405108583,83619.15110533773,47798.03761733443,45591.59530999589,176230.8071780685,45166.87452807948,7211.591916097249,22752.59309995577,62281.14813260966,36204.64532531131,54230.54208990497,2396.232296328274,41887.31721498419,27801.03121867672,18247.2055383657,22718.7711099938,62760.48137029217
6418,34880.64029807237,24642.47036269896,68708.27655316377,44586.08685250206,77728.01145333107,47254.35865321564,16635.09888658435,21586.42361223618,35358.08247766866,152455.4357461644,126219.0920123119,51982.35506303669,61639.79034985883,43364.87732751826,169015.7901024692,87374.25608085726,50371.36761731264,46665.38400607766,183949.2755642511,48471.95112071742,7957.495504284936,24335.23352954155,67042.87989647927,36949.30199427574,55856.93050224573,2444.179316020492,43243.78750627605,28129.32627821814,17773.69998341864,23031.64541398764,62999.01633261702
6419,35778.38881209002,25393.32943242524,72572.46466330405,44591.2970599836,78307.13716501674,48234.41639480006,17216.86648106113,22837.21160774416,36288.83911010598,153607.9944642211,120353.4446949427,54534.90125361339,64521.72761379542,41421.02864049287,173978.0559354335,94394.46959782318,52120.89879300998,47997.46376201951,190866.8831464591,49435.08654006232,8306.254624388404,25889.94167690098,72811.08436812127,35798.44712978261,52647.57159366506,2507.477514564291,43375.45095728191,28798.34374141011,17487.39429831584,23025.89559478644,63522.39715893646
6420,35791.86689388889,24872.40997036099,68948.19693763283,45350.82012988699,77316.02092659038,48228.40323867755,15516.89462956311,21069.53520316668,36574.1840616651,145078.0856492608,127870.1175840811,49365.49324234787,62472.57621309303,38512.29906229464,171589.1316480885,97668.91044212593,52194.47875679622,47496.62634459639,179903.5460239916,47873.88172932516,8306.261189531942,26827.66306246514,69432.32988347865,34019.54240495095,47895.05600691712,2412.724981568281,44330.33150007574,27712.74600933214,17487.39429831584,23475.04946901546,63653.50850454024
6421,34445.30290730861,24410.59736050069,68224.5665161391,42762.53449764237,76133.1227198699,47744.49994276009,15496.61947241545,20429.40102790372,36857.18716344559,136421.7164970822,130786.8949817419,50685.77867664886,62119.87421475489,38877.95957745892,172783.6251434959,99107.01871817934,53830.62514811128,45952.17607869008,173123.47128842,46792.57991243803,8673.190010107892,27693.47775782379,70020.7769134138,33883.48593807813,48425.87853928292,2267.058905836961,44665.71773859911,27657.74387199228,17773.69998341864,23788.43724551929,63770.06539914178
6422,33568.81659882455,24743.57701450932,70946.17496327887,42174.90836362151,75802.43253065033,47735.6254878654,15891.5443667098,20715.2095996522,37115.78690259255,144959.8770478833,128863.7029026147,52567.36945522078,63267.22857390474,39910.89395835422,177545.9209416615,97760.15277816045,53837.98457471598,45358.32403240929,184899.2778933853,48472.78593698063,8699.637276489464,27921.23393687369,70898.49957897943,34911.75552100943,48962.53067202891,2224.376284594883,45734.22046077662,27624.65522524099,17861.79404057075,24095.59068703622,63617.08681313716
6423,33564.59420925015,24703.9713562753,74671.19068101388,43376.28012487763,76119.88204159905,48010.90550000954,15891.5289383234,21001.61882364594,37008.87819793589,151079.583067894,127749.2722193902,55017.64977131009,63267.21295460957,40621.77264462259,179951.7596511503,96633.02433520883,53846.16290538152,44924.36445026007,186109.2119393387,48474.97640898905,8567.803358850835,27622.90467608996,71898.7064413628,35676.19007684389,50564.2969327188,2215.78215904434,46231.41172362849,27929.31384390471,17707.62943991295,24554.92142277822,63615.23057173826
6424,34464.65648794541,24854.56562612521,76274.3273860025,45190.0971315796,77257.55046876117,48473.49282772917,16261.72741714636,22566.1186696692,37004.33716619079,152869.3149787418,121617.0941479327,57233.41212244911,63483.39743214574,42065.66335349911,179955.282719445,94964.26424883875,53776.66527061375,45476.7661742292,186243.5948555027,49257.26357527047,8219.67640142606,27454.40632972042,71882.52413274681,37451.48751520177,53184.42232755698,2223.287351381511,47190.83416996922,28649.05160107384,17542.45308371514,25695.57556930918,63663.18316116285
6425,35333.4451621846,25020.60174342751,76864.48357949893,50008.25662321216,79313.52203727532,48725.67638961229,16824.40941073723,24711.79802358292,36715.82134538886,155169.2626526421,112349.4361181366,58237.67802605706,64939.92711030376,44079.96478533727,178755.7723379467,92635.52660415294,53175.05179520926,48331.42586753304,186109.2016753331,50157.1350208186,8219.078644239757,27324.26056074804,71898.70746971923,38671.65578309872,53719.72059498882,2314.455750249409,45599.96020990982,30026.72721475479,17597.5118691144,25776.6432540291,64274.86696102512
6426,35778.40040964531,24743.28532320097,77248.80156773751,54415.95911323625,80976.40078190743,48472.90826368354,16731.96978549615,24996.84059298229,35155.57350661649,155811.2079336302,111557.8420132908,57957.67463850015,62852.70286577431,45104.87545087092,173980.6899219648,92637.51266074929,49587.60043494201,49104.82394005843,171970.4126002581,50140.08543021368,8045.187913266755,26628.71223063139,69102.87933701111,38152.71192873228,51625.79572123872,2432.070775489954,44736.20842239781,29010.11419286541,17828.75876881791,26149.60874797413,64241.00064738094
6427,35778.43808978279,24221.91014833969,75732.29884694876,53917.13308532403,81760.9360792137,47742.31068537361,15706.44169234501,24141.68168657186,34703.7467600487,149066.0601043123,115789.4534708614,58606.42543986038,62427.94023797305,44101.2158322164,172784.0774260449,91169.60811751291,47014.29223874609,49462.4665936668,172082.9415257137,48138.36203661484,7339.441064094908,25753.32687792653,66137.4745083583,38631.73803432377,50547.90129155112,2507.939685572281,44881.98162165929,28792.63332059745,17762.68822531222,25322.0172496563,64455.89346288348
6428,35731.91632622461,24208.71599214418,73007.76010914412,53256.70369158423,80578.82328730558,46726.92714157928,16264.21724203045,23238.81319374357,33766.45857635781,150857.9792222504,115789.4508233909,61348.67771202527,63503.94244780228,40957.25288258936,175173.0846104019,95497.83291350586,50405.9713289091,48598.12548110075,174340.9515387834,50197.20582103804,8305.601344274839,25129.02176613627,66151.08384489865,38632.09194918864,51610.60969697245,2678.6827270963,45688.48175915203,27987.53649648494,17762.68822531222,25692.90506352072,64454.43838045958
6429,35330.3652344677,24117.30300953196,71346.16392295492,52407.69165320662,80369.8024765122,47733.61562918,16222.62265713078,21871.33354480974,33129.46809430687,146280.5524563768,113454.1437837929,59188.6573393535,64691.71070269817,39462.23282762713,175069.0635423387,97668.90924635672,54805.29467964025,46741.12905230106,174341.0635543916,51167.18957677278,8650.525369802926,26430.1504300575,67125.36989051821,36678.96406898488,49656.39261385524,2687.529859254077,44730.68512661948,27684.97956338748,17399.30024116374,25012.9296702769,64297.83082179472
6430,33086.92944736476,23097.9997746944,69388.6852992405,50101.91641513465,79362.93917979172,49217.69961651244,14673.04828792653,19682.5222645563,32412.19921106444,145266.4837145343,109086.2859138979,57408.12729941258,65146.83992202591,36378.31544074354,171599.1245834145,96568.0415563845,52709.26231511742,43622.61162221955,169614.8877332146,51167.18658752582,8915.237506419806,26559.14014091733,63261.85998544039,33201.16417287748,45792.74834027235,2518.996463407076,42546.88839891027,27688.80358584017,17135.01806970738,24702.27629059447,64508.49460773625
6431,29563.62677643612,21583.75970507456,63791.0488696445,46290.25488142738,77384.12993376292,47591.44911126712,13131.48156974145,18474.62985777927,30503.61252909797,148962.76427855,107518.5508573692,55925.80060203813,62234.69190890019,33324.42341176982,163280.9420163513,92064.5274971281,50833.50890789054,40251.0679353018,164881.1379845576,48138.74203242976,8837.656234588772,25319.15839003571,57491.0974626037,30916.13920841355,43765.9401007144,2254.239218708402,40219.92558968771,26055.32763832305,16718.54654678265,24406.19665012656,64961.69271172146
6432,26970.38273324244,20543.67322543848,54815.06137856941,43796.05369391188,74606.75015791752,44326.34330923662,12159.66546382246,16979.33403001574,26463.42157942813,132284.4305237977,99197.27344375277,51901.9923584682,54760.28774535439,31624.04790374134,158839.1901963523,87255.92569741287,47570.88128914188,37040.90802523963,153914.861999961,43619.02517624101,8288.91402487406,23694.33492194186,54846.20959885373,26303.34670323926,40422.91596223211,1969.750189146294,36448.59303802667,25458.53174496179,17374.22655733153,24076.54458326584,64284.71060450494
6433,25398.39449942596,19553.4036709207,52793.69799480028,43556.78921367572,74463.64513531025,42918.65305708708,11589.53762251836,16270.96769319311,26475.13127167437,132054.2743564012,93382.82698425841,50147.09632005238,52210.61207459652,30773.63555145902,155745.9384437097,85768.50416507601,46047.53783725603,35642.61162859823,149346.9885762452,39672.96635314546,7558.010581937489,22588.74696097888,51247.48336809302,25058.21849240242,39115.23879718989,1876.516209193858,35369.21175542358,25052.17685346978,17073.61407195783,23931.75513942602,63409.21849905187
6434,24273.63967921202,19072.4101736734,51581.19415970107,43074.31692146132,74492.60272267894,42202.70462826632,11482.79023567095,15704.18177590294,25554.31604606372,130408.5518453141,90628.01321822284,49503.80762201017,50082.46419506849,29785.4734235548,152493.9492583994,82307.57336315843,45833.76480809986,34351.243572723,143891.927147378,37735.303290046,7032.269727845572,21656.92884793175,48627.50807069127,24815.26715885963,38852.0539832678,1825.914928984595,34090.64366481604,25053.09398452526,17485.56451410853,23448.00031433064,62588.29792921977
6435,23601.43034383041,18708.77974682302,50392.45044613916,42525.78625432063,74258.45616211143,41945.07201874736,11083.66383623773,15421.8870229592,24945.06149864534,128644.7580230615,88197.87729221219,48433.32513207826,47111.54351177437,29434.9963959942,147870.6540622757,78328.69368821739,45640.73402466068,33728.61707877783,140265.4998720325,35778.17830769807,6049.359632798598,21023.16445934917,46893.14981906783,24313.43749035631,38333.46081846798,1740.790336150322,33712.43307353357,25126.72799689505,17541.23349249701,23551.92395364877,62001.37361231969
6436,23601.4374808437,18539.12035133575,48310.80293765792,41922.38273676351,74069.11664874436,41945.0720311315,11190.55896282681,15143.16430981334,24431.75004776451,127589.5762664146,88658.3534388437,48262.09256231353,46230.40156718611,29435.18511878103,145827.3066386709,77759.8365234817,43578.37600708005,33390.25493428048,131450.6461516277,34141.99311847959,5797.282850386157,20410.33282401216,45581.95643515127,24566.28765441504,38328.14892234394,1690.381101170035,33704.84106914741,24972.17423773224,17296.28998810662,23420.65292237357,61784.27522667776
6437,24034.68675166823,18609.55954396346,49168.58196319357,41922.43041321049,74606.20827222858,42214.52979552074,12352.17430114101,16735.2102747054,24650.50541613959,128891.8604628873,92669.43522336958,49980.02960621235,45836.74834266479,32449.10071068251,149053.0528573693,76618.71633453651,42851.58238417542,32960.089181622,129928.5072586194,33803.73099642232,5708.15291384406,19759.25279030772,45583.05496523458,25853.36423115834,40570.70116829094,1687.891161428685,34654.64685296531,25372.91507303064,17518.96590166059,24085.14454804335,61825.66015416478
6438,25892.19377612077,19396.00404464921,54647.19206447426,43158.58599985769,76611.68997053723,42985.11179351725,13903.89188598881,21329.07981104599,25068.17798252549,133615.9102004883,96750.68178843117,54275.62839222774,47393.93387356724,35529.06645291788,152748.1167310646,76620.38916206273,41865.06038729127,34117.78456204318,128767.5109395997,35108.82989787054,5836.477341835843,19484.69500061695,47739.09776454093,29433.82005152629,45434.69867547854,1687.915919239186,35862.60246980815,26779.40147546969,18086.78948485596,24007.76679138527,61786.47427054511
6439,28551.37152040382,20663.97524022829,58223.71663032406,46606.54983891394,77892.83326954118,42474.23569588062,14577.55349320036,21903.80468137721,26441.68729734841,141172.750412991,110124.9676675063,53363.08055553551,47961.4040141008,38133.98930706803,151491.2969051061,77758.84780359162,43387.80634543201,37407.89230730785,132127.1735184272,37727.01359827832,5797.830840487639,19306.53663441242,49540.92126946333,31863.20090952832,47769.277464404,1849.310656933235,37541.18541376225,27639.89915371241,18888.42277572613,24236.53209288792,62148.37502000328
6440,31905.38936929591,22316.64604106617,59380.94731554116,45934.49778235091,76907.45009827323,43029.43215212351,14968.65813777424,21077.98544156147,29079.91395820601,144719.8631105124,123492.6901939744,52952.80582833078,50831.19060061858,40618.75749510065,158973.4621888241,77761.64574957524,44854.56808301224,42416.26178823112,146911.0987442436,38385.06085983213,6063.901268816112,20266.33110363816,54448.903189041,34714.84440460245,51920.90709031089,2116.470808013651,40175.81733432235,26711.03094254597,18821.62000321683,23247.65563841286,63056.89779641189
6441,34367.09080842041,24371.92968656834,64289.18723182256,45977.18952354061,77458.40666618195,45137.2510739698,16111.43545467336,21368.80571009378,33689.86281033572,147674.2246702334,129415.8931292842,53446.53903961104,57155.17224801359,42228.95748819178,164997.2359725958,85706.76699092053,48304.9873338926,45703.40490226558,176320.3344884969,45307.49205629194,7260.496637050777,22380.87031266602,61884.41833085348,35952.39211395136,54011.84289170776,2384.056394629856,42250.81965830042,28138.69688043784,18220.39503246938,22639.37873194356,63351.50958443755
6442,35268.11951993459,25387.35595954942,65047.19095874073,43799.54865709285,77345.1986507789,47239.44668925097,16897.34828251164,21666.31944790887,35834.7443541037,151336.9219976397,127883.200844739,51715.61729224803,61180.28689856368,43571.20341886071,170913.8129736264,89674.06368838117,51040.12158413612,46735.09124051816,183815.6904523073,48515.14133490304,8021.89512609904,23821.77408625264,66262.13373172717,36671.8093190121,55617.15182281213,2433.290706439046,43625.77150087055,28513.15023852115,17741.64181780939,22950.46429752065,63564.93043909589
6443,36178.81834676932,26188.46690980113,68964.47519086374,43804.95451863955,78019.52585576593,48295.12877406076,17501.46669392741,22907.03413779773,36775.05919115139,152404.6292599955,121846.7504686216,54083.85517710126,64108.73958982003,41680.62165996456,176007.6546531903,97090.97215908881,52899.65869774355,48014.94126192626,190533.3355409914,49449.88537077442,8377.899134249443,25237.24711125447,71565.15347393455,35559.9616386635,52449.38914080378,2498.288348921738,43759.22883179904,29276.23158387708,17452.16312915128,22944.74735069781,64033.20721570007
6444,36192.49085425952,25632.68447061311,65290.40798447998,44592.99925044123,76865.48170025794,48288.65162386606,15736.18395193812,21153.59383456033,37063.33443118388,144502.6929453581,129582.3029888747,49287.7077303917,62026.51420300439,38851.59946353089,173555.3873797681,100550.4435806128,52977.86517693007,47533.74126128686,179886.9080151294,47934.70188120563,8377.905835772868,26090.98890741594,68458.88326034926,33841.35127962723,47758.47050247023,2400.991879106048,44727.11937107379,28037.99876711768,17452.16312915128,23391.33336051738,64150.51452847901
6445,34826.50224643824,25139.96465987917,64556.8344732519,41907.51814037076,75488.12886403159,47767.40882499325,15715.12984744083,20518.61502312229,37349.24377231624,136483.6063126223,132584.0146613483,50512.66107144171,61668.11947693946,39207.23985083697,174781.5531995143,102069.8158089186,54716.88816789366,46049.84760021518,173302.8202062942,46885.27476637726,8752.456989566876,26879.26376659891,68999.87417569054,33709.90632357226,48282.41308935313,2251.41492857577,45067.07515896736,27975.26332706128,17741.64181780939,23702.92946302301,64254.79975283242
6446,33937.37233933215,25495.22925984542,67315.8393539967,41297.825429861,75103.07707559703,47757.84958919795,16125.22728503396,20802.12181623032,37610.49914574269,144393.1868697141,130604.8207341893,52258.39032878279,62833.99251759258,40211.86892083201,179670.1225836771,100646.8417960498,54724.71033596728,45479.27999661979,184738.2317217719,48515.95154238521,8779.453653721966,27086.62276723844,69806.8116978537,34703.3236395417,48812.10971966383,2207.586354942712,46150.13594996338,27937.52241524935,17830.71218374994,24008.32687295261,64117.92748785575
6447,33933.08904042186,25452.97295931918,71092.03888662338,42544.31118507787,75472.71157312162,48054.37107440861,16125.21126390735,21086.2244241902,37502.49256518796,150062.3596924781,129457.9387017515,54531.74651504713,62833.97664619681,40903.26752917929,182139.7527698095,99456.02210432655,54733.40289864421,45062.33560719678,185913.1910418604,48518.07744348326,8644.881106699848,26815.01100401115,70726.35551145929,35441.84837789539,50393.11562472089,2198.761492421557,46654.10131312433,28285.01604791925,17674.83904270525,24465.03156199626,64116.26668047581
6448,34846.13500873836,25613.64587849416,72717.20359325613,44426.2407711871,76797.3993830569,48552.6530978169,16509.63232664493,22638.12446501331,37497.90490029616,151720.3314113538,123147.1964046045,56587.51826294768,63053.65041320442,42307.59156646785,182143.3692532312,97692.96450069886,54659.53543463221,45593.07812099461,186043.6894440959,49277.30428566261,8289.522393351623,26661.60287757368,70711.47824722783,37156.97371616848,52979.28179820794,2206.468185811228,47626.59563818829,29105.94896262029,17507.83210753977,25599.16445744949,64159.1705907384
6449,35727.45624073478,25790.7941038684,73315.46886538585,49425.33211523802,79191.34862991955,48824.29593789401,17093.93189115763,24766.5234452984,37206.42622846262,153850.9567721176,113609.6714269212,57519.2704749825,64533.68896549064,44266.69546656573,180912.0535232766,95232.6356344636,54020.09407965609,48335.8089922438,185913.1810745494,50150.6492482528,8288.912218758463,26543.11258368061,70726.35645688244,38335.7854848389,53507.64211053723,2300.084293878424,46014.0464384582,30677.32582285345,17563.50108592828,25679.76866888265,64706.45337928607
6450,36178.83011162312,25494.9180468487,73705.06759933397,53998.55294848307,81127.58519043439,48552.02342696775,16997.94084579398,25049.27040510901,35630.15576082457,154445.6419953584,112795.0267213354,57259.48491938794,62412.77622646791,45263.52069359572,176010.3584806008,95234.73391822049,50207.07317420159,49078.88277237092,172183.0921874023,50134.10224685311,8111.409198369407,25909.85553119955,68156.0017032568,37834.43076278838,51440.85641814853,2420.857073152521,45138.52625981003,29517.77696930265,17797.31079619787,26050.6018761598,64676.15267396546
6451,36178.86833530876,24938.64939589795,72167.7272766595,53480.99497169673,82041.08891436039,47765.05063760905,15933.01318674505,24200.99857872182,35173.68907687502,148197.0724342628,117149.8593924022,57861.39223502531,61981.15778837923,44287.36417491497,174782.0174744595,93683.8817091519,47471.96209870499,49422.50255627308,172292.3683171102,48191.38581669271,7391.00163750002,25112.86713479861,65429.74599798607,38297.22071203437,50376.9324860574,2498.762928398476,45286.28558060648,29269.71827766908,17730.50802109374,25227.74181371736,64868.42054068603
6452,36131.67548025728,24924.57220960064,69405.751841405,52795.76508851517,80664.65060595487,46671.3169003892,16512.21780763077,23305.40139829402,34226.77561421609,149857.0703378856,117149.8566678393,60405.63834690402,63074.52703225653,41229.55466387425,177234.369842931,98256.68381480653,51076.90108648295,48592.05153673975,174485.1075978859,50189.53883819562,8377.23228333295,24544.47296602109,65442.25779098961,38297.56263127517,51425.86721864511,2674.090116607581,46103.7740705479,28351.42480778804,17730.50802109374,25596.50921925006,64867.11865633551
6453,35724.3318840639,24827.04133554126,67721.32438735999,51914.87089241817,80421.26921866318,47755.68464348392,16469.02520840102,21948.93483909331,33583.24369571429,145616.6340596678,114746.5473151295,58401.58369061582,64281.46626239349,39775.50236856892,177127.5906275706,100550.4423172737,55752.84236668531,46807.86638674952,174485.2163755363,51130.92933464513,8729.321529225474,25729.07634573918,66337.97120750918,36410.63425305169,49496.97857615317,2683.174778512936,45132.92771057808,28006.32835775929,17363.09276321073,24920.42132361409,64726.9994943877
6454,33448.53380977874,23739.52036658893,65736.9489043776,49522.50902602697,79248.88937266186,49354.2852272078,14859.91804055309,19777.75129835106,32858.60897428416,144677.2211315191,110251.5008428536,56749.61801364811,64743.94141890997,36776.09300275724,173565.6452805292,99387.36730892083,53525.01697706398,43811.62342017936,169895.6568470306,51130.92643351541,8999.532618224976,25846.51411470889,62786.0393365835,33050.71123712336,45683.41066584929,2510.116561033363,42919.37732629153,28010.69003792224,17095.88166538906,24611.54398506841,64915.48358411198
6455,29874.40635771668,22123.93849511392,60062.39779614569,45567.711719566,76944.78703157783,47602.54810912241,13259.12616812345,18579.58673467146,30930.42247278689,148101.381254621,108638.1145685694,55374.32370735455,61784.79036691039,33805.88621549375,165026.9038094749,94629.37077600537,51531.32110861304,40572.27514494858,165298.7423253231,48191.75461096042,8920.339725086984,24717.58150903074,57480.66784071454,30843.13512595425,43682.87171469221,2238.251055671147,40560.71026025101,26147.54730665353,16674.7945665548,24317.15706599232,65320.96681281509
6456,26862.84619370303,20668.93560668322,52333.54451021842,41824.00500737951,74015.61367464619,44500.23708640642,12276.31139106025,16858.37831144424,26687.96218325902,131815.8024498411,100330.5739255742,51583.08439569179,54761.49930471791,31614.0854601645,159490.2566054039,89762.08056271487,48316.84585371964,37223.53643325304,155527.3385507654,44064.21995738127,8477.295779706457,23422.00822204165,54064.0236857297,26324.92740555977,40493.12867431471,2007.576247342145,36405.98163122321,25457.95181741488,17432.92926444501,23976.74658552232,63993.58589633701
6457,25336.34412628607,19574.01383472019,50269.68588551707,41598.26304661798,73848.44261117424,43150.33435933149,11706.02125436022,16120.35523855744,26699.84847565385,131586.709071859,94523.45705053065,49831.45658718606,52039.2420677145,30736.87083761196,156556.3682340212,88090.14399127477,46889.03984647705,35785.36723675655,150664.0801458704,40176.82658054531,7716.723325485793,22354.06378994848,50398.24305877073,25096.94682110357,39218.68169582644,1910.363961985341,35329.10621113398,25014.02017946682,17151.37188620625,23853.79430512362,62917.22900132369
6458,24244.13457823788,19042.18868680363,49031.69151120173,41143.05865877848,73882.2700100161,42463.77654944789,11599.24348027653,15529.84004521308,25765.14594179545,129948.5859941642,91772.11595214893,49189.36591758422,49767.04484949472,29717.56500824132,153471.9205338004,84199.88379727436,46688.67372757081,34457.17547157696,144856.2630541316,38267.97045454278,7169.641470084754,21453.97261612135,47729.45024918349,24857.34135882128,38962.18483264519,1857.603518919067,34053.50640976887,25015.02212013545,17537.20977418373,23442.99944797121,61907.96402898001
6459,23591.37591368616,18640.12960148664,47817.95676885191,40625.52931963045,73608.74690911289,42216.72009534376,11200.00346355905,15235.72663214224,25146.70289980614,128192.9368218023,89345.04341086802,48120.87704027398,46595.02951302784,29356.04206866992,149086.8160877146,79727.42303395474,46507.74899136897,33816.79461479632,140995.3301230659,36339.94174663541,6146.832848107837,20841.78690684846,45962.77602299101,24362.42277592936,38456.76995685472,1768.846649227253,33676.17386200844,25095.46527070264,17589.35002905308,23531.24930999592,61186.38123981322
6460,23591.38284418687,18452.54051012299,45692.5466627501,40056.22838098145,73387.56607820878,42216.72010721949,11306.92901944072,14945.33480725411,24625.64992364729,127142.627565484,89804.93908972385,47949.9633654147,45654.24513680572,29356.23673939383,147148.7412964574,79087.9989857139,44574.73305662279,33468.78398225416,131610.4572364601,34728.08146958683,5884.523703303166,20249.82122354039,44627.15141674195,24611.79074425451,38451.59304458136,1716.286445983517,33668.59948301515,24926.61950338761,17359.932908114,23419.77659335621,60919.47381389067
6461,24012.09585805902,18530.4237543929,46568.35882703232,40056.2733628969,74014.98065977883,42475.11627812792,12468.87502889143,16604.03397759725,24847.70445905064,128438.8982196116,93810.96457819748,49664.70100997142,45233.9464487752,32465.14128582889,150208.2980596549,77805.3225319795,43893.52075382645,33026.35193684006,129989.8880835568,34394.84823818548,5791.775782581947,19620.90943959144,44628.27041553184,25881.14199113277,40637.15841985279,1713.690260206822,34616.20022330725,25364.41793803546,17568.4939275914,23984.04950245262,60970.35371534587
6462,25815.85510515235,19399.980131556,52162.14606969064,41222.56509855588,76357.72518524383,43214.06487775199,14021.03433330031,21390.23221346877,25271.67616940664,133141.1337685626,97887.0663987728,53952.2998893671,46896.53421610335,35642.17767152903,153712.9933762545,77807.20287420803,42968.86910571361,34217.05931407942,128753.8150616534,35680.54443610115,5925.309187134036,19355.69991023599,46824.4863591162,29412.28857720199,45377.55390286931,1713.716074436147,35821.3514829249,26900.96597882291,18100.32453066131,23918.34186948609,60922.17738598943
6463,28398.08837952124,20801.95120289479,55813.860121185,44475.66023785724,77854.31897246643,42724.16091177367,14694.88770833889,21989.01873509951,26665.9001148152,140663.0788493137,111244.4928986271,53041.45153576051,47502.41507952765,38329.19934066302,152520.9245221263,79086.88761485694,44396.11509140793,37600.98537135839,132330.7327558401,38259.80400434063,5885.093937552847,19183.60755581738,48659.88290611836,31808.21254704844,47652.80727818765,1881.997545459964,37496.03747392707,27841.03622714748,18851.14420272427,24112.60475737293,61367.109287218
6464,31655.05625647352,22629.27714002922,56995.41933494727,43841.5905722191,76703.22343670558,43256.56582769901,15086.10368668485,21128.62543104773,29343.9152868179,144193.8120864474,124595.3643195162,52631.94088352402,50566.4507894033,40892.27945391139,159617.6109460192,79090.03264678849,45770.88794221712,42752.16986231311,148070.6716601241,38908.06817902481,6161.964761770449,20110.72253495544,53659.31433951465,34620.58384766193,51698.93729711234,2160.557453082131,40124.55290398114,26826.27303601924,18788.57589833926,23272.87078308678,62484.07510401208
6465,34045.52728885757,24901.76426310921,62006.84546676563,43881.86950269387,77346.83463710973,45277.85602732621,16229.20631219664,21431.62129220445,34023.38924988771,147134.5313257051,130511.1005739586,53124.75459096285,57318.48792249506,42553.22778724961,165331.0417525962,88020.74830414531,49004.9119752174,46133.04675110074,179381.6778215931,45727.58466145015,7407.132621796924,22153.26501412373,61233.37405134644,35841.08832759601,53736.73904630577,2439.560949626782,42194.73795845166,28385.95914173814,18225.46114186168,22756.33428166191,62846.27988851954
6466,34920.48434091462,26024.50132903022,62780.78475047771,41827.30244559724,77214.58837500338,47293.75376447389,17015.34286184666,21741.5908539897,36200.6189025105,150780.315458944,128980.3403731663,51397.05642499895,61616.05314339677,43937.77700538413,170942.7985217899,92480.18921852855,51568.51055719065,47194.15190426065,187361.7266336786,48887.54631430338,8199.437984498016,23545.10828351272,65692.65860866911,36550.59788030672,55301.25448748514,2490.896095583038,43566.49774985677,28795.03922436916,17777.05494949916,23020.50188029668,63108.66604485417
6467,35804.83169928023,26910.27411401272,66780.42227868838,41832.4027838671,78002.31751219147,48306.09871964622,17619.63324458123,23034.24977975807,37155.11513190365,151843.0923820912,122951.4994355609,53760.88382300836,64742.72592904758,41987.61017210159,175774.2070408568,100817.1671697064,53311.42562878023,48510.49719510573,194513.7733101533,49808.39365515287,8569.892994401194,24912.38668125517,71094.48853093463,35454.06231677382,52213.98976605583,2558.66719547356,43699.64524984029,29628.68478548859,17505.92562320638,23015.64716416441,63684.37990238998
6468,35818.10858679223,26295.75628867374,63029.11494200918,42575.90956242936,76654.19719289808,48299.8874649344,15853.84798852268,21207.39927395416,37447.73800543218,143977.6447453984,130677.3006603353,48973.66847950935,62519.55958936716,39069.42626804951,173448.2798249847,104705.7869467848,53384.72733933642,48015.57564632966,183178.8865161283,48315.73616419837,8569.899967954509,25737.05991382341,67930.33976248164,33759.12027403956,47642.27493859242,2457.21907331082,44665.28876050809,28275.9491989013,17505.92562320638,23394.87901177217,63828.60111713158
6469,34491.6454561842,25750.9655841743,62280.11947184412,40042.2038875326,75045.21426404652,47800.0423643576,15832.78789066042,20545.83619666628,37737.95929867036,135995.5877542465,133675.2284301876,50196.34052921218,62136.90596485972,39436.27529990786,174611.2739578954,106413.6377065785,55014.68640743553,46489.36835626185,176169.0337017661,47281.91071999077,8959.654993772605,26498.49525551271,68481.41086087961,33629.48554843032,48152.90329902013,2301.259655884163,45004.45531620082,28207.41244139024,17777.05494949916,23659.48014808706,63956.8125762432
6470,33628.24291143069,26143.77473753681,65097.12707396112,39466.96920248153,74595.40813012043,47790.87554768821,16243.00206860752,20841.21239363859,38003.1548044939,143868.6443346658,131698.529438554,51938.81862839399,63381.69421724231,40472.56705657838,179247.985747241,104814.1433866418,55022.01800330874,45902.53086316623,188343.9247303446,48888.34447655623,8987.747513120601,26698.79400875217,69303.38389973648,34609.22174399297,48669.13948334864,2255.56091161762,46085.00170243539,28166.18152440331,17860.47935777621,23918.81747947597,63788.53760811253
6471,33624.08355164586,26097.05276851561,68952.71387076602,40643.00727619122,75027.20423986755,48075.22443829885,16242.98604292027,21137.20935007525,37893.51931877424,149511.6386850775,130553.093144549,54207.94103070658,63381.67727154893,41185.75633190703,181590.3813438876,103475.6021935109,55030.16540643901,45473.69719173533,189594.8636813152,48890.43877221143,8847.712364362624,26436.43019829882,70240.06140211002,35337.57568533483,50209.96947758282,2246.359491126089,46587.79707318301,28545.80884219265,17714.48664268381,24306.64190574295,63786.49576048935
6472,34510.71013592898,26274.7056879323,70612.04451031184,42418.57577831191,76574.66543948522,48553.0513332597,16627.51653684866,22754.0818317334,37888.86246484787,151161.9544075391,124250.3060532737,56259.88421294403,63616.22024063114,42634.34015951184,181593.811507193,101493.8368223793,54960.93058698605,46019.57397182902,189733.8008611863,49638.37830634358,8477.928843226033,26288.24537696263,70224.90693258258,37029.08070222991,52730.41699611308,2254.395030071614,47558.03368161488,29442.65566525071,17558.06587807575,25269.72472499483,63839.24314604147
6473,35366.52995299893,26470.57503274043,71222.88714833469,47135.1332920667,79371.20628902697,48813.54287964258,17211.98243094971,24971.58917800994,37592.98784684534,153282.7412047518,114724.8039044637,57189.90117663267,65196.43913129804,44655.18873215235,180425.9327858674,98728.30350193208,54361.59219958301,48840.51455551713,189594.8530694605,50498.73938443889,8477.293900276567,26173.78949096514,70240.06236514915,38191.65813968344,53245.3508204561,2352.00574899689,45949.22813267474,31159.34203473348,17610.20613294509,25338.17219839219,64512.08942221721
6474,35804.84312371284,26143.43063538373,71620.67643930935,51449.88923441825,81633.0606883849,48552.44751122208,17115.96406030289,25266.17373021328,35992.94479893587,153874.6803570644,113911.1861250364,56930.59943256001,62931.96678327533,45683.43069375276,175776.7715679086,98730.66207835058,50787.70730329806,49604.7772854147,174976.8976257537,50482.43838475001,8292.58563387893,25562.0938437985,67621.8146696968,37697.20796238827,51231.08548703745,2477.931917633239,45075.74053809216,29892.56653229628,17829.19520436851,25653.0762913503,64474.83680406972
6475,35804.88024137945,25528.37521516224,70051.01652089495,50961.58210093887,82700.18877537978,47797.78098364832,16050.73325370784,24382.38783101075,35529.5938961241,147654.964741793,118260.529173995,57531.38578635745,62471.13310541319,44676.508851909,174611.7143135381,96987.42623775692,48224.13044265289,49958.19548037089,175093.2401788324,48568.6040193131,7542.935113136893,24792.2416471104,64844.76114917773,38153.62447227816,50194.19757858248,2559.162025315004,45223.15682482923,29621.56917606949,17766.62689755316,24954.3200944673,64711.21682708219
6476,35759.05293220902,25512.81034426969,67230.97591412655,50315.07938039636,81092.27417093507,46748.94644614092,16630.10275383021,23449.29523638961,34568.39952370803,149307.297292712,118260.5264528667,60070.89362254367,63638.50994906366,41522.32699076099,176937.7222403886,102127.4856682469,51602.98340986813,49104.06392545839,177427.7745995126,50537.05080886237,8569.199074509235,24243.20040461039,64857.50607209211,38153.96168268387,51216.47718727685,2741.970446232846,46038.74745551054,28618.35860142993,17766.62689755316,25267.46995017863,64709.61625045966
6477,35363.49600095346,25404.97235514943,65511.13664295486,49483.97071414473,80807.96321803106,47788.79947582589,16586.89785918268,22036.03832926445,33915.16215521915,145086.4420269876,115860.2466678009,58070.57121661442,64927.14406498133,40022.44762991359,176836.4442574428,104705.7855267282,55985.67008575957,47269.00225346548,177427.8904113518,51464.44579838843,8935.580413167703,25387.46990489223,65769.90915002527,36293.01965876127,49336.60471723566,2751.442751780287,45070.15498630132,28241.35014030668,17422.50121492935,24693.34972211582,64537.34944742778
6478,33153.54913831974,24202.52158713402,63485.04351784715,47226.8180517962,79438.42368630586,49321.77541579369,14977.33263497268,19773.95518775413,33179.59882893584,144151.3670148165,111370.8665685767,56421.68207724093,65420.92308017156,36928.50649929652,173458.0092418456,103398.4307523639,53897.5641694929,44187.32060850762,172541.5435533397,51464.44294038932,9216.759976766807,25500.90910278234,62151.79479350049,32979.36874882451,45619.94572029588,2571.000118852383,42861.74352096758,28246.11515694478,17172.22799009825,24431.05730541389,64769.07757873977
6479,29682.84062573844,22416.20415730239,57691.19598896,43495.53417090385,76746.8393401421,47641.94939638987,13376.08507325389,18525.62780805776,31222.33231272907,147559.7154341805,109759.5140994074,55048.94904972892,62261.47403373749,33864.68831885762,165359.1811116216,98050.20347635545,52028.9041939208,40855.60144127608,167647.3660859416,48568.96733077343,9134.352466345455,24410.41487436083,56747.56929778495,30802.19488059847,43670.2436915325,2287.534078901848,40508.5522728596,26210.68252960206,16777.83259627234,24181.06986116348,65267.59111907718
6480,26808.24735401952,20202.70097033626,50967.20702486645,40775.47255404929,73895.66892642314,44344.23147507235,12286.74032574124,16790.48156544443,26568.21191042289,130912.0665623512,100665.0109755494,51393.5512570857,55129.87481267979,31899.75404619946,161560.5060925022,92059.04863558919,48150.24321382066,37615.06463190154,155737.5048126182,44405.62303291768,8468.976966590591,23464.07002728837,53763.13503281512,25728.35741467194,40342.95491799419,2005.203378787124,36381.27369208643,25910.88277325256,17281.10768185142,24082.44334333414,64231.73259496624
6481,25307.74111722217,19270.22039770855,48892.68232029363,40541.80990661778,73699.44586644997,42944.06023320807,11700.93799046258,16062.05527818689,26579.39756849778,130685.1050305407,94740.48253250169,49687.00995141963,52414.82749628717,31026.87089696449,158073.7690355805,90217.16466149146,46705.79316512105,36175.95570733552,151128.3981519793,40362.99201063468,7733.118213247101,22290.72148758428,50025.50825644822,24462.42750591338,39079.66328715972,1917.016637718747,35303.92355142234,25542.64834619648,16994.93048459388,23968.56355258795,63064.66071331592
6482,24234.13154032257,18817.29615127771,47648.2899559615,40070.63360414323,73739.1519948542,42231.93595788396,11591.25580346907,15479.21877122718,25699.79082502086,129062.2256340141,91933.51326623096,49061.4465501436,50148.64821102849,30012.59815287169,154408.1019292926,85931.47103602794,46503.09136337499,34846.89607550545,145624.0950258359,38377.90837129029,7203.812990768644,21301.79300715712,47304.40940172401,24215.41731304504,38825.41156381505,1869.154667245969,34027.76142552118,25543.4794404833,17387.09923565933,23588.08071631662,61970.33523836063
6483,23592.48914219548,18474.88603970014,46428.28259806059,39534.94553312252,73418.09439841443,41975.67946234881,11181.1562434747,15188.92982310822,25117.80174241436,127322.9137909962,89457.36880184888,48020.46033439597,46985.03398318611,29652.86032600386,149196.6881891597,81004.39787699998,46320.0575739862,34206.09678126428,141964.9327508181,36372.88651966012,6214.239054320841,20629.18571934608,45503.10987922323,23705.20384190877,38324.42062934506,1788.638310112476,33650.26253769894,25610.20578960459,17440.09501256329,23669.81873523066,61187.93770142746
6484,23592.49595467202,18315.12742697306,44291.88831228664,38945.6693344877,73158.47542760661,41975.67947466677,11290.9902320106,14902.3140699912,24627.46209430603,126282.3782688065,89926.5629112228,47853.94593879529,46046.74128209746,29653.05403549086,146893.4113297959,80299.97826729367,44364.50832785753,33857.85875172277,133070.5091916326,34696.65884524706,5960.453265451669,19978.79413604701,44141.3081787128,23962.27823981464,38319.28903104483,1740.957988464407,33642.68481968102,25470.15083728025,17206.91359467994,23566.5714460899,60898.53541001176
6485,24006.04436360752,18381.45601233374,45172.22669865846,38945.71589469923,73894.92590241108,42243.69796241201,12484.54179813562,16539.44456457607,24836.42768462508,127566.5863759692,94013.58448504946,49524.54662497254,45627.55575858795,32746.6075643489,150529.4971632076,78886.9215494475,43675.3550822781,33415.13761249903,131534.6302695597,34350.11840842225,5870.719054150192,19287.80994143603,44142.4491089171,25270.8573236239,40485.72395837064,1738.60284207509,34590.70329220076,25833.2978670656,17418.89670229575,24089.20738747517,60953.70345195464
6486,25779.08618105112,19122.00611305501,50794.92279233988,40152.92971401823,76644.80671297027,43010.16398819113,14078.92067080672,21263.40610333572,25235.40849612799,132225.0649078428,98172.09923382933,53701.78368086203,47285.7401485836,35907.95651395335,154694.6014503382,78888.99302289671,42739.92470071941,34606.62302138281,130363.1538798704,35687.15709503843,5999.913484027489,18996.42473015219,46381.70899726295,28911.12992410268,45184.62633847867,1738.626259616908,35796.38582042023,27107.84069996402,17959.45363017439,24028.34823571006,60901.46683823154
6487,28317.34486786217,20315.98254213427,54465.50900555817,43520.16733360501,78401.4876023936,42502.01667455135,14771.10322023181,21854.40638345601,26547.45028469142,139677.0139460887,111799.5937250114,52814.38035746214,47890.01633157376,38581.71032096526,153277.904520546,80298.75392887932,44183.80819965763,37992.76020257477,133753.1434293133,38369.41580526235,5961.004970764888,18807.34718390244,48253.07773899183,31381.09716212986,47439.96421881699,1891.283863101018,37471.81006571018,27887.61443018145,18722.5928195675,24208.2767165041,61383.89744612632
6488,31518.8476477995,21872.20873095295,55653.17455082807,42863.8498451365,77050.34773609477,43054.24761486601,15172.96048369338,21005.20109018491,29067.6105700213,143174.8916716374,125420.4006029404,52415.41041661145,50945.93691775129,41132.13456547204,161711.858510377,80302.21864399571,45574.60688045133,43147.3105788992,148670.5200525183,39043.56750774483,6228.879278354308,19825.96666841741,53350.49373127765,34280.38155558594,51450.67810213488,2143.981249602561,40101.48422808618,27045.88405923986,18658.99788876488,23430.50562544282,62595.00075543234
6489,33868.60974084745,23807.55255923365,60690.4998749419,42905.54205645015,77805.80957592177,45150.80787229477,16347.15611569713,21304.25698464831,33471.25419431958,146088.2458202627,131455.7445533324,52895.53921090158,57680.09122513929,42784.8815382735,168501.9024363025,90140.71510821366,48846.3301735789,46530.39659921303,178345.2268097979,46135.41189197897,7433.587211303752,22070.10425010636,61072.99850326338,35538.6043194309,53470.64279153243,2397.081040607862,42172.58188527815,28339.61955910519,18086.64349424982,22952.08368398486,62987.73203383671
6490,34728.66656066098,24763.72178423997,61468.43889880904,40778.88569062827,77650.58076011123,47241.77485938255,17154.67600250016,21610.19589814444,35520.14762851142,149700.1038268927,129894.0345784472,51212.31160420113,61966.27430931971,44162.59418774977,175171.1133280443,95053.44498920669,51439.81281603454,47592.19509937242,185908.2417824313,49421.5622165563,8200.147758203913,23599.31983338689,65619.68120498153,36270.04044692002,55021.46389002765,2443.650043769715,43544.94639156912,28678.94516010078,17630.87981238178,23196.75869738757,63272.23200462819
6491,35597.95377293985,25518.08244717362,65488.74666713321,40784.16498624044,78575.20622171253,48291.81814372361,17775.40340880028,22886.04590416748,36418.38133344401,150752.9909970721,123743.2991305428,53515.29462067298,65084.66607646363,42222.05680589893,180912.9306667249,104237.8520671948,53203.04517902122,48909.40051614851,192686.5256467149,50379.18231466297,8558.56536883975,25101.54603837363,71127.38235064116,35139.61771592179,51961.22227104857,2505.129026760684,43678.15258716081,29370.44125843156,17355.30177149313,23192.26220447602,63896.46682685052
6492,35611.00455940273,24994.73370360567,61718.05246780916,41553.75944566664,76992.80141570239,48285.37559045742,15961.58784364727,21082.95060782109,36693.75563010795,142960.7358925223,131625.3049669014,48851.3011152438,62867.38781106059,39318.28218709029,178148.7162220348,108521.7385322128,53277.20137310193,48414.15557588779,181943.9950488458,48826.91762374373,8558.572115797533,26007.61296853259,67901.21898603514,33392.295443347,47429.52406972615,2413.099719475069,44644.2217838773,28248.36801312785,17355.30177149313,23543.51102482988,64052.84295566264
6493,34307.13066178857,24530.76745405057,60965.18616782437,38931.15275876074,75104.19972120562,47766.91694808476,15939.95489979122,20429.99007870034,36966.86990698831,135052.9565508923,134683.846533203,50042.50186346739,62485.74764781477,39683.31980729157,179530.8597213432,110403.187265585,54926.16099601393,46886.95103192671,175300.4740580106,47751.80779892311,8935.662616270301,26844.20054687611,68463.09060429462,33258.65450599036,47935.68285473908,2271.620145043719,44983.53785486147,28191.51783288159,17630.87981238178,23788.58758572837,64191.86003218035
6494,33458.43157980069,24865.2999417955,63796.75214507578,38335.73461430061,74576.22356217072,47757.40877181208,16361.32712410558,20721.52539027699,37216.43353478682,142852.7497935535,132667.1815252014,51740.1289712542,63727.2390683055,40714.49460628971,185041.2925571224,108641.109083388,54933.57805684874,46299.73008765862,186839.1106387631,49422.3922523081,8962.84230986948,27064.26841047968,69301.17360819546,34268.66831920172,48447.40037787191,2230.164239414178,46064.56057994827,28157.31742499031,17715.67305592216,24028.78875105428,64009.40290796744
6495,33454.34305255173,24825.50958458207,67672.26472373118,39553.03674482243,75083.0598063113,48052.34642272843,16361.310662511,21013.67338935421,37113.26048339335,148443.2328230014,131498.5861534264,53950.84467715646,63727.22216749292,41424.16232573334,187825.0786099464,107166.5091407753,54941.82043486693,45870.61620786343,188024.6760706078,49424.57018074626,8827.357400552188,26776.00978520336,70256.20918450489,35019.53119942812,49974.74335024381,2221.817112470609,46567.57759871845,28472.21241311764,17567.28487910894,24387.99611480815,64007.18897413313
6496,34325.8706762767,24976.80614317517,69340.17083105506,41390.90523635941,76899.44815410559,48547.96693189156,16756.30059278151,22609.5210830804,37108.8781264737,150078.1914046946,125068.3657538318,55949.97130689146,63961.14394759862,42865.59339728946,187829.1551377463,104983.3031867568,54871.77853994336,46416.84967459314,188156.3524545954,50202.37763946436,8469.589459627528,26613.19940060279,70240.75770040054,36763.31022884254,52473.12916766985,2229.106602577057,47538.24191798102,29216.13298064544,17408.29754839709,25280.01429919643,64064.38189108634
6497,35167.1161619518,25143.61656149341,69954.17032114524,46272.9542435921,80181.98875318063,48818.15882400238,17356.66427369018,24798.19336523042,36830.44375854237,152179.243056116,115350.2716239432,56856.04984469397,65537.17761557813,44876.46350919059,186441.2066202242,101936.6615917482,54265.45362011491,49239.63351640102,188024.666013324,51097.09604007653,8468.97514823005,26487.44693384526,70256.21016641868,37961.81578173942,52983.55573048984,2317.654785183475,45928.72715692518,30640.09777086268,17461.29332530103,25343.41112211279,64793.93541857888
6498,35597.96500281814,24865.00689019952,70354.01539845076,50739.10352797544,82836.92186324243,48547.34062435445,17258.03415169644,25088.94732608637,35324.71481932052,152765.6738728027,114520.2036608372,56603.42246875107,63278.70274113448,45899.6282610567,180915.9784416817,101939.259910477,50649.90768019046,50004.39563061406,174170.6384887536,51080.14408264682,8290.268709560944,25815.37807634899,67586.64706662101,37452.08519173493,50986.92144052825,2431.889507538855,45054.85450152198,29589.32708575272,17683.87558928574,25635.07884958314,64753.54316266521
6499,35598.00148838302,24341.20030864102,68776.2434330868,50233.66299231454,84089.50191067782,47764.5713566784,16163.82849398503,24216.65362018836,34888.67601130858,146603.8363028908,118957.4841834432,57188.74471795111,62819.08958504629,44897.67835536027,179531.3830556159,100018.8293076002,48056.44701227009,50358.04475597745,174280.9010312029,49089.88340480313,7564.976997278543,24969.54291524284,64755.16568408489,37922.60672768956,49959.10950407694,2505.577914788988,45202.33577399747,29364.5389704809,17620.2806560129,24987.88296817613,65009.84521221759
6500,35552.95460328953,24327.94462216698,65941.62877653002,49564.47620602111,82202.15420045205,46676.67966830906,16758.95715625657,23295.69437197846,33984.13898359862,148240.7929452883,118957.4814072975,59662.88619793348,63983.37462155569,41759.07108020173,182295.6934200969,105681.3605618662,51474.68752133499,49503.35509468972,176493.4337103254,51136.93737792646,8557.893996870147,24366.31233435762,64768.1603965336,37922.9543591941,50972.4410085136,2671.413732982434,46018.2859426957,28532.39131622369,17620.2806560129,25277.92590129592,65008.1097395512
6501,35164.13387711671,24236.10533974447,64212.90132725691,48704.20614101216,81868.43397397216,47755.25538989843,16714.57706522703,21900.81456453352,33369.40651674413,144059.215175134,116508.6714102044,57714.0516374227,65268.59577945235,40266.59776032089,182175.3310710617,108521.7369678115,55908.46350372658,47667.0943572692,176493.543469889,52101.36659594908,8912.37030431122,25623.51908298223,65698.44579054845,36004.50206738312,49109.02322925373,2680.00659502211,45049.26648744413,28219.66862919307,17270.50852795277,24746.16926186692,64821.32434997291
6502,32991.82168628964,23212.04863594411,62176.33729545008,46367.85597836593,80260.88759550155,49345.31723847614,15061.23080084737,19668.14612262025,32677.200773616,143132.8415759078,111928.5224891779,56107.60453082779,65761.06701687258,37187.93376155813,178160.2790063051,107081.4934511045,53796.0163805588,44583.39908084834,171862.5549485333,52101.36362381973,9184.41334503338,25748.15451642769,62009.41950254525,32588.44659617076,45424.89647878766,2516.316916404802,42839.88148483694,28223.62113679032,17016.12879733165,24503.23106314896,65072.58244800203
6503,29580.21820379574,21690.74698452297,56352.54699831006,42505.65124254108,77101.54347450822,47602.93681614667,13416.42844385422,18436.05120326043,30835.30480770878,146509.4733450874,110284.5907859266,54770.20534035712,62609.98579714087,34139.24397314234,168535.3442491639,101189.6347061115,51905.57329583541,41249.50290271374,167224.145041992,49090.26122460113,9104.683547368097,24550.0305578934,56499.27583225511,30343.98967947164,43492.26036513832,2259.168900852607,40485.65287597101,26535.26125596436,16615.26212808509,24271.68986888972,65613.11053700786
6504,27401.34353639855,20593.18028250024,49685.50844541607,40911.16862607565,74384.34089965517,44158.01728527468,12406.55613608418,16181.04262976781,27432.1775295603,144997.6739826122,135642.3325481722,53727.43477351037,53122.77747200985,31618.28344711762,163403.1959792938,83333.5588857758,46855.41389410194,39405.01943026907,181313.9373145435,42253.37207199433,7967.486652184732,22034.86096323675,52390.11961992143,25620.41590064026,42173.37817283481,2054.213790550672,36465.67594747404,27202.05016237733,17990.61250034862,24346.92530905403,64753.27112739593
6505,25442.74053965738,19237.90728213388,48083.5719173435,39970.25916894228,73541.4372349402,42298.12232717805,11856.63467973174,15319.59478436579,26863.80085293976,144325.6885342464,127103.4496651108,53369.10419929885,49807.87872566295,30181.15106866997,157716.5652849488,82591.95841618256,44703.44210377635,36579.69545114935,172764.0210547438,40144.66434869204,7314.751912152485,20920.80486554569,49337.51498869935,24412.62690122347,40402.27841575448,1903.013206675769,35355.00002346547,25890.54209299923,17795.00932661099,24826.6913222545,64032.13723383201
6506,24664.75830425587,18844.73436098492,44977.70488633647,38570.12078443544,73376.6894362484,41886.50369230619,11180.35461148349,14998.24892662301,25527.77198327815,140611.1472847257,120724.5494190816,52668.42040738866,48378.98775388669,29969.07952321459,153902.7337622613,83288.34012264007,43669.09324404407,36177.01832305322,163620.7480352271,37475.59356726477,6814.419050019295,20162.38074059321,47310.75943508801,24029.0415758334,39529.83603392466,1826.706729078833,34363.81752285126,25802.05662231954,17487.57159552532,24658.62171018987,63015.28952839995
6507,24385.6165298567,18512.76788169401,42960.80683610814,38596.62897183443,73335.61284404524,42022.63677711508,11336.60063778678,14687.46424293246,24647.08995592111,138271.8353435733,115641.3616736339,52091.02291100331,46583.24371370228,29767.08264922999,150666.4818186993,82115.02443481878,42672.27991381091,35216.07747503876,154053.1684950968,35918.35278266779,6405.423584105095,19621.93177085012,45241.05355015482,23450.1283125261,38824.83699534722,1752.562141568402,34373.9382740371,25721.67785361539,17547.39922401634,24826.64805400905,62723.39497161342
6508,23592.73978872893,18126.21338865656,41932.66841010323,38336.2041414701,74232.84896649465,42015.52571468906,11482.28529203142,14981.59375133862,24630.63592093221,137303.9510120771,111390.0259453597,52088.34195301236,46092.14097696567,30793.31227634089,146142.0887924889,81740.70570734041,42571.16042558173,34872.94035177553,149299.4885485962,35142.73050855015,6114.911953893216,19238.51638838709,44225.43857366237,23455.74449825711,38330.76361704642,1681.316788128715,33880.1258083491,25413.61657021622,17510.46688142085,24986.64439031914,62720.13352694081
6509,24346.46091487191,18315.46289334725,41860.28355282228,38336.32788548907,75390.51816459396,42738.76550434378,11947.8166676022,16159.38090272583,25784.61909267657,137219.9616312599,108522.7085607832,52089.24546223173,45933.13594197403,32989.29746880124,151411.0640334337,81335.05847467016,43065.54991548373,33783.40993346878,143442.7304829984,34494.88890504611,5952.633968131814,18843.79287751938,44199.06067317021,24029.80282130365,39360.08227247785,1668.794236666677,34387.21694479451,26198.20362783674,18034.81475144665,25226.71771191586,62516.57430007752
6510,25951.97813374326,18890.69544670897,44225.58827194852,38427.2587183545,77143.75809627274,44467.81481513473,13868.52543980049,19820.1147777852,27622.75490203585,138512.8912026834,111387.3624852837,53700.92240262123,47565.35642935074,34912.34814580411,161597.688509479,84118.90248109998,43023.63835053752,34856.02304116424,139817.5734399555,36029.74148580302,6158.635810325566,19930.30333781591,47716.30210320922,27646.96322694188,42141.25370070957,1681.916255093863,36424.50115841367,27445.63775737911,18369.16625022113,25306.57499815362,62684.65736339544
6511,27866.51809253949,20646.36267815184,56359.31766799248,39436.48952730484,78559.20565945939,43721.29759864046,14873.77785459884,20901.49690073729,28388.53498481334,134993.1518112693,103109.9265418277,56672.68603051821,51752.09873963433,36251.84136726005,166789.9823690272,86955.90178076799,45759.16679395681,41692.27286471096,135582.6411762788,39298.428011254,6460.919004213306,21234.23089286318,48316.45996038961,30814.14442235146,46637.05639209393,1842.377566945218,39735.15093707394,28407.01935083529,18659.60988743622,24858.78042039234,62608.79913768644
6512,30162.70734185969,21428.32179903797,54262.60549036074,40912.06911261376,78224.64238233014,42102.19470845496,15289.81986849728,20211.65137341351,29736.58077836459,121663.832910275,97129.36191770299,54466.35406137774,56225.52727936342,38412.21802434565,167173.7150656932,101434.6296861108,47594.9790879579,40773.70544871775,131552.1734307394,40776.52016559541,6756.396258086148,22346.74081843996,53059.22714330852,34494.46141723209,51133.68805334502,2053.658823913227,40674.50868540805,28191.08992366835,17789.57794678551,24195.84672361727,63101.28677122535
6513,31879.71306409678,22688.69730675421,54865.24805823774,43486.11620313342,79024.2340194706,43354.05126756139,15334.42220487503,20282.25398003772,32207.45771072678,120987.8345577125,101466.5494678544,52068.82801999636,59666.37762798188,40279.03420890735,167173.7150383698,104893.4376405634,48537.54892376917,41151.26664583598,135771.3487446373,43429.93904419115,7515.299985905905,23537.77497031046,59426.79413442696,35627.12773171009,53821.4043805067,2279.289975287344,41313.17189032016,28738.45139722848,17089.43800824774,23494.76183199951,63222.42966050788
6514,32924.60163701813,23570.97315283803,55544.16715076227,41948.26637403238,79581.61515374016,44613.95128008265,15461.68231006808,21220.0256365435,34835.88434115508,123355.6592392092,109104.9495584315,51331.09079925916,61631.72240724704,41509.93205538506,165071.9607082638,103145.1453585059,49456.58896332253,41148.87032105057,146678.481458681,45224.75277308709,8217.328491116403,24940.6981283475,64413.93791438208,34464.62753144629,54894.91435972616,2412.433739176053,41512.65144714573,28164.2203156517,16531.3325432213,23146.56724451148,63802.58538670514
6515,33433.38069676418,23842.76209692758,58976.34793712017,40911.16836442611,81260.7933537778,44283.13340634696,15919.50303674914,22302.33407544611,35503.43150029975,123767.439531246,108251.64547366,51429.04540702901,63573.53654631043,39953.15704868357,161910.1323764636,104649.0371505456,50074.87981530754,43848.82347562976,156415.0632529989,46995.05942530304,8168.122897663367,25745.07247640605,71353.66187640282,33279.6610905444,53252.32298121627,2450.310754667451,41803.56536164427,28407.13114798045,16547.699704087,23225.78317885411,63636.24292606279
6516,32938.44209205155,23119.69346291789,52660.23286448461,40911.55806313944,79891.87225370093,43424.18590619469,15087.44216582141,20909.0451404932,35058.14184145132,121422.8474529929,103116.493272273,48076.79559949757,59638.97840688079,38627.70546380964,147091.37566705,111651.9264176393,49343.01098134203,42012.83653663694,161158.1485728614,47023.18736081931,7948.414692980231,25766.33903450717,66764.39651822363,31955.14904618356,48734.36997630761,2410.714302855875,41377.63777245326,28060.78986649985,17143.3574957565,23547.3153192971,63672.80814311996
6517,32428.04521784753,22128.18222236649,43335.99100508026,38791.23889364153,78971.20966842279,43023.96829976651,15209.43423860637,19973.12175432604,35018.99030664888,123889.4458991893,98770.57863863668,47259.057250654,57046.44811251511,37760.57324072382,149214.0220147225,108579.4030682162,50085.23826961915,39404.97923021141,163376.4883543872,45512.76059849932,8003.501214971179,24808.12997975062,64548.60246498166,31650.48861406579,48199.1555819224,2229.918893362257,41136.12802818574,27892.14268789919,17449.06182015669,23227.63859651574,62938.07921777067
6518,31673.86228518796,21854.88496049066,45974.48581879191,37890.46932908519,79287.6068307588,42626.28106619538,14516.52870406744,20110.87049442811,34532.88074867942,124103.8898673111,93700.8878215582,47717.04456748671,57619.43865022717,35236.42658125021,157709.4838695307,103552.5449028673,50116.3875364386,38881.32228284071,168271.4075185195,45809.0963480623,8168.4996146254,24636.20637761641,65674.21654415329,31776.87874650592,48169.54994603885,2208.502996882761,41616.67494179737,27750.11362878676,17562.30577871864,23227.47131870169,62572.45870305908
6519,31177.59964439413,21790.65915603103,49165.04273894559,37402.57903066241,79729.96930385084,42752.7540553505,15086.34157729349,20594.33816306604,33864.28075344453,125000.457147032,92758.83190814263,49122.2027622947,57573.45259445562,34901.12547605828,167254.2055358491,103233.5911963186,51108.27823521128,38357.51865409325,165900.1777029819,46994.44354259686,8218.750570823275,23978.69196863563,66679.29642881808,32146.00497327923,49805.91896975181,2163.624971071255,42604.62315575366,27338.97929212244,17486.84250623824,23707.73729767694,62807.69456653298
6520,32429.26635093506,22617.99293662545,52736.47944256887,38337.27685313543,80086.48673715057,43997.95842831034,16069.79631987571,21919.88983588567,33959.24048563299,127271.8313241538,98831.94391782848,51330.35485446867,59006.13949535059,37688.76395940733,169272.5071296176,99580.41040089578,51526.35187856604,39752.74621444198,168272.0534416221,47298.80292264529,8266.568350973674,24857.32664511026,67701.44423108663,34062.54983760811,53019.10149445262,2209.012141668142,43518.08921339162,29073.07059067577,17461.36974793606,24578.63366419496,61933.72227194532
6521,33889.13588723304,23646.01487309118,58779.19606644849,41375.44956813002,82177.6632023436,46028.71057891676,17012.51216006021,24645.71920891909,35486.86794079383,130720.2536637927,104827.2012553314,53021.37479259706,62590.91189352152,42339.09884321007,178710.3412907405,102703.9120159195,53162.27294003194,43608.9220519984,169357.9673275863,50243.45308325884,8624.23127076272,25935.09911483708,69741.60474434178,35820.10687069591,55425.75565551135,2280.814505567717,44703.99729751275,29525.24508985042,17787.79412070737,25706.90703001406,61897.22576737956
6522,34966.71377532899,24934.25316837999,68647.27930627271,46171.51599321473,83497.01685766003,47539.59213713624,17900.40771980173,24012.44524035216,36742.48042638772,132802.1061199085,109103.0009620538,54228.15085124707,65220.7622349687,44563.94609062198,190301.6884286478,116492.7901271871,52738.74709207083,45755.19929160836,176572.5198712069,51140.71164861303,8771.256986742994,26539.33489737321,67826.54207182435,37178.5705770667,54126.24036531387,2351.81243363014,45553.31664564521,29839.10602986417,17168.73769735954,25550.98415038624,62302.06033007268
6523,35444.05974885385,25529.08811812562,68254.95030274773,49820.04973211717,83136.71019775294,48250.32319923248,17499.71752605077,23985.04005426656,36646.34775091118,132421.5842395084,107455.6868793443,57968.37839690636,64053.4796345807,45226.04203722011,178931.4698455443,113478.0802038553,54433.97073402794,49877.15520162981,181316.7407436008,52033.84950398968,9179.20695444138,27076.49770013615,64666.41462212727,36231.31193595073,53542.04334932767,2374.707576425604,47776.12585407216,29811.60052531233,17894.58233296821,26010.71656229544,63362.95065589295
6524,35444.05975176668,24982.34977565558,65251.94881612651,47699.5590136156,83243.2708965118,47294.17777685815,17030.81763663324,23078.82412998647,35886.18912781181,132041.9071810447,107271.6615445658,59099.57869216601,62116.38556337249,45637.95400697168,172236.6823496681,109738.2960288945,53441.05140775866,50573.80409791724,180129.6525401486,52032.57309589309,9170.93402382512,27151.8381688191,65660.20145231219,34853.80841452182,51680.80946063266,2567.534315869285,46742.20402045413,29375.21947852987,17464.74811032285,25396.22911634042,65051.27683220791
6525,34939.21940858824,24974.52615684497,65289.60513508166,47231.53622580086,81884.01822080408,46541.32337808429,16047.21103788111,21683.28579236161,35017.42340901793,132743.461397175,104272.5726209316,57266.93417767153,61452.46332299373,44436.78568151855,170326.3905842569,104938.7454188502,52380.30520940421,49201.42876950157,182499.5985895287,51348.7454522012,8972.535561663959,26337.32283827812,67082.61190100615,33306.05573948092,49802.01239381998,2591.320574134107,44884.0183496676,28600.61324026007,17236.24460130728,25067.08667476043,65237.50001961557
6526,33142.90043815556,24217.80955139227,63111.80502626866,45976.33661885862,80737.71980235989,49052.84338834305,14865.79191305532,19508.04670450229,33309.27405691331,132756.5561371851,97979.92655139037,55258.98845316004,59638.52420770651,40667.75505697844,164981.7775446445,97921.10238878819,49557.24602135667,46252.44749742196,186098.7137547502,49931.53621051775,8771.64622247003,25331.49151353493,60909.64612051822,30241.25143197554,46595.11357860194,2527.30727413661,42003.00709980675,28883.81040287771,17071.67494052693,25139.33373016369,64697.79224230604
6527,30179.94085918148,22480.27884340587,58449.2414099446,43057.25130928647,78473.59609300226,46981.70469001115,13266.13125899458,18116.94940641216,31123.96709664873,125708.6291349957,86093.93526437588,53060.03766715775,56536.35880355693,35239.64198986291,157478.2086951085,90910.13319078057,47969.83419187502,42560.34793452404,189370.3229233667,45892.72935693902,8369.560066333861,23407.20260251026,55457.89827931952,28133.63034841595,44181.54223734383,2260.838872098261,40219.11496143096,28931.25686096823,17832.59548788329,25073.47801706475,64885.8973809453
6528,27294.17529132713,21110.20376322422,47234.3323264002,39993.96632699332,74017.29190540077,43591.15602349362,12399.73925959235,15724.77367451334,27228.88543731747,139219.1109940732,135551.9787316395,51750.7585433429,52416.70797171263,31086.30067619803,165250.6609664748,85602.51965937215,44932.9810588374,39164.88093713828,175725.1175531657,41914.6562569666,8026.463325182099,20940.07866809537,51802.98705701168,24675.63601075089,42219.33677774994,2047.772996042966,36030.85947393892,27008.98248049292,18007.53161598565,24424.64934009013,62816.85444208933
6529,25390.6966815392,19736.40284511353,45593.38057259975,39076.702540798,73335.74976407705,41949.20549694842,11862.8034467601,14882.67736298189,26666.45726679083,138390.1283558413,127002.3258060901,51455.13519716921,49548.82759007313,29741.04920009651,159011.5687326246,84838.95646236838,42954.00778391062,36539.76356355967,167916.9192908774,40044.38786076164,7371.941203907971,19935.10491516785,49024.097279274,23485.4825621985,40425.18290311422,1890.093512857267,34935.07504823866,25634.12751757637,17818.00993588461,24907.84545672484,62291.60169236029
6530,24634.610559775,19337.85486260027,42411.87003064754,37711.75055096153,73202.54051111129,41585.82076313777,11202.49280793605,14568.55020719941,25344.4109833255,133807.752037519,120615.3798909007,50877.06985169886,48312.62440589596,29542.53613070824,154827.2198776739,85555.96172857226,42002.81095151565,36165.62072800512,159566.8388534476,37677.11871550518,6870.238282058903,19250.94157658561,47179.07279352913,23107.49816422214,39541.38408066009,1810.517325762909,33957.18192593189,25541.36812756545,17520.13074400628,24738.5742252506,61550.95968662356
6531,24363.32516015539,19001.3500743336,40345.85035086631,37737.59257024876,73169.32742902332,41706.00163104597,11355.04929789628,14264.74697962952,24472.94598161719,130921.902367203,115525.7807508077,50400.71591419481,46759.03876200072,29353.45362378621,151276.5630031314,84347.89793354951,41086.13214118435,35272.773559416,150829.2611194053,36295.96086582833,6460.122865299508,18763.41044551042,45294.94916096363,22537.03791241443,38827.20818423097,1733.195665091717,33967.166982136,25457.10699974907,17578.09827311851,24907.80187913162,61338.35226385306
6532,23592.76373476894,18609.51100036763,39292.67157396921,37483.71238644544,73894.80087725412,41699.72385033379,11497.29380816305,14552.26917318238,24456.66415096288,129727.8894483542,111269.0828379185,50398.50411919531,46334.16186173077,30314.07279944022,146312.6209238989,83962.4936411161,40993.14171924689,34953.95163653018,146487.9700038114,35608.0410509366,6168.815728112821,18417.53702258083,44370.40031915644,22542.5720933175,38326.70353310162,1658.897469794754,33479.97535636945,25134.1661088367,17542.31419311091,25068.94211469163,61335.97672333604
6533,24325.2715700707,18801.34773232184,39218.52378070633,37483.83302069623,74830.85131486121,42338.21364690658,11951.83229662099,15703.59855573997,25598.56998700406,129624.2774748172,108398.1489228798,50399.2495158707,46196.59886046659,32369.66097347139,152093.4820828304,83544.83304011442,41447.78689271954,33941.62694340579,141139.2944424538,35033.4532769217,6006.093377114004,18061.46270199,44346.38761954696,23108.24829435416,39369.42066210263,1645.838330788162,33980.26761778998,25956.64935175043,18050.35957594289,25310.73184866898,61187.71016063952
6534,25885.60191208111,19384.44428166789,41641.43558720106,37572.47870217353,76248.4592187187,43864.65115560401,13827.18615652456,19282.09783476124,27417.4682686583,131219.2765477484,111266.416018436,51728.88579130529,47608.71231322784,34169.76429078051,163269.7467417683,86411.12144831267,41409.24462775493,34938.23311138829,137828.6251839608,36394.75443919366,6212.65931342739,19041.58793728309,47548.25207189085,26672.59267306283,42186.79414659453,1659.522623738137,35990.23673997251,27264.33555205421,18374.315760197,25391.16007729166,61310.13692767765
6535,27746.25762700467,21164.11321464379,54070.68242916706,38556.34687986533,77392.940140476,43205.61160535319,14808.7009095976,20339.187828026,28175.23386443023,126877.2140020804,102978.5397939709,54180.59594651413,51230.86703149019,35423.61902289499,168966.4768507219,89332.13936020805,43924.86202881295,41290.05623487589,133961.0796154006,39293.83857403919,6515.770248321328,20217.84196188501,48094.59617334753,29793.52822035392,46741.11797059084,1826.859654294543,39256.49865128761,28272.1526489376,18655.72922117433,24940.16397696158,61254.88402388428
6536,29977.82120950626,21956.76248745302,51922.9047458409,39994.84418371489,77122.42408763614,41776.23688099154,15214.91866001354,19664.83896618088,29509.17130528578,110433.7419369461,96990.43191905026,52360.36823939616,55101.04797197704,37445.87523983367,169387.4895410702,104239.659273208,45613.09209016536,40436.57985469868,130280.2609628367,40604.79741977916,6812.056606518764,21221.42093550508,52412.09838375527,33420.10700633236,51296.28155501986,2047.194249252871,40183.26186685315,28045.79365694072,17812.74742296052,24272.49061316675,61613.59755272068
6537,31646.50223909707,23234.36857065306,52540.22469662724,42504.20378489117,77768.94565276122,42881.39958248485,15258.46777318333,19733.85555835193,31954.18857961828,109599.8088523677,101333.089938212,50382.40509055976,58077.89522012753,39193.3393326018,169387.4895110923,107800.900895631,46479.88807848102,40787.38651102165,134133.416520531,42958.18448034325,7573.038437746084,22295.83546808646,58208.71109923625,34536.23467506089,54018.98344858696,2282.493627254612,40813.36213110007,28619.5931294749,17134.37551865036,23566.39329126366,61701.83447553581
6538,32661.98268688402,24128.70599717095,53235.67888975105,41005.00112926187,78219.62435744086,43993.66319713039,15382.72280494037,20650.56114559927,34555.10667130524,112520.832746726,108981.1242976557,49773.77060194238,59778.21072503513,40345.54157210108,167081.5477639932,106000.8323965953,47325.04584729576,40785.15999332907,144094.3391911747,44550.05202895358,8276.989305142202,23561.39198191323,62748.67763420034,33390.70874051864,55106.46713265216,2421.342561176318,41010.1671458573,28017.62622526734,16593.62209740346,23215.70927472596,62124.40286841802
6539,33156.4422884194,24404.21056401586,56751.45057111097,39993.96607191923,79577.34856012856,43701.61090696944,15829.73272094265,21708.55664608588,35215.66742775698,113028.8180218458,108126.7439454878,49854.58332350758,61458.16872687374,38888.29663967161,163612.5448253431,107549.2624094666,47893.63186580705,43293.7905030743,152986.2579815933,46120.18360605327,8227.648972185756,24287.00634639854,69066.1442923896,32223.04460651909,53442.49440925515,2460.842595331225,41297.1806030109,28272.26984597472,16609.48038725877,23295.49156608627,62003.24390525064
6540,32675.43360580415,23671.25686908426,50281.50627305843,39994.34597724869,78470.48729364555,42943.31577099414,15017.31983016216,20346.56650439154,34775.03807317183,110136.4546063367,102985.1148069944,47088.97140916502,58054.19081927532,37647.58581317232,147354.131914345,114759.5444093936,47220.59847862202,41587.90429433036,157317.8735702241,46145.13101259294,8007.339141298813,24306.19059820687,64888.38001177143,30917.87244647593,48865.73194470509,2419.549447529609,40876.96368048399,27909.20000231581,17186.61859665149,23619.32251150672,62029.87693550352
6541,32179.40172279035,22666.19069258817,40730.17214469763,37927.31181725455,77726.07203473317,42589.99608121991,15136.43122689569,19431.66766800344,34736.29628977711,113179.3289607725,98633.71869692921,46414.33585089142,55811.266573637,36835.89238772644,149682.9953582372,111596.0273301217,47903.15759674112,39164.84358571576,159343.769064513,44805.49375175652,8062.576506519101,23441.80418908113,62871.26735291375,30617.66051864951,48323.5507515745,2231.007009394016,40638.69200221801,27732.40702948195,17482.81827515052,23297.36024911963,61494.72196388246
6542,31446.44507839985,22389.15718776618,43432.92760103412,37049.17918184488,77981.89960857591,42238.91025257143,14459.88770944257,19566.32202528945,34255.27424821504,113443.8738655451,93557.63350880139,46792.17618283947,56306.98859946975,34473.12325770286,159003.7993510145,106420.2972045411,47931.80275224283,38678.29373851334,163814.0466847892,45068.32172973983,8228.026720710519,23286.71441576384,63895.9521176208,30742.20516349996,48293.55974394261,2208.673448224443,41112.79593512174,27583.51785269501,17592.54136848203,23297.19177534714,61228.41471855174
6543,30964.14962436469,22324.05335325521,46701.19065763933,36573.54988618156,78339.57828500487,42350.56300491262,15016.24523052795,20038.9290933525,33593.67167442551,114549.9077993201,92614.38938583285,47951.43413442944,56267.20382253755,34159.25912558641,169475.7997363757,106091.8975852663,48843.95466489528,38191.60760399186,161648.5245951496,46119.6373634667,8278.415278924924,22693.58025980272,64810.91050716715,31105.94158762497,49951.22911716204,2161.872412573632,42087.49813479175,27152.52539722633,17519.42432281694,23780.89143227893,61399.75361307229
6544,32180.58848739537,23162.69760209463,50359.60983948308,37484.75814016411,78627.845693348,43449.85303037199,15976.47703361968,21334.70362036959,33687.63757880786,117351.9472814858,98695.1613757847,49773.16344621182,57506.69104990354,36768.67412506847,171690.181235032,102330.5267100351,49228.41907603198,39487.96729082269,163814.6365730986,46389.58171056743,8326.363998334478,23486.18378317916,65741.40640238032,32994.50199071506,53206.23711632029,2209.204409709957,42988.71680508837,28970.37469882982,17494.74353743914,24658.01430199947,60763.17786061329
6545,33599.37036409413,24204.77361170507,56549.49705904968,40446.57958487748,80318.69714605252,45242.63952535953,16896.93192780897,23999.30005896676,35199.27721884528,121606.0308420799,104697.9804959161,51168.25783260617,60608.05227388881,41121.69682542623,182044.9098931779,105546.5317920195,50732.82730065886,43070.88884656502,164806.3458085736,49001.26946246261,8685.006305238276,24458.42660465658,67598.63387862864,34726.39602598696,55644.21830326928,2284.083483196631,44158.7247082055,29444.38958963362,17811.01905777667,25794.35429663416,60736.5948785211
6546,34646.62009453151,25510.62339424681,66657.91784555829,45122.11771935476,81385.47992687201,46576.4744063384,17763.86104754571,23380.2519343874,36441.74873854563,124174.2702967844,108979.1732435248,52163.85017726006,62883.26391020069,43204.30180223021,194762.3673464801,119743.7717958045,50343.34899145253,45065.07772962969,171395.0251502828,49797.07170639715,8832.434621219283,25003.49888897601,65855.28721985916,36065.02410229095,54327.78743384178,2358.12365101371,44996.65672240681,29773.41026523511,17211.20970300831,25637.31664107358,61031.46448475891
6547,35110.53128612305,26113.5903240565,66256.03365406938,48678.96141566875,81094.1486836874,47203.92126109791,17372.63260502846,23353.46237743082,36346.6221666434,123704.8463932073,107329.7814133037,55249.54439950675,61873.39087164379,43824.06763788969,182287.5212958016,116639.7803051291,51902.29242070139,48894.94579166132,175727.6777805678,50589.21918416588,9241.501676878788,25488.06561675981,62978.51576492117,35131.59687374393,53735.98602028947,2381.999843756711,47189.66339451194,29744.57622271293,17914.48712026223,26100.33592550298,61804.1858417376
6548,35110.53128895389,25559.37752955045,63179.89395079107,46611.76001780989,81180.30990216733,46359.81795682963,16914.80514557397,22467.60365555872,35594.41919758092,123236.4646888611,107145.5239684588,56182.78660808242,60197.5164304318,44209.64463388693,174942.3288755631,112789.2412644738,50989.19457263541,49542.22912427871,174643.571250664,50588.0871042207,9233.206092525734,25556.02915442775,63883.19370303513,33774.20699255329,51850.52475270372,2583.089150693634,46169.6039710745,29287.11762074177,17498.01686324106,25481.45518064668,63033.91304560864
6549,34619.89954980259,25551.44695415932,63218.46739084207,46155.49894920014,80081.2661822484,45695.18382193008,15954.42507218821,21103.41464169435,34734.74579095434,124101.9243001739,104142.6523116994,54670.85170017277,59623.12495913434,43085.27120309163,172846.4504620388,107847.5504777932,50013.72250210883,48267.10232667263,176807.9209427767,49981.58236375089,9034.264356553726,24821.26675759039,65178.06229335126,32249.05385355671,49947.27168996649,2607.894642934465,44336.33211013558,28475.09727877294,17276.61775140608,25149.95952398238,63169.55254629246
6550,32874.13752336636,24784.38528684987,60987.62687665346,44931.84333051551,79154.40975558117,47912.40129720802,14800.90354514787,18977.0400476173,33044.47355669825,124118.0783882526,97842.06936488044,53014.29298948656,58053.79786944462,39557.20789648723,166982.6032209055,100622.0777776417,47417.61101412444,45527.09019747731,180094.8074952207,48724.62217612499,8832.824922789145,23913.92099346398,59558.60167592623,29229.00033636371,46698.62919431557,2541.13839238343,41493.94830616259,28771.97309189189,17117.16472204686,25222.72311216627,62776.4452515001
6551,29994.56969383309,23023.10082148241,56211.50634420151,42086.11654672605,77323.71926781461,46083.96079229135,13239.01669090335,17617.19230993295,30882.03754153911,115423.531304608,85941.08634734024,51200.15477127927,55369.96346485957,34476.13309399032,158750.0555750993,93403.47655714644,45957.81233043845,42096.61823066049,183082.5996851147,45142.4980471371,8429.637735546432,22178.04803999484,54595.69026848184,27152.15371658874,44253.64078735728,2263.251899871683,39733.97387968336,28821.71125203111,17854.42750670804,25156.39656140595,62913.45551019164
6552,27305.79513156009,21747.50962991045,45704.77438087542,38989.08441859714,73271.28837092713,42383.7901748518,12279.22740187729,15097.46364479523,25596.08529602031,127230.9282424694,127975.710052346,50377.01362476531,51327.73238711435,29565.25771215604,170571.2632239282,86486.24652259413,43335.83108589343,38481.44186805992,156424.1595944467,41565.82342113826,7982.941730360658,18778.80469287359,49366.53919124605,23578.50764765267,41801.04274026585,2034.407742570699,35400.17033090703,26478.45766308447,17983.4659204298,24247.8158790633,61288.56429190355
6553,25396.34082937004,20264.31737509657,44022.77278889886,38061.48423626562,72435.49420380099,40766.03415867771,11751.03660636316,14271.95712101569,25143.66981799674,126624.1667355096,120701.1738084355,50032.96920752992,48681.00459179436,28249.63898752361,163593.7851965157,85747.25499073154,41491.80544174674,35896.73693831112,149946.9633993748,39778.63690083212,7340.470824536567,17987.12489689847,46828.35387379764,22405.32260876061,40094.93824491116,1877.646130860508,34376.19020552315,24947.84750854861,17796.20884871807,24670.15843473448,60435.03230368318
6554,24637.88108592713,19834.03430202342,40761.67398812022,36681.15097368481,72272.13597562186,40408.00398066443,11101.48037771974,13964.01845314151,24080.21988314873,123270.1645741471,115266.7930268372,49360.22073390477,47540.12948794682,28055.49869791149,158914.2258792089,86441.18683829143,40605.47141501137,35528.35385524548,143020.2554161666,37516.5276148474,6848.005375045711,17448.16724678602,45143.1434355976,22032.72725882494,39254.51247915324,1798.533166442857,33462.37623034109,24844.57955075753,17501.88903704661,24522.20516681433,59231.49430403992
6555,24365.74402551502,19470.73472267005,38643.97102555657,36707.28419965909,72231.40584523333,40526.41395644889,11251.55219611441,13666.20032608172,23379.21613548882,121157.9098488191,110936.2694682798,48805.84329738786,46106.34642906034,27870.58123747653,154943.35489407,85271.99885493302,39751.3016012431,34649.25164770547,135772.1037489092,36196.7241597037,6445.441099930109,17064.10891167349,43422.22057685495,21470.40024669266,38575.38527351199,1721.661604575487,33471.70698816539,24750.77261013684,17559.16390792224,24670.1203452891,58886.00875187232
6556,23592.76353535348,19047.69476689608,37564.44606373226,36450.54310911283,73121.07420126269,40520.22868024772,11391.47998494823,13948.05816497626,23366.11908135002,120283.9698595388,107314.42615881,48803.26922557811,45714.23331697475,28810.04021387093,149391.9388404206,84898.99697431683,39664.65226399063,34335.33783795018,132170.8383415703,35539.36341794027,6159.497578362008,16791.64308846122,42577.75516684153,21475.85552495597,38099.44324462047,1647.795908122172,33016.43993897396,24391.24624533631,17523.80741449865,24810.96663226232,58882.14851540201
6557,24327.57097175577,19254.80683915659,37488.44339880265,36450.6651027582,74268.97900193784,41149.31018603757,11838.61545267571,15076.70568819354,24284.66459834776,120208.1326172336,104871.6705287644,48804.13671310281,45587.27829423931,30820.3485762341,155856.9549363722,84494.77680165273,40088.29485153494,33338.59740601348,127733.9093816559,34990.30023185644,5999.771309614165,16511.14138913204,42555.82242158873,22033.46669410463,39090.98828784218,1634.81278795422,33483.94916849293,25306.90734232127,18025.78212596737,25022.30544618798,58641.21640393714
6558,25892.79974242291,19884.33348628398,39971.96645565345,36540.30970831088,76007.43117602493,42653.25529466687,13683.42562078122,18584.70644739435,25747.7807413395,121375.5684554016,107312.1570754739,50351.55826636577,46890.4985922323,32580.79981720797,168355.9112209417,87268.82729262165,40052.38081172518,34319.8612920892,124987.5838397162,36291.12908199697,6202.533905257717,17283.24647550531,45480.34479973627,25546.99304118735,41770.09716191285,1648.417422968315,35362.20951375658,26762.73928904922,18345.86733412926,25092.60456999135,58840.15903095876
6559,27759.29671353998,21805.71171709256,52712.1417391983,37535.2648289122,77410.94010202342,42003.92684044218,14648.95454592383,19620.97115217041,26357.32503909395,118197.4603841132,100260.3554988572,53204.8416842567,50233.33591318579,33807.03505488951,174726.8395024097,90095.84607741889,42396.45642769532,40573.90109442767,121779.3083068146,39061.42884086732,6500.063890229663,18209.8543033209,45979.36515948622,28623.43238258646,46100.91430043663,1814.780364289766,38414.44059410598,27884.73042557775,18623.91816512014,24698.40677109813,58750.37345467377
6560,29997.86596317972,22661.47709526054,50510.63552538072,38989.9721676474,77079.19870942459,40595.61427418682,15048.55627040624,18959.90735562665,27430.34018410903,106161.9056815794,95165.3290518326,51086.47319666402,53805.07326097873,35784.74568540958,175197.6783177473,104523.6380663569,43969.56485002526,39733.56358058118,118725.9298230376,40314.15170274993,6790.894954218569,19000.43534562778,49922.8899463635,32198.30584049931,50432.52998755177,2033.832364736156,39280.4750908725,27632.72757359258,17791.00921794503,24114.8199724652,59333.28039162413
6561,31671.78557254698,24040.814830681,51143.39827271729,41527.60905969296,77872.04616564105,41684.49215466349,15091.39610373334,19027.56428073848,29397.10450515508,105551.520769078,98860.31216171953,48784.53328676734,56552.36509523504,37493.71722114873,175197.6782842216,107970.2779937576,44777.2533877882,40078.96973388807,121922.2682969025,42562.99558004449,7537.865408742803,19846.81792573895,55217.40626839873,33298.52050948889,53021.61334645201,2267.762036401285,39869.28629538997,28271.53190060684,17120.74322903593,23497.64831644673,59476.66476458312
6562,32690.45397252065,25006.36546230072,51856.24985855586,40011.51229707903,78424.72605112504,42780.36631473967,15213.62740680886,19926.21023405187,31489.27496071548,107689.5207443084,105367.6994939217,48076.20865457576,58121.563147031,38620.53913346617,172618.8323127541,106228.1361739584,45564.77923201753,40076.77749238517,130185.2309234162,44084.14849625796,8228.854966973842,20843.77483107381,59364.12575798372,32169.32671544281,54055.72799416322,2405.802713768135,40053.19511811165,27601.36909716464,16586.45130989079,23191.1293303069,60163.33540214159
6563,33186.4658575799,25303.8075693217,55459.97163244594,38989.08416064873,80089.74116958628,42492.6174807724,15653.35691915131,20963.36260703017,32020.62798685189,108061.3330077141,104640.7435704412,48170.25794417341,59671.97353614723,37195.39390706155,168739.2788658379,107726.7373004713,46094.59295528618,42546.78881862827,137561.4143426252,45584.53100573822,8180.423099848427,21415.38601032995,65134.38021130735,31018.31035353972,52473.41591732883,2445.072813413492,40321.40122594642,27884.86089968587,16602.12010788309,23260.86386597555,59966.45294740655
6564,32703.94711863132,24512.49113538395,48828.1760393573,38989.46834702798,78732.36627777455,41745.49599420679,14854.17571199028,19628.20446431441,31666.18709905069,105944.3106435152,100265.9498979469,44951.65781774731,56530.48862611566,35982.01304542001,150556.7108583304,114704.9905232501,45467.45420558176,40867.1639234869,141154.6535338864,45608.37018773728,7964.169665455172,21430.49862845886,61318.48940420287,29731.74646280482,48121.26133051829,2404.020038054347,39928.72017762567,27480.65943516834,17172.36205068466,23543.91164799589,60009.73143243277
6565,32206.35801614611,23427.39478051732,39037.90696398902,36899.14134126096,77819.4690501573,41397.38254954186,14971.34715388692,18731.32966781616,31635.02332850633,108171.497249889,96563.53191795078,44166.52159458808,54460.52434806074,35188.19933240909,153161.1912698299,111643.2762582645,46103.46911968123,38481.40509164492,142835.2105774489,44328.24287578317,8018.38998729751,20749.56815238728,59476.09688638228,29435.81475529998,47605.68806560831,2216.575128413843,39706.06190902476,27283.83785997026,17465.02241760476,23262.49720767859,59140.10840395854
6566,31471.10036168466,23128.30199111883,41808.2742034603,36011.11326801062,78133.19755063206,41051.47004955654,14305.8224298076,18863.3312558445,31248.09068843353,108365.1269565626,92244.50680666656,44606.24957445034,54918.01946289314,32877.47649384302,163585.0963220066,106634.1024937113,46130.16094113984,38002.34544985901,146543.4751758022,44579.39539504951,8180.793893178384,20627.39437447519,60412.02455275771,29558.58372613343,47577.16888803696,2194.371573623856,40149.09887256759,27118.08125870148,17573.43442168501,23262.34995143793,58707.36102148056
6567,30987.29081168569,23058.01414822077,45158.29570864883,35530.12423517247,78571.82890346981,41161.47757347528,14853.11861424773,19326.62768943277,30715.89962765801,109174.6720368278,91441.94047805159,45955.38600613768,54881.30263341482,32570.52605629397,175296.4398721924,106316.2708608309,46980.11254968336,37523.15161883302,144747.0925830213,45584.00902857735,8230.25468539144,20160.14602474532,61247.73022522713,29917.13424027308,49153.48695609337,2147.842972501497,41059.93101912988,26638.26233476979,17501.19105693563,23685.13263170584,58985.78550831103
6568,32207.54850642488,23963.43693402983,48908.23343456173,36451.60064714568,78925.3392792154,42244.56931312046,15797.71122258511,20596.87470364265,30791.4855100459,111225.5831420179,96615.81088157065,48075.50205091199,56025.20853605161,35122.46173125337,177772.8895978999,102675.9418927802,47338.36005225463,38799.55445971302,146543.964510497,45841.96179051792,8277.320561686316,20784.52869528572,62097.62756124132,31778.76881575092,52248.75311931864,2194.899444317901,41902.0948474932,28662.05297123651,17476.80518406384,24451.79093396094,57951.35443121614
6569,33630.78444109792,25088.49009566778,55252.9660772822,39446.79805218613,80998.8776504488,44010.93869581076,16703.17476436714,23208.97704060867,32007.44375357862,114339.296304291,101723.3545017963,49699.10330354579,58887.41262496733,39379.59749737563,189353.0825144342,105788.4550827024,48740.18158295699,42327.31862798942,147366.6248824371,48337.63201352273,8629.359461967937,21550.42431823445,63793.98397995951,33485.97066741037,54567.08864306986,2269.342637598236,42995.43475198077,29189.76827563954,17789.30150512293,25445.02064116128,57908.15727409581
6570,34681.32185873343,26498.32048512471,65614.25781904135,44175.02355428395,82307.10317567876,45325.11921976757,17555.98430037616,22602.12452460085,33006.88399496902,116219.0809582779,105366.0394248974,50857.76682743125,60987.17449670193,41416.32754537834,203575.629099583,119528.8241573071,48377.2620836818,44290.80791375845,152832.1839434539,49098.0827841582,8774.07329307276,21979.81136798046,62201.64414411535,34805.51348239013,53315.26255618535,2342.951808581055,43778.4589571448,29556.06319453018,17196.65931611663,25307.76025660357,58387.31829021178
6571,35146.68943158854,27149.29972703158,65202.32014426879,47771.94835484873,81949.83553367735,45943.3205039759,17171.1277545054,22575.86273751783,32930.36447522383,115875.4931169874,103962.6420292564,54448.87654254705,60055.17640570591,42022.44138562775,189624.4065576696,116524.7199317717,49829.90002363343,48061.71696333204,156426.2834000455,49855.04114223954,9175.608509759955,22361.53445982312,59574.05555565295,33885.39443323907,52752.50421851271,2366.689015098198,45827.76281144522,29523.96258794175,17891.53322017738,25712.46704372122,59642.98500781146
6572,35146.68943442826,26550.95675499411,62049.22812552184,45681.45222665893,82055.49744285611,45111.65525177996,16720.75688290734,21707.45594836742,32325.29473716198,115532.6680979164,103805.8652018917,55534.97740685502,58508.53467914738,42399.52501997654,181409.9232965838,112798.0922533866,48979.06698370207,48699.03567433497,155526.9759728177,49853.95935204194,9167.465665659784,22415.07352935403,60400.37125839729,32547.3573066036,50959.57330555049,2566.607756688652,44874.54559844911,29014.67920871784,17480.03939665682,25171.52793754894,61641.28298117792
6573,34654.5174287666,26542.3946934601,62088.7665137917,45220.04967615741,80707.70942678284,44456.81465036994,15776.01841913867,20370.14225254395,31633.77611205661,116166.1283825526,101250.8493558534,53775.39795880982,57978.43660315699,41299.91891263354,179066.0012915276,108015.4263800577,48070.11306502606,47443.53885236453,157322.3860174453,49274.39702886473,8972.186891785275,21836.25588090907,61583.07971639204,31043.94877817689,49149.7237424561,2591.268853138073,43161.4039384667,28110.666338538,17261.28579896978,24881.78073551303,61861.69620654343
6574,32903.27483804995,25714.25437929973,59802.1195800101,43982.60501510629,79571.07949856264,46641.36092737886,14641.28417633181,18285.65847631478,30274.12636312083,116177.9521269523,95889.9511529063,51847.5063236906,56530.12597806175,37849.57060949817,172508.1778538279,101022.4712977956,45651.03231261725,44745.70791757168,160048.9829039442,48073.27407322653,8774.45640831819,21121.48367185381,56450.37076715835,28066.95315855006,46060.51069111969,2524.901198851781,40505.27518200856,28441.17475320893,17103.73808549734,24945.38050118879,61222.89964416245
6575,30014.66702692093,23812.72451196669,54906.52023015036,41104.81051014916,77326.05261215914,44839.8629046162,13104.83560961236,16952.60053100232,28534.66953154439,109814.1077621822,85763.91059276325,49736.22474141392,54053.25171157275,32880.42003045914,163301.3224083213,94036.16656916137,44290.77836572746,41368.04644870207,162527.4696884712,44650.27661982309,8378.692798525692,19754.0295053763,51917.34143757185,26019.71682498545,43735.51183167196,2248.632317456917,38860.62793969445,28496.54767255706,17832.19126332949,24887.40709454789,61445.54034155616
6576,27175.78744348017,22322.07128691825,47012.13544893473,38745.04626759091,72406.04143133172,41275.23523684384,12034.03729200056,14686.45380908217,24043.07762704632,124780.05821758,112799.0001411025,50959.60857524117,50060.72839435114,28493.42089947796,169438.8618117876,85447.60947224841,43467.8645107007,37872.51230588213,148879.6322895299,41021.60829646035,7976.39390599337,17111.16478645989,45786.21354645841,23465.64627427046,40726.08368767006,2035.354739497021,34582.53388672657,26269.14836574806,18219.1810377669,24117.94315795903,61533.44545507406
6577,25333.17907550703,20762.65349501526,45172.37194360168,37725.60817687221,71561.74045491008,39546.29593672047,11483.43540188552,13825.95485896636,23647.14470426524,124093.2079365086,106682.8034743168,50536.17474257282,47440.71236727122,27141.36537295378,163201.1350652097,84766.08818823584,41192.52412880072,35291.75476001653,142255.2175430924,39271.58973676671,7330.952416771397,16448.57173897512,43721.71141299399,22273.6405689021,39061.9663289823,1876.977446620228,33613.10170568567,24725.77698714666,18015.43047045718,24429.26353431119,60559.43929176108
6578,24601.27139463937,20310.25693109904,41605.40114548982,36208.61375129561,71396.71954786983,39163.65947040019,10806.31855270046,13504.96296759694,22716.4629274722,120296.4981900554,102113.750477945,49708.1872783439,46311.35140228571,26941.84825862848,159017.7019965447,85406.05401108389,40098.87794807403,34923.93427480424,135171.0741689664,37056.52533831191,6836.209961932867,15997.49341959815,42350.9996209575,21895.06790713646,38242.22339454064,1797.049095544781,32747.96706775089,24621.64804882161,17695.18713838765,24320.20308934079,59186.02453330778
6579,24338.66127394896,19928.28633625821,39289.07002889313,36237.33432132025,71355.57486152314,39290.20739147951,10962.75790674234,13194.52061701796,22102.97714687082,117905.4388773846,98472.78521690061,49025.88536926037,44892.03861905174,26751.80940493109,155467.8222185076,84327.79199952599,39044.91913983501,34046.17463981321,127758.1810987319,35764.16971935079,6431.784356224091,15676.05742493479,40951.2401593537,21323.71983797132,37579.80947162925,1719.385248286863,32756.80077133964,24527.05900742589,17757.5067470776,24429.23545752775,58791.77445036895
6580,23592.74118682353,19483.50513437515,38108.2919384713,35955.17434319521,72254.29836454763,39283.59702069465,11108.62282083373,13488.32613819084,22091.51521601992,116916.1442032965,95427.65557093284,49022.71732165557,44503.88285935899,27717.28722703464,150504.9665472772,83983.79790804298,38938.0026570078,33732.74024196254,124075.0634423047,35120.48005102064,6144.51872174752,15448.01830980838,40264.37122640986,21329.2626318177,37115.58034957731,1644.758246732666,32325.78603041561,24164.53514748584,17719.03607396877,24533.05715032078,58787.36934995586
6581,24301.82457761788,19701.26129467917,38025.16066801803,35955.30841493342,73413.8866724938,39955.91332022732,11574.73021187334,14664.81594269615,22895.38340559005,116830.296913059,93373.86501421352,49023.78498486693,44378.2091142639,29783.2722122441,156284.5625073562,83611.01332361957,39460.7345886335,32737.52204069582,119537.288648125,34582.83568364558,5984.053928970276,15213.25360224852,40246.53163090993,21895.81920470924,38082.72352447583,1631.641314577771,32768.39080446759,25087.83042642894,18265.22443044552,24688.84083398151,58512.43019741621
6582,25812.25801785032,20363.14113582673,40741.6236645115,36053.82836702985,75170.0330130348,41563.21984700933,13497.81553272533,18321.51747483798,24175.83440473256,118151.8270766921,95425.7477984687,50928.27930660871,45668.27682488942,31592.48014229998,167458.3811298243,86169.33012564809,39416.42031062134,33717.2873320172,116728.5425687048,35856.61131079218,6187.754035082972,15859.46367955432,42625.27153124149,25465.71083547857,40695.89967827789,1645.386167291411,34546.59526169663,26555.80014554714,18613.50256036752,24740.66026204014,58739.45314153424
6583,27613.4128995525,22383.26454759171,54676.75288794391,37147.28993357142,76587.8270145311,40869.26508994258,14504.31177548322,19401.70844222033,24709.27914103722,114554.2283546208,89496.81929339164,54439.96754452585,48977.37697954276,32852.67665583717,173153.8644528407,88776.49595782821,42308.77157708769,39961.77591029257,113447.3469540099,38569.29738963931,6486.65970512597,16634.98417101671,43031.1633273462,28591.50354984057,44920.13564808077,1813.463746962016,37436.23243327224,27687.14570864232,18916.0439492585,24450.08616416451,58636.99452734626
6584,29773.61460060528,23283.010182103,52268.75826518855,38746.02190905165,76252.70911983005,39364.16362945482,14920.86857022838,18712.6227881409,25648.3319435852,100930.054712313,85213.08453317759,51832.77834810441,52513.06701623038,34885.16109665216,173574.7850003823,102082.2605001961,44249.827619229,39122.72176721716,110324.5690042269,39795.96748452766,6778.835480482258,17296.65762127894,46238.73658053268,32223.72644438606,49145.15051423867,2034.773431466169,38256.13283001319,27433.04182207969,18009.77285918449,24019.90819761832,59302.17750474267
6585,31388.93384443152,24733.23607067319,52960.87045796947,41534.89987332908,77053.626268772,40527.87666267433,14965.52609437013,18783.14762513462,27369.55233475098,100239.1027585311,88319.7077766094,48999.65800145778,55232.63215229938,36641.46356202956,173574.784970411,105260.8604808083,45246.43325310571,39467.60041323789,113593.5562454945,41998.0423538282,7529.259691450239,18005.03393193499,50545.1755814061,33341.59116230301,51670.51667578767,2271.114125579305,38813.5777608927,28077.1720807996,17280.47022596341,23564.97390400867,59465.80026863696
6586,32371.94083015955,25748.40914014144,53740.58335396242,39868.70055765074,77611.93139378526,41699.06680779045,15092.94366218115,19719.88631474729,29200.52232509024,102659.3055351972,93790.91025278295,48127.88505948597,56785.99326961469,37799.49344214018,171269.3479015549,103654.2023815349,46218.16017070742,39465.41151974539,122044.325656183,43487.55998685602,8223.444168067743,18839.43278545519,53918.0227782895,32194.28242553243,52679.18181957871,2410.577534699251,38987.68966668477,27401.42189923256,16699.11818067243,23339.03028349784,60249.39296624931
6587,32850.5883940086,26061.13765678803,57682.31315648065,38745.04598410407,79293.89322789015,41391.54190129234,15551.33086372161,20801.00257773188,29665.53770782162,103080.1947226239,93179.70903706108,48243.63654144305,58320.75633637907,36334.87801566224,167801.1041886353,105036.2595769529,46871.89650201305,41931.65062317555,129588.1604796231,44956.73917346957,8174.78836722159,19317.84033755538,58611.41634085853,31024.80103523398,51135.81035488193,2450.252376039435,39241.6082981517,27687.27727055802,16716.16707741533,23390.43353803044,60024.72098323442
6588,32384.96160992125,25229.15318403833,50428.49391802457,38745.46820720888,77922.70281809411,40593.07310428262,14718.24045975314,19409.24836749828,29355.3475762344,100683.7384721761,89501.52288464725,44282.33352623686,55210.97646870022,35087.8918873525,151546.2495927038,111471.8246565232,46098.07097155669,40254.59086580471,133263.0694941408,44980.08257410087,7957.535044963967,19330.48877920111,55507.65766012756,29717.5976127243,46890.76205020691,2408.776485637899,38869.84556986205,27279.70583920666,17336.63560385088,23599.07588496179,60074.10813185458
6589,31904.79204367404,24088.29059106285,39719.95485470085,36448.1864555164,77000.51401735135,40221.03491721039,14840.38347686684,18474.35591233195,29328.07449793384,103204.8999648551,86388.64864097908,43316.02445832497,53161.90304544292,34272.09305626869,153874.6033417119,108648.2152548115,46882.84878749158,37872.47558563232,134981.8234929891,43726.57795707483,8012.006064521065,18760.58690528788,54009.09754413747,29416.91845977643,46387.877014649,2219.399653972752,38659.04842096659,27081.24329474244,17655.07332822601,23391.63751936474,59081.73971311638
6590,31195.2741959973,23773.82655870015,42750.16634074365,35472.23834689979,77317.43568263752,39851.34893882479,14146.62059021962,18611.95292052027,28989.4491003841,103424.0875977668,82757.35090546875,43857.22116002049,53614.78094822198,31897.37344666318,163193.3673840059,104028.5973178427,46915.78378458559,37394.14756790431,138774.3722979358,43972.50727952438,8175.160874983284,18658.33408004082,54770.35979347675,29541.65693565566,46360.05969245025,2196.967255750278,39078.48457915185,26914.10472359529,17773.03419951711,23391.52897271784,58587.91098319393
6591,30728.40178940923,23699.92642039105,46414.40027293881,34943.62855290357,77760.53147590386,39968.91693394324,14717.1385094351,19094.88804363698,28523.70030882795,104340.4876322818,82082.578887107,45517.67539628554,53578.43467873902,31581.92184378847,173663.075868125,103735.4829678117,47964.53775594087,36915.68556587118,136937.1601803042,44956.22805182171,8224.850358343063,18267.27255547791,55450.10375539356,29905.95944919678,47897.58466059144,2149.959102371971,39940.79623200058,26430.28538402478,17694.42768058836,23703.17377708049,58905.63447795776
6592,31905.94085741998,24651.88150025508,50516.06022874144,35956.33658375272,78117.63992096926,41126.44616306647,15701.81010908505,20418.97960515596,28589.84954727914,106662.1063455568,86432.60311619425,48127.01540463173,54710.79585455741,34204.53481520774,175876.9727274075,100378.2568487506,48406.57879365782,38190.13907321426,138774.8727545948,45208.81619289774,8272.133852446723,18789.84698338837,56141.39089324169,31797.45905217179,50916.67649582578,2197.500567002948,40738.09756303758,28470.94906010716,17667.89391400453,24268.29881121842,57725.19571465655
6593,33279.35232886543,25834.75439579558,57455.89169076492,39248.07626004848,80212.28300456464,43014.21255907119,16645.69239891212,23141.80644395939,29653.99948185881,110186.8104280549,90726.86191401613,50125.26814958896,57544.11350777138,38579.57435514558,186229.435150393,103248.7146202426,50136.28420591648,41712.51560932356,139616.2311657135,47652.58418214205,8625.800469879574,19430.86007661723,57521.16857199692,33532.04846469547,53177.95791137867,2272.711017420108,41773.19469231932,29003.0641087706,18007.91473199536,25000.43589306748,57675.90137319833
6594,34293.11266572391,27317.0400440311,68789.01200737355,44444.42407256236,81533.82379986509,44418.71257799195,17534.68657757372,22509.23003437631,30528.66296076403,112314.7150547248,93789.51452001154,51551.2972089595,59622.68379623239,40672.71278946607,198944.1092618826,115920.5160831481,49688.47839871365,43673.00623715196,145206.0155339675,48397.21992509602,8771.183412223883,19790.23374674005,56225.99561291399,34872.75987149894,51956.93919481426,2347.07884959522,42514.50679809423,29372.41295456751,17363.07295850235,24899.25746810187,58222.69491972892
6595,34742.18870956675,28001.47499081178,68338.43698762706,48397.46571807994,81172.9198466551,45079.40089252671,17133.50059822827,22481.85503543674,30461.69664644856,111925.7757389374,92609.58301845618,55971.06766308548,58700.09177904983,41295.6132940488,186471.9934551027,113150.0364757104,51480.88609951948,47438.15632157788,148881.8043665682,49138.43588689201,9174.57520146173,20109.71526945308,54088.77489484566,33937.87993368286,51408.03030850802,2371.060706298716,44454.64318926221,29340.04471416514,18119.15095794389,25197.57803179102,59655.59625077215
6596,34742.18871230705,27372.38144395233,64889.60337610197,46099.99809984389,81279.65719491507,44190.57790272311,16664.02052538209,21576.6373190266,29932.16783606445,111537.6999331943,92477.7700922703,57307.78998322606,57169.05934008914,41683.14047212662,179128.4086031429,109713.2229658068,50431.04453134195,48074.50171389386,147962.05680866,49137.37659458981,9166.394707411533,20154.5245666214,54760.88126923201,32578.37752266472,49659.22332551726,2573.039932864503,43552.2043441195,28826.51526398986,17671.41299418985,24798.83685864657,61935.94961661717
6597,34267.24660184428,27363.37935332774,64932.85023397974,45592.91396586529,79918.15123718297,43490.73216592787,15679.19688166618,20182.63618386551,29326.98299227526,112254.7730658162,90329.59474786856,55142.18161336124,56644.31121242946,40553.08015404452,177032.9888934154,105302.4977457507,49309.48770103713,46820.92229760618,149798.2742733376,48569.86737798853,8970.213025905932,19670.08559069842,55722.86939437455,31050.8507609218,47893.91405943231,2597.955201675681,41930.32261546172,27914.96532713087,17433.39170494109,24585.25618397016,62187.47368712013
6598,32577.3112898002,26492.67851471269,62431.72918961167,44232.9549591075,78769.95255864206,45825.41543923834,14496.31595270267,18009.79314833592,28137.08095486852,112268.157471503,85822.3235459018,52769.42244875259,55210.61748062633,37007.17251048241,171170.4250134624,98853.37414795603,46324.58771306544,44127.21151371687,152586.8432897056,47393.7240706404,8771.56829887371,19071.86002189768,51548.04082559321,28026.0970811417,44880.72636934017,2530.903521702667,39415.68719464886,28248.22930429604,17261.96727912408,24632.13732990303,61458.51238578748
6599,29789.82749483633,24493.42353119324,57076.95124911024,41070.24176489467,76502.075530018,43900.10612219129,12894.67599213341,16620.22816085046,26614.78947539438,105064.3249269176,77308.67354195469,50170.95548507028,52758.74075694598,31900.39850618449,162939.6791424349,92410.38371589892,44646.17247799448,40754.70843886433,155121.6629724508,44041.91439371099,8373.974802625524,17927.37505705666,47860.97800253819,25946.01822831985,42612.9456024114,2251.787244037003,37858.65115104234,28304.06388674558,18054.58219553346,24589.40352879418,61712.57833112813
6600,27096.38053157959,22204.50863257387,49280.87144912111,40160.92119931535,72378.83684355936,40195.04810860853,11980.39824090697,14658.44590191749,23169.74280628377,132260.5787412481,103029.6708454688,52593.91259617098,50367.46098788917,29048.83233949558,168185.5390686165,85166.7868282861,45179.65681025541,39197.97808321353,133053.144001911,42041.46557033375,8092.209178257777,16767.35741220745,44277.40850536639,23406.46622232481,40104.42863055274,2034.42203636482,33837.78009283742,26282.47268882593,18230.59292507743,23964.24401154714,62871.55920123764
6601,25294.50213582366,20814.2011861471,47375.83330255479,39150.00888671944,71505.68495554861,38669.52284545604,11437.89489524986,13754.30864832966,22728.61636793604,131460.0780009392,97521.16356563613,52153.7056892102,47654.96742639173,27508.32458729665,163020.9673540022,84619.94334878578,42723.57908250543,36346.17708557362,127618.593237787,40169.38454604647,7405.780862041026,16072.08651972314,42278.90148840772,22151.27385036266,38586.56197513671,1873.272975617094,32888.57538130161,24346.01456194437,18056.10885443424,24246.63359930058,61910.24117179956
6602,24578.77292240759,20410.86455960837,43682.30670612385,37645.70140898558,71335.02505988663,38331.90451730919,10770.73743960264,13417.03836223848,21691.70250245558,127035.1413786061,93406.07978667018,51292.91995951627,46485.74391231105,27280.99837525508,159557.2631915424,85133.44328714002,41543.06119257176,35939.72634076759,121806.8893725174,37799.82108916093,6879.621270650159,15598.76186459119,40952.00669367293,21752.63354592314,37838.86202494629,1791.945795003248,32041.49201590428,24215.36465378951,17781.86490550383,24147.70806652221,60554.71754276353
6603,24321.96767219618,20070.31659030812,41283.79237294809,37674.18178275917,71292.47440370054,38443.56375866731,10924.87580070132,13090.85261359577,21008.1907715473,124248.4427302058,90126.87136046043,50583.59068575853,45016.33428027762,27064.47152292062,156618.1141334355,84268.26040284063,40405.3831662537,34969.78020740621,115725.4851668286,36417.32464791649,6449.513829158836,15261.4732502078,39596.99278464158,21150.99906135511,37234.6642498186,1712.922749386447,32050.14140183427,24096.68439285924,17835.23299742469,24246.60813167334,60165.60325672305
6604,23592.53579002681,19673.76948136813,40061.12038366116,37394.38156869482,72221.90850999673,38437.73111455401,11068.59525631749,13399.5578327787,20995.42052577604,123095.4532930382,87384.29787293005,50580.29714535247,44614.47796026181,28164.51959073203,152509.081297489,83992.24418687355,40289.97397548373,34623.42743594299,112703.9216566545,35728.73811439902,6144.006251673561,15022.18767409568,38932.08071699661,21156.83567146874,36811.23383419491,1636.989697441724,31628.11990221047,23641.82804104229,17802.28820746389,24340.78174591346,60161.25554044764
6605,24285.94523332984,19867.91117498477,39975.0396233205,37394.51451916262,73421.12152605841,39030.94771833705,11527.84689277965,14635.71071893428,21891.04574652135,122995.4011837465,85534.56660212611,50581.40710087252,44484.36836516914,30518.46572918961,157294.3402596099,83693.12686796907,40854.22812623084,33523.68667812226,108981.2127957104,35153.59346098809,5973.351623240977,14775.84481195942,38914.81139273271,21753.42466879966,37693.37977692411,1623.643205288346,32061.48960572834,24800.28067999235,18270.02269789656,24482.08855892432,59889.89795125562
6606,25762.99126844356,20458.01376106871,42787.88247896715,37492.21052789266,75237.27777328357,40449.15060843327,13422.64645536073,18477.85379187608,23317.65302323643,124535.5998318107,87382.57965177405,52561.34231156448,45819.97101904592,32579.84470876155,166545.7855290726,85745.8857391943,40806.39382762978,34606.35158778004,106676.9680078442,36516.21397010891,6189.987093980021,15453.92475693667,41217.51106316347,25512.55159536796,40076.89733827703,1637.628607265397,33802.59133711868,26642.13283043102,18568.27455862593,24529.09244314979,60113.96352444918
6607,27524.33248731555,22259.06581822815,57217.42881522976,38576.52724219946,76703.51972229037,39836.84136581571,14414.33861786564,19612.82425810154,23911.98747496261,120342.7203648921,82042.73405635955,56212.13565436961,49245.87100250955,34015.68995351187,171261.4028150086,87837.84041287644,43928.49352880297,41506.66610426985,103985.1341149449,39418.10784142141,6507.873872598137,16267.69246290008,41610.42787806644,28804.03850162374,43929.88696650184,1808.647719946785,36631.9354331064,28061.62482072073,18827.35925109454,24265.52119647337,60012.83961291754
6608,29636.78396819315,23061.23895107699,54723.99876306392,40161.88868127846,76356.95039377373,38508.81886009913,14824.768474469,18888.79314721838,24958.22787169143,104464.2074089845,78184.62003598217,53501.67039752943,52906.35870977562,36331.46617414423,171609.9070766173,98514.20628794006,46023.7336745594,40579.49049797172,101423.263226304,40730.33724320733,6818.603394741031,16961.99840535353,44715.46591604826,32628.80079090393,47783.58703789292,2033.830554836911,37434.72838221292,27742.80231109745,18051.26389592439,23875.31937268987,60669.35741858666
6609,31216.39735663174,24354.19575992522,55440.66703326798,42927.4426644811,77185.23596997047,39535.61814166416,14868.76915207402,18962.89449553569,26875.91588670489,103658.9263080475,80982.57727713401,50556.32439863795,55721.91512065832,38332.56561868818,171609.9070518024,101064.6720094272,47099.50278593549,40960.58994234314,104105.0815891258,43086.00516115168,7616.681045751592,17705.3105055849,48884.24269851984,33805.92205844136,50087.01177492821,2274.307457687035,37980.54207105136,28550.98839745526,17426.71745242036,23462.66181030145,60830.8487097948
6610,32177.67544547975,25259.27885261668,56248.04407163731,41275.17812895581,77762.61913972288,40569.01483419254,14994.31259475734,19947.13781860065,28915.88080017222,106479.5906767017,85910.17531091001,49650.01875948023,57330.10453089426,39652.00403862838,169701.103482911,99775.51123633825,48148.41698741578,40958.17116082848,111037.9408855624,44679.41551710864,8354.947626666226,18580.86034387126,52149.27143394158,32597.79598304228,51007.03053457152,2416.211621978051,38151.02108396671,27703.12899758545,16928.87014490869,23257.7149751499,61604.233741968
6611,32645.74273501968,25538.09366905733,60329.62608774263,40160.92091819934,79502.05589512615,40297.67100281685,15445.95759435972,21083.08050475089,29433.97507260698,106970.122769951,85359.70145768508,49770.35539277979,58919.03944350327,37983.24756064572,166829.5456050414,100884.4552757104,48854.0816237547,43683.42644366126,117226.7673515078,46251.06883547032,8303.202085038181,19082.86205817024,56692.63315592836,31366.32191069238,49599.29803845048,2456.580814437095,38399.64163324159,28061.78989060889,16943.47015777223,23304.34136056911,61382.48850449721
6612,32190.40840716398,24796.33336993713,52818.44200484455,40161.33961016226,78084.01004587235,39593.1440587012,14625.12072564992,19620.74655403478,29088.37848266806,104177.1341733557,82046.97031102644,45652.13711799188,55699.49506607638,36562.45399125425,153371.2192496314,106048.2658319169,48018.78873059599,41830.23388133253,120241.5966394346,46276.04042055555,8072.15274179011,19096.1342972089,53688.09109135899,29989.82534096331,45727.32516426723,2414.379052678972,38035.63583668655,27550.41264112255,17474.81530015847,23493.59471760346,61431.23229912549
6613,31720.85275835723,23779.19109632743,41729.96495304377,37883.27051559804,77130.30880075047,39264.87709571671,14745.46719852344,18638.44309311794,29057.99233592127,107115.4625062482,79243.38315275701,44647.55058490099,53578.09641424607,35632.94747405501,155298.9968523197,103782.6397594763,48865.90388324859,39197.93750642824,121651.6315202978,44935.10480910593,8130.082780161619,18498.12593293723,52237.43484906456,29673.20757857469,45268.63610427026,2221.687928870205,37829.23702837061,27301.40296500845,17747.51299680277,23305.4334567455,60451.79121475577
6614,31027.01846163236,23498.82897137456,44867.68806600948,36915.48446911066,77458.06010996843,38938.68559817812,14061.90854415664,18783.0180296342,28680.7147543906,107370.918268949,75972.88171189827,45210.18518735934,54046.95934589842,32927.23465669692,163014.5360452479,100075.9206798593,48901.45500934375,38669.3732016018,124762.970377362,45198.18751489982,8303.598247788643,18390.83019034157,52974.36213162303,29804.55827824722,45243.26350324064,2198.862940273625,38239.92153557405,27091.69527643733,17848.53010449112,23305.33499726389,59964.39546777788
6615,30570.46604516256,23432.94289958766,48661.92868364283,36391.29555153468,77916.29708856321,39042.42142434543,14624.03498340129,19290.44414074923,28161.80335863997,108438.9514724936,75365.1532855777,46936.41338903605,54009.33017839027,32567.81477331291,171683.0081496088,99840.72968168707,50033.51476243617,38140.6608408003,123255.7545854912,46250.52206347593,8356.443112839766,17980.48224565476,53632.37698934876,30188.17199253069,46645.66332127477,2151.032095164456,39084.24081824674,26484.65026767034,17781.21453534755,23588.01886415579,60277.98005830424
6616,31721.9761781276,24281.66364849205,52909.11516027241,37395.5340891868,78285.60841443061,40063.76444184689,15594.22351121767,20681.68408098328,28235.50316049642,111144.7194541156,79282.97042568102,49649.11465583055,55181.65980040423,35555.97282912537,173516.0203290534,97146.93675770402,50510.66849122525,39548.96352677295,124763.3809430078,46520.72803543502,8406.72920349927,18528.82906315009,54301.56602690347,32179.93752060763,49399.42272557219,2199.405585029655,39864.90623738057,29045.05783682122,17758.49204841575,24100.6272172911,59112.91857455634
6617,33065.0290492068,25336.26043671997,60095.1712090915,40659.74424468719,80451.82829836523,41729.4303954348,16524.22268000133,23542.59306837913,29421.11982306601,115252.6426874107,83150.56284267223,51726.52225134614,58114.98380017605,40540.81420230305,182087.4176951996,99450.15332972331,52377.76977084545,43441.27682673116,125453.6162575324,49134.94698476201,8782.854359319579,19201.45571855375,55637.23690277118,34006.47525384209,51461.97176471342,2275.932296801193,40878.40577992358,29712.69916068327,18049.6726679832,24764.72730333386,59064.26637811445
6618,34056.38070114188,26657.80029933659,71830.38960003102,45812.63389245174,81818.52793833286,42968.68747103534,17400.14106105311,22877.9369435019,30395.62121712079,117732.6434618132,85908.91825451514,53209.03921865084,60266.92045487438,42925.69849236313,192614.6255939366,109617.8357867039,51894.39335904484,45607.66751975131,130039.3748599989,49931.5205048932,8937.469409616915,19578.55302331739,54383.46622123713,35418.25602237647,50348.26209403648,2351.601643632287,41604.25020440364,30176.11877829074,17497.45522365677,24672.95131985872,59603.9369823253
6619,34495.53013491007,27268.0120129933,71363.82821971296,49732.61540779905,81445.29140665029,43551.64415136556,17004.85593774893,22849.17368196058,30321.01107478711,117279.3478618792,84846.22167686606,57803.88575896347,59311.76411971036,43635.42012533863,182288.2456266791,107394.8403440727,53829.17756452734,49768.25160260385,133054.9259348635,50724.43571672962,9366.477385221302,19913.79077486369,52314.56518567293,34433.81931929497,49847.59398247801,2376.003207849964,43503.90511532414,30135.50655556258,18144.93105063587,24943.5491586049,61018.17226729761
6620,34495.53013758984,26707.14022658742,67792.63030646509,47454.36200113272,81555.67611513358,42767.39341143539,16542.28122667195,21898.0498486265,29731.03952989384,116827.0586536566,84727.50534005914,59193.55836567602,57726.69151320681,44076.96162293629,176208.0705643282,104637.1875719033,52695.94382342266,50471.42901946641,132300.3815735944,50723.30253959434,9357.777413418335,19960.80998243319,52965.18660358337,33002.25145993915,48252.48063762742,2581.517281619049,42620.29590527846,29491.18446240175,17761.50565197897,24581.86272861934,63268.82004207163
6621,34031.08639417028,26699.11436354178,67837.41155891275,46951.51871988981,80147.64564882976,42149.88627760224,15571.94289113433,20433.3550251485,29056.77624103275,117662.7831038584,82792.7671084954,56942.16584897735,57183.42158547613,42789.39121898009,174473.1524118071,101098.0811888205,51485.29825442125,49086.19272103252,133806.7813700637,50116.20998641972,9149.137802303783,19452.47938581323,53896.42323791041,31393.75249833785,46642.31531034527,2606.868593630183,41032.25518566585,28347.46862850532,17557.67346639916,24388.12995924308,63517.06757162498
6622,32378.50628983331,25922.83627705199,65247.55096819616,45602.93334028331,78960.21146128626,44209.88821904718,14406.4604018849,18150.3210547331,27731.05358059552,117678.3821753826,78733.32664559384,54475.41687374056,55699.12340696096,38749.24781781983,169619.1995505129,95923.39146059619,48263.29839965812,46109.57559822085,136094.4732581459,48858.03157720649,8937.878737339699,18824.75045520351,49855.0497493261,28208.6605740075,43893.94116628408,2538.643439298153,38570.08832561022,28765.61279388641,17410.87224754042,24430.65447250659,62797.60226624112
6623,29652.63848419089,24140.38958103158,59702.78599515701,42466.67059088444,76614.83799303354,42511.09636306443,12828.37821083866,16690.28734836094,26035.00109334418,109282.5593244333,71065.57075419652,51774.01935499693,53160.70388668773,32930.68135511431,162804.4930007257,90753.62290177759,46451.56143512907,42382.87618439338,138173.9937548338,45272.43572255425,8515.037257940303,17623.82164081196,46285.84979336515,26018.31945618967,41825.46397028305,2254.642335552716,37045.54026796727,28835.66808481934,18089.63687084281,24391.89189416311,63048.3585582665
6624,27062.40008465209,22184.99203707528,52976.43902336057,41819.37694483581,72801.08014163622,39406.82035517192,11736.58040042727,15110.17152904818,23753.85393917989,137065.2144101897,105491.6807885757,52706.60994328498,52174.41153432298,30870.79011613778,165291.6356241867,84552.43334286808,44786.22778688307,40353.02716095502,147830.1973434951,43002.2956501602,8076.047379486978,17228.16509419648,41754.78749494735,24084.06842127773,40332.64988767903,2047.341281993057,33457.72947924898,26867.79672961524,18191.68594828658,23851.23231666346,63968.03412467708
6625,25277.69001946039,20794.50230532749,51082.77658446009,40742.43639652503,71880.31174246958,37552.82781763481,11235.6256151141,14207.01653777505,23263.99354263345,136270.7474632875,99113.81332708897,52313.05158515239,49261.4013367345,29298.99178130483,161163.5759915774,84113.86168525566,42578.03031736409,37378.63820715669,141411.2586130297,41016.50971821093,7423.326918229682,16492.12831342782,39371.52643558057,22792.83029854366,38707.02969655856,1887.961021850071,32425.33813312702,24897.48640616639,18018.32479633822,24222.1727109586,63287.13297273593
6626,24568.78028718101,20391.11279671104,47411.30544077287,39139.87433479841,71700.3450710481,37142.51546421862,10619.56357118511,13870.11266495859,22112.52540748533,131879.1639061943,94349.28137643724,51543.48297292571,48005.74489274389,29067.04815035543,158395.0255439399,84525.69162853969,41516.65649037955,36954.71570814135,134546.8511118541,38503.02567745686,6923.005001033059,15991.05116610626,37789.17687796914,22382.74211616731,37906.25043733158,1807.526502760797,31504.01786864476,24764.55254138427,17745.84578592663,24092.22643203735,62327.01616203419
6627,24314.42188212668,20050.52017764929,45027.11354934743,39170.21491821563,71655.47395513127,37278.21652746885,10761.89697836287,13544.2812872559,21353.50192024882,129113.4700652653,90552.54377430542,50909.32103693321,46427.71156455225,28846.12323422941,156045.7537647022,83831.80991296779,40493.79890307325,35943.07532115882,127363.891068642,37036.56031170787,6514.018482021546,15633.98627441553,36173.29469347263,21763.83030648891,37259.16058976622,1729.370828075152,31513.42527157361,24643.79757123829,17798.87041939938,24222.13925727581,62051.406678504
6628,23591.94004037441,19653.9210768156,43811.74259975173,38872.13941532846,72635.59387004664,37271.12803216738,10894.60943001848,13852.65112649298,21339.32086666941,127969.1713134569,87377.1335736333,50906.37651167895,45996.14867541301,29968.51532784535,152761.3899265279,83610.44329911486,40390.03741371241,35581.8341762086,123795.0163108507,36306.15097928637,6223.513206841691,15380.6706430123,35380.37326498921,21769.83452835524,36805.67079821157,1654.27123074429,31054.41854858324,24180.98964720925,17766.13765063001,24345.84352653143,62048.32719291272
6629,24278.74266572173,19848.08822464455,43726.17586038588,38872.28104952147,73900.20483203471,37992.07260327473,11318.68848278441,15087.46104575895,22333.89132913049,127869.8733493234,85235.47517413445,50907.36884565905,45856.42094197657,32370.27449811414,156586.2635936349,83370.54946607076,40897.3440733379,34434.81979308337,119397.994160003,35696.07366598515,6061.23877096158,15119.88393502252,35359.77923770249,22383.5559579662,37750.44038709393,1641.071232050338,31525.76801213516,25359.69377825366,18230.86196482373,24531.46086940815,61856.12472774435
6630,25741.71537899023,20438.26817997482,46522.22216101707,38976.35812119084,75815.40343992398,39715.63473525701,13068.37153208349,18925.42998215987,23918.1047100045,129398.4627133736,87375.1441804554,52677.4911186347,47290.75583069104,34473.52392540575,163980.9750761176,85016.87404445693,40854.33746327265,35564.02430301109,116676.3697322859,37141.45589169732,6267.236106801133,15837.72180972698,38105.79634416521,26250.63490475209,40303.16414566641,1654.903127780689,33419.45684275302,27233.74427069572,18527.19438047739,24593.20407845034,62014.83027806786
6631,27486.27450626643,22239.55637580504,60865.60418546951,40131.4975158723,77361.60550478325,38971.4866087737,13984.11322905434,20059.16740692749,24578.09895404553,125237.1871753562,81192.55682198108,55941.41135967727,50969.90984948943,35938.53386226248,167750.1839159954,86694.6338848504,43661.33847216686,42760.95680025284,113496.9502032286,40219.60259096001,6569.512688150229,16699.2032395774,38574.3577935784,29636.64446693067,44429.6779691771,1824.045104420891,36496.75968838768,28678.05111301551,18784.61169412086,24246.98301929293,61943.20425448129
6632,29578.59851050071,23041.83468279173,58387.06335292884,41820.40761835995,76996.13634620936,37357.52197983539,14363.10960271133,19335.92288953116,25739.92397986841,109478.3588892493,76725.54995001787,53518.17301563944,54900.99310467943,38301.34781255906,168028.744550572,95257.14153947326,45545.11598279655,41793.92548078609,110471.0345418815,41611.5330959705,6864.983478366482,17434.21849230278,42277.18004087597,33571.2436476076,48556.95267029946,2046.756292671057,37369.9080022475,28353.65510706095,18013.51101829354,23734.42297938335,62408.21553738764
6633,31143.16131346123,24334.96101317099,59099.45212418955,44766.59512240278,77869.5916917449,38605.40574259659,14403.74041205052,19409.94373352059,27869.47081683763,108679.1476138009,79965.08464434544,50884.94414728917,57924.68490369675,40343.09331515682,168028.7445307373,97302.62991244986,46512.312827867,42191.40692446856,113638.6243766899,44110.27762204094,7623.870604931752,18221.11328579226,47248.53279898452,34782.16867366502,51023.89780536114,2284.593678485129,37963.5558445975,29175.96950008265,17392.98393813093,23192.36560354667,62522.59975035859
6634,32095.28032696183,25240.16277268141,59902.00800704509,43006.41211476515,78478.46190575766,39861.30743268331,14519.66889227162,20393.11776636341,30134.80323534997,111478.5511575581,85670.36296501996,50074.67935209121,59651.75707749576,41689.33198770895,166503.0313845678,96268.71545908756,47455.36510153142,42188.88416883985,121827.2679246607,45800.46721727296,8325.883753050926,19147.99932595438,51142.14727059437,33539.34846500985,52009.22880696734,2424.940277560141,38148.97533892816,28313.28824444046,16898.34060245874,22923.15220780687,63070.38804015971
6635,32558.88786274033,25519.01414495614,63959.21734383531,41819.37664535858,80312.7571970079,39531.53941728016,14936.72387566446,21527.82635482794,30710.13457729801,111965.3858534648,85033.0125725215,50182.26396077347,61358.15139652204,39986.67995652585,164207.7854642157,97158.09504168971,48089.8103581644,45031.28769427747,129137.1081713714,47467.57831396937,8276.679235985519,19679.43495734219,56560.20033658095,32272.50976769442,50501.56121230406,2464.866370619764,38419.38455668704,28678.21906857325,16912.84665472559,22984.39954319749,62913.32598264311
6636,32107.89196875246,24777.15659251647,56492.88539920264,41819.82268439329,78817.37956054985,38675.31780729839,14178.75222326186,20067.08109601181,30326.3578006743,109193.4494749752,81197.46164817546,46500.45161973747,57900.60748336487,38537.02742259799,153450.4997065138,101299.5012029203,47338.81960891389,43098.43351152995,132698.0289028078,47494.06660251956,8056.975837487508,19693.48538890949,52977.2216214926,30856.48391671803,46354.71651993021,2423.127822865943,38023.47793113562,28157.90217669063,17440.77224487651,23232.9983511015,62947.85119167485
6637,31642.8102548217,23759.88095983841,45470.62186319273,39392.96038464572,77811.66912137906,38276.37030089287,14289.88175262638,19085.84481783455,30292.61470889623,112109.6300880361,77951.40851548144,45602.3207173964,55622.3879168194,37588.64089623053,154991.3788620472,99482.45588855013,48100.43945316547,40352.98483992978,134363.4706110405,46071.68635384407,8112.061154443709,19060.41393996894,51247.2839713117,30530.77374331101,45863.46506861434,2232.551710927178,37798.99069359285,27904.53943743205,17711.71495414303,22985.83409533344,62254.11348762325
6638,30955.58682406372,23479.4820761815,48589.60843750517,38361.96291576025,78157.29403779643,37879.94513714642,13658.67462424914,19230.26268692412,29873.65694615375,112363.1603468379,74164.7520470827,46105.33315738945,56125.9107714213,34827.97001042101,161158.435424746,96509.64558360467,48132.40257297835,39801.69958862753,138038.3821833187,46350.74795925908,8277.055944706744,18946.82711528811,52126.08503690881,30665.89648198716,45836.29126359808,2209.977253444123,38245.66687004925,27691.16574348925,17812.08195091694,22985.70476124849,61908.89128705504
6639,30503.38444743253,23413.58736597163,52361.19220065109,37803.5363407954,78640.52053597292,38006.01676128457,14177.74963446786,19737.1375260454,29297.41820823781,113423.1432246588,73461.11108615648,47648.63365102468,56085.49992944399,34461.24963955473,168087.1744853646,96321.0210323562,49150.20891268775,39250.25991699335,136258.1566887891,47466.99833259016,8327.305801649358,18512.41919821983,52910.78139954095,31060.52655093197,47338.24761271819,2162.671408154138,39163.98081244928,27073.50867620328,17745.19960132611,23357.03171377522,62131.00311933304
6640,31643.92297062777,24262.41939194252,56583.01711071713,38873.36721326408,79029.97190518174,39247.26944876898,15073.63458993641,21126.86601151022,29379.26008173329,116108.5164156389,77997.2435061684,50073.87105594159,57344.4920953006,37510.10275284758,169552.3073177027,94160.58340765403,49579.20578220009,40719.10011875642,138038.867116819,47753.61585121454,8375.122535770988,19092.91728990876,53708.80320333045,33109.4902308021,50287.49672701993,2210.513942035293,40013.06237845458,29678.67601532805,17722.62334840453,24030.3821235539,61305.79056524208
6641,32974.17920919822,25317.15444995712,63726.16248447773,42350.78086315715,81314.32453862518,41271.57695948177,15932.40815818993,23984.66688332636,30695.85912905818,120185.4760796687,82475.22466831205,51931.13660433581,60494.65725899198,42596.19554178865,176403.4542118619,96007.77652176713,51257.86939875021,44778.72899668266,138854.1282829827,50526.6150671994,8732.777631572706,19804.98213176268,55301.61841967639,34988.48121771968,52496.46636953785,2286.200683077668,41115.38324170328,30357.98871231098,18011.93003094106,24902.72855009157,61271.33023516688
6642,33956.08524432257,26638.86758167236,75391.30542099666,47840.23403679389,82755.55584890925,42777.66369940604,16741.24280970744,23320.73284645193,31778.01970214644,122646.783789134,85668.90751825909,53256.55184505629,62805.67230016325,45029.52127516115,184817.887077203,104162.3171104347,50823.27787206379,47038.24449312277,144270.5287877412,51371.5702104428,8879.800131319826,20204.18982078736,53806.47088338042,36440.80453484177,51303.69431591998,2361.03946976889,41904.83939732188,30829.5096008784,17463.26646571408,24782.17375284168,61653.57869491
6643,34391.05045419209,27249.1593011137,74927.53005621347,52016.25107596261,82361.96521650413,43486.13923969716,16376.23128366335,23292.0008335598,31695.16691724682,122196.9049155869,84438.49470772588,57364.48434607477,61779.90760006641,45753.65867681556,176563.9766564809,102379.4618096268,52562.79349827563,51377.67608306433,147832.3020470743,52212.64485009029,9287.74117498613,20559.08360119368,51339.26349711509,35428.09745596554,50767.48371514327,2385.173198100064,43970.97672978322,30788.18741549844,18106.57536382749,25137.62477990847,62655.28094657412
6644,34391.05045684627,26688.21397795602,71377.65712459435,49589.19242567716,82478.36965050721,42533.02816739419,15949.08365971978,22341.91030915573,31040.01757726389,121748.0248480497,84301.0423956558,58606.89390574222,60077.66110178753,46204.16870488456,171704.0721724238,100167.8082144983,51543.93165558737,52111.08039248395,146941.083207722,52211.44284698018,9279.468425342793,20608.85969069751,52115.14302945502,33955.4188159644,49059.1330828513,2588.43151303147,43009.92955974882,30132.60160439426,17725.61755746504,24662.52189804443,64249.41380950744
6645,33931.03194197396,26680.18706262727,71422.1709711439,49053.50568779826,80993.55357642172,41782.56296982889,15053.06036981433,20878.80674244975,30291.26426450536,122577.4500052923,82060.96112014179,56594.0805482657,59494.23083600324,44890.44534709575,170317.3462274559,97329.42426903502,50455.47079307125,50666.298113541,148720.3449014307,51567.47720882396,9081.074303209536,20070.72409499404,53225.66202629325,32300.72808807945,47334.66192609178,2613.504564556273,41282.71573928164,28968.89189989008,17523.09716482401,24408.03903827598,64425.24742924952
6646,32294.19765132895,25903.80719713852,68847.77542349123,47616.83678975335,79741.36379020817,44286.11261204099,13976.83837991861,18598.25307933658,28819.08084565415,122592.9314984428,77360.85419008974,54388.73196952079,57900.20834995914,40768.2391060915,166437.5652944897,93179.29294844133,47558.6520785445,47561.72766942339,151422.4181179918,50232.88060083304,8880.189358532216,19406.18947075512,48406.24033801848,29024.16888570101,44391.18037229565,2546.028261590056,38604.76889795493,29394.34585332365,17377.24070746972,24463.89824980952,63915.65045903153
6647,29594.30196437779,24121.12680182448,63336.1203519637,44275.72749382357,77268.08760142146,42221.54672126553,12519.61635253267,17139.80556585961,26935.65498008938,114260.3923623108,68482.96253668095,51973.6004590216,55174.14033148553,34831.48671770493,160990.5473091162,89033.10843439208,45929.76511975427,43674.83178160073,153878.6127946716,46429.50579309204,8478.111998155444,18134.84647620145,44149.89537852944,26770.92705895454,42175.86173235234,2265.144404210935,36946.61212489073,29465.62581596329,18051.63703811312,24412.98062848708,64093.26103416702
6648,26960.09886370744,21759.80215412853,57058.80167364566,43860.99018323794,72555.63008645125,40144.512056001,11214.18973787682,15405.84479891718,24624.65279743095,140050.6038300947,116652.2793851633,52086.27939266389,53837.66220343437,33065.79781568258,158590.3590846692,82330.05220194558,43598.25994037747,40830.51882843596,163205.0063749855,44271.28422704197,8187.210943896999,18156.99925506856,42710.4721990277,23881.50480884806,40943.28320723952,2052.512892299324,33813.18700090374,26911.70315026742,18261.97304755306,23866.77581595458,64756.12901919724
6649,25234.21626622443,20313.24741552255,55234.93823329717,42792.70486686558,71563.42193871342,38232.16929992738,10757.12488556267,14482.98089459576,24154.75415618099,139306.5935572735,109492.8576646261,51716.80660775038,50963.90818499016,31670.25633404887,154890.7471547087,81994.87850580749,41584.25357321488,38096.71828232217,155545.4613674233,42335.71056756357,7553.624020153576,17376.61239772104,39917.69462234661,22597.72133846969,39262.19607601374,1895.292350565315,32759.99451977003,25212.31638050355,18088.10487379152,24286.77445924122,63762.52645708124
6650,24548.67355876177,19893.5931082163,51698.79480366162,41203.02238921782,71369.4921754122,37808.94329394493,10195.03761665127,14138.72500667767,23050.20821622906,135193.9199046174,104144.4722142115,50994.33520683661,49725.17316281601,31464.32218129055,152409.5421391932,82309.6151329354,40616.21802612572,37707.08546115454,147354.3505914379,39885.78209112032,7067.968301950111,16845.34272410691,38063.44942935758,22190.00070146008,38434.09384463637,1815.947777692967,31820.11103574646,25097.66131912777,17814.82895588151,24139.64230085017,62361.47944706496
6651,24302.69929472373,19539.26768186546,49402.48246402909,41233.11912928916,71321.13963980065,37948.91524099651,10324.90082913743,13805.78324110842,22322.11484953989,132603.8755520445,99882.47620692114,50398.98366179763,48168.40565754483,31268.17113700725,150304.0992254016,81779.32345709621,39683.31156192975,36777.27329288659,138783.1197308942,38456.39753923417,6670.970619459997,16466.76279987448,36169.90968737922,21574.66203007333,37764.92498131219,1738.851169225642,31829.70798371474,24993.51051800418,17868.00866819117,24286.73658118423,61959.29729742636
6652,23604.03184055447,19126.6775738344,48231.90918977826,40937.43922067754,72377.3042151913,37941.60365135047,10445.98600267919,14120.88241739947,22308.51167227668,131532.2513267172,96317.9460721093,50396.2193400053,47742.65857711851,32264.70147463816,147360.6166404952,81610.14639132189,39588.67496211301,36445.25173999503,134524.4785471242,37744.45722294613,6388.981077906651,16198.18357303024,35240.74031382886,21580.63158801062,37295.96190070514,1664.769226042898,31361.45296466681,24594.34006567656,17835.18016731811,24426.8012008783,61954.80356913
6653,24268.19613374195,19328.67360542002,48149.49637721303,40937.57971657485,73740.03267257391,38685.23832094805,10832.91040245475,15382.6387208023,23262.55350181131,131439.2597860701,93913.84536667225,50397.15094364588,47604.81383638137,34397.13441894494,150788.510011424,81426.81009654194,40051.36856478811,35391.01552687844,129277.6316028125,37149.8062291645,6231.463477748334,15921.68309804909,35216.60760818432,22190.80984473931,38272.96748080246,1651.748096928856,31842.29941196028,25610.96885857491,18301.26364048009,24636.9671288216,61674.33281167589
6654,25682.94645967315,19942.64981216278,50842.48247678608,41040.82033427641,75803.82598368624,40463.04566968622,12429.29923428229,19304.36094072648,24782.21036807527,132870.7682889894,96315.71289545351,52058.94262541035,49019.81940472798,36264.53162694603,157415.730849781,82684.99603811587,40012.14399918788,36428.88244807323,126029.9911947743,38558.64074599506,6431.422305548072,16682.77446978816,38434.47372065696,26035.56314246569,40912.79139757652,1665.392560415005,33774.1432282665,27227.33181156949,18598.46272664793,24706.87610726853,61905.92331636795
6655,27370.0015711838,21816.5665450811,64657.17803601132,42186.67602300229,77469.99338060254,39695.47716532936,13264.81045356775,20462.83911601891,25415.30992193602,128973.7757704241,89375.50121958052,55123.1125922622,52649.39257091514,37565.25964820744,160793.7367972653,83967.20604228733,42572.29452131325,43043.67906577138,122236.076343219,41558.953909285,6724.83809479381,17596.16467428605,38983.54823520731,29402.02439382939,45180.10385064568,1832.242540290029,36913.44910424871,28473.04214973662,18856.632897501,24314.86602327734,61801.40329852559
6656,29393.35856212232,22651.1929793185,62269.99438753254,43862.01257337223,77076.16853038823,38030.71665296533,13610.60198332599,19723.8117446897,26529.79071044888,114215.7922215693,84361.10005523473,52848.17521390501,56527.49993586467,39663.1145752342,161043.3858669532,90511.01088921855,44290.41074646794,42154.86768624699,118625.3334820707,42915.68827726298,7011.647594634749,18375.46845116782,43322.62762478813,33313.90811363614,49448.20314283537,2051.935830007977,37804.1900451972,28193.25156338958,18083.27701709974,23734.51800867515,62479.96934411299
6657,30906.35037348904,23996.45859194193,62956.12503496266,46784.52194938696,78017.39274193795,39317.87473252726,13647.67302329699,19799.44789324153,28572.55875666089,113467.3389329751,87997.61260352086,50376.09862551722,59510.44399323736,41475.90472818798,161043.3858491771,92074.25348932276,45172.55132998005,42520.1981809093,122405.1322812177,45351.2499400854,7748.28906449581,19209.77778325458,49148.20953242305,34517.84215566117,51999.3216283494,2286.550346314711,38409.79899993403,28902.49527157934,17460.93510840268,23120.77152558451,62646.8840963491
6658,31827.08571766771,24938.15838642257,63729.09930086547,45038.48530499016,78673.50342927792,40613.30308552832,13753.44471216937,20804.07703812145,30745.57913745293,116088.9520818282,94402.025015256,49615.42162752477,61214.24187341874,42671.18014621775,159676.0251374575,91284.09543234613,46032.6706399352,42517.87948257412,132176.4179158478,46998.70166558145,8429.723732695857,20192.5135688848,53710.86503582081,33282.19707019437,53018.27259601449,2424.995146927427,38598.95441858243,28158.43526493258,16964.84511090274,22815.95365537077,63446.24219214879
6659,32275.41185963752,25228.25313845199,67636.76289877093,43860.98988616756,80650.11637014632,40273.15636828278,14133.96043929666,21963.54757012974,31297.4657928262,116544.8678582275,93686.57266833898,49716.42211236333,62897.64055681903,41159.45851778351,157619.0007858591,91963.79426102404,46611.32214375803,45130.37046166883,140899.0514723941,48623.65845184601,8381.961573468147,20755.97098446142,60059.90390946256,32022.67216102775,51459.1626603734,2464.380212396171,38874.81197593479,28473.18701090357,16979.39358838909,22885.30117902848,63217.04994843648
6660,31839.28165554957,24456.48364361123,60445.63443385398,43861.43234044425,79038.71672156877,39389.98712121692,13442.39662651234,20470.92549994693,30929.32787608477,113948.9774322693,89381.00709115955,46259.93483147826,59486.6910439721,39872.36576534917,147978.2043184806,95128.81960220898,45926.37427494263,43353.85841081352,145148.2013328449,48649.47696167514,8168.698456019391,20770.86802822562,55861.26080492434,30614.82139430564,47170.82563945052,2423.207252312158,38470.92842651522,28024.41524554927,17508.86317952837,23166.77810537063,63267.43073580004
6661,31389.52992716755,23398.19112025025,49829.64338906832,41454.07441920652,77954.97612739407,38978.48364508012,13543.78981291537,19468.27639598312,30896.95981144865,116679.951127248,85737.17732446047,45416.76908782768,57239.17311915397,39030.32852123352,149359.1569727027,93740.16216505629,46621.01650547381,40830.47993061737,147135.5276273203,47263.06279748766,8222.169028163675,20099.65070400544,53834.06740976797,30290.99163014983,46662.81245315152,2235.213585256447,38241.91810830733,27805.89063959101,17780.59830314023,22886.92545602849,62255.09648108913
6662,30724.95869912312,23106.4864606668,52833.66642240747,40431.36294367056,78327.41707827903,38569.58189662816,12967.88435923047,19615.84579415904,30495.07452976084,116917.3796543316,81486.49780943866,45888.99741994132,57735.91042134005,36579.23116802555,154886.1401228176,91468.22370179482,46650.16875644144,40323.78630564611,151520.699657874,47535.06809479726,8382.327239528891,19979.21967737093,54863.87314620502,30425.33427023344,46634.71146488326,2212.945028085985,38697.5941388286,27621.85646579278,17881.25883889975,22886.779017029,61751.33222396309
6663,30287.66178037434,23037.93485390067,56466.2323943067,39877.4243708842,78848.13571841423,38699.62133976814,13441.48187709284,20133.78180464861,29942.31745470178,117910.0429151363,80696.63153994725,47337.84870097453,57696.0441621635,36253.63374349438,161095.751409863,91324.06940699038,47578.46818482536,39816.95075088883,149396.4049930502,48623.09313578531,8431.104096037241,19518.63640481521,55783.40413818321,30817.68603750695,48187.91528454576,2166.280211395361,39634.41072789541,27089.12908985353,17814.18088141305,23307.21534231334,62075.44811802282
6664,31390.60596572591,23920.99206850182,60532.4439570669,40938.65715095993,79267.8034894046,39979.93964596857,14258.8760549042,21553.83735262807,30020.82428118548,120424.8677901531,85788.62900950512,49614.66279869228,58938.06995349621,38960.59741479804,162408.8193855957,89672.97807133642,47969.73863894777,41166.98136494349,151521.2783158312,48902.46328866468,8477.519153131101,20134.1125512603,56718.55028617512,32854.82051898674,51237.79419224708,2213.474444156523,40500.60001216742,29336.07813967639,17791.53860070747,24069.61885218422,60871.25966027455
6665,32677.01440658121,25018.25439364473,67412.29826935964,44388.12327697823,81729.39241584922,42067.95765348418,15042.41026927391,24474.00199305113,31283.7720674742,124242.899344196,90815.3492714113,51358.26463132787,62045.78300078158,43476.35068231874,168548.8917293478,91084.67564182848,49500.77889178925,44898.24039524674,152494.1072922958,51605.3448802096,8824.690117365415,20889.08303463988,58585.05945541793,34722.96360392529,53522.13493776014,2288.135574826584,41625.13098516657,29921.98331209855,18081.69140590239,25057.33634334051,60820.97354729544
6666,33626.55493500463,26393.25943690906,78647.47265487966,49833.45842524447,83282.4446819053,43621.44506446309,15780.38084342729,23795.57939294114,32321.83472061657,126547.8891585073,94400.39121568018,52602.56512714085,64325.65444330134,45636.81040796735,176089.9979591506,97316.69602429305,49104.40578026135,46974.99121501839,158957.3507017205,52428.93461986365,8967.402869400818,21312.345080786,56833.00023522208,36166.90228211316,52288.66492995922,2361.960241543488,42430.49349658773,30328.66867031977,17531.42318823426,24920.8377250575,61378.76824022979
6667,34047.18285707759,27028.15832075785,78200.79170742753,53975.91335542824,82858.31649429687,44352.21826872365,15447.34891293075,23766.22038163872,32242.35817725328,126126.5821365481,93019.2016167817,56459.09422892264,63313.71310807294,46279.74516620947,168692.7536896857,95954.16793913506,50690.94665594333,50963.42064865265,163207.5178605236,53248.74197772873,9363.385723113324,21688.62307289159,53941.85180718762,35160.04182368463,51734.15856647019,2385.766940308344,44538.2603930384,30293.02840883572,18176.61354387319,25323.29847459804,62840.49865571433
6668,34047.18285964432,26444.59549624661,74781.7644695942,51568.36066169654,82983.75241059806,43369.11018282303,15057.62478736509,22795.39670321965,31613.90609816264,125706.2104863305,92864.90567467966,57625.46894953981,61634.40634874163,46679.7363216455,164337.254446008,94263.93534614923,49761.68454657225,51637.50232820339,162144.0506585067,53247.57036828127,9355.355476922903,21741.39843286529,54851.05097007757,33695.86533917252,49967.51819176612,2586.270957285026,43557.84956598412,29727.5876046251,17794.54156680087,24785.36146673017,65166.73131437304
6669,33602.32743756611,26436.24493303132,74824.63756864452,51036.97916886574,81383.73376537421,42595.02579187075,14240.1043949515,21300.36486146069,30895.66439751269,126482.9587701089,90350.32119381233,55735.83875536327,61058.83848009234,45513.33004638994,163094.4555753082,92094.73078961429,48768.94402504976,50309.58367178621,164267.1952460241,52619.88794452632,9162.77698583491,21170.83734498148,56152.3908046959,32050.7275697353,48184.20725257301,2611.00425073126,41795.83498124403,28723.89145983779,17591.42887158494,24497.22230074495,65423.31589288893
6670,32019.44634540151,25628.56117403697,72345.13233903989,49611.85659299316,80034.39020675553,45177.36899219194,13258.17297261475,18970.04428759294,29483.47228509481,126497.4570321043,85074.25551087658,53665.45639844923,59486.29728935025,41853.37591761655,159617.3537156718,88923.03733875476,46126.87445649638,47456.13158215985,167491.5057255352,51319.03773761563,8967.78068699161,20466.26102412575,50504.84633167827,28793.08479287645,45140.29269730617,2544.442300731686,39063.93153323905,29090.84422408213,17445.14583420021,24560.46910109333,64679.68834311661
6671,29408.54440003259,23774.00251431919,67036.6328017058,46297.59936046952,77369.219694452,43047.82556322748,11928.62190281164,17479.77010482181,27676.79580876964,118694.1182775574,75108.45256501652,51398.12971950273,56796.96618809769,36582.35352207364,154735.6769680277,85754.36019256183,44641.23345215878,43883.63374617661,170422.4160307032,47611.83447036272,8577.489631342338,19118.31294591358,45517.13224355427,26552.85151520852,42849.38632353237,2267.364623848339,37372.36539168605,29152.32297898559,18121.51454242954,24502.81743467011,64938.86593741261
6672,26711.94397027711,21574.82016971882,60067.67753912808,45118.63424508465,73020.2014635332,41680.72254187436,10925.80123640118,15796.65949253141,24786.93997938479,142158.0545588638,127661.7890757656,52210.82194363392,53943.26267192837,32383.85591926908,154478.6783227868,78935.18640998473,42716.49147668527,40066.32579853926,172547.3948093406,44091.89140954784,8174.451875246436,19070.86413840006,44366.59666268955,23617.38922248387,41526.88551994928,2031.937578729518,34441.9308373189,27180.66864836082,18238.14061865458,23764.36017741668,65293.52897175952
6673,24969.61918657871,20138.92476302656,58279.08405807331,44059.35886768521,72142.11189931112,39922.46776973397,10456.86038367648,14892.3204008748,24348.46586519014,141435.1144070487,119882.7457546954,51839.60328409133,51024.54087651023,30986.74108219766,150811.7937730164,78553.8581234472,40837.44517466584,37605.02067621449,164293.4320686558,42325.01726567724,7568.280107243814,18182.72218160766,41490.06513600293,22261.1975126607,39796.14676206302,1875.297212568477,33377.67529405072,25708.99807497767,18057.28345370718,24232.92511739282,64091.20894616567
6674,24277.54543182977,19722.3627925889,54811.32274085974,42483.08380272996,71970.48692149266,39533.34341305201,9880.168297521901,14554.97482313631,23317.78656524694,137438.9102907506,114071.4772276283,51113.71797952737,49766.42244161205,30780.57475603336,148352.5379082255,78911.93508508283,39934.27840983385,37254.22505583578,155466.6514853373,40088.61811953147,7103.638596644711,17578.09528013491,39580.21209207452,21830.48052603889,38943.58617747752,1796.24543720541,32427.91898092021,25609.70668180081,17773.02264454159,24068.77941819347,62395.85615505202
6675,24029.2278133484,19370.64830948419,52559.41660015219,42512.92670631475,71927.69564123452,39662.03704973798,10013.40576982475,14228.71625733964,22638.38452832931,134922.2151242228,109440.6211516642,50515.55321197156,48185.29503165584,30584.20256797454,146265.7200913392,78308.62039051452,39063.88670191332,36417.09322637182,146230.2516606885,38783.81497034193,6723.818909606104,17147.24138819092,37629.88607602711,21180.43538671146,38254.65312587455,1719.433330804405,32437.6167382216,25519.51198808244,17828.34002548005,24232.88285932895,61909.19109310102
6676,23323.90427469178,18961.09848384859,51411.47992841229,42219.74056775805,72862.38569983371,39655.31459512248,10137.63712177733,14537.49039135273,22625.69106514995,133880.9389369882,105567.5940525032,50512.775827893,47752.88596845826,31581.85640959741,143348.2760411397,78116.14705099986,38975.59177106274,36118.16638987822,141641.1193268386,38133.92550182778,6454.030988555405,16841.57698874934,36672.85139522541,21186.74164097681,37771.83902031869,1645.624764963823,31964.44302248408,25173.82999331428,17794.19191505293,24389.14376914084,61903.75340631734
6677,23994.39594669524,19161.60605275215,51330.66081879657,42219.87987871029,74068.38026863904,40339.03052543691,10534.61504964046,15773.91923418446,23515.93123481108,133790.5808855357,102955.4272790104,50513.71183365255,47612.88426803752,33716.69349237844,146745.8456992776,77907.56470711641,39407.27993116501,35169.01265765997,135987.0916865978,37591.1027265774,6303.329137552303,16526.89758251423,36647.99496226405,21831.33530679645,38777.70087764706,1632.651686447758,32450.34043075459,26054.23150354281,18279.01057830361,24623.61211085064,61564.36659197334
6678,25422.62435528465,19771.05800887369,53971.56982311721,42322.24976304992,75894.80688419427,41973.59014867253,12172.48314710423,19616.92002063685,24933.96086890931,135181.5495485093,105565.1676026268,52183.35600159316,49050.03148608886,35586.19603339199,153314.4410439103,79339.00725399317,39370.68383288985,36103.4287302076,132487.4186777411,38877.14692778395,6494.635794354758,17393.0797507938,39962.36320929931,25892.94123100652,41495.49312166033,1646.245799106125,34402.47693672268,27454.00337193237,18588.15619700085,24701.60497300241,61844.60530325014
6679,27125.75175024003,21631.16627682223,67519.11613243156,43458.44128278557,77369.34043525922,41267.86886442901,13029.7036085968,20752.14385574644,25524.72181543542,131394.9185490338,98024.30614881054,55262.00513124865,52736.39929635484,36888.39051590314,156662.5645910184,80797.78206092362,41759.27676370076,42058.88616890818,128399.0776868397,41615.96067727463,6775.355552073436,18432.59003457161,40527.90418355803,29449.27837499139,45888.84247122806,1812.48006883535,37574.75906024485,28532.78972019519,18856.70405233466,24264.26503295404,61718.12967273274
6680,29168.38491469913,22459.64253924168,65178.09595663706,45119.64801236087,77020.81125628298,39737.24727160078,13384.47990348973,20027.95111338464,26564.67156977019,117054.8761369396,92575.92701858334,52976.3179612592,56675.19030574599,38988.61059760308,156910.0052236669,88242.69172557775,43362.26074227911,41258.66831676321,124508.1237185966,42854.44564174089,7049.754872961143,19319.49936014377,44997.11031194497,33581.8010262065,50283.00189954595,2031.36264591465,38474.85662170854,28290.49080392566,18052.26153132107,23616.80881619248,62539.23619600925
6681,30695.79073843327,23794.99519641698,65850.95817647029,48017.50888790282,77853.78078958034,40920.69193846342,13422.51416713388,20102.06900396143,28470.82926195978,116327.6187940659,96527.16634418226,50492.56003672706,59704.81071824046,40803.44451871574,156910.0052060481,90021.19829995603,44185.28842895174,41587.58397929461,128581.253183159,45077.73014800093,7754.522041341916,20269.00935738826,50997.39839737178,34853.63962254469,52909.46875948781,2265.111387241073,39086.82708169296,28904.69653582333,17404.9033012331,22932.09211863477,62741.21328104536
6682,31625.29776963528,24729.75581991117,66608.98462868792,46286.198350258,78434.42906266848,42111.7404973037,13531.03414131874,21086.53204783839,30498.52864849179,118874.9887391675,103485.8570794934,49728.28860167207,61435.26919727374,42000.06750907018,155554.7403937678,89122.23271455214,44987.77050399287,41585.49640048505,139110.8378356679,46581.59430878849,8406.471193260306,21387.44039635547,55696.88557118774,33548.30140947367,53958.51487932679,2403.045298560103,39277.96944782445,28260.33985605142,16888.87193927925,22592.0268128455,63708.48559177059
6683,32077.89503753348,25017.71292988265,70441.08163921493,45118.6339505198,80183.70233747487,41799.00127368627,13921.43687880941,22222.7283199095,31013.50781869528,119317.9931339256,102708.4849650857,49829.76634543521,63145.00927804744,40486.64154187159,153515.9128204506,89895.52844953304,45527.64614001087,43937.58365791646,148510.3899376918,48064.92413015609,8360.775691320932,22028.6994935939,62236.32882534491,32217.73649760101,52353.3559656112,2442.285025177617,39556.72469895258,28532.91517010478,16904.00522293638,22669.39329671289,63431.14892333524
6684,31637.6098961165,24251.63042841095,63389.01556385102,45119.07267312859,78757.63743523318,40986.99383499397,13211.90403584712,20760.06792023958,30669.98916855558,116795.617452847,98030.28853331116,46356.94607956231,59680.6860888251,39198.09770080427,143960.4004361859,93496.38885149219,44888.59713750598,42338.14795041484,153089.2943756344,48088.49236649104,8156.740418323381,22045.65350745847,57911.77059329914,30730.47982032508,47938.36107859555,2401.264001637291,39148.59863082688,28144.27839065704,17454.75794039827,22983.41864228089,63492.11276527969
6685,31183.57346048989,23201.13622126107,52978.31706659319,42732.01845505319,77798.54300707472,40608.64745939158,13315.93174012491,19777.54517156227,30639.78572205963,119449.250890143,94071.09871097574,45509.79611369015,57397.99957123967,38355.11113064259,145329.1369543929,91916.50842770474,45536.69087533522,40066.2907779156,155230.8468010056,46822.91441888715,8207.897331507938,21281.75511251097,55823.78272038444,30388.38533813594,47415.34350579197,2213.964069206172,38917.18271684692,27955.03587219633,17737.41601984914,22671.20539603075,62267.12624306144
6686,30512.67097683116,22911.5810667771,55924.24815743304,41717.93254783707,78128.14775080384,40232.69317595115,12725.06242875164,19922.15238274241,30264.77656598461,119679.9555210942,89452.53852803701,45984.2558725768,57902.50969325512,35901.25037168874,150807.2274956929,89331.7160907866,45563.88961227537,39610.10255439513,159956.329387236,47071.2124490131,8361.12553509806,21144.69508049398,56884.47179636324,30530.30520154051,47386.41254282916,2191.777687512102,39377.64531044114,27795.66210108395,17842.12281423074,22671.04202364351,61657.54060226856
6687,30071.2080056638,22843.53460116477,59486.56739313142,41168.66590366294,78588.97606071157,40352.25462524736,13210.96551832463,20429.69177080289,29748.98518551445,120644.5068917976,88594.31223992773,47439.95342969886,57862.0196169252,35575.28586349493,156961.9075323066,89167.71124533433,46429.98300528139,39153.78654814009,157667.1791836168,48064.40808555815,8407.7918286077,20620.51489331873,57831.57904553201,30944.78648003366,48985.49090090735,2145.285073425935,40324.30251299414,27334.31968230405,17772.34851937823,23140.09525671835,62049.7407081251
6688,31184.65975028225,23720.0847685744,63474.14636031154,42220.94822599291,78960.37584309309,41529.4106369435,14049.59819991087,21821.24228908425,29822.24185871763,123088.1127711071,94127.00334999939,49727.52618713566,59123.48031410649,38285.30140825989,158263.3598911394,87289.25885722534,46795.03413515643,40369.25095734563,159956.9529518489,48319.42906978919,8452.19851720267,21320.97541993598,58794.76974113863,33096.81987143066,52125.44928519972,2192.305149930346,41199.59051952608,29280.17971567069,17748.79608532568,23990.65884912609,60592.5988361714
6689,32483.32358276408,24809.26161792577,70220.95771764779,45641.3214881403,81138.8457061393,43449.18553836709,14853.49112837643,24682.78994095575,31000.72986284135,126798.0189540513,99588.76775034203,51479.36708453346,62279.82207015125,42806.14580711004,164349.1161374751,88895.35212130766,48223.47824151626,43728.59148314257,161005.2781613581,50786.73460200615,8784.347476252708,22180.19153322151,60717.2545516035,35070.33037613476,54477.25901060971,2266.690765939362,42335.93391641668,29787.57415723533,18050.61218319911,25092.5904728461,60531.74955603745
6690,33441.91022023925,26174.13456266104,81238.86575829305,51040.73057468782,82513.2740361471,44877.49991618384,15610.63652815295,24017.9854393712,31969.37195362162,129037.7322310888,103484.0818805773,52729.54728990913,64595.36836511087,44969.04126906753,171823.5124919423,95985.54351011278,47853.66638710497,45598.33923696553,167970.1005147354,51538.54242343719,8920.885081395667,22661.8972133734,58912.65198475518,36595.71040324648,53207.35793913177,2340.243004716262,43149.75620671416,30139.76406771878,17478.22479535777,24940.30791692612,61206.71533718098
6691,33866.54539207084,26804.3550214534,80800.8227485754,55148.24796005376,82137.92685090119,45549.39070023,15268.9513675442,23989.21575676812,31895.21041346953,128628.3564824705,101983.3554051942,56604.2996995771,63567.59242748399,45612.70088207837,164491.7054710728,94435.39054149047,49333.8919782748,49189.21634355973,172550.1011983017,52286.89752554012,9299.73385105689,23090.13132451981,55934.79951594002,35532.06077838639,52636.47399328576,2363.961851951387,45279.66374370128,30108.89956707246,18149.34991301325,25389.30697910289,62975.49876987863
6692,33866.54539466201,26225.09233828695,77447.91282459063,52761.00061219936,82248.93578519976,44645.49704514407,14869.10096809906,23037.8795961608,31308.78614129015,128219.8896161804,101815.7057171705,57776.1859060624,61862.00830017347,46013.14299384051,160174.7356954488,92512.4070079985,48466.90041425081,49796.10798132102,171404.1037986233,52285.82803049441,9292.051071712294,23150.19385765474,56871.2650898287,33985.30148771875,50817.65514032279,2563.72596858395,44288.95437569528,29619.22728801707,17751.91976185794,24789.16594095548,65790.3829261145
6693,33417.45191160595,26216.80330846725,77489.95684158104,52234.1008011331,80832.94290292493,43933.78489516025,14030.33879245327,21572.85779669173,30638.57693908345,128974.6406494792,99083.49320410601,55877.62661737869,61277.43409090332,44845.42169378637,158942.9308295015,90044.4953961275,47540.68417370353,48600.55148920001,173692.0146733756,51712.85275793693,9107.805406204587,22500.85021957098,58211.63143066029,32247.37429368021,48981.67335062602,2588.367991178815,42508.43104048269,28750.02546346312,17540.64253137434,24467.7079715722,66100.86599929753
6694,31819.49098393452,25415.07118686257,75058.40040385524,50820.99773656597,79638.79377194389,46308.05448718212,13022.89366475122,19289.3141656405,29320.82534074297,128988.7283255649,93350.80345422927,53797.46105537617,59680.28617283044,41181.34127510621,155496.5879891016,86436.04866246639,45075.66165271588,46031.52125965765,177166.5472384311,50525.38123786133,8921.246550909018,21698.98664841696,52394.72003010927,28805.99322788477,45847.85547846545,2522.051668226783,39747.83082704107,29067.80690943441,17388.47934446713,24538.26827856991,65201.03106653476
6695,29183.71542547134,23574.17834688863,69852.55688695035,47534.69301349638,77280.15721059134,44350.10009612695,11658.79662412834,17828.9545238172,27634.9705668585,121406.3775033331,82522.49694132856,51519.42054773583,56948.87309782716,35904.37624592793,150658.0953629034,82831.03358917544,43689.57455743934,42815.11718230116,180324.9103567704,47141.28806894162,8547.843296560397,20164.91513943868,47257.42698522688,26439.40581704377,43489.28620615896,2245.996463967996,38038.49594742383,29121.04757017712,18092.03609314073,24473.95009552596,65514.65184780943
6696,26839.14701650838,21208.55539609564,61970.36673441665,45970.41109367042,72903.50795675143,41905.58444800983,10574.41021329131,15985.35569619143,24661.61308745138,143095.0112124351,130781.9765337693,52726.17464878745,53724.14877527999,30565.22596557637,154454.1944884431,77858.28493619387,42829.52696608953,38785.1117793798,176920.398935157,43654.783086632,8140.738508401802,19893.56495062456,46418.54554572718,23968.18008836454,42165.99943769279,2012.133033789267,35131.62107481487,27365.90479043618,18274.60341590912,23907.03617940948,64676.90331429183
6697,24781.63686289369,19806.47126004433,60168.78726722518,44940.44913709947,71948.76677132763,40071.33979773107,10066.38431007502,15022.08721844138,24208.38098025578,142368.4238008391,122943.2028900778,52341.32084800157,50717.91626913186,29033.28929996622,150640.3603864494,77314.38863686354,40746.74658535286,36636.79751557855,168355.1663757992,41983.38827533254,7520.749439607152,18939.83077420102,43301.82284319824,22546.87163481642,40511.97743348201,1843.519248511499,34035.10059003169,25531.94389334937,18058.95537986609,24297.96720486203,63752.84787672328
6698,23964.36743599406,19399.71814438505,56675.84845670885,43407.79447086795,71762.16002704186,39665.39790532371,9441.626376864277,14662.75921399936,23143.01147306341,138352.0586871011,117087.3133306249,51588.77322892357,49422.07624028348,28807.22788691352,148082.5504103333,77825.12109806504,39745.65469299035,36330.61067669251,159195.5141188429,39867.84091626923,7045.516720622413,18290.55017720918,41232.49654335318,22095.47402654457,39697.20746291214,1758.424841472188,33056.55059845575,25408.20931864428,17720.01229603314,24161.01789210529,62449.86702979617
6699,23671.12932899641,19056.28554136798,54407.59247338263,43436.81152915303,71715.6333408084,39799.6535424228,9585.968860176663,14315.24068369657,22440.74238383616,135822.6667004575,112420.8998582028,50968.63741847224,47793.54260489765,28591.90574802336,145912.1038509543,76964.60106508553,38780.89146663213,35599.93237370304,149610.7952395858,38633.54744896822,6657.039284840684,17827.87630097869,39119.31776705477,21414.21735389138,39038.8120686985,1675.741301252956,33066.54236181066,25295.81083463847,17785.97089138041,24297.93194830133,62075.83558459225
6700,22838.21324128,18656.37945435772,53251.32126958561,43151.73875643485,72731.91588294454,39792.64055055679,9720.55458546969,14644.1354453888,22427.62168895791,134776.1372363798,108518.1342489698,50965.75801898246,47348.16881703666,29685.83336157055,142877.7439036231,76690.07242197772,38683.02322916695,35339.01844602811,144848.5995621878,38018.77707080579,6381.101719329487,17499.63757513775,38082.37042645037,21420.82639922965,38577.39918885516,1596.29088896581,32579.02348023275,24865.03014723614,17745.25382633997,24428.30285849797,62071.6563944155
6701,23629.99640132485,18852.1656378135,53169.91537719994,43151.87421222284,74043.18608948197,40505.90594722227,10150.61963351956,15961.13361595228,23347.82521966525,134685.3233252187,105885.9103093601,50966.72840493928,47203.9695091816,32026.68259989936,146411.4703818449,76392.56717794255,39161.51682961265,34510.56345970009,138981.3497141855,37505.28765609221,6226.964715263927,17161.71805444871,38055.43847448125,22096.36984909518,39538.67519751708,1582.326162446656,33079.65179740884,25962.16558820885,18323.33538919885,24623.92344689589,61810.81716313115
6702,25316.59035891984,19447.26672622206,55829.99855837048,43251.41120573552,76029.04810524301,42211.10947744315,11924.99995190843,20054.55559860378,24813.58234949866,136083.3094764978,108515.6891679292,52697.69986198771,48684.20605992403,34076.59246631622,153243.3006692557,78434.26282821676,39120.95282891869,35326.15489481772,135349.6985734781,38721.83588192656,6422.632085910352,18091.8706393806,41646.55738426586,26352.9913822069,42135.99853934909,1596.959394282073,35090.97105379125,27706.52802766913,18691.95028782759,24688.99410621694,62026.19751067602
6703,27327.81234279228,21263.57471193841,69475.90609421382,44356.16079746047,77632.2990352754,41474.88767914498,12853.66760087718,21263.75394648057,25424.22690062499,132277.5747837014,100916.9262384574,55889.43009530671,52481.10056293436,35504.44894638599,156725.5994949575,80514.94303751885,41768.52702041816,40524.28902576096,131107.1798622636,41312.64808317732,6709.750672369339,19208.15219414828,42259.32118585455,30080.08395311775,46334.60821585792,1775.900430675678,38359.42697488666,29050.88593956032,19012.15777091596,24324.11458440898,61928.993362353
6704,29739.95645926614,22072.54270446736,67117.88906817333,45971.39680687545,77253.34548082188,39878.11426909563,13238.01361510366,20492.37068220678,26499.17888359539,117865.1863277246,95426.71247255837,53519.78791228184,56537.9865552697,37807.34063691528,156982.9562538641,91133.7692783443,43545.31324310467,39825.8305492728,127069.4919464352,42484.20710488939,6990.40475165058,20160.56270546099,47101.70725859479,34411.02723798482,50533.99206355325,2011.514153735732,39286.81271479778,28748.93878787997,18052.96740753423,23783.93178121603,62560.06323685
6705,31543.66895904037,23376.45158803464,67795.63656772567,48789.06492314114,78159.027944258,41112.70614024473,13279.21793976149,20571.31831179467,28469.4932978568,117134.2599446815,99408.29085013717,50944.79968656541,59658.44270139105,39797.30635195506,156982.9562355392,93670.48941762965,44457.57704243867,40112.91978619628,131296.2254809092,44587.34852030744,7711.236640409122,21180.19715500156,53603.02105406892,35743.93241313881,53044.03811173896,2263.130394459028,39917.33622928607,29514.34737553516,17281.07910012122,23212.66197871147,62715.29480558286
6706,32641.32318082946,24289.20124591241,68559.16662996092,47105.66509451262,78790.36310999762,42355.23053539563,13396.78278313555,21619.93185335838,30565.44021003692,119694.4814652903,106420.4129426843,50152.45598548243,61440.78473151396,41109.40367222876,155573.3794986249,92388.27649929078,45347.06758878249,40111.09767349161,142222.8972064346,46009.94602899763,8378.046559536853,22381.2280236347,58694.91670304406,34375.91915694578,54046.58419660541,2411.607823845004,40114.27344168662,28711.36539311929,16665.78055900829,22928.94019893038,63458.70190128832
6707,33175.7949870688,24570.37778138463,72419.08637336707,45970.41080725707,80692.3367902091,42028.97505925986,13819.7246150946,22830.16600503961,31097.75235097572,120139.7208335904,105637.0718825755,50257.66108328267,63201.78717304664,39449.93183189101,153452.8463807524,93491.24395120204,45945.47880490185,42164.08271748822,151976.9210901135,47413.11884437911,8331.30945762785,23069.84622515242,65780.40527253972,32981.46795691177,52512.57558239777,2453.846992460337,40401.47969119713,29051.04227225658,16683.82498041949,22993.48826109543,63245.55194865553
6708,32655.86256262828,23822.33435342051,65315.81915405437,45970.8373890564,79141.78551305823,41181.873533356,13051.05397931366,21272.19436624386,30742.67168230324,117604.6196739902,100922.9545578809,46657.28151072973,59633.59475416258,38037.0432825754,143514.3990425573,98627.22445979145,45237.14143007719,40768.03859711793,156728.5031616846,47435.41348718567,8122.623330057379,23088.05234898941,61094.74523537992,31422.80152893031,48293.27982887781,2409.690366524011,39980.98050103128,28566.73235292566,17340.52410483934,23255.48449659536,63292.40633720817
6709,32119.69124419604,22796.57631004632,54829.53434398131,43649.84033262919,78098.96825547639,40787.1754347658,13163.75213328803,20225.64755520258,30711.45165982808,120271.6407900383,96933.36463676135,45779.01508790685,57282.46748287408,37112.7083595031,144937.9873609048,96373.8088433295,45955.50420835371,38785.0812121394,158950.8168717944,46238.22554810231,8174.94633261523,22267.73753219168,58832.4097991978,31064.28158228426,47793.44554131466,2208.073431097465,39742.54877118133,28330.90282340986,17677.55614735203,22995.00012377255,62350.93033023158
6710,31327.42295694651,22513.83935948451,57796.85420801665,42663.81731405251,78457.34539212758,40394.97281198518,12523.63533849595,20379.67779614904,30323.82058988973,120503.509334378,92279.3414697015,46270.90211145386,57802.10410287144,34422.04960390415,150635.6111166158,92687.06690411415,45985.65194639444,38386.90397735529,163854.5047824211,46473.10591049145,8331.66727587187,22120.55516370143,59981.66670556493,31213.0156440856,47765.79697267576,2184.191146532266,40216.97116864606,28132.29501706539,17802.40502782254,22994.863819646,61882.42700828103
6711,30806.09963415375,22447.39519544255,61385.03746966573,42129.75057410647,78958.40107574442,40519.70157838814,13050.03723869643,20920.28993848118,29790.66890162371,121472.92690239,91414.52540815152,47780.06853736451,57760.40003096215,34064.62946309711,157036.9385355465,92453.14345373573,46945.65081651276,37988.61520927577,161479.027151458,47412.63068608761,8379.397297928943,21557.66253680803,61007.85767125691,31647.39799629491,49293.99455805175,2134.144687623538,41192.32809418226,27557.38105771053,17719.20849172948,23386.20223563403,62183.85643864647
6712,32120.97404307397,23303.30508863544,65401.56803805379,43152.91299503703,79362.22169148216,41747.73300546542,13958.56786266334,22402.51796757339,29866.39121974275,123928.86086366,96989.69853192713,50151.66556688525,59059.68253162659,37036.1619865805,158390.5462973583,89773.86856532517,47350.28232051154,39049.51558434703,163855.1518626289,47653.87070383017,8424.816208811208,22309.85438897908,62051.47505560031,33902.75999958368,52294.77109712258,2184.758927603721,42094.1521300712,29982.2655916145,17691.12535690351,24095.84068491602,61063.9550468164
6713,33654.5652807488,24366.83490752929,72197.36425398474,46478.63396660639,81730.85808599097,43750.47851110619,14829.46326173123,25450.53245246989,31084.54431960088,127657.4836603909,102493.4003449115,51967.85290123571,62310.65944982076,41993.26866840075,164720.1878210194,92064.67208962055,48933.60432620541,41981.6669470837,164943.0110521335,49987.84660061028,8764.53629261037,23232.5264527264,64134.48787797142,35971.02744524414,54542.33446728464,2264.830499146168,43264.94594958211,30614.56848742461,18051.00077998396,25015.19939677659,61017.18870592296
6714,34786.55958983391,25699.5689594804,83295.2672194613,51728.62472987755,83225.26524733119,45240.52309846551,15649.71484218661,24742.40734082661,32085.78859311766,129908.496373676,106418.6241131455,53263.9531681216,64695.63171827266,44364.8839244522,172494.1188847263,102177.5564311682,48523.69591995494,43613.64899303749,172170.4877279418,50699.02781076793,8904.186185819628,23749.80768983564,62179.20049907145,37569.64769318099,53328.72305087389,2344.004991007845,44103.44081853432,31053.45918474308,17368.50519801635,24888.14768917899,61535.94060804689
6715,35288.0109758211,26314.94951113441,82854.04382218681,55722.47442481441,82817.15264562344,45941.45227877314,15279.55107563634,24711.76294137278,32009.13095238609,129497.0553092783,104906.3745143088,57281.02815514578,63637.04044123448,45070.65680380316,164868.4913892596,99966.5416892903,50164.41377615652,46747.8936820371,176923.2073862704,51406.94288157442,9291.670572778485,24209.66830579587,58952.69652780124,36454.92755997502,52783.14411588018,2369.536881112259,46297.92057461663,31014.99657747401,18168.73234745576,25262.75459812303,62895.3573307769
6716,35288.01097888102,25749.32682379319,79476.79027722197,53401.28958310556,82937.85195221266,44998.49331313698,14846.37414266232,23698.43492789711,31402.96903772287,129086.5277125535,104737.4375510328,58495.95862553274,61880.31855923111,45509.74165007725,160378.5200459886,97223.7511215194,49203.41935155254,47277.61019306953,175733.992635847,51405.93118049981,9283.812669353994,24274.16665556444,59967.35723539232,34833.90153577326,51044.94625628622,2584.570749415764,45277.17595800964,30404.77861944927,17694.84992435213,24762.0475851931,65058.76553768154
6717,34757.67678978186,25741.23297715277,79519.1395525214,52888.97071692452,81398.25191816325,44256.02173033165,13937.70323162894,22137.94801356934,30710.20219209962,129845.0864927059,101984.2461170214,56527.66382276693,61278.21732679348,44229.33503832251,159097.350884269,93703.71854025229,48176.77886267353,46234.0861529547,178108.184200917,50863.91866598216,9095.367240818174,23576.86684313323,61419.6445353641,33012.52879426005,49290.34622456484,2611.096381399723,43442.67265375666,29321.59996062491,17442.93001933954,24493.85019591061,65297.39050103612
6718,32870.64581569187,24958.37937665677,77069.92893092141,51514.97257794086,80099.86118065845,46732.90469774368,12846.29006519673,19705.60198578775,29348.09821756231,129859.245241638,96207.53869117652,54371.09221134217,59633.18284766813,40211.67021208211,155512.8966497599,88556.91749229076,45444.48826436875,43991.74560110571,181713.7468124456,49740.61639563912,8904.555894801162,22715.78299635646,55117.01942852925,29405.91184971815,46295.43801318756,2539.71091089368,40598.37956692925,29717.61164712026,17261.49572325216,24552.71975873422,64605.81309665668
6719,29758.06024902397,23160.83435000075,71826.2886690008,48319.61005495756,77535.33068363045,44690.32962603734,11368.49893842544,18150.08102896405,27605.50159245286,122238.6411793145,85296.08850433528,52009.37755833968,56819.87505427614,34425.47712555949,150480.502548016,83415.01109138732,43908.11579449847,41184.35423184429,184991.2167339093,46539.39474490188,8522.641150220888,21068.41523492975,49550.7609975041,26925.6941424978,44041.41471991209,2242.55434725384,38837.22293240618,29783.95889337437,18100.39326507976,24499.05809712143,64846.84957787822
6720,27359.64079457914,20232.1915743391,62608.30213141813,44870.20453266732,72847.08508151588,42687.46833966348,10445.8694442605,16642.37885998903,24042.01096794529,123905.9966362482,94821.02292036288,49942.61840538843,55625.0102745125,30363.19274136835,157071.5884149715,91724.18327662199,43583.48788474412,36504.16519841255,151944.7041607343,44585.75421555824,8585.72711625062,21875.24755542774,48859.19444787788,25048.5424946799,40101.74916720372,1885.639787907489,35573.53189618442,25783.06839608055,17554.68832297512,23931.41893029111,65583.40206999202
6721,25808.48105920533,19268.54694404142,60293.53296561028,44599.51750337485,72676.71687618466,41331.95220471494,9838.17685195037,15819.20171023486,24051.74568691214,123678.878934998,88689.39113337676,48177.54708883541,53200.89665701424,29436.34327196806,154242.5601460177,89880.41926263305,42289.26888751486,35292.4549217404,147071.8785055359,41296.97482818142,7896.722730950598,20772.69960313391,44930.83865728239,23718.12726793875,38867.89699177685,1783.180241974563,34495.74285643572,25337.13755694126,17234.27197408834,23835.50868644091,64276.62650672342
6722,24698.62899304338,18800.48569878164,58905.03126747515,44053.68223619875,72711.19122307234,40642.53942688568,9724.396061860789,15160.5520939805,23286.23646145765,122054.88285511,85784.29883048545,47530.52845962832,51177.55215324819,28359.36274426119,151268.3536891027,85590.35116239762,42107.64923038067,34173.40466313387,141252.6359794056,39682.06064993714,7401.119984101659,19843.4436879776,42070.88364242425,23458.53460054174,38619.57029167225,1727.57193053585,33219.06083791311,25338.14400974826,17673.36104396557,23515.06375614654,63051.30541775019
6723,24035.32628354734,18446.6320367675,57543.73852996136,43433.11316293891,72432.43700060288,40394.45561827892,9298.971904752118,14832.50348686974,22779.73964892986,120314.374212996,83221.59594992267,46453.8390737678,48352.93827491139,27977.3839945879,147039.977258255,80658.24886243776,41943.65200003333,33633.86031255563,137384.1076238978,38050.92624748123,6474.555234150417,19211.42194611647,40177.66480780015,22922.33131930814,38130.25433383861,1634.024201113865,32841.40816172625,25418.94942790058,17732.69740446078,23583.90400668186,62175.25142476046
6724,24035.33332599678,18281.53419578576,55159.93485299552,42750.46480046168,72207.02609256521,40394.45563020404,9412.910168902947,14508.60586970136,22353.00403438781,119273.1227111057,83707.19164634959,46281.61365942122,47515.18929714023,27977.58968023479,145171.1711968884,79953.1102405759,40191.49103978724,33340.64859527667,127980.7723360588,36687.27396416029,6236.928759418423,18600.27539921207,38746.37112442089,23192.50085319225,38125.24232111606,1578.626937910667,32833.82735663999,25249.34328076515,17471.61741883497,23496.94851955392,61851.20639521082
6725,24462.84213924755,18350.07952208456,56142.22257786975,42750.51873824537,72846.43996025709,40653.92631046134,10651.06236051088,16358.68794098653,22534.86381249665,120558.2144660789,87937.08295956993,48009.51168497417,47140.92203127633,31262.40328821468,148121.3763437444,78538.61119355199,39574.01366614321,32967.88337581338,126357.0151167542,36405.35482802346,6152.908198655592,17950.98562464269,38747.57027565864,24567.73776516475,40241.19115094875,1575.890616931672,33782.23204012687,25689.11329634401,17708.96286081586,23937.11564889878,61912.97829651168
6726,26295.7376040626,19115.37924947241,62416.06618053818,44149.01835324297,75233.98940849122,41395.94773881898,12305.01997028568,21697.12405051369,22882.09113226164,125219.8984397593,92240.96662987128,52330.01730960344,48621.42196063007,34619.20379364093,151500.8103472469,78540.68478138668,38735.87338466476,33971.09799689207,125118.5104288752,37493.06855911371,6273.876425692833,17677.18277991364,41101.09834985073,28393.44254049064,44830.5913989224,1575.91782454443,34988.40574845386,27232.58102568465,18314.19374173916,23885.85970569706,61854.48872839296
6727,28919.68182794513,20349.25908392503,66511.73193379167,48049.8024887774,76759.20550955324,40904.00656621476,13023.06799174308,22364.99935183614,24023.9424206646,132676.9750725251,106344.8365331654,51412.17831728231,49160.94630522325,37458.26340833028,150351.3472252811,79951.88465246011,40029.58475654224,36822.17976744616,128702.4648182254,39675.15173939242,6237.44533597402,17499.51429149077,43067.96199696318,30989.22766278509,47033.37140795318,1753.282681740622,36664.51254080045,28176.88478520699,19168.63733508293,24037.39655306461,62394.66842021985
6728,32229.25967783505,21957.49528144465,67836.93745070981,47289.48999048513,75586.09530423755,41438.62542384649,13439.94185424733,21405.33273202906,26217.20203622659,136177.2596447344,120441.7850447576,50999.52472581977,51889.40656527815,40166.36856517568,157194.3909841792,79955.35290406572,41275.73243442488,41162.24156262956,144473.3681341696,40223.59066712746,6488.263270529685,18456.66963691082,48425.49629037757,34036.19896587211,50950.62054438389,2046.878512198962,39295.25799981346,27157.55171077443,19097.43370414811,23382.35306804817,63750.74616836752
6729,34658.34411418048,23957.51945636862,73457.62025708918,47337.78842820798,76242.01555064053,43468.32091527274,14658.01481934081,21743.28865581701,30049.6303856147,139092.6184365331,126688.1061093554,51496.12071223911,57901.95561380191,41921.29722445441,162703.6180639066,89803.89167609587,44207.17782670762,44010.75429693584,175845.9709060305,45992.97983492288,7616.263780187868,20565.3945482494,56542.07618293171,35358.51445274865,52923.51244476978,2340.941875329867,41367.19939650248,28724.26170497962,18456.60100637453,22979.42323503864,64190.48912303823
6730,35547.43439338909,24945.6444279556,74325.65005753314,44874.15848855751,76107.24008251281,45492.60152031384,15495.71010288707,22089.02291502231,31832.753170289,142706.9617182537,125071.803543487,49755.16269501891,61728.8483234498,43384.18746270936,168114.8050379563,94721.63605761164,46530.9234680831,44904.77429252868,183841.7184776849,48666.34363976213,8334.015082339814,22002.33630332839,61320.77357247056,36127.2092712117,54438.19356777565,2395.047955911896,42740.1229870714,29135.18403835061,17946.30830556249,23185.49000110611,64509.04500243715
6731,36446.06666101656,25725.21627479345,78811.53756644609,44880.27430065553,76910.03451716341,46509.15619002953,16139.63284599638,23530.83053487904,32614.47317509709,143760.5733671507,118706.0572485276,52137.13215065788,64513.0856005635,41323.67564701429,172773.5341881942,103915.4178041058,48110.76959897635,46013.84346217274,191007.8350256407,49445.39105275419,8669.611152067588,23413.91723614136,67109.5296422922,34939.20383460011,51449.2671102996,2466.477159501458,42873.38344921495,29972.58383786257,17637.75922988104,23181.70302776524,65208.00350212102
6732,36459.55801078888,25184.37690364056,74604.17062256428,45771.81276549765,75536.13143490418,46502.9191065632,14258.03863515055,21493.19560496776,32854.12750484455,135962.9565076604,126863.593834944,47313.17557270156,62533.40207737253,38240.37409965418,170530.7379354758,108203.6768992986,48177.21312551291,45596.85391166689,179650.6496634354,48182.58569379141,8669.61746942602,24265.31151898579,63718.73695670565,33102.87455493482,47023.17455367737,2359.553137559259,43839.8462105397,28613.75634350178,17637.75922988104,23477.52689424318,65383.09854727046
6733,35111.66845166193,24704.90462491714,73764.11714268087,42733.64804004984,73896.37675305933,46000.99546034982,14235.59731161958,20755.30050608655,33091.81497155127,128049.7359202828,130029.0526339071,48545.23146608367,62192.65695992186,38627.98030432341,171652.1654958169,110087.0460569331,49654.67153368558,44310.96831335746,172627.0067086194,47307.9575094365,9022.697469222447,25051.41887771631,64309.28057093632,32962.42606979745,47517.5379316624,2195.175445636394,44179.30051468257,28544.91093764143,17946.30830556249,23683.93184602372,65538.75658455734
6734,34234.31932031934,25050.61738820516,76923.59825208588,42043.88452635871,73437.9680895477,45991.79052457757,14672.7153698794,21084.75759877312,33309.00664366429,135854.8961047848,127941.8912023038,50301.08285052317,63301.11508521796,39722.90786266613,176123.1565720276,108323.1692938696,49661.31717784935,43816.53620978244,184825.848804608,48667.01889418338,9048.146548948493,25258.20770829086,65190.1304840926,34023.8890678816,48017.33050822249,2147.010004714296,45260.76363501927,28503.49434139376,18041.24648290799,23886.23071036617,65334.45853315661
6735,34230.09277417773,25009.4972134885,81247.92227628177,43454.07096858381,73878.02228767748,46277.32184579556,14672.69829314808,21414.9070749709,33219.21660596201,141449.2258768764,126732.4453203944,52587.62046234975,63301.09999542937,40476.45104859346,178381.8326091336,106847.0642039433,49668.70230149768,43455.22811896695,186079.2486665693,48668.79069233045,8921.288376456227,24987.34278940703,66193.90099433773,34813.00022019454,49509.08063391523,2137.311916020677,45763.98557668381,28884.83127237815,17875.10467186192,24188.75730990313,65331.97958162086
6736,35131.04108417851,25165.85019343305,83108.9835691097,45583.15393358877,75455.07863895748,46757.13572633739,15082.44820400889,23218.33643898945,33215.40270312864,143085.3094534697,120077.4441370093,54655.31203277158,63509.95564562744,42006.99912369352,178385.1401749743,104661.6298173297,49605.9451635173,43915.14932006588,186218.459170756,49301.55611749049,8586.300609990421,24834.35648561123,66177.66102959913,36645.60576711602,51949.2446472322,2145.781191983717,46735.04533255062,29785.7169543139,17697.09559037626,24940.02038320975,65396.01874445355
6737,36000.68500363957,25338.23551556058,83794.08849186609,51238.77479192675,78305.1032531276,47018.7104954356,15705.24627019736,25691.7027115732,32973.0852369249,145187.8068127025,110019.6352415736,55592.46675168126,64917.10779841603,44142.19201621512,177259.0026062903,101611.8784674107,49062.68149687692,46291.89518798143,186079.2380338386,50029.43145838133,8585.725413670638,24716.19200163409,66193.90202635815,37905.16210264136,52447.77634771934,2248.660677869296,45124.87487514445,31510.13424707731,17756.43195087149,24993.413568299,66212.90306564512
6738,36446.07826998865,25050.3145426498,84240.23842394777,56412.5956634069,80610.2155538814,46756.52939337849,15602.93053858503,26020.27681847182,31662.67077892311,145774.6411452245,109160.5506482819,55331.17490156769,62900.64213136811,45228.61430333029,172776.0070564864,101614.4794382842,45823.17297595721,46935.81455863009,171432.5254016351,50015.64062566299,8418.397758240959,24084.6762008646,63388.11260731824,37369.46630006504,50497.67116054759,2381.384006121446,44250.64621486041,30237.65394940362,18005.64466605772,25239.05788044271,66167.67567750979
6739,36446.11598721884,24509.00203228728,82479.74943673529,55827.06691678876,81697.75243534913,45998.7246759613,14467.83661251058,25034.51853499057,31283.19241240914,139608.5636906337,113752.9448888924,55936.57220989709,62490.27929764225,44164.71847801361,171652.5901127087,99692.08862173889,43499.44702363989,47233.58234550431,171549.0968297261,48396.51479975405,7739.287578313437,23289.87926432017,60412.14230568711,37863.95577504521,49493.81111527641,2466.998698941484,44398.18756937704,29965.43618401679,17934.44103235715,24693.98562137138,66454.65821940517
6740,36399.54842711983,24495.30333285418,79316.86658965179,55051.8459509446,80059.08650958509,44945.52868637817,15085.20403792685,23993.76448445324,30495.98671553145,141246.6467027722,113752.9420157012,58495.57042746797,63529.80416876001,40832.06565937911,173895.4641917144,105360.3997105618,46562.17100493165,46513.94519485561,173888.2238657447,50061.84336289702,8668.982528396093,22723.04799534042,60425.80013107992,37864.32111458234,50483.52817716486,2659.674632144875,45214.47014605346,28957.70775211178,17934.44103235715,24938.26152195278,66452.71500296169
6741,35997.60204400758,24400.39472676122,77387.94041834971,54055.26412305628,79769.33811775042,45989.70581962046,15039.16555200676,22417.44412887525,29960.99380187624,137062.1916403621,111218.5291315694,56479.89581587575,64677.30612629262,39247.31963027086,173797.8059850932,108203.6753333006,50534.8089726037,44967.83845602562,173888.3399054148,50846.43016177472,9000.888249707605,23904.3940995897,61403.55747100265,35848.14460817157,48663.53505400129,2669.658227549167,44245.05592429492,28579.00147154932,17542.82105253554,24490.41288592685,66243.57057363023
6742,33751.95779379459,23342.11343629247,75115.52803655049,51348.71392401742,78373.60618122772,47529.05645536372,13324.0370574964,19894.35884693178,29358.5769989052,136135.180614851,106478.2722515046,54818.3516739346,65117.00609971436,35978.31610303379,170540.119613255,106761.9617374232,48642.0684102649,42371.40868425465,168992.3803763152,50846.4277438747,9255.609481460662,24021.50895274596,57526.28222464363,32258.07837871495,45065.26233956219,2479.475781278343,42034.77084564135,28583.78794695749,17258.00652049903,24285.80887562004,66524.90538062908
6743,30225.1867445781,21769.96897506926,68617.30211606108,46874.53399859225,75630.54536059326,45842.24508181959,11617.77173903621,18501.99780548215,27755.60116375431,139514.135802839,104776.873737819,53435.08310490371,62303.58224206181,32741.13995266854,162730.7516941188,100864.089079703,46948.24219894512,39564.31313266401,164088.5748330546,48396.82216541687,9180.956322847192,22895.68054594598,51734.95898951896,29899.29086837859,43177.66393003303,2180.708998518997,39679.58315324051,26539.18895482931,16809.17888579824,24090.80349093097,67130.13707978904
6744,28762.07014366423,20378.47995032279,63930.45449614267,45042.99966848779,72967.52445052484,42791.43139104958,10761.40325716745,16686.02334347283,24459.91609953303,126247.0607917159,97746.42519809767,50267.19085406236,56022.69833721308,30240.79855160557,162287.8366362129,96029.31126610107,43685.63907151714,36434.39383525015,154067.326314405,44495.31044204372,8571.310816834854,22518.29516618956,49871.08878876458,24991.80839421213,39799.98050599761,1942.97667422599,35947.85600631378,26081.07653312851,17819.77838132255,24067.48665794063,65574.04796491613
6745,27110.19593099105,19407.71688039515,61709.4306428361,44765.23224897161,72798.57734893063,41374.87002333273,10136.68678913368,15843.82871343163,24470.13157393498,126021.9971975312,91985.13977613716,48462.83549544073,53500.33205214243,29278.41691404128,158873.101418551,94081.81815840633,42403.60676328938,35107.95781417335,148941.4429053134,40693.9047289625,7846.972719534301,21330.85788418441,45833.43119448958,23635.80372264517,38515.06554067619,1845.671478434627,34828.33605795558,25691.90615624676,17520.95561306899,23965.28420442588,64378.33960068748
6746,25928.28283321898,18936.19806829715,60377.16156068832,44205.11950902711,72832.76413263651,40654.40976299028,10019.71854858848,15169.96262026593,23666.81717690984,124412.6889284292,89255.51306084429,47801.41659423854,51394.97860561147,28160.14871828988,155283.1310939414,89550.39331587811,42223.69728216308,33882.95493932148,142819.9928825021,38827.27177484083,7325.954336591544,20330.05504755068,42893.90135030605,23371.21800337529,38256.46187679485,1792.860609687331,33502.22219454173,25692.78450235748,17930.45347991147,23623.81642394977,63257.16262421701
6747,25221.91287271405,18579.73049047659,59070.9995096245,43568.3181426614,72556.33510145787,40395.15357992636,9582.376576334302,14834.3352581803,23135.30668948318,122687.9218647113,86847.59568101414,46700.76403435082,48455.8792318732,27763.52623884538,150179.3341222391,84340.81380204658,42061.24429065597,33292.32607749415,138750.562388115,36941.89032903795,6351.87323881566,19649.37156547421,40948.00596487664,22824.70129216524,37746.89565037595,1704.018910806464,33109.94718621478,25763.30457470129,17985.79102920593,23697.17295212493,62455.56737222627
6748,25221.9203724192,18413.41307230102,56783.7369582013,42867.81367232205,72332.80442854477,40395.15359238851,9699.506702412704,14502.95478443439,22687.49645874229,121656.0876916126,87303.86172959357,46524.70551118931,47584.17513284538,27763.73980976087,147923.6204050027,83596.00449042859,40325.58211519722,32971.35282911271,128858.8889007541,35365.6837885904,6102.060737984249,18991.17053843206,39476.88824581233,23100.06731526717,37741.67621624765,1651.408473260492,33102.07285997314,25615.28680510823,17742.3058128262,23604.51273383869,62159.06400691226
6749,25677.1866923184,18482.46474269373,57726.24323484542,42867.86902096229,72966.88471045929,40666.30945120214,10972.34443948167,16395.77844461151,22878.33750041349,122929.5567679516,91278.27050134259,48291.06023709751,47194.73829861194,31174.48168695759,151484.6203161215,82101.92654768802,39713.91906257168,32563.29388629465,127150.8059977786,35039.82154959347,6013.73141176295,18291.88949261056,39478.12076199974,24501.75578038941,39945.19327562795,1648.809806184773,34087.19881980612,25999.08054100335,17963.65601000402,24073.55711084862,62215.58570898248
6750,27629.0893131816,19253.41773658355,63746.00386552512,44302.94934330953,75334.51873235812,41441.74757571362,12672.63595089897,21857.54597011249,23242.71286746683,127549.079351591,95322.2025424264,52707.7245399195,48735.2449315912,34659.9701875649,155563.7143407955,82104.11679437118,38883.67091910988,33661.49370838761,125847.9827324094,36297.07863635156,6140.903164621698,17997.00553307491,41897.13294130657,28401.04484677003,44724.52517446853,1648.835645085992,35340.07436210346,27346.08744254821,18528.09901641861,24018.93851181129,62162.06736368623
6751,30423.40230370015,20496.41223720673,67675.80017848578,48305.76671601171,76847.01244606661,40927.65199076734,13410.79934061264,22540.85088507386,24440.95522527939,134938.7123913859,108574.2083526145,51769.45780326406,49296.63694183098,37607.86942183354,154176.2724947545,83594.70995143654,40165.20038191287,36782.51829017502,129618.0606385851,38819.28596341283,6102.603805760549,17805.65767690961,43918.72221809227,31046.7577651627,47018.46690856283,1817.277950767108,37081.07832522438,28170.19516896936,19324.95972832229,24180.41696267461,62656.33538786657
6752,33947.86608418247,22116.52847008681,68947.33649713271,47525.56664056454,75683.6875835819,41486.34723654747,13839.35149065486,21559.01353199298,26742.5303951263,138407.3395488203,121819.7108184245,51347.62004972559,52135.68545855024,40419.79386219323,162436.0635954467,83598.3733248652,41399.61402233143,41533.50077308398,146207.985535106,39453.21078098201,6366.284254479021,18836.50802628235,49425.32349850081,34152.33506018302,51097.83082146526,2096.104091427336,39813.68360492227,27280.6082601325,19258.55467071657,23482.39922609061,63897.15558039351
6753,36534.66733314464,24131.32681683731,74340.38854277016,47575.12842580415,76334.13655844388,43607.44941102857,15091.54750256922,21904.77709490262,30764.22571408606,141296.3311351573,127688.7583640926,51855.26844940359,58391.93141082602,42242.00035060819,169085.89171406,94000.98517425066,44303.45619336884,44651.71308011877,179209.8442978422,46121.88215116458,7552.131195879963,21107.59163040761,57767.7375235154,35500.08420003767,53152.37056151997,2375.374244969213,41965.84849051382,28647.89902675917,18660.90913420943,23053.03510527595,64299.52331957525
6754,37481.48491193463,25126.75106425278,75173.26420080317,45047.05704843456,76200.4853019672,45722.89284145942,15952.70994793684,22258.49869250885,32635.40917858589,144877.9854277267,126170.0793674217,50075.56306410429,62373.93335896932,43760.97268597511,175617.3820255636,99195.39900147679,46605.32086598208,45630.37963808025,187620.8305963365,49211.94665347411,8306.6904173127,22655.16895663706,62679.39645517454,36283.56423235696,54729.73653890449,2426.758454381816,43391.93030293589,29006.51696772907,18185.00620976122,23272.62092045581,64591.00407585662
6755,38438.4640261534,25912.08160569076,79477.47876686703,45053.33283249833,76996.5833335601,46785.22772347539,16614.67151675019,23733.6157257725,33455.73493485892,145922.0679596926,120188.819793602,52510.54646168659,65271.01961216088,41621.46805132046,181240.6296521235,108906.4175749487,48170.29077151584,46844.45640610252,195159.1011030178,50112.42520119187,8659.49661680054,24175.43283514006,68629.2177424103,35072.70848633674,51617.11380180249,2494.594326356628,43530.35047626776,29737.32804194359,17897.2509523983,23268.5855020136,65230.55576920951
6756,38452.83134905047,25367.24705592945,75440.505024514,45968.19136645133,75634.14048122276,46778.70975496305,14680.36640171841,21648.90626017556,33707.22474973506,138194.9746208142,127853.6467511141,47579.22622574733,63211.09678595261,38419.96350261215,178533.4968057523,113435.9316388602,48236.10864922807,46387.98593551892,183212.1093283381,48652.78472652336,8659.503258127486,25092.37917840985,65144.08030390565,33201.05892031308,47007.84805898007,2393.049245367331,44534.23370456698,28551.45937872589,17897.2509523983,23583.81694913083,65390.76890442958
6757,37017.42534057981,24884.2329171022,74634.4726803674,42850.55703406936,74008.0635950769,46254.18213892222,14657.29640785689,20893.96391271479,33956.65056675848,130353.3231019426,130827.9140042439,48838.70318426864,62856.54079903194,38822.42917400217,179887.0987567744,115425.2580526036,49699.65494038534,44980.35161119353,175823.7114169407,47641.82710814669,9030.69000338464,25939.011910776,65751.05508823079,33057.90902385007,47522.67059228734,2236.940770059842,44886.83133826769,28491.37698434165,18185.00620976122,23803.76313676133,65533.19704769683
6758,36083.11124479344,25232.49945940522,77665.99867946681,42142.75130072776,73553.47868649379,46244.56266183072,15106.65987373653,21231.03229996591,34184.56839102611,138087.8915421884,128866.8156951942,50633.63340875608,64009.9262606197,39959.33242679673,185283.7400181342,113562.1466062222,49706.2380075055,44439.10626171958,188656.0692180546,49212.7271606813,9057.444169802306,26161.72219418417,66656.41359719941,34139.78839140912,48043.14701074999,2191.198349315854,46010.16762392246,28455.23211398021,18273.54628914823,24019.33385631177,65346.26296680198
6759,36078.61027534408,25191.07553009678,81815.19288381143,43589.8241439202,73989.86223102812,46542.95279418122,15106.64231861836,21568.8090665437,34090.34401384387,143631.6248515274,127730.419517119,52971.06099816725,64009.91055922123,40741.76382390095,188010.0403148955,112002.9967003484,49713.55359098685,44043.58921809067,189974.5612003257,49214.77513131274,8924.080421689057,25870.00236249719,67688.11282192433,34944.07744900132,49596.63299488727,2181.988134586299,46532.87381350878,28788.03044081619,18118.60114957613,24341.70777055645,65343.99470959766
6760,37038.05580909701,25348.58348897623,83600.88347658973,45774.59776484721,75553.76377639874,47044.37493837112,15527.87094692372,23413.90222357387,34086.34175893556,145252.9112951098,121477.3758522431,55084.771832443,64227.23141691676,42330.9877610293,188014.0326615558,109694.6110430967,49651.3873898764,44547.05614392219,190121.0012464662,49946.17052726913,8571.913720638016,25705.23706554538,67671.42099958111,36811.9316593385,52137.7828351955,2190.031353481044,47541.53202735946,29574.24657478665,17952.58850169276,25142.25759969557,65402.59097110543
6761,37964.16440514018,25522.24222089621,84258.24249015187,51578.15331639544,78380.01528911562,47317.72964298922,16168.11605297062,25944.40953116509,33832.05728687516,147336.3931630043,112027.05173312,56042.78419322654,65691.417386806,44548.03648389266,186654.7455671431,106473.2824516464,49113.23922947206,47148.83430231718,189974.5500154109,50787.50074537182,8571.309026942687,25577.97465179607,67688.11388265944,38095.71452708106,52656.94619641536,2287.735363642916,45869.01738781222,31079.17081151683,18007.92605098721,25199.15365477818,66150.04557839302
6762,38438.47638887863,25232.19437673079,84686.32389711955,56887.30638614667,80665.89980204114,47043.74129940263,16062.93405258758,26280.57453341672,32456.927157571,147917.9200248093,111219.855261527,55775.67694067817,63593.22158573073,45676.10840309743,181243.6144898993,106476.0297516322,45904.23472908247,47853.72049858124,174567.1977743052,50771.56031759944,8395.400428760233,24897.83606512606,64804.25672724487,37549.71505546376,50626.13619433297,2413.781885946569,44960.93947226513,29968.65861196569,18240.34375905569,25460.91350842054,66108.66221631793
6763,38438.51655503207,24686.88319268207,82997.13255491613,56286.46190007806,81744.36513918295,46251.80909048976,14896.0416511381,25272.04273304487,32058.70800482428,141807.6100564003,115534.8720318554,56394.54818238664,63166.22618049708,44571.4265314785,179887.6112840865,104445.4863430875,43602.38956013029,48179.68118904508,174689.8230417591,48900.05924080734,7681.463934187788,24041.84471154108,61745.48360962563,38053.71562959744,49580.73154947664,2495.08962913064,45114.19347977263,29731.09017970837,18173.93869887057,24880.08168083262,66371.25315800462
6764,38388.92543303447,24673.08330100253,79962.34258434249,55490.96339466317,80119.36792740386,45151.1827585616,15530.70398266169,24207.24462389194,31232.6256420067,143430.8778521526,115534.869332203,59010.50035569294,64247.88442806133,41111.01145554835,182594.8380694854,110432.6933251073,46636.27416822698,47391.90818991944,177150.4266656327,50824.9647356506,8658.835755877391,23431.37096299121,61759.52144768264,38054.08799614075,50611.40790567351,2678.072768807182,45962.08169758158,28851.63081243098,18173.93869887057,25140.38334801362,66369.4751019862
6765,37960.88127355892,24577.47360535686,78111.53555744224,54468.31386693068,79832.0364332622,46242.38407285698,15483.37577645745,22594.50726949762,30671.2117549428,139284.268006834,113153.5332523739,56949.96418780206,65441.89622224448,39465.51180434445,182476.9612277787,113435.9299847599,50571.50478557352,45699.41476942457,177150.5487315267,51731.84610054526,9007.762357488591,24703.67336418714,62764.48371671847,35999.13198959122,48716.09463613528,2687.554127490465,44955.13273126633,28521.12829276124,17808.71087301129,24663.15351762579,66178.10655293109
6766,35569.43070714083,23511.37479456896,75931.15309033614,51690.96813838556,78447.94680914741,47851.0588689317,13720.19974161157,20013.13231730981,30039.04420588531,138365.6410917946,108699.5846448551,55251.44014065321,65899.41784189943,36071.18611111027,178544.820816143,111913.1064184369,48696.58674063175,42857.15285106267,172000.3300498829,51731.84330576404,9275.54627336267,24829.80533207566,58779.3279217585,32340.01378308773,44968.9079372982,2506.939036900688,42659.2676353584,28525.30551997909,17543.09063485028,24445.12642257456,66435.52977948402
6767,31813.67169835046,21927.61690751944,69696.09735053632,47099.75659941796,75727.76686570149,46088.28248819993,11966.13517547153,18588.60420384401,28356.90436531621,141714.0361971136,107100.9494373975,53837.38506450029,62971.96203581388,32709.90794510095,169118.6429465894,105683.4228668414,47018.7100195481,39784.27914031054,166841.857891374,48900.41451595628,9197.064730978864,23617.29514547249,52826.86804091419,29935.85693118158,43003.19154661147,2223.202074886577,40212.8894421033,26740.9540230645,17124.51050703859,24237.32767278787,66989.32082465151
6768,27649.00185362858,20673.63660040971,64677.67163425335,45860.42031115039,71778.15086081158,43298.776190395,11244.52794217469,17176.74168953527,24946.04985358535,128098.8776048072,98593.71228989844,50643.59472325491,56590.19663667768,31077.62159931889,168750.48444473,99500.95550995869,43732.95271457917,36239.45754265335,157427.4700008183,44577.94283682106,8665.666532005842,22797.14037083288,50723.82519121489,25191.88081835183,39826.73541164325,1987.615567720492,36445.77859588048,25884.83784759375,17966.30837690779,24193.2611919622,64671.07611377005
6769,26104.96541309571,19641.60137876279,62471.10020998536,45589.6691552466,71590.59331724822,41861.90162729291,10610.64285201069,16379.17150844703,24957.16478063713,127865.6157625986,92676.62805152385,48917.3874548907,54053.69561049059,30109.17884250525,164563.9246513239,97550.26635641178,42530.25858548436,34790.80924154013,152196.3696142128,40582.05629248544,7893.900114654086,21683.22575359266,46621.45808745431,23812.32599701022,38526.31172064871,1894.536630940094,35316.19824768556,25490.87110374138,17661.68869087864,24091.19200501893,63998.84874393184
6770,25000.21005188092,19140.32147141062,61147.50033881489,45043.70457797331,71628.54596108584,41131.11011666428,10491.95793253407,15741.01082351234,24083.12011356888,126197.6862474233,89873.18575856938,48284.6151413699,51936.54426367,28983.86774753107,160162.521771594,93011.40495787433,42361.48274783156,33452.9397134852,145949.2670125193,38619.92594714474,7338.766410826163,20744.38971939027,43634.81787546597,23543.14513625771,38264.58675038572,1844.019497980543,33978.16745888382,25491.76027511148,18079.13048206543,23750.16948039346,63368.52292823672
6771,24339.95338636139,18761.35454623351,59849.8376176107,44422.98848994185,71321.66676891121,40868.13625385736,10048.19733120498,15423.16698266082,23504.81116162359,124410.0921937479,87400.15258420324,47231.63273424951,48980.97487564039,28584.74732335129,153905.1255656104,87793.27596320932,42209.08311025185,32807.89277290223,141796.3049309598,36638.08793277567,6300.904282847239,20105.8521798592,41657.7366024369,22987.13690140237,37748.87013811944,1759.036462836906,33582.367329423,25563.14947873003,18135.54153464425,23823.43035555177,62917.86599211316
6772,24339.9603964702,18584.53958607712,57577.45851719955,43740.17840591349,71073.5129768246,40868.13626649826,10167.04651212033,15109.34500490525,23017.57211115076,123340.6720552195,87868.75714843177,47063.19944815273,48104.38595403828,28584.96223934523,151139.5581783727,87047.24433932663,40580.83186017079,32457.34638877049,131701.5889816794,34981.24228633642,6034.734521109104,19488.40504710056,40163.04201887288,23267.28529083591,37743.5877062254,1708.711055745279,33574.4222417174,25413.307450192,17887.33290382332,23730.89096126905,62751.1717685248
6773,24765.50598745931,18657.94962624698,58513.83180924679,43740.23235647524,71777.4406498989,41143.18044393006,11458.56499292092,16901.87568079161,23225.21633531525,124660.5289775196,91950.64335572397,48753.05192194783,47712.76680835163,32017.18510956957,155505.4425301383,85550.71445383296,40007.02138936143,32011.69059770747,129958.4449378135,34638.7088567595,5940.621553837385,18832.42145091072,40164.29428797788,24693.31731021217,39973.7008770311,1706.22525664188,34568.40088975842,25801.83128813941,18112.9771141386,24199.32372932199,62782.9482754542
6774,26589.98435988166,19477.56325657156,64494.42124272651,45139.06328044451,74405.88243442272,41929.73818986522,13183.81075346903,22074.24648320661,23621.67424465116,129448.3239644744,96103.93290637634,52978.42692085082,49261.90607433669,35524.62536052193,160506.5245902921,85552.9082949468,39228.15289952306,33211.07396884539,128628.8791355433,35960.28751868958,6076.120278062878,18555.79584895744,42622.07476001583,28660.32652789709,44810.71857557062,1706.249973281456,35832.53521214227,27165.43950313356,18688.36985412372,24144.77635003705,62752.86025602334
6775,29201.87880711862,20799.01248006966,68398.645969743,49040.77152404923,76084.98555558527,41408.27058115651,13932.80776377211,22721.34586537386,24925.41951123651,137107.1344546899,109714.3043709498,52080.79727559262,49826.44399196369,38491.09058576196,158805.4825246345,87045.94767585663,40430.37530162916,36619.65673220304,132476.3439369373,38611.5315796819,6035.31314795983,18376.29569582082,44676.06303236465,31351.98835546044,47132.34783298292,1867.376320072377,37589.18444894674,27999.70402286184,19500.68901336226,24306.04424157645,63030.73779190916
6776,32496.25828750071,22521.38642206433,69661.90827170713,48280.27890532701,74793.51413337713,41974.97740055925,14367.64953947317,21791.53205801484,27429.64389774224,140702.1110816677,123317.9966252951,51677.22965641548,52681.40186175291,41320.72464223235,168932.214795188,87049.61706127542,41588.39762967657,41808.37491621149,149406.8036477494,39277.88814349939,6316.258905185012,19343.31878811791,50270.91584462524,34511.50116557732,51260.94903983347,2134.092197967354,40346.3458803683,27099.15331636586,19432.99575184532,23608.93668304973,63728.32703642578
6777,34914.18778974166,24663.35383180257,75019.86717691102,48328.58878510211,75515.61359993934,44126.4957390585,15638.22334780189,22118.97502386478,31805.44166649601,143696.3381222295,129345.7571306802,52162.89139322939,58972.70632928843,43154.40746227308,177085.0879346492,97469.3007166268,44312.53641191393,45213.8862935558,183086.0784877212,46287.73034608555,7579.752912891181,21473.78349724162,58747.02954745556,35882.6570788508,53340.28675802127,2401.232803921354,42517.8508762413,28483.29538684781,18823.75637978701,23180.13243024538,63954.53822228835
6778,35799.19515469291,25721.6067831542,75847.32322797873,45864.37520374524,75367.23993077091,46272.27418829473,16512.02460366727,22453.95436070026,33841.37919520091,147408.4590517171,127786.0094535215,50460.26648790175,62977.02246986095,44682.9463480622,185092.8756505841,102672.2391361619,46471.95088996995,46282.723104393,191669.7137689583,49535.88329209133,8383.719277735363,22925.53933405151,63737.40516888041,36679.74404962202,54936.69129973844,2450.385241676901,43956.74796118603,28846.33314841379,18338.62132708328,23399.43191718429,64118.40873454314
6779,36693.70068898022,26556.50543608652,80123.52983028752,45870.4924646984,76251.0324896975,47349.84273156592,17183.70142059675,23850.9109754544,34733.93303860821,148490.5737122705,121643.0024407161,52789.78878469789,65890.34330580244,42529.96702496893,191987.1327221007,112399.1945365785,47940.07310929012,47608.65983972744,199362.7193671532,50482.43053904953,8759.626575187975,24351.67289242115,69782.5812523154,35447.85899981537,51786.49968574094,2515.274796521693,44096.41202685871,29586.15117255658,18045.28385262166,23395.4017607134,64477.96476472572
6780,36707.13008326202,25977.28228396794,76112.82508835725,46762.24213781604,74738.50914825768,47343.23129674075,15221.00756668617,21876.66173818343,35007.56604248381,140482.0104718526,129515.1044905971,48072.0480174841,63818.87716170244,39308.29926855831,188668.1130009209,116936.1420207057,48001.81786767568,47110.13208474186,187170.4964265278,48948.11450637121,8759.633651376726,25211.84458356801,66241.58926724008,33543.70392069891,47121.60081552171,2418.140125583572,45109.31650277467,28385.66715928748,18045.28385262166,23710.22216276531,64568.036606426
6781,35365.4303539274,25463.78149343999,75312.03767899115,43723.35766155812,72933.31105055234,46811.18206378136,15197.59898713486,21161.72069807487,35278.95331751065,132354.7161136721,132569.8029815147,49276.97601004845,63462.33432730594,39713.29968534744,190327.6664196209,118928.7331332603,49374.79304212077,45572.80420754261,179630.4397989901,47885.43605290761,9155.125018768815,26006.05627820519,66858.29173145069,33398.06789600003,47642.63717749067,2268.811913602108,45465.08270277178,28324.84427377376,18338.62132708328,23929.88155224834,64648.10972375445
6782,34492.11021869559,25834.02975412496,78323.83722881573,43033.43074071404,72428.65114227163,46801.42464538908,15653.55751498035,21480.92921006199,35526.9388628571,140371.0267462081,130555.6719249019,50994.16635446261,64622.18308687051,40857.36320172276,196944.0978217941,117062.5641204174,49380.96871813612,44981.69077007402,192726.2023236322,49536.70373023513,9183.630998562414,26214.97698825666,67778.15996633243,34498.73659495178,48169.39566613784,2225.056224566335,46598.51368321182,28288.25393255262,18428.87901173527,24145.17117902932,64543.01536354723
6783,34487.90308186023,25789.99124937581,82446.0322027306,44443.95126055711,72913.1047072752,47104.09363017594,15653.5397022153,21800.80856725248,35424.41821255012,146116.6980936044,129388.5449000531,53230.35806405962,64622.16729748512,41644.7223840394,200286.6173671271,115500.8554816933,49387.83157896069,44549.73243645666,194071.7584683468,49538.856475537,9041.534838675834,25941.31960055344,68826.39371614016,35316.99398773153,49741.63198676829,2216.246037324284,47125.91709438147,28625.15386371805,18270.92806293694,24467.12473481089,64541.74014910511
6784,35384.71402270277,25957.44071906503,84220.10312445577,46573.53861203458,74649.27851231144,47612.70606362374,16080.95047285402,23548.13778414063,35420.06356688239,147797.0421045837,122966.4041100355,55252.52237216704,64840.70596961181,43243.9553190755,200291.5120945201,113188.6815150628,49329.51251428199,45099.58670396997,194221.2044312851,50307.67023599257,8666.308912835892,25786.75609183605,68809.43438234726,37217.28779605311,52313.45311415088,2223.939914890906,48143.63946554774,29421.05979249502,18101.69490520048,25266.63068948945,64574.68297357144
6785,36250.36433022068,26142.06035843935,84873.18463578295,52230.4993047997,77786.85699821325,47889.98061785152,16730.59210636329,25944.56385902778,35143.38984169361,149956.4176378576,113260.5208223146,56169.04244259859,66313.09688965173,45474.96710624358,198624.9885328305,109962.0663765933,48824.66748896732,47941.08184519276,194071.7470538439,51192.04311055596,8665.66462491485,25667.37339680959,68826.39479387514,38523.36651531258,52838.88269715664,2317.400344327252,46456.09502145689,30944.53160974813,18158.1059577793,25323.45255513796,64994.90203347117
6786,36693.71224464113,25833.70541539052,85298.48047331719,57405.54587076983,80324.54412079921,47612.06333840422,16623.86640725327,26262.91685269179,33647.18217942058,150559.1274078216,112431.4958444636,55913.50382124067,64203.14329803066,46610.14366892576,191990.7922157436,109964.8181851941,45814.25125523576,48710.91331423504,178348.1341987285,51175.28716666202,8478.237856798421,25029.3470143454,65896.31950886532,37967.88450310888,50783.56113122257,2437.972284864185,45539.85679851491,29820.33279798079,18395.0323796621,25584.87108783305,64971.63630290085
6787,36693.74978866481,25253.97554501321,83620.28087168833,56819.87841054397,81521.8082794849,46808.77498632794,15439.84816385314,25307.82302762608,33213.90060489428,144226.2410746974,116863.2008981155,56505.57124882034,63773.75511203925,45498.50446531387,190328.2947922768,107930.9424363124,43654.85507386262,49066.90666255112,178473.2765464552,49208.03964432327,7717.554119899509,24226.35615711087,62788.52497141345,38480.63821007187,49725.53861336144,2515.748586797893,45694.4880004122,29579.83643120065,18327.33911551576,25004.7966341007,65119.26495831077
6788,36647.39607788966,25239.30463847649,80605.2385893852,56044.47379240688,79717.8087881491,45692.36590171706,16083.82508750897,24299.44421535797,32315.08329693398,145908.6386112984,116863.198125458,59008.2244172651,64861.47471532182,42016.29555250146,193647.4296853017,113927.9750695585,46500.98865652794,48206.55154650116,180984.3880058569,51231.42376759477,8758.922442312822,23653.68116849768,62802.78778684747,38481.01704361934,50768.65507438806,2690.78421517637,46549.99563983168,28689.5380841041,18327.33911551576,25264.75888173217,65118.26533502765
6789,36247.2955282734,25137.66029652123,78766.47495282524,55047.65587113898,79398.82616742887,46799.2148159026,16035.80227109197,22772.15921743632,31704.2380091818,141610.9828534101,114417.4650724626,57036.93173772455,66062.17746779308,40360.43247662131,193502.9094181049,116936.140363891,50192.68872503806,46358.11884466997,180984.5125773493,52184.70140139778,9130.69611298924,24847.20630344111,63823.85608121189,36390.37198470205,48850.46566568493,2699.853769769996,45533.99787610003,28354.96225499661,17955.02616796967,24788.15133369779,65010.67791634798
6790,34011.96381115249,24004.2719790495,76600.28045710696,52340.46448181762,77862.2715445858,48430.95767396792,14246.74906533773,20327.56076639607,31016.40933712818,140658.8937015387,109843.0711353692,55411.97214111844,66522.26292985555,36944.7291801632,188681.9965507657,115410.817680152,48433.79941256625,43253.98277332637,175728.5773976953,52184.69846363483,9416.014024816273,24965.5285465284,59774.8321967235,32667.7047480122,45058.05100069719,2527.083338942867,43217.50132930125,28359.19096484481,17684.2531140137,24570.40853439925,65155.40128175868
6791,30501.38853432948,22320.55123128971,70405.7968617695,47865.22460905023,74842.44898812378,46642.90344657287,12466.94105233518,18978.51257148339,29186.16035571161,144129.2586601098,108201.2050419273,54059.16093424665,63578.40235726423,33562.28154561947,177125.2418512935,109170.910547175,46859.75758160683,39897.98730133746,170464.219325327,49208.41309543436,9332.393656069253,23828.09346605893,53726.97523226598,30221.79416536215,43068.60871601979,2255.669931521116,40749.13912154787,26552.84805981647,17257.55287340874,24362.88074314621,65466.7426663889
6792,27547.41592795379,21147.84336631681,65676.77449759867,45954.66174872508,71738.7887173194,43827.24126127825,11626.28475018544,17684.5631738583,25577.01136447286,127959.6237969476,98569.32340351216,50639.20927045748,57132.96086895873,32117.08974440194,172192.834299849,101181.3887202849,43442.43449249912,36224.00321379564,158074.6621834871,44964.44443312106,8654.389597797524,22632.20736035067,50973.82527391367,25781.09435668568,39805.44720911721,2021.391333513934,37012.72728974281,26047.10765876616,18079.5295149529,24462.87867041779,66151.62934122623
6793,25984.00123734035,20061.70064735601,63460.1009958386,45694.38319135944,71528.25822056059,42332.74247851282,10996.29449682851,16875.88282129445,25588.58015251973,127734.280029298,92641.68753026855,48911.22132478302,54457.0801243921,31221.68797222989,167850.6509000385,99352.82371637979,42185.82634790127,34782.57311876508,152790.2944170184,40903.09887327422,7883.819564305437,21553.27629352031,47103.20161172139,24447.251159069,38519.75550099448,1926.344859502036,35915.12348689169,25632.75318420578,17779.81773724939,24342.08833273726,65263.49989829332
6794,24865.38077222937,19534.1396590178,62130.44144841213,45169.53641066485,71570.85948739662,41572.64340575046,10878.338823709,16228.83254293368,24678.84521231988,126122.9683909911,89833.2460014979,48277.79627197535,52223.59215659641,30181.2490391122,163285.63822535,95098.12065625847,42009.4846770847,33451.36981739743,146479.5786626925,38908.82569322449,7329.546422673891,20643.92529993123,44285.27723231144,24186.98962071699,38260.99550884259,1874.759876571649,34614.97012952525,25633.68837008532,18190.53387629876,23938.51672469578,64430.72970672212
6795,24196.83763208661,19135.30427251691,60826.83779584998,44572.82949213968,71226.39225059023,41299.12327535329,10437.30486029962,15906.56112986588,24076.92190148998,124396.0542276232,87355.80279306369,47223.72765584946,49105.61541106849,29812.23070260625,156795.6408832709,90206.6759849447,41850.25331377824,32809.53696386826,142284.3276949699,36894.52200099301,6293.293177215047,20025.44164052435,42419.88162925856,23649.40474883821,37751.12124499802,1787.980438380511,34230.37444497806,25708.77195624134,18246.03605697171,24025.21483716395,63835.33339947336
6796,24196.84473017499,18949.21926538823,58544.05533866939,43916.4303605003,70947.84338431708,41299.12328850113,10555.42378557162,15588.367604542,23569.78719185128,123362.9355617726,87825.2429959378,47055.12062159606,48180.85827831014,29812.42940940694,153927.2712928415,89507.35015091416,40149.01129986443,32460.73725354285,132086.8190196204,35210.53457170615,6027.536028930574,19427.38602356057,41009.62260646414,23920.27040621446,37745.89865567428,1736.59123409085,34222.65426952208,25551.17562109179,18001.82646252819,23915.70221127841,63615.1012956075
6797,24627.73108169694,19026.47804392283,59484.7155146369,43916.48222426549,71737.99151634624,41585.19779975916,11839.00667395319,17405.86827511554,23785.91024936821,124637.9899333469,91914.40822294673,48746.71627074033,47767.71981697006,32985.79037355903,158455.4451380085,88104.51148185396,39549.4782235557,32017.30203964776,130325.924844983,34862.38989645672,5933.568954551428,18792.00421753505,41010.80413466643,25299.05077739155,39950.74776118954,1734.052889240207,35188.49503134661,25959.80552003374,18223.83518521994,24470.05317583732,63657.08359603709
6798,26475.10735810603,19889.06234169266,65492.68515309917,45261.20665830834,74688.37753699864,42403.29954925147,13553.65185279698,22650.29032507334,24198.55690923654,129263.2631922694,96075.10412326045,52976.44997530137,49401.98366693695,36228.69574343686,163642.4283830327,88106.56797613327,38735.6948481948,33210.70922157649,128982.8203068046,36205.6181315593,6068.857630136528,18524.06630630851,43329.74415415502,29134.61292978622,44732.96880969962,1734.078128349314,36416.84380864303,27393.9802930238,18789.95743170577,24405.50091907171,63617.33208169085
6799,29119.78208335584,21279.79244709398,69414.78411718103,49011.99763653038,76573.14531275109,41860.91907535382,14298.04673383503,23306.40381693039,25555.53861374267,136662.0953168838,109709.7462698692,52077.89437591736,49997.54271767638,38971.42700047669,161878.1548543207,89506.13466589508,39991.81011936653,36602.30797796925,132869.4631690155,38900.29381259056,6028.113758800268,18350.20352659226,45267.70226656551,31737.08639690676,47028.29725246843,1898.610423867754,38123.76522036306,28271.41789939678,19589.1888354657,24596.34796762222,63984.45670681463
6800,32455.50729092115,23092.46693454025,70683.82985924892,48280.92071452236,75123.48823737273,42450.35302702303,14730.21667235373,22363.63768125579,28162.01916140873,140135.0404418354,123337.6972955545,51673.91045464488,53009.37938221804,41587.64704129578,172381.3199658708,89509.5743270786,41201.74392867663,41765.17224206613,149972.3227884558,39577.5663631767,6308.623996985207,19286.85633684687,50546.5008562302,34791.90857893407,51110.1271780166,2170.964241323941,40802.8759866214,27324.26380421521,19522.58622021041,23771.37953282028,64906.09360368431
6801,34903.78273665255,25346.73331764483,76066.31845583936,48327.36197817056,75934.03393186363,44688.15556076872,15992.98358048622,22695.64193536016,32716.49591925689,143027.6284284947,129376.206799157,52160.07317813118,59646.38851766901,43283.03154917102,180837.2532748106,99276.92698257141,44047.99959581857,45153.71491629623,183994.5477906942,46702.24099765978,7570.15935009899,21350.41177088385,58543.79740034785,36117.63116675625,53165.90890605967,2443.751764899046,42912.90927924121,28780.03505719786,18923.1626648034,23263.92559842301,65204.95798127381
6802,35799.89728378614,26460.46830829283,76897.56274827426,45958.46366689485,75767.48673955942,46919.98801352259,16861.41586120733,23035.28754227606,34835.56783366999,146613.7413919418,127813.6777034288,50455.69192199194,63870.7402309511,44696.28640346161,189142.7080169368,104154.1320944859,46304.21566526109,46217.22601463059,192665.588727977,50003.60388636945,8372.879415077055,22756.57383173119,63252.26582234938,36888.30661757894,54744.22841554626,2493.943205189948,44311.07357527435,29161.85997842934,18445.84391049874,23523.4481818178,65421.45947063889
6803,36705.6292059273,27339.13899116502,81193.34658701114,45964.34431346352,76759.53047679068,48040.77121730363,17528.96563424568,24451.70379569517,35764.56774403019,147659.123664195,121659.7161791807,52787.61724858283,66944.14688332654,42705.68707501995,196293.2397392153,113272.1251931849,47838.1504317435,47536.55598101988,200436.9308560039,50965.65709182604,8748.203985148319,24137.91830621755,68955.9488421387,35697.24014561932,51629.72406964577,2560.204419612176,44446.78398299258,29939.96349464607,18157.23256996465,23518.67882903267,65896.49561334476
6804,36719.22714426289,26729.54835304398,77164.28012351827,46821.60129423455,75061.74597619042,48033.89463840645,15578.3313355792,22449.95321988142,36049.37413184605,139922.4111484711,129545.856147593,48065.00987346293,64758.85450189542,39727.00093364106,192850.8447781664,117525.034160739,47902.66306583436,47040.51224929291,188120.5566426521,49406.20650743612,8748.211050367654,24971.07548543271,65614.98811912071,33856.17934818276,47017.6719836944,2461.016479823439,45431.01481390854,28677.35458082704,18157.23256996465,23891.24241860753,66015.49620478522
6805,35360.68856824977,26189.12576560309,76359.82656658256,43900.2602390468,73035.43850256184,47480.50817625592,15555.06658745514,21725.05303418431,36331.84308992077,132070.9978434511,132606.0019267041,49271.18081522363,64382.71978114232,40101.45578744838,194572.0874359513,119392.8778245461,49337.1855639503,45510.84444350352,180503.7209378868,48326.11968048722,9143.089331367344,25740.34420470589,66196.85295230868,33715.3689810503,47532.8057319127,2308.531712482089,45776.70986310691,28613.3841184427,18445.84391049874,24151.1909165328,66121.28673977031
6806,34476.40793005529,26578.78538585243,79385.41467185944,43237.01954836316,72468.96541293825,47470.35944769979,16008.22352857095,22048.70812828891,36589.95474458352,139815.1947660239,130588.2791727905,50990.14253549716,65606.30176683298,41159.23281436344,201434.4660996338,117643.541523551,49343.63808133738,44922.67635764754,193732.8353207316,50004.43776460283,9171.551121502827,25942.70356070144,67064.75766828806,34779.56696304755,48053.59678311159,2263.851099395336,46878.05529319368,28574.90023154806,18534.64740009285,24405.96816612961,65982.4387847864
6807,34472.14799203756,26532.43803230872,83526.48178950188,44592.98142713661,73012.75718883278,47785.16662778391,16008.20582525445,22373.0434124864,36483.2478207954,145365.8292668909,129419.070869779,53228.64099927807,65606.28510982712,41887.20852818039,204901.2344248226,116179.6046590462,49350.80858845027,44492.87035062928,195092.0930282134,50006.62577531741,9029.675237529256,25677.64064412692,68053.77650860463,35570.71135279884,49608.0218636775,2254.854679134148,47390.528788914,28929.23469285933,18379.2412926564,24786.97324596747,65980.75400439386
6808,35380.21425447123,26708.66653544701,85308.67472428786,46640.19678168041,74961.58594127548,48314.17638424169,16432.99041769927,24144.71296666936,36478.71535985218,146989.1339908714,122985.4778032746,55252.89128058648,65836.8323947088,43365.82561119584,204906.311099964,114012.1858313804,49289.87521404718,45039.98484934208,195243.0607732409,50788.03393536673,8655.030982815844,25527.93134974074,68037.77521057025,37408.0388228575,52150.70785221238,2262.711192750238,48379.44112846017,29766.32865590066,18212.73475063759,25733.12160998748,66024.27721343686
6809,36256.72880566959,26902.96540517318,85964.74615924197,52078.34740848812,78483.47018387496,48602.57071901974,17078.64040006411,26574.52131342675,36190.74408753299,149075.2095094003,113262.2865083652,56170.35679165176,67390.13060777208,45428.57211212444,203177.8392036928,110987.5750098418,48762.39914575739,47867.32162134814,195092.0814974786,51686.89425272204,8654.38769366289,25412.29798205492,68053.77752545827,38670.84055301405,52670.18505241333,2358.14722355192,46739.66826743761,31368.639952973,18268.23693131053,25800.36553094802,66579.45978457847
6810,36705.6409066162,26578.44404270106,86391.98907696606,57053.22424694346,81331.98547356157,48313.50788325848,16972.57046520476,26897.30897181778,34633.44108066267,149657.4602927989,112431.7831725069,55914.55456821461,65164.23590894938,46478.13244886345,196297.0352642601,110990.1545396946,45617.03286648239,48633.31723721045,179208.3578440844,51669.86381965547,8467.251472472575,24794.30942633999,65289.22271032057,38133.76446737093,50638.14740718532,2481.26785867311,45849.36722827229,30186.26399048362,18501.34609117168,26109.732478857,66548.72170211117
6811,36705.67892183179,25968.32012011868,84706.10637827707,56490.21028257187,82675.8963250832,47478.00456569971,15795.82729090813,25928.91066719228,34182.46711772602,143539.5438222308,116871.3910600021,56507.2327457626,64711.25301362374,45450.33425849349,194572.7391665964,109083.6108907826,43360.83591392115,48987.53677103326,179334.7744944396,49670.38963506034,7707.746939183288,24016.53726243971,62356.98803467051,38629.52805248178,49592.1108056983,2560.688225043685,45999.62107742349,29933.32196619893,18434.74347332933,25423.26292575742,66743.76486960621
6812,36658.74345419134,25952.88004793781,81677.26069471422,55744.79815419257,80650.93426891748,46316.82316485633,16435.84736960252,24906.48511423307,33246.94798384642,145164.832364894,116871.3882824003,59012.46753797524,65858.74237470109,42230.75725234787,198015.2535806804,114705.1954371935,46334.55512820092,48131.46856197593,181871.456162421,51726.92002793705,8747.500943812262,23461.84767775473,62370.44514114397,38629.89433335914,50623.41021514118,2739.423821724182,46830.91071511558,28996.95078875913,18434.74347332933,25730.90648221142,66742.44419313669
6813,36253.62148907975,25845.90670088274,79830.07887030781,54786.53694331141,80292.88111721927,47468.06099551584,16388.11962406802,23357.92500018822,32611.15976585008,141013.0605561224,114421.2938782525,57039.14136210406,67125.42326389263,40699.78113405299,197865.3611782963,117525.0326076503,50191.74563181964,46292.24607918924,181871.5820024031,52695.8138747444,9118.698295010343,24617.88901808991,63333.83310738864,36608.52291170316,48726.9512114665,2748.685091940628,45843.67416222925,28645.06070150247,18068.42908037053,25166.88134992384,66600.30247367415
6814,33990.23550077046,24653.09715043671,77653.96714987708,52184.05915527324,78568.12186788085,49165.24304451797,14610.05905780585,20879.27323493922,31895.24466515242,140093.2900759204,109838.7426574993,55412.50553070466,67610.79023834984,37541.69381981127,192865.2444099983,116095.2037320059,48354.00935122295,43203.57704277364,176562.1265545342,52695.81088885626,9403.573910130875,24732.49523834067,59513.5392965994,33009.20645552911,44977.49930413556,2572.262575400958,43592.7537889057,28649.50824656699,17802.01861158821,24909.20097602811,66791.50724704203
6815,30435.60115652191,22881.10236519652,71431.12410393902,47881.92063231505,75178.41686931631,47305.4809365499,12841.18687823136,19511.43276678247,29990.26027431501,143445.8534762572,108193.9487079,54058.29882500419,64505.16570299234,34414.35399002684,180878.8998005726,110245.9500001989,46709.40684018366,39864.30355010206,171244.162445108,49670.76920389819,9320.083168764955,23630.78239085,53807.32683922946,30644.34125251126,43010.5946199842,2295.111930289338,41194.26681949826,26749.68731759702,17382.1931914872,24663.60920897031,67202.8434450313
6816,28283.32111251762,21305.91156248834,67009.80558431712,45651.01890520152,72913.740902791,44035.55094390884,11885.21231489521,17953.92399502632,25954.37516208541,126439.1256018799,99715.0942833822,50704.07400895581,56853.11435825938,31600.58124210571,174895.9166053201,99662.75539684566,43010.74244111399,36656.07899971069,161175.8659588335,45005.29260024447,8683.87105906523,22852.96157080371,52012.75464632449,25772.74981005611,39874.80383260548,2026.055118609389,37457.56518868363,26411.44349020771,18086.78300654829,24943.8642194467,66484.14955277456
6817,26523.70102977001,20106.24216960445,64904.8027610038,45394.51709438516,72694.14172386112,42542.85136002972,11244.18580518247,17128.68896366761,25965.46394013341,126247.6008986023,93637.32988624324,48945.69481362835,54257.0578792637,30708.10122839523,171240.193602517,97946.10122758524,41803.07590594717,35267.79607395414,155972.8737284107,41111.7812455416,7940.871743110036,21756.07987820338,48279.05802856461,24442.57880761187,38549.73678054546,1936.379231508692,36380.43038621923,26017.60776913068,17853.32186487921,24795.71440193212,65676.57765872721
6818,25264.6959512074,19523.53903166467,63642.12826286231,44877.28605156771,72738.57805666135,41783.6673561995,11124.16376827361,16468.39277239651,25093.47555262484,124878.1111335505,90757.75929519934,48301.12930178881,52090.19714702497,29671.0573201157,167396.8686421585,93951.79217566563,41633.60228323028,33985.67575443882,149759.3385451643,39199.92096266628,7406.430294331847,20831.59963319004,45560.82044135699,24183.03379363567,38283.05205525281,1887.709050384691,35104.52333658752,26018.49664478624,18173.25009545825,24300.7322598709,64919.34366962269
6819,24512.25199462876,19083.01625539277,62404.19702628374,44289.23759042112,72379.27276106049,41510.47651152657,10675.40371091935,16139.52406818498,24516.52713169355,123410.3681993901,88217.57017931208,47228.52209426566,49065.23284395519,29303.24311619094,161932.881890101,89359.71102417007,41480.57256617734,33367.50800921406,145628.6914830426,37268.8579240858,6407.253815792912,20202.82600340776,43761.41500653411,23646.92894322782,37757.56248147287,1805.833071472352,34727.09990235073,26089.86210626985,18216.48363991324,24407.0678309742,64377.95262873357
6820,24512.25998351292,18877.4811230112,60236.41565768812,43642.36307418028,72088.72529517242,41510.47652465854,10795.59185985444,15814.81673108167,24030.43436096812,122532.297560955,88698.8998379865,47056.94965826629,48168.06216440623,29303.44117459748,159517.9759023136,88703.18494711169,39845.58949109876,33031.56894146249,135588.2172480387,35654.46090209173,6151.005362306178,19594.82028592335,42401.04525656188,23917.04888209594,37752.17994614531,1757.347606546034,34719.52369894918,25940.06991117269,18026.25604471433,24272.75017070406,64177.69662026074
6821,24997.22170356837,18962.81520509964,61129.68763690279,43642.41418538139,72912.90936207914,41796.20663621015,12101.66073073277,17669.5238698417,24237.59008083766,123615.9947615724,92891.63086300051,48778.29650203768,47767.24804686307,32466.44724049402,163330.2859229338,87386.2020425397,39269.40666425956,32604.48368893993,133854.4396015676,35320.70322838767,6060.400395915768,18948.86736801531,42402.18498706476,25292.03334185563,40024.55433109657,1754.95269049454,35667.35268377738,26328.46453650934,18199.19022253428,24952.66377816198,64215.87092710778
6822,27076.43997871806,19915.55922552342,66834.99021813643,44967.62612704883,75990.38439603409,42613.3234884422,13846.34330087292,23021.30567229789,24633.11528235443,127547.1178528932,97157.70421011555,53082.42128861003,49352.76013095336,35698.77078386769,167697.2534639216,87388.13267638162,38487.31802865472,33753.88858887841,132532.0179258604,36608.42285437454,6190.848491542689,18676.47166210485,44639.09026724599,29117.03583263153,44953.23475037156,1754.976503471531,36872.79422302279,27691.61925197445,18640.17237879637,24873.4901849457,64179.72506347563
6823,30053.01605084039,21451.65233012797,70559.5032716605,48663.9916196386,77956.33926908438,42071.59597616347,14603.77859435121,23690.85061216307,25933.79335472895,133835.5505974382,111137.6693055499,52168.06220655904,49930.55304472066,38432.55231743461,166211.8958158705,88702.04385154157,39694.51088652969,37020.43523637122,136358.8092296051,39191.74166010863,6151.562421209775,18499.71625487051,46508.49124268712,31712.34444670235,47318.85947514342,1910.211926044736,38547.88358847457,28525.60631769313,19262.73542056029,25107.5648299784,64513.54974547645
6824,33807.36804778643,23453.79262337723,71764.61754214093,47943.52291780228,76444.23765728023,42660.32031941971,15043.51934560127,22728.78489723536,28432.12629699504,136787.2842597143,125110.7738148427,51756.97315689853,52852.54353422076,41040.23544970687,175054.6043717108,88705.2730004639,40857.32093002042,41992.93881497355,153198.2968751494,39841.02607264587,6422.036104367824,19451.95254825041,51600.54724197884,34758.75641732745,51525.69872928619,2167.176431456975,41177.03213779436,27625.35511021513,19210.85516842342,24095.73784598204,65351.58980861314
6825,36562.89712671332,25943.6812319434,76875.94931169486,47989.29030003661,77289.69791950169,44895.42880491788,16328.40757901067,23067.58568567841,32797.62955352475,139245.7594224731,131302.2199254991,52251.6863409007,59291.56388377363,42730.08779963309,182173.7301804013,97874.84948414318,43592.7223632461,45256.54206153363,186696.6036114043,46671.2751069018,7638.434178101686,21549.84021396634,59314.93170917954,36080.82916677614,53644.44042828522,2424.550136488233,43247.71582888185,29009.03685215829,18743.9328850853,23473.34362785477,65623.34577098291
6826,37571.47224312074,27173.82691790132,77665.3175163714,45654.76565600954,77115.97664279293,47124.57439669219,17212.05317648808,23414.1842547984,34828.77733076391,142293.6769593441,129700.1168424846,50517.32902133521,63389.89885519962,44138.73110472059,189166.1667391275,102453.5625579608,45761.06470201327,46280.84029442083,195234.1166347476,49836.20990591715,8412.433209026025,22979.39717899449,63856.83352044968,36849.38287594655,55271.09724378101,2471.905516892826,44619.8060301989,29371.95387709916,18372.1244023694,23791.64908265477,65820.20954936785
6827,38590.87169571244,28144.33871737706,81744.69009952589,45660.56097203138,78150.75304579583,48244.00831072116,17891.2971787407,24859.59628638969,35719.23134987921,143182.1707108829,123390.2946716818,52890.26743771651,66371.62263668301,42154.62724078685,195186.263287916,111013.5212330643,47235.25671053521,47551.52506234113,202885.785575856,50758.50647587828,8774.32880151403,24383.72365713543,69358.74325344106,35661.59552146951,52061.20869415631,2534.422651225852,44752.98560085107,30111.52585760428,18147.30997039741,23785.79945297124,66252.15766296606
6828,38606.17614789836,27471.03196129801,77918.59831188303,46505.37880922941,76379.83582443581,48237.14001040753,15906.4913987508,22816.86742081672,35992.22060409994,136606.5658722279,131476.1659626665,48084.60049027158,64251.51976706384,39185.66076013287,192288.0802115428,115006.1459934884,47297.25674580626,47073.77102795592,190759.0748375014,49263.49984126699,8774.335613942367,25230.74241953361,66135.97223763641,33825.60333673382,47307.90879895652,2440.839311257535,45718.86170193988,28911.44109312865,18147.30997039741,24242.75014015347,66360.36433687716
6829,37077.14371914329,26874.12289395533,77154.67118990074,43626.42758769253,74266.24437655152,47684.41975977753,15882.81909555271,22077.12763911049,36262.96941277898,129933.4742698398,134613.8156874563,49311.9851461135,63886.60553059468,39558.89374162367,193737.2097848686,116759.6749116035,48675.90833450245,45600.50381633168,183259.5330297242,48228.04736306188,9155.085292642832,26012.80978305825,66697.25304126707,33685.18063372209,47838.8189330547,2296.970673069368,46058.10995122981,28850.6384356758,18372.1244023694,24561.57798077654,66456.5591690495
6830,36081.887643392,27304.51082723095,80027.8374449825,42972.81078618085,73675.37024058386,47674.2832490842,16343.9145026129,22407.408350007,36510.37154674245,136515.4402731096,132544.9903109875,51061.17936593403,65073.68681139706,40613.21916829081,199514.7076989052,115117.4005335374,48682.10954316832,45034.02215767624,196284.9283828024,49837.00932431738,9182.52873020515,26218.53587598655,67534.45479101168,34746.44877906469,48375.55962959296,2254.814731395447,47138.91660404938,28814.06026342102,18441.29807390042,24874.06326527391,66330.3053815152
6831,36077.09309174022,27253.31911870414,83960.28756325475,44309.09711273629,74242.5860565046,47988.71143874399,16343.89648916725,22738.38317532192,36408.09208676088,141233.048560522,131346.1696093045,53339.04776040858,65073.67065128675,41338.81944655711,202433.4109283297,113743.058731841,48689.00077773315,44620.06358765034,197623.2544804004,49839.10691597409,9045.729114127182,25949.06299721219,68488.48613615657,35535.41507425894,49977.59023004004,2246.32665252624,47641.83308096674,29150.84815070288,18320.24414821734,25341.3674729945,66328.77341868763
6832,37099.11983962559,27447.96751773867,85652.69790534383,46326.60654911189,76275.36135747009,48517.08433033741,16776.1225168299,24546.32097851961,36403.74768584289,142612.7315170649,124749.633701662,55398.89985005913,65297.34047433369,42812.61169885634,202437.6850264927,111708.2890850963,48630.44059932131,45147.00535167724,197771.8974286461,50588.22355699303,8684.489495559194,25796.86292690858,68473.0508994699,37367.68420981644,52598.14802461574,2253.739235006194,48612.30338613946,29946.48938250903,18190.54351485238,26501.82211003678,66368.34886643519
6833,38085.63520011763,27662.57504860299,86275.71803969257,51685.84742314379,79948.95211922494,48805.13147261721,17433.0830848483,27025.87048268984,36127.72486391717,144385.7337121911,114780.1843052307,56332.50142472634,66804.30220946457,44868.62731401889,200982.46909269,108868.7888397698,48123.50834799586,47870.09499679571,197623.2431272308,51449.93867094816,8683.869223059834,25679.30571869792,68488.48711703789,38627.00932861008,53133.53463241131,2343.782667048068,47003.11033108987,31469.45453388554,18233.77705930738,26584.29703982476,66873.17374763527
6834,38590.8848648142,27304.13380593897,86681.43748702467,56588.53679781735,82920.1683012727,48516.41663414989,17325.15500220568,27355.26600039962,34635.03718334419,144880.6016629964,113928.6469108424,56072.20024095009,64644.80823120187,45914.76286214331,195189.4587743653,108871.2104986481,45100.6458807642,48607.84748189523,181984.1176138259,51433.61201675365,8503.428668286733,25051.03542985404,65821.73109430303,38091.41186370169,51039.26419788475,2459.946388950173,46129.41234328753,30345.62960049914,18415.35794682439,26963.73680096672,66845.22375490054
6835,38590.92765086274,26630.23802501559,85080.48550302807,56033.6923925085,84321.96862993087,47681.91916327081,16127.79747829448,26367.04339458059,34202.7749480792,139680.8477540081,118480.6962156373,56675.30223569131,64205.3382799821,44890.31844898575,193737.7584827222,107081.3500907371,42932.32191432566,48949.00653807904,182108.587536939,49516.76565969313,7771.098932932969,24260.32314635042,62993.22704781249,38585.8105652587,49961.19188309693,2534.879119303243,46276.8641375549,30105.21321636202,18363.47769267233,26121.7792323904,67022.57558288956
6836,38538.10187664609,26613.18411331877,82204.22577861769,55299.09649391086,82209.7805538844,46522.13568680669,16779.02951721158,25323.68753638121,33306.07219985247,141062.2168023765,118480.6933676877,59224.59822416411,65318.59685716365,41681.24714726562,196636.042127673,112358.8854962797,45790.22252201063,48124.50253888095,184606.206096592,51488.3103898734,8773.650914743093,23696.40495989536,63006.20809616788,38586.17583773049,51024.07566746633,2703.515287613805,47092.65121606196,29215.21095862359,18363.47769267233,26499.10524723058,67021.37469803373
6837,38082.13792155953,26495.02961292393,80450.1005308258,54354.74003860454,81836.30412487913,47671.98756396347,16730.46567043234,23743.4264972413,32696.66398817513,137533.5331736049,115968.5457159777,57216.56587536614,66547.49135699618,40155.26671087257,196509.8463747794,115006.144535451,49497.18551680649,46353.09428375754,184606.3299987272,52417.16491319754,9131.56695875881,24871.67984175414,63935.51528412659,36570.36944080113,49069.53607957313,2712.253251130843,46123.82544612875,28880.74640046565,18078.13629886639,25807.32623554306,66892.12590606665
6838,35534.70155426031,25177.54427307945,78383.61608387649,51790.02524996665,80037.25020709782,49367.1264075193,14921.25679334971,21214.03368988856,32010.45350348909,136751.7996908397,111269.9327692417,55561.32133997072,67018.37933707102,37007.48445590105,192300.2033902463,113663.823264147,47731.02427069368,43378.30799245435,179378.6364195007,52417.16205070054,9406.249827242105,24988.19281344978,60250.3680507441,32980.96223973138,45205.25418812165,2545.799462710964,43914.88205017384,28884.97370395833,17870.61528427337,25491.28025783657,67065.98750046408
6839,31533.96776525526,23220.33563825435,72474.26490052242,47550.31248726249,76501.53236118413,47509.60323206299,13121.39726638305,19818.19184947001,30184.51037017335,139601.2182355186,109583.4813202537,54183.29731877454,64005.39876508043,33890.34935419951,182208.7927625624,108172.5523580958,46150.47473759399,40162.15731661515,174142.5652061034,49517.12954293287,9325.74635445282,23868.15031021069,54746.0183614657,30622.60773197167,43178.11146405683,2284.309173678215,41561.12399895786,27079.2315401456,17543.59135938964,25190.06100328888,67440.01355617444
6840,28547.23126431334,21733.49088965822,68618.29094148127,47145.67734819687,74215.58529430072,44054.54640501361,12116.94912179443,17804.26123994188,26356.04319990494,142710.4364474031,135573.6148420227,53759.42981122561,54184.64072279812,30361.91707285267,174113.3179561539,88037.2308206579,42006.27589767046,37398.75103985966,179868.2526047132,42199.4097657962,8129.863483523475,21848.46637329041,51286.90551962316,26119.92387559725,41881.87129220927,2101.328065680065,37129.6869622746,28474.06170652231,18995.49155424591,25411.55119373393,68440.21127497489
6841,26867.04774318445,20162.44532762492,67037.84425801504,46095.94023641644,73213.08503997268,42074.16162787825,11507.31489922263,16786.51290724526,25845.74340750639,142086.4958326114,127646.9472227531,53390.60484453078,51195.8722714234,28860.97272907245,168915.9895406336,87443.61412457796,39933.65177342619,34704.62524405748,172245.1887008427,40261.76870210729,7502.254437307662,20766.88884108414,48151.00223353473,24745.27770723529,40030.47318070947,1947.618262781322,36001.88050571906,26783.67032684961,18804.30954861341,25985.02012848379,67517.0348283135
6842,26199.65729508058,19706.67547703706,63973.64217358669,44533.85877076397,73017.14365663035,41635.87704899019,10757.60151945753,16406.862284538,24646.23033304233,138637.5325306055,121725.397212148,52669.40019493148,49907.56014375865,28639.48472184256,165430.3165630336,88001.03530316021,38937.4415028253,34320.64703617721,164093.0907854484,37809.22343429423,7021.180869232633,20030.57538691257,46068.94111901606,24308.69971385905,39118.47589108482,1870.045456309715,34995.41048178705,26669.62217087136,18503.82075329918,25784.12490301424,66215.29341818872
6843,25960.19610249356,19321.85672546981,61983.8006420949,44563.43295334635,72968.28956350638,41780.82926128926,10930.8133912167,16039.68904782733,23855.53663603581,136465.4739922814,117006.6605511221,52075.09251453711,48288.48712080072,28428.51872454452,162472.5257216512,87061.85064697302,37977.38274885022,33404.32892681748,155562.6832324878,36378.31214348673,6627.92885041665,19505.88236275551,43942.75765607611,23649.80904702606,38381.51351309697,1794.670417138794,35005.68733058324,26566.02267278313,18562.29611332832,25984.96840953341,65841.61776358564
6844,25280.02843352449,18873.75902072225,60969.45460712501,44272.88681504365,74035.4096610942,41773.25752197333,11092.31709307291,16387.18520603939,23840.76387884092,135566.7903283571,113060.1343231066,52072.33303959169,47845.70063522261,29500.31529480591,158337.4310228713,86762.2259091294,37879.99174601404,33077.12589378013,151324.325228784,35665.6113971317,6348.599873468243,19133.64485691204,42899.42885102615,23656.20111401764,37865.03977079554,1722.242725697298,34504.25853835684,26168.96515554212,18526.19854295053,26176.2135707643,65837.44254878744
6845,25926.60653933726,19093.138875837,60898.04078665332,44273.02487156769,75412.27360664927,42543.35104979088,11608.39780778317,17778.66922447865,24876.83273457562,135488.8059225481,110398.3959929583,52073.26300979713,47702.3390219256,31793.80725356946,163153.0408650343,86437.5241594613,38356.15206937434,32038.18946490874,146102.4681196702,35070.32525109828,6192.568448113889,18750.4288934853,42872.33115747373,24309.56612609611,38941.02581120856,1709.512358739113,35019.17080518727,27180.21261163544,19038.6947132587,26463.17552348685,65576.85143607177
6846,27303.89615776666,19759.95401186622,63231.61514070579,44374.47296430419,77497.47450324321,44384.41358888772,13737.66515241922,22103.60406258135,26527.14732435345,136689.295120102,113057.6618260563,53732.14097512318,49173.97645994235,33802.24577999657,172463.1641512595,88665.86185510096,38315.78587081032,33060.99416402095,142870.2956678048,36480.66455716687,6390.640669138223,19805.26383833176,46485.55012648567,28426.44059205168,41848.29035652914,1722.85214099647,37087.8771130235,28788.01964578339,19365.48895130965,26558.62970659017,65792.02690698326
6847,28946.28029312462,21795.14043675621,75202.57157124982,45500.43362552991,79180.92493949496,43589.53464963429,14852.07206872483,23381.19139246642,27214.67978889391,133421.2059596497,105373.6960939901,56790.93835376156,52948.81372904484,35201.21556484541,177208.6906094481,90936.74789158572,40950.44970324347,39579.79240885249,139094.4505842265,39484.18238282458,6681.288087404312,21071.17742211508,47102.08492999538,32031.17080310686,46547.9243433952,1885.976356429077,40449.58876541232,30027.13604628322,19649.36776587561,26023.37653644072,65694.9152223362
6848,30916.06148130841,22701.59500806952,73133.98661220132,47146.68198698607,78783.01497130863,41865.54120453098,15313.28966038331,22566.18078097162,28424.98189467895,121044.8911896377,99821.92209729599,54519.98975601298,56982.13212338674,37457.5178878019,177559.4052866522,102526.2964086243,42718.57178794569,38703.88005724247,135500.9050741731,40842.36589138746,6965.391546448695,22151.25385844004,51974.27146930256,36219.92699960551,51248.42488407311,2100.763889204875,41403.43471695064,29748.8264797445,18799.00093286582,25230.96550598175,66325.38480310733
6849,32388.99128126622,24162.63447934786,73728.54478040962,50018.44901823834,79734.00243659972,43198.49695131607,15362.73510454341,22649.59347456569,30643.38394650779,120417.2245806036,103848.144799177,52052.24760392778,60084.46065730828,39407.22498167579,177559.40526168,105294.9113630121,43626.38711771441,39063.90863030796,139262.7013376877,43280.52900025257,7695.082821595256,23307.56526988813,58515.59491735137,37509.07221452436,54057.99724862327,2330.139457186979,42051.94835670324,30454.31593731963,18114.68607684712,24392.95198500885,66480.46871063733
6850,33285.34677779077,25185.37716816732,74398.35623006368,48302.72809980803,80396.91891478573,44540.01723161353,15503.81364293755,23757.513756627,33003.2372251774,122615.757288544,110938.8918547561,51292.90434535516,61856.44855854213,40692.77750846354,175638.4949565382,103895.48467599,44511.54024364668,39061.62358248086,148987.4480089608,44929.74038424431,8370.08816993893,24669.58839447719,63638.82653660452,36185.97153486565,55180.17816489171,2465.492781757884,42254.5045905025,29714.19447493489,17569.19532575466,23976.75164217843,67223.16865388105
6851,33721.80183964002,25500.43753925576,77784.49459809394,47145.67705628441,82394.03512517619,44187.76794016919,16011.34645432977,25036.19547257297,33602.57423308062,122998.0965924642,110146.7674105191,51393.72774014317,63607.22083889061,39066.87813002846,172748.7239977517,105099.2801338623,45107.03342872683,41636.20033720611,157668.5371527607,46556.43280195096,8322.776645545393,25450.51246476983,70767.9198212248,34837.30088261615,53463.11476178202,2503.998377678016,42549.90542163712,30027.28014065434,17585.19254390312,24071.43921118656,67010.22145625905
6852,33297.21978345386,24662.24938956244,71553.10968114722,47146.11182840697,80765.92053933423,43273.17513144369,15088.93694235148,23390.10917950062,33202.78439332393,120821.1354301371,105379.7920072728,47943.30092033764,60059.75705883208,37682.57346254893,159205.0371525506,110704.7674011851,44402.1501175799,39885.47022283607,161897.4490386964,46582.27888877031,8111.525660527864,25471.15902958572,66053.42382320116,33329.80627254021,48740.32620755515,2463.744810876432,42117.40852967142,29580.88386577877,18167.38683608137,24455.76967435891,67057.03127542778
6853,32859.37688282511,23512.87997561169,62353.95174680455,44780.55188619669,79670.93837882395,42847.03017532046,15224.17542339835,22284.37251663988,33167.63337305241,123111.3798910953,101345.4679306549,47101.61354844365,57722.28815074781,36776.93858501871,161145.0418357859,108245.3553132811,45117.00994533016,37398.71270655237,163875.3100377074,45194.38388273191,8164.491739098124,24540.8850631946,63777.16577727326,32983.05671954338,48180.84619235497,2279.949047354428,41872.1738549853,29363.51597947379,18466.18140445452,24073.65700978143,66116.45083035785
6854,32212.40261724928,23196.07114796606,64957.05137316146,43775.59733514142,80047.2426339701,42423.57951753102,14456.03131484474,22447.11429064075,32731.19462262778,123310.4917939404,96639.2605040184,47573.01389503472,58238.90605466929,34140.71403937111,168909.5174407994,104221.5890696953,45147.01067403519,36899.37255990415,168239.5962433987,45466.67971142694,8323.138861555566,24373.97362515326,64933.49531095691,33126.90776584493,48149.89829224635,2258.17774765173,42360.13249362491,29180.45595659452,18576.86573901793,24073.45706099974,65648.39316366048
6855,31786.68473945523,23121.61997463269,68104.80723895361,43231.27657308595,80573.3626525963,42558.24582293238,15087.71684732911,23018.30199085413,32130.91235771387,124142.9573496632,95764.74750194584,49019.32482047411,58197.44425350733,33790.5247980399,177632.970008929,103966.2814569753,46102.32830418812,36399.8925432502,166125.4192309763,46555.8668820709,8371.455509585086,23735.62802179508,65966.00154542444,33547.02912273828,49860.45723061652,2212.554957546115,43363.31834681339,28650.54847465712,18503.10814342929,24647.52360965385,65949.53586476955
6856,32860.42442931319,24080.6732900693,71628.33341776046,44274.08359889656,80997.38360839109,43884.11843412316,16177.9592092209,24584.3608208995,32216.16907850358,126251.9354591476,101402.4334820248,51292.1468470215,59489.17885469585,36701.94080733362,179477.6082117957,101042.0800805241,46504.98670464821,37730.33060597494,168240.172145307,46835.53543280646,8417.432641721296,24588.64747661589,67016.04144224476,35728.34643521223,53219.31944848623,2258.695341847478,44290.87326664117,30885.60371456109,18478.21113931557,25688.51442151426,64830.69975874422
6857,34112.77048513315,25272.3662556347,77589.98750328601,47663.65804386527,83484.50642676168,46046.42906768253,17223.03906871392,27804.76274590007,33587.70314261378,129453.8065113983,106967.8467635026,53032.69152070178,62721.26992861468,41558.76119855384,188103.3703375744,103542.2978998677,48080.58796141031,41407.43909827153,169208.3677036338,49541.30399729375,8761.32805618089,25634.99917335986,69111.87330734392,37728.71160030179,55735.08681337058,2331.689287504453,45495.07222805033,31468.40750613447,18797.25742614862,27037.15043865652,64783.97790348087
6858,35037.16844292459,26765.70453958759,87325.69123139394,53014.44804688471,85053.668396713,47655.1902640753,18207.34603298168,27056.58799673881,34715.01680112148,131386.8131033321,110937.0829675723,54274.81031176268,65092.38721870275,43882.39675353656,198697.3478775459,114579.6537304924,47672.67839044309,43454.05071481902,175640.8277894053,50365.7734208013,8902.69431680158,26221.61940541151,67144.55291924372,39274.84832594104,54376.65392752182,2403.865447470367,46357.4910703029,31872.94015050228,18192.19337553117,26850.77431941708,65302.23635230475
6859,35446.65869691078,27455.24296298095,86938.62528865351,57084.97921252715,84625.14075670668,48411.96470979612,17763.14722615617,27024.21043308855,34628.70698870964,131033.4973335102,109407.876937111,58124.57753576968,64039.9455977564,44573.89127484128,188305.4720359504,112166.5186022082,49305.39561847781,47384.5973807658,179870.752128475,51186.45642252275,9294.94108172528,26743.1220656541,63898.19276090388,38196.72502618704,53765.97051016099,2427.140542025165,48614.58382145155,31837.4885441618,18901.63193198007,27400.2968976606,66660.35995463339
6860,35446.65869940956,26821.45859164114,83975.90881593217,54719.22787957868,84751.87781110452,47393.87719310345,17243.33223031092,25953.57133297128,33946.22158156033,130680.9659835289,109237.0457309346,59288.90718344889,62293.42900995643,45004.09307838138,182186.7329866941,109172.9952469578,48349.08728845901,48048.8963340808,178812.3500389722,51185.28356166835,9286.986600716322,26816.26610064682,64919.09777905577,36628.91811740436,51820.35175389743,2623.167299025107,47564.71527354995,31275.04079644534,18481.51314144834,26665.79413724575,68821.71025887853
6861,35013.58245740404,26812.38937709313,84013.05997851658,54197.07254804979,83135.26228297796,46592.25052905951,16152.92152307267,24304.82750719843,33166.22658144979,131332.3612927379,106452.9835317164,57402.59018828514,61694.82555384878,43749.59013136391,180440.8109798057,105331.1781329997,47327.45300389561,46740.24932540777,180925.3824517099,50556.93070448433,9096.225083102738,26025.4966923769,66380.32258183678,34867.34197675042,49856.37353782974,2647.348297377661,45677.8698385391,30276.65753187815,18258.17443833375,26272.36700785262,69060.10823458227
6862,33472.61395187534,25935.19617366328,81864.47487610501,52796.69379735264,81771.9220768173,49266.47466958697,14843.218980328,21734.91457897912,31632.61639718356,131344.5198002656,100611.5035018284,55335.83795371032,60059.34754521893,39813.20592467837,175556.0715420291,99713.88116437923,44608.48586704878,43928.20844968387,184134.3360915101,49254.6910473805,8903.068569692401,25048.98880889943,60038.91056995994,31379.13211548681,46504.07992109225,2582.272677473616,42752.42325347635,30641.6678994191,18097.3245031663,26358.72460876842,68369.18868061458
6863,30930.84521842276,23921.03378207087,77264.45916091569,49539.98066870919,79079.10593485794,47061.16112128321,13069.86049803593,20091.41757181058,29670.60469962308,124800.4972809561,89577.70627706559,53072.48671108854,57262.38305238605,34144.07221948209,168698.1421818038,94101.92628802673,43079.60520621234,40407.55710258676,187051.2869718495,45543.52808187141,8516.459900852837,23180.79953553026,54438.39689869055,28980.34122711718,43981.08176398008,2311.382152408286,40941.01721867391,30702.82122788492,18841.04615957303,26280.00664084463,68609.99588027284
6864,27213.08998414004,21461.61838909422,69341.55750187887,47563.7318849087,74989.22974070102,44583.84535902245,12089.54383804363,18047.74677329274,25886.43951686244,144712.9737154357,132083.7048279219,53295.96161715377,53220.72682944622,29911.80543173361,172113.1902379871,88001.96765212012,42165.43954317636,37312.97491724658,169305.9067291401,41466.44793931217,8063.428014636652,21965.09994494371,51386.43784820528,26128.94779417292,42379.41161004447,2078.845956757264,37118.60863180849,28488.12452009941,19165.99937949718,24999.68578002684,66448.24735346914
6865,25483.76671964282,20002.69052718409,67747.77233762918,46471.38422260927,74218.8758331994,42641.95501294723,11488.00761406594,17011.40601366214,25360.01356309573,143984.3655540626,124778.6367818326,52916.33129228191,50236.50084276396,28354.88652493917,166503.8860328403,87392.04920546849,40147.43917424631,34592.2743058273,162397.337016803,39562.58202750138,7426.985225132172,20870.7097795246,48196.16948896074,24762.58421542163,40532.15329573634,1905.526476104098,35989.44656000614,26600.1323910084,18941.93880281912,25295.84418904768,66145.13855073195
6866,24796.85733510502,19579.44670172771,64657.70933612794,44845.89530907285,74068.30808057557,42212.18974591286,10748.25295654863,16624.81985862698,24122.59425843097,139956.8303198695,119321.4474756186,52173.99771904247,48950.14674980409,28125.13858823958,162741.9147799496,87964.77814253634,39177.48390349144,34204.50854278116,155009.3185690363,37152.78724142654,6939.140434703101,20125.67377524725,46078.0130633053,24328.63671448444,39622.19526703285,1818.057243323125,34981.76676634635,26472.75241060057,18589.773375217,25192.09522070839,65717.73457858419
6867,24550.39270426114,19222.09054859342,62651.07415806291,44876.66995621617,74030.76700128597,42354.3243982065,10919.16399045774,16250.93902893253,23306.91357467538,137420.4037105338,114972.7483682445,51562.27877874466,47333.53446683349,27906.30505770589,159549.6692110595,86999.80183643932,38242.72738056297,33279.15188561464,147278.4486724385,35746.81826169868,6540.353302263567,19594.76510859789,43914.96936936931,23673.71602997656,38886.88076518996,1733.066160145939,34992.0559678408,26357.04249908514,18658.30504924271,25295.81747966358,65595.04472802699
6868,23850.33240792119,18805.97134612541,61628.16735654746,44574.33007377954,74850.77690492565,42346.89983725738,11078.52237844843,16604.78331538401,23291.67397843818,136370.9636893123,111335.7038968393,51559.43846026127,46891.42094806752,29018.072027209,155086.7986306125,86691.94888033006,38147.90310569562,32948.72132686718,143437.3432975295,35046.54065005259,6257.092705001019,19218.11798579363,42853.55306555501,23680.06958315348,38371.56187798677,1651.398435454251,34490.02446181369,25913.57036809701,18615.99959058426,25394.58283424688,65593.67386944067
6869,24515.82075882781,19009.69515318959,61556.15082553704,44574.47373424424,75908.8040884374,43102.02439916555,11587.74780067766,18021.68723785202,24360.48400672471,136279.8972108922,108882.6958288147,51560.3956755344,46748.2772221971,31397.09494566489,160284.1266380805,86358.3302538821,38611.51428196784,31899.53684496194,138704.9201772329,34461.63097692223,6098.86510104654,18830.36235189989,42825.98559728125,24329.49790636938,39445.14197234169,1637.043979537278,35005.55564948437,27043.02906069704,19216.63241209191,25542.77951974805,65508.11334581069
6870,25933.39148794684,19628.92301277968,63909.41982478292,44680.03977139955,77511.14049851015,44907.30063258739,13688.73129357941,22425.63083714669,26062.9507623067,137681.7713736602,111333.4252899816,53267.87330792735,48217.67799945853,33480.43396345487,170332.2339587395,88647.86199198042,38572.21192963018,32932.43047397257,135775.6926399077,35847.38656356265,6299.72523464748,19897.69313069816,46501.84454452553,28421.56716610904,42345.90576262464,1652.085597503534,37076.74852741932,28838.78302754238,19599.62716722336,25592.07523097013,65578.76243960226
6871,27623.80986117746,21518.8683149455,75981.4074220075,45851.70502199254,78804.75874554101,44127.87243446342,14788.3351274671,23726.55738392804,26772.21017958008,133865.4523555507,104252.0267461465,56416.28338703803,51986.7781011312,34931.57538458153,175453.9232939877,90981.11052262715,41137.4395189769,39515.53004492293,132353.7497949,38798.54986771927,6594.463582921595,21178.60303785654,47129.06780256928,32004.57796915759,47035.03118763154,1836.020543535305,40442.50093302858,30222.74773494891,19932.32610867392,25315.65271234849,65546.87752034163
6872,29651.20055502652,22360.6337363972,73895.36424623233,47564.7773036335,78498.9917419888,42437.38972302504,15243.42619395596,22896.65799810878,28020.75946350004,119412.9808616676,99135.61607140474,54078.80346626055,56013.96647680564,37272.02175796778,175832.4380146995,102888.9282703188,42858.96296237657,38630.97770728224,129097.0199571698,40133.05878807294,6882.565864226053,22271.4743250437,52085.72020497071,36168.09585389767,51725.02122880281,2078.209804918979,41397.49340053823,29911.90476840613,18935.7172366114,24906.42533166456,65753.88115489148
6873,31167.20862081616,23717.40609457098,74494.9403013356,50553.11406724142,79229.7615415068,43744.43567001096,15292.21483585258,22981.59449121323,30309.26601076503,118680.0216615099,102846.107316736,51538.76458740882,59111.57995231477,39294.43907793192,175832.4379877477,105733.5742236894,43742.8529301544,38994.55759668231,132506.2307492903,42528.72211158113,7622.527713774755,23441.48368560183,58740.44623446044,37449.47364399878,54528.3112817787,2336.848184303097,42046.7865490201,30699.8634382595,18133.71716991246,24473.64730992648,65804.80023726754
6874,32089.77951495179,24667.16072953682,75170.40475228555,48767.74922363133,79739.16819463541,45059.87967435348,15431.41937544008,24109.75447913411,32743.69383432743,121247.3635464198,109380.8066666484,50757.17506942015,60880.87470665287,40627.93358285962,173759.2631966058,104295.7168372849,44604.67795370622,38992.25000917837,141319.4968009099,44149.18598086677,8307.033919382502,24819.64167080248,63952.495918675,36134.34497939061,55647.98295847468,2489.469341034152,42249.5862539551,29873.2244052184,17494.41551671575,24258.70762636655,66048.65274390775
6875,32538.99942627216,24959.73681050659,78585.12107996742,47563.73158114705,81273.81745758283,44714.47735336761,15932.21043933694,25411.79540443642,33361.97069963867,121693.8411929228,108650.7996518399,50860.95225799031,62628.98608456041,38941.39970615682,170640.4292313273,105532.5706195327,45184.4769887219,41592.22234960919,149186.925210962,45747.52341348532,8259.056474279882,25609.81675952127,71205.18156013706,34793.80040772066,53934.75897499597,2532.887325842284,42545.34215476347,30222.90867344029,17513.16386027315,24307.60743260231,65978.73526458851
6876,32101.99976628415,24181.36597603646,72301.14520323837,47564.18400138291,80022.7210836428,43817.66226654244,15022.05363669586,23735.63808285167,32949.54696199428,119151.6895325549,104257.6446253703,47309.43928345463,59086.91389947841,37505.47030711299,156023.1771548344,111291.9943510227,44498.17079103358,39824.22306018534,153019.4698334049,45772.91897542459,8044.832082517533,25630.70790861724,66408.95347523301,33295.38883259794,49222.53075712905,2487.498371065702,42112.32540464519,29724.33025926039,18195.48115479341,24506.08845156284,65994.10444812429
6877,31651.35142654595,23114.02133488561,63024.34922351666,45102.6021025397,79181.30106170077,43399.80065405249,15155.49569459449,22609.70160491687,32913.28512209555,121826.1280387752,100539.6873051937,46443.09324051705,56752.9975817527,36566.06168125541,158116.9598750451,108765.0425145318,45194.19057545029,37312.93620582013,154811.9499654477,44409.2164607089,8098.543670962013,24689.41368823238,64093.23345490743,32950.72853304776,48664.30176070291,2280.25468407151,41866.79595964443,29481.55283895645,18545.66099037191,24308.75277747384,65685.2813476063
6878,30985.45532952936,22819.8215759982,65649.41820493413,44056.85479853094,79470.46553034776,42984.58096851743,14397.55513052845,22775.41637768864,32463.05431880024,122058.641444699,96202.53490498268,46928.30406646734,57268.83030655241,33831.52468480887,166496.9009101167,104630.7766268234,45223.40063861937,36808.67057560758,158767.1805494786,44676.76588247529,8259.423788564634,24520.52497628238,65269.60950595986,33093.71284054122,48633.42306128599,2255.705889613023,42355.34112105716,29277.09374947968,18675.38028978744,24308.64951728049,65531.60281791924
6879,30547.28662895377,22750.68361224151,68823.74015584994,43490.43916427378,79874.75332021496,43116.62964987462,15020.84974865041,23357.03864727504,31843.80232508257,123030.7551099779,95396.60014220799,48416.9871440004,57227.43152090034,33468.2758721238,175911.8339799007,104368.4578214447,46153.54098946415,36304.26369571377,156851.1610252129,45746.9673581928,8308.420504652182,23874.61737405183,66320.0156154714,33511.30286037779,50340.15712425784,2204.262727642,43359.73279642375,28685.24196469481,18588.93821409467,24605.11655397473,65630.47774471829
6880,31652.42961026201,23641.29406731762,72377.0038049032,44575.57543705129,80200.58485865983,44416.73014222495,16096.61001490689,24951.70654838098,31931.75327318261,125493.5193960318,100592.185687746,50756.39537887732,58517.20288575474,36488.26701916192,177902.6908203911,101363.9527713009,46545.58737702498,37647.82517912724,158767.7024732784,46021.76098758523,8355.044775616117,24737.74190693931,67388.25935679828,35679.47718629585,53691.50879737204,2256.289516392215,44288.40263059187,31181.56722508469,18559.75954175667,25142.7187918019,65263.12752279384
6881,32941.4025958295,24747.94183891727,78388.97240548872,48102.73826629679,82111.7711883356,46537.01009640576,17127.8076891164,28230.93940983704,33346.62966266555,129232.5120581988,105721.1660712516,52547.93228551505,61744.3816823176,41526.21231362284,187212.1898353547,103932.8309358389,48079.66385535982,41361.20461331489,159645.1510417577,48680.36511799583,8703.780598014057,25796.48894299349,69520.42526739389,37667.78964712219,56201.65080993088,2338.595735732219,45494.04903048908,31832.49871025826,18933.6738899104,25839.19923386678,65247.78722066442
6882,33892.83609934839,26134.70800430856,88206.8424593881,53670.72560870879,83317.56644857243,48114.50042681235,18099.03973711846,27469.09685704425,34509.56795249866,131489.785179201,109379.1396301836,53826.44107087627,64111.89524172294,43936.50297033085,198645.9184769275,115273.2918221519,47682.50469124841,43428.00397552521,165474.7097972359,49490.46315945554,8847.136621630569,26390.05842245897,67518.99875194753,39204.61050932308,54846.2554321205,2419.979839575435,46357.50449398541,32284.31978418889,18224.55380478533,25742.94841432149,65417.94829712986
6883,34314.30257244381,26775.03750337423,87816.50979990674,57906.48630841867,82988.2718269241,48856.56480100308,17660.74138860058,27436.12781368616,34420.53063366155,131077.1998348089,107969.8520650216,57788.9938097207,63061.05316887871,44653.7853256863,187430.3114963185,112793.8877913636,49272.19185641831,47397.32149362911,169308.1719776509,50296.84078050233,9244.904350995499,26917.73893135897,64216.35860299625,38132.98317416498,54236.93752630494,2446.224276978354,48617.31025438236,32244.72401096184,19055.99822629193,26026.74012932455,65863.86437369326
6884,34314.30257501563,26186.48316724528,84828.78891726054,55444.70524997346,83085.66071501574,47858.26672128097,17147.83128908448,26345.93006768162,33716.47776759677,130665.5304985822,107812.4172329514,58987.43448570714,61317.19101552684,45100.030600832,180826.5593499856,109718.1570598883,48341.08691548143,48068.17308165273,168348.9717517023,50295.68836386447,9236.83790881635,26991.74944856322,65254.9623736076,36574.62269713548,52295.66924820869,2667.259338351349,47566.1797720394,31616.52811888434,18563.62940649426,25647.41850305239,66573.50585705714
6885,33868.56030270841,26178.0611773874,84866.25362415687,54901.35477741047,81843.4005922442,47072.22195965885,16071.90491367551,24667.06666506578,32911.83387398182,131426.198945736,105246.6777839562,57045.85460812292,60719.49734387001,43798.743604459,178942.243626189,105770.8369424807,47346.37767754263,46746.6175989146,170263.9539572711,49678.28836765254,9043.39137847691,26191.61239157428,66741.51946059939,34823.66049669164,50336.08256276472,2694.525251110993,45677.06636239051,30501.43739611695,18301.88197661022,25444.2396634566,66651.77965320065
6886,32282.52362697799,25363.46888567457,82699.53512857249,53444.1323571577,80795.76549136936,49694.46492056631,14779.59963794308,22050.20606146393,31329.75954045328,131440.3970722962,99863.27946856977,54918.55333220235,59086.50500826245,39715.56022647967,173670.3063386502,99999.27919468284,44699.06858705991,43906.83879502992,173172.1389343067,48398.74813771543,8847.516142217875,25203.53655576059,60290.17059911734,31356.46797896099,46991.28480313862,2621.147545641019,42748.10341157961,30909.11617940991,18113.36983545441,25488.83759744101,66424.92832965555
6887,29666.416666961,23493.04723622054,78060.6967046757,50055.22390290689,78726.51769997379,47532.01793603914,13029.79733731659,20376.68532736772,29305.74562828801,123798.5989544257,89694.73911780518,52588.89334406346,56293.79146784065,33835.0081011853,166268.7706027059,94233.21024233055,43210.48138905898,40351.45979692755,175815.6899734178,44752.27470379895,8455.46586645072,23313.21625320572,54592.56454084699,28972.130410251,44473.92816668076,2315.697898105422,40934.52007975541,30977.41811480755,18984.99320121596,25448.18502372865,66503.99315225022
6888,25084.05304218708,21048.56777535231,68889.11013467466,47112.18055715179,75192.46239604079,44748.15312920907,11953.85288788873,18453.09103081814,24873.51585958862,125097.2433405447,98557.96956906113,50655.51838601178,54241.00251857334,30582.00468567153,169854.8244266232,97399.33623170039,42807.2329925412,35855.7644735826,148777.8453401902,42876.71148620292,8365.753464780064,23440.19636818954,52924.98888924638,25636.57057383407,41080.88588002327,1964.193908973991,37197.842599689,26400.08745333916,18127.4038810181,24861.25004927474,66109.38840014103
6889,23930.94790343632,20198.1717790883,66709.0389909316,46838.78219309486,75043.397577288,43118.44006695539,11310.62158318901,17599.07692438011,24884.3554522935,124876.3824565233,92954.80991589616,48936.86927224062,51754.33771966116,29707.923406887,166020.025629927,95891.20355846148,41602.77369137036,34475.44895993514,144452.6089351365,39019.95104307366,7658.151251446581,22276.93092815355,49007.08416374385,24237.86678435548,39734.00619812204,1859.623651818798,36058.95342682824,25967.47968236766,17777.94403052699,24779.78821923392,65612.87535106592
6890,23105.90320200459,19785.11763395981,65401.33516894539,46287.47957072467,75073.56114131946,42289.57128380683,11190.18673342251,16915.75370088049,24031.96225594335,123297.1254991097,90300.10125990216,48306.86753619066,49678.78337382981,28692.25846024451,161988.4351833871,92382.0820964438,41433.75014452148,33200.68678101893,139287.3103168688,37126.13683783777,7149.171035810146,21296.50074477569,46154.73782223836,23964.9495474576,39462.93143446262,1802.869784971494,34709.89598194984,25968.45606540109,18256.8334543803,24507.61676599639,65147.31115849683
6891,22612.81551707772,19472.84926450162,64119.25699930406,45660.69457161675,74829.6632404863,41991.30451073345,10739.8831768372,16575.41609778549,23467.97893266541,121604.5657592567,87958.27221956487,47258.49558574171,46781.28391213878,28332.02685305696,156256.7947374645,88347.79974257949,41281.12683279374,32586.06672559666,135853.5121756663,35213.30113199344,6197.596152035218,20629.67346698813,44266.5557394592,23401.22361714831,38928.79149877044,1707.394931624545,34310.83408008509,26046.84726143672,18321.5482410614,24566.08656613404,64814.45198096083
6892,22612.82075231202,19327.15391317761,61874.16851045322,44971.20846651868,74632.43843503503,41991.30452507079,10860.4847099682,16239.38498445091,22992.80956516361,120591.9994734495,88402.01546907703,47090.79978050159,45921.91788312478,28332.22082843185,153723.5944460308,87771.02170226422,39650.48582826897,32252.05562580234,127506.8872410151,33614.14242749615,5953.555587048432,19984.87098440024,42839.06989433335,23685.26061796572,38923.32035868097,1650.856460698228,34302.82351724217,25882.30843430166,18036.80318026785,24492.23050207696,64691.3301609775
6893,22930.62336037281,19387.64371327031,62799.29623181894,44971.26294456988,75191.8979428124,42303.26153243109,12171.04577275363,18158.77279473877,23195.3101130279,121841.6885090884,92267.34156282785,48773.25327824644,45537.99312452816,31430.02060479653,157722.65068429,86614.01233832358,39075.83318637423,31827.42143289405,126065.6015610294,33283.53509743711,5867.267116278525,19299.82472064916,42840.26585532856,25131.08673416139,41233.1015007035,1648.063770316602,35304.99350197818,26308.93944853449,18295.66232699226,24866.0885848094,64714.80056853957
6894,24293.16593485616,20063.00452954086,68708.06052701006,46383.77062132859,77280.90055378941,43195.38076516345,13921.72913588167,23697.1915241895,23581.94713203822,126374.948742824,96200.28277181105,52980.12758025127,47056.69547929455,34595.70885868961,162303.5343722916,86615.70845861905,38295.82156556362,32970.22985141792,124966.2752270102,34559.09991872585,5991.50055661767,19010.94351054466,45187.53256308323,29153.1601884634,46242.91553614085,1648.091538418018,36579.54550273262,27806.29301853048,18955.75315536252,24822.55410125412,64692.57729269787
6895,26243.76038322557,21151.87737550411,72565.39665148237,50323.62693428911,78615.39874388099,42603.92859858047,14681.76960950884,24390.08603522065,24853.39656349419,133626.5919580435,109088.5705133143,52086.42818355046,47610.14156621545,37273.13269123375,160745.4163975318,87770.01921524997,39499.80844740073,36218.02965499918,128147.4787207843,37118.03473983863,5954.086107204606,18823.49079074613,47149.16353242888,31882.18374009466,48647.48206116676,1829.110188836805,38350.67121283159,28722.38383053951,19887.64608598354,24951.26265635336,64897.82008524485
6896,28704.04293103422,22571.11179078342,73813.48754090551,49555.69877109451,77588.97799951443,43246.69139066085,15123.0228383074,23394.46944037505,27295.58734574732,137030.4479353133,121970.5334029555,51684.62757492316,50409.00628729707,39827.05767768277,170021.2855220451,87772.85612036666,40659.53038354255,41161.99583355886,142146.109082191,37761.19054715105,6211.674200142563,19833.356830365,52492.44454975974,35085.55229932236,52923.57232212416,2128.754221134388,41130.55429692849,27733.5053531977,19809.98834377609,24394.89830043444,65413.06563807077
6897,30509.78200621358,24336.09080619203,79107.09891923246,49604.48098978615,78162.87987549114,45686.95836313795,16412.33041333986,23745.08549714413,31562.98967336597,139865.4921280448,127678.4975119796,52168.16285418246,56576.70154826711,41482.07323017644,177489.1421030182,95828.6067441268,43387.66733421979,44406.86912850502,169993.1804185892,44526.96875920669,7370.122062456048,22058.20955155476,60587.43095401704,36475.74059933968,55077.19174926346,2428.875417480997,43319.95457515107,29253.40677930249,19111.06864279388,24052.66789565874,65580.14720997187
6898,31170.71623909045,25208.09018565883,79924.61746397956,47116.17411781393,78044.957163975,48120.71511353438,17299.01528821696,24103.77127277383,33548.49380496026,143380.2646357056,126201.5005821245,50472.99284867138,60502.34237698207,42861.67694403805,184824.1035540962,99851.14483692471,45550.25114523017,45425.28887222213,177090.3968859264,47662.02969159151,8107.247138669533,23574.28391326435,65353.41501509479,37283.89156899631,56730.62582326846,2484.096106862407,44770.70955112348,29652.05199304269,18554.52147673311,24227.69170125624,65701.18341192341
6899,31838.74382001445,25896.04584535704,84149.4680696969,47122.35118890171,78747.36760883649,49342.90080429593,17980.59553358658,25599.59030333757,34418.93767603663,144404.8505614595,120384.4042460554,52792.31539137684,63358.42337039815,40918.4759580368,191139.0948659624,107371.3277547574,47020.52810055767,46688.6811286385,183451.2130466709,48575.62069051422,8451.901725478841,25063.60082826911,71126.77057902589,36034.90728746483,53467.8975998661,2556.996783121899,44911.52458255223,30464.43281285341,18218.00458478481,24224.4752171115,65966.75465889947
6900,31848.77305452611,25418.76654405662,80186.93072429634,48022.81974263625,77545.26177258191,49335.40206921389,15988.96306270703,23485.62373558872,34685.79235702535,136822.0485897663,127838.860328568,48095.23113204708,61327.65662144274,38010.71558445782,188098.9441309751,110878.9695156907,47082.36348059065,46213.66894406514,173370.3041319125,47094.72544575782,8451.908213357457,25961.8815270964,67744.99881643176,34104.321504491,48636.35112010519,2447.87007980933,45932.77636212357,29146.20298464769,18218.00458478481,24475.73465057386,66033.28251355847
6901,30846.77542549198,24995.6424033451,79395.76053862652,44954.22326114203,76110.54727304803,48731.94815125744,15965.20933920161,22720.08642238189,34950.45693942574,129126.8276326889,130731.4950532673,49294.88337806112,60978.11900783853,38376.25425953661,189619.0593967615,112419.4977724787,48457.35374547353,44748.856872819,167135.9509344286,46069.04661889168,8814.518662100752,26791.27994071341,68333.97133830686,33956.66397288764,49176.00084682692,2280.106135918693,46291.47441657713,29079.41447181825,18554.52147673311,24651.04569584434,66092.42522243579
6902,30194.56935750389,25300.72660193257,82371.38925252104,44257.55073596693,75709.45949843523,48720.88121986615,16427.89067262618,23061.88527418971,35192.29949005359,136716.9651199378,128824.2215689034,51004.5550482542,62115.17949103755,39408.8444610414,195679.5683663074,110976.7099982518,48463.53848541513,44185.62627541558,177963.9344632016,47662.82156426957,8840.654671574192,27009.45666444903,69212.47782325294,35072.61054954272,49721.57711596219,2230.948465958746,47434.24595458318,29039.2352785189,18658.06513602617,24822.86921586635,66014.80160345155
6903,30191.42741669411,25264.43891781615,86444.07786467228,45681.86230097763,76094.48790886007,49064.17047469241,16427.87259722376,23404.40244681802,35092.3184386273,142157.1778914194,127719.015221943,53230.95564936111,62115.16401187611,40119.48627863983,198741.2444351805,109769.3091061844,48470.41141873441,43774.04343043986,179076.4821094036,47664.89935672747,8710.372302477397,26723.6751722244,70213.57788522395,35902.22579813212,51349.97958976275,2221.050592418785,47965.99567532751,29409.17901244117,18476.86373150922,25079.82164810907,66013.85971884627
6904,30861.17670319186,25402.41711430932,88196.84271101738,47832.27121083703,77474.34407808766,49641.0422126296,16861.58525572707,25275.38989744921,35088.07166442962,143748.1893496634,121637.594253115,55244.2659625091,62329.40891758208,41562.89587522758,198745.727900279,107981.7023524649,48412.00676023599,44297.96105427632,179200.0486769929,48406.94507463246,8366.34243844739,26562.26388881104,70197.38112556591,37828.896713781,54013.6757727405,2229.69433915131,48992.10505422355,30283.14894803611,18282.71937146591,25717.91057726681,66038.19157880149
6905,31507.65485082909,25554.54351354703,88842.0809034901,53544.54155654822,79967.99247760189,49955.52892877002,17520.8054235359,27841.41069601657,34818.25158561061,145792.7654564857,112446.6462379783,56156.77307313737,63772.87084931444,43576.5261308014,197219.2281333107,105487.1153981853,47906.42078315322,47005.42277729753,179076.4726715377,49260.52644681327,8365.751716243502,26437.5920682664,70213.57891449881,39153.10451308318,54557.87566276175,2334.693187204879,47290.65362656042,31956.04585439722,18347.434158147,25763.26033756843,66348.56907319075
6906,31838.75244992213,25300.45934713798,89262.26906180897,58770.18596915171,81984.86614630482,49640.3132292426,17412.50612489527,28182.29348459433,33359.10735683073,146363.4332148395,111661.6042949829,55902.35332112973,61704.37283986972,44601.09529049044,191142.4468834926,105489.2428988452,44891.58621682604,47738.94127091431,166075.7008044832,49244.35390015043,8193.90749890607,25771.29859382526,67415.25406573167,38589.91210968101,52429.13033452727,2470.150673761634,46366.86472253314,30721.58342913793,18619.23626341421,25971.89952357232,66331.38479991847
6907,31838.78048825438,24822.76251049629,87604.22414891166,58178.792277876,82936.41392957703,48729.2180273702,16211.03031909346,27159.60780887731,32936.55885313817,140367.2237161158,115858.1899697832,56491.82839654574,61283.42111300262,43597.77009671537,189619.6349726098,103916.7963280426,42729.02072935225,48078.14240141527,166179.1723875533,47345.60068435772,7496.466558519645,24932.73206598846,64447.20108651113,39109.78311582257,51333.31130095423,2557.529066501295,46522.77023373353,30457.49870934116,18541.5785181903,25508.93976092411,66440.42462352169
6908,31804.16297490306,24810.67369810045,84625.39164681187,57395.80631656694,81502.65204457319,47462.97912612546,16864.50225466538,26079.86617518789,32060.00667344592,141960.1795278805,115858.1873442262,58983.52376178415,62349.76960671311,40454.85473275473,192659.8912025319,108553.2710017407,45579.33152998459,47258.37026416359,168255.4373984798,49298.53597451292,8451.25613379498,24334.68531059422,64460.82257639106,39110.16720778486,52413.6917776733,2754.174207754265,47385.32807602559,29479.87816281765,18541.5785181903,25716.41667994128,66439.68629297093
6909,31505.36303231863,24726.91886141598,82808.71102630645,56389.24223366383,81249.13472055852,48718.37481598653,16815.77137372406,24444.49544079487,31464.29299093013,137891.0011276766,113542.2100464751,57020.86233707213,63526.88139878489,38960.33282665931,192527.5137436893,110878.9682347606,49276.44983885742,45497.12819297877,168255.5403980619,50218.62302617932,8792.120761116339,25581.08832910724,65435.97867392403,36990.50286308087,50426.97747947061,2764.363469567349,46360.95751698238,29112.48648341899,18114.46092549175,25336.03427231305,66360.22127906699
6910,29835.99019748119,23793.00801498938,80668.53189595402,53655.58189319822,80027.92957995865,50569.10884546712,15000.3397670005,21826.8931140425,30793.50292446866,136989.5281316711,109210.5056945619,55403.01758470514,63977.92727307806,35877.44301793187,188111.6611642594,109699.6983483225,47514.97903685793,42539.4143210503,163909.7698141418,50218.62019070148,9053.717510305389,25704.65271549798,61569.0185971024,33216.16298881458,46499.08359920001,2570.26318216257,44025.37081849352,29117.12995338201,17803.82994761259,25162.25286540397,66467.11522991849
6911,27214.25000702376,22405.62379331846,74548.44224552954,49136.58637536687,77627.86987832093,48541.08538034819,13194.28966725379,20382.37297520257,29008.59210907619,140275.3972021109,107655.7470533025,54056.12962727386,61091.90657638136,32824.5685625007,177525.9222277097,104875.4505648625,45938.62701362315,39341.72126459397,159557.0349207053,47345.96113289817,8977.04928961733,24516.82476269416,55793.10269759888,30736.30184248379,44438.57100618657,2265.341673696909,41536.66694045486,27133.61741089355,17314.31922612869,24996.62409764281,66697.07471553606
6912,24190.89013312441,20767.49963415132,65161.14761232689,48180.07151467989,75539.61525330627,44675.71817347455,12015.16746530015,18422.92762422065,24874.58137730669,125659.3493227434,98593.44640424958,50742.3368831928,53130.67389939688,29909.13601936065,168694.6227219361,95605.87395966554,41673.2353919161,36238.04828510165,145705.9626389203,42949.75216023962,8429.22370351892,23362.20086456634,52975.10540743756,25452.05588992827,40958.90793862313,2009.932481685284,37623.01638791131,26463.92070959074,18085.4367447655,24929.10135454993,67238.5000515928
6913,23070.710092251,19996.11271896008,62973.08783344232,47900.81376823832,75401.54761091479,43297.27540488134,11366.24547615932,17583.32025653871,24884.58305694483,125439.2740808537,92893.23285061312,48952.15248305788,50631.69897451748,29018.70119159528,165095.6154533803,94224.47579411723,40366.05854585661,34857.76526265412,141120.9083203911,38967.99009611525,7650.042600222071,22214.34017813234,49036.0138477223,24005.71969563481,39623.27316509242,1904.16647734488,36445.76600264618,26053.60099001895,17744.1140748808,24808.72634795602,66539.17917979609
6914,22269.22324051995,19621.43484627793,61660.59207210273,47337.69581227873,75429.48587432792,42596.20218732746,11244.7451360774,16911.52431238114,24098.08084161336,123865.6348262212,90192.54124113779,48295.92820150006,48545.86968714184,27984.03374843883,161311.9167275339,91010.24004660365,40182.62049472042,33583.0330903215,135645.3290645361,37012.79540095555,7089.575492427758,21246.89351930455,46168.24288686308,23723.50835057291,39354.4615663763,1846.763637468549,35051.26824590785,26054.52706957496,18211.85254755356,24406.54239920686,65883.44866550002
6915,21790.21489644655,19338.17888636467,60373.81586554209,46697.47776650512,75203.58140918321,42343.92239281804,10790.457731964,16576.92801367409,23577.69408223106,122179.0958276502,87810.14872292882,47203.91989323387,45634.02628034856,27617.06241878439,155932.6995327765,87314.97480779423,40016.98130785418,32968.4275024199,132005.2619047659,35037.96269855055,6041.742184619999,20588.89682270325,44269.85009107427,23140.58491617508,38824.78108962068,1750.197041686859,34638.76473906099,26128.87953324428,18275.06044894758,24492.94240487317,65414.62841867342
6916,21790.219982197,19206.01988266607,58120.50049251391,45993.21482558869,75020.90675705807,42343.9224049449,10912.12623006258,16246.56555666176,23139.25585701046,121170.1314233566,88261.57817377025,47029.24408995121,44770.405997173,27617.26002332495,153555.2589563811,86786.6657664491,38247.27753847163,32634.42426490145,123157.2533526669,33386.97359565589,5773.015217557824,19952.63325395596,42834.64483772877,23434.29470511757,38819.35562730765,1693.012060755637,34630.4843563708,25972.81778415202,17996.94568340312,24383.80633226814,65241.21573868789
6917,22098.9482382109,19260.88966156796,59049.01824445109,45993.27047119521,75539.09244230943,42607.7816638951,12234.28186138752,18133.57437163087,23326.10287806031,122415.3750889507,92193.85666531324,48781.72630489638,44384.58063575196,30773.01781984757,157308.4239154548,85726.8845938569,37623.61792018358,32209.80006744298,121629.3893211122,33045.65093785495,5677.998067258711,19276.65883961764,42835.84726611646,24929.35796171178,41109.85273256941,1690.187436325516,35666.41044008984,26377.46867086054,18249.77728897922,24936.25119081803,65274.27296831815
6918,23422.58555928826,19873.50366609373,64979.43456793821,47436.05054050436,77473.98001578481,43362.35333271533,14000.45356673871,23578.56308493125,23682.85240783467,126932.5096956919,96194.92145247104,53163.70322411279,45910.80126049264,33997.93424756678,161607.6413095279,85728.4381822821,36777.0860951648,33352.58158543838,120464.0262095425,34362.55814291278,5814.7985849589,18991.60319134,45195.80727656079,29088.40182562551,46077.84053769155,1690.215521951536,36983.89318528056,27797.67824213303,18894.49788732299,24871.92089351924,65242.97227911218
6919,25317.48386081615,20861.210886463,68850.90548383891,51460.34453749345,78710.02632384853,42862.09167262426,14767.21813862771,24259.76885437052,24856.01732609541,134158.3575037306,109306.4508421051,52232.80540118656,46466.98715820317,36725.45111247609,160145.3278444096,86785.74752248623,38083.75023347725,36600.30493917046,123836.3253051956,37004.43070552567,5773.599403521095,18806.6328481867,47168.04614810065,31910.36139097063,48462.33167617169,1873.304096912894,38814.67573572812,28666.57184578163,19804.69166975394,25062.11172474661,65532.04941189117
6920,27707.51692228547,22148.58625316884,70103.56986746565,50675.95839450215,77759.32921461744,43405.75285027891,15212.375146464,23280.94775280199,27109.42393319751,137550.1053493241,122411.5458253431,51814.28065651019,49279.70753739223,39327.15854018417,168850.8485695271,86788.3460309554,39342.37446537802,41544.15474187824,138675.856507945,37668.43186210254,6057.244325299963,19803.12555358968,52540.2220000428,35222.81962960867,52702.72146305194,2176.374519447359,41688.19364223762,27728.64061398188,19728.84218984885,24239.97989958612,66257.75434525144
6921,29461.69596725315,23749.58358153662,75416.579112694,50725.78609740459,78290.89179016727,45469.77776334935,16513.08925986518,23625.64911343726,31046.95111989301,140375.0647768296,128218.3791822247,52317.94211184084,55477.93570558137,41013.13846470897,175859.5266098482,94167.1392440738,42303.1697793732,44788.95165586213,168195.70761716,44653.4959894416,7332.877253604396,21998.51525903848,60678.98362266771,36660.35034220359,54838.36062554793,2479.927562339207,43951.33950617001,29170.23637065438,19046.19685007941,23734.27081827922,66493.08276358947
6922,30103.75826592676,24540.5667403599,76237.0933658125,48184.15066399974,78181.66876289868,47528.29620490844,17407.61865938649,23978.28406130419,32878.97348320534,143877.334602644,126715.7987741357,50552.21409026501,59423.01024853279,42418.55375634522,182743.4808866015,97851.64713972586,44650.18099234466,45807.34742703153,175719.2554572456,47890.16751036188,8144.567662889632,23494.51273100244,65470.74067243137,37496.02263154757,56477.99041182871,2535.779693066272,45450.96027269188,29548.34329171867,18502.60889750155,23992.90104721391,66663.55792516963
6923,30752.71137328584,25164.60541934513,80477.42548006366,48190.46012001106,78832.25925718539,48562.04445564572,18095.2288632941,25448.86946418273,33682.13103520685,144898.2758908498,120797.9428802847,52968.07373349468,62293.23014672474,40438.99661757486,188670.1802617692,104739.8785742799,46245.84469923019,47070.70994450052,182462.1672604281,48833.36894464239,8524.086460522116,24964.10709660335,71275.31678299492,36204.50459458285,53242.50224587403,2609.513979004159,45596.51837786217,30318.87006570995,18173.92780907413,23988.14809359208,67037.60552836019
6924,30762.45423883008,24731.66945829615,76500.36784472772,49110.22721490505,77718.83812867683,48555.7018807552,16085.97636703393,23370.56432620552,33928.35754037827,137342.4473179611,128381.5196881532,48075.48286093421,60252.41017527602,37476.8337498023,185816.9602695883,107952.758965995,46312.95346493761,46595.7089412228,171775.6959035548,47304.4763433355,8524.09360469481,25850.49215033138,67875.25742978811,34208.17333766655,48451.29366576601,2499.139426141755,46652.16898865262,29068.55574004292,18173.92780907413,24359.43064328027,67131.30763227385
6925,29789.06707114947,24347.85717898122,75706.29850140138,45975.86559896592,76389.96891518422,48045.28890766652,16062.01249370563,22617.94119790065,34172.56324411806,129674.5996543627,131324.2585505264,49325.06820048533,59901.14219091352,37849.21143948122,187243.6077107321,109363.8303827636,47805.20433307808,45130.93135013823,165166.8437219816,46245.55419792028,8923.384624698454,26668.90710500605,68467.41493548779,34055.48737661854,48986.43793308359,2329.457123540489,47022.9490723184,29005.20818668475,18502.60889750155,24618.48532226121,67214.60802248422
6926,29155.48371838747,24624.59643910931,78692.8310851903,45264.2622210186,76018.47117416028,48035.9282834559,16528.78718117882,22953.97409487466,34395.71108556576,137237.7376490509,129383.9486470024,51105.90148914672,61043.83164259545,38901.12079910924,192931.4721826137,108042.2859192303,47811.91651408961,44567.7140106007,176645.2666312021,47890.98504845775,8952.164473480101,26884.19458390105,69350.67211565368,35209.43715272933,49527.45926294844,2279.737342067334,48204.21259246259,28967.09903462261,18603.74154032123,24872.38653397323,67105.27793135935
6927,29152.4314907402,24591.68019205148,82780.44362469169,46719.09915556858,76375.0943219014,48326.28896216133,16528.7689458628,23290.71319500003,34303.45868517749,142658.598599238,128259.5987108105,53424.97150327366,61043.81608680513,39625.05830905797,195804.8939734339,106936.3478230804,47819.37557832763,44156.14085385966,177824.6452621198,47893.13018433231,8808.703135767862,26602.19760492703,70357.18582153125,36067.30468007753,51142.26643432198,2269.726287640695,48753.87324297043,29317.98318267996,18426.75941465023,25252.08154831365,67103.95132057945
6928,29803.05714308687,24716.83903078557,84539.63128842344,48915.59491064248,77653.15234872837,48814.21821423818,16966.31867177815,25130.13813722067,34299.54019154241,144243.9505418141,122072.8397430732,55522.08177805185,61259.12160260136,41095.47325413004,195809.1017622469,105298.9609179836,47755.99010966389,44680.04614521694,177955.6345009253,48659.22637645216,8429.872255972927,26442.92383971371,70340.9014747353,38059.58775012937,53783.72379381228,2278.468874484219,49814.5450716394,30146.92598711035,18237.13571046814,26194.97663201598,67138.22187509554
6929,30431.07612722613,24854.83158289384,85187.2338865321,54750.28872569443,79962.8331865997,49080.217149709,17631.37097792479,27652.87160480715,34050.57751722638,146281.2537214363,112722.6927385955,56472.5701478823,62709.72932986535,43146.77735287271,194376.4623858342,103014.0042271098,47207.28723336701,47387.4441373886,177824.6352573193,49540.47320951578,8429.22177810569,26319.90300836765,70357.18685637212,39428.89101741396,54323.38023575809,2384.668370603754,48055.78364299663,31733.63486187026,18300.34361186219,26261.98933836699,67575.37747526895
6930,30752.71975678013,24624.35401457708,85608.9617789542,60087.92740324247,81830.91309149658,48813.60162601692,17522.11355251193,27988.00389202379,32704.22682679672,146849.8915113049,111924.0528638407,56207.56068930186,60630.9913109628,44190.51560168867,188673.3261727007,103015.952945257,43935.3444321684,48120.94536473851,164042.9041307612,49523.77649377943,8239.994321863887,25662.43304612516,67543.72952001328,38846.51927900941,52212.40750182579,2521.67479576573,47100.87875050564,30562.7722233726,18565.81679889557,26570.2925446464,67551.17404096172
6931,30752.74699452201,24191.03931080088,83944.84113963154,59483.85915998467,82712.26095183272,48042.97971617945,16310.00825833716,26982.57034978867,32314.34181168607,140875.011614848,116193.3287765806,56821.57147010769,60207.95568087473,43168.41878095128,187244.1478959599,101575.645439907,41588.35310538385,48460.13851079559,164152.5912748549,47563.48270958904,7472.002375012016,24834.97138764628,64559.62621522035,39384.09432399202,51125.73730670421,2610.052348974233,47262.03562818898,30312.29320879812,18489.96731604425,25886.18338022444,67704.75273268961
6932,30719.11792964526,24180.07365275058,80955.09302770159,58684.09250518123,81384.27407424859,46971.97040959723,16969.26147748356,25921.04335157583,31505.54813039719,142462.3009945275,116193.3261055455,59416.97860527943,61279.58308643864,39966.7013106024,190097.4668964741,105822.4983345551,44681.74138262818,47640.3856701324,166353.5779870809,49579.71466557759,8523.375562745034,24244.84437489402,64573.32136596454,39384.49149608176,52197.09783930405,2808.946101644405,48153.647012641,29385.03989664348,18489.96731604425,26192.76912083776,67703.7128205153
6933,30428.84974797723,24104.10035867792,79131.75537736154,57655.95607718851,81149.45985366352,48033.80831867008,16920.09947314394,24313.2604038039,30955.88380528509,138407.5973982555,113837.2331152096,57372.62537627372,62462.52211925651,38444.21777463635,189973.2289737495,107952.7577927066,48694.1537952378,45879.18505676487,166353.6871738708,50529.62269643386,8898.721020102937,25474.74167534112,65553.75081035445,37192.64266821698,50226.97033837951,2819.251876330878,47094.77257250674,29036.57632067643,18072.79516625445,25630.6833586652,67591.7891905037
6934,28807.14322051602,23256.95783912987,76983.73379184018,54863.70884173633,80018.34846165536,49599.19488800826,15088.60669476601,21739.81555946851,30336.94658763321,137509.3311048284,109430.4980968393,55687.4411147973,62915.800876539,35303.64890251614,185828.8953664867,106872.5867396433,46782.46292685791,42921.54080636267,161746.8651837808,50529.61976905521,9186.780101619592,25596.66973793094,61665.87939244737,33289.76887122007,46331.86988974683,2622.932077579118,44680.51629003671,29040.98055800394,17769.39723779538,25373.88900489117,67742.34549720799
6935,26260.26268463721,21998.47350989807,70841.21773419013,50247.86372195234,77795.35186610496,47883.85349155116,13266.57842180634,20319.66366479612,28690.01144492388,140783.5117443704,107848.8090449247,54284.49167572767,60015.493059867,32193.6569533794,175894.0452229803,102453.7400715246,45071.67795968768,39723.92302029453,157132.6605365517,47563.85484064194,9102.356356670989,24424.57181226003,55858.72910079712,30725.45685623844,44288.56022555933,2314.523831628281,42107.98538092938,27159.65903580089,17291.28478465011,25129.14169192993,68066.23520818246
6936,25453.08259214268,20527.89991815489,62977.30675501314,48645.81178705531,75738.12895023236,44947.25352578919,12204.3790608779,18406.10727510959,24728.97403040168,126180.1920675725,98051.90086078252,51090.3402823767,52404.76133188576,29201.41170549282,168854.4921816206,96396.52097618897,40938.25209471912,36303.2558316821,143142.2926560227,42933.51928597158,8387.146166546583,23099.91680502267,52744.90999002085,25492.73482069817,40460.4645937693,2056.000744826335,38121.21202597253,26800.94627709085,18247.91581053855,24657.63238474261,67322.57683302145
6937,24080.30299323967,19809.13048210871,60736.97205227576,48379.73400310054,75569.09928088776,43805.07680048963,11540.16433959979,17566.43729832166,24738.93487368696,125974.1562783776,92460.09030197725,49281.53165590416,49950.00235624585,28259.85981827977,165025.0767983338,94763.09955978794,39688.19516168685,34888.56582172071,138240.5838949987,38958.93184109389,7577.950085702596,21967.20049341758,48897.03887169235,24032.37720020641,39132.14850765923,1952.963732302132,36936.02022739129,26384.56925311428,17959.41121523112,24558.04792481119,66483.02959098759
6938,23098.08160141101,19460.00995913488,59393.11946209462,47843.19319183888,75603.30277234306,43224.16801699467,11415.80067821492,16894.59125867288,23955.64390718091,124500.9055712432,89810.75870837297,48618.48032929603,47901.07897015598,27165.79537542014,160999.1460276266,90962.4563865964,39512.77283203352,33582.05777935006,132386.8484874072,37007.26015340301,6995.893122115872,21012.51790517903,46095.67899290119,23747.4299728768,38864.80987753075,1897.042009928781,35532.11556521188,26385.50900382846,18354.76936361826,24225.32710125697,65695.81335449748
6939,22511.05732097875,19196.07532068811,58075.60089243107,47233.19113804465,75326.73864489447,43015.12915363577,10950.80737154201,16559.97000928535,23437.38186065679,122921.9574324371,87473.67299865585,47515.11128640705,45040.75665666634,26777.75737733737,155275.5518421918,86593.02436410802,39354.37160686786,32952.13161846091,128495.3898812015,35035.98584361097,5907.69603613906,20363.20253090825,44241.24867580372,23158.85541950202,38338.03181535656,1802.967041312647,35116.82942105761,26460.95908841194,18408.19614015813,24296.80454616692,65132.98624450194
6940,22511.06355356118,19072.93108439613,55768.45157451784,46562.16687809735,75103.09872817314,43015.12916368404,11075.34315381667,16229.58291730805,23000.73375656793,121977.3587782519,87916.51745457275,47338.61823921598,44192.41695522972,26777.96632573235,152745.9077384855,85968.33025046776,37661.99886250767,32609.80251948074,119036.317420016,33387.97160912951,5628.617388513075,19735.33354705179,42839.2795264447,23455.41256174006,38332.63608217576,1747.257556652124,35108.49318114096,26302.59349313558,18173.11832388083,24206.51788985071,64924.80121372845
6941,22889.40974434884,19124.05811191058,56719.15253883668,46562.21989743113,75737.48889751325,43233.76276327506,12428.65718669372,18116.73244559094,23186.81789066685,123143.1635238378,91774.01440311193,49109.33244491097,43813.4182467799,30114.88623974798,156739.3499734763,84715.20185694353,37065.59139702713,32174.59350773245,117402.9355691492,33047.26397052623,5529.94006521856,19068.27764523548,42840.45410931351,24964.96962634166,40610.58227705139,1744.505813645499,36151.40734258648,26713.21799866267,18386.82543004025,24663.5473383821,64964.48701045592
6942,24511.52605103185,19694.884779923,62791.25240530439,47936.90593020055,78106.28002842913,43859.00032651209,14236.45113824764,23562.12718900588,23542.11083012766,127372.1326055457,95698.98951374066,53536.89736609193,45312.63448144052,33524.93496419391,161313.8028701948,84717.03888313145,36256.05060682172,33345.86169750546,116157.0897891612,34361.7982794574,5672.010300638826,18786.98289724448,45145.76278948424,29164.33311084114,45551.34770778224,1744.533174601583,37477.77747073956,28154.39327370578,18931.77855423318,24610.32783630273,64926.90997199413
6943,26833.72215828015,20615.21898287945,66755.21661105068,51771.26770653669,79619.51292737407,43444.48386073318,15021.28556353423,24243.3837556224,24710.48577527397,134137.0155744341,108561.1722711337,52596.31492534082,45858.97942909737,36409.02998325975,159757.8722313668,85967.24448143187,37505.61723597828,36674.5426338949,119762.2876502104,36998.91053007026,5629.224078010502,18604.45297237717,47072.3290744253,32013.65000703109,47922.77289017502,1922.897668079239,39320.90998607734,29036.11383350988,19701.12413839933,24767.66989382451,65273.95225165051
6944,29762.70545361775,21814.7805104139,68037.80839241075,51023.90177183515,78455.61952529434,43894.96113676825,15476.9333036832,23264.48966384855,26954.69183700012,137312.3906785009,121417.0429875327,52173.4360484465,48621.9325616154,39160.09324151363,169020.7195936235,85970.31706360994,38709.24316609845,41741.63018977778,135626.6711564319,37661.71524261034,5923.795337610616,19587.79838628106,52320.09749765132,35358.22068875899,52139.92721777647,2218.148217791742,42213.81186871663,28084.3364843758,19637.01200804568,24087.53241248478,66145.17403253017
6945,31912.45024274755,23306.57136680541,73477.75071159095,51071.37778615089,79106.38638728189,45605.21075311859,16808.30052000938,23609.21672869374,30876.14229904428,139957.1349945482,127113.4457227455,52682.33735780605,54710.49154531957,40942.85996428829,176478.0925582738,94695.30248931322,41540.66013978956,45067.31173762943,167185.2313726993,44634.19318957995,7248.567154858134,21754.2230744697,60270.38382938659,36809.68746329715,54263.86402287414,2513.868935211895,44492.22430374133,29547.21365627235,19060.00281743077,23669.16678020489,66427.69001704566
6946,32699.29699298663,24043.6003567883,74317.8678661091,48649.6984151803,78972.66981282439,47310.89771098063,17723.91072542834,23961.87797237428,32700.68460756747,143235.9814533328,125639.4404223571,50898.23954241338,58585.76338076843,42428.95572210939,183802.7569554701,99052.01459140859,43785.11363322743,46111.09355645208,175228.3728056586,47865.03264785679,8091.524838602205,23230.4830062197,64951.17463567228,37653.46113140582,55894.50936360945,2568.27996008815,46001.96110715169,29930.90234347949,18600.53253868996,23883.127737709,66632.34850431806
6947,33494.58842286484,24625.07240477351,78659.50573101762,48655.71008753264,79769.15691308334,48167.46079703188,18427.72540204481,25432.57303607877,33500.56290784499,144191.7929395831,119834.1265053703,53339.23263937677,61405.19865680941,40335.75844170542,190108.8830802136,107196.9398033669,45311.05137118008,47405.94852703185,182436.9656737738,48806.53455538139,8485.663149132855,24680.68818271243,70621.32990659766,36349.42254430173,52676.75024081019,2640.111741869312,46148.50110800804,30712.80394300189,18322.71329968661,23879.19568957956,67081.3993568133
6948,33506.52829553347,24221.66766658172,74587.43223411708,49532.06747952033,78406.04820829794,48162.20534386145,16371.122129057,23354.11291991562,33745.78408263071,137117.9799578438,127273.4837274687,48395.74158034306,59400.48820825598,37203.54713166145,187073.0002062282,110995.9803486969,45375.22767455682,46919.1069422769,171012.4619197552,47280.39682041424,8485.670568507523,25555.37865742489,67300.00822938519,34333.7379644881,47911.79536318105,2532.585091349034,47211.27285286023,29444.03197537671,18322.71329968661,24186.35224340963,67193.8904121873
6949,32313.64322628691,23864.03580879683,73774.39178458197,46545.63647264952,76779.17662659952,47739.27750714916,16346.59351435466,22601.43366887641,33988.99270681488,129939.2940173782,130160.2594750067,49658.3270109409,59055.43543126166,37597.30185187281,188590.981485503,112664.488625097,46802.27142090649,45417.81612639176,163947.1871403885,46223.38271548029,8900.342750797412,26362.99580101876,67878.45270805262,34179.57179784,48444.0072767631,2367.280959390032,47584.55411888328,29379.7492600078,18600.53253868996,24400.66434214997,67293.89402380804
6950,31537.18741638145,24121.89826149969,76832.27560150834,45867.61821793101,76324.36955348762,47731.52130039818,16824.36838425879,22937.49162365732,34211.22944689529,137019.9501245692,128256.849137168,51457.6872414275,60177.90655330404,38709.59801533317,194642.9825183916,111101.8406621148,46808.69029868466,44840.55919377523,176218.3364503301,47865.848712855,8930.231233388757,26575.44287052013,68741.25565185178,35344.70847619813,48982.06404919083,2318.844055884992,48773.78612386823,29341.07752534573,18686.01538165179,24610.71305375316,67162.64128965275
6951,31533.44691423676,24091.22728190621,81017.54526916693,47253.79207521235,76760.9663671884,47972.11395808103,16824.34971920267,23274.25583425079,34119.35370839889,142094.99334342,127153.8813648503,53800.88375606066,60177.89127275211,39475.0944980204,197700.3605083095,109794.1344435038,46815.823423015,44418.72655239607,177479.1656938074,47867.98998347269,8781.243595292566,26297.16643707975,69724.46077931218,36210.89255281757,50588.02279196243,2309.091308328998,49327.15463675083,29697.14156604343,18536.42040584601,24924.82911498253,67161.04866963172
6952,32330.78804644266,24207.84884517292,82818.76167546424,49346.62112086393,78325.63222180739,48376.41179910326,17272.21090145196,25113.81794147936,34115.45121377549,143579.2095407356,121084.7781996704,55919.81136787391,60389.38725142076,41029.92133469455,197704.8376793759,107858.0215222462,46755.20771918316,44955.69148625062,177619.2013520237,48632.7057695321,8387.819702008082,26139.99406067552,69708.55354111602,38222.48970084317,53215.00613420485,2317.608317510807,50394.98147126198,30538.32155689474,18376.14007622645,25704.87225133932,67202.19108463364
6953,33100.42472777291,24336.42871463161,83481.83614359653,54905.93834713978,81153.26497887196,48596.81833318032,17952.93607266616,27636.73952805247,33867.50504148566,145486.5452539172,111912.4462766559,56880.18816625378,61814.32845558496,43198.98434210875,196180.4808616864,105156.1957289994,46230.48159910434,47730.57810749095,177479.1549980522,49512.36471000245,8387.144166964172,26018.59631269115,69724.46179018848,39605.06760287809,53751.70549769523,2421.067636788051,48624.35591277555,32148.45406497707,18429.56685276632,25760.3108706951,67727.00421872814
6954,33494.5986968293,24121.67237311492,83913.63953472115,59991.65965288833,83440.26664823174,48375.90089452932,17841.10384694016,27971.89680591794,32526.65143293199,146018.907435123,111128.9944213325,56612.42167541564,59772.37086765475,44302.64031701646,190112.2303920741,105158.4999726531,43101.51339908393,48482.36367737088,162745.6256847516,49495.69807958412,8190.627445330319,25369.80072327508,66976.15775533445,39017.05009388278,51652.29996004988,2554.538999664505,47663.00948964353,30960.30668221955,18653.95931522983,26015.36554658836,67697.94756199172
6955,33494.63207665667,23717.91472681554,82209.76139857777,59416.10126078798,84519.2590524603,47737.36411267908,16600.43363757346,26966.388289001,32138.35829864817,140425.1882859692,115317.0799908778,57232.82033210443,59356.8202754357,43221.86813642362,188591.5562533395,103455.4217551516,40857.07892286312,48830.01205626896,162862.8880763887,47538.9364907602,7393.051540469701,24553.25623415362,64061.15952628821,39559.8366303907,50571.58423664837,2640.63622072899,47825.25348812158,30706.12999588835,18589.84718238587,25449.41216805255,67882.32153433436
6956,33453.41968890782,23707.6970530419,79148.58523134577,58654.08071918225,82893.4676727866,46849.9265415089,17275.22305838933,25904.78213324508,31332.86688111446,141911.2183237657,115317.0773706388,59855.228847648,60409.4866972393,39836.35014843626,191627.5444741629,108477.0734725401,43815.29492415374,47989.82483708006,165215.8800151353,49551.53545804571,8484.924866732703,23970.91510063164,64074.53752835062,39560.23765284327,51637.07418770286,2834.398084124196,48722.87944229462,29765.18819813538,18589.84718238587,25703.04601003979,67881.07310112848
6957,33097.69630207275,23636.90601334475,77281.68623147153,57674.46863733541,82605.99575412842,47729.76469904191,17224.90248433518,24296.87929389412,30785.44680768284,138115.1799859813,113005.7910412901,57789.60714079817,61571.49523903547,38226.46562703087,191495.3528510378,110995.978961353,47652.37631806551,46184.72191778829,165215.9967426171,50499.73187772808,8874.729074986059,25184.58567083251,65032.26244675774,37347.14006780917,49677.742113525,2844.43794751947,47656.8621210161,29411.58046298481,18237.23045672478,25238.04078474473,67746.70677705007
6958,31110.29646001629,22847.5483783694,75082.34627434949,55014.00544113047,81221.22969836515,49026.84292842631,15350.24807953714,21723.24254904984,30169.0366794332,137274.2175811029,108682.8604749678,56086.89102444473,62016.75384760663,34905.60658573711,187085.6993869335,109718.7407432538,45824.2209073906,43153.35102789329,160291.0169843521,50499.7289556242,9173.88453297718,25304.90506757652,61234.42532772903,33406.43007676427,45803.98509141908,2653.183624460899,45226.31991736055,29416.0497174316,17980.7819278393,25025.59861956758,67927.4523219952
6959,27989.09673057681,21674.90718653554,68793.07940016428,50616.01163003473,78499.72034982055,47605.5122329375,13485.281224142,20302.98475435326,28528.82588973854,140339.525546884,107131.2509680572,54669.34596724114,59167.76301772161,31617.07979228736,176514.8210498479,104493.7165876496,44188.19238103991,39876.02466506944,155358.1447055923,47539.30795128115,9086.208685534886,24148.27129233114,55561.75548792243,30817.25848085716,43771.8718598433,2352.732978728558,42636.43540916048,27506.95537174553,17576.65512356721,24823.12279281119,68316.28772579653
6960,26527.69747141216,20096.18239021103,59857.90890807259,48173.00618801271,76077.49054089398,45134.11020460872,12362.02676774732,18420.10259432847,24763.27219015952,125622.8311816025,97905.82874271006,50844.92817203508,52165.42854366717,29192.22150321031,174342.933301937,98018.30031078389,40224.83490677417,36038.94138436417,142192.8864578131,42918.64332122861,8348.289014998954,23046.21585520192,52365.06460751072,25511.28883758275,39941.63023108879,2072.701586755294,38441.46082844777,26695.60576115653,18179.85755859974,24319.92391175633,68104.27488033517
6961,24903.02394848805,19347.58005630533,57554.02247285585,47916.48519433172,75882.74886859964,43925.49451537893,11691.03969103959,17604.66404951691,24773.18773105307,125441.6350290939,92341.62685045195,49136.53475644279,49771.80369909455,28246.18697751886,169606.0022343964,96195.60442253182,38959.84680647236,34574.42282467984,137233.1211054329,38931.83293294754,7570.753168642025,21875.08313858559,48658.92869311171,24043.46153709236,38540.63243629546,1972.100089471273,37276.86011204875,26260.58265958081,17968.43589547241,24232.50860256101,67318.33638392203
6962,23740.57289645542,18983.96910513545,56172.0487214937,47399.21546963107,75922.15523524593,43310.79500855847,11565.40801361948,16952.20633154023,23993.45920933181,124145.9991550738,89705.37590608823,48510.29243097024,47773.90738005072,27146.91379849083,164625.9844941523,91954.55761432175,38782.3291641355,33221.8966437104,131310.0531566737,36974.15932105414,7011.469498683658,20888.02221113608,45960.75608371969,23757.05681430082,38258.6657905629,1917.500204792564,35897.34636812362,26261.56449394448,18258.16187773579,23940.44602887491,66581.3873305727
6963,23045.83442096088,18709.07972276735,54817.15600966575,46811.12303041659,75603.52146589174,43089.59662102518,11095.67361969831,16627.24167613191,23477.55424338662,122757.4087122198,87379.82918170937,47468.17643248787,44984.81948140301,26757.02838861382,157545.981830218,87078.812934217,38622.03593299303,32569.78307299385,127372.5035170971,34996.8228036355,5965.848712476146,20216.68511603152,44174.63316338378,23165.47172192697,37703.0639190138,1825.648913029738,35489.27525121954,26340.39336278116,18297.31403730383,24003.18898045188,66054.4991813141
6964,23045.84179717164,18580.82432114325,52444.55962437354,46164.20013671502,75345.86249073694,43089.59663165797,11221.47917295853,16306.3889876303,23042.89203576241,121926.6906972974,87820.48716424951,47301.48131875047,44157.60711304137,26757.23833179215,154416.8489090504,86381.73171505683,36909.44882890171,32215.39637665305,117801.3963489835,33343.74047466747,5697.689167936966,19567.52177194498,42824.30513639514,23463.54574395034,37697.37294653616,1771.25624934053,35481.08384203946,26174.93588440718,18125.04453556949,23923.93528983057,65859.60767090251
6965,23493.61144581965,18634.07340242519,53422.22918998149,46164.25125173858,76076.75312634802,43320.94786899752,12588.59164080686,18139.07862489887,23228.12985031806,122951.9462381025,91658.93834114811,48973.89510848586,43788.04711403167,30110.04500235187,159356.678803691,84983.39571468695,36305.91764017897,31764.85832905302,116148.6684726248,33001.98506689527,5602.872648306736,18877.84247411432,42825.4364538485,24980.82414204857,40099.96193047638,1768.569550067853,36505.87880013496,26603.94885988649,18281.65317384161,24325.11606223471,65896.7593567723
6966,25413.3729404378,19228.5925270562,59666.57674150702,47489.56230132747,78805.87368807728,43982.5547041621,14414.81791972599,23427.32863769669,23581.80690049455,126671.0715884919,95564.53451754879,53155.66572133614,45249.92637072524,33536.3286426138,165015.2104265701,84985.44560826974,35486.70737922334,32977.3812070066,114888.066703885,34320.56192833855,5739.384308897604,18587.00753247055,45045.82976501223,29201.66722920633,45311.07210630506,1768.596264285218,37809.20506623505,28109.66243667304,18681.00520399045,24278.39994575737,65861.58177577434
6967,28161.67320181893,20187.12567795964,63742.9869993779,51186.20423203954,80549.29250001746,43543.92634404287,15207.65454296329,24088.9253110113,24744.86802050052,132620.3815162563,108363.2123133407,52267.2992987728,45782.66496274013,36434.15456221031,163090.5468828423,86380.52013136048,36751.19931926891,36423.30573908335,118535.9650820769,36965.78402034612,5698.272120379544,18398.28705181399,46901.43154597619,32065.55828526677,47812.25498422924,1942.744705380047,39620.31568170704,29030.86795609823,19244.79630323005,24416.51491487168,66186.46389533696
6968,31628.10117964196,21436.47562822393,65061.96215223576,50465.68164889313,79208.3530757599,44020.6073089038,15667.94808265286,23138.2804198194,26978.86732570528,135412.9339843299,121155.6092328271,51867.89635569414,48476.8085947685,39198.3153695056,174548.5541900838,86383.94875231889,37969.20182666146,41668.86746418437,134588.2487829535,37630.62703864779,5981.318120066929,19414.98291304481,51955.89995868531,35427.23633328272,52260.16009887317,2231.01633367508,42462.95736132967,28036.46838410571,19197.81371284338,23819.48975384176,67002.05437342377
6969,34172.30670450137,22990.18403705243,70656.21969875615,50511.45245390841,79958.11154992966,45830.33996501112,17012.88996347749,23473.0592542251,30882.48284346347,137738.8284141701,126823.8868944201,52348.54623394665,54413.73608771771,40989.56967413104,183773.2159576905,96119.95129324806,40834.43834834853,45111.68696254323,166520.5934330969,44624.54726220807,7254.257523182941,21654.88252818126,59613.33982548608,36886.12731144211,54500.31273373004,2519.747016189616,44701.78550480709,29564.85570592531,18774.97038658873,23452.24810662469,67266.53048264762
6970,35103.53345257793,23757.80379714181,71520.16851583346,48176.75321902701,79804.05463539911,47635.24455860284,17937.83576105877,23815.54330070532,32698.72704628967,140622.3777495501,125357.1592584661,50663.49181968649,58192.4968690628,42482.74059171446,192833.7191597768,100981.502118438,43105.70046918072,46192.23311411223,174658.999068431,47865.32243542175,8064.234031459425,23181.21024730124,64121.71507546058,37734.21685341869,56220.18238700699,2572.871912158661,46185.29270164266,29965.72663092076,18438.26181393867,23640.06318609418,67458.12063471026
6971,36044.75441052639,24363.41014375708,75984.96592818614,48182.54896846006,80721.69962912577,48541.63282732296,18648.82655556894,25243.79663327817,33494.96746179495,141462.956779575,119580.5081465671,52968.97426449939,60941.71599459306,40379.57779926666,200634.3053501653,110070.229341488,44649.864602273,47532.69577601043,181952.9716175516,48809.7197188034,8442.951467337876,24680.59955651884,69583.01184023473,36423.50815290205,52826.35656320043,2643.005785635116,46329.28677094248,30782.64312574254,18234.67058345494,23636.61163147169,67878.49763573297
6972,36058.88515300491,23943.26188289033,71797.3796352758,49027.42998660092,79151.24120180811,48536.07167114185,16571.25408708429,23225.31730279594,33739.07335894743,135241.9613842438,126983.1347371983,48299.9189251502,58986.93151943655,37232.45433076226,196878.9624416991,114309.4878156011,44714.80745243262,47028.70654057417,170393.1542865271,47278.88869291772,8442.95859642551,25584.95541451548,66384.03007274342,34397.51341441354,47800.67679792875,2538.020773208297,47373.59431416467,29457.05337230866,18234.67058345494,23906.23387115558,67983.80564759231
6973,34647.11534709788,23570.78632954806,70961.27560998108,46148.26345846851,77276.89752204709,48088.54266136589,16546.47537780917,22494.35908094176,33981.17585867486,128928.7364947185,129855.6574931207,49492.41248399753,58650.47205115536,37628.08367953511,198756.6831802549,116171.3362916728,46158.8963655382,45474.53690067722,163244.1973076088,46218.62398052817,8841.406505220571,26419.96312975072,66941.16771871706,34242.55869302014,48362.0098459044,2376.623982143488,47740.39033009158,29389.89196664219,18438.26181393867,24094.35718265003,68077.42359333488
6974,33728.18619264216,23839.35149695679,74105.90263275449,45494.59777526435,76752.90732356576,48080.33528595673,17029.12165620616,22820.71898089577,34202.40185543062,135155.7500095607,127961.6449381231,51191.88202712813,59744.98878037336,38745.67537864184,206242.9203324318,114427.6148072387,46165.39191289452,44876.9476863825,175660.6879945457,47866.141010043,8870.125584759055,26639.61540375189,67772.1895691714,35413.65500621012,48929.5075669118,2329.331995535622,48908.96105984867,29349.48844534473,18500.9052696125,24278.73808990716,67954.55191754665
6975,33723.75933868698,23807.40750246371,78409.89614018025,46830.98403795536,77255.91720312212,48334.9229118013,17029.10280084051,23147.76475533375,34110.94397218776,139618.9469554058,126864.1228920362,53404.99702362425,59744.97388037347,39514.81631686566,210024.8523863076,112968.3767173184,46172.61023804228,44440.25715486646,176936.4506932176,47868.28886565344,8726.96716861469,26351.90114367959,68719.17862417003,36284.26958518148,50623.33984123212,2319.809776454054,49452.71555368434,29721.49764475867,18391.27922172705,24554.46939009685,67953.06099324608
6976,34667.4061027185,23928.86950413902,80262.20777927926,48848.64435673731,79058.59271146276,48762.73824278964,17481.53039062662,24934.24026270772,34107.05922629658,140924.2263221365,120824.9849489908,55406.29330624863,59951.20269309686,41077.04553539467,210030.390581723,110807.9146189682,46111.27051661639,44996.13519598664,177078.1449552759,48635.35636189717,8348.936198021102,26189.39822015893,68703.85732442662,38306.15598480614,53394.06430051228,2328.125466661691,50501.990361315,30600.34711898946,18273.82274302296,25239.19180559488,67991.57628597338
6977,35578.26487380432,24062.78614770076,80944.09172760264,54208.28602946923,82316.35174205326,48995.96554395401,18169.19625836811,27384.35466967836,33860.24072505895,142601.6139940586,111697.9399417005,56313.35521143176,61340.65668926915,43256.43524432267,208144.7833949849,107793.0118420873,45580.27686322562,47868.75953715751,176936.4398707804,49517.72049418755,8348.287093651283,26063.88323204456,68719.17959781084,39695.80572620181,53960.13033899488,2429.139288513631,48762.12699375191,32282.58412362613,18312.974902591,25287.85586478328,68482.87781715207
6978,36044.76656968005,23839.11623295757,81388.14411596999,59111.34205896845,84951.24141176674,48762.19761954804,18056.22378754237,27709.83988470427,32525.48538285736,143069.7946890359,110918.3562540844,56060.45365890199,59349.5526898391,44365.34561976549,200638.4459261954,107795.5830924645,42413.93504737911,48647.02467809967,162028.4043735591,49501.00260932251,8159.459195078794,25393.08355045013,66072.10853590784,39104.78052747068,51745.85125333571,2559.455750734006,47817.48264637495,31041.22946231478,18477.41397350671,25511.74303925079,68455.67655442037
6979,36044.80607443502,23418.60041634934,79635.93194859747,58556.45615880578,86194.36509536105,48086.51796717884,16802.90366338217,26733.34861492357,32138.9582243225,138150.453287236,115085.7638237683,56646.41115856104,58944.3511072874,43279.42798619354,198757.3941596994,105895.158846007,40142.69217091296,49006.91801130716,162147.0556389712,47538.22344345798,7393.088879032657,24548.84571615268,63264.48341155834,39650.34339881494,50606.00181454899,2643.517867238459,47976.90787787349,30775.67030782536,18430.43138129509,25014.94876423129,68628.27744612204
6980,35996.03154774078,23407.95865273165,76487.91918118519,57821.80532237496,84321.2659329059,47147.45928390291,17484.57325961649,25702.37858771823,31337.13022028685,139457.3278181741,115085.7612164662,59123.23782522981,59970.80157565555,39877.79187088009,202512.8673806699,111498.699883007,43136.2422572103,48137.13751703107,164527.9167756063,49557.01170299376,8442.242070636095,23946.75431276091,63277.36863883896,39650.74647248381,51729.79236968203,2832.699726228407,48858.93881205625,29792.59152179764,18430.43138129509,25237.58872969355,68627.10873081029
6981,35575.03580411399,23334.22939425286,74568.06172574591,56877.37824198414,83990.06513014606,48078.47650533905,17433.73961531262,24140.87706001761,30792.19983953526,136118.9391611912,112785.8864921588,57172.28819383146,61103.87107162265,38260.24284324902,202349.3482677572,114309.4862674973,47019.15524695245,46268.45483119279,164528.0348856264,50508.12408598906,8816.794978333886,25201.58687533126,64199.81604081054,37426.32896790811,49663.25117222523,2842.502274510313,47811.44207984723,29423.14862550798,18172.0271277811,24829.40681481852,68501.32228136771
6982,33222.96420760066,22512.10906164751,72306.33293698404,54312.47164738396,82394.65493688546,49451.00412165974,15539.97117174029,21641.51104705443,30178.59317403521,135379.3630285031,108484.2997012125,55564.09760958268,61538.04081224158,34923.57350969002,196894.6711433143,112884.2466905748,45169.16363545314,43130.31227114228,159544.7229107401,50508.12115489886,9104.245817169902,25325.98693960749,60541.87113802382,33465.46237810454,45577.5330948143,2655.768684411179,45423.12721384503,29427.81802083775,17984.09676075958,24642.92493232532,68670.52643655424
6983,29529.04963877222,21290.79678956533,65838.65798592062,50072.44181153375,79259.16231150579,47946.99643169293,13655.98905214736,20262.23945061727,28545.84214147238,138075.1180321512,106940.3510170421,54225.24693926344,58760.00219417534,31619.39035471451,183818.6485669499,107053.7672142977,43513.5937466738,39737.5511356979,154553.424935134,47538.59604632165,9020.00033469672,24130.12559157602,55078.15242777554,30863.04725676807,43434.22836036258,2362.419876248436,42878.238397325,27433.23115451786,17687.94494043075,24465.19150873015,69034.53300737617
6984,25995.04095042167,20041.31191287552,59255.82030994231,47496.36285713028,76299.5801095476,45540.09804367816,12501.46207867009,18481.98148224087,24713.66068905734,124351.2183179699,98249.87495413529,50586.9745215893,52440.07020889269,29357.57041852017,181846.4790342728,99030.39582933875,39752.33358260705,36300.49788188912,138712.6110634516,42703.91043049694,8362.16848215472,22984.03271374712,52590.1767932681,25229.56517441445,39877.83348896177,2068.247333282423,38412.94759557737,26595.720994798,18149.31589241113,24154.91966132338,68402.49912442049
6985,24703.2469715337,19169.732454203,57085.35397114778,47244.13268437802,76123.42653938584,44047.12906763002,11826.94374130511,17685.54629177177,24722.86634938548,124186.2872673784,92505.51363568091,48908.17148027476,50042.61494319549,28406.25906851978,176746.1047112332,97264.06271514707,38456.7750964885,34866.76571492106,134385.4457357288,38640.74170450775,7554.179889720627,21785.21765298057,48819.15576626103,23784.5438379747,38517.91390190253,1966.441598761636,37302.98025875938,26182.14271280931,17912.04918867117,24052.1297159719,67630.58885180874
6986,23778.97064858046,18746.38908265006,55783.41153918622,46735.51531880288,76159.07156641103,43287.80805148484,11700.65089138977,17048.29374809925,23998.96071517353,123006.9543570058,89783.90535406719,48292.77603856451,48041.52147139708,27300.85432528801,171383.9927766366,93154.16074825222,38274.96746690655,33542.67167766952,129217.8435528315,36645.57328141917,6972.991475863773,20774.82533029014,46073.7449449848,23502.58905000164,38244.21470990229,1911.188133211584,35988.1818262263,26183.07614684502,18237.19244874504,23708.69907133127,66906.79360921906
6987,23226.57721883445,18426.34207207077,54506.98185986294,46157.25988867697,75870.8514059052,43014.56790320453,11228.44438639194,16730.90221826223,23519.99079017802,121743.0109596949,87383.06136845122,47268.71009936846,45247.97030807797,26908.79419899987,163760.7735911968,88429.18751474598,38110.80050294509,32904.26651942132,125782.514043062,34630.3653543133,5886.418205671665,20087.61967968906,44256.35150745934,22920.19554872641,37704.90346292216,1818.237347417633,35599.25401218297,26258.01908212016,18281.13072691198,23782.4772758947,66389.30989161732
6988,23226.58308373254,18277.01743273101,52271.78462483161,45521.15805976142,75637.78599251415,43014.56791633886,11354.91202721853,16417.52682816665,23116.44723326985,120986.8624816526,87837.98710957015,47104.90224260647,44419.43418518667,26909.0053132066,160391.5564805946,87753.6619656843,36356.82609370493,32557.3295668444,117432.1667698978,32945.6219714096,5607.756001279214,19423.11190636251,42882.3826350963,23213.63832739549,37699.37935362624,1763.193583369185,35591.44687579331,26100.71796546633,18087.80230338701,23689.28441754005,66197.89700165445
6989,23582.6091578272,18339.01404072498,53192.8364831955,45521.20831978512,76298.91308125609,43300.34959449861,12729.21931392307,18207.50662445653,23288.42336841224,121920.0857931232,91800.72082957273,48748.34884625129,44049.28279424263,30280.51338552478,165710.3971383054,86398.56636353857,35738.70964422966,32116.26250967692,115990.2383207407,32597.3210116049,5509.225925020379,18717.13049400216,42883.53375907111,24707.34242857866,40031.5227952903,1760.47472330969,36568.16697771712,26508.58239544005,18263.55541605481,24161.02500910332,66234.38556672486
6990,25109.03050011957,19031.19817287011,59075.56835797487,46824.35092106447,78767.53895206565,44117.61391436819,14565.056628932,23372.51683030108,23616.77971575869,125305.363255306,95832.77359035317,52857.68874352483,45513.50143724357,33725.90826994452,171803.0822510789,86400.55286876908,34899.70190554562,33303.29632485866,114890.4217209215,33941.15223116267,5651.084162178769,18419.42101727684,45142.80056903692,28862.60532406339,45089.83967827896,1760.501757306143,37810.35201523035,27940.07058997222,18711.72585622497,24106.09244518585,66199.83587070939
6991,27294.23120643661,20147.19496708973,62915.91010077163,50459.15920481113,80344.54835324956,43575.78863482865,15362.06578078043,24018.69535089925,24696.57412400554,130720.6324158066,109045.8508799824,51984.70934756765,46047.092549302,36639.89778382886,169730.7479952171,87752.48784749089,36194.75224093114,36676.78231717522,118073.0439338036,36637.037570765,5608.361785470049,18226.23970547826,47030.88926718217,31681.99945841674,47517.68617393166,1936.734819834581,39536.50038370631,28815.86452988565,19344.4370634675,24268.49912495586,66518.91916618706
6992,30050.42235919274,21601.78267544311,64158.50223865848,49750.68878681132,79131.60166253494,44164.61922701095,15824.78174636155,23090.20472484007,26770.63533737922,133262.5109602183,122252.4439291774,51592.22429732645,48745.54751052817,39419.4766234957,182067.8762813998,87755.81044605153,37442.18965491917,41812.07440983025,132077.9172546494,37314.61415368849,5902.49348364583,19266.9674499682,52173.84870118875,34991.44635588303,51835.17568695232,2228.457166443641,42245.78895808963,27870.48469808983,19291.71113089599,23566.46896295523,67319.9521619657
6993,32073.3453229102,23410.7275218163,69428.79139426463,49795.69398459394,79809.79565372365,46400.1310895379,17176.8017670117,23417.18171953991,30394.78039348696,135379.6211006253,128104.2508139738,52064.54903825154,54691.97562866334,41220.72224873512,192000.3045450545,97190.74898886538,40376.66903027669,45182.52064092871,159937.4075300694,44442.4871039459,7225.288466535216,21559.81210807753,59965.35106853524,36427.67021564881,54009.64552371145,2520.644062321482,44379.5899055015,29323.52891684934,18817.17772341606,23134.63672217589,67579.70763456577
6994,32813.77291600572,24304.44850646036,70242.708172993,47500.04721164053,79670.44347920985,48629.67898219881,18106.61535537241,23751.68436051347,32080.99472950773,138004.3281638415,126590.0330232057,50408.68075310026,58476.78340820646,42722.22182704009,201755.979100338,101901.9672805211,42702.81969852545,46240.35207990472,167037.7891380949,47745.3319973148,8066.988282554457,23122.21800058236,64552.65662288346,37262.58279900119,55679.08742959613,2574.404882999921,45793.50328305231,29704.63858173456,18439.30853077065,23355.48478566232,67767.87809215668
6995,33562.14700416877,25009.54122103648,74448.94522744116,47505.74601570229,80500.4992134633,49749.31492397234,18821.34794150193,25146.6530214916,32820.23012607767,138769.4524813718,120626.3437394706,52674.23089203436,61230.40199802138,40607.32793995729,210155.0689209062,110709.6460399898,44284.30093626215,47552.63619148146,173401.4420275951,48707.81707511655,8460.538456966893,24657.04873354634,70109.56694953244,35972.23887538629,52384.77088604816,2645.378284955366,45930.74234822516,30481.28450980785,18210.82948348329,23351.4261703661,68180.75178003448
6996,33573.38249720378,24520.37283725932,70503.8657518963,48336.49472793344,79079.94111974153,49742.44538411509,16732.8416559957,23175.21326032356,33046.85981752844,133106.8857432135,128268.6548319831,48086.04632504576,59272.48936025216,37442.6503366187,206111.5955683388,114817.8149730005,44350.81323042282,47059.24157120004,163316.0373369047,47147.66644256175,8460.545865270324,25582.78106727467,66854.57906218788,33977.72247440878,47506.44746792441,2539.136562989623,46926.05966706853,29221.04078743725,18210.82948348329,23668.46966695463,68284.18014817461
6997,32450.870368389,24086.70862537125,69716.1812484879,45505.48795397583,77384.5036357652,49189.62538233026,16707.93254170349,22461.28962456767,33271.62954022959,127360.3685063145,131234.1850059439,49257.8851972103,58935.49146947845,37840.48644054505,208133.3853103081,116622.0899692241,45829.80077634299,45537.74292517014,157078.9038092645,46067.09475715774,8874.599270645836,26437.52605960352,67421.47078619101,33825.17531949442,48051.32184934214,2375.807792471802,47275.64866458577,29157.19015819281,18439.30853077065,23889.68017442588,68376.12710630086
6998,31720.22071355005,24399.39250655438,72678.70014554085,44862.75612204702,76910.52832732294,49179.48704226911,17193.11888364782,22780.04388353073,33477.01736563849,133028.4131465135,129278.8475346827,50927.91893275941,60031.75970959439,38964.31188153445,216194.0075154291,114932.2891528975,45836.45329860585,44952.71593899657,167911.7162863153,47746.1662498819,8904.443153421176,26662.37030694472,68267.04173780947,34978.07604495443,48602.18015138769,2327.949703243087,48389.3997747538,29118.77836152276,18509.60977624739,24106.49006225082,68255.44856823859
6999,31716.70087820836,24362.20089203876,76733.44559109054,46176.78868158642,77365.52588930631,49493.9719777691,17193.09992905044,23099.46803304385,33392.10720123095,137090.97049712,128145.7895849946,53102.70148166583,60031.7447857506,39737.7429608574,220266.1100780454,113518.1747214508,45843.84606569871,44525.20530220413,169024.7600946167,47748.35524280967,8755.677835786593,26367.85527608759,69230.61018786844,35835.16368871798,50246.34811196683,2318.313499667208,48907.64583016738,29472.4490631943,18386.5825961511,24430.71708311358,68253.98425546024
7000,32467.00374876849,24503.61614133021,78478.48822868199,48160.69964130522,78996.13593232498,50022.4402264731,17647.90854792569,24844.31069474627,33388.50057487349,138279.0812505212,121911.1145914239,55069.33414085142,60238.30361811042,41308.68603590277,220272.0731940989,111424.5200581204,45781.02397542725,45069.39794708054,169148.3817691022,48530.11418239248,8362.8410125616,26201.51123209401,69215.02065072568,37825.63558301984,52935.83304657733,2326.728731771018,49907.69739068606,30307.97493380317,18254.76776165025,25235.86872437491,68291.81208835635
7001,33191.23656200976,24659.53202672937,79120.88367586091,53430.69070755023,81942.94170432184,50310.53935352284,18339.19345321408,27237.32651034966,33159.35248204849,139805.8979469542,112488.5513367334,55960.68520272265,61629.98110137197,43500.23202061395,218241.7919125156,108502.846373993,45237.19804254983,47881.63538464485,169024.750652542,49429.3780043679,8362.166485556092,26073.0294161832,69230.61117855534,39193.69402274488,53485.301644003,2428.951726537741,48249.4539418133,31907.28468943532,18298.70603981719,25293.09183587109,68774.34437376734
7002,33562.15667203206,24399.11859441199,79539.22059858422,58251.73342841354,84326.33102636115,50021.77240978437,18225.62643257446,27555.22646844394,31920.15590837282,140232.0523261738,111683.726050672,55712.16405316471,59635.690818662,44615.32771495017,210159.527184572,108505.338114231,41994.33669982791,48643.54021652292,156018.1808403065,49412.339926222,8165.943007635777,25386.37388206386,66537.19656425703,38611.85171591856,51335.9467263904,2560.828125146799,47349.12445056913,30727.12362142725,18483.24680893761,25556.35636745323,68747.62862663648
7003,33562.18808265325,23909.52227444005,77888.48058398344,57706.12909230276,85450.79849363661,49187.12433453308,16965.71035418647,26601.49179967265,31561.30128135259,135754.2964004287,115986.0672138914,56287.97242583251,59229.84080838985,43523.35301220078,208134.1508399834,106663.6802166265,39668.20574101509,48995.86804814028,156121.6985685265,47411.96816382118,7369.557251472031,24522.18059614075,63680.41698994603,39148.93805379933,50229.51844801238,2645.89649636544,47501.07077615205,30474.65542265281,18430.52087431804,24972.18573589847,68917.14876335769
7004,33523.40697431503,23897.13232833229,74922.77201375098,56983.7667439955,83756.48673772848,48027.1315483125,17650.96743088052,25594.54797145939,30816.87832692609,136943.8591278648,115986.0645221694,58721.89900437242,60257.93386396889,40102.74313255223,212177.764503343,112093.9443403233,42734.09957590411,48144.37165391655,158198.8895299149,49469.42174743058,8459.80127623723,23905.85741423053,63693.527805128,39149.33486482162,51320.35870012217,2837.342932377273,48341.72415479076,29540.03830941863,18430.52087431804,25233.98369890501,68916.00090845683
7005,33188.66909677782,23811.29114900013,73114.09519764612,56055.13707427313,83456.89906776934,49177.19094283888,17599.86626004087,24069.43639248762,30310.96099558556,133905.1414682656,113611.7237524744,56804.7409629341,61392.81656526886,38476.17168364782,212001.6993098804,114817.8134727684,46710.84913862342,46314.97150133669,158198.9925754316,50438.75053739435,8849.023815752029,25190.35075423039,64632.12493957961,36959.47863705687,49314.40989539839,2847.262820797991,47343.36725718326,29188.80740286,18140.52823800656,24754.0106014042,68792.45962256331
7006,31318.51371884027,22854.11647560928,70983.3451188,53533.13361496229,82013.77085538262,50872.63571341103,15696.13132049433,21628.31675293675,29741.2841016778,133231.9535066674,109170.8588722357,55224.40518125212,61827.68109018111,35120.8909597304,206128.5095274452,113436.6462267123,44816.14963041912,43242.79743899799,153851.283911229,50438.74755016575,9147.732871743885,25317.69129258168,60910.13862751558,33060.15292541119,45348.48784946636,2658.293960363689,45067.09226098027,29193.24661652799,17929.62450157638,24534.73021805979,68958.64365115228
7007,28381.44572874289,21432.17235286282,64890.21893125518,49364.02666342368,79177.56115424722,49014.77730492946,13802.23420824527,20281.18833522027,28225.42616034147,135685.7236266933,107576.9197465963,53908.74418848328,59045.19688916078,31798.27761693422,192049.2229925455,107786.4612249568,43120.57034531864,39921.35726839752,149496.6078316415,47412.34790305012,9060.187854853197,24093.56308382423,55350.76395322238,30498.17211516989,43268.02626683586,2361.433658160717,42641.58846178568,27296.98454110764,17597.26988295955,24325.73697572441,69316.15306518156
7008,26060.53329528913,20254.10141012798,59579.59490428452,48509.72735818004,77289.58186582135,45374.50719018729,12776.30465908287,17916.90440143961,25090.42290499221,141033.2258993452,129649.8863726597,53241.65594862094,50277.64587566858,28844.12552185361,186180.3306527465,85829.74966483496,39673.08699128306,38021.1875590468,156046.6663038898,41391.01022436166,7804.656418536269,20978.70847178536,51147.73246263646,25305.82243466158,41206.2419843809,2228.087018470826,38119.42121564681,28776.63906679431,18885.65482357915,24045.30012661274,67852.34760447977
7009,24497.03176158118,18960.58605282557,57946.59043256348,47484.91560917025,76491.76727604608,43805.28493321982,12173.95858001921,16934.56030184472,24639.9732358869,140412.7127188632,122366.1049711664,52875.47028905731,47292.51561175279,27245.60755927242,178907.2120056494,85320.20006811267,37531.77871545501,35240.61561696554,148936.1494095847,39292.60082872936,7067.900605946944,19925.60368244842,47983.29179490096,23897.61806660171,39355.76129891672,2037.538806220273,36968.52208343973,27108.83602030645,18717.5595718045,24442.95584175348,67286.76717773764
7010,23875.98889568563,18585.32939867239,54780.48824229289,45959.92480819151,76335.8322588764,43457.99589928186,11433.20798236077,16568.11651889512,23581.14414066003,136982.6952826565,116924.8176727805,52159.42657146286,46005.77172903656,27009.72102589065,174029.3764901256,85798.68010182247,36502.55529189761,34844.31673854413,141332.1688208857,36636.56502847929,6503.164087728419,19208.67382587174,45882.28348487995,23450.38222408393,38444.21593265355,1941.374740469955,35941.44383752019,26996.31186508763,18453.35719806801,24303.6507639862,66489.26041193042
7011,23653.15731975052,18268.4901058094,52724.47448812066,45988.79676997857,76296.95295875019,43572.85349683686,11604.34911574609,16213.71607329951,22883.18635293264,134822.5683092615,112588.7904819125,51569.3717498516,44388.66958179655,26785.04051886706,169890.2569266148,84992.50135724172,35510.68140066925,33898.59682120521,133375.3147546568,35086.92936415754,6041.522063251385,18697.79344955288,43736.7513037563,22775.40655655361,37707.61874271937,1847.935163478268,35951.93111243567,26894.09674461082,18504.77119142054,24442.91997871899,66260.32948874892
7012,23020.22455958563,17899.55028848624,51676.39635406732,45705.14947122107,77146.19362399942,43566.85378304607,11763.92204975393,16549.12394348196,22870.14620733719,133928.8212998045,108962.3441969383,51566.63202167647,43946.42209422545,27926.51260402162,164103.6234956008,84735.3090219444,35410.06298272986,33560.89485701144,129421.9284824849,34315.09500822252,5713.615305641337,18335.35516981631,42683.92798641523,22781.95466825362,37191.40092941288,1758.149301670199,35440.23519290752,26502.34502080965,18473.03269092184,24575.53349402587,66257.77155978982
7013,23621.90041664974,18080.17599313254,51602.60766546863,45705.28424967781,78241.9361329485,44177.06242419,12273.83304798287,17892.20265093863,23784.70051480102,133851.265278399,106516.4840857301,51567.55533702605,43803.23499308354,30369.10023780784,170842.5668411071,84456.59104333793,35902.00265915533,32488.62217834621,124551.1699971532,33670.41727851541,5530.448634814082,17962.22744256791,42656.58369813343,23451.26978738918,38266.85378487704,1742.367948630711,35965.69067120638,27500.07939659197,18923.64085614371,24774.51909483763,66098.12143735877
7014,24903.54281088509,18629.19611054984,54013.78508456607,45804.32351978106,79901.39077221965,45635.88817672827,14377.6451189478,22066.68673786956,25241.45921225411,135045.1599415265,108960.0722298401,53214.56239110921,45273.08102672821,32508.10364225642,183871.1126373683,86369.354922239,35860.29877563988,33544.24551004499,121536.3170306674,35197.77407660549,5762.967367665441,18989.29364845679,46302.68372223105,27668.64640338121,41172.67768911135,1758.904770700706,38076.75527864927,29086.40165424317,19210.97208034517,24840.70908202793,66229.94784508685
7015,26431.86997412521,20304.86036828245,66382.83592719352,46903.54893688555,81241.12242157014,45006.04000910329,15478.72936203107,23299.83086094022,25848.35495425655,131795.0230679593,101899.308567582,56251.47105161969,49043.32323741937,33998.0178682276,190511.9816019455,88318.64151025869,38582.2720473111,40272.21178537998,118014.3459970215,38450.49726843867,6104.160943686629,20221.88180628349,46924.82912255496,31361.37617320565,45869.9828594193,1961.123673069173,41507.30047634296,30308.96001117636,19460.5702611472,24469.55300144621,66170.4527526341
7016,28264.85778174588,21051.18685112058,64245.46013109747,48510.70814243835,80924.4557906486,43639.9777588998,15934.43312281848,22513.17188092713,26916.70769746622,119486.6939441226,96797.80688683642,53996.77333537318,53071.73192776816,36400.99823669067,191002.7701868975,98266.89568176077,40408.98746973612,39368.19412131843,114662.4173785672,39921.37084186262,6437.672508074943,21273.5250163857,51841.35358750712,35652.38931419163,50568.15415413453,2227.387630294442,42480.67713286382,30034.36943498102,18712.89201380019,23920.07811988172,66556.70746681155
7017,29635.49853159139,22254.12904413855,64859.79034390355,51314.2868299201,81681.27522408725,44696.1885768973,15983.2874494207,22593.68291174982,28874.92615076397,118862.4752370521,100497.4859250921,51546.69031715432,56170.28403907642,38477.45218666179,191002.7701519514,100643.4235705547,41346.88665551643,39739.77489537625,118171.2841835633,42561.83117871476,7294.263552454307,22399.39630078353,58442.2044592947,36973.00545854493,53376.33428714884,2511.735821422744,43142.46957151966,30730.43159002863,18111.21364121993,23338.98148885764,66651.71901408277
7018,30469.60574424994,23096.20097796879,65551.87638763901,49639.30465057522,82208.84061453566,45759.18578144113,16122.67940166913,23663.06216489066,30958.00583127374,121048.9309519971,107013.1434506538,50792.78091002455,57940.11492337689,39846.5761081633,188314.6566746489,99442.18157597542,42261.37264058367,39737.41652744697,127242.174362487,44347.87954876911,8086.658303485475,23725.56389670845,63612.05856739632,35617.6049203115,54497.9591274534,2679.52820377421,43349.17329479387,30000.20021013639,17631.59525432064,23050.37920381451,67106.73121934455
7019,30875.75075758597,23355.60493055233,69050.62085950702,48509.72707319888,83798.19527379634,45480.06960436414,16624.14468629277,24897.26260380587,31487.05005373686,121429.1699873708,106285.2636439397,50892.88281378317,59688.75601228064,38114.98001497827,184270.7238372654,100475.4973404167,42876.59971938468,42394.60347026828,135339.5787390419,46109.54052772298,8031.118886376094,24485.92998609654,70806.02810530033,34236.0101890396,52781.74658330326,2727.262130471501,43650.622677558,30309.10218004565,17645.66068063242,23116.03760427399,66976.26995450164
7020,30480.65421742594,22665.48538842144,62612.01110389583,48510.1515219245,82502.50126793166,44755.36226057689,15712.76252915716,23308.43842647786,31134.14926147198,119264.1673210959,101904.9100765548,47467.14720778845,56145.61051195694,36640.68425856283,165317.747717819,105287.1439725926,42148.35746359107,40587.69785295856,139284.1540159468,46137.53109441687,7783.12948586422,24506.03302600213,66048.62919883343,32691.71425049619,48061.29831945135,2677.361310575178,43209.27009019494,29868.67100172147,18157.55036293643,23382.5406281036,67004.94780649511
7021,30073.2177451314,21719.15574395536,53106.93497573285,46200.76034716424,81631.08728132445,44417.69245137434,15846.38424162184,22241.16683135871,31103.12090189608,121541.8309975095,98197.78671926503,46631.48294084533,53810.98697319633,35676.1757308009,168032.5817842906,103176.0301076338,42886.90684517607,38021.14799574253,141129.0308562047,44634.48082602634,7845.306834154522,23600.24870612676,63751.65672434763,32336.49976229466,47502.09554420799,2449.516674137679,42959.01405322795,29654.20775531149,18420.26310116416,23117.57547360367,66428.70488843559
7022,29471.17324000632,21458.31220523696,55796.60073582859,45219.66782448925,81930.55954944003,44082.15755704336,15087.42325352106,22398.24733575389,30717.86953859563,121739.8491376613,93873.27258896723,47099.50995209105,54326.97600512265,32868.57509785424,178898.1549774558,99722.10355829033,42917.90176022385,37505.7855715052,145199.8783774219,44929.36935622572,8031.544094955409,23437.73124476836,64918.5091007985,32483.86253564979,47471.16297975791,2422.52761970858,43456.96400776046,29473.59392379321,18517.58141846285,23117.43682481041,66141.95119597731
7023,29075.0197564805,21397.01306891448,59049.03529024897,44688.27162450313,82349.25892135612,44188.86478189141,15711.5570203035,22949.56522942127,30187.99092287186,122567.7417886238,93069.68628438,48535.47109352925,54285.56467485113,32495.62070091721,191105.7163374163,99502.95222383384,43904.87741276134,36990.2787892673,143227.8509152423,46108.92765281246,8088.263435594654,22816.19021591822,65960.4113598809,32914.23999823527,49180.87428233554,2365.970777343529,44480.69083709887,28950.76748054485,18452.73064153043,23515.50693830839,66326.44508987975
7024,30074.19254372941,22186.64656011858,62689.73640747869,45706.3178381767,82686.70532442986,45239.4630471405,16788.76559488826,24461.14584507052,30263.24837396389,124665.1348469677,98250.13212385665,50792.02883234013,55575.72686496032,35596.30248614657,193687.0949684747,96992.87182692929,44320.87940518781,38363.40648569984,145200.4155577864,46411.80062837226,8142.23639782613,23646.75376454975,67020.00684134365,35148.8081643916,52538.07207825848,2423.169261600061,45427.23813348918,31155.95616229397,18430.84014947768,24237.3523961201,65640.99454075794
7025,31239.56820322404,23167.82316594094,68849.6454271019,49015.40892047215,84666.01940688782,46952.84017053323,17821.3515822996,27569.52021200876,31473.9231078125,127849.4173620405,103364.1668857919,52520.11818877132,58803.883558079,40768.85579804524,205757.9487507914,99139.01257731151,45948.69410204692,42158.50199222732,146103.5131785449,49342.06995664359,8545.93826773001,24665.56004552356,69134.91121868124,37198.00673492314,55052.59280123166,2513.657087280335,46656.09396387974,31730.9720732713,18711.35904944181,25172.52566770317,65612.37057950589
7026,32099.77044100832,24397.35848345311,78909.11019087526,54239.14770234488,85914.79745750972,48227.59440247435,18793.89121109634,26847.37208688525,32469.0206407076,129771.8055506246,107011.4812718595,53753.34839234728,61172.1145191226,43243.54660755068,220583.1145730634,108613.2747561132,45527.26692194017,44270.7830320275,152103.4781124081,50234.94656682751,8711.8893719155,25236.73738371712,67149.68779990204,38781.88812984047,53694.83306163349,2603.131135059023,47536.17147308194,32130.09903569763,18179.36131465584,25043.28845102003,65929.87958410475
7027,32480.82324392816,24965.08774711304,78509.17236193213,58213.02660635507,85573.76452326053,48827.24923593923,18355.00277650783,26816.12083587431,32392.83360904389,129420.4306170986,105606.3003082162,57575.56672729964,60120.95402114342,43979.9939101523,206040.7689833321,106541.8841776919,47214.09034138317,48327.44875765979,156048.9977687916,51123.72259140731,9172.35131995365,25744.51138308372,63873.78507906875,37677.44541944479,53084.45225712677,2631.98438692547,49839.47987631753,32095.12116147955,18803.12950021489,25424.33924661847,66761.92867867551
7028,32480.8232462534,24443.26340454895,75447.93068955599,55903.44858531214,85674.62501743725,48020.53449586435,17841.40214026892,25782.72587072694,31790.39298414256,129069.8357944334,105449.3242342707,58731.56444569064,58376.56344439106,44438.16233814453,197478.2323264273,103972.2990758584,46226.09115843472,49013.06300537603,155061.7587749591,51122.45241692415,9163.013484314057,25815.72988686043,64903.98054831885,36071.36482355368,51139.79761619388,2874.991322040849,48768.11448938608,31540.1892809624,18433.74340848488,24915.01920717635,68086.07145965207
7029,32077.82240731338,24435.79629565023,75486.3173148465,55393.69151132306,84388.08224717014,47385.33954914503,16764.02723289703,24191.33660782334,31101.87910477734,129717.6528550413,102891.061236341,56858.74591279679,57778.6886601837,43102.10647223028,195034.996708151,100674.554295387,45170.60120113101,47662.42557037778,157032.7185961613,50441.96439259571,8939.076850883444,25045.77763996839,66378.50280515541,34266.78465373816,49176.79261314702,2904.967588483319,46842.63449134187,30555.14719530646,18237.37463723536,24642.2083589953,68232.12504379687
7030,30643.86796633009,23713.56206681649,73266.28096890912,54026.56389368177,83303.10226576222,49504.34798118599,15469.98211181777,21710.8227907976,29748.13722533777,129729.7445733829,97523.34990510512,54806.78333294668,56145.20149683923,38909.82520072092,188199.3137089758,95852.77043396333,42361.53091977583,44760.15501894074,160025.9138988082,49031.67639703202,8712.328710695521,24094.976520036,59979.38260579467,30693.41975708676,45826.16016340764,2824.295810887061,43857.28721256347,30915.28000851466,18095.94861620135,24702.09058010461,67808.83589079617
7031,28278.61484778154,22055.20787990555,68513.29163274504,50847.17941738411,81160.09232999152,47756.89610034692,13717.8240323767,20124.49782633792,28016.23857847997,123221.6697176411,87384.4402303505,52559.62860524302,53351.64171109762,32872.15158705006,178602.3573647546,91035.57212577398,40781.98508051456,41126.53688245949,162746.7396423757,45012.59392531736,8258.485373537767,22275.96769950351,54327.90307828657,28236.06899671651,43304.41223129186,2488.483102176374,42008.79129253142,30975.61615832269,18749.85994363172,24647.50584511312,67956.3654765409
7032,25950.12151017625,19772.12547846254,58629.01037358513,48073.1368666776,76721.76690392339,45070.47064199097,12952.28768889521,17951.37247680671,24909.16380400613,143637.1089499801,124656.8374705148,53436.76164043877,49909.95741427486,28890.09434597605,180401.1174498679,80917.72243095674,39709.3220277755,37873.38709602922,151062.414618094,41568.50218943473,7758.214759638952,21250.76103626886,52186.49119754762,25306.55773930587,41090.09905762464,2294.514929377439,37978.74108956597,29007.91281664561,18941.05161980599,24050.40155158735,68547.70628039392
7033,24530.06156265136,18569.51030606746,56932.74145138764,47002.93534312594,76025.02545565604,43193.69485558196,12392.24556275083,16970.46696944327,24415.63942558695,142934.05641288,118232.7972888701,53059.32195209578,46885.33123641562,27242.22541157019,174604.030285279,80534.58141082451,37577.10698080227,35124.9185781311,144241.5640154513,39410.30847811702,7056.568886299309,20094.84720533094,49049.12429563121,23942.91467388547,39275.63872760883,2103.859712934072,36780.61738794508,27294.23130015452,18779.52391286412,24508.66919808238,67836.85153862723
7034,23965.99553486639,18220.62434713459,53643.98086140758,45410.40141659113,75888.84545708144,42778.34027665844,11703.51934027718,16604.55982450029,23255.55871754264,139047.7852800899,113433.7723980985,52321.27197512251,45581.56259391809,26999.05636405016,170716.1193312477,80894.36057541952,36552.25423298484,34733.19521556122,136947.3523073756,36678.60141796673,6518.744764980691,19307.92728490103,46966.0914235919,23509.83118892431,38381.83696081033,2007.641645321909,35711.39528548719,27178.61179378454,18525.64402543299,24348.13080342957,66834.49813447818
7035,23763.60737648776,17926.05054199433,51508.31479606156,45440.55214185581,75854.89167856611,42915.7089362089,11862.64089438584,16250.67838006533,22490.85800406413,136600.3227653947,109609.5482255926,51713.08292632239,43943.06475483265,26767.43930602669,167417.0067966401,80288.17788271503,35564.59240985984,33798.39422004747,129314.6423849441,35084.81616684554,6079.102191553156,18747.17236390827,44838.91560996835,22856.21449149609,37659.57793328558,1914.149596431403,35722.3128822513,27073.58490644559,18575.0492546901,24508.62786869168,66546.76428693687
7036,23188.74227862313,17583.03751203015,50419.63292309904,45144.34186560269,76596.54416100554,42908.53333216814,12011.00670657103,16585.59506273355,22476.570881238,135587.691410753,106411.1495687528,51710.25899774531,43494.96594180284,27944.15200657109,162804.7324729562,80094.78957596364,35464.4012757038,33464.59123406033,125522.3080810035,34290.99201764709,5766.82175971146,18349.35115499262,43795.09985349997,22862.55539436067,37153.40850863302,1824.313314503643,35189.6206661805,26671.05674849231,18544.55078936639,24661.45475194573,66543.54933139085
7037,23735.21810073709,17750.96996965879,50342.98557678305,45144.48261351065,77553.46978307056,43638.3374101256,12485.10564988355,17926.7069007444,23478.58037770004,135499.8190506945,104253.9865833478,51711.21068945874,43349.884348654,30462.14953647117,168176.0516919433,79885.21568690671,35954.25189278601,32404.69860718307,120849.9732221118,33627.94722525508,5592.383857053276,17939.79694443353,43767.98951267845,23510.69066612358,38207.9272390203,1808.523099292615,35736.63703371317,27696.23712680289,18977.55352376341,24890.77036215426,66342.89166859399
7038,24899.27773986466,18261.40838032686,52847.57475136669,45247.90841620896,79002.69225094418,45383.07996446891,14441.16285052625,22095.07767119057,25074.64311228981,136852.52306786,106409.1457733167,53408.83541330168,44839.17774550312,32667.19029502955,178560.540007545,81323.46293221596,35912.72510799161,33448.13411411011,117957.9385108511,35198.81887853559,5813.82195987048,19067.13018296473,47382.89487441055,27594.61236605935,41057.18810494625,1825.069207775096,37934.32445135844,29326.19645435059,19253.65860875584,24967.04923479787,66508.57885045663
7039,26287.39034764995,19819.31741388634,65695.81669115595,46395.81945181973,80172.69663745335,44629.78718846841,15464.91577595247,23326.41591834007,25739.57387898773,133170.0598313669,100181.7994295419,56539.07776008087,48659.30359567884,34203.10257464064,183853.6883946723,82789.1723678982,38623.13931263101,40098.42185433567,114579.4445694933,38544.21313376686,6138.756029659364,20420.04939281783,47999.71743236131,31170.48917578011,45663.05832907349,2027.401668125368,41505.63439140195,30582.38534519122,19493.50489457398,24539.32038027781,66433.80191939216
7040,27952.21287182774,20513.19673024263,63475.63652584763,48074.16109069581,79896.14771258552,42995.98895337088,15888.61456300208,22540.90895980084,26910.08894357244,119224.5026858189,95682.45355720166,54215.08614243544,52741.01169640389,36680.27004592982,184244.8746717568,90269.47315966111,40442.09744873891,39204.84163377241,111364.0659019436,40056.99233829886,6456.374172421873,21574.35895828329,52874.17796059153,35325.7172421404,50269.77781814586,2293.815148452857,42518.95137996004,30300.24124189345,18775.03871810999,23906.09281382989,66919.26955957257
7041,29197.1058184212,21631.60365496183,64113.76658978537,51001.91263690799,80557.08757867575,44259.20764642694,15934.03775390951,22621.30208637437,29055.56403492355,118517.2517207863,98945.4409384636,51689.70442237271,55880.560393026,38820.83026356831,184244.8746439029,92056.43428286172,41376.01377411786,39572.13227779361,114729.989451133,42772.6801854079,7272.144555442253,22810.14309170343,59418.55443153725,36604.54373080612,53023.2955883759,2578.323018059954,43207.8989898053,31015.45090165872,18196.86814628622,23236.42361168769,67038.68565975373
7042,29954.68885822092,22414.5000296784,64832.66483397565,49252.74408767077,81017.81702497513,45530.54279710456,16063.63993447982,23689.11528879356,31337.84033576573,120994.5451707906,104692.0227545329,50912.62502498438,57673.80770546218,40232.22308517366,182102.2960758426,91153.19525335536,42286.61632472561,39569.80113868177,123431.3521879222,44609.61361145137,8026.777905619727,24265.77740444502,64544.17720963831,35292.03356768565,54123.08754723246,2746.209625847708,43423.08433762382,30265.13207887064,17735.9886305051,22903.83166115331,67610.5717583148
7043,30323.57258100031,22655.67469173021,68466.95464586152,48073.13656907432,82405.82030455371,45196.72234534426,16529.88632330794,24921.50830486763,31917.47495191706,121425.3628019586,104050.0582490108,51015.80337282642,59445.58486276476,38447.1675051346,178879.0527487984,91930.1670312813,42899.23079482921,42196.30921350898,131198.8867205949,46421.46484227682,7973.885207446738,25100.37400698561,71676.5978461631,33954.15810212668,52440.28177482049,2793.970357993533,43736.90302096585,30582.53142488814,17749.50451531038,22979.49792094926,67446.60036831352
7044,29964.72370238344,22014.05244314415,61778.9058255847,48073.5798169911,81274.27454225854,44329.97884294128,15682.51233225333,23335.01087854224,31530.82766123951,118972.3760399841,100186.73976434,47484.78421436685,55855.56041331725,36927.35588337432,163772.4581882031,95548.14496910406,42174.08107529884,40410.26543998522,134982.7689691828,46450.25286864606,7737.713688297669,25122.43960017831,66959.90145790589,32458.72995595989,47811.7189468314,2744.041515808826,43277.44051822046,30129.98472210452,18241.39447482347,23286.62217156133,67482.64437922573
7045,29594.66700400963,21134.22493889594,51905.59223794218,45661.90376420083,80513.25782126811,43926.12877078043,15806.74952835844,22269.30224758833,31496.83218311327,121553.0097424296,96917.18675432494,46623.43737503327,53490.04774000469,35933.07012802251,165936.3345780118,93960.75421256406,42909.49415062508,37873.34798950775,136752.4897215169,44904.38024541691,7796.927988473689,24128.22835568299,64682.58101719061,32114.75589611499,47263.40127992239,2516.068931010539,43016.91578501564,29909.6219507848,18493.84292736653,22981.27019714572,66758.38839131682
7046,29047.85635501202,20891.71185583663,54699.4587085838,44637.35782829948,80774.79069429007,43524.83203771429,15101.09186707289,22426.15271569234,31074.74076502953,121777.3678386064,93103.11669815493,47105.84831780806,54012.863763251,33038.79056936153,174596.8113212505,91363.6744580323,42940.35744340294,37363.93574345604,140657.5001702791,45207.67023865686,7974.290152802964,23949.84517553299,65839.45024296724,32257.45551311997,47233.07083035802,2489.064720616717,43535.29800118988,29724.03973509854,18587.3589813344,22981.11041506854,66397.97948682691
7047,28688.0475010397,20834.72044017235,58077.89627668795,44082.42564355033,81140.4460865531,43652.45292439271,15681.39148866365,22976.66323276001,30494.19196591042,122715.3850266598,92394.38171209005,48585.94102909289,53970.9045244488,32654.32196841431,184326.9285796845,91198.8899770178,43923.1418285811,36854.38080610622,138765.8086232682,46420.8345063755,8028.306545504639,23267.62638874385,66872.43837764961,32674.2140857243,48909.50191049576,2432.47611820945,44601.03116918996,29186.83121157759,18525.04194869544,23439.85562381816,66629.86226265592
7048,29595.55237087118,21568.86341867843,61859.64229582652,45145.56198051383,81435.14224604102,44908.95905455257,16682.94558087123,24486.03021661587,30576.64598756698,125091.7688930259,96963.35356849554,50911.84983360425,55278.13670156989,35850.7309603452,186384.4334349126,89311.50792418086,44337.37723682924,38211.65489334815,140658.0154671372,46732.33642422898,8079.707437868885,24179.27345659227,67922.96835814703,34838.07144414634,52201.35049263372,2489.70672282841,45586.41791488637,31452.68094260361,18504.00672641652,24271.72703038757,65768.34770159428
7049,30654.01202837085,22481.08905736112,68258.19319663248,48601.21549079552,83163.7019616212,46958.14277208711,17643.01101819534,27589.85252972838,31903.09272839205,128699.617962931,101473.753179646,52693.04877213614,58549.00476326386,41182.97627366825,196005.5870173621,90925.2361299104,45958.27929446737,41962.93367317351,141524.3229441264,49746.09000820816,8464.170982285405,25297.54039749705,70019.77840797018,36822.42505343442,54666.92505208551,2580.24536282298,46865.69709328188,32043.51457874865,18773.56564724678,25349.44234520896,65732.3714237352
7050,31435.29603629357,23624.2203077851,78707.37306614382,54056.31805806947,84254.27543408652,48482.73743387395,18547.2472710778,26868.7619532614,32993.34747841545,130877.7181802792,104690.5567710311,53964.17999078523,60948.56951478429,43734.06809916075,207822.0831686377,98049.13240916673,45538.64173701211,44050.82712091441,147279.8629482228,50664.40494193487,8622.21372241483,25924.47875332013,68051.53981513089,38356.1860114431,53335.59465531594,2669.769655619175,47781.88661287649,32453.62085579595,18262.35326443985,25200.5063866047,66131.43541322432
7051,31781.38960361825,24152.05310268441,78291.94119085163,58206.2034019783,83956.447112117,49199.91925222564,18139.18283670945,26837.55646809458,32909.87498409631,130479.6040930056,103451.2363582747,57903.86703053069,59883.50123359347,44493.2517055962,196231.0107481577,96491.61042423363,47218.30193219458,48060.65612975893,151064.6511044166,51578.5024631386,9060.73245569151,26481.82403823529,64803.66448757898,37286.69235175492,52737.09516019547,2698.639110308464,50179.70612010558,32417.68079880903,18861.75059192487,25639.6381396392,67177.20364757649
7052,31781.38960573016,23666.89931757482,75112.10353448887,55794.33222732624,84044.52984172138,48235.09563722189,17661.6533859401,25805.67485653635,32249.82535961894,130082.3738852967,103312.7889569873,59095.39216855683,58116.03082647797,44965.56514647543,189406.1844585609,94559.4855367525,46234.49836310536,48738.35453660537,150117.6299825868,51577.19610100184,9051.839612594122,26559.99522724496,65825.04599132584,35731.43466560624,50830.29400886705,2941.782508320202,49064.37965294834,31847.48367118266,18506.79655400024,25052.68594229613,68841.46416673072
7053,31415.36159881137,23659.9569504782,75151.97730130088,55261.99758366958,82920.97596779901,47475.40816123872,16659.94464282503,24216.61610107078,31495.47163787773,130816.362207162,101056.4905608622,57165.01607403451,57510.24563001441,43588.26128902248,187458.7874023573,92079.84212725301,45183.4906243799,47403.31104680858,152008.2973818863,50877.32076790927,8838.574631101883,25714.87662142734,67286.95278954956,33983.95873783691,48905.4996926499,2971.775608225221,47059.89189368686,30835.34472665366,18318.09998464413,24738.2924089604,69025.03290060544
7054,30112.96360027112,22988.47683490392,72845.93422243922,53834.31873367306,81973.44939549085,50009.72329651882,15456.78286237064,21739.73486850164,30012.27680965764,130830.062340415,96322.35709712858,55049.99027659302,55855.14598656775,39266.55190988188,182010.3612046719,88454.24179431822,42386.34927414869,44534.54900532846,154879.5567132913,49426.8532425982,8622.632124600099,24671.25382516878,60942.5810591654,30523.66961215487,45620.08865957511,2891.05852861147,43952.04757251291,31205.38419071179,18182.19953154768,24807.3020660326,68493.01819973924
7055,27964.70781222371,21446.66142844199,67908.80867374167,50514.11664409145,80101.93204617701,47919.78647379528,13827.68229998863,20155.73299507631,28114.76358720766,123456.297071782,87380.19374014802,52733.77346708225,53024.62493376619,33042.47747534446,174361.0438840465,84832.08943495736,40813.51109672445,40942.8832393613,157489.5422021891,45293.26590078765,8190.416593730689,22674.66480996215,55339.45346785245,28144.07940515863,43147.42757153148,2555.057241024038,42027.70276056334,31267.38008700179,18810.5622969918,24744.39735452797,68678.44205922745
7056,25533.82718305655,18989.66035452253,58445.6835133289,46507.1358152852,75445.49974059292,44798.97650849829,12915.42198458933,18317.72264013302,24326.36581797808,125675.5578149091,95411.3107162953,50848.81502023915,51731.56109535557,29670.42029320729,166497.4937223832,83123.05772350465,39877.98291938311,36360.68250199514,133445.6073070397,44169.55175212533,8379.987415925794,22983.77937333017,53482.80184597476,24872.78502487003,39667.47394696953,2159.332563082029,38139.67732213481,27209.30140937916,18347.69476361537,23875.50134633654,69531.86646975261
7057,24455.88873947341,18250.53705970348,56272.14290074155,46229.72632989855,75271.50027082476,43309.11023231706,12303.81029697693,17516.48500965973,24336.77205696742,125437.5189960118,90470.08627648184,49023.03511302005,49221.98240613574,28708.68680988755,163752.1070014291,82337.66138454337,38602.21051449765,34959.96592662271,129217.2175268612,40142.81528316274,7591.620155952397,21751.10880517754,49606.55608867628,23477.41811373662,38313.37886520847,2061.159787502483,36947.08804759029,26770.99718371435,18087.77963284092,23742.5088734028,68624.48850094416
7058,23684.62567640931,17891.53026518976,54968.35638236099,45670.33535734606,75306.70941132959,42551.36724307894,12189.29571851214,16875.38988451273,23518.45650253332,123735.4318992232,88128.99444552317,48353.76265829,47127.30243282595,27591.17175639212,160865.8343537502,80510.20203819801,38423.17949482275,33666.36276414897,124167.5754163091,38165.53646636508,7024.545420428835,20712.18218569419,46784.53866374045,23205.15197367908,38040.8519207507,2007.878053433466,35534.42079440603,26771.98642347874,18443.95962620043,23298.16881119325,67773.66959056472
7059,23223.68056934312,17620.12161896415,53690.11875317863,45034.35458017368,75022.01376162762,42278.69494462361,11761.1279409666,16556.08450933318,22977.0205456816,121911.2296500434,86063.81986470558,47240.04117373315,44203.10335932529,27194.81639815351,156762.4718558074,78409.25253469289,38261.51972827414,33042.65862500526,120810.6636529446,36168.39782904602,5964.358680414226,20005.56929143962,44916.43356671284,22642.77092057938,37503.85053182785,1918.24423588237,35116.54260626955,26851.40985223539,18492.09205749294,23393.62509186304,67165.36919448353
7060,23223.68546331168,17493.49022772583,51451.75555875949,44334.75278754306,74791.79839719238,42278.69495773065,11875.80100906508,16240.81949089401,22520.84787081476,120819.9088224701,86455.14103440556,47061.89216747061,43335.81852318799,27195.02982523119,154948.9179223883,78108.88150680182,36534.3324386537,32703.71084153503,112650.9284922433,34498.76063741538,5692.463556408552,19322.29528088081,43504.1261375007,22926.13029620954,37498.350082169,1865.164720072988,35108.15433499857,26684.7044251524,18280.30936025454,23273.04959539818,66940.36397631146
7061,23520.77168484291,17546.06505232977,52374.11200569924,44334.80806486036,75444.84086908138,42563.88272215947,13121.93821891912,18041.59272107949,22715.25269338767,122166.7951366783,89863.8327270474,48849.22023019115,42948.35601000185,30603.47460246415,157811.8988700002,77506.34107073302,35925.65601246714,32272.80055573753,111241.9147254008,34153.58270570677,5596.326201286824,18596.37638216168,43505.30938187708,24368.50711463801,39820.50500542256,1862.54288310369,36157.57793436825,27116.95319386492,18472.83908542465,23883.40061407717,66983.25616369791
7062,24794.49510580135,18133.05618811423,58265.17625039799,45768.0391270359,77883.27905788743,43379.44859689242,14786.5624347718,23237.74752215487,23086.43243523794,127052.6395295137,93332.1517515105,53318.32710677919,44481.05276368454,34086.6156620171,161091.4183217402,77507.22436614479,35099.46180204189,33432.49968139006,110167.2034725277,35485.36451070832,5734.739528876396,18290.25934890993,45827.61767027342,28380.98513500074,44857.15722987903,1862.568952386323,37492.22671510163,28634.02348497342,18963.78988774933,23812.32734426469,66942.64311046377
7063,26617.93745557281,19079.45208965076,62110.95749795192,49765.69842556852,79441.0039417687,42838.74934290973,15509.24124927048,23887.82244714891,24307.05086683952,134868.2950434538,104697.8679398205,52368.91958169698,45039.59869475514,37032.52951613448,159975.9396162417,78108.35943759345,36374.73381679463,36728.30196238188,113277.1764501954,38157.07729085514,5693.054629633037,18091.62244054562,47768.39067397032,31103.49807326159,47274.60531307292,2032.513101198172,39346.86329965058,29562.17711729158,19656.89690015651,24022.45359629955,67317.72446746097
7064,28917.84320678018,20312.98237642339,63355.30965781021,48986.50372445692,78242.88981414899,43426.3562227248,15928.80359015483,22953.73309745284,26651.60583580286,138536.8933111641,116058.0064693566,51942.07301245726,47864.25413730135,39842.56015398362,166616.6655760201,78109.83682412066,37603.12006615311,41745.33995544905,126962.3626489216,38828.57840758737,5980.043583602798,19161.74117868724,53054.85673800283,34299.22437738321,51573.6031146844,2313.825274819806,42257.82147677888,28560.27737260013,19599.13798395159,23114.14756501117,68259.3361008946
7065,30605.8727739061,21847.01723887152,68633.0637123377,49036.00164383891,78912.79048524219,45657.22222691878,17154.73207972851,23282.68173707571,30748.402615354,141592.4392225629,121091.6541793869,52455.7491259985,54088.78290985795,41663.53940486225,171963.0097725022,82305.06258890586,40492.78336572582,45038.17247401138,154185.9085594171,45892.53954002733,7270.715588049613,21519.33762529028,61063.76938476637,35686.09611440203,53738.75974557057,2595.585420172348,44550.45481785674,30100.19242350099,19079.30772240269,22555.43107384663,68564.67779859887
7066,31223.72312801169,22604.91715522012,69448.13333226775,46511.18796684786,78775.14238390545,47882.13665561575,17997.82977839719,23619.20140201274,32654.52870978297,145380.5807946812,119789.1438496647,50654.91188087217,58050.59737298307,43181.48872781074,177214.2124650264,84399.89598617646,42783.4085007197,46071.64446038473,161124.2108318987,49165.76959281514,8091.97542251855,23125.86712448387,65779.0768744693,36492.31908365527,55401.0514689604,2647.427774714361,46069.61477263179,30504.08688274984,18665.36881283827,22841.17040375153,68785.871548257
7067,31848.20444081894,23202.85512308384,73660.3281498526,46517.4556638678,79595.04775116849,48999.44576117014,18645.90527016507,25022.58161157925,33490.17329495049,146484.8561157999,114659.2563640749,53118.8077761431,60932.99631911291,41043.42502776665,181735.2041023123,88316.21199523192,44340.7369760966,47353.70965291696,167342.601580728,50119.62458259852,8475.968557531647,24704.04271931762,71491.04451482413,35246.31449563285,52120.84440978515,2715.868475968437,46217.06941543499,31327.16489952346,18415.08016921973,22835.91925508047,69271.20320087695
7068,31857.5799063134,22788.02691213753,69709.66081780646,47431.13530112545,78191.86100419791,48992.5904976446,16752.17639267064,23039.25422755346,33746.35945077817,138312.2852539575,121233.0723644133,48128.93404654766,58883.51664731152,37844.07665980951,179558.717173005,90142.9007516715,44406.23347848153,46871.67678879469,157487.4148953785,48573.46298487795,8475.975785930566,25655.91848324449,68145.23103406724,33320.3344983452,47263.41474219305,2613.418012084227,47286.47454101628,29991.57700011415,18415.08016921973,23246.11889566498,69392.78290506022
7069,30920.89882805091,22420.26776184269,68920.86062889654,44317.51838638278,76517.15623967817,48440.91937073501,16729.59034187668,22321.02568981764,34000.44306549191,130018.5517760136,123783.9826153934,49403.36577834927,58530.75814662193,38246.27127466327,180646.9892014109,90945.16786942401,45862.6335703887,45385.21479679819,151392.6554700987,47502.58020683497,8879.974247957358,26534.80216580848,68727.94102806564,33173.02923233472,47805.95543877268,2455.917662922116,47662.08567398261,29923.9090353588,18665.36881283827,23532.32716561723,69500.86624979992
7070,30311.20768177413,22685.4322723153,71887.57567220752,43610.62473923704,76048.97695567939,48430.80210025187,17169.52743619245,22641.70201127002,34232.61704546989,138199.0286890638,122102.0269086659,51219.60863930811,59678.29631028539,39382.40883468051,184985.7933289049,90193.80145724864,45869.18449372933,44813.65965180445,161978.1889774714,49166.59636508643,8909.093396805345,26765.99619663648,69597.10637883731,34286.31350265014,48354.45442698136,2409.767399622783,48858.7403722247,29883.20077399917,18742.38070335501,23812.84179221552,69359.00902800751
7071,30308.27055256321,22653.89276276526,75948.06430641527,45055.8328685645,76498.41056328802,48744.63347068576,17169.5102493309,22963.05226265846,34136.6331147192,144062.3658228049,121127.3852866742,53584.79036858042,59678.28068848798,40164.31327219687,187177.6905493246,89565.0184217006,45876.46435670259,44395.9936128472,163065.8255033422,49168.76573048735,8763.94072145711,26463.16382298909,70587.56177265725,35113.9495436484,49991.58045281036,2400.475065988074,49415.5627820021,30258.01582059951,18607.60989438984,24232.3356750952,69357.28773318646
7072,30934.36133927192,22773.81677422965,77695.57864271592,47237.79116635006,78109.08063158942,49272.00345251939,17581.90269520214,24718.41618497303,34132.55612138211,145777.1216522518,115764.3994393959,55723.59897546159,59894.49979846564,41752.46688316749,187180.9003254297,88634.07923790954,45814.6017005244,44927.65473856922,163186.625284588,49943.51505650493,8380.643614489842,26292.12208858906,70571.53723267862,37036.02401328409,52669.54638335612,2408.589998773203,50490.05454901677,31143.49394091856,18463.21260051227,25274.06312705443,69401.75422546607
7073,31538.69794731924,22906.03772297295,78338.88398628561,53033.8681928508,81019.85128112278,49559.50384969763,18208.71727402603,27125.86169306253,33873.523120718,147980.7191057808,107659.2338241713,56692.98658019723,61351.26281057742,43968.02244626562,186088.0575422867,87334.96312174977,45279.08120827338,47675.13274278364,163065.8162768002,50834.71566159068,8379.98546781291,26160.01184223064,70587.56279098772,38357.07265883031,53216.66161901877,2507.165144579492,48708.37747969083,32838.41907255233,18511.34503180478,25348.09997064662,69968.96932876988
7074,31848.21250817459,22685.19998730312,78757.81344629686,58336.17982999061,83374.0952394215,49271.33702369255,18105.74169381889,27445.67856228071,32472.71370120829,148595.7717883013,106966.9336444296,56422.70775045049,59263.70419573434,45095.33462050636,181737.6038590933,87336.07106885486,42085.7456250152,48419.49263890344,150356.1454636965,50817.83035476293,8188.527114218512,25453.96460019247,67818.99244981256,37795.22385980615,51076.51234063989,2634.335506306435,47741.03073064862,31587.7016011567,18713.5012441308,25688.71889958113,69937.56505650288
7075,31848.23871879074,22270.00887472219,77104.73530431994,57736.10959868685,84484.81211503102,48438.42352063498,16963.32738679919,26486.19295032974,32067.05817209914,142133.1940744555,110667.7512158832,57048.92734343031,58838.87352157267,43991.39674089231,180647.4012643052,86517.18172189288,39795.13989844994,48763.70716172824,150457.3002084132,48835.3948542088,7411.480925265195,24565.36579657766,64882.49869251094,38313.85461313956,49974.82286993174,2716.368194895896,47904.28738891761,31320.13948973071,18655.74232568235,24932.90278702175,70136.83541575044
7076,31815.87779418069,22259.50186047504,74134.82606993931,56941.63618133134,82811.2193125726,47280.84144054507,17584.67630188202,25473.17733199407,31225.54948105528,143850.0454837406,110667.7489004992,59695.94080086667,59915.04810540409,40533.31221931993,182823.9637189292,88931.73735020426,42814.21066427735,47931.81879321839,152487.0754463366,50874.40035386369,8475.249278624253,23931.63714928729,64895.97534548094,38314.2377887762,51060.99107754095,2900.982824774687,48807.5159522447,30329.64591705229,18655.74232568235,25271.62422898973,70135.4861161163
7077,31536.55552405261,22186.70618514351,72323.58742293397,55920.30445094569,82515.29516142372,48428.51077259354,17538.34090726799,23938.86945312822,30653.65170608574,139464.3778968393,108625.372039216,57610.93824554557,61103.00663906134,38888.92079539478,182729.1928230027,90142.90008459645,46730.22634988142,46144.54556622058,152487.1761396489,51835.03769190882,8855.019871761939,25252.4056206089,65860.76263629008,36199.63031322786,49063.63370686387,2910.54871990118,47734.8449926942,29957.41652969545,18338.06827870299,24650.62176654031,69990.26374373
7078,29976.00298216196,21374.99579973411,70189.81932486808,53146.53764042962,81089.81429531204,50120.43205651028,15812.15130700994,21483.03005891011,30009.67900956992,138492.7908809322,104805.3981789977,55892.24626927004,61558.20876943361,35496.88114599144,179567.8214770792,89528.7669463848,44864.46314890161,43143.11668662218,148238.711962621,51835.03473146513,9146.475026211725,25383.34235880597,62034.91983468908,32434.29485654354,45114.6976167108,2728.323252796951,45289.13235202506,29962.12114353533,18107.03260715275,24366.91074454185,70185.61251891762
7079,27525.16441991015,20169.14816921091,64088.06276244968,48561.2423867784,78288.28728853117,48266.43466398363,14094.88204267544,20127.77856541613,28296.12675485046,142034.2255539135,103434.3126001918,54461.40099070279,58645.59423439624,32137.86676663941,171989.3411842074,87016.42395786337,43194.77915902049,39898.16173042092,143983.4394143441,48835.77118851954,9061.055967407288,24124.64377887999,56320.41908273636,29960.34989848691,43043.14660469488,2442.056472601995,42683.08285819135,27952.49027842286,17742.95289095307,24096.50950996983,70605.86365100085
7080,25544.32878311105,18902.55450334952,58324.25835863943,47348.27027621523,74601.24931664139,45182.1622325699,12985.52804436169,18192.33629015755,25004.70038981182,127461.3025517149,95668.35099327182,51227.94684696235,52027.25727340428,30072.3721744643,158601.1238903308,79765.25549836429,40766.8285750908,36380.87326172297,139192.2517287965,44018.8522372677,8533.279391669861,22475.41561688551,52768.65977467265,24922.01584111862,40217.85229523836,2093.941528388629,38501.89558749866,27334.28353712066,18311.96979330981,24008.20519958363,69710.87828544003
7081,24465.25926912351,18190.80039247055,56025.96910659652,47065.77301745351,74394.49010983398,43695.2135736529,12366.25724694841,17440.4967824994,25015.21494340689,127235.7657859657,90362.90173806413,49352.21753929512,49480.72615154966,29126.83421496608,156438.7567893964,78999.27179414459,39649.13365779865,34982.39369294434,134180.8846044934,40118.28324621263,7682.987775757979,21262.75907385228,48834.49849186256,23491.32900731137,38825.71835394509,1994.516307635848,37326.30488631519,26866.11365577927,18024.96513263051,23900.49957492552,68770.50285149111
7082,23693.18692717172,17845.08735160207,54647.35279512787,46496.12264626356,74436.32824861014,42938.95447868288,12250.30862177064,16838.92663037385,24188.38185187412,125623.0741224308,87849.24463500791,48664.63523368008,47355.20294509569,28028.13803591317,154165.4227741806,77216.9817451793,39492.2858846676,33690.85647218575,128196.1926111151,38202.95739886261,7071.370680918962,20240.7007921039,45970.31691315478,23212.17118956187,38545.53565894329,1940.55482859413,35933.77308835473,26867.17030145135,18418.26781504958,23540.64519440913,67888.74328760094
7083,23231.75815485378,17583.72876497212,53295.75173108825,45848.47779040746,74098.03154694597,42666.81615661061,11816.77897150775,16539.30715802609,23641.31029293208,123894.6809248062,85631.84304252193,47520.44473136267,44387.94633777941,27638.45727386725,150933.4642304039,75167.96139298141,39350.65693995143,33068.14841625856,124217.6764088078,36268.39398762162,5927.908817261934,19545.56068594103,44074.30019875836,22635.55498787845,37993.44897750513,1849.777502147738,35521.85112772142,26952.00557120107,18471.41682591948,23617.95166228872,67258.32160160023
7084,23231.76305395757,17461.78643963618,50928.91945654508,45136.04509053958,73824.47240214559,42666.81616969197,11932.88807105813,16243.47894523343,23180.3894892285,122860.6774333341,86052.00906283126,47337.42195251773,43507.89111726632,27638.66710684802,149505.0427510314,74875.01463327464,37837.48072809116,32729.74194745534,114546.9907215408,34651.07060274555,5634.656983900489,18873.38052605413,42640.8912883532,22926.08683632301,37987.79401075605,1796.020821177437,35513.58241869005,26773.9409862703,18237.56117858744,23520.30208198745,67025.13390369169
7085,23529.16100519352,17512.41445772584,51904.21382016451,45136.1013816596,74600.46639614574,42951.4454485987,13194.63044659252,17933.23040883708,23376.81779807081,124136.823838974,89711.96036078177,49173.64745615321,43114.72339050059,30989.71391516201,151760.0313704727,74287.36718412492,37304.22374179875,32299.5198445263,112877.0677399973,34316.70793779421,5530.968270294214,18159.2478737572,42642.09221174793,24404.97350552047,40375.18225929634,1793.365535963065,36548.04805690626,27235.64279726965,18450.15722206699,24014.60252078219,67069.58589692174
7086,24804.22093184334,18077.66974987082,58133.39102452681,46595.61833246761,77498.00135092545,43765.41419403604,14880.10047017686,22809.0304446495,23751.86100946452,128766.0584630542,93435.93420760725,53765.01945798532,44669.98842378463,34414.199125686,154343.1009668945,74288.22864713136,36580.40100809452,33457.36687915873,111603.3505756019,35606.76176959577,5680.253632529894,17858.10105245931,44999.09843039529,28519.01650659128,45553.32270644791,1793.39193782616,37863.67341885257,28856.08489339027,18992.27713640816,23957.04294050831,67027.49592022858
7087,26629.57660207222,18989.02131754472,62199.89783639628,50666.5959045746,79349.00676976128,43225.77379580668,15611.82926933592,23419.02677153161,24985.18439665226,136171.2273972245,105639.4338099142,52789.6381906841,45236.75869584917,37310.503998908,153464.5090963386,74874.50546804655,37697.6575372339,36747.90561750101,115289.2019630057,38194.76326995991,5635.29448450799,17662.68927510429,46968.86879273393,31310.44246385149,48038.68106367021,1965.504159483492,39691.87493752144,29847.48207932853,19757.62289491646,24127.21632501078,67416.2173857889
7088,28931.89562218524,20176.87489848086,63515.66860147735,49873.11053835182,77925.31779518309,43812.22996028265,16036.64571850862,22542.52615539186,27354.14295151814,139647.1469634778,117836.9446161347,52351.11401992592,48103.00593641528,40073.21391961071,158694.98800561,74875.94633802323,38773.83778860314,41756.93117802536,131508.4948313576,38845.22461839259,5944.825731947213,18715.43323051056,52334.32067948466,34587.05989778843,52458.44510666854,2250.405190320839,42561.34176705743,28777.31378725538,19693.844083359,23391.61327678864,68392.07141667779
7089,30621.69642244275,21654.10559494592,69096.33516376755,49923.51626445866,78721.3439645703,46038.72724140918,17277.92630337385,22851.19436299061,31493.58173923663,142542.2123383096,123241.6297947675,52878.84320404509,54419.18813316579,41863.52800872925,162905.9644456526,78967.47874266625,41305.45077086394,45044.5048967807,163773.0659979852,45687.8546140705,7336.876924319579,21034.75100337644,60462.89560097393,36009.03652522659,54684.42471081328,2535.759907915775,44821.2970547014,30422.15726455146,19119.83476200043,22939.12970865726,68708.51708910083
7090,31240.19508096129,22383.9410430737,69958.18505803857,47352.39674545604,78557.78017734244,48259.28460205753,18131.58197203843,23166.96682496807,33419.54797923795,146131.3966668737,121843.1095407502,51028.73893590963,58439.33855630242,43355.91517246629,167042.0039536694,81010.53416037631,43312.25077766776,46076.32638248272,171996.1442179225,48858.52638335638,8222.644747500963,22615.19638684389,65248.65515391382,36835.66683874515,56393.41306741531,2588.263644458369,46318.8036603397,30853.57272894534,18662.75326802392,23170.53929401128,68937.75471164826
7091,31865.33165598243,22959.73781427652,74412.13545615971,47358.77939392393,79532.05316575039,49374.40567208951,18787.7732036642,24483.82545178318,34263.89047283072,147177.6742680467,116335.0906132088,53560.04170878325,61364.17954792016,41253.85631387412,170602.9024986542,84830.05061938915,44676.61491880891,47356.34405995027,179366.0038062777,49782.49476911734,8636.799621563543,24167.74822881629,71045.96609505745,35558.12302949772,53021.05935085902,2657.577482133747,46464.15655812749,31732.73454141275,18386.37841050953,23166.28658530294,69440.73580566898
7092,31874.71695906233,22560.27038236196,70234.72270617195,48289.21619045933,77864.6815398895,49367.56383328239,16870.32947947937,22622.77471325258,34522.74317345845,139434.3355614624,123393.4721191872,48433.6557960272,59284.52219735782,38108.38474609626,168888.6217033016,86611.58912511311,44733.99592778489,46875.08102372499,167685.9172659249,48284.77818654136,8636.807417735858,25104.16903994234,67650.16235100605,33583.39208073426,48027.1761304095,2553.820000206802,47518.31891583565,30306.14088391601,18386.37841050953,23498.49191654531,69566.73684493918
7093,30937.05303038546,22206.12907891438,69400.64995607821,45118.49460527991,75874.67186221626,48816.97304843421,16847.46058738836,21948.8265989106,34779.47144841695,131576.1978288543,126132.413662121,49742.95323133656,58926.56948427346,38503.80643208906,169745.7845988351,87394.0266132257,46009.93744684814,45390.9929775616,160462.5820006757,47247.44877864853,9072.538989229906,25968.78289198197,68241.5786958491,33432.35818208711,48584.95772818261,2394.310330732349,47888.57627484545,30233.86208491042,18662.75326802392,23730.28127888679,69678.7507197588
7094,30326.72214107374,22461.47474547774,72537.63725616796,44398.63631609269,75318.34615885503,48806.87559068429,17292.90693958638,22249.73249557443,35014.06203953852,139327.0273523883,124326.4785623815,51608.88457972727,60091.00463820501,39620.81151597136,173163.1855904993,86661.23171837624,46015.67666310125,44820.35063152413,173008.2547909964,48859.32725083527,9103.945377324673,26196.22318417131,69123.73036668357,34573.82221933547,49148.86499624329,2347.571302633692,49068.17445320243,30190.37999923935,18747.7916859112,23957.45957264305,69531.73475608384
7095,30323.78192996147,22431.10312042589,76831.17441484689,45870.34999706558,75852.39684501842,49120.09238258914,17292.88953749663,22551.2707728605,34917.07904835617,144882.4157540271,123279.9946937628,54038.77257992567,60090.98878638356,40389.54873807559,174889.604095364,86047.99030785913,46022.05449806039,44403.35162378474,174297.2906207797,48861.42864472547,8947.391307740474,25898.30769171646,70128.984291923,35422.40761833908,50831.98070756174,2338.160421485783,49617.06019376469,30590.7346059641,18598.97445398911,24297.19196274852,69529.95086511457
7096,30950.52966768955,22546.58643525465,78678.98595039018,48092.32606611628,77766.31569887532,49646.42961149164,17710.44630427273,24198.41251573426,34912.95961913747,146507.1107748425,117521.695386434,56236.09437734239,60310.39162681373,41950.95795459101,174892.1322325469,85140.061140088,45967.85707529449,44934.16366307151,174440.4590806024,49611.90318414407,8533.987133056025,25730.04304444516,70112.72032706982,37393.13418162797,53585.17530648989,2346.378881020953,50676.23669045337,31536.54840890289,18439.52742137943,25140.84802434147,69576.03441398956
7097,31555.50040030653,22673.9113409531,79359.21329389862,53994.70488808103,81225.11147277993,49933.36699430031,18345.11037613479,26457.43353106852,34651.23044194221,148594.9729352439,108819.086265879,57232.0023361837,61788.60482787598,44129.20371874549,174031.3692432292,83873.05526610647,45498.69147020493,47677.25382286413,174297.279685745,50475.18029994264,8533.277290537386,25600.07778139164,70128.98532546849,38747.62158484917,54147.65995001586,2446.211605263189,48919.95475842668,33346.9642143994,18492.67643224933,25200.80769206484,70163.87671041657
7098,31865.33973180308,22461.25106180619,79802.18687798172,59394.2625149757,84022.60053465747,49645.7644877378,18240.84525013972,26757.53296268376,33235.84052700593,149177.7223936046,108075.7556364513,56954.3292605882,59670.30783873229,45237.53203572343,170604.7926349595,83874.13582809224,42701.03341070465,48420.42494316373,159234.1398654578,50458.82405097424,8326.780342829154,24905.49414333874,67319.04939081332,38171.55110980733,51947.3901979164,2575.00435063757,47966.39608800477,32011.0239795392,18715.90227889379,25476.6622100085,70131.3303987625
7099,31865.36596992179,22061.43416623367,78054.2316272308,58783.1868151972,85342.43754619885,48814.48208597776,17084.12468182262,25857.20182163614,32825.96268292339,143054.5661675045,112049.3658351554,57597.68087101142,59239.22172140182,44152.18439190428,169746.1091546579,83075.48696227044,40694.2504074838,48764.08974010479,159354.0255875635,48538.50309135095,7488.699040891809,24031.32290799404,64338.68107297953,38703.30959173874,50814.75237536146,2658.083576255907,48127.3257672027,31725.23042651617,18652.12346485898,24864.55503781959,70337.84737073252
7100,31832.97108930588,22051.31621888185,74913.86680800862,57974.14251648054,83353.74918516021,47659.16690830429,17713.25464436031,24906.64092088366,31975.69504619409,144681.2467060659,112049.3633491011,60317.11090760626,60331.24249845395,40752.33376903383,171460.4494365151,85430.3620393106,43339.23632894493,47933.5299342738,161759.6573826116,50513.62157398495,8636.02384502448,23407.88367735196,64352.35908249097,38703.70246642569,51931.43291584457,2845.053438537322,49017.68016058442,30667.24551275701,18652.12346485898,25138.87285211001,70336.44900282777
7101,31553.35572901584,21981.21611307461,72998.67355549247,56934.07925505966,83002.10993678648,48804.58875015153,17666.33899943027,23466.92661345521,31397.8446035909,140525.9190675596,109856.4399290999,58175.06717927224,61536.69319439189,39135.6337803555,171385.8044089446,86611.58847452604,46770.02916556297,46149.11106201416,161759.7767214573,51444.15980048924,9045.624506682776,24707.20773842729,65331.56139403216,36535.56944721853,49877.96634169857,2854.741371154434,47960.29851847747,30269.65274977076,18301.33999262225,24635.94620779025,70185.94551239013
7102,29991.16571440576,21199.56275739225,70742.43952989542,54109.44072720654,81308.24676818565,50493.19673083655,15918.5326185363,21162.49530517316,30747.16903884368,139605.3608400116,105754.8902588784,56409.35549737367,61998.59797414912,35800.71583867913,168895.7925865352,86012.63485995542,45135.44760648533,43152.47559766647,156724.6179938157,51444.15693280345,9359.972763929436,24836.01854676523,61448.55614447165,32674.92475243329,45818.09784564715,2670.191151537422,45549.44584731319,30274.6779317658,18046.22473896036,24406.17927307084,70388.39828902051
7103,27537.75551090651,20038.36676460642,64290.4774893541,49440.04977987023,77979.26247562855,48642.83003650535,14179.75828142509,19890.798149587,29015.78106681323,142960.795579424,104282.7399747723,54939.36537800934,59043.0964824846,32498.26702384273,162926.7040296092,83562.3894320699,43672.64961694759,39912.70297867833,151681.3901785021,48538.86763418956,9267.844243088846,23597.75659090351,55648.67424415825,30138.35859853141,43688.35340318367,2380.272305431152,42980.54168460815,28128.1126271931,17644.19898887513,24187.19143687641,70823.9321616571
7104,25544.82805556771,18898.19159646211,59960.13683437742,48142.22316212722,74825.54028532433,45591.13226596943,13102.58846149615,18156.76648431343,25272.37395686195,127693.8787874073,97503.80236501941,51382.60190602831,52153.98478195928,30432.31926807632,152053.1188479205,77519.19403613886,40681.47091261279,36181.46294825517,140349.6435757643,43541.25241233999,8624.98758754154,22505.02699565833,53164.76200715564,25267.28694396344,40370.82137956507,2079.577469681784,39004.65312811796,27769.89413252983,18283.0710288109,23893.53892104101,68247.23994277265
7105,24465.89908345981,18161.77346662497,57469.98705524157,47859.31442922803,74618.64874267425,44107.33676704045,12477.44436311866,17418.25225256867,25282.85945706286,127481.0777839793,91873.33625281177,49431.86439067135,49644.92926371171,29500.70437121228,150092.2936188275,76699.52807272229,39549.72096252757,34760.49330586893,135573.7704532317,39492.55716922782,7778.239087612753,21317.07965853748,49246.70150248934,23801.32017859126,38932.22977886957,1970.869188807727,37813.27575119578,27310.73833080606,18004.29881908625,23788.81771690511,67680.03544818866
7106,23693.92729897604,17804.08062421587,55976.28424978963,47288.83432823394,74660.5136598727,43352.68136289348,12360.39605558073,16827.34406776019,24458.31103767605,125959.4526818373,89205.6901298041,48716.78647778898,47550.6859675871,28418.18651219746,148030.8440669618,74792.33020150752,39390.90082595392,33448.18583732821,129870.3109123813,37504.49576973484,7169.170565832318,20315.84693426723,46394.2417493112,23515.27848627654,38642.69695466774,1911.869474493466,36402.04403673546,27311.77463196517,18386.31999466261,23438.93455935535,67148.18617849788
7107,23232.55862479463,17533.66532398637,54511.85191686782,46640.24613894643,74322.00043203906,43081.12012575499,11922.75471440081,16533.03492041849,23912.75112499651,124328.6595579288,86852.44841113285,47526.84114374634,44627.09650082194,28034.24380604105,145100.117896886,72599.70882876519,39247.49089482396,32815.463512815,126078.7530147345,35496.46624928485,6030.473441623934,19634.87106951292,44505.98459083559,22924.44325380744,38072.18628811874,1812.616518094533,35984.5904923497,27394.97649489748,18437.94447758847,23514.09893846317,66767.93590730433
7108,23232.56352326031,17407.49739913802,51947.43716338718,45926.77573828107,74048.26619622101,43081.12013880866,12039.96501828569,16242.44983799911,23453.10391923246,123353.0448735457,87298.35420064368,47336.49949935325,43759.99246724441,28034.45054922763,143804.8314150846,72286.23154889347,37715.28646609503,32471.61485768129,116862.5118764043,33817.72411962684,5738.443571690576,18976.38731696929,43078.44198768039,23222.13945400835,38066.34260639667,1753.840723285822,35976.21074515839,27220.34034141781,18210.79675319597,23419.15513524975,66627.28451897531
7109,23529.92274032157,17459.87980175302,53004.14882054714,45926.8321113924,74824.7568637218,43365.1458449906,13313.674037075,17902.25288276039,23648.98946522393,124557.1289825775,91182.51758892104,49246.15350004262,43372.61072822993,31336.15313594407,145849.6454406068,71657.40013916093,37175.32376403572,32034.47400743655,115271.0618615816,33470.66384863373,5635.18692295659,18276.80590002069,43079.63799622803,24737.4946355655,40533.40168747798,1750.937521374885,37024.56793047248,27673.15260815164,18417.2946848994,23899.75897854758,66654.09654472907
7110,24804.81659859824,18044.72257084907,59753.3359499969,47388.47493585018,77724.14638031552,44177.38852297819,15015.12943047826,22691.63636276009,24022.99637220833,128924.9568612595,95134.62560818395,54021.12906518553,44904.98796116826,34710.2127431414,148191.9618913972,71658.32197588049,36442.39894701599,33210.94131054955,114057.1991729665,34809.70818399898,5783.850221722423,17981.79527520817,45426.99803326718,28952.98762003098,45884.34467761427,1750.966388307513,38357.8604540949,29262.3949311721,18943.86441411195,23843.79431955257,66628.70921207938
7111,26629.93452796468,18987.654697032,64159.31358333003,51465.38213004502,79576.33653169853,43638.89246319081,15753.79810711843,23290.82138047435,25252.91188951454,135911.9657177066,108085.7231789852,53006.74344881576,45463.41745236826,37563.86947754198,147395.2585448111,72285.68669995612,37573.70499620989,36554.39784625266,117569.8451512232,37495.99046428171,5739.078415869911,17790.36522695205,47388.70699869852,31813.24856927796,48452.6432811932,1939.148255967677,40210.61237498379,30234.70388968932,19687.25697016931,24009.2523612616,66863.17361262336
7112,28931.9536857997,20216.67030680922,65584.92451422029,50670.74100497302,78151.73632766206,44224.10501370514,16182.64360928535,22429.8554794292,27615.32463280061,139191.6047117128,121030.4650743674,52550.68321251617,48287.48404000414,40285.89844738522,152138.2344257825,72287.22855009096,38663.41823273462,41643.97757150944,133026.9615338546,38171.15344005962,6047.319864504181,18821.6583706536,52732.20046934484,35170.66554375867,53019.90167545863,2250.649714521972,43118.61246472273,29185.14047326809,19625.30759210206,23294.03217456868,67451.77766627644
7113,30621.53440034672,21745.09065619839,71631.46351933674,50721.2201500318,78948.27199210618,46445.8808795373,17435.6967732653,22733.05298618017,31743.32548873457,141923.1895808444,126766.2463968583,53099.51566568619,54510.71518727263,42049.85013090459,155956.7298325908,76665.50687615325,41226.86629175418,44984.4214047633,163775.3570160878,45273.63607205746,7433.570460073424,21093.71750235247,60827.50873702199,36627.70731397818,55320.16565642817,2562.647219321875,45408.9160540962,30798.31435656893,19067.76317265274,22854.08649618068,67642.64761163031
7114,31239.952503384,22500.21668579782,72565.26039540854,48146.35564181703,78784.60351618311,48661.72942083357,18297.44870076018,23043.22883460003,33663.96997581186,145309.6974261118,125282.0514646853,51175.4279050368,58471.70373235293,43520.26186811702,159707.2727502759,78851.74527528038,43258.90184313137,46032.83644083337,171612.0166103581,48564.71584508964,8315.647339967956,22641.95957925485,65593.68229760618,37474.72186547343,57086.18559356884,2620.053085718706,46926.53225329965,31221.42340592134,18623.79261900912,23079.08394179953,67780.91644037956
7115,31865.00765837783,23095.96622195687,77391.02529436743,48152.74758699378,79759.50008619018,49774.4858126242,18959.86339489947,24336.74803277043,34505.97941597889,146296.8931174843,119436.6060697493,53807.95449700688,61353.50178580486,41449.15586218925,162936.2803051122,82938.94402496092,44640.4228867945,47333.43911105163,178635.5519953775,49523.7724383188,8728.076454624827,24162.87647613635,71367.26741497593,36165.67454539725,53601.2912257861,2695.838566278099,47073.83705412884,32083.65795567884,18355.34530683215,23074.94907160878,68084.29860767126
7116,31874.39173908226,22682.65626751476,72864.88332703477,49084.53962032004,78091.06126224692,49767.65848232905,17024.23421110446,22508.68174680871,34764.11686517183,138990.81048759,126927.390726192,48476.5704442368,59304.44936829796,38350.00141707406,161381.7778194684,84845.33768270271,44698.52546294445,46844.43649725152,167504.3357038385,47969.17924504069,8728.08421831094,25080.21668709107,67985.36119031235,34142.24784359739,48440.75441054335,2582.393532888185,48142.15546062196,30684.53173964549,18355.34530683215,23397.94930876898,68160.2984192531
7117,30936.84993511493,22316.24310263553,71961.18242316341,45909.19968969088,76099.77788261136,49218.23525684621,17001.1484253919,21846.67839525646,35020.13575882365,131576.4113805608,129834.1224276909,49838.22514322692,58951.76440704687,38739.60051197391,162159.0494632507,85682.61055675214,45990.51196853752,45336.4816387703,160620.4391756745,46892.45668253576,9162.000121549043,25927.21308443791,68574.35713022682,33987.48953407125,49017.15004157973,2407.990883137252,48517.38490120794,30613.64458686676,18623.79261900912,23623.31600811584,68227.86161897078
7118,30326.59853748495,22580.43712042688,75360.04452266924,45188.2928838916,75543.09610402705,49208.15921133506,17450.81948913906,22142.25116689004,35254.0781386016,138889.561830897,127917.5540296519,51778.7728904459,60099.06334383964,39840.15767688126,165257.9340511116,84898.45936637471,45996.32335553364,44756.66233466179,172576.5661161273,48565.54712595136,9193.275641041155,26150.01903144122,69452.8985453244,35157.10143161044,49599.87576598064,2356.887960198187,49712.82357058361,30570.99969939615,18706.39179217174,23844.19940720671,68139.18627467568
7119,30323.65870931633,22549.01304436052,80012.00493099996,46662.15020378048,76077.48860833058,49520.71180905282,17450.80192200407,22438.44511110723,35157.36312694364,144131.2448104901,126806.9615659796,54305.82925232459,60099.04772529892,40597.57523023491,166823.4429597741,84242.24029958599,46002.781391877,44332.95723082509,173805.0276159021,48567.72832142998,9037.373923209918,25858.17389360567,70454.03841186997,36026.61246863374,51339.15964771119,2346.598410893158,50269.08014284357,30963.64593263486,18561.84323853556,24174.51813558084,68138.11028849075
7120,30950.32481717351,22668.49813820642,82014.07124316142,48887.36271374604,77992.63246236072,50045.93290964762,17872.31888934374,24056.39363126697,35153.25508036705,145664.195456232,120695.9033776389,56591.01936265192,60315.22176015601,42135.9926693174,166825.7354637474,83270.6809414489,45947.90243558848,44872.30568501693,173941.4683080929,49346.70254411099,8625.692379810287,25693.33782290951,70437.84100821527,38045.93603906848,54184.23260198366,2355.584205450483,51342.48002177447,31891.24916444784,18406.969789758,24994.79728931117,68165.90641661639
7121,31555.21675623475,22800.23516297801,82751.08377006325,54798.33870315114,81453.64203201408,50332.26182526466,18513.00225538344,26275.37674221219,34892.24910277161,147634.1588068925,111460.1641623448,57626.75250880102,61771.6810814034,44282.16372731932,166045.1992703351,81914.87978715466,45472.83706495207,47659.50968171011,173805.0171947262,50242.76308303147,8624.985495164368,25566.02074450869,70454.03944118565,39433.82433881152,54765.48822667234,2464.73803729695,49562.61347535883,33666.80746872069,18458.59427268385,25053.09553161289,68520.47415690689
7122,31865.01573314669,22580.20568556958,83231.03666180094,60205.76110837037,84252.9216215195,50045.26919632685,18407.74825591394,26570.1573422324,33480.77013666819,148184.0011754935,110671.2963930319,57337.97561367304,59684.55765915855,45374.17189086339,162937.9942726214,81916.03607791675,42639.9984072746,48414.63233392461,159449.7239535306,50225.78569651545,8419.349008293566,24885.59000921681,67655.60332868564,38843.54829029561,52491.7920752128,2605.555808006371,48596.24973467514,32356.58924657711,18675.41710193498,25321.30638296891,68500.84325887839
7123,31865.04196784802,22166.53415769993,81337.16260842502,59593.79534032146,85573.60339226508,49215.74957661868,17240.05709434806,25685.78327812167,33072.02485065962,142406.6114681834,114888.3337240299,58007.05409791273,59259.81554929566,44304.80600967255,162159.3437690812,81061.41568791488,40607.98007330087,48763.82388059598,159563.9760096617,48232.53949261422,7584.759942667221,24029.23097072287,64687.43233719991,39388.41963690732,51321.35637946077,2696.391913020143,48759.34049311574,32076.29832399618,18613.46772146142,24726.16011892459,68625.40771524388
7124,31832.65130645744,22156.06559875138,77934.64103545905,58783.57262024063,83583.64217497036,48062.88431109909,17875.15386434874,24752.06970468571,32224.10663947475,143941.4355121146,114888.3310856774,60835.23094149541,60335.76578339621,40955.0182454041,163713.9001968329,83581.32693160651,43286.22673817949,47919.90717518228,161856.5624332272,50282.66418559149,8727.30391070172,23418.49499757955,64701.05436868174,39388.82219966279,52475.30227399639,2900.818638452411,49661.65120436108,31038.68370876959,18613.46772146142,24992.87684722551,68624.56426428586
7125,31553.07236427374,22083.53635300357,75859.56799993204,57741.99444453241,83231.77786055514,49205.87722017895,17827.79326108421,23337.87226646609,31647.85289011502,140020.7537194669,112561.0670955708,58607.5294051833,61523.47666376267,39362.12419172499,163646.2124054198,84845.33698652068,46760.16185367775,46106.79162927801,161856.6761641058,51248.54011287836,9135.197790093986,24691.34390709081,65676.24923923543,37167.22424128535,50353.30834923723,2911.411106762323,48590.07028260753,30648.74614310336,18272.74613366953,24503.88582236154,68533.78535498546
7126,29991.08581488822,21274.79679874703,73414.9842054749,54913.24166188212,81536.83053800982,50890.90441070819,16063.41029859608,21074.28369482338,30998.97524607756,139152.1781952715,108208.2525995974,56771.20899098272,61978.58389830957,36076.3129738088,161388.2803456829,84204.40704398492,45105.02540340373,43061.96486226648,157058.1294524891,51248.53713629064,9448.236176334418,24817.53005405598,61809.1354088518,33211.37822262551,46157.95577208346,2709.62993939254,46146.84295133824,30653.67457092348,18024.94861418164,24280.48551108897,68655.89841823673
7127,27537.99515232404,20073.36252768156,66424.414225667,50237.04946761987,78205.71553529902,49044.46152517061,14308.14504178801,19825.12554563937,29272.37137607929,142318.1359809638,106645.9169918071,55242.43569660256,59066.57655498311,32822.49277428427,155975.5363985276,81582.44163115561,43623.83270400873,39770.09085667283,152251.8928355073,48232.91787916752,9356.491549711514,23604.4990424518,56032.98985410843,30612.26177595177,43957.13846875016,2392.642165922388,43543.44169965525,28548.43894459577,17634.4545836937,24067.56561976308,68918.59857094666
7128,25584.9867609604,18833.14905479932,63682.89770128254,49021.05166518028,74956.60851554938,45719.19256663459,13105.10628321361,18190.79888345119,25345.88042844281,126641.2231999586,98013.12342016291,51544.25785074833,52286.39633179257,31305.41719735198,152875.8687614335,78921.26046283405,40631.18875424106,35963.13153986709,140241.1197624269,43761.52211136383,8546.014025568467,22796.75618306255,51474.36156586811,25345.04296219378,41395.10056943094,2149.918568793494,39463.42231879941,28211.69742630329,18208.52333281108,23995.24922460648,66566.19477137543
7129,24487.21476023236,18113.15099969954,61237.8702059428,48728.19110950192,74751.62681618439,44375.6577424465,12477.5196024224,17439.77182430098,25355.88270110546,126442.1199307085,92374.02854126616,49630.1453678434,49807.28986661024,30430.65630192652,150759.061344073,77935.7352410713,39488.22148332546,34518.69672440931,135422.9823451132,39691.6521558652,7708.403072304724,21574.78902722235,47540.00735364131,23871.40040421172,40023.03086990536,2045.015819642526,38270.88915227908,27811.24003500594,17934.76761174419,23889.70486794493,65906.43780671278
7130,23701.76082186728,17763.4337121653,59771.23375708476,48137.64334638253,74793.10527277661,43692.33863515373,12360.01396010632,16838.85173747196,24569.33385209851,125018.4399314182,89702.29421391699,48928.49301916878,47738.04426509675,29414.20165435337,148533.6250139198,75642.61622812634,39327.82720360639,33184.71847490766,129669.0497935433,37693.19317744549,7105.907212938745,20544.88352032005,44675.68531681778,23583.86099942506,39746.88633040344,1988.081497979776,36858.28836117862,27812.14385557669,18309.91433991347,23537.07148223282,65287.80508574572
7131,23232.33454300866,17499.0479205261,58333.33739074615,47466.2399026831,74457.71690547025,43446.4476216963,11920.66265310213,16539.55603820442,24048.91623768907,123492.6189192513,87345.44611997435,47760.88886948962,44849.3518882703,29053.68995948891,145369.7617572543,73006.31832012648,39182.99586732635,32541.5476943486,125843.9383410687,35674.66164461723,5979.498150782636,19844.40622250783,42779.57562265451,22989.93215745664,39202.75664241584,1892.303072418325,36440.42983305416,27884.70920454074,18360.60984346468,23612.82668484203,64845.50822962017
7132,23232.33952702396,17375.69318925831,55815.39062535465,46727.67189929327,74186.50954670801,43446.44763351602,12038.33092472231,16244.04750160282,23610.45201637401,122579.8033306975,87792.03526623514,47574.12088318643,43992.59794241533,29053.88408568377,143971.4361994215,72629.40896979139,37635.60501985403,32192.02089665474,116546.1376800601,33987.13967858427,5690.619672985592,19167.06515433145,41346.09641855139,23289.18709305822,39197.18317832728,1835.584831550269,36432.04195642815,27732.39851133784,18137.54962831201,23517.13658356941,64681.9063295548
7133,23534.89199441252,17426.90761008279,56852.95434061787,46727.73025543005,74955.83232581575,43703.62487087488,13317.01661890143,17931.97299564603,23797.31011604905,123706.3820530639,91682.15118828001,49447.92119305536,43609.8401410435,32154.09246675068,146178.913659486,71873.33363887877,37090.2904864428,31747.66132378448,114940.6040598253,33638.26427926519,5588.477301331944,18447.44948818649,41347.29740083891,24812.47666465662,41550.16300279915,1832.783261519461,37481.41618332242,28127.32332422908,18340.3316425168,24001.51817437026,64713.09335451086
7134,24832.05132342928,17998.7100131299,63479.8441128569,48240.78899132455,77828.4571930286,44439.08762457367,15025.11999159848,22802.50417231548,24154.08079839173,127793.0583194248,95640.31586739121,54133.24674959689,45123.92632911192,35322.24211007002,148707.5596414295,71874.44200909046,36350.10129727414,32943.5562121584,113715.9992410948,34984.31182849846,5735.53632464884,18143.99050235427,43704.41920596128,29050.04194343432,46653.67308662368,1832.811117912438,38816.00217252511,29513.39714149727,18857.42578204725,23945.11360971546,64683.56349413464
7135,26689.04414935265,18920.61737721525,67805.98406942221,52461.10871813327,79663.54953133583,43951.49468502457,15766.67481740617,23411.84132845627,25327.31527652269,134330.3221630518,108611.2611731897,53137.90618968701,45675.69019081763,38001.74769614851,147847.4791363098,72628.75387077083,37492.62026758201,36342.22489590973,117259.7305311425,37684.64338916862,5691.247666348758,17947.07837982131,45674.28616491089,31925.27920072258,49103.21101775077,2014.405335935127,40670.55150155658,30361.40626520013,19587.44103507494,24111.87222093228,64956.2861588903
7136,29031.26707777546,20122.22935942236,69205.76248953516,51638.51466432452,78252.10000082929,44481.38808457694,16197.19591802233,22536.28787139836,27580.85549371556,137398.8549009032,121575.8410634094,52690.40846926823,48466.04763193282,40557.65841317264,152967.755220195,72630.60771399963,38593.13417874895,41515.85136330099,132853.6353305732,38363.33747335741,5996.162778271203,19007.90516083056,51040.00117089544,35300.27558901384,53459.27485799963,2315.002117561547,43581.37272616044,29446.01888217398,19526.60643223131,23391.03010401123,65640.93451329212
7137,30750.35558994707,21616.57018883474,75142.73633866852,51690.76950397046,79041.28273885351,46493.14324183462,17455.14505019543,22844.62252772435,31518.61614620596,139954.611071771,127320.4125495965,53228.9366112484,54614.99589525878,42213.96077518591,157090.0090959412,77894.82986157553,41181.98981062299,44911.45759436044,163874.1400622302,45502.96615313884,7367.453879365376,21345.03034164186,59168.97471387094,36764.94642062566,55653.17235307234,2616.077580429653,45873.89820518594,30852.96485256233,18979.09499009753,22947.62626832553,65862.94928396908
7138,31379.57409812311,22354.85900959888,76059.6125266746,49025.32951226502,78879.12510835074,48499.53137450311,18320.26404155372,23160.05376147032,33350.74713468765,143123.1336467208,125833.9430682943,51340.97353478603,58528.70455543212,43594.63716005033,161138.9049126064,80523.45320241201,43234.16584861266,45977.18562540131,171780.150512919,48811.25830286282,8240.011972214075,22937.61017085362,63954.96895820575,37616.39593489658,57337.529778305,2671.473849729486,47392.9866876903,31221.98370303064,18543.1136590846,23174.39228810422,66023.7798550137
7139,32015.54557150231,22937.32498915861,80797.93307384053,49031.94630559325,79845.02227874986,49507.10078975454,18985.26694293465,24475.48937204911,34153.95230790098,144046.7847873429,119979.5394479644,53924.07452689835,61376.10435735128,41649.92529427298,164624.7776162909,85437.69587436286,44629.37981515111,47299.26578946853,178865.8409766649,49775.33077066499,8647.990426159387,24502.08229573417,69752.56419674782,36300.49445142274,54013.78037939948,2744.606321262342,47540.4343931607,31973.99031426379,18279.49703967315,23170.22491610192,66376.66580661741
7140,32025.09354112422,22533.23069639925,76353.80619815506,49996.5157971748,78191.98503499472,49500.91883542565,17042.07480874775,22616.44971152154,34400.19341245526,137210.9855496063,127481.8038348291,48692.78703371638,59351.51021872235,38739.90407563801,162946.615614347,87729.84794138513,44688.05827401936,46802.18803414328,167636.1185073968,48212.6070410613,8647.998106064966,25445.6928191055,66356.59392407989,34266.47310035035,49091.87190026087,2635.1326382601,48609.78920619103,30753.7281887173,18279.49703967315,23495.76407041069,66465.06673693963
7141,31071.17797437787,22174.98752531609,75466.48063402939,46709.47758162766,76219.08345648277,49003.43165664205,17018.89882153712,21943.2298751356,34644.4135957595,130273.8420307629,130392.9901426042,50028.87671068474,59003.03504101056,39105.72696475105,163785.7186391607,88736.54282893927,45992.85028240094,45269.33157278272,160691.3026405808,47130.25320991006,9077.23147745936,26316.94505927747,66948.03927170207,34110.90447730509,49641.61442614638,2466.835271481916,48985.38266769331,30691.90323916491,18543.1136590846,23722.90224640633,66543.6544279651
7142,30450.26879959268,22433.29075180078,78803.75430157731,45963.2115841976,75667.54048126898,48994.30808264278,17470.32685401376,22243.8106085907,34867.57466819856,137116.2541421882,128473.4845771582,51932.99073801214,60136.63937579468,40139.12002692935,167131.1171906485,87793.71878806899,45998.71926886273,44679.93742631636,172753.2358410598,48812.09393133095,9108.169492345483,26546.13160724662,67830.23420283904,35286.64045526112,50197.39433560643,2417.521299603648,50181.98106664431,30654.71006786109,18624.22646523913,23945.52188152821,66440.50965998252
7143,30447.27762859451,22402.56734517295,83371.41974921493,47488.91448233704,76196.99993745067,49277.31561280943,17470.30921823991,22545.0230393085,34775.31679793562,142020.5365506228,127361.1901152739,54412.60170012112,60136.62394368293,40850.31438353838,168821.1611683741,87004.71391268502,46005.24131392605,44249.23547096625,173992.5686637577,48814.28653448137,8953.950162167675,26245.92875996298,68835.5374252576,36160.7042465145,51856.25200712483,2407.591954746537,50738.7772794687,30997.16046416492,18482.27905387796,24278.43705345711,66439.25810188275
7144,31084.88818943317,22519.38825397039,85337.20800088669,49792.40283878559,78094.46484442189,49752.88845256858,17893.4731497502,24190.38485729447,34771.39807196336,143454.8130824502,121240.7666462832,56654.88744156705,60350.21764199735,42294.84626154928,168823.6360393333,85836.55969545654,45949.81842577384,44797.49045239548,174130.216793727,49597.33479932449,8546.711212187778,26076.37219950417,68819.27266282726,38190.60098225214,54569.76596870346,2416.263185169741,51813.21849462004,31806.17903471602,18330.19254322436,25105.16394489906,66471.58980816623
7145,31700.34430501991,22648.18790973271,86060.86563296302,55911.30802463346,81523.52537545684,50012.15118087659,18536.65981371227,26446.96474226173,34522.42063603025,145297.9723584915,111990.873533727,57671.17473208938,61789.29210380963,44310.04215714257,167981.0087723953,84206.41242463107,45470.04445260789,47630.72092440331,173992.558150359,50498.08174288967,8546.011955770837,25945.40908075141,68835.53845885379,39585.7562562583,55124.14375731882,2521.595887968374,50031.62524826833,33354.75022548847,18380.88804677557,25163.92043580273,66884.01343727187
7146,32015.5537872935,22433.0644772967,86532.121629931,61508.94622459789,84296.96444360315,49752.28747894357,18430.99456255097,26746.73988214588,33175.9901171145,145812.4220621918,111200.7968137172,57387.81961363421,59727.08139061887,45335.40794097581,164626.6279286402,84207.8026906182,42609.12816163227,48398.3132896897,159510.2271236837,50481.0155644901,8342.594561103879,25245.49252353598,66025.46472626363,38992.38952612665,52955.58556899262,2657.484075675465,49064.32401021293,32212.03010891784,18593.8091626358,25434.23953678707,66861.17930633578
7147,32015.58048017259,22028.61667319091,84672.5651598694,60875.45346157732,85605.4548256666,49001.18094355532,17258.74096185579,25847.38165178563,32786.08198475015,140406.915697434,115424.2968123741,58044.33617142031,59307.40916617501,44331.30264068835,163786.0363568011,83180.25002041967,40556.96951169602,48753.27120872635,159625.4902583036,48477.34466508857,7517.011825614449,24364.6095197635,63044.95025257102,39540.11381562527,51839.27197964022,2745.140297092034,49227.57298770807,31967.57153681727,18532.97455742916,24834.41517383805,67006.06932117394
7148,31982.62412986699,22018.3815339714,81331.69832965173,60036.72970217108,83633.86320443939,47957.29407845807,17896.31920165749,24897.84794071609,31977.24034806921,141842.9450391549,115424.2941699785,60819.41408813016,60370.51644386329,41185.94359370399,165464.2565919071,86210.06484511976,43261.76157390424,47895.41849021303,161938.3650241118,50538.19152857348,8647.226219016517,23736.38360708966,63058.62893284555,39540.51848619672,52939.85827252484,2942.410691999856,50130.75905663147,31062.60542199155,18532.97455742916,25103.22840733424,67005.08824177626
7149,31698.16246217924,21947.46948854442,79294.22625901083,58958.51214347509,83285.24699620341,48992.24180424464,17848.7735495747,23459.68940912669,31427.54343199014,138174.6326250675,113093.4636158264,58633.53757462012,61544.0503496974,39690.25966528607,165391.1842870419,87729.84710433091,46770.1285395927,46052.36207237575,161938.4797614565,51509.11899561163,9050.71837893995,25045.68370244527,64037.87926400702,37307.28825511443,50915.98744960895,2952.632351629369,49058.13856328039,30722.51741759454,18198.38423351864,24610.3937082073,66899.49666373467
7150,30108.89649216899,21156.76257550879,76893.93907862116,56030.2529013017,81605.94595731444,50517.98622914276,16077.49673524282,21157.74830222262,30808.56951600891,137361.9662199658,108733.9783718229,56831.69401557447,61993.72524900154,36604.9728446709,162953.6354116847,86959.22510470671,45098.58723188593,42957.25457808508,157097.4681041558,51509.11600345632,9360.378663108217,25175.48350273539,60154.6835936975,33330.72945199519,46914.63213295323,2757.914902196924,46612.54098662099,30726.81579592417,17955.04581505508,24385.23737691978,67041.53528424201
7151,27612.96366041903,19982.11694492299,70030.04038789302,51189.56724824219,78305.58091923743,48846.08446142296,14315.37325157344,19887.4253607421,29161.53672241259,140324.1352665614,107169.2484632444,55331.62338932759,59116.47674692736,33549.72471492258,157110.3117102078,83806.70546833905,43602.71371565563,39611.02023222316,152248.6984893413,48477.72503060698,9269.624083479306,23927.71433917259,54354.51726990705,30718.00404822579,44815.58280259751,2452.023864118706,44006.61410020211,28890.71318365091,17571.5787004739,24170.64384606932,67347.1010141036
7152,25641.10932539474,18791.60625494758,66372.56633922656,49701.63523376112,75168.76583724744,45745.40953605883,13025.56801510563,18178.69772678234,24935.77994526797,123840.970088458,98358.23445994458,51208.79975550015,52093.50779122111,31637.09582699066,155999.4430378494,80943.64624280114,41020.56647627037,35941.66514782442,140250.0271986253,43554.11075360028,8549.02621263667,22433.16190494089,50119.7001137796,25372.06111087403,41878.11939905889,2196.186233680997,39959.10007727623,28175.13035177294,18165.30202053046,23921.24815011851,68166.15248828524
7153,24514.83728689578,18048.46181510652,63916.95126634993,49419.44511242752,74969.80225698181,44158.78018243833,12401.87917968073,17430.24595293057,24945.18030219521,123651.0480275493,92792.36554037782,49331.10121047086,49661.80533101378,30763.5595558623,153380.8291224377,79820.58126126404,39955.34594333745,34457.02765596726,135648.6578424512,39596.7527231604,7744.711745138567,21244.29078589065,46272.4137833417,23843.27162939705,40536.86833633622,2095.010433085512,38754.13966471463,27801.78696115605,17884.14103620051,23786.76956923954,66755.86145075098
7154,23708.9916215638,17687.5018709698,62443.96391667363,48850.41407804356,75010.062935145,43351.82368678102,12285.10334702671,16831.38643189118,24205.9643089126,122293.0178929454,90155.32477882181,48642.7970454914,47632.12661787967,29748.52789720514,150627.8349226782,77207.43488503125,39805.86197781248,33085.92104642155,130153.5947865188,37653.54132495121,7166.166139439967,20242.27947433046,43471.47964680744,23544.97187199184,40266.92639592306,2040.098854292665,37326.81832907771,27802.6295862236,18269.43571771135,23337.46428394437,65433.47725682065
7155,23227.37823402578,17414.61664629731,60999.84110122648,48203.47335636643,74684.52133535608,43061.44200651549,11848.48078412847,16533.11702296143,23716.8643321684,120837.5567531054,87829.08132381173,47497.40531297666,44798.67010515394,29388.52090183427,146713.9520241128,74203.21561596128,39670.88233566216,32424.84901723315,126500.5751449204,35690.81227992563,6084.533787949169,19560.77406320779,41617.33116045746,22928.81691539878,39735.01863458653,1947.723211476958,36904.60534701833,27870.28171104958,18321.50256630178,23433.98722901999,64488.02715089803
7156,23227.38334743458,17287.29632644304,58470.99099971158,47491.81522949135,74421.27643466064,43061.44202047381,11965.41823602075,16238.62179044869,23304.78596565944,119966.8336431298,88269.87132688305,47314.1903873796,43958.29850063125,29388.71475626152,144984.1419648763,73773.70485030267,38228.74786239801,32065.59390740628,117621.0826489939,34049.94201211728,5807.138729854887,18901.77825480748,40215.57507815714,23239.27062437301,39729.57035842794,1893.020036635138,36896.1300613294,27728.28360622412,18092.4084329892,23312.06437657824,64138.31308080299
7157,23537.79059408747,17340.15718044928,59513.0476240755,47491.87145941039,75168.01243590064,43365.15201483377,13236.16220794767,17920.7593576033,23480.39933783413,121041.4626712397,92109.4724985266,49152.34365524648,43582.85956715604,32484.58299074725,147714.9199976224,72912.11175374725,37720.5266274793,31608.86656001147,116087.7820059055,33710.71130494123,5709.056694340095,18201.65282327937,40216.74948251643,24819.56501916316,42029.6989096445,1890.317999814506,37956.43969201204,28096.46901592747,18300.675827351,23929.23568724983,64204.97820771892
7158,24868.62639676852,17930.3417976193,66168.63347823014,48949.80159028051,77956.29904934671,44233.68684735526,14933.65681054134,22774.58939523632,23815.70031075528,124939.6908705927,96016.23878622233,53748.53591619177,45067.99429622114,35648.29737289934,150843.0021751326,72913.37480794803,37030.68646965406,32838.04656079773,114918.2721728982,35019.54724725812,5850.269866838672,17906.41278974166,42521.7078088008,29215.70924706781,47018.57689879652,1890.344866535198,39304.93324279591,29388.69512994117,18831.75768637122,23857.3682179715,64141.85542211928
7159,26773.82993096649,18881.88649529714,70513.5066974328,53016.3531032215,79737.5143621224,43657.87053312299,15670.60595217805,23381.83712330537,24918.33200515031,131175.5032033692,108818.7510484503,52772.13064333393,45609.20765627936,38324.05177661227,149779.0325572028,73772.95832575599,38095.48919621191,36331.30973633178,118302.5709490074,37645.22789634881,5807.741759394468,17714.83387998825,44447.98129998682,32198.54416309544,49413.09472426834,2065.487468046203,41178.80860942074,30179.28760843585,19581.5203080152,24069.84249982913,64724.82513739011
7160,29176.86097062166,20122.12771136525,71919.34650646096,52223.73043228899,78367.50400108118,44283.64100582181,16098.45315175632,22509.28595480487,27036.25891097151,134102.5373185484,121614.9805526312,52333.14608728584,48346.2095356717,40876.3843383008,156113.1119326092,73775.07089108205,39121.14412508343,41648.93275410659,133194.9057814165,38305.15942085564,6100.535967639259,18746.92898682424,49694.95218313612,35699.8402884652,53671.31517549017,2355.404751278809,44119.96315518979,29325.87888947141,19519.0400911628,23151.38671509976,66188.32380400783
7161,30940.57995933661,21664.50837578441,77882.02892986695,52274.0813561469,79133.51688675626,46659.3961610567,17348.58935330807,22816.56332604667,30737.05340798841,136540.4404277219,127284.9564224915,52861.42930871845,54377.58125351278,42530.3679545556,161212.579779027,79773.96713282392,41533.90103076672,45139.04824029205,162819.797627046,45247.41241646286,7417.315872992469,21020.7549368851,57644.03025424339,37219.32230197373,55815.93461267203,2645.783709331657,46436.37876908401,30637.56395363728,18956.71812250292,22586.42691558609,66662.90074378451
7162,31586.13405562869,22426.53158996053,78802.87541994551,49705.75721661092,78976.12009069016,49028.81320089509,18208.33522226753,23130.91294041683,32458.93060631404,139562.8535690875,125817.7893569352,51009.38270570886,58216.45429552972,43909.11145712469,166221.299438934,82769.44077322894,43446.48427657432,46234.43847464117,170370.1165711812,48464.24652883133,8255.18827076396,22570.20097124273,62324.109688007,38102.63491694636,57462.45897464817,2699.211879153477,47971.29749166927,30981.59743092952,18508.9432241397,22875.35920430338,67006.69084385836
7163,32238.61643564473,23027.72259463125,83561.71407428356,49712.13292571856,79913.65919679782,50218.68873018349,18869.2078918302,24441.83789861935,33213.80058123832,140443.9125735345,120039.4075682308,53543.34297077746,61009.40780549996,41967.12209690772,170533.5267555804,88369.51445350637,44746.79322050505,47593.31584162905,177137.0217345864,49401.66712558241,8646.948874725877,24092.30057673557,67993.40322577173,36737.48952554994,54213.36571426404,2769.746125555494,48120.28173211035,31682.68749470521,18238.19561049861,22870.04937732074,67761.01693888188
7164,32248.41228688019,22610.63754181953,79098.34302323812,50641.55813026201,78309.15396853171,50211.38823448782,16938.08462826773,22589.17291853595,33445.22341393321,133923.3311482312,127444.2519757064,48411.57511371291,59023.5267564328,39061.17477173107,168457.5427361723,90981.55893698106,44801.48026257349,47082.4030167466,166412.5246161046,47882.14503560734,8646.956249341903,25010.3541377551,64672.58631304798,34627.35065247258,49402.01029948371,2664.161785664182,49200.78016423663,30545.04636410454,18238.19561049861,23284.83274307064,67949.98203727511
7165,31269.7314413104,22240.87762536448,78207.17511859536,47474.28382551742,76394.1753983055,49623.88745170397,16915.05258358668,21918.2615650817,33674.74694016916,127306.0787099323,130317.6353355343,49722.24711699278,58681.71491460022,39426.48552592724,169495.5619906497,92128.74801985623,46017.51791640896,45506.88285632309,159780.1560997963,46829.71297455419,9059.126850980145,25858.00918379935,65250.94288146169,34465.9603117341,49939.40482639635,2501.843629469913,49580.28764045025,30487.40743224255,18508.9432241397,23574.23921194782,68117.9704364129
7166,30632.70240290878,22507.48474353026,81558.90001165486,46755.20818259207,75858.82533847642,49613.11308988127,17363.6768652533,22217.81160179368,33884.47864854728,133832.9680708322,128423.0553369548,51590.13741634256,59793.64313894683,40458.43188620215,173634.0146092857,91054.3435899435,46022.98768360674,44901.08421594081,171299.4227785467,48465.05905627443,9088.835026203515,26080.98839109891,66113.61469906199,35685.69489822337,50482.70112866219,2454.2816673125,50789.35564874525,30452.73252054381,18592.25018236979,23857.88841455736,67897.48903243296
7167,30629.6335759981,22475.77364563668,86146.34458741349,48225.3217830653,76372.74023592212,49947.32702060638,17363.65933901256,22517.99116966708,33797.77266291057,138511.1003074174,127325.2044747575,54022.57643827756,59793.62800191878,41168.63060401021,175724.6973239412,90155.2253063739,46029.06608715768,44458.39461590766,172482.9980024434,48467.19104471136,8940.746181440267,25788.91630611168,67096.67040196143,36592.46806582101,52104.29849765816,2444.705088782029,51351.95416856277,30771.99642939555,18446.46300486039,24282.0698799638,67894.81371217777
7168,31283.79759698607,22596.35009471884,88120.6451914311,50444.88206932854,78214.4969024391,50508.94835989882,17784.19506374265,24157.71101237546,33794.08975762672,139879.2383388204,121284.2572142095,56222.20509743714,60003.13748808671,42611.14020502512,175727.7588832871,88824.04365273991,45977.41316589175,45021.90907278493,172614.4533413677,49228.59186905768,8549.695684880646,25623.95205415816,67080.76558129949,38698.32797144816,54756.86307651197,2453.068250732655,52437.59200760045,31526.23831071798,18290.26245908906,25335.43798653263,67963.92570044319
7169,31915.23200545049,22729.29038164776,88847.4364411475,56340.84369114321,81542.88261841243,50815.12118670432,18423.38699321699,26406.5530443163,33560.09526022122,141637.4043880635,112154.4777566659,57219.15861181451,61414.69482068127,44623.51492071644,174685.3799362874,86966.39326066003,45530.27430164949,47933.99630358308,172482.9879620427,50104.43758144852,8549.024225117084,25496.53597034465,67096.67141268405,40145.69300333787,55298.78875156129,2554.658729731457,50637.43299030051,32969.95949439158,18342.3293076795,25410.30214567942,68845.51904306516
7170,32238.62486473188,22507.25119478883,89320.73309386168,61734.53079649762,84234.89545837088,50508.23864819132,18318.37801285018,26705.30024985217,32294.69009856733,142128.1313777741,111374.6605068387,56941.19402070416,59391.91647890352,45647.44524046014,170535.8156995939,86967.97755197053,42863.96280376338,48722.95291953557,158652.2171848021,50087.84319910294,8353.693024117505,24815.57611259268,64348.78505681931,39530.1211940344,53178.93946425896,2685.719128948917,49660.05162129459,31904.610191025,18561.01007273013,25754.72727872015,68796.7089934046
7171,32238.65225060377,22089.80126600329,87453.12428150578,61124.11947208208,85504.96947944218,49621.22950240059,17153.40510087175,25809.02593504528,31928.24581768308,136971.8880226711,115543.3166261544,57585.22105482687,58980.2689780827,44644.74564058068,169495.9550258533,85797.01977727165,40951.39576324173,49087.79031406104,158762.2946295904,48139.56396394149,7560.928631909619,23958.55114474303,61434.22984044495,40098.34252287655,52087.69986573973,2770.261130476767,49825.00179693353,31676.70331714333,18498.52985345084,24990.46539246238,69106.42469221332
7172,32204.84029710562,22079.23708913071,84097.79066648801,60315.95478468008,83591.26240707249,48388.46536990177,17787.02343925465,24862.74819215518,31168.07856980994,138341.6980370033,115543.3140180714,60307.50608932018,60023.04814829031,41503.78994899578,171572.0110830707,89249.67512796525,43472.20288982755,48206.0611458307,160971.11313149,50143.43852845925,8646.2150461402,23347.34024578615,61447.60580935877,40098.76233710473,53163.56542523707,2960.522971087474,50737.59986026905,30833.01026753352,18498.52985345084,25332.97183530305,69104.32754499746
7173,31912.99351823983,22006.04537437042,82051.49583472549,59277.0223036308,83252.88132649733,49610.67294623913,17739.77308598133,23429.52113204628,30651.46125820012,134842.5417631529,113242.750254429,58163.21353301103,61174.14243408721,40010.19990804948,171481.6163911483,90981.55798310757,46741.92427556901,46311.70729320501,160971.2227068002,51087.52461736908,9033.667694035888,24621.17895912513,62405.18517561061,37781.95975258233,51185.15361934424,2970.381479132317,49653.80171655661,30515.9487987506,18154.88865226852,24705.03005761962,68878.61586004791
7174,30282.46748681129,21189.91893929988,79640.81481349692,56455.45478686169,81622.88338972417,51412.4802735103,15979.49740238486,21135.47342261482,30069.7358908618,134067.3496778118,108939.8747139387,56395.64811592764,61615.21891639588,36929.23234452948,168466.2266338386,90103.38808682421,45184.08428493778,43130.45426733162,156348.0082229751,51087.52170793218,9331.018445713189,24747.46323205821,58607.92524045562,33656.58943278896,47273.67443381073,2782.581883833937,47182.7188589371,30519.95614428752,17904.96777757822,24418.14874188471,69182.23644189016
7175,27721.73597197285,19977.51098490273,72747.19373325273,51791.14050728797,78419.41475718943,49438.07040092869,14228.31819950714,19869.50644135652,28521.81806729054,136892.92482888,107395.4634648453,54924.11472512595,58792.98745542994,33878.26141911551,161237.6952939298,86510.90325839962,43789.96283920045,39691.08482452834,151717.3848122393,48139.93381422055,9243.87151777151,23533.48893273977,52936.11751596624,30946.09013726099,45221.77273667361,2487.558436659934,44549.63591892397,28808.17159570953,17511.12763800551,24144.72594215019,69835.41122182093
7176,26085.60834081384,19620.19513055775,69841.3893718117,50774.47609163827,75809.97845527112,46284.63779405713,13084.33647000912,17828.4201555636,25053.98105340148,140714.0712249942,130835.4891704761,54007.92238637905,49677.44723139645,31100.10796293849,161307.9893915799,75906.08905062905,40774.54620990701,37704.96957601271,157421.843040392,41066.4919228449,7851.074419246082,20224.16662092686,47407.32044636345,25511.11866598699,43085.49862317211,2324.105770397196,40042.61654733628,29703.48993089119,18929.51100742494,23936.2082652843,68962.1367406174
7177,24587.41323663663,18461.01875681197,68119.09366107469,49656.4658450666,74925.2488837698,44058.02366301055,12505.64227563873,16922.88888416771,24590.76369320723,140070.807880904,123427.0793473458,53623.47986426335,46772.18199944148,29630.52030969131,156710.1252122601,75498.66166998647,38928.23689754833,34742.42178439368,149754.4328764605,38973.03719322213,7134.147087806853,19190.03113347708,44299.07147142343,23925.9031374436,41232.34314416153,2139.898948423976,38863.29536453005,28132.08348781554,18738.7318443145,24482.17233625845,68109.18953073323
7178,23992.31092230607,18124.73465695216,64779.87180560053,47992.78923024525,74752.32609858808,43565.24536657079,11793.97819208119,16585.09858766543,23501.92280369773,136515.0341186318,117892.6894405357,52871.73646430275,45519.86403192263,29413.65947663233,153626.492691238,75881.24634491937,38040.80522184677,34320.18693791472,141554.9111090875,36323.27270033805,6584.609455318069,18486.01514740881,42235.37124390864,23422.44979035794,40319.48017664901,2046.935195415379,37810.85288897657,28026.06306598886,18438.8762135272,24290.91249899374,66906.47610821057
7179,23778.78687456796,17840.8009405972,62611.43703928583,48024.28686788234,74709.21123583455,43728.22008136253,11958.39925125369,16258.40991898422,22784.18187472724,134275.7094043908,113482.4710850537,52252.26336948761,43946.02629971811,29207.10083495524,151009.8559363042,75236.63923238878,37185.57759174187,33312.57393204321,132974.8789332006,34777.29596318708,6135.391710397468,17984.33712605479,40127.93776579875,22662.62974305037,39581.81826584234,1956.605260954862,37821.59915258177,27929.75583160933,18497.22835923274,24482.12309786561,66561.22725773575
7180,23172.29129902249,17510.17763785808,61506.05092059691,47714.84409780315,75650.96930781854,43719.70691667247,12111.70635110651,16567.59110635813,22770.77211502802,133349.1945322533,109793.9748494102,52249.38704710297,43515.61082837643,30256.50617298517,147351.7065423117,75030.99251975161,37098.82094668834,32952.77090263527,128711.8647900973,34007.28402639308,5816.309983891564,17628.42735251568,39093.80967160383,22670.00095179317,39064.85428096735,1869.80744707643,37297.26663710077,27560.64679072855,18461.20685059642,24664.19570974173,66557.36966602001
7181,23748.8355517277,17672.04432783214,61428.22753182178,47714.99113329119,76866.08346196219,44585.54932823978,12601.59504562477,17805.64991899775,23711.24884553406,133268.7950383298,107306.2650905531,52250.35639604506,43376.25459604019,32502.08408490943,151611.8798899768,74808.13426082638,37522.98817938252,31810.32282995011,123459.6301534849,33364.1284795551,5638.072920429133,17262.02067769461,39066.95094206931,23423.44892028958,40141.86165919948,1854.551292975027,37835.69851078815,28500.71356293168,18972.62313240195,24937.39431986598,66316.6026237983
7182,24976.9445870899,18164.0455593819,63971.245997877,47823.03723921788,78706.32129509306,46655.51871652367,14622.798260571,21653.71688882975,25209.29838259898,134506.4620172943,109791.6640080435,53979.47802950469,44806.7759469822,34468.56370354036,159848.1657161632,76337.54843754513,37487.02966310288,32935.03193125998,120208.6549260006,34887.87895429011,5864.33382235117,18270.58660790832,42648.30633861086,28170.94939182781,43051.88581209737,1870.537774312594,39998.89695291012,29995.34868889384,19298.72877732607,25028.27030501649,66515.40894973218
7183,26441.43453109218,19665.68247998615,77016.62559178201,49022.22848658827,80192.00509086138,45761.80922175911,15680.64703079212,22790.43727635893,25833.39617377261,131137.1638624707,102610.0878471297,57167.79738169649,48476.14801532262,35838.30717977196,164046.3391563798,77896.16556488104,39834.00821645225,40103.31315046906,116410.8443164688,38132.9219684275,6196.344776023037,19480.97247674623,43259.40416153336,32327.85495654005,47755.9807433868,2066.026889157859,43514.16124236702,31147.24494137186,19582.00942650903,24518.68908436312,66425.68488802503
7184,28197.85964497176,20334.49868005888,74762.37997911098,50775.5460704432,79840.84037630908,43823.4646076123,16118.4570039729,22065.28983910144,26932.03065262306,118377.5687379772,97421.2974261812,54800.68754545823,52396.77950321721,38047.47239602411,164356.6021073726,85850.62410068203,41409.06479916134,39140.13162161948,112796.3937863682,39600.32258404181,6520.880465834174,20513.67271200684,48088.62478313222,37158.24805754024,52460.94305103062,2323.42965766029,44511.57593993732,30888.52530325279,18733.43441443216,23764.28387449258,67008.19245933525
7185,29511.24963323377,21412.50843174552,75410.30122416248,53834.08799553644,80680.1087246589,45322.15220414315,16165.39300332153,22139.50543843405,28945.75348301591,117730.4640098521,101184.2794568915,52228.45111206133,55412.43206190183,39956.44755854685,164356.6020852807,87750.85626450619,42217.75359017168,39536.03067567135,116580.0738485105,42234.54838958282,7354.417875499576,21619.26397062184,54572.26284440365,38644.86553065476,55273.18229266249,2598.314821907881,45189.7116858833,31544.35607267504,18050.56148869126,22966.46337242595,67151.4785957006
7186,30310.51673686132,22167.12636896588,76140.22992015083,52006.77947654067,81265.14778989062,46830.46919773104,16299.3115533244,23125.26628852751,31087.87664762295,119997.0827685514,107811.4224964435,51436.95415866029,57134.91238269469,41215.14321158476,162657.2511923637,86790.36314957196,43006.25471787514,39533.51796323434,126361.3930672989,44016.37962585532,8125.486721643696,22921.543655548,59650.31467705029,37119.09126852553,56396.42839543571,2760.523121525187,45401.52006474155,30856.33101017437,17506.2201494862,22570.224936927,67837.67877624216
7187,30699.69734042808,22399.58973431643,79830.28264273293,50774.47578074034,83027.64885802407,46434.42330855003,16781.08616592102,24262.96039497058,31631.91627061151,120391.2626846943,107071.0883742506,51542.04682776001,58836.76982595945,39623.21099779423,160100.7888494865,87616.58524451838,43536.72457017428,42364.60576579699,135092.9834061092,45773.88105339332,8071.442049830427,23668.21346889551,66716.53926135918,35563.83020568467,54677.73513680235,2806.66847672615,45710.41389625901,31147.37889308618,17522.18365965216,22660.37107652368,67640.93121111394
7188,30321.10372258796,21781.14306201196,73039.61540499327,50774.93882970991,81590.80022515004,45406.1154283978,15905.49058803169,22798.37178705443,31269.0127441685,118146.8835177758,102615.7852001678,47945.51484439454,55388.41865740937,38267.82626544855,148119.2422503686,91463.89784477439,42908.80916270927,40439.4463533711,139346.496479787,45801.8055300718,7830.126845937637,23687.95439798682,62043.61856950506,33825.41640867432,49950.46365958131,2758.428341915157,45258.16187799096,30732.40399973324,18103.15120135135,23026.26818368693,67684.18004485487
7189,29930.68560345296,20933.09517495168,63014.81012781547,48255.52685066215,80624.45324071047,44926.98612376301,16033.8654740529,21814.55379002925,31237.10490673478,120508.054237896,98845.23147513845,47068.18699160956,53116.25630695719,37381.111285054,149835.4851597303,89775.8863189657,43545.6117269406,37704.92742346923,141335.8634479641,44302.30419359649,7890.630800740605,22798.48573480805,59787.43395777243,33425.55149174008,49390.45257977895,2538.166310138085,45001.72563847945,30530.33641871923,18401.31617512899,22662.48250449491,66815.15281913304
7190,29353.78810087352,20699.3417327373,65851.54443084354,47185.21174718545,80956.55041572082,44450.88611061362,15304.70605418874,21959.3516352193,30840.93385420911,120713.3324093049,94446.7231733113,47559.54835413806,53618.44042020905,34799.96091826988,156704.3996098711,87014.18410983271,43572.33660393963,37155.83686094814,145725.538365268,44596.49644680612,8071.85581467199,22638.89565809136,60933.56627113475,33591.43775225045,49359.47530358213,2512.075443759826,45511.97272523447,30360.16180538337,18511.76728504168,22662.29214570783,66382.70192383762
7191,28974.18168749601,20644.40886305399,69281.81922771972,46605.48927898805,81420.86345367563,44602.29602955692,15904.33241501598,22467.56010657041,30296.03618764749,121571.578473945,93629.38718469732,49067.10199108982,53578.13702055467,34457.08758822746,164421.681812632,86838.95434861549,44423.34080493287,36606.59249284871,143599.0623816194,45773.26962557432,8127.048654457765,22028.55028567627,61956.96723478692,34075.91362258555,51071.6579233663,2457.400797013691,46560.98101923732,29867.55397422435,18438.16510520846,23208.82516767526,66660.93565436314
7192,29931.6196853554,21352.03439046254,73121.59065937533,47716.11871846345,81795.07171637508,46093.01981522207,16939.24302522072,23860.94508976592,30373.42676027026,123745.869230402,98898.47253060077,51436.16458475347,54833.78184108935,37307.68030903962,166053.5578917803,84831.93582109346,44782.03196642837,38069.58518263041,145726.1176174163,46075.42747164588,8179.569029758902,22844.15310974365,62997.74723824464,36591.36680319179,54433.70841030583,2512.695731991753,47530.90379172247,31945.2859402352,18413.32056195209,24199.88771187027,65627.21329456606
7193,31048.31837092785,22231.31018221915,79618.31805158268,51326.14537986735,83990.01490553483,48524.17938985796,17931.28321087614,26726.26508672898,31618.41725028689,127046.8985777281,104100.0104787857,53250.41102853703,57975.5715033997,42063.03536970758,173684.4173500779,86547.95426177734,46185.58953332898,42113.05251454585,146699.9455372927,48998.7779851856,8572.405977010178,23844.60789891531,65075.09677744761,38898.14944692903,56951.86376932513,2600.172148584489,48790.10685378009,32487.06676338675,18731.69458148458,25483.84010329758,65584.04573301102
7194,31872.59052766463,23333.15121000441,90227.82544423392,57024.94175802211,85374.83649664935,50332.96445765121,18865.63483453852,26060.58418107802,32641.72014945215,129039.7681794141,107809.7318771031,54545.12620219246,60280.44213351205,44338.12713869905,183056.4765992292,94123.41668557335,45822.22058926076,44363.57278882246,153169.825688197,49889.5463769254,8733.890800394132,24405.49676869719,63125.12542252154,40681.12458856501,55592.14144399582,2686.668525515698,49691.91833323017,32863.12476476932,18127.90547056326,25306.40300317514,66062.87846268232
7195,32237.72700592163,23841.9185357292,89806.01936881983,61360.21341899913,84996.65098130167,51183.83177107017,18443.97991239231,26031.7765717359,32563.37364792537,128675.510623122,106380.5077034896,58557.90829343343,59257.40468523091,45015.17543499904,173863.2084683702,92467.16723884107,47276.65749719176,48685.72892689134,157424.3571048336,50776.22386517179,9181.9602285485,24904.12436745678,59907.39365151657,39437.85353031808,54980.8783591986,2714.561549371112,52052.10813132504,32830.16856108137,18835.84915820173,25829.56923892059,67317.68488833719
7196,32237.72700814974,23374.28864194331,86577.39171153851,58840.59760148173,85108.49935176007,50039.16126184264,17950.54645819201,25079.18627569819,31943.8572511326,128312.0617792584,106220.8457059488,59771.54041367504,57559.68403469538,45436.38976017176,168450.2099337443,90412.56973918143,46424.77077323316,49416.21352422699,156359.7978881045,50774.95668976514,9172.873704259011,24974.06003090102,60919.29570546654,37629.88875017291,53033.41280014886,2949.481282840964,50954.28482085757,32307.31094048338,18416.61560638577,25130.29488782997,69314.613772577
7197,31851.55924888483,23367.59703510099,86617.87728352097,58284.48216610272,83681.79890225193,49137.86507001577,16915.47604646852,23612.23315497694,31235.8279117169,128983.6300583425,103618.8098018883,57805.34905296251,56977.80496408432,44208.09502057082,166905.6640413993,87775.74787418953,45514.69119278729,47977.18298170597,158485.1226134968,50096.0754018967,8954.963929712878,24217.97673300422,62367.63453515867,35598.47301778581,51067.57035429325,2978.4599476669,48981.25409625474,31379.20286239819,18193.74750366133,24755.7374110787,69534.87598675485
7198,30477.50014067312,22720.37097037107,84276.45131531247,56793.02513863309,82478.61975970342,52144.58645549194,15672.24325248079,21325.67915483315,29843.7151346692,128996.1651009828,98159.25477654088,55651.08208788034,55388.02058519956,40353.94702863882,162584.3345638941,83920.32971407051,43092.61461554596,44884.9719575219,161712.7439562613,48689.11731231321,8734.318315147024,23284.30214564607,56082.14496887333,31575.93647990539,47712.09470347462,2900.472903871403,45922.18211907398,31718.52051997774,18033.23649784731,24837.95310664399,68896.51708153983
7199,28211.04208741784,21234.24637052206,79263.57272948304,53324.50086993079,80102.14747341504,49665.0772375184,13988.88588794394,19863.39433782597,28062.72699249807,122249.4816670517,87846.86429007171,53291.89130981377,52669.20049985557,34803.24894160598,156517.4045512505,80068.57808603211,41730.67611035911,41013.549958722,164646.6638485306,44679.52450994208,8292.689369653599,21498.05865654255,50531.02004895466,28809.69695333465,45186.70168867973,2575.835946540756,44028.03663419195,31775.36932761027,18775.39104700044,24763.01063003847,69119.00524164322
7200,26005.35304588788,20125.67615425118,69955.55049908794,50681.85666816289,75855.47546973001,46371.09305690819,13250.7712924031,17678.84321624958,24824.79369458278,143637.073859567,129480.1798630842,54136.03225642198,49497.39034374643,30763.33673590769,161498.2750747457,77001.73935094541,41415.09190906843,37935.91346106354,149495.7600003759,41023.32086447065,7849.322353467925,20292.24794907014,45772.19653665243,25372.05927913415,42709.89845975859,2269.178694093764,39785.24723869463,29727.46494216735,18881.4713485134,23742.4061818243,69191.74636458643
7201,24488.36299574318,18901.85117044562,68248.38838600565,49608.2715015065,74978.22037442178,44270.43029696018,12677.30350811518,16771.02562388409,24324.90445715742,142912.9175160268,122151.3932541715,53756.95365504579,46433.5992125956,29293.55270259188,156914.870905592,76577.61467166418,39363.10536960341,34835.31371916542,142689.0695218591,38850.0118534506,7136.889716949931,19220.82214845685,42682.08594727503,23782.50969719753,40833.54696029318,2077.68554680122,38643.96381867569,27966.63912165497,18677.06875857952,24242.31448640336,68436.71905466856
7202,23885.79508777145,18546.81211652227,64938.50785660336,48010.70247987878,74806.7584958071,43805.52665613264,11972.06673690642,16432.38246115551,23149.86248181746,138909.9906435423,116676.4851961835,53015.69892837697,45112.94847129186,29076.66289055688,153840.9362259729,76975.87853477978,38376.81458883043,34393.40312460329,135410.00063822,36099.17278920986,6590.797348572945,18491.41976291653,40630.42857434299,23277.67988511517,39909.25765089699,1981.044600189967,37625.46676682522,27847.83886022251,18355.80061514134,24067.18871153239,67372.07933314008
7203,23669.59236825765,18247.04308767545,62789.12685619525,48040.94853232381,74764.0078810968,43959.28249078875,12135.00284618692,16104.86895607459,22375.29961676943,136389.0616772612,112313.6664540121,52404.86901008306,43453.23422807498,28870.07664657916,151232.528638453,76304.85395996302,37426.31535589748,33338.8362970987,127793.136264418,34494.22517504151,6144.395923561045,17971.65152925419,38535.29315899493,22515.78245426257,39162.36239676559,1887.141653169426,37635.86642101492,27739.92262649133,18418.31965294373,24242.26940160238,67066.46568225339
7204,23055.48826993694,17897.9805400901,61693.45362749909,47743.80173165289,75697.80968201737,43951.25088451071,12286.92537059354,16414.83077627083,22360.82823653604,135346.0337662096,108664.8129936637,52402.03281948512,42999.33312145567,29919.62221598074,147585.883907357,76090.77937836543,37329.89409719106,32962.26678376542,124008.6748677726,33694.84133494824,5827.314643896403,17602.90786008508,37507.19978539189,22523.17381623482,38638.92755323716,1796.910540229919,37128.44569863683,27326.32070152064,18379.72586975199,24408.98295575782,67063.05094912321
7205,23639.26530430541,18068.8747229969,61616.31406313725,47743.94292456181,76902.65816616468,44768.11577573822,12772.38969169105,17656.01548849486,23375.76039588303,135255.5237067183,106203.8403419281,52402.98864362022,42852.37291141839,32165.5002030612,151832.6592624944,75858.78788225437,37801.3131850679,31766.58170171525,119346.0398022663,33027.15278852227,5650.195017569925,17223.28877759107,37480.49779169031,23278.68174671478,39729.41587543668,1781.050926925901,37649.51101927061,28379.70434570447,18927.66208475095,24659.13541314735,66849.92440377669
7206,24882.78103996815,18588.31543354899,64136.98734302363,47847.69572735905,78727.34908607323,46720.99460982541,14775.33864218448,21513.79820916114,24992.4071476255,136648.832376086,108662.5269884794,54107.98476843435,44360.95071000679,34132.24260111983,160043.0424582129,77450.88092265328,37761.34892182606,32943.70119295095,116460.0089712945,34609.02632532636,5875.037402325494,18268.22299787903,41040.95395990658,28039.16210657585,42675.86491579771,1797.669755656954,39742.93777374487,30054.50473464003,19277.05474025786,24742.34539358154,67025.90739982274
7207,26365.64309671516,20173.70038588528,77067.73881308344,48999.23609929117,80200.4813536462,45877.83897379188,15823.63357286098,22653.38863303324,25665.91335813929,132855.831182237,101558.1361062866,57251.81920724134,48230.54219384834,35502.16911530589,164228.0128919338,79073.37371685632,40369.77881363752,40446.01759811052,113088.5288023171,37977.85065382908,6204.966850826876,19522.25466424101,41648.48568242402,32207.43284551434,47438.84118946961,2000.891468415211,43144.82091553288,31345.25206029364,19580.56429249146,24275.7507995314,66946.4838245291
7208,28144.10266726812,20879.81724071557,74833.300975526,50682.88413045781,79852.28339004626,44049.13938453249,16257.48951560515,21926.41031500532,26851.52425927529,118491.6647249148,96425.1131416586,54917.73638756124,52365.10307627745,37711.62954090872,164537.300084346,87353.8240146039,42120.2953088861,39437.95271281123,109879.8252789241,39501.22488092088,6527.467900789872,20592.19345832124,46449.52507841726,37051.0324671631,52202.69569648008,2268.475837627714,44110.0650524282,31055.34602033745,18671.39304237296,23584.98477758589,67462.11846108886
7209,29473.96921041599,22017.94884586286,75475.52901738732,53619.89231302663,80684.4613330435,45463.05173644442,16304.001617872,22000.81329680209,29024.66899989764,117763.1839275682,100147.6518476232,52381.38899233929,55545.30482250942,39620.85979857509,164537.3000623237,89331.93200472159,43019.07131714311,39852.30029170384,113238.761151938,42235.93253866676,7355.779541820738,21737.65168288499,52895.32745536884,38541.71442197601,55050.13584797167,2554.234121072026,44766.32824404552,31790.23148410386,17939.75656624287,22854.46583732865,67588.9550868903
7210,30283.26316701105,22814.65270018127,76199.04392093988,51865.19343892024,81264.55780258724,46886.04878584226,16436.71069788749,22989.06303466095,31336.3792405879,120314.8392761577,106703.568477934,51600.9353722831,57361.77234237018,40879.72365031712,162843.2935271842,88332.07570227871,43895.41077422662,39849.67048922244,121922.0598108584,44085.73125994399,8122.014258932924,23086.89080191502,57943.74599197326,37011.7686216559,56187.44166665692,2722.858591533849,44971.30496670292,31019.27098527861,17356.54413503425,22491.65279700185,68196.37823145975
7211,30677.3260642092,23060.08081688468,79856.67261036644,50681.85636961875,83012.16870235911,46512.40575581172,16914.13421846132,24129.62963593081,31923.48925768845,120758.5889307795,105971.1912295927,51704.56173962133,59156.49169666787,39287.57870763163,160294.8711067637,89192.15825363186,44484.97449966725,42812.68432979224,129673.4688982544,45910.27211831597,8068.308414084768,23860.4850864826,64968.73517107006,35452.25540233198,54447.23545650152,2770.829232391277,45270.23575298646,31345.4021587219,17373.64758998791,22574.19449929687,68022.21764671283
7212,30293.98296709821,22407.14265677375,73125.67411890715,50682.30101894709,81587.45902272631,45542.26546995019,16046.44648136417,22661.34317709344,31531.85547475666,118231.9698937007,101563.7722260004,48158.210241989,55519.98112575935,37932.01285608136,148351.0057611311,93197.14245499953,43787.10987025964,40797.81429320852,133449.4957860615,45939.26176683072,7828.506108604123,23880.93786178448,60323.0836065913,33709.08870069753,49660.79253515555,2720.680952638004,44832.57064729291,30880.40565173922,17996.10167907566,22909.22570779012,68060.50143522646
7213,29898.66702962607,21511.79815601057,63188.95555569309,48262.99999939357,80629.27604428596,45090.23874766711,16173.66196436189,21675.04119769469,31497.42156555266,120890.0675000152,97833.74320386055,47293.12327514733,53123.83815702733,37045.17938452476,150061.8511883251,91439.95238623812,44494.85167784993,37935.86934425101,135215.5425881832,44382.56234530297,7888.630740696906,22959.39548543982,58080.06510436851,33308.13053437931,49093.77177450925,2491.706426927045,44584.40548862927,30653.98058156989,18315.55843669043,22576.12781402114,67291.24012470369
7214,29314.53231384288,21265.00801336121,66000.76382811667,47235.21476910211,80958.5675569692,44641.06996099298,15451.08786396487,21820.20463417932,31069.88654127374,121121.1602420188,93482.50865944076,47777.62893558392,53653.42396401771,34463.68410024962,156909.1633098829,88565.0693534105,44524.55368254868,37361.19167618169,139112.4462133411,44687.97648482345,8068.719584874407,22794.05068508128,59219.5090893591,33474.47033568414,49062.40675452061,2464.583532862409,45078.19509295136,30463.29289890327,18433.89679481685,22575.95351328678,66908.4353832579
7215,28930.16371561475,21207.01147385847,69400.89722807845,46678.5280620324,81418.95793102747,44783.91517776227,16045.29876825492,22329.69625026735,30481.85055121912,122087.3342634942,92673.95713605786,49264.148483552,53610.92140794881,34120.76495226094,164602.175117792,88382.65827892757,45470.35900009612,36786.35303533816,137224.681828597,45909.63736774326,8123.566399385652,22161.69662004177,60236.93793127542,33960.27078570698,50796.02083190274,2407.74622319943,46093.36872916049,29911.30547877177,18355.03872699954,23076.38277399016,67154.72737255435
7216,29899.61282964108,21954.10209719716,73206.92906695057,47745.0257041864,81790.00476356693,46190.3142022954,17070.86270226996,23726.5993066718,30565.3679615253,124535.0509855094,97886.41204152381,51600.15681487844,54935.08053211967,36971.73859597552,166228.9190434502,86293.38757759602,45869.00804025815,38317.51981319361,139112.9604404398,46223.32094557543,8175.757504126468,23006.70959886706,61271.64439649961,36482.60133295303,54200.15423781399,2465.228356677771,47032.00766406212,32239.48995960863,18328.42004965278,23983.84248157925,66239.67823062012
7217,31030.32056610337,22882.41611910034,79646.57052564847,51211.60491202629,83966.40437608924,48483.95202248115,18053.94339104609,26599.15377625952,31908.92155026652,128251.1982897822,103032.0455270511,53389.09004910061,58248.3020574571,41727.72911173278,173835.7799013016,88079.73234816076,47428.92068077072,42549.40893281484,139977.4694582456,49258.18189744827,8566.13160451132,24043.24019517122,63336.8714296891,38795.69082832312,56749.82944709829,2556.164914552116,48250.5964574422,32846.57774817366,18669.52896898705,25159.48479447615,66201.46638409676
7218,31864.93326567409,24045.7080982391,90162.85349975467,56683.95481055648,85339.52655492234,50190.42077235717,18979.85652544421,25931.79213327598,33013.23703987675,130494.6794039598,106701.8960288285,54665.74075492969,60678.9380342752,44003.12489979847,183178.364579927,95965.65441317292,47025.07275718788,44904.80134244929,145721.0609289969,50182.92841577812,8726.6040170362,24624.35438538545,61398.27925724054,40583.54070738349,55373.08742362252,2646.082667165898,49123.32095733643,33267.96627038734,18022.62363596203,24997.01571526848,66625.32824048706
7219,32234.65040259196,24582.84996747333,89744.75378172967,60846.96079634503,84964.5360708273,50993.15765165476,18562.00973124857,25902.91178934875,32928.68802192383,130084.614968461,105288.0326985346,58622.53464547871,59600.0785117765,44680.2636696341,174014.0087321301,94241.52810556655,48641.53265239528,49428.36590537424,149497.9918437405,51103.42798417425,9171.864324524116,25140.96220002135,58199.32476565235,39336.87048791732,54754.173134607,2675.079003286151,51407.38531905172,33231.03748302269,18781.12116221903,25476.04933639645,67736.08059309584
7220,32234.65040484803,24089.13981244298,86544.49567309083,58427.46403801539,85075.43951075645,49913.23694262074,18073.03266455854,24947.91635586517,32260.12590448643,129675.4609442901,105130.086696968,59819.23360633875,57809.72167444826,45101.53428141068,168618.0337568762,92102.72853784775,47694.74649960327,50192.8904002591,148552.9367430737,51102.11247269419,9162.834767172255,25213.4197020668,59205.32180048896,37523.96264750735,52782.33107209901,2919.291018027972,50344.97114332611,32645.15392447077,18331.9503912541,24835.76351197287,69503.75838850121
7221,31843.6381482613,24082.0750069303,86584.62550340041,57893.44631840822,83660.7922794158,49062.92376107111,17047.31037225381,23477.25941420774,31496.04347370955,130431.4816842983,102556.0166407936,57880.47546128539,57196.09235195758,43873.07540556048,167078.345369763,89357.84372905671,46683.28485749566,48686.80238326682,150439.679106243,50397.33543621957,8946.291153342827,24430.07248827267,60645.20875636729,35486.99292950158,50791.88209856586,2949.41593779159,48435.57844691144,31605.17049095508,18093.16740957093,24492.80249471024,69698.7340975722
7222,30452.34138747483,23398.75239431779,84263.77335321896,56461.25359360374,82467.77797609799,51899.56597758314,15815.30569230726,21184.93223259165,29993.72025716033,130445.5930598768,97155.13916294869,55756.26583010356,55519.5613327254,40018.41238626988,162770.6062171869,85344.42178358862,43991.39108824219,45450.49722370013,153304.9776871642,48936.70929945551,8727.028851533643,23462.73014830576,54396.39856619431,31453.45858859846,47394.40582625937,2868.344106116363,45475.17361479142,31985.38994051544,17921.19440808396,24568.08273962911,69133.65996240711
7223,28157.45048423239,21829.74490284688,79294.94230646036,53130.55406156876,80111.38288186879,49560.31347553575,14147.15137626826,19718.95538136514,28071.73528690754,122850.4865589024,86953.58294407537,53429.99157821491,52652.38873414422,34466.9725629622,156722.7563396322,81334.81663300641,42477.73383616871,41398.67058845866,155909.5448315414,44774.17163164346,8288.168648828123,21612.07577696941,48877.66759055584,28679.65603378908,44837.40236717577,2530.866090802909,43642.12179776579,32049.09137739435,18716.34577317457,24499.46216839998,69330.60607473964
7224,25547.01843664642,20005.71926915411,68400.93579822134,49392.28359977048,75588.41885328607,45930.33465519581,13314.82239397438,17742.64714274821,24414.80078549953,124449.1004939563,96630.09689645714,50948.94139362106,51454.16816421202,31318.35707337202,159127.1763880311,85592.87822075597,43031.68893848984,35949.17982950118,130211.9464552208,43431.91660392375,8300.863266025408,22468.65794578043,47718.05817602992,24868.28952860033,40398.24245109579,2080.240973302277,39527.66890286401,28273.6148957284,17962.62402646912,23706.25238507129,68156.93116152633
7225,24381.32140204334,19120.33436683092,66043.71406803337,49109.56123570577,75400.74041257147,44429.10412062924,12681.75937468601,17006.36511577509,24424.90483809975,124218.3223372597,90905.64168336132,49203.18849326611,48861.59018235747,30458.61777648352,156560.5942803734,84328.14993858946,41852.79797291207,34369.08567177676,125632.3464562706,39198.56915859161,7503.887539969965,21355.06231150418,43645.34659311709,23317.6599595052,38990.67108976292,1972.217820726283,38420.31638114141,27843.02764026879,17636.27938559529,23583.98443521494,67418.69513401779
7226,23547.26722124599,18690.28541840523,64629.74742997999,48539.45694393633,75438.71752018931,43665.58129245058,12563.22837492953,16417.2429873661,23630.35231878558,122568.1523164454,88193.4646715084,48563.25137688491,46697.63286108974,29459.61792567449,153862.3020220135,81385.38154869713,41687.36246823685,32909.822009608,120163.2808766051,37119.83659381662,6930.620711148543,20416.49512438952,40680.29644579925,23015.09873057815,38707.3814394443,1913.589949049301,37108.61529631817,27843.99946305807,18083.49241114331,23175.47598923347,66726.47513957327
7227,23048.79502404352,18365.16900087035,63243.48876133436,47891.29601832392,75131.64051768194,43390.82913051776,12120.04327643491,16123.82340755711,23104.63910065993,120799.591900719,85800.94040164129,47498.3461798427,43676.72175553913,29105.29702188957,150026.1879007968,78002.21037170797,41537.97905349006,32206.24550902463,116527.5438922699,35020.22520542917,5858.857410239766,19778.14043782927,38717.50725668823,22390.14146444449,38149.17265024997,1814.962529256672,36720.60370231612,27922.02452922219,18143.92660348038,23263.23466820937,66231.5664208565
7228,23048.80031644654,18213.47912348659,60815.96643606399,47178.29562311118,74883.32676889114,43390.8291437248,12238.73832460326,15834.11663645479,22661.71320722708,119741.5585508693,86254.28967511981,47328.00574442193,42780.75320917531,29105.48781450405,148330.7491339159,77518.52116248694,39941.9533957811,31823.89163255074,107690.0608133557,33264.91929099922,5583.99336543829,19160.87011854757,37233.61764139325,22705.03027471132,38143.45497538464,1756.557165844182,36712.81495765514,27758.25418863509,17878.01615776059,23152.38238890022,66048.50383377365
7229,23370.07332560766,18276.4577310787,61816.26918960548,47178.35195908619,75587.70818458058,43678.19223589616,13528.58186503234,17488.90282423865,22850.47271534731,121047.3621265765,90203.29121663193,49036.99220935281,42380.47614880841,32152.45869270028,151007.2666600701,76548.24680183365,39379.49951525852,31337.79841636177,106164.0143085135,32902.03035435117,5486.806251907247,18505.07437121852,37234.86085799478,24307.90054960975,40557.31705241023,1753.672261212608,37687.23414280261,28182.89260208736,18119.75292710895,23713.51465526378,66083.40060129038
7230,24747.49485051427,18979.60576208256,68205.17426509262,48639.03191234899,78217.84422846454,44499.97900540262,15251.5901943566,22263.8100975552,23210.87378240202,125784.1784496848,94221.37158559752,53310.21060821401,43963.86378017731,35266.20412991502,154073.1939053314,76549.66917756078,38616.04602876421,32646.01011698684,105000.0374973874,34302.14559541524,5626.73096447734,18228.52798436219,39674.87432913185,28766.84752196202,45792.87807292469,1753.700946212889,38926.49289223547,29673.25270983421,18736.18169289097,23648.1727393052,66050.35812052146
7231,26719.38976951604,20113.27946539362,72375.95399369966,52713.25340492358,79898.02967764232,43955.15545776401,15999.6158478039,22861.18404163253,24396.0467205127,133361.4407686632,107388.6612072758,52402.41721319548,44540.88250007977,37899.69661984103,153030.3653430914,77517.68047141127,39794.47460355472,36363.87711504483,108368.32495093,37110.94337984273,5584.590892804214,18049.079233272,41714.01456606816,31792.29482949659,48305.79665245851,1940.696807419085,40648.57487185395,30585.06487541064,19606.43406479859,23841.35439448129,66355.52154800213
7232,29206.53857658262,21590.90721724823,73725.46360683389,51919.13575729552,78605.72578976632,44547.24442870229,16433.89368728865,22002.82046307472,26672.51824444527,136918.1394189312,120549.4890585503,51994.28004764207,47458.9577683024,40411.71664068948,159238.5866840548,77520.05951550898,40929.57789162007,42023.4035041138,123190.2032449113,37816.89907348379,5874.71358253598,19015.82540677531,47268.42285690539,35343.61001575186,52774.57160739865,2250.235044198305,43351.48101638817,29600.80500281182,19533.91303568426,23006.29423026352,67121.60983272732
7233,31031.99630325959,23428.50497173587,79449.22900227779,51969.58164873451,79328.29071224522,46795.12681758792,17702.81971790596,22305.10153667897,30650.3482938343,139880.4850413878,126381.0175036859,52485.44087240084,53889.35037263517,42039.57659144715,164236.728203185,84275.65590880852,43599.80178452019,45737.92042811171,152674.937932228,45243.31052216849,7179.478899500227,21145.68003148405,55683.26374814536,36884.79915160212,55025.23517414894,2560.266200917414,45480.25524387536,31113.60765581525,18881.2237539366,22492.63267920986,67370.03358742999
7234,31700.14793093071,24336.38211227615,80333.17835596771,49396.41335714976,79179.821403341,49037.01223412265,18575.4877611833,22614.33985948438,32501.12246310491,143553.080685115,124872.0469766617,50763.53735527053,57982.19392020453,43396.5436787522,169145.9247005122,87648.97828443724,45716.47813433669,46903.74017819652,160189.5358599601,48684.48930025809,8009.706365920044,22597.02014039825,60637.56454141946,37780.73065566244,56753.17456004579,2617.310269820741,46890.83778283257,31510.39097780927,18361.48969927423,22755.32996793686,67549.99519182272
7235,32375.47036593418,25052.64319210307,84901.3364563017,49402.80109157146,80064.18364344694,50162.84384238406,19246.29349602298,23903.94931617356,33312.50079606989,144623.6733904314,118929.0238419773,53119.43654571196,60959.92244282763,41485.22685963344,173372.4681439421,93955.44467961349,47155.54396067704,48349.98830302033,166924.4263850262,49687.28638304239,8397.89246028891,24022.74530812248,66639.04077039551,36396.08297482671,53343.42469984232,2692.618116322305,47027.75354589792,32318.97753372059,18047.23189799459,22750.50227229188,67944.857447212
7236,32385.60911958008,24555.72659157904,80616.80695180943,50333.9792979807,78550.68534914947,50155.93628894013,17286.14501426285,22081.40847320392,33561.24757159349,136700.3823587107,126544.8518075838,48348.27738167325,58842.66033257965,38625.17720546709,171337.7338867698,96896.97218410905,47216.06669548679,47806.22568478458,156250.6675122159,48061.79156851159,8397.899767617337,24882.67067867051,63123.64619261702,34255.79893236348,48294.16414060644,2579.888064367342,48020.72613741126,31006.90456166693,18047.23189799459,23127.62338283064,68043.773798421
7237,31372.66968709274,24115.19332514757,79761.34700074766,47160.73115291115,76744.3236442484,49600.05717817975,17262.76679275558,21421.40606757343,33807.9528616168,128659.6244140975,129500.105442028,49566.84862528268,58478.23505046825,38984.71809843167,172355.1277187764,98188.86757926161,48561.86858306576,46129.40544111138,149649.6771332178,46935.96202699048,8806.30963437149,25676.65494115404,63735.8905885167,34092.1029902161,48858.13099725429,2406.584578264662,48369.49158764242,30940.42798781609,18361.48969927423,23390.75179624412,68131.70961106273
7238,30713.34153577817,24432.82998448441,82978.77258132766,46440.29925136752,76239.33843875997,49589.86273615596,17718.13399855856,21716.08545229199,34033.38474997714,136590.5803465809,127551.5438596003,51303.4825041697,59663.72574228497,40000.36549343153,176411.3493640777,96978.93788566909,48567.92203297019,45484.65620254265,161114.4454633514,48685.35849403561,8835.74674569448,25885.51582422571,64649.10920601252,35329.26254630553,49428.29145195326,2355.80372884509,49480.61896905853,30900.43645338178,18458.18440757695,23648.64570213438,68016.29562098431
7239,30710.16528500816,24395.0492707956,87382.4041437219,47913.18565364567,76724.10427622548,49906.08791926958,17718.11620889448,22011.38413206171,33940.18809304159,142275.0739181976,126422.4123291734,53564.99433668437,59663.70960382785,40699.34705433537,178460.4902537076,95966.40491479248,48574.64906724136,45013.50330863136,162292.4211211503,48687.63916910561,8689.009096000045,25611.93680163527,65689.7653994889,36248.98975739314,51130.07128993386,2345.579028890513,49997.64416187203,31268.65234720712,18288.96866734295,24034.3115665666,68014.89518820493
7240,31387.22822659197,24538.70447679556,89277.5970577569,50136.93228358046,78461.39719629682,50437.4805230217,18144.97268041506,23624.44230312366,33936.22949136321,143937.5262498724,120209.3425394572,55610.05536184045,59887.07972814085,42119.0730933349,178463.4909799288,94467.3081450332,48517.48422639992,45613.24964805,162423.2545369008,49502.14071529547,8301.526629857935,25457.41755405369,65672.92866269046,38384.93370363388,53913.79615625495,2354.508190944016,50995.33984233024,32138.54036395942,18107.66609033169,24992.03403799979,68051.07279857923
7241,32040.76590872634,24697.09000274062,89975.26671537755,56044.01436099893,81600.99812444914,50727.17388801972,18793.77180875298,25836.71840088556,33684.71854042508,146073.9095540033,110819.431572201,56536.95307598663,61392.02226140535,44099.66357403679,177441.824082406,92375.33392460515,48022.63085931124,48712.57325088601,162292.4111282513,50439.06863046895,8300.861296640382,25338.06904571023,65689.76646943313,39852.97560404929,54482.51821088809,2462.974086430544,49341.00281471699,33803.62392443095,18168.10028266878,25060.10054492428,68512.55482591529
7242,32375.47909008038,24432.55173369153,90429.59897898264,61447.87457497296,84140.32100712153,50436.80901087332,18687.18451972751,26130.60800837822,32324.58717383981,146670.2018940558,110017.395271033,56278.52102233697,59235.42182328343,45107.4215369914,173374.7116066826,92377.1180582578,45071.79538525275,49552.25684125868,148527.0745655727,50421.3169422039,8107.312340319655,24700.22536984082,62780.87234800581,39228.60981597153,52257.84959359599,2602.904360448758,48442.79428241137,32574.92711561793,18421.92389161132,25373.25193766386,68487.00454146699
7243,32375.50743459091,23935.20041864753,88636.82285352157,60836.31194522871,85338.35690669916,49597.54229047493,17504.70180213357,25248.90701937013,31930.71146063734,140404.745783912,114304.8274040337,56877.29235637408,58796.54072480299,44120.55896759036,172355.5129443779,91058.45579095285,42955.13696999974,49940.55192256361,148636.6312273001,48337.16310534533,7321.781304136627,23897.46445877965,59695.54368534398,39804.94868078495,51112.65191217906,2693.167975625226,48594.38265913158,32312.07581627407,18349.40285968005,24678.38489359395,68649.12943701
7244,32340.51189836199,23922.61422112387,85415.93314783805,60026.62296711662,83533.19458077372,48431.13051736441,18147.8435670489,24318.01565274394,31113.63930934971,142069.2297760299,114304.8247216395,59408.28275796993,59908.3076292072,41029.21276126392,174390.3178079698,94946.6287305267,45744.94119890781,49002.13085004094,150834.9996750336,50480.78953571014,8397.165327316041,23324.95346259679,59709.70339659214,39805.37449242456,52241.71536068721,2896.306312230558,49433.055661347,31339.02129378328,18349.40285968005,24989.79181285951,68648.0316567728
7245,32038.44906358213,23835.41335444205,83451.63072231543,58985.73094099703,83214.00634800836,49587.55393092933,18099.88303030903,22908.09271342213,30558.34885271592,137817.3338614107,111938.7118253142,57414.66937455652,61135.55551386045,39559.21306682174,174301.719256824,96896.97110991414,49363.5768545629,46985.97709424949,150835.1087319365,51490.71696757701,8781.08277235381,24518.1368171387,60723.39051045151,37455.47436762409,50165.47782672037,2906.832022058716,48437.05065158327,30973.34553498749,17950.53718969186,24418.8670359569,68529.87980497438
7246,30350.84669514139,22863.07744602454,81137.5425940263,56158.84162630656,81676.46128205652,51292.38068894498,16313.15000617483,20651.34597771624,29933.07645551703,136875.3822014238,107513.2360056325,55771.31056085935,61605.81254368227,36526.90751255382,171346.2452355577,95908.0289537295,47639.49866230887,43600.18133737571,146233.7669559577,51490.71385523357,9075.72043061737,24636.42517721625,56703.63653506277,33271.16954420341,46060.58931253686,2706.322570023488,46166.13800977018,30977.96731739952,17660.45306478367,24158.0344922333,68688.81412863062
7247,27700.47712968533,21418.61034012879,74520.14005829557,51485.72991839199,78654.69218728342,49424.2415537994,14535.65018491619,19405.96348600943,28269.28398134699,140308.7960020761,105924.8204044392,54403.1816395467,58596.86911202002,33524.12481773282,164261.3446732935,91862.38846056408,46096.60953608,39939.6732385056,141625.0513051506,48337.55874928804,8989.368650341845,23499.31581508072,50699.49880483218,30521.94840840871,43907.22806240841,2391.332595543423,43746.34811200099,29003.71886614816,17203.32129304494,23909.43843367134,69030.72735219327
7248,25526.40419191267,20114.06133714534,69383.22274643973,49391.89646822659,75947.95850216786,46223.85870380206,13415.26885571742,17867.85811097808,24843.13926614654,125350.0565828933,96782.29363781017,50435.47157311765,51506.54044957348,31280.45733763387,156232.9401072736,86910.1908361113,43850.65963404319,36060.85408371597,127553.8442855945,43198.63993619593,8135.708949298873,22733.05123718108,48768.99905129793,25210.15304328721,40298.97168652301,2102.597441400341,39435.07198308911,28513.05148101577,18150.51568212845,23822.02843584574,65425.72518474718
7249,24319.16300932609,19213.61835563692,67140.7331834925,49126.3881775776,75769.352767913,44659.82404967706,12778.6475432913,17134.17449588258,24853.11828132834,125142.7175131168,90914.01910884085,48709.97196053115,48885.37907647763,30429.66776455659,154024.7497807584,85630.53135784029,42699.05259193394,34529.28975879841,123415.9026158522,38842.64428041127,7342.367483485701,21630.72242583411,44557.51552786728,23712.76059141598,38882.50004748071,1989.149719624429,38304.26864501379,28054.95787626477,17820.87439976105,23716.54828450274,65116.18062532283
7250,23455.38406361576,18776.25540049851,65795.58801213116,48590.99573877959,75805.49399524383,43864.35917270417,12659.45030963676,16547.13143755781,24068.39833115342,123660.1477500774,88133.70226047018,48077.45905096005,46697.56394295643,29441.06731364068,151703.2410141992,82653.02107710899,42537.44588040446,33114.84483176646,118474.2757572098,36703.68683866328,6771.714788038826,20701.6512083327,41491.43545139789,23420.58707076748,38597.41911564751,1927.577748100591,36964.7891782875,28055.99178007655,18272.60504512516,23364.12941465457,64825.93072526286
7251,22939.1468707828,18445.60960388026,64476.80219059758,47982.2992884859,75513.26163601932,43578.11272842786,12213.77417557904,16254.74736437996,23549.19080200235,122071.211965648,85681.06900365248,47024.9083122135,43643.34703729507,29090.43482358874,148402.7932831074,79229.9086787434,42391.51975371436,32432.87745477448,115189.1706014861,34543.24567366122,5704.838796274191,20069.7550862622,39461.76697092172,22817.08620137762,38035.6806913809,1823.997582059444,36568.56051839617,28139.00116636668,18333.64972662352,23439.83853344585,64618.4140292713
7252,22939.15235180111,18291.33987881751,62167.43374700785,47312.71123947801,75276.9518113027,43578.11274218743,12333.13637972162,15966.0629970407,23111.74610630638,121120.638247189,86145.80807405246,46856.54407506021,42737.5003620264,29090.62363008813,146944.1017910037,78740.50910585109,40832.43206836276,32062.26690992901,107203.9776815226,32737.08517382771,5431.228149082446,19458.73001002281,37927.31589620672,23121.16406566559,38029.92686282878,1762.659292436944,36560.60682859163,27964.76901081729,18065.05312859984,23344.2066428974,64541.65534268039
7253,23271.87517428381,18355.3895876421,63119.04914062007,47312.76414533309,75947.28218843963,43877.49769614606,13630.22981673107,17615.00928119016,23298.16971985811,122293.8172974648,90194.02302172156,48545.70379666467,42332.81021325806,32105.87611653543,149246.8764002277,77758.7798287873,40282.9954634652,31591.10319803254,105825.1036698622,32363.68264734383,5334.484214999931,18809.569287415,37928.60147367197,24669.00366501118,40459.05213959541,1759.629517336068,37555.66165136408,28416.53375551798,18309.23185459325,23828.29357204783,64556.28766096863
7254,24698.38647292042,19070.4963257597,69196.98944083022,48684.50790129322,78450.27282241694,44733.66399187134,15362.92275647759,22373.06543588773,23654.11083200294,126549.5367476625,94313.05231041454,52769.34661016568,43933.65482700933,35187.20805144506,151884.6844269361,77760.21899687315,39537.21113137577,32859.13546074431,104773.3812158324,33804.36191745615,5473.770861938699,18535.8208633708,40451.75498489934,28974.86347367613,45727.71837120421,1759.659642803189,38821.16464441071,30002.09957400951,18931.88760985996,23771.92331972535,64542.43285062233
7255,26740.55753734523,20223.45085072234,73164.76637541965,52510.66289188776,80049.23514697651,44166.04770025623,16115.15288004625,22968.33118840964,24824.61728228227,133357.2110230639,107811.1525533324,51872.08494667679,44517.03522703866,37793.28638160303,150987.4741111307,78739.65848970012,40688.36648414101,36462.81466630139,107816.8297731035,36694.53597119109,5431.822951685388,18358.1876880975,42560.37606817266,31896.4393626746,48256.52649910018,1956.045824186329,40579.7157948271,30972.15922275333,19810.93102571254,23938.58048743453,64670.38878231902
7256,29316.34556629421,21726.20918209704,74448.59181440758,51764.89656422756,78819.40350570931,44782.90676856709,16551.87168955932,22112.99685956343,27072.91752350107,136552.6719807952,121302.6286824678,51468.682769369,47467.28252157923,40279.1567481596,156328.7933189125,78742.06562044263,41797.19925852467,41948.51858530732,121209.2806051791,37420.9445578681,5720.622663411429,19315.15279060956,48304.04303870168,35325.82872819364,52753.55816571583,2281.128058204919,43339.86238842394,29925.02383420293,19737.67740962175,23218.17687712048,64991.61187593555
7257,31206.86057945607,23595.05966342145,79893.76652820839,51812.27096437646,79507.03836688338,47124.82952703901,17827.93004452586,22414.2111534511,31001.52201758209,139214.1456423755,127280.6665158782,51954.14540996756,53968.57074754096,41890.07098407632,160629.0055428537,85577.41759126367,44405.62423493028,45548.95060847903,147850.4964999982,45062.51341709561,7019.438167148127,21423.4585746233,57005.60784246361,36814.1048612708,55018.45300437527,2606.72796498962,45513.71845975551,31534.46585043607,19078.39484488694,22775.04277527375,65095.77669427897
7258,31898.82438925634,24518.37741723268,80734.69174726514,49395.77477769878,79365.7463259319,49460.50442926189,18705.50314245863,22722.35814372151,32829.39289910508,142513.7324634802,125733.7851133574,50252.21849286732,58106.53824093909,43232.91230011996,164852.6928287647,88990.56491476843,46473.3128180894,46678.96424075878,154640.3838053631,48603.38975708635,7845.879743264642,22860.11472509332,62128.71949331875,37679.27672327553,56757.31840143012,2666.636600347753,46954.17342995974,31956.59609226897,18553.41058343203,23001.67084751084,65171.23512961569
7259,32598.21456600024,25246.82022280288,85080.50560546113,49401.77358311007,80207.35693735855,50633.435307955,19380.07931305325,24007.41644147019,33630.73044387418,143475.5899408385,119641.4514347636,52580.78580590069,61117.09647204863,41341.49192834134,168489.0512053516,95371.48452475856,47879.07330660081,48080.79337994682,160725.7589803155,49635.2397983718,8232.295684235807,24271.41509398023,68334.68761554871,36342.1675728326,53326.00819870386,2745.726160444065,47093.98870908017,32816.83597501989,18235.97823850247,22997.50601062702,65336.8020463243
7260,32608.7146535685,24741.45237186845,81004.5153950717,50276.25528423485,78767.0238169573,50626.2387763679,17408.91331379623,22191.30752485532,33876.39898377576,136357.0315139954,127448.6169385378,47864.9790686107,58976.49136819299,38511.21485126184,166738.4426858299,98347.73927038262,47938.19532012862,47553.73148098193,151081.3813877947,47962.65127545149,8232.302958242344,25122.64015484302,64699.51089329147,34275.36500830074,48244.82043318983,2627.335174206429,48107.98985060814,31420.94645473473,18235.97823850247,23322.84713118241,65378.27796623866
7261,31559.6751844229,24293.42678792369,80190.69292465756,47296.21621449335,77047.98481916242,50047.10441111572,17385.40368899636,21533.63433279684,34120.05130151316,129132.9367539169,130478.1173860179,49069.41310296311,58608.04826656379,38867.01299139132,167613.7699202051,99654.88659258046,49252.85034444648,45928.41184293712,145116.9929789631,46804.20428867568,8638.850449904296,25908.59126793311,65332.61665910674,34117.2891705515,48812.35333400493,2445.328954194093,48464.14123654005,31350.22329012472,18553.41058343203,23549.84713324436,65415.14971371179
7262,30876.84930987937,24616.46561523953,83251.51795932026,46619.64914014594,76567.41148814633,50036.48348365821,17843.33040302237,21827.27376490853,34342.69347544353,136258.3815924411,128480.6007880839,50785.89948807239,59806.60909339455,39872.0876887051,171103.5898533501,98430.67264696122,49258.76369499591,45303.46495133436,155476.0947821941,48604.28413307786,8668.15332611846,26115.33899743804,66276.9519213948,35311.97384442213,49386.11899588926,2391.998056704841,49598.79937591698,31307.67705603105,18651.08207439848,23772.33134317597,65366.75628480961
7263,30873.55986105868,24578.0423505236,87440.81321791542,48002.85613292387,77028.74289101035,50365.93797682804,17843.31251336692,22121.53030651807,34250.65012499257,141365.5270266508,127323.1013312444,53021.17447462438,59806.59277700962,40563.79298348748,172866.5932954168,97406.1858607364,49265.33504066338,44846.78269580636,156540.4660289111,48606.63088368727,8522.084809484028,25844.52791530088,67353.06701649984,36200.12444538539,51098.6594344152,2381.259905780456,50126.77380360245,31699.41495349626,18480.15696449588,24105.04399433225,65366.16907918497
7264,31574.75257410483,24724.14075547762,89243.76211961088,50091.20584131584,78682.05201071371,50919.56143976539,18272.56824121292,23728.8958362314,34246.74051091888,142859.1316421432,120953.9364349426,55042.50979986159,60032.42557581095,41968.73994238382,172869.1750069445,95889.39097497494,49209.49320694324,45428.10887371991,156658.6818213284,49444.73010484735,8136.369288149938,25691.5720188569,67335.65659148656,38262.73592040533,53899.98619649631,2390.637461130226,51145.59805668709,32624.87229639511,18297.02292000081,24931.26796676385,65381.33845868827
7265,32251.58161357599,24885.22000455396,89907.47436422622,55638.62431415977,81669.87909892271,51221.37415373193,18925.01411152726,25933.36459349278,33998.34200220986,144778.5322184573,111328.1164560591,55958.65414442564,61553.96022762508,43928.71285000328,171990.1713883579,93772.71921455243,48726.09258806454,48432.24216430468,156540.4569997311,50408.80262215967,8135.706988894374,25573.43102109355,67353.06812290094,39680.37615152478,54472.30436310261,2504.550158916693,49456.22651832962,34396.32307845289,18358.06760149917,24989.98871459861,65574.83924368261
7266,32598.2236010653,24616.18263212914,90339.6930843393,60713.46051632856,84086.44663988815,50918.86183484356,18817.82772129455,26226.21703558031,32655.0422299815,145314.2618597324,110505.9300606296,55703.22028069747,59373.58308750782,44925.98024277035,168490.9813959761,93774.52441142446,45843.55042661368,49246.13633950086,144102.6546209661,50390.53663337327,7943.040628183393,24942.04073955453,64345.05751021878,39077.44645322172,52233.56884373423,2651.507273352668,48538.99628974897,33089.1358750267,18614.4552649304,25260.14337359351,65564.12593351078
7267,32598.25295574268,24110.37267331883,88634.17607736409,60139.13400705028,85226.56737348462,50044.48431284897,17628.69855617273,25347.62765630654,32266.04071966455,139685.1596076101,114901.0782178229,56295.04499122717,58929.86328784494,43949.39072645382,167614.101353766,92440.29421131822,43775.87936294547,49622.50561544581,144201.6455974407,48246.00085487168,7161.091663725416,24147.40177577929,61154.60059652901,39633.99811655372,51081.12991141032,2746.303631881683,48693.7949099228,32809.49336888381,18541.20164599422,24660.68389907153,65632.10538383912
7268,32562.01021745981,24097.5724175269,85570.05552565696,59378.74443812792,83508.66977457266,48829.27559432205,18275.45526440176,24420.02149710795,31459.0798174435,141180.5895370423,114901.075468037,58796.6722011982,60053.88751627956,40890.22485066664,169364.7706203847,96374.37034881048,46501.11714143844,48712.90650744303,146188.0025734668,50451.73226219814,8231.571867035762,23580.68316941963,61169.24278009748,39634.40930898025,52217.33259173248,2959.642910949756,49550.22880234176,31774.27913953726,18541.20164599422,24929.3336066358,65631.64508132452
7269,32249.18219864335,24008.88849240116,83701.36085374968,58401.2290458828,83204.9116632973,50034.07808934939,18227.22515315891,23015.07431487085,30910.66106743006,137360.5393367029,112475.5171353582,56826.18764978905,61294.66591252512,39435.52757559207,169288.5437726249,98347.73818350588,50036.00410347185,46758.67539354182,146188.1011128813,51490.91923248113,8613.738623989564,24761.7944709074,62217.46986198656,37365.18732349931,50127.96670694042,2970.697187478473,48533.13102391396,31385.24364349587,18138.30674753602,24436.79871140022,65582.10365886976
7270,30501.43555561784,23020.01569582893,81499.90546710922,55746.46010929601,81741.69423454702,51810.22643393781,16430.44933760412,20766.29186093206,30293.1264017553,136514.2574192481,107938.8571276427,55201.89420264726,61770.10756582262,36434.78774981895,166745.7655289226,97347.12072166208,48351.82749569404,43476.86844087704,142030.514451183,51490.91602996713,8907.032715702357,24878.88604647308,58060.74840235231,33324.54048959773,45997.12238778241,2760.118806960183,46214.12642017238,31390.16067004198,17845.2922746367,24211.77934843984,65648.74529292768
7271,27756.60976168227,21550.98198618379,75204.58927765026,51357.87944046648,78866.00278130565,49863.93352367645,14642.95862251084,19525.30444684509,28649.92332115955,139598.9550083714,106310.534699235,53849.63757846329,58727.99027866508,33463.26345609816,160650.1846241711,93253.71799179805,46844.64656476882,39928.78645608252,137866.2650538907,48246.40796137971,8821.074705063282,23753.28140781177,51852.02809194193,30669.7072145777,43830.14512239437,2429.311066815063,43743.09173143424,29289.79523135184,17383.54268670612,23997.31636029615,65792.11052329477
7272,25479.19471112258,20052.15730619477,68695.9885690619,49033.55412326998,76107.51287803978,46602.31753056915,13417.6907464072,18151.55652418295,24860.72557795588,124404.374640986,97762.43856171762,50181.69321286888,51254.69853793107,31055.54571883024,153930.0361363534,87032.06995263405,43603.37968540469,35955.63503968076,126170.0258460855,43023.74741010987,8016.742400038916,22834.21100916282,49228.63141084867,25240.05509579413,40507.37848357127,2184.915941080197,39875.51890876544,29060.28969384872,18343.83759236396,23790.11965022435,66810.25560143606
7273,24265.49570354553,19138.32606612728,66521.17758923874,48772.92897261748,75944.95510572565,45007.72820544384,12771.18380846895,17419.93620309492,24870.68808049585,124194.5740610997,92157.61120774924,48416.75524306211,48581.51059100774,30229.2494839732,151473.3861323171,85707.63544936925,42389.65907551121,34456.15686920863,122259.548337661,38753.83982533063,7191.781133767298,21693.18920727913,45100.17498329746,23787.84108161552,39111.88744793661,2069.278112091709,38695.5027803987,28639.40172556213,18039.38317700616,23686.22584210219,66318.18009432727
7274,23397.09619539723,18694.46016916156,65216.62904797902,48247.38329312522,75977.84899588044,44196.72328430115,12650.13564838299,16834.54405041862,24087.26663516278,122694.4033680268,89502.11241546925,47769.78549450244,46350.27023127459,29269.10980170705,148890.6674000338,82625.94268923425,42219.33587557558,33071.34445427218,117589.5645080076,36657.1548591941,6598.384228999905,20731.50653713604,42094.54099977054,23504.48284728796,38831.02909974361,2006.5174942309,37297.72889599953,28640.3516573451,18456.59848616227,23339.10709059827,65856.77684102548
7275,22878.09752499627,18358.8981574053,63937.64432845289,47649.88178508695,75711.87410144703,43904.88478622552,12197.53893646367,16542.9822312664,23568.91825772617,121086.6038860727,87159.586363015,46693.17744984602,43235.4311743186,28928.57165277259,145218.8621056489,79083.05628395846,42065.53901518009,32403.66424121373,114485.04277968,34539.4107552345,5488.986312657785,20077.43014505921,40104.88632407223,22919.19044849048,38277.61107581091,1900.937714048757,36884.2562845826,28716.61915285703,18512.97893306141,23413.67760041125,65526.89256328705
7276,22878.10303533393,18202.33466915115,61697.97288000449,46992.60857632479,75496.79702767821,43904.88480025384,12318.75462874343,16255.10971349407,23132.19741778959,120124.7450450332,87603.46168639611,46520.96504670099,42311.60464500092,28928.75502373114,143596.0425429806,78576.5327195042,40422.3597125626,32040.81795868984,106938.7988240734,32768.94562464461,5204.470507422089,19444.95739617502,38600.68611364152,23214.09385565582,38271.94247225841,1838.415289316215,36875.95644858699,28556.53785680998,18264.90496723074,23319.48394254768,65404.87113380546
7277,23212.60567264475,18267.33670264259,62620.86841574859,46992.66050915307,76106.89733199647,44210.11847933281,13635.9896785488,17899.41876584948,23318.3125493602,121311.8519676395,91469.93823950032,48248.73253385744,41898.88193398053,31857.20155802884,146157.9192005839,77560.45293461854,39843.28846098996,31579.52509020688,105635.7220192512,32402.92269762632,5103.870700398267,18773.01039651618,38601.94634664965,24715.23295587051,40665.08784469472,1835.327024435225,37914.31625877211,28971.61098502783,18490.42675482735,23796.29056342602,65428.13177665187
7278,24646.74772514093,18993.07602283794,68515.37580522096,48339.17561111044,78384.99094013251,45083.01067011319,15395.58833633445,22644.09412731529,23673.66467271049,125618.0949224651,95404.05003251457,52568.91175503698,43531.5011882932,34849.82518287117,149092.5263409414,77561.94245890313,39057.27918760559,32820.99217484477,104641.8131317329,33815.12964841095,5248.708823180045,18489.65309255162,41075.35726543191,28891.17891407116,45855.71524118252,1835.35773147421,39234.89419837483,30428.39966098493,19065.50731687789,23740.76807787761,65406.10711939507
7279,26699.84285637594,20163.17328043775,72363.40479292053,52094.96123424893,79840.28438062043,44504.30553913066,16159.49928986495,23237.6858500037,24842.23424309675,132506.5892723064,108296.1737896144,51651.14210316794,44126.46091486198,37380.87725508138,148094.3643168267,78575.65234046709,40270.52374564634,36349.17457907265,107517.9622128765,36648.18484142674,5205.089016764732,18305.78479151632,43142.40803651482,31724.60674669305,48347.0669746382,2035.535146260405,41069.97785101172,31319.67260267671,19877.38575432807,23904.91884542679,65609.51557242786
7280,29289.40939830421,21688.27541092625,73608.48423811443,51362.91079234787,78720.95474229794,45133.21544393426,16602.99958551537,22384.75692610146,27086.81413956243,135739.9864446723,121181.9708123497,51238.51968665751,47135.2667019295,39795.18202470717,154036.6744953444,78578.14369622483,41439.16299669668,41719.95342420266,120174.2251429364,37360.23732701228,5505.399269223535,19296.34045364572,48772.84175191923,35050.5266085558,52777.48916224394,2366.893089779895,43950.24658336652,30357.58389059448,19809.72921962586,23195.349570947,66120.15616317287
7281,31190.03723338836,23584.91294147644,78889.32297658593,51409.41389831753,79346.80469982776,47520.88954123007,17898.87291491427,22685.12413326847,31008.91782790204,138433.0568734813,126891.6338157336,51735.07815648564,53765.59686912117,41359.71973172342,158820.7351129693,85652.66324289798,44188.27709331246,45244.95667426562,145350.9636928189,44850.78493311416,6855.980990699003,21478.65016000071,57302.85996141261,36493.89935610866,55008.83665758902,2698.778699733426,46218.70931118735,31836.30957735821,19200.82038891025,22758.8798772325,66285.74445813287
7282,31885.7025249206,24521.95906795986,79704.86897948955,49037.3611041669,79218.20793601936,49902.19372539558,18790.07320194101,22992.40454041587,32833.76406453164,141771.8160817645,125414.1972787424,49994.2516643118,57985.69752436906,42663.90205667126,163519.660410933,89185.23589736933,46367.4894083269,46351.29660813071,151767.6084189925,48321.68250410091,7715.361621249765,22965.73456950058,62324.97226610628,37332.96776539984,56721.94619461156,2759.843870739338,47721.85317342607,32224.15507005821,18715.94854505195,22982.09963139769,66405.69890961162
7283,32588.83390882886,25261.23274325391,83919.5256946144,49043.24958154827,79984.1987185673,51098.03874925159,19475.1243712071,24273.84894652188,33633.77560671648,142745.0926414373,119595.3695666583,52376.04116808524,61056.01134003748,40826.93369082767,167565.1721194353,95789.4225872909,47849.07159312779,47723.75753500521,157518.4683032636,49333.13996774388,8117.178742512128,24426.57318074832,68408.59311867636,36036.20107986385,53341.46013586942,2840.46025405691,47867.75324181029,33014.52763307829,18422.77022012516,22977.9974305707,66668.89663678645
7284,32599.3901639044,24748.3508180308,79966.54931975155,49901.64810666176,78673.28143800254,51090.70162764985,17473.34958064741,22462.84736305094,33879.0376298875,135542.0233524867,127052.0443620339,47552.44902804554,58872.91806639041,38078.13731814266,165617.5898051268,98869.81588140044,47911.38243675169,47207.7375421603,148404.2456611034,47693.60701487053,8117.18630643498,25307.67720593247,64845.08191869378,34031.75685750734,48335.53429753397,2719.783730932287,48925.88391838028,31732.01004703874,18422.77022012516,23298.44566204236,66734.82990456093
7285,31544.73912898595,24293.6637547008,79177.28810153766,46976.41692234248,77108.70037251509,50500.25340822658,17449.47489212416,21807.02370548952,34122.28676721099,128232.1648127896,129945.5400383307,48784.41184267037,58497.1618582791,38423.69240351443,166591.4065219376,100222.7000226628,49296.94525424903,45616.46822513763,142767.7218563355,46558.05455654107,8539.937351191264,26121.21609380274,65465.70635035972,33878.45039025781,48894.66097094244,2534.263882537272,49297.53508475832,31667.03090575672,18715.94854505195,23522.03175248377,66793.44403064845
7286,30858.26065373567,24621.50569274496,82145.73709799751,46312.29304414895,76671.3071922263,50489.42499243539,17914.51241428445,22099.83735320565,34344.56052698188,135442.202268259,128037.6988811324,50540.13057690675,59719.51252650753,39399.8320559277,170473.8916727424,98955.65107996542,49303.17754979162,45004.61392269871,152557.3800589209,48322.55920443113,8570.408136986198,26335.22090291845,66391.42455907798,35037.08974612696,49459.92808653105,2479.903432568554,50481.57377615997,31627.94020935713,18806.15726061618,23741.16996495824,66716.51416597227
7287,30854.95360885785,24582.51113077505,86208.59896217483,47670.06055489287,77091.1873571101,50825.31564328363,17914.49424683364,22393.26637495994,34252.66948403395,140609.9792570157,126932.163585217,52826.49544650603,59719.49588626404,40071.62388177487,172435.2635531746,97895.31770936582,49310.10333035715,44557.49912519059,153563.2424303834,48324.85957592332,8418.517843036107,26054.90404489076,67446.32463323342,35898.44359348222,51147.10258706721,2468.95798174055,51032.52575786752,31987.86177572481,18648.29200772178,24068.87886467941,66715.5806993784
7288,31559.8971712709,24730.78180344701,87957.13466653478,49720.00203142609,78595.94446116863,51389.75458446081,18350.41557209462,23996.11160791726,34248.76633934186,142121.3158072814,120848.9325679053,54894.0308079745,59949.81116634257,41436.12389334763,172438.1357519876,96325.45047891146,49251.24958771571,45126.64656452669,153674.9598576174,49146.39534042228,8017.429057674013,25896.57922313813,67429.25744523351,37898.82317739586,53906.93644227282,2478.516570709035,52095.68944878594,32838.15494015427,18479.15066702433,24882.67704153823,66739.69509546249
7289,32240.34673292804,24894.25606328965,88600.816002173,55165.39423248875,81315.31132553807,51697.46345178604,19012.99279587603,26194.38087116935,34000.77886474282,144063.503328326,111655.2489977716,55831.11472717703,61501.54626125266,43339.67123952636,171460.2289940335,94134.71680390491,48741.77606722232,48067.84349444538,153563.2338975408,50091.41477552718,8016.740361499586,25774.29134246527,67446.32571782231,39273.6912075655,54470.7775027052,2594.628352065635,50332.79611893553,34465.73129757864,18535.53111392346,24940.51467289025,67047.29861813174
7290,32588.84299222472,24621.21850209325,89019.9903134914,60146.89573850241,83514.74707011164,51389.0413121959,18904.14198679155,26486.40974206571,32659.7018998459,144605.5931019659,110869.9733982039,55569.84261701257,59277.89152921904,44308.22835149075,167567.3194899535,94136.5851642486,45703.75988434803,48864.68664946395,141809.1420474698,50073.5097796948,7816.394997303652,25120.73854649578,64497.61639034194,38688.95274681929,52265.20185803663,2744.42247222748,49375.64784504307,33264.71176682278,18772.3289919511,25206.60640624064,67030.26792779939
7291,32588.87250392735,24107.88789550249,87365.94599848893,59583.13205097865,84552.42644471744,50497.58212423947,17696.54770687939,25610.29116650623,32271.34408457526,138909.6626726069,115067.8081270619,56175.19418908165,58825.36448054331,43359.75382163193,166591.7752475176,92755.67052068563,43524.56603376319,49233.17101811503,141902.6914538986,47971.35672215124,7003.280297421142,24298.20685453547,61370.05759096237,39228.71246318166,51129.83270919742,2841.048873575251,49537.18333251776,33007.78138177402,18704.67245462091,24616.16235747865,67138.33321751245
7292,32552.43589447406,24094.89731879331,84394.30094405374,58836.7273135953,82988.8842219105,49258.63332905026,18353.34742574944,24685.29365794418,31465.71849011396,140422.8462067692,115067.8055007234,58733.99908070447,59971.69909784017,40388.65811835104,168539.4251440244,96827.39918244274,46396.79339749931,48342.6279412485,143779.857663188,50133.49599187753,8116.426076504332,23711.59578283588,61384.41111188435,39229.11124935395,52249.2060953992,3058.506665439339,50430.88940138589,32056.64561124103,18704.67245462091,24880.7717727514,67137.60148572641
7293,32237.93448294474,24004.89479455135,82582.00368410135,57877.19005867072,82712.4191795239,50486.97260682016,18304.3683844773,23284.29752360057,30918.20722869203,136557.4447265264,112751.138885259,56718.47674831376,61237.10529819503,38975.84004994986,168454.6214549546,98869.81475649416,50122.33952789263,46429.33781841274,143779.950785855,51152.14538389941,8513.82465621978,24934.16542954784,62411.97296976228,37028.35488486211,50190.78764068205,3069.774344673517,49369.52732165097,31699.20696153703,18332.56150456093,24395.64423693031,67058.84668343673
7294,30480.83872052945,23001.31891854553,80446.98846460372,55271.2467476189,81380.67377604524,52297.81943342332,16479.69175489835,21041.83918439709,30301.69442024578,135701.1158290312,108418.145263135,55057.05813189832,61721.98383719128,36061.48837206826,165625.736594965,97834.18589308302,48347.32445346542,43216.2844682118,139850.9081778406,51152.14224467706,8818.808418843812,25055.36705211462,58337.19900184985,33109.62005271744,46121.12887865786,2855.13075048001,46949.59916789314,31703.72463498095,18061.93535786821,24174.00899824778,67164.7852789481
7295,27721.33018973721,21510.44284515211,74341.665614271,50963.37939188163,78763.36701122082,50313.50413063607,14664.444407297,19804.34172407509,28661.21040796975,138822.4346604014,106862.9238700719,53673.89406536601,58619.48456010503,33175.51114175648,158844.2972079479,93597.5558338778,46758.85157008329,39742.5345272609,135915.5690872353,47971.75578296393,8729.42442423524,23890.25241499952,52250.88021898493,30534.88683399847,43986.24861355234,2517.936769991529,44371.02454904949,29773.94754798091,17635.46662244318,23962.77137433648,67392.6895217681
7296,25476.99746372076,19995.62368153324,66718.30702305531,48811.48921714118,76258.61764882354,46464.86478671427,13419.6537080626,17823.8013144582,24599.21042672763,123609.4931488541,97668.19079104102,50338.65006491839,51076.56534123704,30837.18626545922,154091.5976088352,88353.47238612418,43610.0523658244,35855.38824958966,125941.6658333026,42966.74782574196,7970.757870169477,23019.55745288256,50150.31186200777,25036.28883872103,40647.32931173089,2254.669602718626,40091.30042266705,29272.53280279504,18366.87265135038,23957.10531937116,66765.76038495873
7297,24262.72677824217,19096.80868003634,64540.0797910008,48556.68752251795,76096.67455940353,44871.56058845855,12774.22247689698,17061.51397958123,24609.27749030372,123412.4309098039,92247.67916038,48503.75781434119,48452.33333153694,29969.20642855417,151392.7123028796,87002.57820717753,42388.46505373254,34325.12943891972,122121.7889759407,38854.60114341416,7130.639011185586,21877.94257529126,46221.43753966223,23546.91875065722,39177.99236358902,2139.908097994255,38884.50096478638,28905.37191940106,18076.9787000065,23877.28826024194,66199.7160428957
7298,23393.91823555945,18660.23646696973,63233.48202941516,48042.88473179992,76129.44406724605,44061.209280255,12653.3757258261,16451.58419625057,23817.63367737372,122003.3452156906,89679.50690819291,47831.14506630234,46261.95521761291,28960.6312352234,148555.3273988344,83859.31910247519,42217.03790789663,32911.89019288636,117560.0025657852,36835.38270456105,6526.339208346588,20915.7600456108,43361.10501890646,23256.31056598634,38882.27169060997,2077.623091382318,37455.00121017923,28906.20059073141,18474.24078073631,23610.61213762768,65668.95461061955
7299,22874.67510580823,18330.18847027755,61952.48824590934,47458.73390672819,75864.47490889978,43769.60598348767,12201.53207828973,16147.80110594102,23293.84499583514,120493.1655678108,87414.01523279541,46711.86507355266,43204.16035970334,28602.91419077481,144521.467736667,80245.65258309746,42062.24421669031,32230.50412881257,114527.4085468535,34795.88320294203,5396.557544961717,20261.34368034642,41467.63628480075,22656.04298625695,38299.56816219772,1972.84341376162,37032.1438344948,28972.73240712044,18527.92484542928,23667.90139190202,65289.48209826771
7300,22874.68061874139,18176.19766129718,59709.29866064164,46816.14693074457,75650.21111029017,43769.6059975047,12322.54608280176,15847.86195986774,22852.5405702633,119589.7073554063,87843.29363889089,46532.82693771449,42297.25250369723,28603.1068121229,142738.6318159185,79729.00964376448,40408.41468524191,31860.20949452908,107156.0011972571,33090.83170747539,5106.814131022094,19628.54218732918,40036.1536747412,22958.49173638046,38293.59959025322,1910.794795207591,37023.65561358054,28833.08576834685,18291.71496128069,23595.53653306027,65149.11839641562
7301,23209.34081386889,18240.13156973482,60633.64390579158,46816.19770317629,76258.0044303565,44074.59367970141,13637.58941805454,17561.09480633929,23040.60906555178,120704.737391489,91582.62043741233,48329.07543325208,41892.08826874835,31679.28268948798,145553.1195351767,78692.63052243844,39825.59019667987,31389.4474052931,105883.1149782771,32738.33228328184,5004.365933092968,18956.24592577056,40037.35298426356,24498.03869850465,40813.38425973795,1907.729933753257,38085.58351938883,29195.17408617158,18506.45122005256,23961.84616151375,65175.87558120892
7302,24644.15837760298,18953.94541146731,66537.41054777314,48132.62602544509,78527.48383843245,44946.782380755,15394.26032351114,22504.6506807435,23399.69077251498,124749.5206758447,95387.3582792043,52820.48731834767,43494.80823901868,34822.8731552708,148777.0904210783,78694.14980457764,39034.48642228077,32656.39879000418,104912.2336601825,34098.36221651271,5151.865268423864,18672.74133949001,42391.19171744279,28780.82962242558,46278.68673961279,1907.760408088777,39436.13517990517,30466.00114107681,19054.02868342405,23919.19066940966,65150.54017547141
7303,26698.22056006647,20104.81542140857,70391.48412405419,51804.49168776294,79977.27434927862,44368.54364541531,16156.90022465506,23123.12373192976,24580.52501682306,131219.770286214,107855.5223020986,51866.34136487058,44078.87205718049,37481.60748342035,147680.5057161265,79728.11167643311,40255.59459700061,36257.00619866043,107721.7461275769,36826.74410335713,5107.444004671263,18488.77746813118,44358.31498494183,31686.75300520012,48901.87460632594,2106.420842426279,41312.87050913588,31243.50153375577,19827.07921700463,24045.30050941256,65384.52500565238
7304,29289.00684260365,21604.85680059881,71638.51937390055,51088.79831481293,78862.17725408053,44996.94669305861,16599.66259122273,22234.44295379883,26848.66280938606,134256.8471468708,120317.5676463896,51437.36443343062,47032.57550570941,40017.70503751538,154208.7509272402,79730.65280472788,41431.80835645958,41738.0340720652,120084.7799931532,37512.48828121273,5413.2720683052,19479.84799728524,49716.55645758892,35097.76922539376,53566.74370966362,2435.267695859126,44258.51392976226,30404.2251275675,19762.65834087445,23500.16953615156,65971.92513641129
7305,31190.52991359518,23470.32844362848,76927.65339747543,51134.26234687832,79485.66067288579,47382.69649292567,17893.37974930296,22547.40052377891,30811.93077586878,136786.4039713023,125839.4673878836,51953.60426952296,53541.47985702908,41661.16791012868,159464.5386391626,86946.50776085276,44198.74077281969,45335.39706625299,144678.2064285093,44726.28152513443,6788.668976257588,21663.2920157726,57834.20771551837,36578.0718358513,55916.16856108404,2764.638216974886,46578.46492394558,31694.18889550253,19182.8704381867,23164.84900087619,66162.40467892039
7306,31886.52287819261,24391.9768603708,77744.48048221933,48815.2111341607,79357.5501745437,49762.08151336446,18783.09719039522,22867.56107136454,32655.92961121129,139922.4456618943,124410.6166086258,50143.7791681689,57684.2948941849,43031.14143045885,164626.7963558179,90549.65448035339,46392.07760229764,46464.44746840718,150946.1858859083,48068.93933396159,7663.83961067309,23151.14937600573,62613.5358794709,37438.60849121775,57719.93159121822,2825.240625133095,48115.72628373489,32032.52523307901,18721.18748132672,23336.33895431078,66300.39069444829
7307,32589.98545185347,25119.10265825549,81965.7576947304,48820.96803832659,80120.64450111569,50956.9627702193,19467.00852010332,24202.71923054587,33464.33764167307,140836.6283498934,118783.1420588819,52619.9722003003,60698.37993230388,41101.50477556051,169071.2113466424,97285.78022617249,47883.26262792957,47865.08168036686,156563.8058657021,49043.02633019107,8073.039600098999,24612.74729605158,68403.05604856857,36108.66297783055,54160.55862360221,2905.246083000023,48264.9379082188,32722.00535680446,18442.03034392238,23333.18741321431,66603.15232789463
7308,32600.54667914843,24614.64850066609,78006.57187707626,49660.18634981121,78814.6842177861,50949.63156182163,17468.56443270107,22315.80667394956,33712.17380233311,134070.9036656062,125994.6028054424,47605.19435024777,58555.26715362354,38214.04174886396,166931.5897963238,100427.7139039961,47945.97733785227,47338.4690519988,147660.7478456442,47464.06944204713,8073.047302999114,25494.30929793016,65011.8157880272,34052.93342363072,48889.73164865188,2785.484068269827,49347.08542820146,31603.20338255104,18442.03034392238,23579.3737442529,66678.99669047375
7309,31545.39888128731,24167.43293657856,77216.07086587674,46800.31706603997,77256.0193333811,50359.65920214482,17444.72946867668,21632.49313868811,33957.97595098478,127204.8735919344,128792.9453726811,48885.98668415739,58186.39242848337,38577.02881571725,168001.428651422,101807.6260904543,49340.52064886147,45714.53484577031,142154.8149278821,46370.47240711972,8503.565849597104,26308.27104376052,65602.43735232916,33895.70448602313,49478.44591406247,2601.370122649408,49727.17211966604,31546.51894224163,18721.18748132672,23751.14513779204,66746.42169732232
7310,30858.5970601566,24489.88771719225,80189.18278274745,46151.03249323567,76820.28007650735,50348.83951329537,17908.99322650013,21937.5805299202,34182.5825758705,133977.1433605919,126947.8439040828,50711.29428972497,59386.35734465595,39602.41111876599,172266.7420281265,100515.263926141,49346.7933388842,45090.12066249571,151717.6595495373,48069.78364271601,8534.596496538954,26522.38708743233,66483.40353515942,35083.98856993692,50073.62555857109,2547.421625946612,50938.08544241111,31512.41824157064,18807.08198533594,23919.49942163904,66657.92772839575
7311,30855.28845759072,24451.53392084713,84258.42670083119,47478.4617984113,77238.57254028489,50684.45945989771,17908.97508927768,22243.3090895589,34089.7270942562,138831.1514137084,125878.6643288416,53088.28048016816,59386.34100915677,40308.09236821992,174421.5128497396,99433.74711684973,49353.76400873712,44633.82768555144,152700.2174049818,48071.99902204495,8379.91541554617,26241.92452743935,67487.30654024649,35967.38085438282,51850.08113463513,2536.55912171339,51501.54261630856,31826.39519082407,18656.76660269425,24171.26380585969,66656.85394301859
7312,31560.5640633308,24597.3681832759,86009.70905262703,49482.59900770001,78737.63967678018,51248.44350297787,18344.17109591576,23913.34009557887,34085.78298426931,140250.7250141017,119995.4814225939,55237.76373536042,59612.43836643407,41741.42638033325,174424.6682585929,97832.5169328638,49294.52880691726,45214.65833768428,152809.3464854932,48863.18138403333,7971.457144247533,26083.51741224983,67471.06443187884,38018.94177306716,54755.95852878292,2546.045273975677,52588.83738711361,32568.14694644367,18495.71440861535,24796.46927648032,66684.59321731393
7313,32241.33413112252,24758.15620480853,86654.40150041222,54806.31836956995,81446.72374586723,51555.90437859317,19005.64587397665,26203.75326443999,33835.19276731779,142074.9898553137,111104.1337372377,56211.98948770993,61135.75546477915,43741.00067993431,173350.3360682927,95598.01657675409,48781.75314552674,48216.23088775764,152700.2090698339,49773.28504731977,7970.755794174625,25961.16596927584,67487.307572403,39428.98691736225,55349.63665484554,2661.277139371879,50785.93091522528,33987.9603367284,18549.39847330832,24840.90339363283,67038.43572946951
7314,32589.99453952778,24489.60524570876,87074.23426213834,59676.51229491736,83637.84272090349,51247.73080556028,18896.9761790391,26508.02298370045,32480.04058422645,142584.1658767413,110344.6820624743,55940.36171470369,58952.82405771517,44758.41793129275,169073.5704562952,95599.92226337446,45724.0461306853,49029.43129487342,141218.4441598794,49756.04158999721,7766.729343900562,25307.27347227151,64681.14779716958,38829.28744863866,53027.34743629847,2809.936092752512,49807.05783859741,32940.25304853755,18774.87154601969,25045.33000960256,67018.84498421846
7315,32590.02406513107,23984.70977956427,85417.59172934404,59125.34544632868,84671.59829812917,50356.99007102472,17691.3911851365,25595.18052327471,32087.60677545917,137234.0719709374,114404.470265452,56569.70672708726,58508.58444943889,43762.09635434902,168001.8337347865,94191.41957863378,43530.72788531378,49405.4797514808,141309.8261488737,47731.55709011319,6938.674716589847,24484.31424810772,61704.78467595418,39382.85735530741,51831.89737780976,2905.830241853798,49972.2597659497,32716.12027627206,18710.45066738721,24591.71772601859,67143.15465810342
7316,32553.57029326411,23971.93266633771,82441.27873404315,58395.61851289968,83113.96832820849,49119.03978144553,18347.09807133237,24631.41029267071,31273.52577066588,138655.380412971,114404.4677254811,59229.93124868425,59633.92544912434,40641.11981448958,170141.5295311727,98344.49361427664,46421.57152460144,48496.65599099412,143143.5008714208,49813.81148279116,8072.273104830034,23897.39827007256,61718.44430414095,39383.2663447475,53010.50521771256,3121.640099464033,50886.25066275847,31886.39864949782,18710.45066738721,24795.00554197908,67142.31293232879
7317,32238.92074491849,23883.40907969026,80626.13466826914,57457.52133387917,82838.54868851125,50346.38910413045,18298.20052506568,23171.68920696671,30720.26812729113,135024.6722855792,112163.9850949861,57134.52258739641,60876.15739172539,39157.03027752163,170048.3638665705,100427.7127566163,50171.2646964927,46544.09067494472,143143.5918365573,50794.82468616578,8476.973367742054,25120.60337910175,62696.33070524136,37126.20184296734,50843.16038136427,3132.82239019862,49800.79839507463,31574.58766825564,18356.13583991317,24422.3033192796,67051.71970100074
7318,30480.99735323763,22896.32414218274,78487.76570880286,54909.80569674382,81511.83904005769,52155.77651552441,16476.55992943027,20835.23470769589,30097.28473398981,134220.3366159865,107973.4827224779,55407.25273634378,61352.15601513499,36095.66029017169,166940.539891514,99371.39400345579,48384.7449027139,43265.08115341945,139305.5800086897,50794.82166292878,8787.560811225689,25241.86799935879,58818.54366961821,33107.20300046461,46558.14540622174,2919.805403762923,47325.94409955978,31578.52865278722,18098.45232788554,24252.03067964128,67173.58299581835
7319,27720.18903556554,21429.94641138877,72372.85245130186,50698.19411702494,78904.42914865876,50173.06043134047,14664.3329266253,19545.86559949097,28439.58308915308,137152.1401316524,106469.4050556819,53969.26620629329,58306.47495018339,33064.09613677693,159490.4240488916,95050.12415491053,46785.97636889795,39720.02357413474,135461.4175795002,47731.94140676742,8696.534501710134,24076.14776365949,53026.45599635903,30466.59314319566,44310.29259077754,2585.16673989877,44688.84247245535,29895.09098432466,17692.37936391922,24089.74607170564,67435.74582513375
7320,25447.56900136322,19992.26375427587,64211.2686791924,48633.10806420771,76277.44447969618,46639.85257945925,13413.31049267009,17787.36060828609,24397.43179913127,120549.6427892766,96605.75863078759,50257.47063711887,50908.23454557472,30810.21704453398,157871.5548720705,89928.80039620512,43378.37983446665,36065.10777054144,125452.2411157829,43098.5755977079,7966.461691434897,22822.82518302852,49931.12422094505,25874.27762189793,41074.21283837978,2257.234871808562,40367.60148142458,28974.58502216116,18285.26804219413,24035.86702359754,67149.2023754263
7321,24234.49327796928,19137.5296155902,62029.87427051946,48372.00326891559,76097.40498135386,45203.12187492981,12771.38004912507,17023.20020734953,24406.60756931485,120352.5822395435,91509.0294731006,48461.4931864574,48398.35147936153,29952.86638432735,155073.2705207367,88553.76731605947,42200.68885656435,34604.48139923621,121377.1414471478,39027.41941546727,7099.797533995307,21732.57417864202,46102.09349373318,24395.19018918748,39546.89305392635,2151.393004141771,39181.53462645321,28593.25456045864,17989.72761528621,23945.46669573224,66480.16062861499
7322,23366.53972855921,18722.36834893563,60721.37669526011,47845.49039509302,76133.83633371364,44472.40353048169,12651.18876495713,16411.77172566247,23685.05240679818,118943.5086248265,89094.2614047792,47803.14535806291,46303.4174505024,28956.64208152167,152131.3856773235,85354.3418423302,42035.42174792615,33255.54976928786,116510.5619780791,37028.3288514173,6476.403625064599,20813.68244905927,43314.4499568236,24106.58837206066,39239.50267959194,2093.948990634985,37776.59342677225,28594.11521211106,18394.72745881158,23643.43090061294,65852.82186837615
7323,22847.80758524632,18408.50699848219,59438.52032666704,47246.88926794745,75839.25806849905,44209.45599637847,12201.79589539891,16107.24219005609,23207.63766413364,117433.3419229712,86964.0939473049,46707.60330248841,43378.86371232196,28603.3055969799,147948.9603096314,81676.10332283823,41886.19038986812,32605.16929293534,113275.3469847381,35009.1593893025,5310.924165917102,20188.70977787104,41469.09951568832,23510.46505754219,38633.80455940221,1997.313130034042,37361.00066659631,28663.21464347481,18449.4571671203,23708.31637028645,65404.30055358753
7324,22847.81309275419,18262.06840849407,57192.06910849886,46588.40643850771,75601.05125799072,44209.45600901808,12322.15352583347,15806.56604389278,22805.40438533837,116529.8914554678,87367.73034146668,46532.36224695906,42511.47368659571,28603.4958595101,146100.4631367366,81150.2285775933,40291.78931931337,32251.7244349701,105411.4234161499,33321.10410502984,5012.025707644932,19584.3794762242,40073.99484964879,23810.8256925058,38627.60045623358,1940.087131737174,37352.65827182776,28518.1787214929,18208.64645107214,23626.35636027618,65238.39627843176
7325,23182.14394925137,18322.86678643641,58117.75836615786,46588.45846691114,76276.76273683473,44484.4726492773,13630.06412996582,17524.00858682661,22976.82212582435,117644.9119329486,90883.69658648693,48290.51550786877,42123.96417959534,31642.00125702561,149018.6074996862,80095.33057180971,39729.90795800107,31802.38376308214,104053.4900578588,32972.11844841183,4906.340446339354,18942.33136630806,40075.16368138922,25339.74357664684,41246.82063111115,1937.260481274149,38396.34244256833,28894.24085571825,18427.56528430702,24041.23647329568,65270.02219944815
7326,24615.54951102621,19001.67283459877,64030.10917759295,47937.45164417782,78799.84621999894,45270.95164576727,15377.20693783062,22479.71159564895,23304.11232274463,121689.660543374,94461.16668837318,52686.67253819434,43656.84682807847,34747.09569201642,152361.316157689,80096.8770017464,38967.23158728873,33011.68417080903,103017.739879152,34318.5913975652,5058.500329206488,18671.58230197156,42369.18484286625,29592.9659847408,46927.79436289614,1937.288587045288,39723.69186256062,30214.11203347416,18985.80831262743,23992.92511587992,65240.07676434491
7327,26667.59029376652,20096.10036979576,67889.78663740656,51700.14927268952,80411.64427330912,44749.53624592066,16135.71031722599,23099.7043374137,24380.4007129784,128159.8546874876,106184.5720508594,51752.762322733,44215.46050300259,37373.2714793261,151224.3446039119,81149.31456463445,40144.46064506919,36448.45061654371,106014.9682591296,37019.77636109675,5012.675483458925,18495.89538735901,44286.31805138543,32478.82678611411,49654.498222236,2120.508486891302,41568.18520817698,31021.61794470723,19773.91611431386,24135.75637285281,65516.63746441485
7328,29255.82698714373,21522.57475451312,69138.63509609885,50966.75159292778,79171.94011340049,45316.18632715271,16576.07116224199,22208.83992362842,26447.72759255785,131196.905512784,117902.2242207006,51332.88322875483,47040.45853697054,39878.31228776783,157993.0229081058,81151.90109992413,41278.4085167341,41680.07143645548,119204.0309148629,37698.68493726941,5328.166819305457,19442.37537902469,49508.39174457938,35866.29324894516,54503.45195093854,2423.796294307866,44463.22299175777,30149.95194230134,19708.24046587402,23518.34426509086,66210.92089833779
7329,31155.47877193853,23296.55749333262,74435.4596036435,51013.34028144948,79865.09498866236,47467.48925759537,17862.77126135001,22522.56648211926,30060.1052994817,133726.4406525736,123094.285290933,51838.17453643968,53265.74225830047,41501.64951168791,163442.3795279487,88496.6949563464,43945.91440105193,45113.7411005876,145440.6525808644,44840.56999905725,6747.02224628313,21527.58124039205,57419.7509658754,37336.37580618425,56945.58958465054,2727.567068253399,46743.31763498126,31489.69836261486,19117.15961205815,23138.56221524373,66436.06009041521
7330,31850.78681083218,24173.00522099994,75253.474367802,48636.92205132786,79722.66872066607,49613.05287344746,18747.66291829483,22843.51371712297,31740.84461378457,136862.4554594286,121750.7838053105,50066.73260536684,57228.03723442158,42854.84650104283,168794.7614740033,92164.22569942402,46060.43619577657,46191.41553083463,152127.4233757474,48149.90768927264,7649.845712725672,22948.49648354354,62077.62314344032,38190.97129090616,58820.53254165807,2783.459260325783,48254.16911437808,31841.0918733456,18646.48412009295,23332.79071959135,66599.15403554302
7331,32553.55710795741,24864.47036292133,79480.88938370188,48642.82136563955,80571.03539216726,50690.51353153743,19427.86474619848,24181.95258072861,32477.6797639775,137776.6303105908,116459.4542083802,52490.4099890357,60110.78577545701,40948.83994455987,173402.8627861319,99020.71814485284,47498.03720365097,47528.31570241084,158120.381309471,49114.28483899415,8071.975224839031,24344.33375898387,67720.01554505133,36870.20776087049,55120.69993310413,2857.246434034512,48400.81730933798,32557.18061211473,18361.88963586718,23329.22130283368,66957.00616311676
7332,32564.10794196335,24384.75630699711,75515.94684766482,49502.79965483262,79119.13994477446,50683.90275864311,17440.26012237325,22290.40356789663,32703.57360444182,131010.9636255211,123240.1540317339,47581.9866546747,58061.05753027427,38096.73644283845,171184.4396879655,102218.7945078733,47558.4983326482,47025.66589762391,148622.4707374452,47551.06723192668,8071.983171128259,25186.23226332452,64414.95610674933,34828.67102461091,49641.87608030942,2746.792712248398,49464.37372482972,31395.20151060462,18361.88963586718,23608.05048151614,67046.65116273076
7333,31509.99851357551,23959.47367448589,74724.29643557518,46572.18498601962,77386.30129832709,50151.90679396835,17416.55443803503,21605.41101826305,32927.61351534676,124144.9924109353,125871.3436919439,48835.61566202276,57708.25624488448,38455.27841372436,172293.6803511623,103623.3641134329,48902.93033469426,45475.62670795009,142748.662170696,46468.37133764884,8516.104844459986,25963.57200227051,64990.56833873237,34672.52760026156,50253.82213263499,2576.988700748462,49837.93059363499,31336.32948808763,18646.48412009295,23802.59774325726,67126.34482099843
7334,30823.87257315714,24266.11420531141,77701.73130388474,45906.83887943633,76901.87014725679,50142.15035247996,17878.30005180589,21911.24805967505,33132.33446064402,130917.2041242675,124136.4553465887,50622.21174094198,58855.93358896799,39468.10400840368,176716.0837964772,102307.9089466596,48908.97762281993,44879.62568096788,152950.4425955833,48150.74358182969,8548.115969075363,26168.05447376825,65849.14672707782,35852.60773554316,50872.48870023988,2527.233256511704,51028.04063799432,31300.91276337814,18734.0516538971,23993.27480682408,67021.74849319641
7335,30820.56722658243,24229.64140609267,81776.89196655845,47267.10517399584,77366.90490489053,50444.78903432366,17878.28201295888,22217.72784495046,33047.69999368742,135771.1705663696,123131.1408878737,52948.78628352175,58855.91796527589,40165.14357014284,178950.2141085454,101207.0666951455,48915.69780967387,44444.09572321227,153998.6494725719,48152.93687792243,8388.547418391237,25900.21056797556,66827.53777200288,36729.90105340208,52719.04659899572,2517.215021404524,51581.81771652334,31627.0068012724,18580.80846910208,24278.42165546341,67020.47932187704
7336,31525.14877158451,24368.32347357077,83530.72071040892,49320.8192850514,79033.48602423731,50953.35054595781,18311.11753761371,23891.86239336543,33044.10507779712,137190.7319974591,117599.3771169654,55052.68282332435,59072.16329962454,41580.92514631837,178953.485730054,99577.22439793077,48858.59115666026,44998.49643102214,154115.0699480053,48936.23261446105,7967.183060528343,25748.9305524227,66811.70842066413,38767.29793452965,55739.59545328696,2525.96387908832,52650.43295397159,32397.38445377306,18416.61934417591,24986.52566410383,67053.26603336008
7337,32205.24889450393,24521.2259183083,84176.35055114214,54776.23297933264,82045.29800406563,51230.59733970981,18969.00450863556,26187.90348620312,32815.70101303433,139014.9812001493,109239.1347474528,56006.2469808507,60529.10299683004,43556.01289951772,177839.5862436188,97302.79613024539,48364.24149853108,47863.48632126413,153998.6405805161,49837.26422677964,7966.459549844691,25632.08398164924,66827.5387779295,40167.60808524077,56356.70124966631,2632.239549467118,50878.5000988845,33871.99169037178,18471.34905248463,25036.85148170239,67471.49371419127
7338,32553.56618668852,24265.84558716444,84596.79375629997,59766.90225172888,84481.2646296666,50952.70788508738,18860.92423284043,26492.92084648821,31580.52802521525,139524.1528566621,108525.0472667203,55740.37994961828,58441.29119015936,44560.97098157184,173405.3087810058,97304.73586925991,45416.40966628881,48639.68310020601,141749.7283440588,49820.19265484773,7755.986460553459,25007.61160868584,64092.69130680442,39572.04895947288,53942.77007261723,2769.344245932948,49916.44388993404,32783.85098147647,18701.21382840166,25268.38385472734,67448.33823775579
7339,32553.59568323572,23785.71186591744,82937.7424392349,59202.10103490284,85630.53772430039,50149.49995750935,17661.87827333606,25577.83538115848,31222.83857443296,134174.1048145722,112342.3328511858,56356.3776740467,58016.40898994524,43576.85023884053,172294.1003536122,95871.06488660582,43301.90578787217,48998.61996028459,141847.2159665595,47815.88852265962,6901.767729218019,24221.67920860462,61191.96582885893,40121.79700305339,52700.1452764705,2857.785190163982,50078.80767716512,32551.06841286347,18635.53817741078,24754.62527220005,67595.26729468869
7340,32517.17778547474,23773.56138461663,79957.1018380769,58454.32264255797,83898.84963935742,49033.2026467593,18314.02863725797,24611.69700769604,30480.83271002628,135595.40107243,112342.3304629346,58960.18356672637,59092.71409878682,40494.09280235584,174512.6004323039,100098.3495046767,46088.87028792558,48131.15104445164,143803.4065803576,49877.38668861262,8071.1845105617,23661.16992731935,61205.27832800203,40122.20316881824,53925.26322798715,3056.821604379983,50977.09637075983,31689.32593066415,18635.53817741078,24984.86784708745,67594.27240852744
7341,32202.83788330985,23689.37928767738,78139.31852431287,57493.01949167252,83592.65309869431,50139.94074423957,18265.39630890508,23148.38914585526,29976.55805738753,131964.7240693067,110235.6781894585,56909.21479490335,60280.81671529283,39028.17724737912,174416.0035073575,102218.7933399911,49703.82255104022,46267.43467671565,143803.503623276,50848.62100399885,8488.672117965772,24829.34023139202,62158.31392301709,37880.72150744027,51672.3908337595,3067.13477114252,49910.2919825525,31365.48145044099,18274.32210206302,24562.74751973217,67487.19483662536
7342,30446.64446158204,22750.70426282244,75997.84034278287,54882.28030141581,82117.68963832708,51771.52023369596,16453.63620330255,20806.19359144411,29408.73086508629,131160.3952948865,106295.4863620839,55218.5772641589,60736.07405535295,36004.2964287303,171193.7194121757,101143.5994044407,47981.49929002459,43137.6322240155,139709.0573068148,50848.61801089795,8809.073216143259,24945.14887809674,58379.07221285725,33889.46995239433,47218.28100109611,2870.67415707811,47477.95524953095,31369.57452657998,18011.61950065053,24369.8977377717,67631.23237145842
7343,27688.5530515171,21356.24254975506,69874.03590533207,50566.48491002959,79218.91346639211,49983.64502466176,14651.23863166054,19513.65629008636,27897.79480999705,134092.1736776483,104881.2515034365,53811.08786988337,57823.10626067923,33009.8564453784,163469.2182886818,96745.11351073529,46440.18066351968,39753.88788482624,135608.049440245,47816.26900838731,8715.170741514206,23831.87707098226,52734.17755448764,31267.09094406111,44881.72362948117,2562.044697557091,44886.15856560426,29621.16914791253,17597.63715790056,24186.09515314974,67941.09833820388
7344,26487.11075653477,20352.35699932963,62778.82555872621,50342.44601056068,76285.01524949828,47034.04787003979,13477.32040964402,17664.56295320615,24604.25149534658,139531.502896666,124399.1076271838,53570.19710546415,48617.38964087053,30419.60092101316,160309.6200710469,82527.65335692796,42979.2076978456,37629.81634437618,145373.3857100203,40756.1474992979,7316.951099561573,21020.35617918082,47996.64130782178,26569.54233405106,43658.06713342814,2353.726808494074,40238.78856302779,30785.345362322,19032.94361920986,23878.43155727854,68070.14856864673
7345,24828.85191843705,19211.76504711953,61009.53222673311,49296.12815769367,75381.40770386334,45108.24115338008,12903.00874502515,16721.54911780665,24162.50627603538,138849.6009332276,117732.7644533425,53179.20621664649,45451.29071037882,29009.58695827582,156070.4239736506,82033.26418940508,40964.66956659385,34879.1238599444,138473.2662884387,38664.46111965366,6513.080854744908,19997.2896233439,45044.02318313727,25096.718129398,41569.39432152759,2168.313629784756,39056.22962219157,29001.9442835965,18836.78065339141,24409.35224682857,67409.66040260758
7346,24170.1702356845,18880.87240071674,57579.19042996457,47739.13478592202,75204.79516763121,44682.03540004566,12196.73419025434,16369.77670184763,23124.13790113326,135080.2440558125,112752.7291613626,52414.65806391936,44086.54007281682,28801.51716270532,153227.33804525,82497.50819443178,39996.37842620099,34487.08352825401,131094.2845742636,36016.93489393517,5896.899922881278,19300.80911487862,43083.65297315644,24628.95947945419,40540.51569648518,2074.741064092382,38000.89772675322,28881.62090355319,18528.4630735593,24223.36234367869,66478.32728666875
7347,23933.83376767649,18601.49083362261,55351.5838993412,47768.61263792201,75160.76033872068,44822.99282774513,12359.91006640858,16029.56544226331,22439.66738831879,132706.4107984916,108784.2622796538,51784.63323053881,42371.40373831178,28603.33193146362,150814.818691218,81715.31536968672,39063.22564393761,33551.52612381066,123372.8707736649,34472.26404980941,5393.204830297242,18804.50083450866,41081.73924803267,23923.0104544131,39709.10441182648,1983.819565629291,38011.67349360302,28772.32109354012,18588.46192132048,24409.30436514028,66210.98040114672
7348,23262.54159377251,18276.16822797047,54216.03425076364,47479.01288177724,76122.61323413509,44815.62976042622,12512.05615076696,16351.54453514364,22426.87922935008,131724.2433607391,105465.2259021779,51781.70791457874,41902.34571617545,29610.19679993463,147442.0325388007,81465.77517701703,38968.56405693814,33217.4530358868,119536.4636877785,33702.90254532361,5035.427557267495,18452.40056271421,40099.39022168931,23929.85904658141,39126.43952905221,1896.4533193425,37485.90145355722,28353.41644632119,18551.42388293019,24586.36018581539,66207.99323658585
7349,23900.6825140954,18435.43980052567,54136.08723471141,47479.15048861637,77363.65496469324,45564.50003323882,12998.23485164861,17640.85019054935,23323.76076980068,131639.014545403,103226.6986925091,51782.69377483769,41750.47812993792,31764.74416785214,151369.8802361908,81195.34978505652,39431.37982598082,32156.70278021876,114809.8290813146,33060.2902746699,4835.575402721634,18089.91574385434,40073.87631586353,24629.88777136178,40340.32366052875,1881.097253825924,38025.81156078102,29420.30534893996,19077.27237168129,24852.03113777469,66021.55287976556
7350,25259.99990630876,18919.55305360185,56748.49902153602,47580.26813929132,79243.15899094396,47354.82413818973,15004.13122006077,21648.19980587688,24752.3691902888,132951.0239281734,105463.1465272596,53541.26824422648,43309.43118849066,33651.50724291021,158963.6736519361,83051.20395085434,39392.14490380191,33200.98259939913,111884.1844599054,34582.75363099671,5089.275322705672,19087.6864277545,43475.91229818675,29040.79182836937,43620.18247376606,1897.188429437254,40194.94893898631,31116.57807818043,19412.58074307521,24940.40314477061,66175.50053806305
7351,26880.95260210652,20397.11507571945,70149.85802447882,48702.56126225062,80760.54366025663,46581.85152305989,16053.96875783265,22831.97234502761,25347.53733234204,129379.3436073673,99000.91612145011,56783.8955438479,47308.23820045191,34965.72448105006,162834.3579022463,84942.4941799382,41952.97139008142,39856.65152455628,108466.4272007994,37825.05554370822,5461.549770764776,20285.11685838346,44056.41229109707,32902.97398715182,48922.12032996224,2093.957787913033,43719.86418303177,32423.87386298606,19703.85559404278,24444.86281998638,66106.02181736403
7352,28825.03015277178,21055.208522574,67834.0990602608,50343.44737698754,80401.8859460224,44905.37016732062,16488.4631366086,22076.80895350369,26395.24532109081,115853.3234353726,94331.86318984987,54376.46575770935,51580.86261496112,37085.33523990921,163120.4180031365,94594.76184885943,43671.54125457126,38962.34824950188,105213.6808669181,39291.21663987626,5825.442417870987,21306.76352433963,48643.83255581652,37390.89361009385,54225.03579728142,2353.04626794529,44720.01722490831,32130.25098537717,18831.33372962891,23711.24433569682,66557.09235610333
7353,30278.73971959133,22115.93515143423,68499.70063575072,53205.86033767416,81259.06223673288,46201.59055833074,16535.04368325774,22154.09655160642,28315.62333319904,115167.3493491563,97717.92445975856,51760.41536919356,54867.25940784925,38916.92495674465,163120.4179827678,96900.5818359489,44553.91475228439,39329.93609252499,108618.7216464834,41923.21730384594,6760.064229856368,22400.52102018183,54802.83314037351,38772.11033301806,57394.68222527159,2629.731634628341,45400.01475328374,32874.55829479595,18129.19007721691,22935.4068152193,66668.04740271124
7354,31163.39869017245,22858.45472453908,69249.54746320985,51495.72795562833,81856.584610646,47506.13945012198,16667.94804988816,23180.66090051107,30358.44976514473,117570.1161104259,103681.2567832288,50955.43652449243,56744.38341066724,40124.59599405825,161553.6292755758,95735.07992305628,45414.26116209834,39327.60306713537,117421.2076576977,43703.54341980998,7624.641816647556,23688.86167589159,59626.62557143159,37354.51302612974,58660.68155587732,2793.00222429983,45612.40463978335,32093.71343822767,17569.48738340518,22550.08625186067,67199.41334603055
7355,31594.15845816358,23087.19113575985,73040.29352154718,50342.44571959906,83656.69315867651,47163.59791009691,17146.07411789288,24365.44746362387,30877.2707835761,117987.9730600487,103015.0785560965,51062.31928000385,58599.03302121048,38597.19703679544,159196.5902756399,96737.65184904056,45993.06544899809,41956.23642228526,125279.0129387478,45459.56027853089,7564.043061855551,24427.53946382117,66339.04241735832,35909.519524198,56723.5597536522,2839.449781989772,45922.1465214317,32424.02588580157,17585.90138506014,22637.74852331664,67047.05990966507
7356,31175.11676520894,22478.65967042109,66064.32407064748,50342.87907555897,82189.18567568719,46274.21065849422,16277.10954426751,22840.23528811899,30531.18941518748,115608.7817464413,99006.0427965993,47404.52609651817,54841.09008828261,37296.75647221553,148149.6946730677,101406.1394471024,45307.93673136041,40168.74744334831,129106.869743344,45487.46116728691,7293.463180848853,24447.0690946863,61900.096103462,34294.35876413888,51395.49984676501,2790.8937261344,45468.65287143087,31953.06773508839,18183.26387562733,22993.56377704362,67080.5500747654
7357,30742.98726832031,21644.2080572088,55765.9641427522,47985.02435956861,81202.21920031622,45859.80996815975,16404.51222983672,21815.69421260249,30500.76064490352,118111.77988065,95613.16825448458,46512.25435962225,52364.93379503099,36445.98686989742,149732.0576920263,99357.83672454777,46002.76237034507,37629.77720621099,130897.1573841884,43989.22646587119,7361.304546112753,23567.12091303433,59756.87925341398,33922.84415451762,50764.31701834375,2569.189214741775,45211.51260107023,31723.73970633825,18489.84308797849,22639.80177343698,66407.61018832965
7358,30104.45535771563,21414.20225219952,58680.10661880567,46983.34319931545,81541.40252015732,45448.0293231254,15680.87483331796,21966.48566030118,30122.95384506917,118329.3884066461,91655.2384837229,47011.98528118721,52912.20382269952,33969.47037967751,156065.1450114288,96006.67349647531,46031.92231846815,37119.95276122758,134847.5500857297,44283.17021365235,7564.507004615022,23409.23901833708,60845.62441797579,34076.96912698968,50729.40284340709,2542.927481225864,45723.160541661,31530.60724825769,18603.41113673792,22639.61665975667,66072.73753100011
7359,29684.29266446779,21360.15009025792,62203.98598933504,46440.79542746538,82015.62286742189,45578.98431654085,16275.9601422534,22495.73035332274,29603.31455711919,119239.1863641512,90919.77131620477,48545.21769577047,52868.28199789085,33640.49634281632,163180.4210005709,95794.04248567588,46960.4668485102,36609.98550948509,132933.8741611882,45458.94936718751,7626.393167528703,22805.42651445758,61817.78342404682,34527.09579781258,52659.18657038354,2487.894774296671,46775.04882720208,30971.54288820699,18527.7318977089,23171.09062354164,66288.19059102015
7360,30744.02114539406,22056.43065637446,66148.53624748944,47480.20576740291,82397.81582299402,46868.31677836664,17303.03323381095,23946.79157969619,29677.11773984432,121544.0792972479,95661.07639605926,50954.63350145037,54236.65817217122,36375.53261611481,164684.9984383461,93358.64352584252,47351.84061093396,37968.35785640412,134848.0713711329,45760.85197926096,7685.282771955461,23612.29948446581,62806.45129679264,36864.20407322333,56448.51969641832,2543.551831679154,47747.63446650492,33329.57663931833,18502.18623952429,24134.84563476868,65487.71738739855
7361,31980.02536118648,22921.60951488585,72822.54488790507,50858.73951227277,84639.59375362088,48971.03559831082,18287.56056436841,26930.71547645772,30864.39750160043,125043.3901378066,100341.5999931876,52799.78274687003,57660.51661382452,40938.11656168625,171720.5933088715,95440.93099264344,48883.28510888541,41722.67204246043,135724.4466790336,48681.73312637742,8125.759678207539,24602.04584541164,64779.78739380671,39007.43649266076,59286.70715240746,2631.601124798806,49010.2945976671,33944.44780056296,18829.54479846125,25383.42026677648,65454.29015622466
7362,32892.36086748711,24005.78534642539,83721.56215220325,56192.1006407611,86053.96406450102,50535.46042791204,19214.83621624997,26237.4801086471,31840.26585727688,127155.964570581,103679.735505523,54116.55133356863,60172.31772466842,43120.98136304646,180361.5612548725,104633.3091666245,48486.80734178632,43812.2549420264,141546.8749475207,49571.74908232574,8306.828021978503,25156.93120731923,62927.45162161156,40663.99921086046,57754.17786125168,2718.663960050297,49914.58194832314,34371.2388757073,18208.71671222703,25210.87223192012,65825.07904889615
7363,33296.50769088371,24506.39589233736,83288.2459266725,60249.37305827082,85667.70899139646,51271.37868349153,18796.37454411242,26207.48006885553,31765.55105711328,126769.8273141762,102393.6702039101,58197.68478324807,59057.43233133847,43770.58368456917,171885.4373715391,102623.5478592507,50073.76711657287,47825.3285670866,145375.6481877682,50457.67759038396,8809.235539602681,25650.22171547708,59870.83253348773,39508.87571215663,57065.22941596738,2746.739653238246,52281.2515108642,34333.83663043413,18936.63862537242,25719.62325309204,66796.75090057796
7364,33296.50769334987,24046.26324510139,79971.51619791295,57891.32757495024,85781.9439336531,50281.34896783686,18306.67792849536,25215.45929938383,31174.75194187001,126384.5473467773,102250.0008210278,59431.98919572403,57207.29091333188,44174.72295349011,166894.6935460892,100130.4146146238,49144.25965136413,48503.57534425885,144417.6212178103,50456.41148536569,8799.047078115993,25719.40881832616,60832.0683833141,37829.09511361248,54870.26066597787,2983.197858518635,51180.41419005697,33740.44155514778,18505.5742703662,25039.61656326853,68343.09266848332
7365,32869.08265504614,24039.67892102045,80013.10653115476,57370.87303522103,84324.80117154492,49501.81459063241,17279.44624561769,23687.78473703529,30499.54284416308,127096.4544254219,99908.59899509654,57432.30689346547,56573.17094284732,42996.22044677171,165470.6338819244,96930.7863405413,48151.25701361016,47167.45158302255,146330.2610924621,49778.1036513646,8554.711039956184,24971.41830364744,62207.88850381006,35941.70617091015,52654.57951259136,3012.366302458839,49201.96662382947,32687.124665094,18276.41681258106,24675.37956599124,68513.6549075108
7366,31348.22221843959,23402.82946703607,77607.78825329989,55975.05567181965,83095.94911665938,52102.33892870116,16045.62862247618,21306.58363925347,29171.9605537563,127109.7424050132,94995.90271555167,55241.34541815222,54840.65627728862,39298.31071605751,161486.400694046,92252.46312223538,45508.48985157316,44296.36823761196,149234.8888920138,48372.3340251724,8307.30738212283,24047.73735859396,56237.11506656064,32204.36631370128,48872.65681790135,2933.868527331009,46134.49614164202,33072.21884567634,18111.37617379415,24755.32990723526,68019.3353321674
7367,28839.62097717975,21940.53106537714,72458.11935456957,52728.95048040996,80668.76870011889,49957.80232515917,14375.01955195073,19783.77061524082,27473.52896405051,119957.808873342,85716.45738697067,52841.96957874167,51877.74147359798,33972.6251141389,155892.7369776505,87578.58902499796,44022.45658902419,40701.79621879465,151875.206443466,44366.12814263562,7812.121394696122,22280.61303449806,50963.93644313449,29634.25237194271,46026.31187323337,2607.105546783259,44235.15038999376,33136.73698819945,18874.47438160664,24682.45238017566,68191.6212545894
7368,26475.35872432929,20207.61689777138,62299.7568089799,50055.81304095274,76085.30345029681,47151.8082081746,13435.57260775589,17729.78252439928,24063.47108986363,141759.0308506942,123844.5961900581,54053.85881929874,48847.05379701169,30476.22210381967,160744.0369677536,83333.13503294715,43674.14181661189,37552.99044851933,146175.7711138238,40528.5398674422,7281.980061051626,21417.39858100949,48662.94938273857,26581.8597444703,43600.20389102466,2321.124950471483,40005.57637534275,31000.28132743419,19035.21251678398,24020.07131529443,67593.31637737135
7369,24809.19758122862,19101.85431801986,60440.50802871036,49009.36805279164,75147.17994496023,45216.86592141972,12888.96906754249,16748.03699862273,23608.96780568803,141021.180524296,117114.4420933095,53658.63240995254,45725.60920689796,29020.73803878342,156422.6930432495,82853.91570397554,41615.38806678389,34766.88140425175,138636.8145501206,38404.60922136586,6506.131960350886,20329.56158076507,45461.77928043457,25085.27159586031,41598.43761260226,2128.747273212808,38830.94100646568,29139.11987692147,18829.81722561327,24553.70509391173,66819.20742440478
7370,24147.37700155762,18781.06588391057,56835.75878435263,47452.18549490438,74963.82117114644,44788.63834912447,12216.76929208333,16381.81650164235,22540.61026395173,136942.5572742782,112086.737391009,52885.80207089172,44380.10687484961,28805.95841257305,153524.5133362329,83303.9148446984,40625.84461497028,34369.79335459809,130574.6609512231,35716.27021327297,5911.430503546186,19588.98682271549,43336.38471851213,24609.96568378739,40612.36907929013,2031.659930401781,37782.68021583695,29013.55012191604,18506.98881190917,24366.76475280984,65727.66129184345
7371,23909.9142902813,18510.21557520339,54494.89497726626,47481.66692867956,74918.10430185526,44930.26444541361,12372.07261792213,16027.6320036236,21836.37152543051,134373.9568923443,108080.2839359054,52248.95231347428,42689.16065043181,28601.38210792577,151065.2437922508,82545.72282669997,39672.21074731379,33422.19017441578,122138.3717080223,34147.78758802521,5425.293737776567,19061.25721623604,41165.94950012677,23892.62620697714,39815.55156740079,1937.323234332136,37793.38378115743,28899.48458984286,18569.8114795539,24553.65696754039,65414.32393279358
7372,23235.42312513276,18194.82709382725,53301.61104809733,47192.03198404015,75916.6980101782,44922.86644945048,12516.87829306906,16362.83549901553,21823.21403102929,133311.2050550136,104729.4774006553,52245.99530819309,42226.71817538909,29640.71633470132,147627.0992446672,82303.83952597584,39575.47150263198,33083.81572617085,117946.7766624756,33366.56603722726,5079.988236616571,18686.86544155743,40100.90613848517,23899.58530083329,39257.13049383053,1846.675332988446,37271.13460365115,28462.31474053355,18531.03026186672,24731.61757158677,65410.82289984645
7373,23876.60505694998,18349.2351138106,53217.59931901117,47192.16960759948,77205.14499600112,45675.28918514022,12979.60091468712,17705.09582546844,22745.99845026275,133218.9834269997,102469.522778164,52246.99184806512,42076.99251428938,31864.74350339811,151631.0614095502,82041.71186747252,40048.44527523765,32009.40777335443,112782.5337250021,32714.04761550372,4887.102736095625,18301.43167311598,40073.24446702154,24610.90895363793,40420.50673277853,1830.742462215857,37807.42711817972,29575.72244294056,19081.62758286496,24998.64614431591,65192.31005309185
7374,25242.40017168913,18818.56537567695,55962.83287660552,47293.29954481076,79156.44223108729,47474.10616282465,14888.72121264058,21877.03626513701,24215.86657905702,134638.6399219501,104727.3781217463,54024.6165779053,43613.95825594582,33812.35087667157,159372.0085814035,83840.62099903588,40008.3492145541,33067.13322446592,109586.0227120695,34259.98041475092,5131.958920705913,19362.37131727999,43761.66451109324,29092.98272423312,43563.895555057,1847.438055323195,39962.03049261407,31345.95654836929,19432.71709809063,25087.46974630658,65372.74062960167
7375,26871.07739293683,20251.00823147106,70045.55162630351,48415.72903461684,80731.78789060072,46697.46674902488,15887.90850091527,23109.42899387782,24828.22380076428,130773.9120991867,98203.29058145065,57302.37056432921,47556.36649663112,35168.94896623591,163317.6995766903,85673.87887362367,42625.38140148571,39808.49726024302,105851.837555637,37552.26383890892,5491.25623930731,20635.61118640187,44391.03110820123,33017.48099656322,48645.22775335731,2051.598473707451,43463.32753157772,32710.25342366155,19737.70067424923,24589.39713173972,65291.30979934722
7376,28824.41929570552,20889.0059887772,67612.05348794209,50056.81452905302,80359.43018540142,45013.03256354099,16301.44035177777,22323.24935045322,25906.19069418268,116138.1155567433,93489.54499468712,54868.86160711032,51768.73024680191,37356.91289079844,163609.3029964484,95029.97633532906,44381.67089433405,38902.67937727387,102297.9406118861,39041.02645386934,5842.463938481089,21721.93840339729,49364.62131797233,37577.81297534913,53727.49688585258,2320.418847426564,44456.77918689013,32403.82791606634,18824.11394473397,23852.02974045057,65819.9759593355
7377,30285.05640370185,21917.34203066044,68311.4959687324,52919.57529391091,81249.34885686146,46315.40191650999,16345.77358279508,22403.71132331837,27882.03123575717,115395.8590000043,96908.0179915382,52224.47210522574,55008.77603037903,39247.56767648782,163609.3029756849,97265.04453570866,45283.41096020074,39275.00010007583,106018.2319527129,41713.60056684379,6744.505732387421,22884.94179402077,56042.08778968665,38981.31556015163,56765.25909442912,2607.497082881438,45132.22048625907,33180.58872895938,18088.92420425919,23072.22756699152,65950.01809994048
7378,31173.93114859307,22637.18785903184,69099.46694795493,51209.2351182364,81869.69536308551,47626.1392786916,16472.26587223556,23472.43896932568,29983.85663585488,117995.7668080451,102928.4319457076,51410.77309716714,56859.42526535378,40494.18366545526,162012.1527837028,96135.30488665828,46162.64048178579,39272.63703580185,115635.6828454595,43521.37119369518,7578.9449754687,24254.84742352666,61271.94802150175,37540.84539250512,57978.58209747329,2776.900450130199,45343.18728381916,32365.69724817444,17502.87934464548,22684.93795434094,66572.79251918827
7379,31606.74366914095,22858.93952373933,73082.9443385216,50055.81274995577,83738.5643751056,47281.97280288123,16927.32436667366,24705.88737026393,30517.66174900147,118447.9078828595,102255.8769920274,51518.81369066934,58687.91708461855,38917.52917691875,159609.438701085,97107.11389295844,46754.14851908018,41935.11537763634,124220.9911684705,45304.45782540064,7520.458635025872,25040.29097495924,68549.41744490652,36072.5369935955,56122.06101920891,2825.092673169197,45650.8537830039,32710.41207502003,17520.06586420654,22773.04819393036,66394.23041138696
7380,31185.70506521521,22268.99031213118,65752.29856133343,50056.24615857164,82215.00110839766,46388.36650919683,16100.28368210236,23118.03131454925,30161.58518801487,115873.5098294243,98208.466329662,47821.3964173108,54982.97580025934,37575.15203081007,148348.4745701433,101632.3536049558,46053.98241417007,40124.61157216515,128403.2443178387,45332.78881864055,7259.310908610437,25061.05702867786,63736.79975249989,34431.31569646599,51015.69366944847,2774.712752457392,45200.3987042275,32218.91907023923,18145.54296266183,23130.68172012975,66433.48173786563
7381,30751.51628843208,21460.01970111157,54930.34338381272,47698.10494593779,81190.33453273943,45972.00000031922,16221.5397234733,22051.41004229986,30130.27760295699,118581.8727456827,94783.1148432625,46919.45889185883,52541.74296593155,36696.9468272337,149961.5008754225,99646.90100867061,46764.05827103535,37552.95080643048,130359.2830377839,43811.45816968674,7324.787389085159,24125.39924098321,61413.16648419116,34053.80671743232,50410.77340895858,2544.680565768289,44944.98136653891,31979.59181417583,18466.55119336949,22775.11193648496,65644.77905145386
7382,30109.94150309893,21237.03740510987,57992.64839913246,46696.30207407607,81542.47396151922,45558.26596561499,15532.81479041717,22208.39483249739,29741.55934681752,118817.3355109219,90787.29936141621,47424.60329142949,53081.29435225934,34140.56768236565,156417.3117844445,96398.56488213711,46793.85822945358,37036.56211333,134675.4168851692,44109.93318975222,7520.906405186654,23957.52182798351,62593.56243200639,34210.41848853019,50377.31196031574,2517.432387781445,45453.20108115715,31778.03833856663,18585.46427334515,22774.92587684436,65252.29976799135
7383,29687.77655683931,21184.63579214575,61695.690909383,46153.68837869198,82034.80855592008,45689.84217844532,16099.18973390534,22759.3767904607,29206.91233167109,119801.780131842,90044.79222648217,48974.44488426411,53037.99199644323,33800.98489728989,163670.4687416645,96192.45824184724,47742.78270174364,36520.02877476108,132584.5661635139,45303.83749658994,7580.635275941388,23315.48189501646,63647.55797545403,34667.80793039199,52226.80028960305,2460.332539723218,46498.04133531846,31194.59749192013,18506.22322358285,23309.11575701585,65504.81624183783
7384,30752.55509236753,21859.65457824889,65840.79230301322,47193.22501461017,82431.6005005296,46985.29092752835,17076.71086483318,24270.03635148024,29282.84702765601,122295.7838071258,94831.4815664985,51409.96137514846,54387.06873100525,36624.22056607276,165204.2021241965,93831.78707027335,48142.74643957245,37895.89085409338,134675.9864329948,45610.39407034471,7637.472045357998,24173.43807222138,64719.45210523776,37042.62532947322,55858.4649649829,2518.080190115865,47464.11029960976,33655.44691549047,18479.47527001736,24277.79570945527,64566.64125946184
7385,31994.44939122406,22698.41414049223,72854.12480126125,50572.16927611244,84759.00976202273,49097.98454660684,18013.73888894046,27376.51668605799,30504.41667315165,126082.2044134784,99556.80761718094,53275.09872701962,57762.63741810062,41333.93862820973,172376.1338892054,95850.18162282041,49707.80348858047,41698.5437380468,135633.4996260419,48576.30188629671,8062.594350010729,25225.84537275456,66858.90402512795,39220.43869546309,58578.55971073241,2609.436794929713,48718.31015191083,34297.12786768455,18822.24081829273,25532.75075618495,64527.46369314784
7386,32911.1325622379,23749.48333492626,84307.27628742858,55906.17844709958,86227.4061253515,50669.83063638219,18896.27738728096,26654.80858898667,31508.46912960964,128368.1103330092,102926.8961061751,54606.13158569963,60239.01233910407,43587.19641038108,181184.5479086045,104760.5008400902,49302.6237220246,43815.03107648157,141994.9886278283,49480.03783004611,8237.350825346839,25815.86058157281,64850.63826132782,40903.72996923112,57109.79665782573,2699.769888498508,49616.5384507537,34742.5280112401,18172.19372603451,25359.32097345897,64962.0377192032
7387,33317.20531624981,24234.80712458287,83851.92914446419,59963.94385296917,85826.39689862981,51409.23991354243,18498.00473233529,26623.5763803669,31431.59648771929,127950.2914734826,101628.5204551434,58731.47507965464,59139.85117705334,44257.7470946817,172544.1723267613,102812.4070540985,50924.41451192533,47879.77505835978,146178.2430596593,50379.62331609667,8722.24489978219,26340.38136038422,61536.71237391594,39729.96861137217,56449.5143208872,2728.900162196001,51967.35047255438,34703.49494240582,18934.37496996212,25870.67179317082,66100.86187746673
7388,33317.20531872771,23788.72519138173,80366.56829944644,57605.61184982552,85944.99538198624,50414.51373183772,18031.93392058462,25590.81109597037,30823.7344748948,127533.400241396,101483.4758541428,59979.15044738069,57315.80396723192,44674.91903872953,167456.7170608652,100395.7731166815,49974.50596971143,48566.7546065354,145131.5186086622,50378.3376935121,8712.411598270557,26413.9487055286,62578.86524766613,38023.0848379361,54345.87491844683,2974.240221717404,50873.88915934006,34084.22648270732,18483.0227570691,25187.19016113439,67913.21381415661
7389,32887.74341926521,23782.34192770224,80410.2731927802,57085.09407105205,84432.19274729367,49631.28142852108,17054.26184970136,24000.39151766912,30129.02463085495,128303.7175282015,99119.66188897521,57957.8060151747,56690.62756093281,43458.41220655332,166005.0617383737,97294.3222452006,48959.70864602176,47213.42757470241,147221.2373593128,49689.57344561678,8476.59287956395,25618.60283769918,64070.50217797538,36105.24297022235,52222.38492455472,3004.504292122364,48908.69790627968,32984.98256369887,18243.0801024027,24821.09185493721,68113.11710244864
7390,31359.63543917457,23164.93945192063,77882.66231368197,55689.10710560229,83156.40105781726,52244.14203697939,15879.97074204224,21521.38915740035,28763.10037264998,128318.0957535246,94159.94077506679,55743.1103236139,54982.54810769199,39641.25235620114,161943.6214358547,92759.54870915742,46258.93732759298,44305.37757610484,150394.7857396574,48262.13326173,8237.813475457246,24636.44356104501,57597.10785205117,32307.60132367966,48597.82234361982,2923.057979868902,45861.78058407332,33386.86773258574,18070.27189715761,24901.45075512615,67533.76197002485
7391,28839.07965156544,21747.2941232369,72471.17093143023,52442.60748860081,80636.5073147329,50089.43226066058,14289.96153882007,19936.03079170332,27015.61629874761,120579.3638335958,84791.67164083362,53317.74255980238,52061.42195592264,34143.82415064135,156241.5627999235,88229.08777733972,44740.28821185698,40664.52362075372,153279.5531065122,44194.16995173399,7759.889195617471,22757.44242195411,51880.032009328,29696.0187236237,45869.90953002305,2584.021112859305,43975.16113486866,33454.1990138971,18869.28499288411,24828.20081232572,67735.68545915674
7392,25931.58745183776,19573.44997712835,61398.75738355894,48680.71463854153,75605.43949118836,47685.92168188266,13231.49441714061,18217.4397480265,23074.15480845297,122450.8701406617,94276.32155173681,51364.25800462746,50862.52803839086,31163.79775411447,161112.4134680812,90492.59692898745,44910.92242407324,36091.01441339138,122661.3606896278,43383.84952491459,7888.405571572745,23832.8227888272,50675.67417253205,26757.11113673814,41786.48309301859,2186.275509731309,40106.36768988196,28958.1262602447,18245.0947567285,24132.07339510981,68123.99958981933
7393,24672.37860686098,18804.21212492478,59008.31216167902,48416.2213508355,75408.61836962408,46282.1689005482,12649.01395050622,17373.89950636582,23083.70071998188,122212.5162104337,88886.29273548092,49422.09074911711,48302.29523318958,30294.71136192442,157927.8526675248,89186.30053778949,43559.90173161509,34563.59474286474,118779.2146917882,39170.92617793615,7053.656026558513,22591.13397289347,46553.17680366235,25212.91677484256,40351.15746926122,2074.708746913228,38898.89718373052,28532.30066655331,17928.98665477218,23992.73166864911,67657.17615620993
7394,23771.4168899878,18430.57809461615,57574.41659277842,47882.87564624569,75448.44551698664,45568.22306145854,12539.95373067786,16698.95674753094,22333.03874754696,120508.1759226202,86332.56286871021,48710.15441908516,46165.33558848796,29284.85037350589,154579.8686974116,86146.81151706251,43370.31100897011,33152.97752667853,114143.0650156404,37102.22261241111,6453.218386005909,21544.60654105775,43551.8811847512,24911.61119345219,40062.28195984288,2014.157636360205,37468.60254698103,28533.26174241183,18362.17183071867,23527.1781674763,67219.45095372923
7395,23232.95742662814,18148.11127811133,56168.61951891168,47276.50616166341,75126.4093800174,45311.31107984723,12132.17969379485,16362.79313876061,21836.3655740807,118681.5588286632,84079.81142283053,47525.4369235577,43182.11357234829,28926.67728887155,149820.0994227647,82652.44489173849,43199.11613995695,32472.85566086588,111061.0356274471,35012.7409547048,5330.657310997322,20832.82404972649,41565.09839814183,24289.24753805483,39493.06650082813,1912.294825574138,37045.51003884863,28610.42396609789,18420.71036771375,23627.1916694184,66906.49550481368
7396,23232.96314358582,18016.32046580637,53706.88286124603,46609.47785886411,74865.99912537778,45311.31109219669,12241.39085435515,16030.88320377138,21417.90660916064,117588.7933310147,84506.67573688572,47335.93151537751,42297.32318961572,28926.87015578544,147716.4348563191,82152.85816044123,41370.05496956942,32103.24804655166,103569.4644042736,33265.90364369094,5042.76568665085,20144.55118993027,40063.06936657184,24602.82954057125,39487.2360857828,1851.973522485327,37037.01709800684,28448.46468461592,18163.14080548109,23500.85972389064,66790.73590722821
7397,23580.00856171693,18071.037378995,54721.28422494211,46609.53056246718,75604.6942025387,45580.01515236616,13428.17423045416,17926.73111204971,21596.23916898151,118937.4626281036,88224.9740398395,49237.19575020952,41902.04001268009,32006.96773562575,151037.4011992085,81150.69357405108,40725.47726617941,31633.35937790054,102275.8284245702,32904.76549160034,4940.972249098099,19413.32145093746,40064.32778054601,26199.04780615777,41948.69430136499,1848.993980941608,38099.53549536721,28868.40722174341,18397.29495346142,24140.34978534811,66812.8028725713
7398,25067.92636191484,18681.94465754849,61200.23672022789,47976.0303241779,78362.95628130026,46348.44174428307,15013.51196951195,23397.22514515717,21936.7319234397,123829.7748102528,92008.31554021686,53991.19320782534,43465.67319384319,35154.56584824088,154841.5388862458,81152.16269932123,39850.55202873171,32897.96014550635,101289.120432622,34298.12577296427,5087.528896101935,19104.96485804405,42534.1685512433,30639.48987686833,47287.48925977755,1849.023606929617,39450.8381384519,30342.28613861452,18994.38803463129,24065.88337456248,66791.90846515584
7399,27198.00600496494,19666.90015243719,65429.80084908369,51787.55843225092,80124.991298664,45838.99462558652,15701.76940739588,24081.62180661087,23056.43670540505,131655.7765426043,104406.3635379498,52981.26413583868,44035.49298952501,37816.68969812502,153547.6192601791,82151.98983818272,41201.04281677982,36491.88722730363,104144.4317393606,37093.37230440685,5043.391534691801,18904.87471723924,44598.23571887567,33652.38139372068,49849.95715782118,2042.153712815739,41328.61703792059,31244.01500266829,19837.34296954334,24286.04135859999,66984.87850958636
7400,29884.67302363686,20950.68892634852,66798.33091364427,51044.64307024423,78769.73333911729,46392.63813377163,16101.34788676497,23098.21572855406,25207.15747314276,135329.2312320022,116798.3272661087,52527.20752878192,46917.16215513516,40356.02042888214,161250.6490072586,82154.44707485817,42501.88239824354,41962.74596712569,116708.9997174884,37795.92206250715,5347.265009547235,19982.82247003009,50220.54240532834,37188.95840555319,54406.84668813751,2361.846095627648,44275.89840171206,30270.63959668083,19767.09672678639,23334.37148012915,67469.3143135803
7401,31856.56833376401,22547.22591965751,72602.76902206514,51091.83636435141,79527.49772539354,48494.56124474941,17268.8850890949,23444.53173320492,28965.25486544982,138388.8220178595,122289.1740265461,53073.62877249969,53267.32875037853,42001.57849132604,167452.2373024339,89132.08117491977,45561.98535783849,45553.43465392481,141703.3321460777,45186.50423901387,6713.871568666553,22357.66714943148,58738.24829423481,38723.75151257707,56701.88847184853,2682.047568210685,46597.13941893342,31766.71287726488,19134.88052287377,22748.9810534114,67626.40503502861
7402,32578.31885244453,23336.00542089081,73499.17706117798,48684.57812175153,79371.7957929544,50590.87677819435,18071.82582892281,23798.81848745641,30713.79351414177,142181.9782608534,120868.358539173,51157.99419017199,57309.10970755074,43373.29854006025,173543.4644955838,92616.27529611302,47987.71736473125,46680.39029126002,148073.4881154211,48611.08079516827,7583.448868445,23975.95005741534,63753.11162768352,39615.96484630187,58463.89908460271,2740.962920649032,48135.2555823693,32159.10835927839,18631.44910417033,23048.36199331249,67740.2037267072
7403,33307.8154181257,23958.30554507113,78131.72034884956,48690.5539945262,80299.23938905478,51643.60599933787,18689.03331940245,25276.29238046394,31480.35185359583,143287.7154009631,115272.5306814681,53778.95518873523,60249.68788956159,41441.20186299559,178787.6702163504,99130.01774134256,49636.90101781192,48078.42585991204,153782.682871244,49609.03980914009,7990.033605045533,25565.67162318723,69827.95131608413,38237.0635377153,54986.91633303627,2818.741178815213,48284.5501768959,32958.7531370931,18327.04871070447,23042.86014718854,67989.89481058143
7404,33318.76749906006,23526.57573184705,73786.80321574607,49561.69266821451,78712.01162525197,51637.14696647392,16885.5032322845,23188.25208232537,31715.35802450646,135104.3258428553,122443.4370238494,48470.9937370657,58158.84088329758,38550.0577168344,176263.0149810446,102168.2250922132,49706.26066978958,47552.79027349458,144734.4930076133,47991.38731475762,7990.041258715361,26524.51133329542,66269.58372672838,36105.66180444674,49838.09527799852,2702.31311067416,49367.29943167163,31661.18976240649,18327.04871070447,23472.64331349659,68052.44454940589
7405,32224.57041787065,23143.83274311434,72919.28611867505,46593.04589216994,76817.65372587962,51117.36214339155,16863.99296086169,22432.10353007707,31948.43548020297,126799.613275844,125226.0428188181,49826.66621933018,57798.9621954291,38913.50754242951,177525.3757317366,103502.5815040127,51248.56292772347,45931.86900649091,139138.8059634435,46870.9894212603,8417.808302687592,27409.82495020262,66889.31234237386,35942.64521043409,50413.18234110136,2523.324546940455,49747.59747268178,31595.44832169339,18631.44910417033,23772.51558132296,68108.05074642829
7406,31512.35119174881,23419.80101518252,76182.05919910087,45919.0652439183,76288.06836626542,51107.82964587335,17282.97573894953,22769.71046640255,32161.41466263939,134990.9193510421,123391.3174714162,51758.68847385357,58969.6626259245,39940.19706732647,182558.2497673871,102252.8847789298,51255.50024111411,45308.61331964941,148857.5378394128,48611.94579545604,8448.640628541501,27642.71040216891,67813.69435941248,37174.67047897926,50994.58512661103,2470.877873724651,50959.18413123749,31555.89903481324,18725.11076390819,24066.42238300457,68035.06872831033
7407,31508.92014324758,23386.97647189471,80647.7570553674,47296.98442001445,76796.44937935761,51403.52172653825,17282.95937070257,23108.02691386368,32073.36612636391,140862.0182606826,122328.1505394047,54274.64260926779,58969.64668881192,40646.77796361888,185100.7804475715,101207.0726590653,51263.2094888432,44853.166918264,149856.1127120054,48614.21546724018,8294.94813538974,27337.66249952929,68867.07177938582,38090.58076609719,52729.92038175173,2460.317760938497,51522.95461896658,31920.0430023987,18561.20285868482,24505.94351221372,68034.18316486683
7408,32240.29683834113,23511.78662150458,82569.66146846411,49377.35064474635,78618.373835424,51900.40999807408,17675.7094589903,24956.06805785859,32069.62619518038,142579.0440517856,116478.0523278984,56549.7930946378,59190.23003248397,42081.93928007609,185104.5036852067,99658.70473845664,51197.69801652475,45432.91993594088,149967.0207435926,49424.78739038272,7889.100376494999,27165.36941965088,68850.02922634983,40217.66041480709,55568.53428075704,2469.539836773462,52610.85398672523,32780.3113370553,18385.58724769956,25597.40454346937,68057.06007098548
7409,32946.26108586061,23649.39473011183,83277.16432156942,54903.56207331234,81910.9191783558,52171.29302202455,18272.66869924266,27490.6184689259,31832.0085400464,144785.5585863583,107636.7060667199,57580.97590937417,60676.3968018439,44084.06276275139,183836.8410051898,97497.9731306024,50630.59116933496,48428.92356848185,149856.1042409832,50357.19502742239,7888.403508845852,27032.29265152513,68867.07286240926,41679.60985188041,56148.47030406302,2581.563866317339,50806.94499758977,34426.98152223475,18444.12578469464,25674.9760133448,68348.87815696685
7410,33307.82484211988,23419.55926603849,83737.90009995298,59958.99785047813,84573.94416875273,51899.78208848638,18174.59787223616,27827.32057687371,30547.00991554654,145401.4254641024,106881.5252479252,57293.46771032114,58546.7022553209,45102.77708160922,178790.4538574735,97499.8159037772,47248.9045656559,49240.61521779517,138187.1710900604,50339.5289834924,7685.681019383905,26321.07995073558,65922.61973388008,41057.83521986897,53879.93603398201,2726.084437326188,49827.52761255917,33211.87229304713,18689.98764116543,26031.85658392097,68332.72143869332
7411,33307.85546041713,22987.4517652541,81919.85597278168,59386.86691519012,85830.34191231604,51115.01055212752,17086.59705060316,26817.17740062654,30174.89163188423,138930.2927108986,110918.4828070916,57959.60670299797,58113.29666683843,44105.18533125859,177525.8537115165,96137.81286701541,44823.19311194994,49615.96597917511,138280.0427286223,48265.43030121254,6862.918601896281,25425.98013671622,62799.57528671492,41631.78224327417,52712.15753154868,2819.309075798124,49992.82140146059,32951.92774249098,18619.7413956799,25239.95671404409,68435.24109039118
7412,33270.05259445277,22976.51665722921,78653.5699426848,58629.38421463105,83937.24181919063,50024.33611340258,17678.35095807523,25750.67801642746,29402.95399680285,140649.4168559293,110918.4802814045,60775.35839442643,59211.19309283391,40980.22997422183,180050.5965537741,100153.7792614874,48020.33631790778,48708.82838968355,140143.6088202246,50398.71464706558,7989.272008552154,24787.6151152681,62813.90808960947,41632.20628776954,53863.48366890135,3029.111197647535,50907.32052853645,31989.63377191938,18619.7413956799,25594.84920887411,68434.54690923417
7413,32943.75838420532,22900.7550226897,76661.58196493806,57655.60573394348,83602.5044581819,51105.67075576032,17634.22253014763,24135.36392021381,28878.33741159481,136257.9436044037,108690.597239446,58557.4439160226,60423.12975062946,39494.24842657478,179940.6653452134,102168.2239827124,52167.32852669182,46759.88573310355,140143.7012682155,51403.76960922264,8391.385777003372,26118.04636076756,63839.98675358242,39292.0583916784,51746.30722202654,3039.982194687395,49821.2646884342,31628.0018492059,18233.38705096663,24944.19918827366,68359.83360469664
7414,31120.77714116913,22055.97261918479,74314.87828473878,55010.98562652145,81990.05849377498,52699.79987061264,15990.25178167671,21549.86459106374,28287.60464115992,135285.0704197992,104523.6605955606,56729.19108804889,60887.51982223106,36428.97561222948,176273.5756826206,101146.7780421546,50191.51788672352,43486.95986716505,136243.124675412,51403.76651189492,8699.988213864113,26249.94103531784,59771.09435850842,35125.11868824602,47560.47918592907,2832.895195793711,47345.03423494672,31632.57252150185,17952.40207175308,24646.94339063995,68460.33569877352
7415,28257.79585168167,20800.99439310205,67604.2078076204,50639.18191890669,78821.08511528067,50952.96256181951,14354.77649124969,20123.06044600929,26715.71894446488,138831.1931776826,103028.0412669238,55207.13421977735,57916.11617047833,33393.5466301909,167482.78089795,96968.16857257477,48423.35170633189,39948.47955129053,132336.2972181969,48265.82403634178,8609.543665881538,24982.03378604522,53693.56063403484,32387.30698768896,45364.65831004191,2507.572235531392,44706.46623124157,29680.15635453677,17509.60927355872,24363.63280898669,68676.5444708632
7416,25926.36716909796,19505.36893140064,61749.0473621291,48578.62297096672,75600.48687971287,47889.53325411611,13230.94275039782,18290.36801657873,23247.61127354683,124677.9907349045,94930.69088879818,51556.49560992192,51679.31315702786,31361.20130649431,161500.2105887162,88767.2469463019,45491.61381563017,36080.80095696817,128904.1189567049,43620.39930647849,7944.174510873177,24336.74173055144,50681.30192634782,27252.04868002387,41489.79425659906,2184.366523411691,40431.15687732688,29060.18402781894,18089.72473949588,24263.76725197454,68445.89255807112
7417,24667.91359934336,18709.77326774166,59284.50580840425,48305.66135583143,75409.29668399878,46421.28630319577,12630.96821189847,17415.55492850232,23257.45704662162,124451.9294657718,89359.32340226157,49511.64109046329,49081.51532601917,30479.73894185443,158370.7125595599,87548.00407066564,44154.0290525993,34535.54644574339,124674.2863306243,39499.61944904145,7107.202217144891,23055.0892918558,46580.80775466884,25648.5354203393,40037.57079543151,2076.203071048051,39190.10192949509,28662.7898743221,17778.4194464586,24133.39352877334,67841.6452189221
7418,23767.4922805651,18323.33672739536,57806.16395772679,47755.23942938869,75447.98440226018,45674.5388592696,12518.63250485194,16715.58979350329,22483.21485779855,122835.4873616778,86719.67748678624,48762.06289738948,46913.20113260642,29455.49732121898,155080.6170354658,84711.07107516285,43966.32381371031,33108.45822697539,119622.9211397023,37476.16179701986,6505.16574733699,21974.87948569307,43595.53109063425,25335.65544428278,39745.29440518931,2017.499053861977,37720.02524708155,28663.68678125512,18205.02299538018,23697.80294984955,67275.06207455776
7419,23229.35578594286,18031.19123079114,56356.79156762259,47129.45570793439,75135.16151229406,45405.82328579296,12098.61148508364,16366.96348006464,21970.93990705502,121103.0746505297,84391.13591703236,47514.7064103838,43886.20777981419,29092.22377675972,150403.1467351207,81449.57418862543,43796.83148129866,32420.3949516299,116264.863903325,35432.38050350649,5379.615546786707,21240.18835041894,41619.35245231586,24689.38422454447,39169.37767217892,1918.743537400039,37285.16489402678,28735.69705263841,18262.67212332234,23791.37960452278,66869.97851691084
7420,23229.36149947154,17894.88462746996,53818.74876638526,46441.07104436801,74882.20142775236,45405.82329870985,12211.10266617808,16022.74853826229,21539.33607359932,120066.6665030898,84832.3613801167,47315.18137499889,42988.43530674437,29092.41939013892,148335.8556620322,80983.28065294625,41985.96036302567,32046.47163217631,108102.3444107501,33723.74936721766,5090.9573323395,20529.76350167573,40125.34027024517,25015.0122098819,39163.47861667744,1860.262317470784,37276.43573153405,28584.5514368769,18009.0159609143,23673.1783555785,66720.14150405755
7421,23576.19875927658,17951.47640690071,54864.59340239755,46441.12543539149,75599.76291329267,45686.87272727714,13433.52959576753,17988.88184317618,21723.2705161637,121345.7806869774,88675.75572484516,49316.97022827644,42587.35233585538,32216.37820533326,151599.4007082286,80047.90179068776,41347.79299856043,31571.09633158441,106692.8498486535,33370.50989421507,4988.892841949677,19774.99921113792,40126.5919676279,26672.54782675636,41653.91514911703,1857.373665943313,38368.50688978475,28976.45533258319,18239.6124726829,24271.51097553417,66748.704562661
7422,25063.22410430186,18583.31632523358,61544.3731786029,47851.37665678797,78279.11288588558,46490.60399362985,15066.48096983284,23662.18531117051,22074.45902067122,125985.7809581339,92586.38153858774,54322.32347945436,44173.92793096003,35408.79877504228,155337.7628058034,80049.2730112861,40481.56891114706,32850.46314788805,105617.7718739765,34733.39511872672,5135.839736064885,19456.71819402778,42583.25034215977,31283.56565906143,47055.56280637368,1857.402388199493,39757.39450457526,30351.92658937023,18827.63358145477,24201.83720677767,66721.65924065076
7423,27192.02612260992,19602.02116195702,65905.04057825614,51784.93912083696,79990.73721333199,45957.75078142088,15775.40935853771,24371.95483644749,23229.33659947334,133408.1711916681,105401.5415063357,53258.99691922879,44752.10840981359,38108.83182672756,154066.2157469577,80982.47019696211,41818.6290396784,36486.35454258601,108728.8060621759,37467.50505965431,5091.584846871834,19250.18817327646,44636.30086797519,34412.19481124489,49648.19819059117,2044.641118448045,41687.4017240042,31193.44899648512,19657.7810259714,24407.82587076584,66971.4359816791
7424,29877.08167465535,20929.79875201201,67315.99079822352,51018.23770893735,78674.25231339161,46536.83094681644,16186.98867747857,23352.09061955567,25447.61701849998,136892.1742806533,118210.4125092488,52780.93319819972,47676.05887748134,40684.32315952292,161636.0559609696,80984.76367976614,43106.53174392756,42021.09349554769,122418.6620325769,38154.68891124355,5396.267467871163,20362.82956008961,50228.59935512062,38084.62638611967,54258.73518396726,2354.581381532304,44716.65842265785,30285.06372977581,19588.60207405309,23517.40525903559,67598.48043677122
7425,31847.79423922406,22581.04082897058,73300.34834939812,51066.94199892048,79410.33754736352,48735.32504050461,17389.5913985556,23711.24571200562,29323.76588133864,139793.9723563782,123885.9897941781,53356.2451063654,54119.39831682981,42353.31431380718,167730.4154544351,87497.39796599775,46136.20191471696,45653.70868228749,149651.497385082,45383.62702841224,6766.512990305946,22814.10836345818,58700.84329571842,39678.37724981548,56580.79609300338,2665.015204757754,47102.46216267189,31681.24748132777,18965.99148797851,22969.69043307454,67801.81566719488
7426,32569.11185093643,23396.8477331246,74224.54223648878,48582.61015198824,79259.09014718873,50927.95392151145,18216.64745865689,24078.66705629284,31127.23061022798,143391.5036137355,122417.3733023989,51339.3261092039,58220.48232084033,43744.56794364977,173716.3220487685,90749.40025906275,48537.80996537722,46793.82316172327,156592.1672020712,48733.3025222646,7638.405777210328,24484.4755350892,63688.94056555648,40604.8641910959,58363.5505483786,2722.133362137143,48683.35930694779,32047.44357832364,18470.2089871386,23249.80328068872,67949.11452088303
7427,33298.1708635596,24040.47087110986,79000.67988958936,48588.77735531715,80160.00017779345,52029.04984783221,18852.39200370323,25610.91582767289,31917.86851169814,144440.214415278,116633.2830035405,54098.86390288805,61204.2061476814,41784.95780479276,178869.8526281692,96829.05731360918,50170.59245206619,48208.18282396816,162812.6798412832,49709.43454856228,8046.073156749479,26125.36212074026,69731.35672918423,39172.99357514524,54845.63388729276,2797.539017993652,48836.80636364847,32793.69782956086,18170.43352076459,23244.65553218667,68272.3098923614
7428,33309.11637542056,23593.94790517751,74521.08390302975,49487.80742688978,78618.18198067961,52022.29406046386,16994.69514746256,23445.46492085369,32160.25682872258,136678.867969083,124045.4427167598,48510.25718904138,59082.68118057335,38852.64315979176,176388.8500416249,99664.79405162265,50239.26232083464,47676.40967946502,152954.1302881609,48127.1627467349,8046.080830799305,27115.06198515782,66191.98138087554,36959.71587814903,49636.19666293301,2684.662552959883,49949.67107798713,31582.769913223,18170.43352076459,23646.77794723072,68353.27307999949
7429,32215.57559516719,23198.09028940974,73626.67648690128,46424.11297254852,76778.02044387472,51478.62818726084,16972.53884195678,22661.28342319974,32400.65584464507,128802.455522753,126921.6647152733,49937.60748258542,58717.52217125529,39221.26858710947,177629.3838950481,100910.2269867579,51766.22635011744,46036.5618049683,146857.2911589943,47031.26977845912,8474.98692139046,28028.86932686793,66808.40229012008,36790.4371419367,50218.05412539902,2511.133981385069,50340.5466836785,31521.41788420247,18470.2089871386,23927.35050101156,68425.24867970576
7430,31503.78355913095,23483.514569996,76990.58533680168,45728.55336908068,76263.58618119404,51468.65772764575,17404.10524344474,23011.40657315341,32620.32524903549,136571.3102063783,125025.2130457738,51971.78060935784,59905.39970837744,40262.57838611124,182575.2368279889,99743.81189212074,51773.09467177936,45406.02870373733,157446.4367490833,48734.14860358842,8505.90134673524,28269.25017238987,67727.8505599709,38069.78960113978,50806.30166416657,2460.287178119308,51585.83227009023,31484.50921639577,18562.44759238348,24202.34152475346,68330.7821489394
7431,31500.35456857743,23449.56529900451,81594.70587150805,47150.589622232,76757.42274008511,51777.93511724059,17404.08838359797,23362.26553818376,32529.51088258041,142139.6180981187,123926.2776078209,54620.7595631299,59905.38353742744,40979.22114251873,185073.8057833426,98767.69423230737,51780.72725087632,44945.26430483496,158534.4444072256,48736.36863395711,8351.799605332255,27954.38433537814,68775.60573958505,39020.88379388909,52562.06671761091,2450.049198389069,52165.28340340839,31824.34009056926,18401.03003253319,24613.57516952074,68329.63589252673
7432,32231.29258290873,23578.65204834449,83576.18331554627,49297.56329290968,78527.22310786585,52297.65247725683,17808.63422927681,25278.81972282781,32525.65347057349,143768.0914742394,117879.3624465634,57016.20297268054,60129.20339106878,42434.8194570386,185077.4646441937,97322.5118305291,51715.86729153897,45531.78678012326,158655.2854087651,49529.21203004815,7944.871165903356,27776.54602100916,68758.65414856096,41229.67337716695,55434.09912133845,2458.989957581799,53283.44147536269,32627.17019682805,18228.08264870675,25634.79000579565,68359.24732300542
7433,32936.83339208752,23720.97527669139,84305.6165461833,55000.70839047928,81725.57084366404,52580.98098015267,18423.52239324018,27907.33435969448,32280.5716359134,145860.809121344,108740.5636059742,58101.90701445078,61637.17594814138,44465.45359790092,183831.7205346592,95305.77455957765,51154.40033396675,48562.77310180233,158534.4351775353,50441.22639470291,7944.172442653711,27639.18619122454,68775.606816828,42747.78234400571,56020.86262996759,2567.596727887667,51429.35877520598,34163.89582821904,18285.73177664889,25707.36899271312,68736.97108165751
7434,33298.18028190125,23483.26453735636,84780.63369391824,60218.0049310322,84312.40839981029,52296.99571892313,18322.50613167615,28256.51913626871,30955.20791135954,146444.9138091348,107959.9759683721,57799.19753433431,59476.23345008858,45498.67462225744,178872.588138638,95307.49452763388,47806.34467525096,49383.94242875784,145820.4274661316,50423.94673590266,7740.910149180544,26905.08318514017,65846.86925510423,42102.12277447977,53725.62130288109,2707.708742461141,50422.69999100186,33029.9167750738,18527.85811508076,26041.28080725712,68716.0581340132
7435,33298.21088183363,23036.35094246011,82906.23588011057,59627.55598043842,85532.86141103883,51476.16855423344,17201.82856695377,27208.92658790089,30571.40043872407,140307.517704464,112132.7503368197,58500.55696972687,59036.46871642074,44486.87695621257,177629.8536103001,94036.25737934487,45404.75697337574,49763.67595485153,145921.6167277014,48395.21196710947,6915.956901980742,25981.17467860243,62740.49357850642,42698.11747896564,52544.09474848066,2798.089591450359,50592.59124177517,32787.32815157446,18458.67916047533,25300.34744105886,68848.75761370716
7436,33260.43069008103,23025.04114471509,79538.70519007709,58845.82082498346,83693.92169545211,50335.38405115138,17811.35506248104,26102.8885192416,29775.21426416459,141937.9812158073,112132.7477261602,61465.18452976539,60150.47403200341,41317.42157966892,180110.9422890252,97784.5938581467,48570.10452237283,48845.94621788928,147952.0845822085,50481.83791269709,8045.309532297387,25322.2639466879,62754.7498822647,42698.55781276544,53708.97524698524,3001.491762843041,51532.52613928483,31889.28443716228,18458.67916047533,25632.39913198009,68847.85907887196
7437,32934.33219155619,22946.68354993644,77484.97180989273,57840.86470992338,83368.7609553069,51466.39964925195,17765.90129244555,24427.6893492055,29234.11812750165,137772.9900379741,109829.9112169489,59130.00333871769,61380.19283513146,39810.27934321135,180002.9118502679,99664.7930160608,52675.85480572678,46874.24682818568,147952.1853098802,51464.91068724555,8448.494038513081,26695.51498062677,63775.35200880017,40268.51514870683,51566.87365227244,3012.031143396578,50416.2628706469,31551.79788413865,18078.19491551974,25023.6248054287,68751.1516040205
7438,31112.44437521314,22072.95481305931,75065.52764895037,55111.57134220802,81802.44603410808,53133.76960454442,16072.5559399062,21746.33694816246,28624.82892678803,136850.29098029,105522.7848308738,57205.08618887495,61851.39667186759,36701.35640128099,176399.228142983,98711.41773747593,50719.693644459,43563.1048042637,143702.2714369997,51464.90765766141,8757.918213670988,26831.6546712796,59728.17670259383,35941.50604179774,47331.76659515702,2811.261270952663,47871.15883653882,31556.06338267812,17801.47909978515,24745.50032638702,68881.2395956522
7439,28251.18030589784,20774.97495962688,68146.84735758393,50599.79483765074,78724.13494822728,51306.67541353502,14387.96119586139,20266.63642106257,27003.56627185283,140213.5290455488,103976.8478454032,55602.55434867049,58836.39508845971,33622.70227408697,167760.4309347344,94811.27695764959,48969.11191421544,39983.30759692517,139445.5468696617,48395.59709061068,8667.232832370297,25522.93996175059,53683.08088189736,33098.52366037422,45110.09470433059,2495.862189485097,45159.20201481391,29734.00575758646,17365.41390264653,24480.4235522532,69161.0961020528
7440,25931.35279786634,19208.74989910476,63574.22432021207,49226.2911481324,76118.87870043324,48103.69594289553,13361.64782918483,18356.69957950821,23636.41676630706,125568.8544735306,96705.23662643883,51488.81353536002,52209.14516320944,31398.3293728953,160022.7578357329,87759.7858356745,45431.33374944006,36231.15263914494,128421.8669425072,43678.85775917677,8003.332180943556,24437.52478916845,51277.14967476478,27681.22051478488,41415.80400818822,2197.867287284321,40896.3867703108,29049.59613680301,17954.53918821046,24454.81868807329,67457.561423918
7441,24619.57091594628,18441.08187090371,61107.31706822391,48966.71188815125,75928.14818023067,46654.3820885422,12751.64516100023,17471.48271728051,23646.43765940364,125346.9290655373,91088.99542967089,49475.44793232036,49604.50436138077,30510.91110555586,157467.3575945711,86620.74373156627,44101.06236423859,34632.59424429953,124245.1835803419,39608.16399850468,7136.262730221803,23140.88200923345,47253.47415907137,26075.57276263576,40025.35262507609,2088.348187189092,39654.96314644958,28651.7080538326,17631.30961390143,24346.35142411188,67055.58349913222
7442,23680.99328348092,18068.21033514376,59627.55616630601,48443.27522738645,75966.74288223355,45917.26397942124,12637.43184587828,16763.1931993046,22858.42455508888,123760.0602718473,88428.08889798041,48737.41256776889,47430.47851844039,29479.74884522215,154780.8210262828,83970.42180393127,43914.3834224266,33156.27831334751,119257.2904852209,37609.30050080951,6512.577292720008,22048.03795597253,44324.12366673088,25762.27630112326,39745.50856393098,2028.908413460542,38184.44975328853,28652.60607554992,18074.25384453528,23983.95233675658,66678.66182842874
7443,23120.05268097375,17786.31996347617,58176.79253256821,47848.17149735158,75654.6721073088,45652.01350280619,12210.39048610139,16410.42082372122,22337.03812068167,122059.3425893827,86080.7924534287,47509.26424632724,44395.51163247381,29114.02071850176,150961.4197605944,80923.46344114798,43745.81780621292,32444.48014870955,115941.4283629476,35590.3603857077,5346.552800076867,21304.75379618504,42384.96675814247,25115.14480720869,39194.08914440995,1928.915161987863,37749.46021772768,28724.70584999993,18134.11117269768,24061.80547659063,66409.17839454708
7444,23120.05863661929,17654.79810358931,55636.31347967255,47193.53593087333,75402.32021062852,45652.01351555649,12324.76187390473,16062.11228231133,21897.75764546946,121041.8958509359,86525.57169816982,47312.81171664033,43495.37429838096,29114.21765360985,149273.3675370415,80487.84230230405,41944.84780602546,32057.65826467748,107881.4736621922,33902.49683890161,5047.51456270325,20586.01974395882,40918.94339962523,25441.20624732221,39188.44101235564,1869.700977906622,37740.72846209195,28573.3723722033,17870.7389293411,23963.46536820836,66309.4987309714
7445,23481.5934952123,17709.40335310535,56683.16201551174,47193.58765529474,76118.15647463387,45929.43880176284,13567.62076350919,18051.62796128256,22084.96360397696,122297.6082435028,90399.92206304007,49283.77482593976,43093.23481761524,32259.28456767144,151938.2242394247,79613.99187537476,41310.1696851459,31565.88479180084,106489.6898714405,33553.55082175883,4941.77987795486,19822.42765118002,40920.17164770967,27100.94826770629,41572.94382041502,1866.776121969943,38833.12403825753,28965.76337342737,18110.16824199073,24461.261247868,66328.50041832532
7446,25031.63312515303,18319.06392115642,63369.3536711972,48534.69918211567,78791.06452919537,46722.80592489683,15227.86570938132,23792.40157664577,22442.39845786586,126852.718268392,94342.04540230277,54212.05014874972,44683.98967962494,35473.27582156598,154990.7941137914,79615.27289823469,40448.6817641507,32889.38363903462,105428.1206116599,34899.87083201592,5094.010918003007,19500.42398593813,43330.80698534751,31718.10398677812,46744.82587366245,1866.805204211504,40222.4242452317,30342.94423209915,18720.71299315332,24403.29463556813,66310.50841122413
7447,27250.64539936505,19302.00936574289,67734.20684863915,52275.41280956585,80498.57362580937,46196.82387377998,15948.6433106165,24510.61208427781,23617.81705312319,134139.3135670135,107260.423076718,53165.09785909569,45263.69316850582,38191.55257234315,153952.5088582808,80487.08515743315,41778.43138334405,36650.6958821122,108500.0636131068,37600.74898192214,5048.164642383248,19291.47836841988,45345.39566352678,34850.89776641897,49227.18038196417,2056.390658370766,42153.00480542968,31185.51258494801,19582.65852092399,24574.67139954516,66476.6733730091
7448,30049.48304405377,20583.17824461695,69146.51143103538,51546.30009154227,79185.2539293331,46768.43677988063,16367.10187279397,23478.61906281948,25875.5525065412,137559.5757372626,120172.4611328124,52694.39588845579,48195.34573965939,40784.4460954043,160133.6827488606,80489.22777686628,43059.29235136534,42376.35683457374,122017.9019572202,38279.58044438199,5363.803516948088,20417.13332549729,50832.92803330529,38528.21784313548,53641.60261845356,2370.215503588785,45183.16139520697,30275.99826726335,19510.82972880313,23833.86654134407,66893.81716906006
7449,32103.70665532099,22176.45710120546,75136.61333017818,51592.61658020117,79919.56940541982,48938.58121416593,17589.80520693522,23842.04543163471,29820.64377421631,140408.284515817,125893.7514695364,53260.84851180739,54655.65785611181,42464.71436068045,165110.0487903906,86573.46645392652,46072.39749893561,46134.27985620153,148908.5476106841,45420.65429639437,6783.322468046335,22897.08254264266,59146.45295969414,40124.09020422979,55864.89186351521,2684.540094897791,47569.67387793314,31673.91736469141,18864.37058018508,23378.18323995209,67029.08673280642
7450,32855.59087011854,22963.62689876882,76061.69434529085,49230.08285158664,79768.68564693589,51102.93606789571,18430.68489603316,24213.8363592494,31656.18549494653,143939.9978213329,124413.306235343,51274.98824920196,58767.54470160414,43865.36847270136,169997.8573182184,89611.55476961557,48460.87451853307,47313.72282753597,155762.0055863403,48729.61609606243,7686.568137579646,24586.98650376648,64041.10321750116,41051.81042461323,57571.81470597714,2742.374132722859,49151.04065401944,32040.5686144464,18349.5975574304,23611.22923599422,67127.07787599006
7451,33615.54453594681,23584.65706246952,80842.4165835183,49235.94769846435,80667.42963404863,52189.83332314846,19077.05543990996,25764.30750336061,32460.88593121893,144969.5221330038,118582.6288835483,53992.03164824161,61759.12808350308,41892.51755603677,174205.9869168767,95291.2970933531,50084.72960445595,48776.87112769547,161904.3554004061,49693.8837071727,8108.895057482378,26247.06507088728,69970.32075941125,39618.03379571161,54203.53687692479,2818.72487219196,49304.53329472233,32787.75040064163,18038.33944986987,23606.94645429657,67342.08487115565
7452,33626.9538755463,23153.80830290325,76358.52066035173,50090.90146390105,79129.31840562007,52183.16465189814,17188.30855771848,23573.1038243466,32707.58544321322,137350.1719309207,126054.4886808069,48489.48444035805,59632.01471637774,38940.38972171467,172180.1174167488,97940.50145231096,50153.02401388175,48226.7543552648,152169.6818249739,48130.84365790595,8108.903007487671,27248.34056863901,66497.252067301,37401.80992752687,49215.68935377325,2704.433689705772,50417.72860404783,31575.31739676532,18038.33944986987,23941.50097238812,67395.94595095223
7453,32487.07313846288,22771.8463978481,75463.25470805133,47177.40925411906,77293.58113959193,51646.50936943467,17165.78192598935,22779.59639489489,32952.2602717695,129617.8608969178,128953.8767606882,49894.85482595926,59265.8938260327,39311.50589312508,173193.0787538939,99104.01085581808,51671.63921534702,46530.33957892589,146149.4515218699,47048.27074145335,8553.232373186866,28172.83589678422,67102.12494750644,37232.30585848072,49772.79680665072,2528.730228098513,50808.7203258439,31513.88911202957,18349.5975574304,24174.9294310071,67443.8280024411
7454,31745.1181557698,23047.25148699933,78830.39255334537,46515.95050999683,76780.38372293241,51636.66747925043,17604.56163998343,23133.88340822337,33175.83678539214,137244.5819708952,127042.1504170818,51897.70352013217,60456.90040238464,40359.85165882461,177231.6285979385,98014.32156567926,51678.46998377666,45878.05610401676,156605.5409503189,48730.45189367481,8585.258467723017,28416.02826186714,68004.3482738794,38513.3613083932,50336.02252622021,2477.246145308111,52054.37584506654,31476.93456967061,18445.36928304825,24403.71421391304,67380.98377038764
7455,31741.54385808451,23014.49393047742,83438.93255500571,47868.26928960404,77273.03295853022,51941.95672592454,17604.54449833681,23488.91498735939,33083.4071660047,142711.0159400928,125934.3637750891,54505.89058573946,60456.88418883807,41081.33665773578,179271.8419649337,97102.41210505537,51686.06083098763,45401.39753899661,157679.8774277606,48732.64494064231,8425.615295213256,28097.479721028,69032.47480842545,39465.7215358168,52017.10399354409,2466.87984964773,52633.99911398868,31817.18782671841,18277.76876251949,24745.84901839311,67380.22121878968
7456,32503.45615032222,23139.04937347338,85422.31200704272,49909.98433571866,79038.57822376073,52454.97231212905,18015.85202796018,25428.26192300083,33079.48114485258,144309.6958899506,119838.7446790443,56864.44632597565,60681.29361596702,42546.77022135833,179274.8296178462,95752.29258692192,51621.55549993382,46008.15223204366,157799.2000216348,49515.85170667066,8004.053887383402,27917.56139109677,69015.84078850003,41677.45131599849,54766.97103184092,2475.932666283647,53752.48935340979,32621.01578724425,18098.19677803227,25595.47098582427,67399.92033966711
7457,33238.8950037528,23276.37665800104,86152.44541614674,55333.52413730718,82229.2362235555,52734.64728391952,18641.0175918038,28088.03634896761,32830.04020746935,146364.1266176481,110626.3388089373,57933.43150412916,62193.23838830683,44591.12503805035,178257.6138317131,93868.21459849065,51063.1584188381,49143.69307271805,157679.8683140444,50416.78097546991,8003.330038351826,27778.5949863478,69032.47586548727,43197.58109066682,55328.77584628535,2585.900640569077,51897.85586712618,34159.65144694212,18158.05410619469,25655.85465776927,67651.20255939373
7458,33615.55435340069,23047.01023120544,86627.9185299172,60295.03484066228,84809.85428778475,52454.32402271737,18538.31291830513,28441.37382924741,31481.10314616108,146937.5449287377,109839.4640499876,57635.38347715168,60026.60365882573,45631.32737452521,174208.2206054895,93869.82142849379,47733.40858768753,49993.18881057796,145125.6163686509,50399.71134260957,7792.758521857352,27035.90583457072,66158.6052719402,42551.06206115359,53131.16537987833,2727.768724596453,50890.89803817459,33024.26294760383,18409.45488559279,25933.65987832032,67637.2901385181
7459,33615.58625003784,22615.78455484565,84751.72149318845,59733.53354101695,86027.37298347401,51644.08145346255,17398.9040587807,27381.32271524501,31090.46915290067,140912.4343922386,114045.8473785915,58325.94260942715,59585.68052198888,44612.69315062797,173193.4623011774,92682.20519128436,45344.95180561604,50386.0213255662,145225.5341532513,48395.63486895851,6938.140317311536,26101.19119731547,63110.424435884,43147.85011499157,51999.89648381666,2819.282346164891,51060.83975797173,32781.37280564974,18337.62609068189,25317.22419606857,67725.5689905899
7460,33576.20508236693,22604.87176266887,81380.95833117935,58990.12413140576,84192.85460105908,50518.00740705503,18018.61833787458,26262.13101362584,30280.12176020585,142513.068067177,114045.8447469047,61244.91757728212,60702.62028681032,41421.82226210061,175219.4021001129,96183.97924716459,48492.99250182392,49436.63430578166,147230.4884989721,50456.89888000006,8108.103973429539,25434.57377642703,63124.41366205391,43148.29103493506,53115.22738406527,3025.233823133743,52001.05387878774,31882.21289399303,18337.62609068189,25593.48184618108,67724.97123674808
7461,33236.28781218142,22529.26473886779,79325.25358496813,58034.43750663433,83868.47563965002,51634.43851885768,17972.40484176518,24567.00942351965,29729.40151718652,138424.2766966984,111724.4604002956,58945.6960717026,61935.57834504372,39904.49650235863,175131.1895475944,97940.50048486739,52576.29418683481,47396.92072550932,147230.5879609668,51428.0228779051,8525.786817848108,26823.88649837472,64125.89582880559,40715.01365627487,51064.242666644,3035.905297171981,50884.45900556591,31544.30687190067,17942.56772425201,25086.99876086586,67660.63620780646
7462,31337.19555656824,21686.20632709075,76903.487014472,55438.95186550553,82305.92658421597,53280.30767937121,16250.75647683533,21853.76885667218,29109.27530679537,137518.4587048892,107382.6429366985,57050.42091089539,62408.0234000404,36774.56705659413,172188.5916840166,97049.8374307509,50630.82853142406,43971.56015194884,143034.0756795947,51428.01988514412,8846.337750781733,26961.61849311676,60154.54030298279,36382.2447165257,47009.28100085464,2832.619110610845,48338.59890594184,31548.57767211716,17655.25254739844,24855.6070314467,67747.17775714834
7463,28354.6823707631,20433.78920085029,69978.16552449163,51148.37201356283,79235.01663215249,51476.77393283186,14538.00498033468,20356.47089041037,27459.17636350848,140820.1652850338,105824.25444296,55472.56661654796,59385.07987149298,33675.11094719123,165134.5580135569,93406.24463316868,48889.81828103604,40268.27707717592,138830.8382824225,48396.01531146877,8752.391362899989,25637.59691919259,54222.69330469824,33535.47794203065,44882.1106059228,2513.267029863091,45625.83645230313,29724.25537363837,17202.48424825738,24635.07062484554,67933.35340144514
7464,25908.64635842256,18987.64372883593,64933.25957760102,49849.30888468107,76171.99306658858,48403.79937867597,13434.31413343388,18509.17815625639,23945.98796004522,125325.318797994,98063.27430076315,51306.3843577939,52244.07140880458,31329.54022119634,155888.470180686,86537.33251481483,45283.33539612951,36236.47573426167,127309.6230865218,43950.2186523518,8028.019525492658,24125.91404478157,52117.02355533135,27708.7012866095,41402.74049603652,2231.910963869801,41309.08764213864,29069.63603420017,17983.62841634449,24358.01721963246,69772.73354591808
7465,24584.92799104892,18243.78113392505,62486.31741276351,49583.34063162518,75972.16387611862,47062.4900338824,12803.52786976362,17641.80842324502,23955.99868065604,125117.9742608195,92175.90777005703,49376.22972214891,49647.32794196753,30438.72933406315,153786.7825625791,85439.73965002524,43986.67590799653,34636.2942938391,123199.8835376725,39830.41906348205,7155.766719216069,22909.08449773136,47984.00693569223,26107.40049560375,40005.70165301043,2124.218337081495,40076.10076564072,28647.37197704858,17676.33698408692,24242.17446769325,68817.59731050664
7466,23637.80982420705,17882.47236767517,61018.53245981785,49047.02068734651,76012.59971223693,46380.30280093026,12685.42315635052,16947.79894792227,23168.78551023723,123635.3654033678,89386.54536428515,48668.69683393017,47479.89379886936,29403.62491745007,151577.2419394646,82885.86176730621,43804.71377318106,33158.47943231939,118291.9363123355,37807.44276013767,6528.352879826457,21883.50910032498,44975.05300231204,25794.95221984225,39724.53179108062,2065.76985309136,38615.58101989691,28648.32501462374,18097.44005713546,23855.13319785515,67921.99702152908
7467,23071.76497423742,17609.32343396165,59579.51009537942,48437.26974085001,75685.64181238788,46134.81909018946,12243.83193418748,16602.13892462185,22647.92834961931,122046.3877197226,86925.93264465133,47491.30700849977,44454.12900716874,29036.49860395856,148435.9773268299,79949.78087421175,43640.4072955195,32445.95856598551,115029.2207744807,35764.14764997544,5355.357873430377,21185.97687211238,42983.20060267772,25149.57270138733,39170.49994413788,1967.444210323726,38183.547684578,28724.84186592443,18154.34587753094,23938.28014593977,67281.67978848531
7468,23071.77098407599,17481.88007512831,57059.5915583502,47766.5217079868,75421.25163941711,46134.8191019896,12362.10010602672,16260.85273876226,22209.09380016645,121095.7889352455,87392.1837096071,47302.97372204308,43556.72091161845,29036.6962919539,147047.6396410879,79530.01179629777,41884.94230952936,32058.74393461926,107098.4508971935,34055.92297009876,5054.531980514858,20511.48360013831,41477.33888945083,25474.75139719498,39164.82505325979,1909.217553774409,38174.87527018155,28564.23718573348,17903.96026832132,23833.25316945908,67044.831810663
7469,23436.59560878031,17534.79201246134,58097.96777637736,47766.57470549521,76171.23638749665,46391.57034172478,13647.30483730463,18210.2571806846,22396.109720728,122268.998921499,91453.56922835798,49192.47832883485,43155.80072765196,32193.78686685066,149239.3496696044,78687.96040062794,41266.30056732264,31566.4711551407,105728.9745945095,33702.76752719822,4948.165212067665,19794.89346848023,41478.6005144815,27130.00000732708,41560.62478032935,1906.341476281765,39259.84689748737,28980.66739125675,18131.58354990324,24364.89785650756,67089.98155398625
7470,25000.73973715199,18125.54696838682,64730.04698052919,49140.69484886677,78971.65371020032,47125.81484847199,15364.11651831062,23835.28929485533,22753.18173261131,126524.8305922845,95585.99947740909,53917.07154016996,44741.73238178356,35420.06528086612,151749.9341976261,78689.19480763159,40426.57981628116,32891.31377496191,104684.4201496399,35065.32854279983,5101.306291797638,19492.71033817779,43954.74350252498,31734.65572664696,46757.00935564889,1906.370073512602,40639.70538397819,30442.21902274275,18712.02292165062,24302.98966739899,67047.23090309097
7471,27239.94378874526,19078.01121361447,69059.57468149968,52973.47821047776,80760.61837161904,46639.0295754012,16109.45196311031,24539.01973971271,23927.4071279446,133332.6843816833,109128.0148016697,52913.38904349665,45319.67819542402,38148.73406418196,150895.9970215937,79529.28220359453,41722.73072184023,36656.44494715732,107707.1260983886,37798.78808207349,5055.185946381959,19296.62610815138,46024.07748737963,34858.96811127953,49251.12436921823,2092.793770762782,42557.16566827871,31336.40597211148,19531.46673746755,24486.01959949534,67442.05401717398
7472,30064.24929916163,20319.45096588816,70460.44925004046,52226.41992890475,79384.64764865184,47168.04524047225,16542.16796043917,23527.83304672624,26182.8506916628,136528.2296016672,122663.3844610783,52462.14085028913,48242.44192385594,40751.54027691065,155979.700318613,79531.34685405238,42971.22824320303,42387.91926791087,121008.3007483507,38485.80846345737,5372.711715373128,20352.99277501705,51660.73044228219,38526.33260000123,53686.46055486038,2401.384892344082,45566.72923474987,30371.17172092247,19463.17975458444,23694.84196405251,68433.22574680996
7473,32137.16520264015,21863.32214605955,76402.07226682517,52273.87639972292,80153.9931471074,49176.46805414735,17806.53040989447,23883.9322648266,30123.93718808461,139189.7734445982,128660.8714031039,53005.18238988074,54683.16621503178,42438.23224517501,160072.5100179253,85394.18277164742,45908.20142161007,46149.657777518,147467.94356859,45713.02693020638,6800.716574300603,22680.29180394287,60200.17070145228,40117.88446481347,55920.28294689617,2710.467425644609,47937.022916328,31854.73208604533,18848.59689006929,23208.17339956501,68754.63857551507
7474,32895.89114556066,22626.08175925213,77319.66644874892,49853.19391287588,79995.91158113208,51179.53273336577,18676.05997910251,24248.2274012858,31957.61559964946,142489.4472736873,127108.9573351416,51101.39631852622,58782.58571844608,43844.24108905077,164092.4856354997,88321.71639474534,48236.32891807538,47330.29825887416,154211.5544307568,49061.90558906373,7709.361861424692,24266.17582951518,65227.83030867857,41043.09307345367,57635.29257753158,2767.336952930169,49507.64268251207,32243.84563557769,18359.20683413764,23457.06590891728,68987.47447478476
7475,33662.75996702765,23227.85373895917,82061.69751362473,49859.20311052373,80937.52954135,52185.43317440693,19344.45321995828,25767.43902014857,32761.49916225376,143451.3301146094,120996.8026947643,53706.14624769337,61765.09854593078,41863.84791940756,167553.4596662719,93794.77540274322,49819.1541430169,48794.93212026497,160255.4547614359,50037.8054089403,8134.213458657955,25824.07032610014,71318.17098018444,39613.19809996855,54251.05705628875,2842.414374891338,49660.09218322093,33036.80231352879,18063.29656702014,23452.49190935569,69498.35071770052
7476,33674.27312527112,22810.36562621838,77614.0904994993,50735.19975005958,79326.04375867009,52179.26146008947,17391.35424027333,23620.41287193789,33007.94824275064,136332.5839759539,128829.368240173,48431.01539956651,59644.43463886675,38900.43403464791,165887.2843346205,96347.57638461598,49885.72296119449,48244.25680421323,150676.8083764845,48455.91000463133,8134.221456188514,26763.71355649141,67750.7236128075,37402.97420221756,49239.57890065749,2730.029250744259,50765.72218815699,31750.09154948883,18063.29656702014,23809.79525263174,69626.32955887578
7477,32524.02010753303,22440.24838359039,76726.07008216839,47749.99810727909,77402.7338898759,51682.59833695784,17368.06009648903,22842.90358964287,33252.37469512153,129108.2987211375,131868.7249456586,49778.30282737951,59279.4238360687,39272.96899144418,166720.3938669775,97468.74619458102,51365.96739229954,46546.11962692307,144753.0702272226,47360.27773201684,8581.207030204067,27631.30272507746,68372.03357105522,37233.92903058573,49799.32572881851,2557.256033106137,51154.05672000234,31684.89995957555,18359.20683413764,24059.09623100772,69740.10168312179
7478,31775.31374720604,22707.11314380162,80065.95712568409,47072.25895872209,76865.05473808921,51673.48987557455,17821.78961408004,23190.04771361131,33475.72425004188,136233.9314530644,129864.7095736524,51698.37521051595,60466.81925117951,40325.32260634669,170041.8971155166,96418.71021664796,51372.62556806281,45893.17387667107,155041.5696235768,49062.75146911814,8613.424577264424,27859.52568673606,69298.7743054862,38511.51628627209,50365.21980982448,2506.630561305657,52391.24673179038,31645.68145654781,18450.2561473009,24303.43777596515,69590.77805234563
7479,31771.70692540001,22675.3714011444,84637.19945322405,48457.8621976435,77381.20547175569,51956.02862189167,17821.77188839492,23537.92139196721,33383.38845851734,141341.2115594182,128703.4442770364,54198.76776103487,60466.80308679284,41049.56585847204,171719.8695531187,95539.9847387178,51380.02461773682,45416.03135149138,156098.6866533495,49064.97097137657,8452.827055222075,27560.58500495299,70354.83959648633,39461.29819419968,52054.2656381555,2496.437146561016,52966.93086584215,32006.77978275915,18290.91984860208,24668.83684511885,69588.9661601553
7480,32540.55219568732,22796.06437210787,86604.52708832266,50549.82973038228,79230.97487790168,52430.81370569805,18247.0932080585,25438.16855801254,33379.46642277786,142834.855560305,122313.5577688431,56459.84607118944,60690.53209901774,42520.60180723513,171722.3267467246,94238.99547381554,51317.14913948746,46023.40209367628,156216.0967466208,49857.62576252225,8028.745546305569,27391.74132394539,70337.75355648756,41667.04017076675,54817.16056013328,2505.338987450021,54077.8198163906,32859.85297190705,18120.20238741563,25576.23086632544,69635.773069181
7481,33282.68313360003,22929.13312900293,87328.75140735749,56106.85846415706,82573.84105625744,52689.64698190014,18893.55898724245,28044.31845433914,33130.27869978886,144754.306749979,112656.4208890806,57484.65085276205,62197.89261761023,44572.77223790748,170885.7181449788,92423.47825162424,50772.86104804749,49162.12650631779,156098.677685708,50769.42317333682,8028.017370092483,27261.3288233225,70354.84068227315,43183.05450663203,55381.62700427554,2613.473002458264,52235.79046770712,34492.7506734208,18177.10820781111,25640.72046876245,70232.84255627627
7482,33662.7698738149,22706.87936936491,87800.37643881893,61190.48623312811,85277.56575715638,52430.21372754737,18787.35503005238,28390.53218908652,31782.71098179842,145290.0505181007,111831.5595703816,57198.9209386088,60037.82717793344,45616.9512910741,167555.2967623263,92425.02660979296,47527.24383061298,50012.48475273835,143745.6450872655,50752.14762509502,7816.187053580541,26564.35497814263,67402.87428252363,42538.28579445704,53173.60504773685,2752.975122298978,51235.67595045424,33287.80442171445,18416.11265453312,25937.41571188354,70199.78537457249
7483,33662.80206069372,22289.0260280438,85939.36377406848,60615.16476959485,86553.16535748878,51680.35135203317,17609.12500782773,27351.85309138293,31392.47353190814,139660.7998301683,116241.0070204653,57860.9397534411,59598.24093089522,44594.42280585964,166720.7093152442,91280.62720316171,45199.13606033322,50405.71611776427,143843.9613912316,48723.89546032195,6956.459927236006,25687.17553730276,64271.8608581185,43133.45816734793,52036.97660541915,2842.962551752349,51404.46274188624,33030.03400542559,18347.82566899756,25279.06402845798,70409.54398377788
7484,33623.06254630259,22278.451642231,82595.88075412365,59853.45791368537,84631.13251832487,50638.19361867604,18249.9537698004,26255.2257576254,30582.94874526301,141156.269193127,116241.0042617331,60659.27556340586,60711.7941068703,41391.35314688305,168386.9424641137,94654.9732470676,48267.635377973,49455.36516797348,145816.7803611557,50810.02503049113,8133.417645491524,25061.59092227399,64286.23023358902,43133.89789359136,53157.59154341642,3045.479332171668,52338.28714298673,32075.78850631509,18347.82566899756,25574.10647043084,70408.12366609625
7485,33280.05221803561,22205.18919693943,80556.8131653818,58874.24908907531,84291.27927829267,51671.42701983427,18202.16571892391,24594.2800348653,30032.78755359336,137336.1182605181,113807.5545525225,58455.07924621986,61941.01380593735,39868.22661697936,168314.3920955245,96347.57545237719,52247.7644942409,47413.58062919512,145816.8782289753,51792.86394752384,8553.597404880373,26365.38622836699,65314.92711118582,40707.20811311503,51096.88999606921,3055.972835769503,51229.28067767933,31717.18121463789,17972.24725385688,25033.18387064585,70255.2577658576
7486,31363.67927925662,21388.27407893523,78154.64635105802,56214.88107233692,82654.18987862395,53194.64414680314,16421.8585233831,21935.74194495629,29413.29085046893,136489.8140271525,109256.134853467,56638.13445887865,62412.02639590398,36726.3313812581,165894.2539913899,95489.32323360133,50351.45481714226,43984.74222439167,141687.6275785154,51792.86091866042,8876.064596606695,26494.64030155491,61235.65224751866,36386.16925438704,47022.71737637664,2856.076896143355,48700.72230976853,31721.71365856842,17699.09931436709,24786.05811368548,70460.88838522341
7487,28354.02688246816,20174.69448565811,71285.37262978956,51818.6976950493,79436.7842475004,51525.51177729087,14650.75132431363,20468.63146316236,27764.86696825532,139574.5929577696,107622.5147971999,55125.49175950538,59398.2485065069,33615.02598214175,160092.667615952,91978.3191693958,48654.43458110945,40277.69913857687,137551.7596023024,48724.28049220834,8781.556595660293,25252.11722811171,55142.61066565014,33547.10951559538,44885.46921110579,2542.050717913875,46006.3958605991,29785.62718531508,17268.65658826039,24550.5258128749,70903.25870721
7488,25755.89558151317,18855.2045223418,67236.13078564001,50021.82836304465,76376.80968506621,48580.19655947813,13623.20485720994,18450.42715753912,23975.44953541696,123485.8490105612,98467.35290706037,50954.9801516232,52228.34104157886,31406.50155039244,152651.7554058101,86205.8330454088,45077.20158446164,36243.2666872293,126281.5927855792,43788.20570116727,8045.721733487278,23713.04547770677,52038.47261683553,27712.68038549862,41734.49870234839,2232.883139636218,41331.01509842685,29218.84009148362,17789.9651080751,24070.41224819886,69955.49778719645
7489,24405.59069505172,18143.89852475418,64774.93718675525,49755.2478125371,76178.93449462435,47176.09413912748,12976.6259944917,17600.14753234273,23984.7035376794,123297.3556423157,92618.25993957007,49142.17709972562,49701.32416276063,30520.88563787199,150716.1949925715,85009.80922895235,43828.93466241093,34641.0113526616,122367.3729790191,39732.46183080454,7179.873334340033,22594.92391656872,47963.64501896851,26112.46118837324,40343.84352745169,2125.929790101274,40122.34184824665,28777.9791367807,17472.47587087635,23953.07744528782,69036.32376293944
7490,23439.44992049983,17798.40314136914,63298.60358858484,49217.69318204527,76218.9749349312,46461.9704743379,12855.56436763257,16919.81238332679,23256.9964381288,121949.5413177137,89847.03108091358,48477.66154465339,47592.08898674707,29491.81767775435,148681.3067795483,82226.90231506778,43653.76352763364,33161.28118859474,117692.9200092818,37740.93929064406,6557.06620258969,21652.54216129931,44997.05435243537,25800.22395487496,40063.95845090592,2067.882537244558,38690.62251555232,28778.97414700742,17907.55371363302,23561.05109616654,68174.44407371305
7491,22862.03621550842,17537.20910349934,61851.20009744323,48606.53850052992,75895.21414429325,46204.99450250436,12402.91730371081,16580.96302777359,22775.51128534383,120505.0289146443,87402.41471822183,47371.85591157254,44647.57067078306,29126.83234828739,145788.3423925765,79027.51683449894,43495.58912408312,32447.83686894764,114585.4272765565,35729.41386577355,5392.683765310714,21011.59304410878,43033.2453780556,25155.28035610584,39512.4582124876,1970.231870223068,38267.10857104931,28858.86087083337,17966.34801641198,23645.26897430605,67558.23567738476
7492,22862.04234605299,17415.34355183555,59316.60509876691,47934.24630851788,75633.40927131883,46204.99451485687,12524.1464814019,16246.40133031854,22369.84858918362,119640.8558374176,87865.63470136611,47194.9731115328,43774.25937392021,29127.02888341842,144509.7454014833,78570.10331560431,41805.6397619842,32060.12039314267,107031.9616211379,34047.74910874766,5094.066648886847,20391.81398625713,41548.58479419279,25480.23941092569,39506.80925261366,1912.404922029,38258.60717051109,28691.18301277375,17707.65308473267,23538.88925369851,67330.30535620045
7493,23234.19437293545,17465.93969502982,60361.0290078265,47934.29942803425,76376.06040504831,46473.76550235465,13841.52807540592,18157.39593290772,22542.72782728025,120707.400946258,91900.61729538225,48969.59761804139,43384.10451847115,32265.70813709801,146528.2124333803,77652.53765331797,41210.08631833609,31567.20960999185,105727.6377814238,33700.08461878107,4988.48086513271,19733.35292353229,41549.82865671896,27134.36998828267,41891.66154580319,1909.548587936931,39322.18392718651,29125.95318765565,17942.83029584849,24077.38150745873,67373.75514872839
7494,24829.75390563334,18030.83910807902,67031.73464162272,49311.58299505675,79149.09426333295,47242.38348973748,15601.32249094588,23671.59595133546,22872.80848124094,124576.3046427046,96006.18276040003,53406.94001243487,44927.45144889553,35473.17174463041,148840.3486350983,77653.88276061857,40401.70474485607,32893.769274695,104732.7777304302,35041.46018033772,5140.497525639529,19455.6825840649,43991.10985941245,31735.915506524,47064.30161697611,1909.576988856441,40674.83258342578,30651.87289759013,18542.53218803055,24014.67594283745,67332.6141194531
7495,27113.93175431702,18941.61689789297,71386.4782955375,53153.1899792554,80920.56579979639,46732.80948075675,16365.3184306135,24361.4605340149,23958.27324322155,130765.2079471933,109460.1619182556,52464.28046614541,45489.87852140525,38185.92764984768,148053.9106416112,78569.30829380959,41649.48206511862,36663.78019570896,107611.6792650328,37732.41917777165,5094.71581309137,19275.50450906402,46031.30955051025,34858.11758360249,49547.01995206191,2094.720943909081,42554.48191148631,31585.44066284291,19389.17015023989,24200.06329465568,67712.57159272919
7496,29994.96266358951,20128.7226180586,72795.51181111374,52404.41186128525,79558.04980196194,47286.59088741947,16808.86806627761,23370.19762779024,26043.22603063517,133670.2233872132,122907.5386144935,52040.46773803394,48334.16151233989,40773.55498185961,152735.7742875624,78571.55809990739,42851.38447083315,42402.68271850017,120280.0541453763,38408.75758708158,5409.910188839605,20246.17977706141,51588.60368552415,38523.00496183356,53962.08918922769,2401.193680940037,45504.69901991366,30577.69660723564,19318.61698854946,23398.69531635506,68666.42432460346
7497,32109.51251247032,21605.02326480656,78771.73991573995,52451.97758377465,80319.87236984854,49389.03753383625,18104.88556335459,23719.28049081325,29686.40265821027,136089.7873194188,128866.0361043736,52550.49286353369,54601.94237073972,42450.41060653942,156505.0691935499,84960.16685855143,45678.74701520839,46169.29657991006,145480.8866483716,45523.60537615359,6827.430100704194,22384.69065540575,60007.81658514251,40113.48181764882,56185.70429112131,2708.154456297653,47828.25219197314,32126.59433568397,18683.63851415193,22905.75847618829,68975.73551211323
7498,32883.47725713375,22334.39921581337,79694.67833225727,50025.72233513722,80163.33658096226,51485.87520601572,18996.18499763064,24076.39778497337,31381.47185741906,139089.4642949122,127324.210975307,50762.45519205547,58591.28610483709,43848.21997693017,160207.2871637777,88150.23855911185,47919.98657790879,47351.46721485999,151903.6720562251,48820.41479619024,7729.403773460267,23841.92936789055,64964.69143119519,41038.06549687238,57892.87730907042,2764.633591509163,49367.90045082806,32532.8448039143,18178.0075097048,23157.85671316912,69199.80481509703
7499,33665.74842781809,22909.83347111031,84464.32784432895,50031.74536682869,81095.7470699576,52538.8666351592,19681.31237977511,25565.6758133822,32124.58922092549,139963.8955146283,121251.7912377585,53208.83877906085,61493.71383888128,41879.37593896932,163394.6896433353,94114.1156326857,49443.73925913662,48817.9992957358,157660.0354709927,49781.14107113954,8151.135950980969,25273.4490337572,70969.28578262827,39609.13634171541,54524.10580770569,2839.195629716104,49517.34375555601,33360.72402346649,17872.27713415803,23153.22380063818,69691.44585507487
7500,33677.49282467619,22510.61753990779,79990.81716196788,50909.75867754213,79500.01896140508,52532.40599351486,17679.31488903553,23460.95331834033,32352.40901903668,133492.3652990488,129033.4375494178,48254.43091761613,59429.99304555276,38933.24390394977,161860.2165914533,96895.84907041027,49507.8236656687,48266.61028417113,148537.0905849817,48223.84138915642,8151.143889790656,26136.86935275329,67452.06474909787,37400.4053331552,49535.52723968615,2727.581995394984,50601.17152131329,32017.34533363033,17872.27713415803,23515.12919964624,69814.60611441957
7501,32504.13729165566,22156.69920029371,79097.624753001,47917.6846680874,77595.51589220169,52012.49170528979,17655.43754442056,22698.76359004384,32578.35908109372,126924.8912801846,132053.0355036184,49519.80453888897,59074.78334871461,39303.60633493747,162627.4732554927,98117.5641872148,50932.82396590852,46566.27225848936,142895.1726685023,47145.24429287222,8594.847528137638,26934.08056278474,68064.62724223355,37231.47434258428,50092.71634512871,2555.994813547795,50981.84837174002,31949.28264612236,18178.0075097048,23767.64116671884,69924.09455953796
7502,31740.39337014453,22411.88410377147,82456.96390315409,47238.38526582037,77063.09435605773,52002.95683346955,18120.52680264046,23039.06780447875,32784.82546517433,133402.6819797835,130062.0481652207,51323.13832973359,60230.29535601778,40349.82290056047,165686.4293748167,96973.36210825465,50939.23365221594,45912.4802664711,152694.1995017883,48821.24752428096,8626.828521888456,27143.79030791367,68978.32033090456,38508.19865573965,50656.0246139882,2505.716870272331,52194.6418743648,31908.33692414105,18272.07839469924,24015.12982302774,69780.39317168514
7503,31736.71410631519,22381.53160039191,87054.82997337198,48627.17836414239,77574.19798651725,52298.72256349036,18120.50863316849,23380.08719862015,32699.46940971195,138045.6228690816,128908.3322135467,53671.50936841356,60230.27962566997,41069.84255667616,167231.7670342987,96015.8334713198,50946.35656231474,45434.71934698668,153701.0244761221,48823.43251713942,8467.410167064272,26869.09939281119,70019.51720692689,39457.33903628837,52337.35246935292,2495.593430231432,52758.97392577948,32285.33835284185,18107.45434527388,24385.23522060604,69778.64949976237
7504,32521.00142225047,22496.94220807712,89033.61568068979,50723.9619092233,79405.87969755226,52795.73459722186,18556.47845527236,25242.893089386,32695.84384377942,139403.4690536181,122559.9861333084,55795.11624712242,60448.00116705205,42532.29981099516,167234.029999846,94598.17288359754,50885.82765674993,46042.87726404708,153812.8488161099,49603.76290485729,8046.442423583182,26713.95214095969,70002.67172244615,41661.59115096511,55087.62254246118,2504.434162679881,53847.95693447324,33175.98167004988,17931.071436937,25304.31644803404,69823.69406339327
7505,33278.03785579789,22624.1869512845,89762.0580132382,56293.78372823913,82716.05815600618,53066.68509122491,19219.12939167501,27797.6930469091,32465.49241934439,141148.4092620986,112965.6299615118,56757.61386328533,61914.88671874163,44572.50252389221,166463.5508492042,92619.84202287001,50361.85291486239,49185.66957925129,153701.0159351135,50501.38345171948,8045.71959391286,26594.1185708908,70019.51827742695,43176.58149943367,55649.50969794042,2611.825870438367,52042.25109750257,34880.79368857108,17989.86573971595,25369.63667450559,70398.28305171501
7506,33665.75853358051,22411.66056092893,90236.42987424368,61389.11474484442,85393.34488691202,52795.10653123789,19110.26647278933,28137.08520392711,31219.78841900981,141635.4447477977,112146.1310372994,56489.25605877068,59812.82238503835,45610.59219967161,163396.3815267376,92621.52923613972,47237.36522072178,50037.12992131168,141935.675505829,50484.37650820737,7835.44461500433,25953.6825412644,67109.11281316684,42532.24829437723,53451.57713831661,2750.370350493799,51061.85812888171,33622.78049541347,18236.80181248377,25670.15334295046,70366.470518999
7507,33665.7913669239,22012.09538608728,88364.57833490365,60812.46880795019,86656.47122621091,52010.13952830429,17902.53784636393,27118.87158604063,30859.04932893,136517.9893408392,116526.9128242469,57111.02475324661,59385.03971025802,44594.02683143096,162627.7637692553,91374.50131733844,44996.14464800679,50430.87092868498,142029.3144383498,48487.66013708773,6982.029927550939,25147.65901219433,64022.18113947521,43127.01865985019,52320.14243760338,2839.740043509054,51227.31656455224,33353.65763284767,18166.24864805282,25003.32211071744,70568.33142406958
7508,33625.2536953235,22001.98380889424,85001.62226470387,60049.00839250318,84753.2326993935,50919.19343039348,18559.4106350999,26043.85150770536,30110.71716600338,137877.4949307786,116526.9100834492,59739.22438184432,60468.69225702971,41409.63663158709,164162.2900682124,95051.45509769187,47950.1246509298,49479.28828902413,143908.2770818573,50541.35402060921,8150.345980973181,24572.82119035182,64036.34820753217,43127.45808908183,53435.63680654807,3040.866607590882,52142.72661107399,32357.38628406985,18166.24864805282,25302.16468998768,70566.96458332917
7509,33275.35409901843,21931.92783741466,82950.67877726843,59067.54528731228,84416.70266373908,52000.79740563207,18510.42614484253,24415.63201505959,29602.14309722578,134404.6611329544,114109.2801454032,57669.0411245112,61664.90550142141,39895.39257468539,164095.4744195891,96895.84805456949,51781.71156083025,47434.85752220338,143908.370293642,51508.91150182224,8567.440623034487,25770.85393584785,65050.56199190287,40702.40740903618,51384.35148614224,3051.288076465921,51055.58896634801,31982.98559735571,17778.20624916362,24754.27502426908,70419.85429739863
7510,31320.49133719858,21150.76660289119,80534.5213086428,56402.05502011318,82795.62129935966,53595.32357738983,16685.54651749601,21809.4760879786,29029.4746435565,133635.3004462377,109587.4490660924,55962.56486877806,62123.27067309985,36771.82004496289,161866.6353340011,95960.6286967256,49956.17396553189,44001.57521640699,139975.5676208287,51508.90852005238,8887.540139739514,25889.62304894727,61028.7195161744,36384.28718321755,47328.79550408682,2852.764361899301,48576.89197527091,31987.71765428674,17495.99359418033,24503.96629539494,70617.74263720341
7511,28250.39090035341,19990.30168752418,73625.23969393184,51995.75099177715,79609.67659083044,51848.05117597483,14870.09722114758,20371.27262859511,27505.65643619927,136439.6201493199,107964.4491164837,54541.88942070024,59190.41739252836,33678.65895997016,156523.6334408862,92134.76155128791,48322.48813970204,40289.72766607531,136036.4624397369,48488.03918239797,8793.726051969079,24747.89219437007,55021.46228067922,33547.14507892456,45201.31334000144,2540.893878237302,45935.69573187405,29966.36415159097,17051.26615168263,24265.40034601818,71043.45709970326
7512,26347.96817594438,19355.92677095555,69983.19252248622,51796.0721777404,76642.94138394594,48473.8881021697,13908.54216419822,17964.68455638426,24508.69831039911,142204.3317140034,130577.0603990911,53530.96186439334,50068.6783800875,31010.33324046071,153372.1048459533,78860.98642570233,44228.39441484163,37794.03919267887,141638.232392565,41720.88650892875,7321.99170870758,22137.91645854708,50871.24858592995,27930.84839664917,43692.17141553634,2379.734369393828,40959.66429536242,31317.08451040452,18635.17370354772,24065.73588805242,71008.61793565804
7513,24561.28596548688,18343.3556765528,68059.8008854132,50676.98582963798,75710.21027248172,46625.52260496368,13310.43426911935,16944.91186151034,24046.99896761185,141529.9460048385,123132.7981133171,53127.00531191991,46895.09571149154,29528.70954385626,150026.4547103668,78404.19476544768,42012.58224747523,34668.10673184731,135210.2538059441,39540.07854936583,6534.464793621964,21067.66747522652,47714.16824762886,26387.32273946049,41751.15118842912,2198.89724073535,39690.51946423425,29552.90910254689,18393.69023973206,24496.47004490714,69920.18694636812
7514,23851.59287180909,18049.60265782545,64330.69016934343,49011.70790127106,75527.90545661982,46216.45558782269,12574.89568732496,16564.50609105536,22961.72633690656,137802.1368076718,117571.6249274866,52337.10394897646,45527.11919988918,29310.0726027962,147782.6399390523,78833.13375470984,40947.54840316568,34222.58561099431,128336.1790904499,36779.74778353639,5930.811316541449,20339.06624020928,45618.04677699899,25897.10980347044,40795.00611340019,2107.634072611021,38557.91712707435,29433.88284950999,18014.14052797852,24345.57706655165,68385.42542169357
7515,23596.9533949246,17801.57907796385,61909.06810463831,49043.23585585396,75482.45137081547,46351.74478568493,12744.83264982602,16196.60252486239,22246.33752881395,135454.4690922053,113140.063639767,51686.18683826162,43807.92878134509,29101.82222891007,145878.6360858502,78110.4254461017,39921.16361705774,33159.40269393883,121143.1032121614,35169.26233765077,5437.356751001524,19819.86890211918,43477.50499554569,25157.27240171145,40022.36900558085,2018.956542621807,38569.48188577395,29325.76132866487,18088.00120561391,24496.43119865559,67944.85941301333
7516,22873.6731942839,17512.77091462304,60674.61666684601,48733.49524249508,76475.30509867429,46344.67780462799,12903.28280827869,16544.7898736732,22232.97171446399,134483.127580461,109433.7171938009,51683.16451578817,43337.76204230816,30159.82228268899,143216.7723294012,77879.86238688049,39817.04431894081,32779.75650820852,117569.202372053,34367.12024355285,5086.853378182789,19451.53024832879,42427.13049215495,25164.44975369556,39480.89390395366,1933.746520172744,38005.21329506509,28911.37261617793,18042.40608644292,24640.0759861649,67939.93680781721
7517,23561.23475217301,17654.16573177648,60587.70658850953,48733.64241950693,77756.3460088669,47063.4342416971,13409.60600756368,17939.04163687483,23170.36639284827,134398.8381984773,106933.9683437856,51684.18306819656,43185.535485215,32423.791661805,146316.7006836018,77630.00241444708,40326.10036329404,31574.30236319056,113165.9878505619,33697.12785444877,4891.064378953679,19072.32812639394,42399.84980530886,25898.08265710244,40608.96606496214,1918.769446726082,38584.65512937437,29966.76009315612,18689.74394645143,24855.61392948741,67632.69820393056
7518,25025.8240836064,18083.94176652086,63427.648893446,48841.79252142145,79696.42706272165,48781.76520179852,15498.61538795569,22272.57902850106,24663.50664656315,135696.3859772947,109431.3951692849,53501.07369209369,44748.17345591449,34406.37690972498,152309.8596192332,79344.72183241707,40282.94545021446,32761.03923161284,110440.5305317129,35284.45960644162,5139.60637516609,20116.11462683102,46037.46918459561,30520.72775071186,43656.96490052728,1934.463487541024,40912.61477391409,31644.74642480288,19102.5202655326,24927.30983938915,67886.39147299313
7519,26772.3109884476,19395.66116878782,77996.21215290063,50042.13800824625,81262.71753469027,48039.87563430893,16591.95226159946,23552.70755583714,25285.55919636173,132164.0744498253,102215.0642908025,56851.22987827044,48756.43248597869,35787.33869731888,155364.6735484156,81092.18245760731,43099.62605743948,40324.65154358459,107256.6333940651,38664.90797927554,5504.312183765908,21368.76890789043,46658.16750608858,34568.31010031165,48584.09784500112,2126.376522215411,44695.62110675865,32937.94911592059,19461.08978267138,24525.27965261242,67771.89616998335
7520,28866.94705835574,19979.88973572586,75478.75993358079,51797.14318641591,80892.50016538096,46430.8095386042,17044.44963249257,22736.07583959276,26380.59332167158,118787.1446344666,97001.16309450885,54363.96722191777,53039.15614338519,38014.59715780013,155590.4373473391,90010.41057292277,44989.89954352119,39308.35050188603,104226.4563051727,40193.53857114694,5860.806600179158,22437.53251795488,51563.25638303828,39271.66781505216,53512.13929125341,2379.070624779587,45769.00444487564,32647.49159290945,18386.98488629382,23930.09746155614,68515.22387510147
7521,30433.23873884381,20921.55964788501,76202.33271869816,54858.62900371196,81777.30352743514,47674.90585771646,17092.96021380981,22819.65444601282,28387.71694708607,118108.7316874366,100782.3558041512,51661.16588750002,56333.32102357703,39939.20698340216,155590.4373312636,92140.87662950862,45960.4316481578,39726.08340995057,107398.5070886938,42937.68226946567,6776.426797730385,23581.73261055471,58148.75400852902,40719.18846499539,56457.71688217764,2648.927317820931,46498.79077392523,33383.77501609977,17522.6215210012,23300.66310946422,68698.06880307409
7522,31386.40986553722,21580.73829218228,77017.48817706184,53029.56167302327,82394.08424228973,48926.9957689967,17231.37138646963,23929.77844764056,30522.8201238185,120485.0139877344,107441.570422346,50829.49310887644,58214.88200222389,41208.21145702669,154353.8993815633,91064.0092772407,46906.73592179838,39723.43212128822,115598.6827859641,44793.863675099,7623.426825618106,24929.48977168683,63306.58329665178,39233.54081754988,57634.22011150531,2808.168342844594,46726.73165477838,32611.34793295909,16833.60795187678,22988.05384174532,69573.71682994229
7523,31850.52969820063,21783.80116474661,81138.39291062564,51796.07186654327,84252.21087577318,48598.22863028799,17729.30829726949,25211.00353783675,31065.07686540241,120898.2651153304,106697.6535068017,50939.92020748693,60073.91546566147,39603.24118789819,152493.6816259938,91990.33720810902,47543.3689850006,42710.65456763341,122918.8175544214,46624.70006620103,7564.060092333609,25702.23436686757,70483.8200241481,37719.18184812494,55834.03744092807,2853.469561583829,47059.15255533825,32938.09949987839,16853.81416133215,23059.17394560782,69322.65070947049
7524,31399.03544347925,21243.57170701407,73554.84468845386,51796.53536120433,82737.40514810634,47744.605732779,16824.33874145505,23561.64308088199,30703.36261621354,118545.2984026729,102220.7892157681,47160.83080586486,56307.08984734125,38236.75574347978,143775.2720687537,96303.79377408195,46789.78853635927,40679.32251061082,126484.7531664395,46653.78974277502,7298.98131830579,25722.66467754365,65737.48658765809,36026.48691158093,50882.62906735113,2806.111883014324,46572.45451266727,32472.21843838885,17589.18825589602,23347.84565557645,69377.83978840614
7525,30933.43980366313,20502.77954064883,62359.53919404616,49274.69841056477,81718.62842142029,47346.86906927771,16957.0202744756,22453.70704180378,30671.55934449086,121020.7072770886,98431.9881691406,46238.97041214615,53825.08063994813,37342.77849470267,145024.1015466297,94411.2612049965,47554.03473313076,37793.99471542029,128152.5403330275,45091.71896871541,7365.443413956143,24802.13449168744,63445.85675532893,35637.13811478693,50296.06585362605,2589.879102097889,46296.48666554053,32245.36264387364,17966.59797655117,23060.83974047473,68268.88937265791
7526,30245.45697536384,20298.58975196414,65527.49171290099,48203.3531128436,82068.74373025517,46951.64709289013,16203.3994328731,22616.77251890624,30276.68659078896,121235.9172163362,94012.1936050323,46755.27292970646,54373.64425497746,34740.48829481123,150022.2884580239,91314.94859279686,47586.10807383776,37214.6217789983,131832.6273203381,45398.18693210768,7564.514602762994,24636.97130037749,64609.99509198775,35798.66170237637,50263.61983365654,2564.265515643731,46845.59700307596,32054.31221945185,18106.40421203904,23060.68955837299,67717.04636252634
7527,29792.75490480832,20250.60444340047,69358.28674771564,47623.07265312744,82558.24835393812,47077.33607788641,16823.14171471574,23189.09634554627,29733.57461754107,122135.6869393549,93190.90217811275,48339.34892239382,54329.61861173441,34394.80680408691,155637.7927967896,91118.48783106261,48607.42419374169,36635.08655461203,130049.8947162892,46624.06312543727,7625.142570124834,24005.31179131977,65649.47393895076,36270.39625372675,52056.98317264461,2510.591031593272,47974.50359235328,31501.27476356112,18013.24042496328,23491.87258474021,68072.09555087054
7528,30934.55374904552,20868.73397997827,73646.39140586268,48734.77108999674,82952.75951308759,48314.82144765397,17892.77091211556,24758.27016007365,29810.71157221583,124415.1742242984,98485.48688083382,50828.66345675693,55701.22922977066,37268.74611297488,156825.2324889014,88868.29707583426,49037.90040628559,38178.76336950947,131833.1129367753,46938.8290606319,7682.834901448023,24849.39663691789,66706.60485475103,38719.69507386272,55578.44053206134,2564.874456950036,49018.30106774838,33833.88810793671,17981.79282730825,24273.7637604772,66752.98056029812
7529,32266.27995105395,21636.80454361799,80901.67925022905,52348.27245588427,85266.79067738088,50332.98499620152,18918.09149256754,27985.07765671036,31051.62208294444,127875.9139630425,103712.1972950985,52734.99976610811,59133.18067813206,42063.04792143499,162377.8510495198,90792.2299035973,50722.35268820823,42445.22814111698,132649.522243462,49984.16172453352,8114.35655731708,25884.78874362298,68816.5900711455,40965.81122151222,58215.99066868808,2650.750668441608,50373.41202551853,34442.13074870254,18384.78264953066,25286.72812968243,66697.89519137467
7530,33249.27101470835,22599.2917031493,92749.95690967758,58052.55401051659,86726.74660455532,51834.5006223505,19883.78820825732,27235.41474331876,32071.57149895672,129965.2025754797,107439.8716213759,54095.43376572523,61650.91895711137,44356.77287852712,169197.4590402642,99285.5423861936,50286.2625260019,44819.86472892914,138073.5507196811,50912.09905766288,8291.743635777904,26465.26465797372,66835.98418193856,42701.89557577889,56791.79903090783,2735.664768126124,51343.91047367896,34864.32087073658,17620.52158693729,25146.74049353703,67308.92524765611
7531,33684.71687104034,23043.71336276334,92278.90059056807,62391.99843510202,86328.04240450087,52540.82587327526,19447.98784877918,27202.97277876199,31993.48174806861,129583.3215112538,106003.730820913,58311.9018361236,60533.39829859127,45039.36625587842,162507.9489614692,97428.62021916694,52031.77665827003,49380.38800926012,141640.3400602195,51835.77478686368,8783.936803794255,26981.30504833306,63567.70104565498,41491.32152910168,56151.55377080225,2763.047545211047,53883.86542946625,34827.32183440273,18516.61889174836,25559.48847353979,68910.16174086004
7532,33684.71687369749,22635.22633348055,88673.29709488248,59869.95744979521,86445.9591761943,51590.60758200309,18938.00097224877,26130.20411357427,31375.9955788863,129202.2882865784,105843.2961507017,59587.13706391697,58678.8836837478,45464.0303609055,158569.1637831781,95125.0857793742,51009.40139561491,50151.15887122184,140747.866108387,51834.45473624405,8773.955481938114,27053.6829655474,64595.50033218863,39730.90474337178,54111.75188449288,2993.669894648679,52702.42580107218,34240.32376007607,17985.96361163447,25007.80134971547,71458.40770007957
7533,33224.1900278901,22629.38103865134,88718.50977821423,59313.30674501849,84941.85222774211,50842.4201163317,17868.20661240057,24478.1808379279,30670.28653433491,129906.3483800125,103228.6678823854,57521.14322118284,58043.26483786803,44225.67578669133,157445.2701724478,92168.7841297257,49917.1871094574,48632.76571728857,142529.6335542846,51127.24588418131,8534.586992288256,26271.1961534226,66066.59292460469,37752.9135826131,52052.70179726063,3022.118453086111,50579.11810314016,33198.36198474623,17703.86277555538,24712.29710773444,71739.48045218269
7534,31585.54699807778,22064.01202360505,86103.69799066673,57820.41416792369,83673.39387044376,53338.37125179562,16583.26655815645,21903.15619951099,29282.73587349804,129919.489893046,97742.69173600514,55257.52718949996,56306.65501094417,40339.96200674136,154300.8413706236,87846.23992673308,47010.37907126992,45370.0190896787,145235.5121278097,49661.57989335853,8292.213250144281,25304.91630905073,59682.3567561685,33836.16646438204,48538.13101052767,2945.558025402324,47287.05022164091,33579.30471893922,17500.69198356452,24777.16054874139,70924.88183848928
7535,28882.66786490698,20765.84304210204,80505.51372443487,54348.55139290047,81167.98463766277,51280.07151112496,14843.43688686682,20256.39017870428,27507.58423754159,122846.3884426015,87380.39518284782,52778.58555710744,53336.73673739905,34743.80324732798,149886.2209234409,83527.80649625129,45375.87509579981,41285.0879605129,147695.1658882257,45484.67949313219,7807.094792798324,23456.29463290031,54044.02228508014,31142.67677398341,45893.0000549053,2626.859648267119,45248.63610122068,33643.12733391784,18440.09253598387,24718.035257922,71208.79508118525
7536,26418.64803559267,19488.97441116468,71932.30619006288,52199.01610434273,76773.58560073216,48094.32046116572,13937.294160407,17738.00059688935,24422.67827392841,145464.1049218963,126070.7118303912,54105.45188674355,49711.72537388015,30735.67179003195,155157.7391445861,79412.09141935883,44449.09975873083,37788.94471007479,139859.0944887639,41704.38867751655,7281.973193377868,22419.25841215445,51566.51928215257,27844.32990831535,43745.55307765957,2347.270330512064,40735.1739637725,31599.56134332082,18714.47318046751,24269.77773907489,71066.63623635493
7537,24595.12176345789,18461.43306340714,70033.85007521801,51070.23643497091,75871.52332217859,46274.03261506998,13328.79809202573,16695.27388079822,23931.75135235602,144719.7965292944,119401.0555112231,53674.04843693794,46410.27938687006,29211.62352722134,151347.6239775768,78952.13516366559,42118.5651236561,34654.81877530293,132985.6161414087,39528.20073522035,6506.243855052987,21216.88300669685,48318.82882375315,26355.20628116315,41677.61788167514,2176.246461601642,39442.98641044257,29881.29864713694,18531.3871227763,24712.25919121203,69819.60513664347
7538,23870.79373584369,18163.33708334265,66353.0848553847,49390.53417376339,75695.21281257266,45871.17954263059,12580.48438667731,16306.30557266202,22777.77623850262,140605.4749566944,114418.5451620456,52830.47709023359,44987.18724269988,28986.72617239877,148792.3081657977,79384.04578854845,40998.38973232744,34208.12988587544,125635.1243688637,36773.71769923989,5911.633431735228,20398.33310006421,46162.54739587112,25882.27104881462,40658.95459032635,2089.935756397277,38289.8204304422,29765.37005548501,18243.62306918529,24557.25094977705,68061.20669821017
7539,23610.90321177414,17911.64662433647,63962.85754651538,49422.33521772255,75651.25328800407,46004.4136259052,12753.37288122044,15930.1208803841,22017.10020382582,138014.392791228,110448.105968507,52135.33330464434,43198.73081949923,28772.51279198497,146623.9780460504,78656.33064725107,39918.86443313149,33142.16022866044,117943.5226259451,35166.64404875565,5425.57108099252,19815.03882029604,43960.57076730932,25168.50944072007,39835.79806332594,2006.070377773524,38301.59516007306,29660.06240008104,18299.62218429235,24712.2192855173,67556.44386096457
7540,22872.70789071281,17618.56860636515,62744.4099691294,49109.91168782143,76611.46131046051,45997.45399603443,12914.57506438192,16286.14556376202,22002.88827522844,136942.3391734707,107127.4200435089,52132.10562995145,42709.62111103662,29860.80744312387,143592.576955099,78424.17027601872,39809.35441508256,32761.51894109462,114121.9277483252,34366.20128371097,5080.318437217468,19401.22731932847,42880.04987874557,25175.4338247561,39258.91823241705,1925.484339843752,37727.08165163376,29256.45816480227,18265.05323084489,24859.78165817233,67550.80396111647
7541,23574.44799714149,17762.05386067167,62658.62662346063,49110.06013965371,77850.38072481827,46705.29214204917,13429.69228425161,17711.78048197012,22999.62411847099,136849.3103717553,104887.7802949609,52133.19338807819,42551.26136165785,32189.60294444159,147122.8576360799,78172.57930497518,40344.76655877953,31552.9051445976,109413.5424815751,33697.6282659883,4887.462462502274,18975.21121259307,42851.98621964455,25883.20961392522,40460.75018284269,1911.320008299641,38317.04389062228,30284.37915476405,18755.84682354279,25081.19790908779,67198.7962565871
7542,25069.23935294354,18198.18387506397,65461.75092258584,49219.14701797058,79726.67059497304,48397.52074454725,15554.98440167549,22142.8612866852,24587.28665185668,138281.3924702502,107125.3396351497,54073.53295744413,44176.85785503608,34228.9572082072,153948.0260887109,79899.17808441451,40299.37732358762,32742.7526040922,106499.1936524208,35281.59727342123,5132.281165932668,20147.85723817519,46594.00748089491,30342.92817887008,43708.04455997469,1926.16240045064,40687.27020644355,31918.69584772628,19068.80236830239,25154.84916200272,67489.45629789561
7543,26851.74143209157,19529.296258121,79841.44223002337,50429.88967786224,81241.46037163504,47666.90087261832,16667.31078041483,23451.80417385348,25248.7178366735,134382.838453683,100659.8975272255,57651.31608103795,48346.60922803458,35649.46122566703,157426.929265157,81658.744898059,43261.89003461919,40326.1901237898,103094.6322120048,38654.88420419274,5491.523485361982,21555.1565886627,47232.52022059347,34247.85226067078,48957.34154765066,2107.661133193403,44538.96118573436,33178.24290458646,19340.65982083294,24741.85451549749,67358.27737609991
7544,28989.5720332372,20122.16229230702,77356.6271421972,52200.0963898995,80883.41600106086,46082.27734334156,17127.6673037224,22616.79092823935,26413.07239024456,119618.941482691,95988.52409539034,54995.05593634318,52801.88337990444,37940.49463401899,157684.0350710779,90638.75738132319,45250.03140055138,39307.22522540041,99854.44459649138,40180.2764092552,5842.677423676207,22755.8632457272,52278.38812265722,38785.43870592972,54207.60644013096,2346.642604487335,45631.83298054244,32895.34454629786,18526.30330996761,24130.44008273502,68209.91866037117
7545,30588.16299277039,21077.75422657358,78070.81927653131,55288.10023740742,81739.12642718067,47307.47518028212,17177.02043590692,22702.25080203864,28547.25568080661,118870.1882940306,99376.26822391886,52108.61230108623,56228.76982337948,39920.21341687816,157684.035052771,92783.98304004522,46270.81227612348,39726.05306553382,103246.3386551654,42918.60666984649,6744.581138200167,24041.31931408612,59052.8935233107,40181.94105144124,57345.78268770848,2601.855325667311,46374.86938415754,33612.4661739159,17870.96700468359,23483.83933908286,68419.40673435103
7546,31560.98993490507,21746.67842984022,78875.40677428851,53443.1898600318,82335.62697291268,48540.54518249093,17317.83558828411,23837.36253869314,30817.52018554894,121492.8519051758,105342.5642991948,51220.43137268973,58186.13869980346,41225.55435328372,156275.8328182866,91699.65528556907,47266.11093795008,39723.39482750043,112014.8386338385,44770.85577593612,7578.892650109667,25555.46236708553,64358.75563960491,38748.65550602073,58599.21240582217,2752.45501938531,46606.94878274881,32860.14152605414,17348.57604642305,23162.70436399322,69422.64932175483
7547,32034.68061326235,21952.74346458957,82942.88665687405,52199.01579044999,84132.65713974141,48216.77219079004,17824.4208633099,25147.42667120942,31394.10414003459,121948.9503638797,104676.0549842049,51338.36145947975,60120.0724297538,39574.62763273128,154157.3674685935,92632.40070037947,47935.70533113807,42718.44717086831,119842.3052553731,46597.81356062424,7520.415262420271,26423.60530431391,71741.98341331,37287.67057787388,56681.32352877734,2795.297934181715,46945.40515087539,33178.38937479776,17363.89583342466,23235.76410706774,69134.99924251872
7548,31573.87587116358,21404.52703992038,75457.65420753627,52199.4832998171,82667.65925399508,47376.11627731762,16903.73344010642,23460.9408282603,31009.49180385241,119352.0197825467,100665.0267503113,47302.50117945336,56201.4817957585,38169.01447164678,144228.6112806978,96975.74035345855,47143.10866534702,40681.79072936777,123655.382863983,46626.84161104383,7259.307511000477,26446.55781673446,66859.42732911315,35654.63518786976,51406.16384604086,2750.510154859751,46449.8705692072,32724.63288026178,17921.43605491462,23532.30868191768,69198.23016710137
7549,31098.67895230092,20652.7827078504,64407.48857108855,49655.80265874833,81682.3805985324,46984.42144444367,17038.71943820824,22328.06630291342,30975.67524654809,122084.0877598336,97270.4659634084,46318.00482296538,53619.4726933785,37249.43922719474,145650.8114336823,95070.09655565234,47946.92329256665,37788.9001162356,125438.7582786742,45068.08006644499,7324.773968711227,25412.38457975487,64502.02633099863,35279.00910753279,50781.24778520239,2546.011404785976,46168.89222187427,32503.68101380201,18207.57762666976,23237.47533270411,67927.68966422738
7550,30396.50888823556,20445.57409620509,67534.37064493934,48575.17756400449,82020.98387804376,46595.20309925402,16272.00941324723,22494.80221406457,30555.80532813446,122321.6114228892,93310.56911771788,46869.38760374983,54190.13787988194,34572.63548305724,151342.8793388376,91952.33307728943,47980.65721301398,37208.0085682902,129373.8986782254,45373.89878088507,7520.862964038969,25226.83134661669,65699.57614382921,35434.83974727732,50746.68025946119,2521.787758433271,46727.97226235896,32317.60268173143,18313.57483282076,23237.32105472685,67295.43515974889
7551,29934.47142333218,20396.879353775,71315.50191242735,47989.87082107803,82494.39325698969,46718.98280198195,16902.51562293562,23080.00845393829,29978.31200209657,123314.6724370103,92574.7364260218,48561.09391180549,54144.33844801311,34217.05580609094,157737.9647137125,91754.51125999198,49054.85141857488,36626.95430700275,127467.6113768709,46597.17796921238,7580.582691840855,24517.19100109822,66768.88866401883,35889.94787125846,52657.30391813818,2471.025959724238,47877.37539410363,31778.95804026495,18242.94063606969,23680.26361827239,67702.22014120311
7552,31099.81586890456,21024.14756300483,75548.01408126614,49111.19858648087,82875.932621082,47937.67011340075,17990.72256118005,24684.50273665741,30060.33206188124,125830.5049849954,97318.39791513367,51219.54534971446,55571.21111639072,37173.28701457653,159090.2525494011,89488.731464903,49507.61530248376,38174.6772988134,129374.4179509673,46911.27707629438,7637.410761010905,25465.48142162983,67856.35987812512,38252.92041145169,56409.01423676234,2522.363655091863,48940.12416226728,34050.8650606267,18219.09794064226,24483.47909897557,66190.89105049745
7553,32459.00425866907,21803.57358701232,82709.24183520317,52755.99944029987,85113.87686787482,49925.17668848424,19033.85131298015,27983.94230916146,31379.79761126058,129650.0663979268,102001.2477133708,53255.40800699386,59141.4355346564,42104.86806266511,165413.7219311513,91425.99305844789,51279.27918355061,42452.32502730223,130247.409610238,49950.1582370142,8062.467990380358,26628.69673274799,70026.90294968209,40419.87151408835,59219.02243890907,2603.579730825934,50319.83865194848,34643.27817057109,18524.63363519693,25524.0697693837,66127.77894797326
7554,33462.26606950254,22780.29053910688,94403.91427705226,58509.69043846059,86525.82845184985,51403.88349681478,20016.32062927039,27217.40526440098,32464.3142664927,131955.9798057459,105341.0422654203,54708.27692835237,61760.61322923181,44464.27115822375,173180.0725014681,99978.14614668282,50820.61069079417,44833.18584524225,136047.3577252379,50876.12974528375,8237.197714997876,27280.83466864248,67989.45247045593,42094.76704862482,57701.70903204074,2683.885904457551,51307.95756830896,35054.48078350703,17945.19211656799,25380.26428858511,66827.84490579617
7555,33906.69147121422,23231.28270510568,93938.96489689848,62886.722336979,86140.23391688743,52099.47929298838,19572.95111764305,27184.23306501195,32381.28109434566,131534.5039689713,104054.3377946057,59211.23364591953,60598.06777863415,45166.4098006756,165561.8808860407,98108.35945534294,52656.4978662394,49405.66284790072,139861.3482311793,51797.84867778484,8722.017564630365,27860.58226313744,64627.36762634091,40926.86005146637,57019.60088656932,2709.782735010641,53894.02820373785,35018.44464807287,18624.58821373024,25804.26903177039,68662.40467547064
7556,33906.69147392614,22816.75644128982,90380.10570662603,60342.83589393204,86254.27350498107,51163.69532095736,19054.10658833971,26087.31749451326,31724.7053619216,131113.9638787352,103910.597008627,60573.11495027092,58668.83496122179,45603.23366697026,161076.2877907642,95788.8664173208,51581.1896813884,50178.45400014405,138907.0201635242,51796.5314236777,8712.18576834411,27941.89551726152,65684.66537563458,39228.48968939509,54846.42512331562,2927.890193089803,52691.13823769321,34446.7232141639,18222.26011352028,25237.53589535581,71581.9668637304
7557,33436.66787519222,22810.82472729948,90424.73223690993,59781.36358256046,84799.62261531694,50426.87321925641,17965.73161904049,24398.10889559724,30974.32186196698,131891.0234001893,101568.0315155524,58366.74680108373,58007.6070975953,44329.42025409083,159796.3679190477,92812.08387993016,50432.4265956442,48656.08094104848,140812.2754151346,51090.82078565685,8476.403147413968,27062.80764831091,67197.97921749344,37320.21342714707,52652.74260202207,2954.794969586685,50529.27954996697,33431.87852160976,18008.37909188419,24933.97244670977,71903.99597407646
7558,31764.23357320842,22237.0970721133,87843.8197843673,58275.53984300894,83572.87203096198,52884.90953469371,16658.47422025624,21765.12313458697,29498.93320245943,131905.5274715381,96652.89364602396,55949.32898938053,56201.02943984779,40332.44359282121,156215.408947284,88459.59363181966,47375.12015501684,45384.78223184305,143705.6885675072,49628.25979184001,8237.660294288467,25977.23677857059,60630.51159975278,33541.51324929496,48908.36913946646,2882.389149802597,47177.44055030844,33802.90721106475,17854.34063825324,25000.60489066764,70970.69858080735
7559,29005.61702635214,20919.7354446244,82318.21233791398,54773.60442762285,81149.84235665058,50857.87645750843,14888.42650253934,20081.29012584134,27611.40673836839,124099.061973017,87368.8364710192,53301.95524204797,53111.45346536052,34576.04535537235,151187.9220192608,84111.24263513749,45655.99062675534,41289.1439689902,146335.8119626598,45460.20810838667,7759.809172355379,23900.39552757231,54830.35351037342,30942.95642013997,46090.28444115724,2580.9851744272,45102.0167764926,33865.06884079965,18566.56805547589,24939.86709190373,71295.98208223794
7560,25857.78883756707,19296.81529997435,72178.78188097458,51611.18104788655,76648.57843454661,47801.05771585162,13759.80578308107,18080.90874740746,24151.9088450151,126395.4318089485,95421.47121521404,51424.98240062002,51629.16004058476,31057.24296433579,155560.7438142959,87888.93138301876,45488.17137436154,36248.22408268502,122048.0454029033,44147.38238844403,8102.745469296149,24887.11861357705,54035.51104507113,27401.17038367204,41618.40315757751,2160.540569996747,41016.07602506525,29785.31460989267,17708.00334807034,24287.39050593969,70434.76537357511
7561,24465.02337064394,18553.09993421797,69720.22079239998,51338.58544539538,76451.31583771408,46392.15223437869,13106.55233033078,17202.58580911883,24162.17593059189,126147.7978337448,90344.9018723319,49322.85506807882,48974.41714083964,30149.82471317753,152971.2191353752,86655.89829817768,44068.26826408811,34672.39058736184,118294.7082465438,39946.97800276525,7188.776511099559,23526.0007438406,49750.03572529733,25855.24974103793,40117.32849062733,2058.052951252715,39776.41408792773,29357.89620915419,17383.56516869774,24154.18421561702,69194.6356475035
7562,23468.50212535055,18191.86268007872,68245.46629122554,50788.90157651657,76491.23231847966,45675.58574237002,12984.24099245497,16499.81233390272,23354.80298492169,124377.1009538262,87939.68527821056,48552.28249553481,46758.57238160991,29095.42287205044,150248.8069541648,83786.87825891175,43869.01117034763,33217.06177286556,113812.3851057824,37884.42171734575,6531.356129051281,22378.81541820823,46630.08751154863,25553.60732509194,39815.2202429149,2002.429403736107,38307.98747954483,29358.86087993141,17828.16563589709,23709.12976988027,68031.80619986879
7563,22872.93154236348,17918.76780942312,66799.61095323009,50163.95696481933,76168.47384546866,45417.73072404967,12526.92128339262,16149.78729180204,22820.60717133058,122479.3665564161,85817.94357382545,47269.98972614435,43665.22577280908,28721.45223231703,146378.4019675451,80488.49231172419,43689.08785138467,32515.38243893389,110832.6168471607,35801.14908312617,5302.261746951142,21598.57172439034,44564.75966875589,24930.54791894127,39219.93030213704,1908.856043244673,37873.61523148765,29436.31173007744,17888.24677981047,23804.73951948134,67200.4311505583
7564,22872.93786568413,17791.34967484235,64267.72697552717,49476.4953522496,75907.47948336095,45417.73073644446,12649.40190171635,15804.19132026542,22370.53448941004,121344.05545041,86219.98340778108,47064.8763420783,42747.77366394224,28721.65360580454,144667.8077436789,80016.92477729019,41766.77114727247,32134.05956480719,103589.6144852972,34059.50260681126,4987.048627580136,20844.09888328741,43003.34973482016,25244.48048002996,39213.83280887314,1853.443601788522,37864.89586696298,29273.74663746359,17623.88974715172,23683.97016890388,66892.91248780864
7565,23256.79228010876,17844.25113956948,65311.03376128935,49476.5496703405,76647.83147419362,45687.42111804207,13980.38273714744,17778.21297697884,22562.33970856137,122745.2336854566,89722.04245346507,49122.73181414636,42337.8987474008,31937.60173755743,147368.2505492535,79070.96634105661,41089.32935014412,31649.27708005757,102338.9010932388,33699.43759899065,4875.594787770307,20042.53745190941,43004.65789866984,26842.48318474821,41788.0448970643,1850.706531087075,38955.74124000168,29695.25997597651,17864.21432280522,24295.30247365324,66951.53400874333
7566,24902.52446981083,18434.88917020088,71974.60436053757,50884.90989406607,79412.28041176886,46458.66834323517,15758.34339186051,23474.27838767011,22928.55599264263,127828.0225970722,93285.36208109766,54268.27629088067,43959.25289811138,35224.02757550072,150461.5839913016,79072.3530708035,40169.79564289321,32953.96123874569,101384.931878604,35088.65742442828,5036.05995577061,19704.52227173514,45572.14083911294,31287.88930001581,47371.39806199661,1850.733746154426,40343.06991068259,31174.65195913611,18477.04199464232,24224.11493646425,66896.02742128646
7567,27258.52870252469,19387.16489875022,76324.69014943429,54813.19786705634,81178.26772284703,45947.35121703165,16530.22601013371,24186.8955894998,24132.85217560226,135958.72099621,104962.3961976969,53175.16780595095,44550.10739136185,38003.56685943916,149409.4336276927,80016.10515466837,41589.14183133399,36661.80315313763,104145.5045171704,37875.59770857703,4987.733869860754,19485.18690951496,47717.8084075241,34304.1489787532,50051.2468593426,2028.147199409555,42270.91081128619,32079.75375358796,19342.2104692353,24434.57901699097,67408.65783165253
7568,30230.15414786256,20628.35893880991,77732.21655266522,54047.52452062626,79819.96988187786,46503.02696267284,16978.35437879952,23162.93956066906,26446.0554885793,139775.1975552331,116633.699878069,52683.71435285259,47538.15236183336,40654.89712018515,155673.1500023459,80018.42457783954,42956.30532335011,42306.06884955943,116293.1825983545,38576.05979678443,5320.445549544819,20666.81464920152,53562.38619353708,37844.67958925597,54816.87726461736,2321.823471960575,45296.76734866234,31102.73742223316,19270.11309821955,23524.81266528229,68695.57532047955
7569,32411.19639775504,22171.92454796578,83702.0524408853,54096.16350330997,80579.43395481836,48612.6655201658,18287.75057717054,23523.53562444725,30488.06943514992,142953.9101028868,121805.2240536788,53275.13974540897,54122.73312600155,42373.03404261406,160715.9697017082,86604.71981471272,46172.42905434936,46010.56972323565,140458.2079876192,45944.68040299202,6816.745823756556,23270.07843760171,62416.82929000627,39381.18846719812,57217.0497579519,2615.967405283073,47679.89316524501,32604.40678745745,18621.23673947433,22965.19790297004,69112.89128907143
7570,33209.49860327252,22934.53319180769,84624.00367585856,51615.16288252024,80423.38277859979,50716.67591661167,19188.25083544907,23892.43110521095,32368.70659442059,146894.7486622622,120467.0367097937,51201.73036048253,58313.71500725048,43805.25507252169,165669.0493033977,89893.50378011925,48721.83813483509,47173.24588573649,146617.0034334495,49359.0806189087,7768.847760794876,25044.01225747722,67629.94918422846,40274.39922115103,59059.77411953527,2670.088310347937,49259.01584608371,32998.27003068182,18104.5389012592,23251.39662757669,69415.20074951876
7571,34016.36843187387,23536.18606567397,89388.55153663312,51621.32181628199,81352.90665656708,51773.2693495136,19880.45074139414,25430.82743399353,33193.17684505216,148043.5364471912,115196.6366583512,54038.55800082722,61362.8435997672,41787.94148491307,169933.373643787,96041.92460958842,50455.10618283263,48615.59425877763,152136.7682289642,50354.07413618249,8214.018207845653,26786.63762649966,73944.95031747637,38893.95641569847,55423.51859715694,2741.537084769298,49412.29066754906,33800.90589183236,17792.11695178946,23246.1370364211,70078.51221409823
7572,34028.48213340734,23118.78058435231,84919.82575335489,52519.1463836539,79762.11869659756,51766.78660773168,17857.7867654563,23256.68849034851,33445.93725043581,139541.5357250888,121950.5158191866,48293.42414792555,59194.81371082269,38769.28075275615,167880.450981281,98909.73486113141,50528.00216889736,48073.29787527942,143388.7955273036,48741.22859585672,8214.026587864173,27837.70118356311,70245.90696622538,36760.17195273671,50038.84161344616,2634.583766797693,50523.90625714023,32498.48896179852,17792.11695178946,23656.9961715932,70244.67737396284
7573,32818.23022422799,22748.73659725441,84027.58870938921,49459.56001941008,77863.51169959374,51245.09383093728,17833.66293662177,22469.36076679384,33696.62323012469,130913.4884177685,124571.2979622173,49760.75203683766,58821.65022762406,39148.76086898975,168906.9392546551,100169.2542273373,52148.93942414958,46400.99911213376,137978.7722798705,47624.1600337319,8682.389585921828,28808.16670506115,70890.13580366773,36596.97311974348,50640.2721233082,2470.161037159179,50914.34312810854,32432.50161423623,18104.5389012592,23943.66459018112,70392.39681758216
7574,32030.47023748847,23015.54853820404,87383.3346863144,48764.93308777414,77332.73846523953,51235.52634285527,18303.55327991562,22820.88865088893,33925.69255320806,139423.7138777428,122843.2718664868,51851.89880948998,60035.56665322108,40220.7334847579,172999.41929741,98989.6464304944,52156.23043968713,45757.98841479418,147375.0385416419,49359.94304879478,8716.147961602044,29063.45172189086,71851.06214651414,37830.37568996965,51248.30766463591,2421.982399425477,52158.23095518463,32392.80439265279,18200.66873208069,24224.6302115139,70198.51801111993
7575,32026.6752785451,22983.81307803764,91976.2828460355,50185.06254077394,77842.2597911308,51532.30380881397,18303.53492288143,23173.15530223498,33830.99213050773,145523.3974886548,121841.9338704564,54575.07104940321,60035.55012779558,40958.47878485382,175066.8773726651,98002.48842178381,52164.3327469941,45288.10596632465,148340.4808961525,49362.20597610943,8547.869741281298,28729.06347092139,72946.08356964249,38747.30988853677,53063.1347303843,2412.281653560096,52737.0316889158,32758.31044623382,18032.44152744297,24644.79853171126,70196.16548665026
7576,32835.62465044804,23104.48216082041,93952.95202998091,52329.15734692801,79668.27087459405,52031.01598859036,18744.00523208235,25097.39892157482,33826.96965518975,147307.273767814,116332.0506683825,57037.60665614422,60264.27622810393,42456.93921826118,175069.9049222538,96540.9603287097,52095.48114181681,45886.23511308038,148447.7090210419,50170.36923483993,8103.506212605004,28540.19876758748,72928.36725987036,40876.76743520913,56031.77915679332,2420.753250013455,53853.93469464208,33621.79662755377,17852.19809570284,25688.20081111636,70256.9386382869
7577,33616.46623105623,23237.52458005488,94680.61521539045,58024.65513036478,82968.20148861043,52302.89333220562,19413.4966694507,27736.45945993958,33571.40047330294,149599.6964898484,108004.8767497684,58153.71937689669,61805.30432163517,44547.36820849541,174039.1053866075,94501.41281261882,51499.46008849228,48977.20151044265,148340.4727061975,51100.00616513703,8102.743210812325,28394.32230899463,72946.084695482,42340.35121004217,56638.28074683505,2523.660923769161,52001.93309253338,35274.62620736348,17912.27923961621,25762.35668674272,71032.16168189625
7578,34016.37885541376,23015.31481003716,95154.47968485404,63234.95582829271,85637.19971837412,52030.38577415956,19303.50996598877,28087.04520579389,32189.32283684125,150239.5414589923,107293.6138004009,57842.53153154286,59596.99284913097,45611.01386438745,169935.6371607482,94503.15223432102,47945.35662187744,49814.62092669324,137058.7124646176,51082.39261694498,7880.781948774864,27614.70320974368,69885.22617127086,41717.88148575644,54265.83001679608,2656.420616782538,50996.40422320881,34054.97184380182,18164.62004517258,26103.52324253461,70989.2409003667
7579,34016.41272120757,22597.54417242312,93284.63029133399,62645.29860726708,86896.41559713673,51242.73360777968,18083.314038332,27035.24959624836,31789.09177965361,143516.4623546802,111095.8003344638,58563.534822997,59147.58824561354,44569.42240741857,168907.3279237726,93217.5367971986,45395.96914249242,50201.86898542338,137148.5026404587,49014.45724669259,6979.937720651736,26633.51022771356,66638.71593649236,42292.47013415127,53044.55820390747,2742.058767105507,51166.10478111263,33794.05496673894,18092.52267135632,25346.49197377776,71261.58727037221
7580,33974.6003352194,22586.97187954777,89925.27126304571,61864.61167594111,84999.06922767435,50148.05567327813,18746.96768060467,25924.77397629615,30958.83583863707,145302.5186848415,111095.7979556593,61611.19643679829,60286.013132462,41306.63800472608,170960.321823846,97008.26872094913,48756.12018049713,49265.97832880072,138950.2359752781,51141.40240667226,8213.184334311049,25933.74549845295,66653.61536942625,42292.89465269311,54248.62400582181,2934.787491437616,52104.98465735478,32828.16152107612,18092.52267135632,25685.75799193639,71259.74315838885
7581,33613.69808306127,22513.72393474052,87876.52147946149,60861.00310069811,84663.58104142381,51233.3595281892,18697.47752675504,24242.85371550058,30394.58554582833,140740.0683101587,108997.4784223343,59210.61088832738,61542.6880062029,39755.11586683901,170870.9312939174,98909.73381385668,53114.54871412551,47255.26105314586,138950.3253558625,52143.47078608399,8653.459509329681,27392.14128930444,67720.25881322993,39950.13066607736,52034.46446093207,2944.773822239427,50989.97432814028,32465.1769087087,17695.98712096797,25063.75711865878,71061.26514032167
7582,31597.36430945582,21696.9705048262,85462.94835017835,58135.36942660549,83047.51831572254,52833.34015010178,16853.75978997949,21550.74342180347,29759.22412553039,139729.3173909597,105072.8717938349,57231.78016220166,62024.22087414827,36554.64636057158,167889.0384126635,97945.57541338119,51038.00045053248,43878.59496275995,135179.1691280591,52143.4676979602,8991.34893903847,27536.72195730249,63490.50767510223,35778.53267096477,47656.89304355053,2754.539268028431,48447.7270226112,32469.76467767327,17407.59762850347,24779.58996295138,71328.2518111354
7583,28430.72401118293,20483.63110953548,78561.05695259411,53629.64273695518,79871.43684150821,51080.09079428539,15019.56973287353,20065.10616687004,28068.58568665905,143413.5044914403,103664.2308586546,55584.36419666232,58943.12890050367,33385.33697643132,160740.8062174244,94001.32221070828,49179.68349577861,40227.95728151651,131401.9694382968,49014.8498118136,8892.321021278085,26146.86389302127,57172.70600032136,33037.6603248562,45360.48654498479,2455.690626391216,45738.81421183985,30510.04546862782,16953.13635909464,24508.75399335515,71902.61656234923
7584,25861.98941380771,19427.08290198918,73668.98327381696,51882.17571087545,76998.63442229392,48189.11415450364,13875.92283158345,18099.23033368332,24540.17977227492,127965.7319854004,95377.51416578554,51859.84175579103,52107.83529213408,31230.15679175145,157538.1032897443,88889.02001969657,45633.84281782102,36725.10241230297,127507.8697770687,44143.78282654076,8223.586442505282,25214.46765366632,54746.4238703762,27533.57773393949,41242.22103273273,2154.435312428714,41692.26516037635,29638.58564490021,17863.48113316797,24476.56946189405,70421.21327860907
7585,24468.00214324378,18647.33941676286,71210.55754808131,51616.65544244941,76796.52506709585,46774.15942103392,13235.47970197824,17211.42992408865,24550.7249914354,127739.8495990818,89794.72181631217,49794.57851378958,49458.85638237756,30325.44155624508,154859.0629035513,87604.11680147213,44247.97284627513,35204.26586753649,122972.0395130669,39940.97059426659,7309.446157192262,23862.57779072177,50506.89005466131,25934.75988914418,39782.55967358137,2047.337568892995,40396.81356971063,29196.70797609227,17546.93978639987,24351.43099146885,69544.02997778045
7586,23470.60669959146,18268.60259283065,69735.88424356989,51081.23885069093,76837.42229910461,46054.51629163576,13115.56689373269,16501.07322958536,23721.48045142874,126124.6865894267,87149.6629402203,49037.51913649409,47247.82267547582,29274.18056519048,152042.5413076401,84614.40539232659,44053.4916729933,33799.7283625867,117555.244776028,37877.23196575018,6651.902539078539,22723.17006775838,47420.3885656817,25622.79608967013,39488.78632227791,1989.211948457233,38862.30199956605,29197.70528101286,17980.71866819842,23933.33187272229,68721.52362886156
7587,22874.51365225277,17982.2780713172,68290.1085111144,50472.51494050016,76506.73362364137,45795.55415150701,12667.2152402222,16147.2712711043,23172.81336505878,124393.6447405316,84816.34637252541,47777.71337634301,44161.19235505306,28901.32390844262,148038.3426396443,81177.26589413239,43877.88087030718,33122.53779840728,113954.2565130187,35792.76511296046,5422.577758347879,21948.21621273103,45377.20161984737,24978.41728428465,38909.91989865728,1891.429446663374,38408.38129519563,29277.77623970482,18039.33743571366,24023.15088797922,68133.46554538107
7588,22874.51998112055,17848.6873659026,65758.3639332437,49802.89668461503,76239.32660840919,45795.55416395504,12787.29400932012,15797.94617470835,22710.54829153815,123358.0567052965,85258.47662971134,47576.19697626737,43245.7322224227,28901.52468207919,146268.6159220617,80685.8608782788,42001.63947273955,32754.52318008095,105201.2380799388,34050.12025240601,5107.305551023928,21198.85849108749,43832.53044076721,25303.09176426036,38903.99062978012,1833.524428315929,38399.26952503894,29109.71168275165,17781.4148591931,23909.69609715144,67915.94778898342
7589,23258.71113186739,17904.15155876352,66801.61327688298,49802.94959285689,76997.86910906322,46066.40248347036,14092.17426383579,17793.26834948114,22907.54948111108,124636.1587231219,89109.7523884204,49597.96473411114,42836.74722818434,32107.8931540394,149062.4086963224,79700.1087083119,41340.43503046635,32286.65971528089,103689.7768338641,33689.84884033868,4995.830818748525,20402.7314269288,43833.82458073153,26955.77377773118,41407.18250832087,1830.664237986453,39539.20722203425,29545.48452517422,18015.88992925402,24484.00223053677,67957.4126600788
7590,24905.88704029231,18523.40211847641,73464.81699493462,51174.75523178409,79830.2407863246,46840.96112229504,15835.26904768324,23550.79668472301,23283.68650138716,129272.4873511503,93028.39748361013,54653.27404072499,44454.58108730912,35384.5293933412,152262.6737050581,79701.55377376595,40442.94129058866,33545.81009747514,102536.9247839663,35079.86502439321,5156.326066582807,20067.00789720433,46373.78337994687,31553.28960644905,46836.49595207208,1830.692677249058,40988.9711289262,31074.92331312119,18613.80136173462,24417.12626322634,67918.1510807621
7591,27263.95807794755,19521.80934476831,77814.6632779004,55001.08283028903,81639.61855211134,46327.44861379841,16592.01502071022,24271.10332376094,24520.60686096297,136689.0042298347,105869.8367169956,53579.33492271906,45044.15271456752,38155.78899128038,151174.1521939866,80685.0067765054,41828.26768895779,37124.24747830235,105873.0196772185,37868.40289869249,5107.99092175594,19849.15956873582,48496.44878688287,34672.75749238447,49442.4101174225,2016.086588722003,43003.57243789599,32010.64407356396,19457.91161613981,24614.84330085836,68280.75091690544
7592,30238.19038199523,20823.13107509722,79222.112185896,54255.28285914929,80247.94722052902,46885.51019912728,17031.35557633207,23236.09838175849,26896.47445412235,140170.2504189812,118704.9740891504,53096.49987456259,48025.71002806233,40799.22147480625,157654.3951790995,80687.4237710967,43162.66213888194,42571.52700686036,120553.237196347,38569.26652091878,5440.76496956769,21022.77619560858,54278.37105068572,38334.43543626039,54076.56104124671,2322.973083945869,46165.60439761015,31000.5759573097,19387.56909676091,23760.17818390841,69191.02869431133
7593,32421.14595141272,22441.47228892252,85191.61938839103,54302.6593964819,81026.0713887334,49004.20666392788,18315.07446927826,23600.58542765559,31047.98586381178,143069.7522950638,124392.1899336836,53677.55369786093,54595.99432020422,42512.24041444444,162871.5370526079,87550.78538732228,46301.69977554832,46146.73995005937,149756.1701929955,45942.11112710591,6937.345731217204,23608.39056770579,63037.89201994576,39923.51947135971,56410.51492172652,2630.34827637998,48655.98023102263,32553.04575570656,18754.48640322471,23234.45724975842,69486.20958637616
7594,33220.14846761733,23241.02430733248,86113.51986280475,51886.05419530838,80866.18602217197,51117.25080270728,19197.91588587413,23973.46144471344,32979.56916050527,146664.4368174754,122920.561839786,51640.5047893474,58777.8767223255,43940.19514724389,167995.8366574618,90977.9189761508,48790.00300149958,47268.83844771655,157198.9470097971,49358.46861931802,7889.626143550518,25370.29760158267,68195.12579864774,40847.29346932483,58202.40016593964,2686.903662109397,50306.16963142669,32960.23311929319,18250.36500204727,23503.32195988698,69700.04270787301
7595,34027.72612285397,23871.82330701135,90877.80539829956,51892.05327134147,81818.54837891774,52178.3808067404,19876.54172735949,25528.45771234285,33826.37416852624,147712.3177716941,117124.6104603154,54427.58422017092,61820.3850328245,41928.89072927141,172407.5718383329,97384.98607589645,50481.72698110066,48660.84853159639,163869.4685128402,50354.03250828292,8334.88003957221,27101.10844733822,74442.42833872994,39419.615663486,54666.46568188071,2761.566363933227,50466.34242154618,33790.02159497431,17945.54740987515,23498.38092301341,70169.224058618
7596,34039.8504511333,23434.19727460132,86409.3256530033,52766.57442263475,80188.67462682808,52171.87023077146,17893.54226300837,23330.85890154021,34085.98180985025,139957.1128971967,124551.9698366323,48783.20027486904,59657.06238034191,38919.22197760013,170283.6829380438,100373.4368050505,50552.87574991622,48137.47841631047,153297.7245751495,48740.26241777428,8334.888421161599,28145.04608102722,70783.03977544403,37212.81889640403,49430.34712116756,2649.802043922778,51627.98507637333,32443.54480346282,17945.54740987515,23884.35581662464,70286.7579749079
7597,32828.53684834937,23046.22708940378,85517.13773360082,49786.40091549649,78243.41869843278,51647.9375229716,17869.89150330433,22535.03558304758,34343.45882964394,132086.9330745614,127434.0899278831,50224.79627432276,59284.70911141348,39297.57169923073,171345.6552616552,101685.9405058435,52134.96135249045,46523.54326370218,146759.8234614481,47622.55350546239,8803.339215726102,29108.93211178255,71420.36229805752,37044.03584296427,50015.18470106219,2477.983208183712,52035.99313921536,32375.32514969671,18250.36500204727,24153.66177308056,70391.24464789582
7598,32040.08579908517,23325.96431457792,88872.69895070668,49109.80331942963,77699.60432168689,51638.32895608962,18330.56728046765,22890.35659981581,34578.73360131989,139849.6402452029,125533.7493208034,52279.27151772673,60495.98987608653,40366.35112513843,175579.605763644,100456.7100228663,52142.07761234124,45902.97378723648,158115.016747654,49359.33154358482,8837.103919548119,29362.48636603723,72370.98723949885,38319.64209642239,50606.44508551058,2427.637386404096,53335.86080145582,32334.2849986383,18344.1550306181,24417.61032994277,70254.10798562747
7599,32036.28751101368,23292.69148003021,93465.39423304146,50493.0727123114,78221.64462881628,51936.38066059888,18330.54928341554,23246.42435544214,34481.4677604446,145413.5419218115,124432.5603630847,54954.68867332446,60495.97338654112,41101.898831026,177718.532542545,99428.02513364315,52149.98571840544,45449.49034403158,159281.733849612,49361.59576810357,8668.794154805662,29030.3651759298,73454.26972414284,39267.95129078969,52371.20269533499,2417.500279058566,53940.70984031705,32712.1558685225,18180.02247993607,24812.33058514418,70252.44397005216
7600,32845.94653383153,23419.20618646284,95441.95458603135,52581.51663164899,80092.52095605392,52437.23410229025,18762.38195438751,25191.43136703,34477.33631696156,147040.7266831195,118373.2451623262,57374.03986675278,60724.20287568899,42595.89565352401,177721.6647496583,97905.01478347201,52082.78439218993,46026.74464632669,159411.3168190506,50170.22229964601,8224.3473284185,28842.78092361622,73436.74333820802,41470.27308626851,55257.9448765839,2426.352947072697,55107.87786576149,33604.85318850283,18004.16617739037,25792.53778832196,70295.43075815472
7601,33627.47310779194,23558.69363614236,96169.57770794397,58129.18536312412,83473.53113896085,52710.27877372519,19418.74464116229,27858.96847071816,34214.84380986168,149131.7883578278,109215.7059452652,58470.57980532718,62261.88508193904,44680.09767810862,176655.2321303654,95779.66940599208,51501.04914966863,49009.83560720868,159281.7239522207,51100.3921365187,8223.584183598101,28697.8934675048,73454.27083791295,42983.93671946045,55847.71363009063,2533.889640644164,53172.52892142995,35313.59684671036,18062.7849449056,25862.20231262066,70843.77073741306
7602,34027.73655553793,23325.71926381814,96643.41608749662,63204.25050449555,86208.10687660296,52436.60118198184,19310.91478081702,28213.33718318052,32795.32592776347,149715.4308422054,108433.5176042826,58164.84912554483,60058.36830545613,45740.5749484714,172409.9136014383,95781.48200013126,48032.13269015049,49818.02889368893,145647.9502188203,51082.76849150789,8001.581314039244,27923.55997246414,70426.22558033417,42340.16777325042,53540.71669424581,2672.62116478796,52121.74730573019,34052.68242189648,18308.9837695625,26182.70565258002,70813.41149996818
7603,34027.77045104051,22887.71038569434,94773.669643675,62629.89808583848,87498.26179394909,51645.56716600099,18114.64693814439,27150.19225976108,32384.25268002366,143582.8912735076,112614.848826203,58873.2084966216,59609.93945127988,44702.0861820286,171346.0573664395,94441.78444224263,45543.85054755102,50191.76190631653,145756.4597877784,49013.64769464328,7100.568219082534,26949.01921042433,67214.51885088441,42934.4172833062,52353.13867861248,2762.111512720322,52299.08505490801,33782.93890783629,18238.64124745129,25471.52501083427,71006.05077212471
7604,33985.92138513266,22876.62593474304,91414.49557413238,61869.47421374369,85554.2974668186,50546.18914141662,18765.28630919029,26027.73414411697,31531.50524825961,145212.0645952393,112614.8462101899,61867.42459742923,60745.89258478041,41449.02095491803,173470.0199668643,98391.98148734529,48823.46335333794,49288.53404834713,147933.8172292453,51141.81210810229,8334.046009724694,26253.9986945915,67229.2585576953,42934.8563277186,53523.98538172878,2963.509610787545,53280.21821120251,32784.36995678288,18238.64124745129,25790.24292180352,71004.74637291333
7605,33624.70253143889,22799.82960862224,89365.85859009919,60891.91472320935,85210.56630800574,51636.15283802591,18716.76665899532,24327.66526131027,30951.96951199534,141050.3691847215,110307.287414835,59508.93707110825,61999.83896025812,39902.12048803836,173377.5393499498,100373.4357137201,53077.42630628985,47347.99126696522,147933.9252438319,52144.45491481063,8774.403716076029,27702.50696095853,68284.46728295632,40511.92932574603,51370.91251877907,2973.945149325586,52115.02804014272,32409.10582671989,17851.7573813043,25205.91437623317,70864.35654161597
7606,31606.59992883517,21943.50984526191,86952.41834671922,58237.02602301664,83554.7967870938,53243.00310882492,16909.20429177349,21606.50597327529,30299.39626002003,140128.4002609719,105991.3286678124,57564.80823669075,62480.32632182692,36711.18453386539,170292.5672231308,99368.71795968772,51050.65006912451,44089.17159789911,143376.5610008229,52144.45182491661,9112.356484502345,27846.10741158094,64100.06026994433,36197.59058677052,47114.11438237481,2775.153414790258,49458.36962614175,32413.84879672675,17570.38729559181,24938.95819027416,71053.20472762271
7607,28437.18169505389,20671.39213409403,80050.90695173829,53848.24737377566,80300.67872762623,51482.22603216001,15110.98276608838,20104.83807193492,28562.9587164067,143488.9769880393,104442.2215238105,55946.28228669425,59405.92402924012,33551.31588211077,162897.2321267646,95258.5414397612,49236.87443431232,40565.94200935822,138811.8933591288,49014.04048479901,9013.310003564902,26465.67220474805,57849.98721092423,33362.93303940928,44881.06368565572,2462.861885625186,46627.54510490844,30387.83364596367,17126.98762373199,24684.52576903272,71459.47123164833
7608,25837.55055454641,19486.22564887516,75014.12884186464,51820.70747055789,77400.12642299203,48473.00072293341,13761.9073359367,18224.55871728282,24892.19879264783,127394.4300051871,97663.49084046374,51860.87161340642,52250.82341203519,31277.20332608588,159374.5925686982,89711.35843434367,45756.33148214595,37351.00042797968,129583.8760920945,43927.35219898861,8269.981164338567,25041.68927102624,54904.99008691845,28070.19867718965,40681.78593059527,2147.279312182149,42048.79360453618,29944.37112621742,18034.64485433633,24532.87217581788,70493.09063740236
7609,24443.06825664346,18667.50556492549,72539.02399003986,51568.75040096966,77193.74300322235,47133.82458174839,13137.76303371868,17338.83705101333,24902.39381500059,127173.1620058701,91679.69576303089,49794.06272018718,49608.09759489891,30351.30367051101,156404.303114272,88400.94148707345,44391.80768357881,35785.75138884792,125334.8448615356,39804.09676909434,7385.982917729067,23694.69116513194,50818.7259620804,26560.81740492582,39210.22235240041,2039.575153395083,40720.59655276798,29526.13204791857,17724.03908801927,24416.0153941617,69810.85034185807
7610,23445.3186217995,18269.83703654453,71054.34580243255,51060.68374275155,77235.5051007403,46452.7222918578,13020.90192213871,16630.1436236377,24100.68770603738,125590.9939867436,88844.64668874953,49036.43675664511,47402.28318155398,29275.42680745381,153281.5863244789,85351.86476096394,44200.32205017531,34340.19763252051,120260.5522474859,37779.42351803448,6750.12055084654,22559.4063414629,47843.80917785145,26266.30460718384,38914.05354494914,1981.120410593504,39147.29674129226,29527.07600123465,18149.68402625198,24025.58615794022,69171.13573027866
7611,22849.01389221571,17969.20017232971,69598.76124171527,50483.05442085773,76897.82325689729,46207.62899570679,12583.96050299802,16277.17007597024,23570.24133743503,123895.3143329135,86343.73185655396,47775.68815285664,44322.93905929875,28893.83950073801,148842.07539427,81846.47557313878,44027.41613225328,33643.23129281851,116887.2532702652,35734.41441598639,5561.33041858867,21787.2566246186,45874.48852137913,25657.9718291511,38330.4669888624,1882.784238867444,38681.90216721049,29602.8635015448,18207.20361220979,24109.46093296979,68713.76619270092
7612,22849.02022333095,17828.93174351407,67049.84010788948,49847.64133357924,76624.76130872607,46207.62900748813,12700.98335184337,15928.6629080237,23123.32765211992,122880.8815725388,86817.61959783513,47574.02093710645,43409.63993179324,28894.04497560305,146879.9546910725,81345.3129551184,42180.07396350543,33264.469663435,108687.6852707778,34024.75681375499,5256.453713167406,21040.61042261763,44385.66104691732,25964.48428224432,38324.48937215683,1824.551347260529,38672.56007650974,29443.78968913782,17954.11743453161,24003.5146026801,68544.58903409488
7613,23233.34780654536,17887.16839376593,68100.16734986122,49847.69153918367,77399.34492546256,46463.9719128795,13972.65532127302,17919.31312882178,23313.78661752036,124132.8741737168,90945.52611561462,49597.30179397472,43001.62037410096,32175.49238283316,149977.4717191866,80339.98716013902,41529.05387091072,32782.94333422939,107271.7932147364,33671.30513094251,5148.654648345567,20247.36411101557,44386.90840050347,27524.71660530769,40848.09251791354,1821.674961790238,39841.31227015255,29856.25052349988,18184.19577836287,24539.81304235902,68576.83885677627
7614,24881.10865367391,18537.37308266675,74808.57740211567,51149.42315793213,80291.61357991969,47197.04868525032,15671.38956834811,23663.36047952358,23677.43248121234,128674.4906158822,95145.64099773344,54656.39451416367,44615.63522774856,35528.85291700777,153525.6501848066,80341.46091958953,40645.38397959898,34078.86427499991,106191.8356151089,35035.00911336913,5303.857870382839,19912.85538287259,46835.04137241846,31865.05113021529,46321.67710541908,1821.703562083339,41327.72223002173,31303.87079069073,18770.89555888613,24477.36293981671,68546.30267186346
7615,27240.0170803468,19585.68712903344,79187.935105281,54780.29583939963,82139.25477689576,46711.03759011628,16408.8768883891,24381.98055410197,24873.27587930688,135939.5008647685,108909.4595426118,53581.65165585394,45203.81513158555,38365.00312929448,152318.7911983148,81344.441893841,42009.3725774971,37761.8015973622,109316.9903419155,37770.76158010465,5257.116485101982,19695.79532948912,48880.96714596591,34810.01851457818,48948.84014538713,2008.147222054356,43393.24713140923,32189.53443929382,19599.17759882353,24661.99502472055,68828.31923458308
7616,30215.30558220512,20952.0572962573,80604.93281418408,54072.59252039772,80718.15337203562,47239.21191450024,16837.03653574719,23349.39902798383,27170.24314484758,139349.6312071849,122666.5235740046,53098.45525202863,48178.33427880222,41070.3330828262,159503.527008943,81346.90688157629,43323.21371770632,43368.15625611792,123068.9826078577,38458.35825972034,5578.917941080926,20865.16527357642,54453.85854067612,38266.86516633391,53620.77838133716,2316.771388353176,46635.20658149645,31233.50070466119,19530.15409728281,23863.89181456251,69536.29917366551
7617,32399.03635431612,22651.29362146711,86614.93998471848,54117.54898863386,81512.73275546927,49244.44055465358,18088.08568538191,23713.03264443261,31183.88676624779,142189.9012680467,128762.2427131961,53679.94393831745,54733.1089736164,42823.46333194425,165287.8449942151,88346.55109569416,46413.90162333387,47047.77497864998,150425.4238996468,45691.63918594866,7026.151796172083,23441.42370797437,62896.70104255095,39767.05713031554,55973.76354612751,2625.887018992825,49188.53228163588,32702.91992043626,18908.94256464866,23372.96319600633,69765.87980846682
7618,33198.3226091874,23490.8123965996,87543.09506918353,51824.38783581947,81349.46624714884,51244.3195818683,18948.45940860388,24085.03558965676,33051.32399883796,145711.1525945137,127184.9100106987,51641.37049430548,58905.11976147477,44284.85443423456,170969.2274608854,91841.73569143818,48863.87820091613,48202.64175332947,157397.5964228689,49043.3270086999,7947.032571593728,25196.95535477935,67867.48799445531,40639.15596063065,57780.25999488051,2682.76263601115,50880.43394146514,33088.32447844619,18414.27412487523,23624.03438634296,69932.19119614297
7619,34006.18704826076,24153.14279083503,92339.70377732457,51830.08046947989,82321.96848413072,52248.62024992717,19609.81469952893,25636.39090592247,33870.0074091932,146737.6271507695,120972.6450431885,54430.5357864511,61940.44602677384,42226.45418322674,175860.5798089117,98376.02495985964,50529.5450226004,49635.30225438887,163646.3430780271,50020.04544961871,8377.605066541217,26921.50333372196,73888.93501108738,39291.34129245257,54215.49316112001,2757.848097452487,51044.65546015651,33873.72277247656,18115.17227682214,23619.42034826877,70297.10286636486
7620,34018.31568208439,23693.6413922574,87840.90774615554,52659.92968543219,80657.62732377522,52242.45835103616,17677.28117740487,23443.93767042032,34120.99372498046,139140.8477168328,128933.4993419381,48781.92756177342,59782.23004269993,39146.3123317335,173505.7945524393,101423.8159732383,50599.59790655122,49096.64833205865,153743.0469804586,48436.82309264701,8377.613171763616,27961.66352265041,70361.8424450204,37207.99094533885,48936.67878630105,2645.450938822165,52235.66125340025,32599.27680703155,18115.17227682214,23979.85134693977,70388.51634141662
7621,32806.57192232396,23286.27795977843,86942.6668007668,49831.98819465933,78671.23450966745,51746.58511546519,17654.23231290768,22649.97773517628,34369.920175174,131431.4420743603,132022.6373458302,50224.60245740211,59410.75573866977,39533.52132655995,174683.218084377,102762.3814530965,52157.31508089398,47435.58195675733,147618.5351716951,47340.2717629585,8830.617691607145,28922.06177202957,70976.12417346261,37048.64947891299,49526.28518804412,2472.659220191074,52653.98264037378,32534.70661684748,18414.27412487523,24231.33458183435,70469.78215962407
7622,32017.84088138902,23579.99825217939,90320.99373662267,49189.95228302813,78115.91993413617,51737.49114007866,18103.18421541866,23004.46678432666,34597.38169302256,139035.5705454892,129985.7984203843,52280.61527824288,60619.17719374896,40627.3268285525,179377.4580784557,101508.7427088335,52164.32173095684,46796.89019195516,158255.7433770034,49044.17359830995,8863.269068486046,29174.6985507969,71892.38165912975,38252.89935391915,50122.36676650671,2422.028327287075,53986.70738988708,32495.8619406768,18506.30546294396,24477.81497090192,70363.12240343903
7623,32014.04124448426,23545.0622271785,94944.84804194557,50502.56206889356,78648.99997754808,52019.58053988547,18103.16667637889,23359.70082388088,34503.34595921775,144485.8113209846,128805.5128836774,54958.03472667204,60619.16074312822,41380.09780091154,181748.9160407554,100459.6316994442,52172.10803064425,46330.16381943266,159348.6893460779,49046.39496236939,8700.508998385167,28843.77912735536,72936.50078790239,39148.16090166409,51901.51437953232,2411.833821005812,54606.84535256276,32853.51831367862,18345.25062065342,24846.41256140016,70361.82819448998
7624,32823.98779026592,23677.90095303376,96934.8183177999,52484.32494159226,80559.44026371396,52493.61053072396,18524.00950947303,25300.153692106,34499.35171708609,146079.7555081421,122310.967107793,57379.19657214818,60846.85148123922,42909.077405866,181752.3887624827,98906.37963701253,52105.94178792371,46924.27549113813,159470.0788276161,49839.71466181615,8270.716961484763,28656.87364083026,72919.60802440597,41227.28660345402,54811.79533403722,2420.736615126447,55803.51618262963,33698.46009432038,18172.69186277996,25761.74945764325,70395.26170717987
7625,33605.79189690435,23824.36088335095,97667.3779800638,57748.60990527778,84011.94963984101,52752.03216133448,19163.66822732282,27961.44488186012,34245.57633920126,148128.1004045812,112495.6570159501,58476.55716557033,62380.9038853716,45042.08220226602,180570.0200384923,96738.8322591635,51533.16685291292,49994.48068592467,159348.6800744952,50752.27692218962,8269.978979914551,28512.51045393213,72936.5018614069,42656.27712159477,55406.37311865601,2528.882209398413,53819.24692816606,35315.79317789902,18230.21144873777,25826.80356991979,70821.73999188333
7626,34006.19748464952,23579.74095220521,98144.43110391228,62564.43262408345,86804.35423586087,52493.01150677195,19058.58256111397,28314.98385648079,32873.19931052464,148699.820081088,111657.2853819347,58170.59767573226,60182.58865822635,46127.39114903565,175863.176154339,96740.68084514643,48117.68115696849,50826.27537776663,146576.9653030336,50734.98688257585,8055.296233091826,27740.97885232782,70017.92797043685,42048.52008771027,53080.56470801877,2668.399267478827,52741.90443688283,34122.33235361582,18471.79371083304,26126.09593533281,70798.12771482869
7627,34006.23139218892,23119.83757082058,96261.99941344486,62019.41904311055,88121.79242972177,51744.34170412062,17892.75889400552,27254.32823740206,32475.77741861594,142692.5577034701,116138.9547001934,58879.48718577745,59735.21835047662,45064.58557946928,174683.6639035617,95374.38153234683,45667.72533799701,51210.92239385796,146678.6138481688,48705.03334449861,7183.99233268315,26769.96442536465,66922.33242655788,42609.52776250579,51883.30306708098,2758.396333013662,52923.72479769169,33867.0189792107,18402.77020661122,25461.98136937849,70947.95532080955
7628,33964.36746500352,23108.19904765837,92880.03511384803,61297.83883534068,86136.71853074155,50703.84140694416,18526.83995048798,26134.49830517674,31651.34892681973,144288.4498281965,116138.9518962763,61875.94416981409,60868.48999031564,41735.34798609737,177038.5308724025,99403.01581354394,48896.82317218279,50281.31786688315,148718.297705457,50792.91283769082,8376.798537242952,26077.45881226288,66936.53925631083,42609.94224713011,53063.69696677101,2960.934799441851,53929.65830765225,32921.86925296843,18402.77020661122,25759.60646584573,70946.94080799032
7629,33603.020336675,23027.563946808,90817.49920490135,60370.21464287027,85785.71839040828,51735.43156508134,18479.5550912789,24438.41005450792,31091.05902714569,140211.770666709,113665.6449745466,59515.69154205558,62119.47634115977,40152.22596794011,176935.9963221303,101423.8148602378,53085.26350692155,48284.106046583,148718.3988903172,51776.57619653839,8802.63628506988,27520.72571191907,67953.59956191968,40322.5518150399,50893.06774071628,2971.429426710584,52735.01532670105,32566.68017020811,18023.14093875341,25213.94889920611,70837.75085885968
7630,31584.20107332237,22128.43980940961,88387.68503828006,57850.94189224827,84094.93383597107,53256.22618430849,16717.99391550261,21723.62223425512,30460.15711894564,139308.6359756187,109039.6780590346,57570.10771389235,62598.82948004231,36886.57243964897,173515.6446832696,100399.14689036,51089.7051451961,44930.12012793665,144449.1952670551,51776.57316513426,9129.445703192607,27663.80655030383,63920.46926877025,36249.5536833197,46601.55926309076,2771.512081721819,50011.20387866528,32571.16941133542,17747.04692454726,24964.65992653131,70984.62990011883
7631,28413.65732806203,20792.7334662153,81439.35051679307,53686.34905687194,80772.00000745575,51589.74838453255,14965.53586341295,20225.47041839166,28781.38503256355,142600.5619246424,107379.3011145887,55950.37045264281,59531.68452054216,33652.71367227253,165316.3334814332,96207.35649588461,49303.86659628673,41304.00281304072,140173.1500365688,48705.41869936408,9033.665091739123,26288.36639065674,57896.35189435,33573.46457836218,44350.30005632163,2457.452276775216,47108.82388217076,30653.53752113252,17311.96159914219,24727.06589334354,71300.60876053984
7632,26283.15265175749,19578.59889126878,75783.38103711937,51189.95860874493,77752.6513966454,49011.16768642584,13612.17939726945,18328.57554007788,24937.89413150878,126992.5003196072,98650.74908238214,51712.03788705653,52006.22774431,31543.95806135782,159929.7508962648,89659.04373254978,45630.68538413824,37468.43961476174,128843.4443930162,43762.39404823702,8305.81638600751,24785.74623530224,54319.80735107131,27892.68777318403,41593.28535836118,2167.283335312488,42328.91588604332,30075.00100220363,18077.68516556585,24560.58157696265,70834.64825565412
7633,24880.0348035232,18748.8213161318,73443.98717820636,50914.42714751494,77548.81295620158,47595.25929589937,12984.78454158932,17440.72971139512,24947.89018394901,126788.0401000422,92709.75241551662,49716.06601098957,49358.688388075,30637.91054767755,157218.9175459447,88380.79133389865,44250.23900440176,35923.98008201567,124759.3577208732,39560.05736721617,7412.264851636921,23454.38242113579,50160.68384316449,26343.94547985102,40173.70834560535,2057.546745425493,41030.9611537309,29659.94718490435,17778.24697474818,24440.62566303476,70232.54422635028
7634,23876.10644758494,18345.78194570821,72040.7144918026,50358.82317510076,77590.0600720659,46875.1311384416,12867.31481547985,16730.33667566812,24161.83047465785,125326.0554408165,89894.98070579901,48984.40662982027,47148.85623900652,29585.1014760575,154368.9714557544,85406.55504449495,44056.51893174278,34497.62604937223,119882.0457617265,37496.5522522229,6769.530778627637,22332.27458268273,47132.72335080558,26041.75249907643,39888.00242220324,1997.988932523869,39493.48451731425,29660.8839491799,18188.5881984362,24039.84194136003,69667.97079415637
7635,23276.10900744265,18041.08473224608,70664.94021704403,49727.14790053607,77256.5422900079,46615.99446193618,12428.09779847232,16376.51661699005,23641.73649802927,123759.1816253355,87411.95338117982,47766.86844125899,44063.90330813605,29211.69575285618,150317.2537786144,81987.20660972604,43881.59538062467,33809.91675810637,116639.6960009299,35412.32125836986,5567.893500728285,21569.08702686738,45128.28908353586,25417.55587025054,39325.03248176048,1897.79710827784,39038.68672280193,29736.09426055311,18244.03971487138,24125.9411403245,69264.32409774324
7636,23276.11537776431,17898.92186240489,68255.77745251308,49032.28231605932,76986.84755521819,46615.99447439262,12545.73010417743,16027.17364942941,23203.54494924426,122821.8063810157,87882.45169453893,47572.11309049449,43148.94067054161,29211.89682215077,148526.5251909829,81498.34516762302,42012.696639789,33436.18580889953,108758.4297623598,33669.87357934572,5259.72202078715,20831.1069725681,43612.91534383732,25732.0614284298,39319.26603891562,1838.46533301338,39029.55734639004,29578.23193611316,18000.05304307355,24017.18503137574,69115.01856781753
7637,23662.8229698132,17957.94504673543,69248.51483004533,49032.33721915677,77751.87953600955,46887.02534138105,13824.02496146844,18022.59790312966,23390.28684543383,123978.696138778,91980.83383261533,49526.04879347252,42740.17793393865,32422.98697289437,151353.4727298778,80517.69537403235,41354.07981617493,32961.05507198987,107397.5016915838,33309.64293225007,5150.757981384684,20047.06768523234,43614.18493813278,27332.98084525098,41753.71676066353,1835.534668717171,40171.6976926735,29987.55151592084,18221.85910881424,24567.70652065521,69143.48031114704
7638,25320.7878344117,18616.93128718043,75589.10006535183,50455.86550367429,80608.48270949577,47662.106020448,15531.60624354554,23780.42078845713,23746.83565889902,128175.3260075822,96150.90787295582,54411.74810560575,44357.13260205868,35704.44836686805,154591.7162293985,80519.13295964705,40460.09841136223,34239.76369957579,106359.46732568,34699.50183496485,5307.638470370462,19716.44152159952,46105.96889602299,31786.50082026401,47033.93364896736,1835.563808712042,41624.26291181774,31424.14687267529,18787.46458007154,24503.60019307043,69116.53092088722
7639,27694.30417147261,19679.40368089497,79728.33582710782,54426.4611972169,82433.34005758901,47148.2474126622,16272.93440928986,24500.7642777492,24919.34052490224,134888.4774583702,109816.2822783817,53373.84057277692,44946.38383419842,38479.78890489929,153490.2769118128,81497.49548678704,41840.00334519148,37873.78455748601,109363.3056303599,37487.72418418049,5260.391955237092,19501.90083344914,48188.37417385875,34808.26584707409,49568.28575958092,2025.525753373065,43642.75694242555,32303.06540819599,19585.96641880577,24693.12886373165,69365.42168540656
7640,30688.01761400355,21064.22780616733,81067.63898263176,53652.54153732974,81029.76270431884,47706.68512265168,16703.32391890754,23465.70638580424,27171.47930844876,138039.5702540172,123474.9504812078,52907.20505760366,47926.32085871515,41127.11409108309,160047.4228558443,81499.8999707124,43169.17565237677,43405.67608413655,122581.4547286328,38188.50850317948,5585.671089958822,20657.69817430594,53860.63198652993,38355.25871727896,54075.17640504325,2339.973811347383,46810.89875135649,31354.31271717497,19519.42460063438,23873.85933887911,69990.24196760304
7641,32885.27148140296,22786.4137219142,86748.11504666878,53701.70436258842,81814.54387767406,49826.80955527849,17960.88855242981,23830.212078538,31106.79114275179,140664.0900312093,129527.070685769,53468.76402316221,54493.03461435507,42842.65561203202,165326.4780940352,88327.7359698109,46295.92868863681,47036.42241958106,148875.9372152574,45560.51886665028,7048.545068238339,23204.054580072,62454.01304324139,39894.57206734582,56345.03664131602,2654.922607839331,49306.08662368222,32812.54100421372,18920.54821899903,23369.91091348514,70192.85595297857
7642,33689.50744176234,23637.27089174298,87625.37901514907,51193.98332779748,81653.29066038615,51941.2778523059,18825.7431156992,24203.10717160497,32937.78276394276,143917.8629291188,127961.0196751959,51500.05986532063,58672.64442626556,44272.71314231863,170511.589276928,91737.13028705098,48774.49395845038,48175.95035067297,155577.4546513213,48976.48979553346,7979.377717518342,24939.21018196388,67513.43070026363,40789.41313056468,58087.71420569316,2712.871496067958,50959.46460932005,33195.01036517643,18443.66517713961,23627.64070606487,70339.63232677663
7643,34502.37470807488,24308.54660519179,92158.98774172954,51200.20859336849,82613.8006642213,53003.12304113794,19490.54275550794,25758.1829914757,33740.48843919012,144866.3652602176,121793.1872230364,54193.6303735031,61713.49932475112,42258.4468896473,174975.6798232002,98111.033607089,50459.59738886011,49589.58237518284,161583.6291290201,49971.94103572203,8414.60336982447,26643.74173617399,73642.24202360967,39406.45070845175,54648.88143759202,2789.373857550154,51119.94689396989,33974.42715560059,18155.31729064284,23622.90430013067,70661.68130045281
7644,34514.57845036561,23842.83926057114,87906.8625034552,52107.70274483463,80969.98302193254,52996.60807714402,17547.94456803537,23560.47175345082,33986.57641110165,137846.6462053043,129697.102421042,48738.62038570695,59551.35230214283,39244.34611800885,172826.5861055574,101084.0157419386,50530.46771749895,49058.08280904649,152064.7723808098,48358.35354446994,8414.611562639266,27671.82902925635,70052.26028040206,37268.7716119266,49556.55403010742,2674.855708576312,52283.83413757892,32709.68722491032,18155.31729064284,23992.89420778289,70742.35730569725
7645,33295.33077733091,23429.97404835944,87057.87246979348,49015.16458943037,79008.08504685119,52472.32224700585,17524.77566468496,22764.60772133717,34230.64471853546,130722.8561622809,132764.1457183343,50131.84959399504,59179.20138380977,39623.25299514698,173901.1611686284,102389.7257596123,52106.36183985351,47419.078577949,146178.0100356289,47240.77110173242,8872.511660671707,28621.08016095213,70677.4948465457,37105.27490458685,50125.3311505053,2498.803324185316,52692.63057567296,32645.60879391186,18443.66517713961,24251.04697266109,70814.0776026468
7646,32501.71539572553,23727.66127599067,90250.96438317874,48313.05651529318,78459.61823125949,52462.70720410212,17976.06571585139,23119.94691601609,34453.66701136317,137749.3660128022,130741.8750505681,52117.39541813704,60389.8238935288,40693.60629916115,178185.3572126847,101166.857927176,52113.45025027439,46788.86986356945,156402.2889130502,48977.35262215974,8905.515897978008,28870.78464376214,71610.08949327207,38340.92871017943,50700.35469624346,2447.21700112417,53995.00991253251,32607.05995435344,18532.38760395282,24504.06421236978,70719.94615162731
7647,32497.89222897332,23692.25341110685,94621.2909002176,49748.48078386123,78986.12469579074,52760.95979073479,17976.048085468,23476.03288775563,34361.46651450881,142785.6000325367,129570.0313713001,54703.05001689166,60389.80741294445,41430.23716814357,180349.6672678897,100143.4976394474,52121.32740802447,46328.34251156013,157452.8074485616,48979.61659047987,8740.996894766517,28543.70612461129,72672.82559668181,39259.53651860129,52416.64958908708,2436.830119433746,54601.02767342866,32961.99245731235,18377.12335638355,24882.43729618371,70718.80396107059
7648,33312.85449576649,23826.88623371051,96502.15030676803,51915.66752332573,80873.00673761193,53262.15079970501,18399.08267473658,25421.13940419148,34357.5502255174,144258.4663280978,123121.9370919939,57041.22988772125,60617.9128737116,42926.43404130977,180352.8366458305,98628.37058110992,52054.38907369842,46914.56324189855,157569.4846713892,49788.15162534359,8306.560134845811,28358.97000631999,72655.63162986409,41392.88080124774,55224.11778474868,2445.900913711952,55770.45096407502,33800.49925796203,18210.76880707802,25822.04963519005,70748.310357623
7649,34099.50004694833,23975.32422639669,97194.54342858843,57672.50590355298,84282.94212696012,53535.37949891943,19042.07274537209,28088.81297673162,34108.72762389931,146151.2165159388,113376.8298840601,58100.97996406382,62154.75944634182,45013.70524916698,179273.748355431,96514.02625681137,51474.93044771498,49943.99022893245,157452.7985368956,50718.21621282439,8305.814177976628,28216.2824091416,72672.82668932737,42859.13594359293,55797.69066182102,2556.087269191231,53831.36243381188,35405.5149176994,18266.22032351319,25888.82903286216,71124.69430226476
7650,34502.38520909262,23727.40050096775,97645.43953809408,62938.9216183629,87040.91269734794,53261.51745281828,18936.43979134069,28443.19981838562,32763.13442442315,146679.5076874997,112544.4546073625,57805.50681270663,59952.44014271296,46075.74417193235,174978.0493767004,96515.82946873685,48019.58956691885,50764.73709347964,145176.8732145782,50700.59456194178,8088.811374450624,27453.70579424728,69702.21370185238,42235.53007293324,53554.04709470802,2698.237083620213,52778.55044102763,34221.14335459555,18499.1166935748,26196.05886339418,71103.85553438713
7651,34502.41932660977,23261.28574443018,95866.22233311142,62342.91378019807,88342.10514351145,52469.95029245221,17764.54449601442,27380.000505407,32373.46876848389,141128.5640874198,116994.0692979094,58490.1001149375,59504.25498143055,45035.72613322463,173901.568045309,95183.0663527688,45541.04529794757,51144.27526018195,145274.5758309874,48631.70788759654,7208.091372912912,26493.96170445584,66551.42270935162,42811.16747403669,52399.08163557748,2789.932438589324,52956.23085179827,33967.77441765777,18432.57487281871,25514.33146526817,71236.08431924655
7652,34460.2961504896,23249.49003339652,92669.69249409976,61553.81883887983,86381.50981959747,51369.8313045095,18401.92785673337,26257.48496579296,31565.13013497795,142603.2303529009,116994.0665140471,61383.85767888218,60639.59079580948,41777.87046197196,176050.7363377085,99112.81668448991,48807.82336345108,50227.01766252412,147235.0805213329,50759.63149770819,8413.788124438246,25809.49384191284,66565.88285137697,42811.59276741974,53537.77524747882,2996.292906718631,53939.25980665607,33029.82284366364,18432.57487281871,25819.84980959186,71235.18897158063
7653,34096.71132339756,23167.76588888578,90720.24625725823,60539.40138418673,86034.83797318202,52460.52961936937,18354.3967372248,24557.3291089575,31015.77506491861,138836.2205773079,114538.4496374687,59104.49944654889,61892.85573025572,40228.69203883786,175957.1582259779,101084.014656257,53045.13846407723,48256.33264201978,147235.1777782644,51762.16085465549,8844.227861647089,27236.00908048535,67601.07766423908,40464.55271290124,51443.82878252005,3006.985572828977,52771.81819211168,32677.33884034588,18066.59486382964,25259.72098206278,71138.82452526983
7654,32065.39020513816,22256.49833712578,88423.6597770923,57784.41259442938,84364.90301868056,54068.46288177491,16583.6613228016,21836.03060880672,30397.18607700096,138001.6890688799,109945.5694217449,57225.59781404439,62373.08197714713,37033.05713171362,172835.5758230816,100084.4974468332,51026.29400061722,44946.89408288621,143131.7017922489,51762.15776511109,9174.569079098983,27377.42921306941,63496.03538106217,36285.34061906088,47303.9282881378,2803.295688005658,50110.02643899943,32681.79389192607,17800.42758339001,25003.82067293633,71268.4510852077
7655,28875.21237048789,20902.75217616197,81856.30522754375,53230.15916056333,81082.94533982044,52306.49906927672,14822.07644127812,20334.28588345733,28751.17754166111,141043.5564171003,108297.0681336751,55661.37480790268,59300.35042894816,33868.53527652899,165352.478099232,95995.59571403539,49219.61656323984,41368.93855387128,139021.6497856383,48632.10063330778,9077.753375385244,26017.95346541073,57364.50608660307,33539.46556831307,45132.20029280073,2483.309418175983,47273.73204548017,30778.76646694002,17380.98539390528,24759.92546214145,71547.3149199546
7656,25727.97386652725,19657.60485313206,74531.06912003519,52019.03021587063,78075.40596056398,49445.09565063551,13535.35469561463,18430.29763441475,24788.92360060481,125208.5287511665,98178.24859075955,51499.33877542417,51777.23633906414,31581.74356931317,159685.8874056041,89368.78669468549,45792.44646627003,37124.21940714088,125860.851583728,44107.72352834648,8269.453465790011,24294.55075215074,53462.80635610119,27712.71287635973,42015.14426702408,2217.149348373097,43059.51372539416,29994.27003762213,18128.23482614722,24632.53279431175,73242.10515387355
7657,24441.30141756696,18876.36794690045,72001.0521356664,51718.2207709233,77882.84129081221,48026.12027785265,12882.00217225921,17552.35563001524,24798.12009331089,125003.011922381,92472.17005559307,49530.86192479356,49198.02672662462,30713.11710190077,157158.7449155474,88217.06375839334,44342.91746858215,35514.99888627657,122006.3994954102,39908.27980762016,7343.092661532272,23037.89460924828,49226.00187476713,26155.00203887543,40593.46735477773,2103.027159386131,41832.14408154392,29552.64618681945,17809.98486356205,24493.43112532684,72263.71959248572
7658,23520.6895402814,18496.90573886561,70483.43520392345,51111.64422316214,77921.80713664254,47304.43225939257,12759.67228498546,16849.88695184066,24074.93537351635,123533.4720209932,89768.69968945219,48809.28133959185,47045.22763514654,29703.79053686606,154501.9162108095,85537.23608423956,44139.50293044768,34028.83616677416,117403.3225346449,37846.19524476687,6676.75879057526,21978.75232733658,46141.48741903136,25851.05910195772,40307.33880286193,2041.089131362762,40378.2781610392,29553.64291888026,18246.1051818463,24028.6796782205,71346.31916412391
7659,22970.48616524108,18210.03282796147,68995.55736388588,50422.0173911461,77606.7353502879,47044.73427002673,12302.28322008561,16500.01371768529,23596.44243931654,121958.5009173233,87383.8559142887,47608.5150524114,44039.89355598116,29345.80699918325,150724.7500864498,82456.35626453116,43955.82556097784,33312.2904234704,114343.2792961398,35763.39907110261,5431.000004021309,21258.39000413307,44099.6158396076,25223.24784011714,39743.53609302345,1936.893162512908,39948.21308004831,29633.66788418436,18305.04035969585,24128.52087722486,70690.41573140795
7660,22970.49200688683,18076.18625998519,66390.0864256986,49663.40300335018,77351.95672548335,47044.73428251014,12424.78241347988,16154.5676331797,23193.30075850169,121016.2815066008,87835.74984341081,47416.44250664391,43148.54498193668,29345.99976403106,149055.3644337211,82015.8854028038,41993.40024815924,32922.88850001799,106905.1503947505,34022.15092279986,5111.513137258042,20561.82069775215,42555.93909159921,25539.57465480659,39737.76112020775,1875.190205672021,39939.58017537429,29465.69986483336,18045.72557770729,24002.40657596435,70447.80254895917
7661,23325.10655698986,18131.75668187171,67463.71599713864,49663.46294340279,78074.67678951999,47316.35222622297,13755.9651017695,18127.73314494448,23365.10562812357,122179.1498375441,91772.07427823418,49343.46224327067,42750.3319102516,32424.4673411383,151690.7530096582,81132.306493865,41301.82381447263,32427.83497759327,105620.742774258,33662.1682646299,4998.548175201165,19821.77670960745,42557.2323984199,27149.76476600621,42175.81298637013,1872.142418010551,41019.6088968286,29901.22239591095,18281.46628910544,24640.79492601171,70494.05129895953
7662,24845.47615054011,18752.19327495446,74320.95736119684,51217.58947117229,80773.28871726441,48093.11179829304,15534.19539705961,23821.32813814461,23693.13497590862,126397.4670439843,95777.25578327534,54161.85979205139,44325.55496144919,35570.39972940768,154709.5674048042,81133.60177821355,40363.10428962078,33760.16134813847,104641.0736216186,35051.07036475469,5161.188974706453,19509.70318386455,45095.5560185854,31629.07443546787,47463.84059903341,1872.172722579021,42393.18103405877,31429.78266219971,18882.60510701661,24566.4568057178,70450.26003858726
7663,27022.01326885601,19752.51272283182,78797.4745323646,55552.45809689348,82497.21798112027,47578.1401275133,16306.19507690787,24533.63627364994,24771.85405151545,133145.3107089217,108902.2756986548,53138.24970216642,44899.59834195545,38231.11477030488,153682.7635625979,82015.11982872123,41812.06474545532,37546.5609357018,107476.0161083725,37837.37325411717,5112.207670244634,19307.20115489401,47216.85489233025,34668.33806948618,50001.94163250087,2069.726455306287,44301.90576673669,32364.96593728479,19731.27167024763,24786.23550229229,70854.6936887823
7664,29767.27704797055,21056.32683846884,80245.90944116993,54707.53700408877,81171.26881807142,48137.78746275772,16754.39140747799,23510.124340647,26843.84977380765,136312.6877172629,122020.8545872414,52678.04221111169,47802.62684651677,40769.1016747955,159795.5857051717,82017.28630170404,43207.75372727329,43310.41112092046,119950.952730812,38537.67514123032,5449.430347682424,20398.14249856216,52995.05486026107,38235.8710658939,54515.49906481963,2396.741361963081,47297.75838539238,31355.47801209364,19660.54945847642,23836.20515761088,71869.99189774817
7665,31782.17980051702,22677.7676161997,86389.2533105903,54761.2101567375,81912.64579851524,50262.50427160017,18063.98618524141,23870.56401176479,30464.38566002053,138950.7704838821,127833.6626273632,53231.86555763319,54199.86177365715,42413.78889984884,164716.9228276523,88169.26014795015,46490.98099433516,47093.39888147502,144766.9840905544,45904.61048694526,6966.017878362784,22801.61357481949,61748.93661002661,39784.09835845605,56788.71697616801,2724.277019044151,49657.25350024882,32907.05605963897,19024.0495333061,23251.82323962741,72199.2283555341
7666,32519.67184650573,23478.85099434749,87338.00023987424,52023.42417327517,81760.31107467289,52381.55269315542,18964.62301088919,24239.29950036155,32148.9207492331,142221.3582245664,126329.5362059086,51290.28080540313,58271.60098226947,43784.78302761127,169550.6817101039,91241.17117129198,49093.5827932856,48280.70854672128,151091.6975332252,49318.22980313902,7931.028679025514,24439.40327798495,66902.85025588532,40684.12131773239,58533.97238429492,2784.541822067666,51220.71784832115,33314.00953160422,18517.20700325065,23550.68840701329,72437.73179993553
7667,33265.07888237388,24110.858145802,92241.02545515791,52030.22056114576,82667.69778386848,53445.69793217073,19656.92789395036,25777.02861749454,32887.41996496671,143174.7622246105,120405.5913971096,53946.74668775142,61233.97514518316,41853.70882557619,173712.2775889551,96984.14545019278,50863.01500183576,49753.61580946293,156760.1648349291,50312.99575770404,8382.234871165183,26048.28736028981,73146.13089677972,39293.1503588889,55090.05274657495,2864.101583893788,51372.472820703,34143.3213702644,18210.74407733423,23545.19603945205,72961.04347129045
7668,33276.26983044676,23672.39394042658,87642.42012347799,53020.97062205328,81114.79539347332,53439.16885619115,17633.95716640912,23603.83261085728,33113.82396317201,136118.766675936,127996.9709894685,48566.88086414334,59127.63048553315,38964.09468706497,171708.8102609739,99662.84311389855,50937.43194257731,49199.82984710986,147776.5216811743,48700.51908762075,8382.243364802325,27018.68493197139,69489.09818096497,37143.0922697831,49990.19254894756,2745.0067418444,52473.06580450092,32797.61800560263,18210.74407733423,23974.23877671086,73092.13749298787
7669,32158.2080857922,23283.68068672643,86724.25100178877,49644.71485128576,79261.40486107022,52913.74737677717,17609.82967902167,22816.84635602522,33338.36984491102,128958.1623212529,130942.7376522765,49940.91798211199,58765.08432598987,39327.35217323132,172710.5702180443,100839.30574138,52592.18960732261,47492.10025851009,142220.7523657041,47583.70600771112,8856.95655902433,27914.67012633345,70126.01040698725,36978.64877649664,50559.81102897203,2561.918461957392,52859.63116470946,32729.43753774171,18517.20700325065,24273.59442556386,73208.67898678084
7670,31430.45521181387,23563.95368482582,90177.52875693684,48878.19352870624,78743.27230970105,52904.11150684386,18079.79128458049,23168.22178038349,33543.55313116793,136020.9837589987,129000.4313530667,51899.11240236184,59944.46215346183,40353.49836900044,176704.4615641829,99737.48505858122,52599.63274789176,46835.46615829255,151870.1541130823,49319.09203578077,8891.17264017797,28150.36278140982,71076.02335346672,38221.45807578167,51135.68517431827,2508.270502643277,54091.18479523663,32688.42096046856,18611.50328835933,24566.99488555787,73055.7206140285
7671,31426.94933143895,23530.61712374374,94903.96687816989,50445.30740951104,79240.6590795563,53203.01013484275,18079.77292476232,23520.33565158496,33458.7275260715,141083.2440214603,127874.924566952,54449.14894466247,59944.44609822113,41059.70533922005,178722.1141437926,98815.42340885426,52607.90410760961,46355.62835771582,152861.6054920741,49321.35444554639,8720.612856809637,27841.63782889963,72158.60844064731,39145.38541006852,52854.51888452697,2497.468511470778,54664.24623169589,33066.0747783558,18446.48478873238,25005.75880918682,73053.86461789715
7672,32174.27750272876,23657.37414027403,96938.08619743377,52811.3175823075,81023.18261364975,53705.28676767244,18520.31003446755,25443.74471500738,33455.1244914376,142563.7217932875,121681.8000083936,56755.11978700113,60166.66443679848,42494.10716127565,178725.068759081,97450.27315658366,52537.61593264914,46966.43000645782,152971.7223434755,50129.33287109244,8270.224523468842,27667.26792685143,72141.09333787933,41291.08358301114,55666.14000812473,2506.901818082047,55770.07420244004,33958.2593259807,18269.67925518378,26095.33947490704,73101.81087128601
7673,32895.63897573449,23797.12874638545,97686.89826744559,59096.30351486663,84244.5234004775,53979.10730430939,19189.90300504869,28081.66067709993,33226.20459985325,144466.2533327527,112322.0325854935,57800.27153375076,61663.84688420486,44495.17111039266,177719.1013989446,95545.21993228812,51929.15906416599,50122.88439754646,152861.5970814815,51058.7571862374,8269.451176685046,27532.58705029293,72158.60955370031,42765.82959826512,56240.56133891363,2621.491747446001,53936.43675767098,35666.0214684036,18328.61443303332,26172.777304905,73713.41384860122
7674,33265.08851190731,23563.70816472714,98174.5351871069,64845.87411185842,86849.95783627749,53704.65204890061,19079.89962130868,28432.09437182833,31988.2421023247,144997.2746066495,111522.5709857156,57508.86860097214,59518.36674083936,45513.34632064082,173714.4865773211,95546.84465095546,48300.90020737032,50978.04613462091,141275.9061319279,51041.14766640007,8044.480501947034,26812.80138589087,69132.51369631207,42138.61251558646,53993.5988775517,2769.322548489045,52940.87855486467,34405.83132274359,18576.14218110019,26529.04304278813,73679.5520097556
7675,33265.11979799593,23124.86038038422,96250.34028066279,64195.18694102754,88079.18473348852,52911.3702843611,17859.51864212492,27380.75493230257,31629.74484712498,139417.6448484339,115796.2395802626,58184.03145456585,59081.74868890754,44516.28250073311,172710.9495240416,94346.00681100736,45698.32046022161,51373.49877896612,141368.1152557992,48973.68524895209,7131.422376513857,25906.91203151799,65922.87460495153,42717.58335019216,52836.92494374356,2864.682488503476,53108.89638865938,34136.24275147755,18505.41996658193,25738.50745544649,73894.4164312011
7676,33226.49244374716,23113.75469969235,92793.3444640206,63333.6983464071,86227.02480602579,51808.86834181588,18523.27293226659,26270.7609322401,30886.06323965747,140899.9318920634,115796.2369064794,61037.92676454739,60187.78287831314,41392.98088538488,174714.4863734626,97886.76573758635,49128.58012439049,50417.77950126823,143218.387300563,51100.14396013221,8381.38969174061,25260.85215296972,65937.60482260854,42718.01110638809,53977.30296030486,3079.290108145601,54038.46647934258,33138.24738627641,18505.41996658193,26092.78854263397,73892.96154103904
7677,32893.08168964119,23036.81128770458,90685.0495864689,62226.21555613351,85899.52647218887,52901.92920527075,18473.77527287762,24589.57013027821,30380.64973517082,137113.4549689174,113437.7197189197,58789.96727752106,61408.70258182759,39907.78572645484,174627.2492800184,99662.84213568462,53577.94606924588,48364.46136122165,143218.4790890613,52101.98315875952,8827.634240384503,26607.32042739731,66992.1342237792,40357.3796800549,51880.25903950157,3090.410104346285,52934.51241762697,32763.19881087855,18116.44779222555,25443.25945978513,73736.37467512714
7678,31030.34085062707,22178.85143892376,88201.32809649674,59218.47682102251,84321.95124977006,54513.34539271455,16629.77792298851,21898.62742084813,29811.54016422154,136274.6107697929,109026.4505863015,56936.94799776791,61876.53477824465,36844.13506950403,171717.1908193457,98762.263426404,51458.07119792669,44916.25418649023,139345.7278833773,52101.98007134203,9170.10486922605,26740.80496141481,62810.42105552007,36153.96636930286,47734.23462590895,2878.579797294844,50417.47363754518,32767.93905648616,17833.55893689953,25146.51577347842,73947.0106257987
7679,28104.91735017492,20904.29727609322,81098.83935163499,54246.4041528947,81221.51006118332,52747.56501144297,14795.30969771045,20413.63449563978,28297.19181722041,139332.1978756016,107443.1341256962,55394.27256544607,58883.10666285256,33810.31245135765,164741.1610265318,95078.10690545583,49560.98097161389,41188.27081240121,135466.7704048226,48974.07772429042,9069.73430333561,25457.61434796726,56564.37167929725,33392.19035056784,45559.29411693571,2545.80534534274,47735.42198122411,30743.08766474617,17387.76589778973,24863.69327837915,74400.1488481505
7680,25828.65213315536,19983.20595771991,76645.5517874092,54080.35507103575,78133.62299323337,49635.92139193641,13853.72680097446,18082.18437617502,24972.27952685416,146737.5000686674,128423.9426844854,54821.62766678476,49841.49191515276,30943.54157896952,159657.9588813935,80901.53455897172,45125.86901202509,38503.85611780063,141742.45274067,41684.74808272803,7647.048744535205,22580.56787903635,52620.89090085321,28086.3010797677,44037.68715234625,2444.806239101351,43000.16503976601,32067.49671543961,19034.84805856393,24464.64579786013,73668.58572519482
7681,24301.97275556633,18930.0492079974,74636.1957915019,52829.57252167202,77221.87454183934,47759.21207867801,13246.93065449231,17034.13906443539,24508.3174168851,145949.4860615388,121354.8651696369,54346.8953459521,46571.14429919585,29401.00846074572,156176.7689401289,80534.35617945483,42468.72873746067,35247.48795061062,135209.7637476719,39511.938064088,6798.248978068909,21360.01693542657,49273.99559920566,26458.92853189814,42104.48434307149,2251.001531738279,41703.84060963351,30145.10852167654,18821.73310364595,25035.77434376795,73020.04852183451
7682,23695.55612243838,18624.5220443896,70740.41563300023,50968.32153226116,77043.67084358088,47343.87221111623,12500.70747186249,16643.18676076216,23417.72591507803,141593.5724896041,116073.9705940577,53418.59821854331,45161.4571441475,29173.38337400799,153842.0521898995,80879.1460184398,41191.56979629786,34783.3765809841,128223.711814577,36761.73059329511,6147.62876362608,20529.09353463408,47051.84780758237,25942.0864107936,41152.19012207053,2153.194008899502,40546.98282376494,30015.40789068095,18486.77136990489,24835.69899347493,72105.56707392307
7683,23477.97247168943,18366.55723711291,68210.56122282837,51003.55975626086,76999.23929001484,47481.23600523326,12673.11297735567,16265.08327783992,22698.83101943626,138850.3425861082,111865.7563947061,52653.63627214762,43389.8473032262,28956.57184531954,151860.912861733,80298.21845625495,39960.75772994436,33675.83025668545,120913.4622574768,35157.15147556495,5615.781391848985,19936.98196919309,44782.6089971499,25162.05980618077,40382.66479383002,2058.157536706354,40558.79524963092,29897.5899377503,18551.95519133828,25035.72283588822,71843.05759929711
7684,22859.94596419211,18066.17312751442,66920.93702442065,50657.36828079932,77969.75784322892,47474.06065534381,12833.86481887062,16622.92392248801,22685.39969984667,137715.3382309481,108346.2067983027,52650.08441947107,42905.34482300821,30058.06618951551,149091.2110224991,80112.8872038978,39835.90076577549,33280.34258396768,117281.3433314995,34357.95117423351,5238.007406864801,19516.91514506315,43669.08222124886,25169.62704390752,39843.37047170017,1966.837222191026,39982.44246360407,29446.03848489281,18511.71640391547,25226.18750490005,71840.12448489795
7685,23447.45170254244,18213.23530110803,66830.14257380317,50657.53277788073,79221.98053815628,48203.83888451492,13347.54298417911,18055.83052133433,23627.3885063097,137616.8467997794,105972.4432593446,52651.28142876763,42748.47676250321,32415.10715338128,152316.7244408029,79912.04470223503,40446.34660472449,32024.58848370166,112806.4013803508,33690.41592929164,5026.985213668697,19084.45922596441,43640.16132192195,25943.11211145906,40966.89934598519,1950.786163661074,40574.29343855401,30596.07402929036,19083.00760817668,25511.97833480922,71657.05760524313
7686,24698.91002895837,18660.23752580318,69797.01369274959,50778.41018865057,81118.417651371,49948.51964216655,15466.8977902543,22509.51276775269,25127.84657153274,139133.0204237622,108344.0018019357,54786.50289578069,44358.76075247152,34479.19630883095,158552.6797133533,81290.37086708964,40394.59643416494,33260.84429203515,110036.5469404513,35271.92626747236,5294.864805211575,20274.83138972283,47496.48739066819,30816.86700425785,44002.62243083031,1967.605602291002,42952.10792084335,32424.54363547927,19447.29262066659,25607.04295905152,71808.21971368005
7687,26191.24343063683,20024.53298108105,85016.7065378782,52120.01460610567,82649.47295198032,49195.25354689397,16576.11672414983,23825.13212905019,25752.94777218399,135005.544228226,101491.36813664,58723.62784567294,48489.23464647835,35916.92931569833,161731.2510198959,82695.0150768135,43772.28141679491,41140.06326758509,106800.7847944414,38639.97711293107,5687.946234225035,21703.40398226118,48154.50431559166,35084.32078470039,48909.91145178131,2173.280453468667,46816.12990504273,33833.72186938644,19763.73882891846,25073.97421506916,71739.99815039997
7688,27981.06238823642,20632.17847091646,82386.73892556273,54081.55211804096,82287.58396918766,47561.51317897318,17035.18717483335,22985.85976381631,26853.34860923038,119374.7146842065,96540.24332447474,55800.58088396187,52902.54180289728,38235.75017824935,161966.161017673,89863.66729283218,46039.04476604519,40081.35505749501,103721.2467641431,40163.001572858,6072.177390775682,22922.26095207829,53354.50468215198,40043.17274296325,53818.10531553905,2444.094898284999,47912.5004767617,33517.21586293195,18815.81546823888,24284.79709986109,72182.906957482
7689,29319.42306250435,21611.59219256332,83142.65118296628,57503.31938550102,83152.48285078985,48824.68713033606,17084.40243189502,23071.75553947358,28870.3090549488,118581.9948836354,100130.8669936759,52624.2314909855,56297.14827371931,40239.48054679966,161966.1610009464,91576.17901828,47202.8798514228,40516.51869626642,106944.9695814327,42897.08134093171,7059.036626905796,24227.14843570674,60335.94598232052,41569.32513130925,56751.81965513566,2733.302639045,48657.91567597317,34319.52982428765,18052.99404470773,23450.20360284264,72291.85436839076
7690,30133.88614604482,22297.19189252718,83994.23932356584,55459.0039466469,83755.38850570637,50095.97725184522,17224.82419674895,24212.65709646162,31015.87627386265,121358.6606879054,106454.4626055596,51646.84432904483,58236.07947651595,41560.65368423398,160679.5281200297,90710.57125052881,48337.66159624536,40513.7567773478,115278.7243997367,44746.45534788536,7971.936760344267,25764.1798185096,65803.88241766857,40002.97462330199,57923.58454263853,2903.962616251291,48890.73806568674,33477.83080810207,17444.92302650367,23035.70181869499,72813.60570408512
7691,30530.46600401286,22508.3938871736,88299.32440106473,54080.3547232163,85571.71484000527,49762.16862360556,17729.99425243722,25529.4034221997,31560.79059072394,121841.5411413045,105748.0384981445,51776.61896071053,60151.79628304462,39889.70322659141,158743.9487627112,91455.17238525146,49101.09424512563,43625.62698071307,122718.1026093495,46570.57729114653,7907.951049656178,26645.44591594689,73412.64029140557,38406.35314637057,56130.65206961926,2952.512322310431,49230.27798572831,33833.88573990847,17462.75549150606,23130.00295747724,72664.00897151184
7692,30144.67441569983,21946.51106931029,80376.83591938332,54080.8727628071,84090.98608614736,48895.45582021938,16811.87890289908,23834.3153864352,31197.30359668489,119092.119404332,101496.8045300386,47335.40895611675,56270.11728898547,38467.04168411148,149672.3368414101,94922.41605412096,48197.42154682603,41509.53358126661,126342.1265553621,46599.56028362959,7622.248050584042,26668.74538678273,68380.94031028032,36621.70819484662,51199.18538834153,2901.758690549936,48733.15697373851,33326.22405937697,18111.74078654251,23512.76492639791,72696.89316101132
7693,29746.83351403182,21176.02663176141,68681.16573573032,51262.26126285538,83095.12769624763,48491.62005194437,16946.48779806437,22695.66245201155,31165.34445859455,121984.6137735051,97898.95597785474,46252.03273282192,53712.42973463153,37536.31310820007,150971.7592079317,93401.16008041878,49113.88431340508,38503.80978464059,128037.0816207868,45043.21828074098,7693.881172178048,25618.93921599614,65951.529494886,36211.20932137621,50614.98454552989,2670.0201579892,48451.27908763191,33079.02363978133,18444.81392675732,23132.2117049958,72036.1295403762
7694,29158.96780968196,20963.65255218677,71990.70720706461,50064.83802111472,83437.36683324646,48090.33753232792,16181.91968860524,22863.24882654666,30768.53645174139,122236.0847704367,93701.91546880463,46858.79474946064,54277.71947116939,34827.04298397006,156172.4339035408,90912.28135003381,49152.34577082811,37900.26136805255,131777.1164437584,45348.56229708634,7908.440922876921,25430.58109359219,67185.6599926634,36381.50713991406,50582.66920121817,2642.569856913904,49012.14899619288,32870.83964702977,18568.19628637095,23132.01257222675,71707.31611443899
7695,28772.14417016525,20913.74390687711,75992.71637874364,49416.26905770953,83915.85959188569,48217.95389882739,16810.66448787691,23451.44000515154,30222.7627117652,123287.4580947723,92922.0164625228,48720.41097471842,54232.35145260617,34467.15055715389,162015.434942803,90754.36221444355,50377.07963375478,37296.5438917144,129965.3435041024,46569.94268631274,7973.785996870308,24710.21356992641,68287.63602629674,36878.86709967491,52368.80980736169,2585.046450346723,50165.23188722658,32268.20531079663,18485.97700738217,23703.73629311173,71918.8707374972
7696,29747.78535506602,21556.64917767564,80472.47423972614,50658.79427245175,84301.49585295928,49474.41552504495,17895.8313624279,25064.11826952038,30300.27771109662,125951.0197408685,97949.75839794496,51645.86931657438,55645.78352075545,37459.23726168257,163250.9804853774,88945.61335364344,50893.29472564675,38904.63367082757,131777.6099707844,46883.55424230432,8035.967030198788,25672.83868878893,69408.32543429005,39461.21592093022,55876.08457188669,2643.222464553415,51231.38299486843,34810.00944992548,18458.22374738402,24740.47870870667,71132.88140485727
7697,30885.71515438979,22355.50537931103,88052.03102426973,54697.53932391066,86563.47071858765,51523.52666294645,18936.04598297733,28380.38716526132,31547.26986699782,129994.8649055802,102913.0468539027,53886.20792448799,59182.37777692276,42450.63240152707,169028.5481022962,90492.10949064279,52913.24301584782,43349.12511227236,132607.3184117355,49917.71838922148,8501.062855764305,26853.63758001896,71645.17050966635,41829.34484770732,58503.01203123055,2735.256739599918,52615.51457466307,35472.79982005736,18813.87194141893,26083.61079617595,71100.05901054914
7698,31725.65869692453,23356.57074073095,100429.8574103808,61073.11153716248,87990.58356959478,53048.0673254163,19915.77062893565,27609.94027477828,32572.21800804989,132436.1810087545,106452.8494227781,55484.9986509248,61776.88380940811,44838.65219259791,176124.4337384629,97319.20592307673,52390.29583178352,45822.84810216047,138119.7031601941,50842.25258548226,8692.25138264191,27515.63346699967,69545.48350943973,43659.73620256516,57084.5562950914,2826.259911141282,53606.79690659178,35932.85231965958,18139.39320351043,25897.99529806776,71464.13879858276
7699,32097.73729323429,23818.80561306009,99937.7476283848,65923.23000157629,87600.84859399902,53765.22374204695,19473.63973425485,27576.59887524066,32493.7455428948,131989.956209537,105089.0889518298,60440.21886092205,60625.28909673896,45549.30692446921,169163.9165730276,95826.57431111236,54483.46779327859,50573.66822443789,141744.5947417832,51762.54080691016,9222.739214950683,28104.14473419996,66080.69949980396,42383.4017525671,56446.88960920336,2855.606269044115,56201.14672378027,35892.53517754772,18930.22059060937,26445.27521514406,72418.22908766799
7700,32097.73729550476,23393.94569513301,96170.99474079016,63104.39045577122,87716.11271745701,52800.43429994009,18956.24467229148,26474.08831010914,31873.23310248059,131544.7221036759,104936.740058648,61938.88344648474,58714.22892193225,45991.42893400944,165065.5623555252,93974.94671727036,53257.4638358456,51376.60102306342,140837.5825787668,51761.22559747194,9211.98130496917,28186.6871486561,67170.29375605502,40527.35618794492,54415.30298176565,3102.766226049158,54994.4057628984,35252.89460506204,18461.90456469387,25713.77004005732,73936.59113737848
7701,31704.22756321709,23387.86611046232,96218.22816667838,62482.2320416271,86245.84206375344,52040.77373117745,17870.91023610479,24776.26363052211,31164.06541045474,132367.4103782737,102453.8869307347,59510.91428549012,58059.22957439673,44702.165710691,163896.1372888961,91598.61163165199,51947.71086537925,49794.84991560913,142648.3746380504,51056.61037800949,8953.988956743073,27294.31067198063,68729.83369747299,38441.91724499267,52364.54567512636,3133.254791001325,52825.62598772421,34117.4887909208,18212.94380351638,25321.94852939607,74104.0672000627
7702,30304.04430387641,22799.83609699332,93486.54958276117,60813.653038165,85005.9188654064,54574.99910405072,16567.30485020188,22129.84790133799,29769.71442783383,132382.766125296,97244.39952491307,56850.69826568542,56269.6691940962,40656.71057437814,160624.3206098296,88124.06313626112,48461.94757621211,46395.95874029273,145398.3313990218,49596.31960143053,8692.757534948425,26192.32992337024,61961.75441310322,34312.40588412186,48864.12974775962,3051.204321648489,49463.05623542239,34532.59480104355,18033.64070138415,25407.95369558809,73618.69191032511
7703,27994.49546045284,21449.63418750989,87638.15921611426,56933.21487524049,82556.87116021062,52485.13630438645,14802.20201715093,20437.42623098535,27985.8628555934,124117.9068006608,87404.35429892727,53937.43022448472,53209.19585537195,34830.49421389717,156030.8539673471,84652.81896299444,46501.89590481104,42140.57579109091,147898.0523969574,45434.73765347568,8169.894855062788,24084.09439465957,55984.42310434169,31472.60133684407,46229.65200100801,2709.65252763376,47380.98809141178,34602.14108367704,18862.68424422319,25329.55698421831,73787.8604678421
7704,26346.50242907751,19857.33624245564,78497.53656626173,55664.97049565824,78050.42444211709,48988.86269290224,14286.69855082142,18098.35180305634,24792.99220337731,148503.2895617107,125313.6746955701,56018.29727430232,49782.38777189809,30851.08655341346,158244.7817425283,78976.35825322478,45785.48232204603,38726.8119458299,138206.2107070767,41684.65235449793,7720.399526670495,23065.49008134607,53618.16070243852,28087.62868311968,44676.05251488461,2454.300282049572,43085.15338832378,32338.42196434046,19105.92738970701,24323.57665642575,72636.95094418882
7705,24458.45884903495,18823.84739028141,76384.62324996007,54416.04653779732,77146.45404165724,47316.3630512258,13680.96192837784,17016.13375328886,24262.27398669986,147715.7440789169,118630.2062256058,55526.82119657149,46437.26704957947,29204.32832638618,155049.5086780913,78604.65234317804,43104.70302419848,35374.14004371085,131876.1471430307,39514.30492846526,6874.421022128588,21686.1717543034,50124.73651405928,26390.65251566405,42827.51478279677,2272.712360198547,41666.15605183565,30410.08987112408,18895.8611859907,24940.6862113163,72043.26387473902
7706,23708.50371908725,18524.02600309641,72288.06405833438,52557.56126115985,76969.77058446915,46946.21740599267,12936.04172271111,16612.43399441958,23014.76526879773,143362.4203740279,113637.3776259826,54565.78313127298,44995.34885980354,28961.32318125529,152906.5467395109,78953.69364850607,41816.18194674385,34896.30305829914,125106.7826676032,36767.21445387925,6225.963355451155,20747.16311965185,47805.30189009934,25851.70477256747,41916.92651387642,2181.070288881788,40399.82327380162,30279.98821420032,18565.69130267916,24724.50298733188,71206.1248362016
7707,23439.41813310939,18270.87873642033,69627.82710557734,52592.74712316936,76925.71807282661,47068.63428473735,13108.14619172189,16222.00200706671,22192.43385682317,140620.8214947956,109658.7160740131,53773.84106091121,43183.23299731429,28729.86223927355,151088.1222240453,78365.60289965192,40574.42006514267,33756.00219208123,118023.2762562189,35164.45391422971,5695.883751289999,20078.03059540731,45436.71457705387,25038.31600074489,41181.10273055411,2092.024590661076,40412.75352525077,30161.80597581045,18629.94262618437,24940.6305565868,70965.8171408435
7708,22675.10507766012,17976.1043557575,68271.7388129152,52247.07006848775,77887.95721220903,47062.23970352317,13268.61734516505,16591.5104627038,22177.07000312251,139486.4919717521,106331.1533606846,53770.16393478022,42687.65287039322,29905.78180424046,148545.9013648724,78177.98640134902,40448.45232157257,33348.81837874121,114503.8153269976,34366.15940067399,5319.365420939533,19603.32212695828,44274.43699656737,25046.20689339425,40665.4269316286,2006.460796255633,39781.8597079013,29708.85835518493,18590.2794813839,25146.42935259944,70963.13209504666
7709,23401.67311402302,18120.42011599505,68176.26503716485,52247.23432113587,79129.49729847709,47712.60884602649,13781.39857932559,18071.13865008474,23254.59467325036,139388.0590999896,104086.8755557725,53771.40316246349,42527.19818438216,32422.08213700469,151506.4971147106,77974.66739069582,41064.32894019783,32055.92664421555,110167.6733452581,33699.3807185909,5109.044628594814,19114.61300918325,44244.24992462379,25852.77434301492,41739.75059143399,1991.421541525339,40429.71832842117,30862.44973480127,19153.39798492513,25455.2289268822,70795.54812494831
7710,24949.3509654209,18559.07449127319,71296.04147685051,52367.93211497024,81009.75606289672,49267.4463061475,15897.05278944882,22670.03839326715,24970.94264965651,140903.3312625363,106329.0686440204,55981.93365647653,44174.29964765733,34625.63663959369,157230.2812947192,79369.98914717432,41012.11837863131,33328.74344490536,107483.7319106497,35279.09862409972,5376.033835241519,20459.82694725743,48269.40803465018,30934.98241511701,44642.52346119384,2007.180740303665,43032.54856026884,32696.57285026989,19512.47165797616,25557.94711243312,70933.92567477084
7711,26794.91889519256,19897.89147599379,87300.12027025151,53707.54298480848,82527.75005685621,48596.14507396946,17004.33492112285,24028.55505611679,25685.98507946763,136778.309113529,99850.23729127072,60057.92057161929,48399.21254328403,36160.51367358163,160147.7903794141,80791.9534658638,44419.85264947965,41440.98220713504,104348.3339016018,38643.3322296515,5767.808730355391,22074.2260583436,48956.23329648576,35384.95754257627,49334.89659140434,2199.890552725316,47262.22808821701,34110.10817176285,19824.39089270783,24981.9615174527,70871.47396071778
7712,29008.38705487323,20494.18907365369,84534.61052443163,55666.16576391983,82168.94831916534,47140.17628826782,17462.60379094478,23161.91723792976,26944.71452594471,121156.7730896091,95169.18994054398,57031.77806410038,52913.42539052424,38636.01146827765,160363.4067637909,88048.99948058113,46706.78206677803,40350.96379205675,101364.3143806082,40164.63054290956,6150.762769763727,23451.63006209636,54383.89249191402,40555.90232847011,54028.13493661548,2453.633781723924,48462.34966651217,33792.6235492906,18890.02820629474,24129.24851302431,71276.92368719092
7713,30663.53699396754,21455.31206247291,85329.48066087172,59082.84848045529,83026.46881965411,48265.90096289061,17511.73311346611,23250.61374539354,29251.8806239092,120364.5246112659,98563.94972782956,53743.3991763419,56385.64601754798,40775.12889154188,160363.4067484381,89782.62750685748,47880.97111236777,40798.99694728558,104488.0464866645,42895.61159339304,7134.341858446093,24926.25529615192,61670.98506865301,42147.32909446737,56833.36655840583,2724.610856235609,49278.30449824422,34597.41821331176,18138.11945068288,23227.46269764193,71376.65685403378
7714,31670.7830592735,22128.10806093501,86224.95758280212,57041.57077770136,83624.23113609248,49398.85866586021,17651.90968850422,24428.71572643366,31706.1577808512,123139.5395115073,104542.6013694412,52731.53967637671,58368.90887131266,42185.57039694227,159182.4475196754,88906.34627407146,49025.84834682017,40796.15334745929,112563.3119376266,44742.88957965522,8044.207671554869,26663.22134958815,67378.31071889444,40513.9849131057,57953.81372374866,2884.513012512843,49533.15918060524,33753.11671842894,17538.7472929045,22779.58977420031,71854.28099011257
7715,32161.23316019335,22335.36581917617,90751.91627334102,55664.97014835561,85425.06254005218,49101.3726315686,18156.1976690167,25788.39609971203,32329.47582401193,123622.1328618333,103874.7117843555,52865.89144507051,60328.42655571583,40401.7179917204,157405.8410463516,89660.12878917498,49796.07280956696,44000.05390728674,119771.9417980564,46564.94412209717,7980.434638174673,27659.12118118519,75320.1841281252,38849.07505681772,56239.40315515188,2930.002311249232,49904.83021524057,34110.27254896189,17556.32465263222,22881.4830068124,71717.3364242487
7716,31684.12490665869,21783.97626710525,82421.1220062789,55665.48741816915,83956.96576121938,48328.96912567724,17239.68543658578,24038.0377443044,31913.68935111501,120874.3458305621,99855.37713643351,48268.04045062331,56357.99699738374,38882.93076331267,149079.2981939868,93170.12566041363,48884.36066368534,41821.37922483958,123283.5588305635,46593.89426619382,7695.681265887097,27685.4514112362,70068.1936000446,36988.09985843994,51523.91123100356,2882.448014745411,49360.66598017049,33601.04121148227,18196.02578129533,23295.06077308255,71747.43942835405
7717,31192.11527366103,21027.88076926954,70122.68543035795,52851.06421408563,82969.6029572106,47969.07578845954,17374.05929176102,22862.25770478631,31877.13184693648,123765.1204282744,96453.78657419699,47146.45366673243,53741.83056983334,37889.31518293769,150271.9964831142,91630.11168447394,49808.97666360504,38726.76424241439,124925.9412115155,45039.31617099991,7767.076291517296,26499.08807360614,67532.42186501875,36560.04372221062,50965.2956031585,2665.317486219719,49052.11361449509,33353.07646424264,18524.33408866736,22883.86957846569,71142.55999275445
7718,30465.10206753668,20819.47281500349,73602.79261886884,51655.42027496122,83308.92248032351,47611.45787420503,16610.8261912597,23035.30842824783,31423.23004496716,124016.4419097401,92485.68920215961,47774.61611316245,54320.04506990071,34996.98644548244,155045.52968646,89110.54358057065,49847.78029012474,38105.36650297845,128549.9707935958,45344.31412031186,7980.922883142533,26286.22861727681,68820.58326356314,36737.62527218006,50934.3955170429,2639.597558183556,49666.05938907486,33144.24878010518,18645.95138154844,22883.65441370926,70841.55601298432
7719,29986.71747682348,20770.49622289767,77811.05560861541,51007.81504803046,83783.33325665427,47725.18796854331,17238.47314204825,23642.67826528626,30798.92892259982,125067.1901259138,91748.33267900758,49701.89133854637,54273.63975864692,34612.7769865719,160408.6337259513,88950.67720694168,51083.40989407736,37483.79470402434,126794.3938965579,46564.31023650399,8046.050761542224,25472.15679766069,69970.8044040373,37256.2575911692,52642.31167019042,2585.70023030928,50928.26004895104,32539.75113764013,18564.90830404076,23501.40706054097,71035.21837119793
7720,31193.29241496541,21401.3951185743,82521.68929301795,52248.49394119789,84165.67968655122,48844.93070375707,18321.74521157103,25307.93978272076,30887.59698692453,127729.1681155814,96501.8177879102,52730.53027532328,55719.38848507778,37807.03151404385,161542.7015184828,87119.62538348127,51604.21744978956,39139.44208224134,128550.4490128173,46877.56635530012,8108.025115994637,26559.99870665285,71140.5582005236,39949.05489284689,55995.98450157643,2640.209027670835,52095.3024550584,35089.41437009986,18537.55207288932,24621.616609176,70315.70420748298
7721,32600.56959686147,22185.3325325423,90491.87799743193,56281.23764794783,86408.3578309297,50671.0726745374,19360.14351802199,28732.33948820307,32314.00970246895,131770.6089577193,101194.3652713763,55049.88538026989,59336.84330089457,43135.68275256495,166845.7463094255,88685.19074913101,53642.13603878127,43715.37478084621,129354.4222582108,49908.29167869668,8571.57504440549,27894.39409567971,73475.33356326954,42418.46999725192,58507.86504755833,2726.441776978884,53610.41624866099,35754.25404501392,18888.11248291887,26072.88296697977,70285.6577722313
7722,33639.32733234971,23167.7028127478,103507.6274471829,62647.33612465992,87823.29609976239,52029.72406166932,20338.15747115602,27936.7712795309,33486.43011766695,134210.4735435439,104541.0761836961,56705.06528030994,61990.67002289214,45685.05507448842,173358.8331056414,95596.46939177136,53114.53649940919,46262.25558056254,134695.8285129122,50831.77803779844,8762.128094068594,28642.50138617826,71283.72113039585,44327.14819781321,57151.53091801433,2811.708420018111,54695.50494715199,36215.72899706863,18223.28261204315,25872.32374394835,70618.94545608907
7723,34099.47673591562,23621.30536314136,102990.1555240495,67490.24758976733,87436.88592113924,52668.84480421957,19896.79857925382,27902.34274482927,33396.66682478046,133764.5140532871,103251.7070844013,61835.05556374048,60812.74529150693,46443.72697103253,166969.996705296,94085.43273318686,55226.33018788158,51153.57631525878,138208.2862694084,51751.0232343179,9290.852677632764,29307.56529094222,67667.24700262348,42996.22422088815,56541.79099641678,2839.204883948107,57535.36154086958,36175.28719697161,19002.79668728342,26463.66463987692,71492.34341195448
7724,34099.47673872348,23204.3797829474,99029.27335502276,64675.5966786936,87551.16673585479,51809.03663637111,19380.30693849502,26763.88353864838,32686.87339827674,133319.5446673566,103107.6686265011,63386.57788489723,58857.99070788048,46915.72206012248,163208.2482627646,92210.97345608516,53989.41919013449,51980.25502449224,137329.4070435016,51749.70951549552,9280.130525061908,29400.8446953077,68804.54428480407,41060.79456589055,54599.17818890046,3070.784723096456,56214.42507657147,35533.66889737468,18541.18023365894,25673.26668790552,72882.28975733875
7725,33612.82346061129,23198.41373564753,99078.94107678885,64054.3627564546,86093.43883998533,51132.03673016544,18296.8675999152,25010.69930795911,31875.66876593647,134141.743801567,100760.2519287631,60872.97451783749,58188.01547960335,45539.34654200836,162134.8703433396,89805.33672786105,52668.01411335656,50351.72525702314,139084.0334842859,51045.89288413589,9022.995698264995,28392.38926348449,70432.36172845431,38886.16025151256,52638.23428664129,3099.351393252269,53840.41078441857,34394.7524821905,18295.78102178757,25249.90000491761,73035.6015062142
7726,31881.21756320522,22621.36529169634,96206.47842329646,62388.26316618807,84864.09332430552,53390.50638133317,16995.5384335486,22277.99411169454,30280.69484237963,134157.090418623,95834.93533004835,58118.93297072497,56357.53865726953,41220.55010964118,159131.7743092864,86287.94495719111,49151.24002647559,46852.31537559166,141748.6944093634,49587.2571538979,8762.632564013395,27147.06455945279,63367.97227197891,34580.02741683432,49291.11990800755,3022.473104693619,50159.63658055339,34811.14197313915,18119.04296981007,25342.82936417892,72591.27690640012
7727,29024.99972818944,21296.37865318965,90056.67624300187,58513.59111296868,82435.93824334412,51528.04704418472,15233.51763866324,20530.38906164847,28240.17794478232,125897.1450773463,86531.65185738051,55102.91428517058,53227.09076985914,35000.67086639289,154915.5779848241,82773.89825292699,47173.75092147731,42471.08385813192,144170.8811729263,45430.39180833907,8241.507788199744,24764.59300617794,57128.95016522069,31618.76286602728,46772.01974125212,2702.451566912121,47880.53955664263,34880.90328836217,18936.22649325985,25258.12100910728,72746.13800709714
7728,25630.93400222441,19263.71171336164,80155.40492387558,54614.64939491197,77881.42622193486,49526.9114289281,14378.46474060951,18703.14482117835,24525.61830969861,127483.7614278195,95548.96418201846,52614.01625892395,51940.51625050558,31718.54808085583,155405.4409230698,84337.8185292424,46960.75211071234,37270.25042530506,121269.6047667638,44291.46254656019,8389.452498577464,25645.58139049666,56759.63607481829,28534.80504241327,42650.70818624066,2256.331407427095,43528.22743264226,30445.66444652908,18238.68107900174,24472.14200176103,72323.0302268488
7729,24348.02249919728,18551.29341720747,77274.29997891333,54319.11103550549,77700.94030768996,48010.19042932818,13719.06797220404,17810.0914132464,24536.87517575291,127210.8656391617,90071.8799099339,50326.33734516514,49284.43440267516,30742.52822563222,153470.1198851592,83317.71536559638,45345.52425312888,35539.79867156075,117276.0913918338,40032.46762600525,7482.023558546864,24118.75709966088,52068.33679966898,26661.09907013053,41247.31650636538,2152.075237322413,42136.40344842679,30013.17574549511,17923.48861326164,24318.21275066688,71073.20494194343
7730,23430.10157212112,18205.2577684219,75546.08484296073,53723.16353189183,77737.46199319996,47238.78918181301,13595.60639600399,17095.53163154607,23651.66884944692,125259.5351679621,87476.90423072081,49487.74750408325,47067.47205834958,29608.41269400081,151435.4833315672,80944.14043512612,45118.85695005572,33941.67532490388,112506.9441855775,37941.14118779123,6829.307429528987,22831.91011880024,48652.93717617168,26295.49867599342,40964.86806419511,2095.491836295203,40487.73512089344,30014.15185979119,18355.41902846972,23803.92099040226,69901.28428305384
7731,22881.50644255732,17943.65529064734,73851.73566312654,53045.62103460616,77442.15330814214,46961.20198644639,13133.98596825997,16739.63627337793,23065.97482017211,123168.2077375549,85187.7681363214,48092.26870297107,43972.56528697339,29206.16955068237,148542.8767243342,78215.34590315669,44914.18301497162,33171.14833866338,109336.5004179998,35828.80943289559,5609.007984625083,21956.67730393516,46392.02787466858,25540.33046218245,40408.31683566857,2000.30375105901,40000.04594143893,30092.52147961982,18413.7880032037,23914.40479051216,69063.40939301373
7732,22881.51226712794,17821.59917278715,70884.70609362352,52300.29985085603,77203.35585330693,46961.20199978972,13257.61841685241,16388.24426629942,22572.51366635192,121917.0804663851,85621.52682306076,47869.05027257731,43054.65045128475,29206.38614817956,147264.4378603508,77825.21238633308,42727.42853213781,32752.41067492308,101630.0179993492,34062.86910550282,5296.050411800111,21110.3527598346,44682.75626657303,25920.82691095466,40402.6161390257,1943.935098989954,39990.25632032606,29928.02793976155,18156.96451491828,23774.84729931198,68753.48649365522
7733,23235.09027824922,17872.27443526024,72107.32218135912,52300.35874057881,77880.74278866181,47251.53025142772,14601.11604093364,18395.37250012912,22782.80953311562,123461.196693525,89399.88012102572,50108.5495160994,42644.56880992834,32665.46273822344,149282.6552636624,77042.6095467637,41956.79646950197,32220.06210928513,100299.2713993732,33697.78162854324,5185.394093755655,20211.20692446182,44684.18831031653,27857.65803215162,42809.31042701997,1941.150796728513,41214.99728218175,30354.5415290852,18390.44041385425,24481.28483774779,68812.56632825918
7734,24751.0158286831,18438.05720485291,79916.1361635771,53827.25230074447,80410.0823689643,48081.79663743863,16395.79696475273,24186.96737380124,23184.33025932218,129062.4946877744,93244.32714237488,55708.28337475327,44266.74070801328,36200.34520995922,151594.5055180355,77043.75680503232,40910.76984332421,33652.75978780562,99284.25765048547,35106.37938171336,5344.711033356808,19832.0407998842,47494.80556014232,33245.63446359806,48029.32482736387,1941.178481425707,42772.61332248868,31851.48297103364,18985.80395994991,24399.02262430283,68756.62578024712
7735,26921.19092500173,19350.25921551344,85013.85520567995,58086.16099994654,82025.8769468668,47531.35132157743,17174.93850917909,24911.53597255025,24504.72451530899,138022.6276830398,105842.6185444794,54518.68786704365,44857.89320507144,39190.02006610753,150808.1647851923,77824.53430263873,42525.36416777984,37724.40921168745,102221.4794601228,37932.19409482729,5296.73075074466,19586.0029171093,49843.66256136043,36901.43904899769,50534.78147673927,2121.653424527092,44937.08665415143,32767.32164037888,19826.31719829591,24642.2286937701,69273.26402801866
7736,29658.43029304417,20539.2212619231,86663.28799763252,57256.04546404915,80783.098885639,48129.54976956784,17627.28115947049,23870.40704233982,27040.92815906564,142228.4333670613,118434.7274087297,53983.85456539597,47847.44522810637,42041.79318609954,155489.4494140085,77826.45318944217,44080.59743841502,43922.48121736544,115146.4880246631,38642.42677763465,5627.061670765438,20911.48543099926,56241.70746540227,41192.67701231602,54990.28672732878,2420.397446507517,48334.3513239368,31778.71533960535,19756.27443024753,23590.92959333025,70570.24287088374
7737,31667.44348114153,22017.83046096608,93659.13763427301,57308.77810175188,81477.972469085,50400.62695947992,18948.99116059362,24237.05071018185,31472.60541021683,145731.4150031428,124014.2579561951,54627.48417748854,54435.34699628154,43889.82274484255,159258.2781623923,83275.37478809265,47739.13766285672,47990.46178296817,140857.8345084298,46113.83068349052,7112.654982900007,23831.6780726198,65934.64450990006,43054.97562045162,57234.26711123261,2719.61719932782,51009.99342405787,33298.19843164409,19125.88949876734,22944.25531799931,70990.82149131013
7738,32402.77983652433,22748.34696727189,94739.5412388202,54618.96635697707,81335.19304885504,52665.64529721097,19857.95988897497,24612.1329856244,33534.54211468571,150074.2691924727,122570.4945878146,52371.05810088558,58628.44264424076,45430.32092247382,162960.0382705796,85996.22548456212,50639.2486192894,49267.21786818108,147410.7315602465,49575.85763163659,8057.944036515697,25821.57571979812,71641.4340154156,44137.57603216294,58957.07550597023,2774.672027938427,52782.94519047634,33696.73392322053,18623.91631551087,23274.97810320772,71295.49446187919
7739,33146.00804625657,23324.68105288025,100322.9544254922,54625.64365170598,82185.66328305699,53803.09381224291,20556.66937018645,26176.3299617915,34438.49398181747,151340.2479351343,116884.2873719471,55458.28820075748,61679.10909750155,43260.49668408636,166147.046556544,91082.8882973261,52610.94853002897,50851.08715325902,153283.70636082,50584.73009889291,8499.929011254133,27776.353334881,78554.45019877242,42464.4345670461,55557.45065161523,2847.353739847928,52955.03369807736,34508.89114525994,18320.39764580586,23268.90027515859,71963.99181564001
7740,33157.16628316769,22924.84085123782,95086.2051693055,55599.03279390445,80730.16779665851,53796.11498312702,18514.98389008929,23965.72824766242,34715.62131322628,141970.9350598762,124171.0124866619,49206.0401239883,59509.98573940452,40013.62259156258,164612.7632765687,93455.46235580134,52693.87223555923,50255.58151725199,143975.9504805865,48949.38732396698,8499.937331308387,28955.37640541597,74505.11655487091,39878.21857279998,50523.18350679066,2738.55480931997,54203.09431240366,33191.02414350765,18320.39764580586,23743.67694545718,72131.45608482334
7741,32042.37263504776,22570.36907489869,94040.62262454217,52281.93917138196,78993.03250011237,53234.50002718518,18490.6331963301,23165.19614719176,34990.47423754937,132462.7172453735,126998.5607159163,50802.88681308803,59136.63404719644,40421.79173256651,165379.9250521644,94497.47793992139,54537.78890222111,48419.19947812265,138219.7395948416,47816.73701338681,8964.948899880275,30043.9892027255,75210.35227614049,39680.41629264674,51085.47570460546,2571.294760932245,54641.45527603091,33124.25401339018,18623.91631551087,24074.94249514469,72280.3304258106
7742,31316.74698405766,22825.95302154955,97973.10832647828,51528.84960610946,78507.40018056777,53224.20039369079,18964.94247486266,23522.61955171527,35241.62658918997,141841.0938863212,125134.2023448546,53078.61592964351,60351.16272457647,41574.80640458817,168438.5028631601,93521.57416230623,54546.08288462119,47713.09760112225,148217.2733701405,49576.73209137117,8998.465713318996,30330.35335490399,76262.27597638119,41175.34022232783,51653.94310902948,2522.28474086805,56038.02385616799,33084.08587891675,18717.30667562941,24399.61806091704,72084.9358397205
7743,31313.25135137752,22795.55305470686,103355.4296022938,53068.50294185256,78973.58801246002,53543.68855009786,18964.92394519555,23880.79411345258,35137.79673741235,148563.0227662076,124053.8639866703,56042.1584398166,60351.14619081624,42368.32588700148,169983.6494070839,92704.88641881876,54555.29976172931,47197.11103945765,149244.4944256565,49579.02658377083,8831.391628661693,29955.25571236907,77460.99323065922,42286.69421855757,53350.66963473822,2512.416596564597,56687.86936578224,33453.92779040254,18553.87354474183,24885.15215022157,72082.5649227884
7744,32058.39508104907,22911.14413472598,105671.8216524588,55393.05350551513,80644.30149343537,54080.56433471921,19409.5365182219,25837.30947588983,35133.38648237717,150528.8771029102,118109.2796446058,58722.05831777091,60579.98765158912,43980.07122428752,169985.912092765,91495.74657510186,54476.97679031175,47853.92766002117,149358.5840832266,50398.46273750108,8390.207798293293,29743.39807450887,77441.59922999637,44867.66584988529,56126.1284311986,2521.034380953806,57941.8663990393,34327.65717658393,18378.76662053984,26090.87697800317,72143.8132099329
7745,32777.64801314333,23038.5878557937,106524.5456345852,61567.90759537462,83663.58139433483,54373.2469041316,20085.32397624027,28520.63004601806,34853.17959926534,153055.1560844273,109125.1349949318,59936.6886101979,62121.79297918534,46228.53845293241,169215.5282290993,89808.40428141235,53798.96587388332,51248.17472924185,149244.4857116256,51341.06697284445,8389.450256254515,29579.76219447753,77460.99446311283,46641.57686718566,56693.16170678175,2625.717854641955,55862.54124481838,36000.09363876563,18437.13559527384,26176.56931559283,72925.09708772
7746,33146.01764764285,22825.72912914383,107079.8514484444,67216.72843550572,86105.58810697112,54079.88589356476,19974.30293758365,28877.09551157627,33337.86517883183,153760.273374289,108357.7570965566,59598.03268721274,59912.36772107932,47372.59663971435,166148.7382307074,89809.84332599533,49755.95273694841,52167.76039725258,137240.8051093735,51323.20773706744,8169.077265539448,28705.23001412619,74110.28017718307,45887.12336692577,54475.09908221191,2760.768481317327,54733.58894321065,34765.97098401834,18682.28529024487,26570.81130149452,72881.84074374587
7747,33146.04884228221,22425.5391377356,104888.6379134054,66577.44325951037,87257.7108750962,53231.95918958179,18742.6320629316,27807.66009937736,32899.05054464494,146351.3547359202,112459.916381438,60382.67784218365,59462.73645552489,46252.25996835549,165380.2155299983,88746.23814721801,46855.86635310756,52593.00461521873,137336.3409627278,49226.42718232624,7274.67913994947,27604.58376425266,70556.33342105396,46583.54344982781,53333.30198256709,2847.884424461844,54924.11936085876,34501.9589502739,18612.24251947581,25696.00834757768,73156.31636700446
7748,33107.53439586089,22415.41174865167,100951.9181982504,65731.05053422182,85521.72899292271,52053.51178278962,19412.52682615516,26678.56054659104,31988.75522773796,148319.6115165405,112459.9138149581,63699.35190956131,60601.73551918827,42742.80624480868,166914.5520504637,91882.35645214611,50678.24657257769,51565.28586646004,139253.3672971371,51383.04064162495,8499.10110460496,26819.62765555651,70572.64379358149,46584.05798007291,54459.012758742,3043.938922695531,55978.24185256672,33524.60748171245,18612.24251947581,26088.05412837631,73154.45783741963
7749,32775.09820200198,22345.24622775604,98551.05732076167,64642.9741709091,85214.77322438837,53221.86776503008,19362.57125779354,24968.43257964997,31370.10936959646,143291.7332046611,110196.0477791487,61086.87032726252,61859.04421039467,41073.98769232322,166847.7446650894,93455.46148937826,55636.22936159173,49357.28023244633,139253.4623971895,52399.08665674538,8936.225836037047,28455.57276261458,71740.29574380271,43744.55202335622,52388.94046211988,3054.097580058774,54726.369812007,33157.31692232881,18227.00728568733,25369.28830754619,72954.42808225517
7750,30917.80215788399,21562.86345914691,95722.67225027435,61687.9400580219,83736.1525268567,54944.28579811965,17501.51486021428,22231.17254975789,30673.49703974979,142177.8728427922,105961.8100908147,58933.37122376941,62340.81994461219,37631.55992522965,164619.1812252955,92657.80159957272,53274.02691361895,45649.30107395091,135240.9897076079,52399.08352554602,9271.697456050477,28617.75509876115,67109.99759302306,38688.43991653634,48296.24111779272,2860.580291954496,51872.07488881797,33161.95911423417,17946.83620533177,25040.91314329809,73223.50210322285
7751,28000.92967570057,20400.5838768626,87634.5781502005,56802.99304631606,80830.18871113783,53056.87024720446,15650.07574235711,20720.61947681406,28819.8755509312,146237.8938618044,104442.0347090587,57140.54035752591,59258.17398914908,34222.64801242762,159276.8401138443,89394.67328636425,51160.07611527183,41640.46867094551,131222.0868346568,49226.82522325344,9173.378144830043,27058.69169907963,60193.91566374939,35366.41371251496,46149.27411831181,2556.574645224637,48830.65713755107,31178.99250903658,17505.32599723807,24727.94310360769,73802.3573421013
7752,25272.70945297535,19141.29867908017,81755.37258277959,54944.60578361355,77583.31574333573,49695.23717536458,14529.45907659905,18899.75356394912,25367.15779059596,130728.687000893,96849.3870266543,52566.79776776164,51928.89239940178,32492.30172616463,153580.9616415584,83031.14885787267,47048.2347569155,38218.5139983097,124108.2339617712,44750.56331742858,8292.461812376994,26126.1249682108,57342.43950762472,29601.32837503684,42205.73407921976,2232.47967199146,44089.44858720744,30686.87911386495,18254.09875511316,24725.18401349857,72713.15244396681
7753,24127.48003147287,18450.07702726975,78852.63125136505,54671.28951995576,77394.5423461262,48189.36639607672,13877.18981607883,18026.65760864241,25378.05306436311,130489.8210090312,90933.344394392,50299.3144253812,49310.75287608767,31575.87885892318,151802.4033541437,82071.29267528834,45454.46312308381,36421.27197503207,119991.5249981639,40309.28279733407,7400.568768629641,24614.39845641726,52445.46288226882,27740.03316040198,40702.41122868431,2121.762048780326,42670.25910759703,30258.94396147988,17933.5346272831,24589.78492663625,71893.1109517981
7754,23308.07039189912,18114.33700763517,77111.43764664144,54120.15245148524,77432.74102037944,47423.48354877279,13755.0627525729,17328.06640492914,24521.2812755747,128781.8192448958,88130.39560170064,49468.12763412898,47125.46000187945,30511.01383418199,149932.5741974398,79837.90035475495,45230.80680347604,34761.46584014402,115075.2547344893,38128.44728462392,6759.02765248107,23340.27627401234,48880.32428386134,27376.8543724052,40399.85050860764,2061.671795429901,40989.175312277,30259.90979855041,18372.82620904519,24137.40414633828,71124.18462471395
7755,22818.35049977327,17860.51801143423,75404.36432300114,53493.55567332302,77123.87246441997,47147.88213867999,13298.43204178897,16980.12439500097,23954.40087014594,126951.2779843353,85657.79776446435,48084.968084449,44074.7642013224,30133.33215818401,147274.2713356681,77270.26759381793,45028.85169826265,33961.19881348788,111807.0061896031,35925.7074246354,5559.620692678986,22473.69807102935,46520.29151849097,26626.68812252222,39803.6689925452,1960.584267039133,40491.8973801168,30337.45428728167,18432.18993601119,24234.58779104275,70574.43404487094
7756,22818.35569925087,17742.09344000434,72415.0530943404,52804.27661805364,76874.1099996712,47147.88215192787,13420.72813070473,16636.58509781851,23476.79064200805,125856.164871587,86126.31983850704,47863.72022069235,43169.96184656223,30133.53552996826,146099.3871733248,76903.17524325798,42871.14543500579,33526.29912652766,103862.7870842156,34084.18459542359,5252.021199344304,21635.74228359679,44736.08151177348,27004.66429902043,39797.56236696786,1900.722072078059,40481.91527932654,30174.69265240587,18170.98953791416,24111.83037658783,70371.08591300264
7757,23133.98771297665,17791.26095692754,73646.85072688686,52804.33107974527,77582.60092843593,47436.13347215005,14749.70370923119,18598.85916471528,23680.33139921636,127207.7315482266,90207.48749634967,50083.44922174195,42765.73825160869,33381.39659518133,147954.1271457377,76166.7926881998,42110.75022773896,32973.40349616654,102490.9883841534,33703.47132156512,5143.259404390726,20745.48752051746,44737.57633960843,28928.66654417938,42375.6298938585,1897.7652079579,41730.73661595073,30596.7156033064,18408.44444577819,24733.22622532731,70409.8496636731
7758,24487.22411086368,18340.20994191977,81514.30697319507,54216.41458628455,80228.08175317496,48260.46035234,16524.9856868483,24261.02675073676,24068.95450391466,132110.5540054318,94360.04592815899,55633.74877203994,44364.73730483993,36700.43474053481,150078.715443303,76167.87218974561,41078.61871935296,34461.39902618792,101444.662553755,35172.35726261442,5299.848712834639,20370.07072479422,47671.41751408359,34280.954948426,47967.34533630621,1897.794608461193,43318.97788980846,32077.89618106525,19013.95446470528,24660.86682316982,70373.14567710916
7759,26424.49598367159,19225.27112577385,86650.30862607651,58155.08777667207,81918.06976658633,47713.95277647742,17295.70538608566,24969.40310011433,25346.93514525129,139953.3685305352,107968.0215089595,54454.65498327469,44947.44514500605,39507.55632635873,149356.0690194108,76902.53720697937,42671.76523572925,38690.20195745739,104472.4944943575,38119.11725478509,5252.689890351679,20126.46575169495,50123.25380860417,37912.54479288514,50651.20778614399,2089.454792499092,45526.0082442427,32984.09224951602,19868.79213522938,24874.79549164042,70712.12489662941
7760,28867.97478215487,20378.85787964539,88312.1282508573,57387.39021913216,80618.22629914994,48307.8718712099,17743.15860415463,23951.54073057864,27801.67102774425,143634.714993343,121569.319055298,53924.54317643731,47894.29119754941,42185.19662779129,153658.1653689222,76904.34276491465,44206.3392335044,45127.50103141389,117796.2256595931,38859.74799929787,5577.365285530568,21438.84142530263,56801.80371673653,42175.35913202758,55423.97575245195,2406.713982329258,48990.06859489783,32005.8946990161,19797.5556645304,23950.05287640036,71563.10501237809
7761,30661.38064512109,21813.47388889422,95360.51499016937,57436.15778872504,81345.0068212039,50562.70237642335,19050.5820650543,24309.99085303321,32090.99424309731,146700.8787736293,127596.0184718202,54562.49084265269,54388.08430451204,43920.38319997647,157121.7155877126,82031.4527193511,47816.28045855925,49352.49349743209,144300.7395046185,46650.92907459999,7037.524073154994,24330.15816841374,66919.70141501143,44025.32254081206,57827.74302259559,2724.478387225603,51718.31811693418,33509.37959234054,19156.42740887028,23381.22592665043,71839.05711835169
7762,31317.80069194251,22522.25527321481,96449.03215890787,54948.5981450259,81195.67131033483,52811.51737287956,19949.72562884672,24676.69100185691,34086.69755672865,150502.183947836,126036.5453627846,52325.98443817505,58521.28127279279,45366.81664020765,160523.6297866848,84591.61080528474,50677.86717254898,50678.52855437892,151055.7863764172,50261.13127762108,7966.629035601865,26300.37900328691,72876.68969805936,45100.75219492425,59673.22726198729,2782.945332289309,53526.12896320022,33903.71901880616,18645.89935640925,23672.13595709292,72038.96064120917
7763,31981.26563918757,23081.44163998749,102074.3753994092,54954.77336116473,82085.19311045765,53940.82888249983,20640.88266580087,26205.93218840257,34961.61274335301,151610.2965703456,119894.619726109,55385.96054909396,61528.36873143211,43329.48457230889,163452.487525544,89377.85686700878,52623.37558698822,52323.5304634823,157109.9361274452,51313.18363261697,8401.046880371912,28235.82708537357,80092.78841082541,43438.69301995397,56031.52566143745,2860.131616664194,53701.60100730851,34707.32527197099,18337.20797507921,23666.78978434077,72477.57840171509
7764,31991.22637394795,22693.49791909844,96798.29944987889,55854.97150791298,80562.86474073332,53933.89997807903,18621.26603719933,24044.7317514996,35229.83820943636,143409.3264343957,127765.3360208979,49188.90715963443,59390.23146001612,40280.86865582144,162042.4825757769,91610.30742674132,52705.1977577896,51705.0400884605,147515.0459979248,49607.84795003545,8401.055057980304,29403.19155844484,75865.9226665116,40869.60719469088,50638.78396071191,2744.589687741678,54974.20049823215,33403.33371133648,18337.20797507921,24084.41234252921,72587.45587886695
7765,30996.0723966716,22349.57277275676,95744.86483848191,52787.29651326401,78745.96433211344,53376.30266678254,18597.17855334666,23262.08948978685,35495.8623267839,135086.7726483264,130819.4967819994,50771.65692669836,59022.21312418636,40664.11448070537,162747.503555266,92590.7818889437,54524.62036412823,49797.77918715304,141581.2622028039,48426.72004209161,8858.105263208849,30481.03976707515,76602.07754384322,40673.11508603598,51241.11524268727,2566.963413948257,55421.18034259983,33337.26658463869,18645.89935640925,24375.79979889515,72685.13604120912
7766,30348.32090130349,22597.55230772089,99706.88253664541,52090.83319596985,78238.03293403877,53366.07671413816,19066.36095943344,23611.52539815442,35738.94717963562,143295.676308616,128805.7202802882,53027.29596438191,60219.39217009737,41746.72464078602,165558.3338035241,91672.51469016042,54532.80417164407,49064.42388654187,151887.2091329199,50262.04316435898,8891.048242472398,30764.57224915175,77700.119998526,42158.13717473041,51850.06144858975,2514.915914701072,56845.20770450954,33297.52136885432,18740.88132010825,24661.3905805017,72556.93278762307
7767,30345.20041997438,22568.05683377049,105129.623715713,53514.71704610223,78725.62699993727,53683.27933689402,19066.34263005595,23961.69567729906,35638.45254330787,149179.388245006,127638.7987091044,55964.67639650428,60219.37587252303,42491.79083528317,166978.3220830565,90904.06027519182,54541.89861439936,48528.52178464076,152946.1188522149,50264.43586136575,8726.834597389312,30393.18370488065,78951.39177428016,43262.12995990984,53667.60660991941,2504.436175404242,57507.83022077294,33663.46932164857,18574.66288294322,25088.47556834561,72555.37716998412
7768,31010.37531353049,22680.2087221999,107463.4112979846,55664.48019705055,80473.05566154244,54216.3144543492,19506.14932629921,25874.48794063656,35634.1839541855,150900.1027650109,121217.7884321625,58620.91818636472,60444.94831620054,44005.12099486301,166980.4014891555,89766.33186108469,54464.61606287777,49210.68956511177,153063.7280529057,51118.94400117568,8293.204180768344,30183.42099033541,78931.14749602201,45826.00615903721,56640.69722266215,2513.588061608782,58786.48285016003,34527.99946341856,18396.57170204521,26149.05398036571,72595.56369636448
7769,31652.43801028913,22803.86059900439,108322.5390265788,61375.03517157755,83630.97369854801,54506.90325017999,20174.63210727551,28497.84317982159,35362.97785754993,153111.3576092389,111513.6137067929,59824.82575340335,61964.72884131238,46116.29401408505,166272.4194136379,88178.64348754309,53795.61164906797,52735.9444339577,152946.1098693655,52101.89183433337,8292.459608444366,30021.40319980853,78951.39306076741,47588.16742474884,57248.10717985522,2624.759471268274,56666.27482312058,36182.82732501809,18455.93542901122,26224.430584736,73108.18350385738
7770,31981.27421015296,22597.33507680565,108882.0150499296,66599.11034475408,86185.11153850958,54215.64086658308,20064.81110987835,28846.34255670222,33896.33826405599,153728.5475690028,110684.7346652595,59489.15947630959,59786.86538549279,47190.49458306996,163454.0421725733,88179.99754259286,49806.30473945576,53691.02336232222,140572.1286422633,52083.26822067806,8075.859576444136,29155.51870321719,75453.77575390262,46838.71115441019,54872.10319233637,2768.180089766515,55515.12550568238,34961.69839134079,18705.26308337525,26571.21330806151,73079.8019394205
7771,31981.30205698312,22209.0519734765,106674.3460425112,66007.89424656043,87390.1370378756,53373.78000565839,18846.45353048611,27800.80628243292,33471.61920375767,147243.5127215277,115115.6595895627,60266.87780377045,59343.65713563126,46138.56706423153,162747.7705041333,87179.20856059501,46944.7422716426,54132.68073706896,140670.6116738511,49896.74515446327,7196.774249357844,28065.7560330614,71744.01579791053,47530.51839997391,53649.00226108122,2860.695191357841,55709.40205741486,34700.46606406425,18634.02660990922,25801.72004863956,73259.8922307431
7772,31946.92098152275,22199.22590549243,102708.0625347355,65225.14341270066,85574.44300566685,52203.76289949052,19509.10731159397,26696.93920805578,32590.56433122108,148966.3301034056,115115.6568173935,63554.27235667455,60466.38551391177,42843.40495603137,164157.8243818623,90130.1086769536,50716.34708820706,53065.29511398942,142646.7762070352,52145.66198221777,8400.233148134934,27288.56184822118,71761.04125468357,47531.02952215482,54854.87141164377,3068.900499902073,56784.25029068195,33733.40484689796,18634.02660990922,26146.57094832919,73258.67280320196
7773,31650.16184491732,22131.14802552299,100289.1717851123,64218.88159683289,85253.39255992026,53363.76077248513,19459.69171965392,25025.02821400811,31991.79057333542,144565.4225414646,112670.3542957871,60964.85369546682,61705.7334580056,41276.48654285633,164096.4284549902,91610.30661148895,55608.46945537484,50772.06705692489,142646.874240822,53205.19491396545,8829.87396078198,28908.33015098042,72979.88575200082,44710.33143646483,52637.3956845189,3079.688757298687,55507.76443476228,33369.98138375625,18242.22601138019,25514.33090872338,73127.42829976273
7774,29992.1908397893,21372.04356037185,97439.54624140718,61486.04216327327,83706.87712449016,55073.85708316601,17618.7517296524,22348.93892360852,31317.55477745553,143590.4593093767,108096.7656060916,58830.3656273932,62180.6269904315,38044.2577027283,162048.3806648655,90859.75627097936,53277.64582744447,46920.97097714937,138510.6210881157,53205.1916487503,9159.60204313138,29068.90877077903,68146.58468060955,39687.7092063527,48253.26790826947,2874.177906788292,52597.34948816348,33374.57469936354,17957.28012028315,25225.48589017478,73303.97446531331
7775,27388.35715563779,20244.34538491932,89290.7125525452,56968.40368112537,80667.47837718944,53199.94360320071,15787.3250649098,20872.14283666731,29523.47519225971,147144.2002903376,106455.1885363799,57053.36182652625,59142.01685913057,34843.49819708511,157138.7740043467,87789.34731861022,51191.77614540329,42757.409616153,134367.7393878049,49897.16023159982,9062.96603575368,27525.26194185975,60927.28581257443,36387.68691475299,45953.42204488802,2551.330994083776,49496.13257808738,31412.48617695608,17508.2454821826,24950.19151117835,73683.7758020062
7776,24788.90887906108,19081.45926260499,80758.67184897464,54786.00657315041,77719.76960482546,50374.41755729203,14542.91033442708,18944.94398690137,25893.93001657487,130507.0098598961,98569.75623112298,52177.92384623853,52001.46788361292,32258.936011149,153495.5640875635,82258.06568324972,46711.21471532161,38199.67885815263,125197.789392337,44989.09959246407,8298.172468575694,26110.16577114498,58407.8124042612,29745.53310347513,42214.38791729746,2266.063475093987,45121.26597093265,30434.23621026297,18258.50572692114,24698.7876003973,73777.65430424023
7777,23708.36537655205,18428.15541533335,77966.36749850004,54524.15358278492,77522.54569792343,49025.17470805212,13896.09180072901,18074.94528904982,25904.12843545468,130273.3648034082,92389.0596938601,49945.50836413902,49239.10596504996,31348.107080365,151752.5762825038,81295.36454881367,45209.39002226187,36404.79701568068,121463.4601093145,40435.93709418453,7398.381829850589,24624.18975763111,53741.8407200913,27907.79998899515,40689.72853718953,2158.112754877642,43754.38757417547,29995.63678482001,17935.12864573119,24568.30813719363,72927.08864040338
7778,22935.23839840202,18110.83282288296,76291.41891631986,53996.13198776938,77562.45434970419,48338.95251070728,13774.98529928396,17378.83229726813,25102.15523375069,128602.6951297867,89460.72111113276,49127.17632763546,46933.43441360468,30289.74209779546,149920.1429904711,79055.35259740923,44998.63675221005,34747.17057753351,117003.8366160841,38200.16332883432,6751.159951942032,23371.77076082896,50344.88030492883,27549.21867425764,40382.87359930792,2099.524194727729,42135.26824164471,29996.62669084162,18378.27501542369,24132.36427121354,72129.54078693043
7779,22473.17932311932,17870.93737647386,74649.29248342215,53395.81557073911,77239.75918064974,48092.01682610364,13322.17045015984,17032.12459151657,24571.53214406203,126812.1643267465,86877.51171921434,47765.4080909269,43714.68849516274,29914.36582836498,147315.0051645083,76480.10953848132,44808.33272278668,33947.95448049686,114039.1586771629,35941.93341550481,5541.132402094502,22519.95370700295,48096.17729909594,26808.54876443587,39778.23053119528,2000.962907209258,41656.31988949059,30076.10361161859,18438.15965967497,24226.01682151553,71559.32699731807
7780,22473.18422891514,17759.00912896595,71773.71185266564,52735.44586056117,76978.81600844752,48092.01683797355,13443.44456454385,16689.80398014165,24124.4695670274,125740.9872910599,87366.99310747793,47547.5819454377,42760.04434944064,29914.56795874753,146163.6182339745,76111.9291498575,42775.10758705115,33513.62591410932,106832.8367587919,34054.02008786068,5230.809155916645,21696.27151925552,46396.13378105034,27181.74014781969,39772.03723481588,1942.596706126205,41646.70572723776,29909.28590771458,18174.66722552762,24107.71970509085,71348.40969566413
7781,22770.98842012059,17805.47950193909,72958.64481621972,52735.49803805193,77719.02279097703,48350.28669614667,14761.31447970347,18645.11699316354,24314.99198486573,127063.0125406547,91630.73161964816,49732.98163300766,42333.55376124204,33142.60375653122,147981.2641196046,75373.36400437416,42058.58065526479,32961.45635938938,105588.4573039065,33663.7161218566,5121.084289649057,20821.18120792474,46397.55809341373,29081.38648573612,42386.69504835568,1939.713735898921,42849.49572178427,30341.82579782898,18414.20580253273,24706.53760452734,71388.61633842147
7782,24047.79005448414,18324.3152225968,80526.77776213066,54088.35675156076,80482.9295257288,49088.8740728527,16521.76120801792,24287.19836682576,24678.75899915057,131858.6731578727,95969.05456889504,55197.44278903418,44020.63500849086,36441.38216246891,150063.3614675702,75374.44670549297,41085.99427408262,34447.49781842672,104639.319236926,35169.60532448083,5279.060175715273,20452.15919953707,49193.00126034088,34365.92037449979,48057.77321841448,1939.742401665158,44379.19469240386,31859.91784229312,19025.0291778036,24636.80732664998,71350.54612978519
7783,25875.6391259914,19160.82529858797,85467.37636255682,57861.83637978625,82248.57046639916,48599.2095884029,17286.04034230571,24993.0617920329,25875.00079896267,139530.0659269319,110185.7823343018,54036.58432551681,44635.44179513812,39231.36879854332,149355.1676944862,76111.28922248048,42587.22991359756,38670.74738549696,107385.9116192926,38190.59826268332,5231.483768094475,20212.70375308286,51529.17715001464,37951.53799329398,50779.72749297838,2126.612877237365,46504.87428332899,32788.69659006831,19887.36805725506,24842.96305836699,71702.14307656366
7784,28181.10307028639,20251.13064780838,87065.97080766308,57126.33715098874,80890.53903401298,49131.35424690657,17729.75439097792,23978.81023044246,28172.73331161279,143130.9485622142,124395.5333236706,53514.67098542363,47744.6173157419,41892.66451688259,153571.2237700447,76113.10013197314,44033.27216599065,45099.59284579546,119472.070706396,38949.88651653959,5559.034120969628,21502.72463747313,57892.68001039376,42160.38944809086,55620.23493708339,2435.943560502759,49841.2499586007,31786.12206159645,19815.50648582834,23951.82026830691,72584.79898358305
7785,29873.21210643693,21607.04905074752,93846.19636307574,57173.05933926933,81649.85415011835,51151.6563719309,19026.25229006197,24335.98877179839,32187.71410016619,146130.0946694632,130691.836871534,54142.75244481527,54596.12642209907,43617.2593374064,156965.5043152938,81255.4065098152,47434.9507736387,49319.03695160762,143514.718136355,46937.33818253246,7032.12242159868,24344.79117147654,67533.28640394521,43986.93420583173,58058.11866559548,2745.766833192286,52468.93666725525,33327.07425189677,19168.75232344842,23403.66121657994,72871.02277645955
7786,30492.55562241037,22276.94937004216,94893.30007601788,54789.83148924017,81493.83358086353,53166.56867049266,19917.88210725195,24701.38807303156,34055.77347960438,149848.3140578036,129062.6008020694,51940.83482546506,58957.00398627334,45054.8636038535,160299.3815374381,83823.15273928484,50131.44850090046,50643.33062790091,149642.323843863,50638.48635536896,7969.454485643299,26281.451591934,73209.26584556921,45048.7500167339,59929.79570118886,2802.772652549881,54210.11191318699,33731.24073579832,18653.74438232915,23684.00125056626,73078.36725139935
7787,31118.54612215465,22805.46088844964,100304.6228946826,54795.74770802083,82423.17514746157,54178.41875741717,20603.26344937013,26225.20436482536,34874.72963878042,150932.2064707137,122645.9163942001,54953.48674541197,62129.73936097896,43029.96761381574,163169.6632469044,88623.58492580894,51964.7177819805,52286.1722815234,155134.1351180946,51717.04135934148,8407.719042990775,28183.9315728996,80084.95973587732,43407.7308167423,56236.4077487243,2878.030003163368,54379.11608759242,34554.8730991507,18342.34423110598,23678.84932696721,73533.31155628893
7788,31127.94424538083,22438.79829227968,95229.27922975863,55658.19026263814,80832.69919532542,54172.21053897546,18600.52386709633,24071.67066160115,35125.79957202084,142910.4863600541,130868.7288336669,48852.27414929072,59873.82101796291,39999.96075252498,161787.8578543526,90862.65232509408,52041.81951596841,51668.49412271548,146430.4644202619,49968.7459202723,8407.727293010812,29331.41135345469,76057.48781092763,40871.16699929679,50767.12733727995,2765.375539667654,55604.80777771492,33218.38567555589,18342.34423110598,24081.29788461203,73647.27897158067
7789,30188.99948553412,22113.73957820443,94215.92333183187,52719.17792554563,78934.46457997784,53672.609779488,18576.63767173336,23291.80477809186,35374.8089534121,134769.8400741834,134059.5173410792,50410.54583236892,59485.53008572791,40380.86720672251,162478.778685149,91846.03285040008,53756.2770576308,49763.73788161097,141047.8389344345,48757.86377225455,8868.824617376225,30390.89967474723,76758.9160748502,40677.16228044842,51378.00745439447,2592.188258102005,56035.31202103815,33150.67213613568,18653.74438232915,24362.09799761111,73748.59505487604
7790,29577.83489578559,22348.1158941262,98027.20308160162,52051.92527152243,78403.79544837709,53663.44744386674,19041.89932717292,23640.00108276439,35602.34625129974,142799.3203047664,131955.6546367991,52631.30018837063,60748.65673603708,41456.86900655791,165233.3934084751,90925.04396683199,53763.98872971092,49031.34564055542,150396.5200655601,50639.42121379072,8902.059302365486,30669.60251162346,77805.16060357385,42143.38550321832,51995.59638047226,2541.441458575079,57406.84997657589,33109.93645758721,18749.55981368947,24637.31205365441,73615.61972797631
7791,29574.89066840061,22320.23843027879,103243.6319869046,53416.0894054107,78913.21683973973,53947.65733518019,19041.88115096598,23988.92915307611,35508.27918897985,148554.4309298586,130736.5308808374,55523.25243821682,60748.63954069732,42197.38724279517,166624.9824680333,90154.31190251296,53772.55850119476,48496.14729799127,151357.0731694589,50641.87418613315,8736.391567167246,30304.54013812183,78997.40617089781,43233.40286506343,53838.93780111518,2531.223614550242,58045.0483395838,33485.00394373094,18581.88280811111,25048.87923071284,73614.00620602355
7792,30202.49453166953,22426.23809044251,105488.6288622842,55475.68842860751,80738.86978008399,54425.25065229088,19478.01257642632,25894.93589637793,35504.28361614476,150237.5354944416,124028.2769936863,58138.41400745633,60986.63783022443,43701.4798843531,166627.0202868094,89013.21133472568,53699.73448942677,49177.41923957083,151463.7582632984,51517.90856384334,8298.921410541003,30098.35048681121,78978.1168754109,45764.82300492982,56854.22522857264,2540.146789366177,59276.57005051539,34371.07843736644,18402.22887535726,26070.92232636896,73655.6885840672
7793,30808.29164285081,22543.10689312996,106315.0704291592,60946.73459583704,84038.15316503729,54685.61486164842,20140.90914133365,28508.98493442572,35250.42369161569,152400.4585583825,113889.9864419918,59323.70249070154,62590.13673078275,45799.76609319275,165933.197580767,87420.81715518908,53069.32588690322,52698.04466020178,151357.0650209797,52525.61820781852,8298.17024512753,29939.09248041438,78997.40739669761,47504.67710523044,57470.2561020976,2648.539955622316,57234.51253076337,36067.14510835466,18462.11351960853,26143.56017869325,74187.3894931309
7794,31118.55420900674,22347.91057967705,106853.2607656806,65951.70461731804,86706.62791312045,54424.64712542169,20032.00586962493,28856.24802990268,33877.58944808445,153004.1584902519,113024.0275332649,58993.22747472362,60292.30385342307,46867.40963491403,163171.1868015905,87422.17522357074,49310.16773784932,53651.86935628958,140132.4385408382,52506.5254396644,8079.652248482441,29087.95731650052,75664.78309308308,46764.70818733562,55060.52969804929,2788.376402718316,56125.79438138702,34815.58527337129,18713.62902658043,26477.7428134242,74157.95148977809
7795,31118.58048296619,21980.9272183036,104729.5841889536,65385.2849641573,87965.59681665574,53670.34950421762,18823.82956771871,27814.42073515672,33480.03515291581,146660.868173137,117653.1696877123,59758.91796624161,59824.68110814606,45821.90318642271,162479.0402951416,86418.4199675422,46613.69285796789,54092.94673610794,140221.7739959287,50264.92084349704,7192.782737056011,28016.75748264096,72130.02353958643,47447.7578583461,53820.06940238306,2878.579493771193,56312.90993246379,34547.84295771425,18641.76745236236,25736.20851097868,74344.74523089023
7796,31086.14135155685,21971.64017123161,100914.2009255124,64635.36381488423,86068.62258159758,52622.02767229261,19480.94584314124,26714.46956544606,32655.33199829364,148346.0296369769,117653.1667915301,62995.47117856554,61009.25591381804,42546.85507592955,163860.8936371151,89378.06636162744,50167.70845577442,53026.96282911742,142014.3828855974,52570.49098606115,8406.898105262431,27252.80189444085,72146.24585496397,47448.26251024121,55043.05334820225,3081.581620788999,57348.13944265487,33556.68228336131,18641.76745236236,26068.52951342798,74343.4804129439
7797,30806.14404197977,21907.29678618045,98587.3386969016,63671.30605246184,85733.20019603497,53661.3723868581,19431.94319553069,25048.48957904908,32094.85543499902,144041.3134741875,115098.4737699768,60446.0992820344,62316.87437117227,40989.50128881371,163800.7256051895,90862.65150742541,54777.59736113697,50736.74629346914,142014.4718135356,53656.71501282521,8840.34333049907,28844.97933300058,73307.59383494861,44663.27158711147,52794.10518226546,3092.100272852396,56118.70463828911,33184.20219791367,18246.52879974567,25459.26143861803,74207.35063261104
7798,29241.82010539325,21189.83391986916,95846.1293039744,61053.08579623028,84117.45443541149,55193.59895664977,17606.38712991258,22381.89356078646,31463.74333840459,143087.6601824008,110320.2857929141,58344.6222301581,62817.92780918183,37777.00229545619,161793.6379839253,90109.87658408798,52581.24224646032,46890.70756430679,138262.4136994705,53656.71166535479,9172.991111421554,29002.82268326423,68702.29393961965,39704.2306347543,48347.75386440356,2891.725267668575,53315.56709164015,33188.90998033115,17959.08250566476,25180.91138587658,74390.46832596371
7799,26785.05859001678,20123.99699960672,88007.32413230733,56724.9235050107,80941.99589921534,53514.59409267791,15790.26489088575,20910.33632263646,29784.41195999182,146563.7264309638,108605.2728457309,56595.10075731661,59611.93330914829,34595.7805446315,156982.2215701498,87030.36713750598,50615.70933792011,42732.61389073389,134504.3427291065,50265.34637699883,9075.499404975584,27485.47007800409,61823.55085487724,36445.98326157509,46015.26649007939,2576.946502235578,50328.66050943753,31177.92562020133,17506.107584219,24915.61962042348,74784.40689999356
7800,24551.75083132772,19102.33852768696,78561.02815604296,54419.34936800309,77684.8456838788,50313.3740945454,14442.11799421913,18749.82988207679,25728.93295310663,129157.3658847737,99686.86464239194,52091.64133053998,52113.47684502414,32252.11762426116,153040.2310002754,82241.10838877021,46535.01037835082,38290.88981452263,126055.7746418122,45192.51170170904,8303.202109371825,25805.85890287433,58980.19716568408,29164.00918556027,42348.45579608265,2269.558860124177,44608.72755774737,30970.93927261739,18338.34247862817,24288.70717142843,72796.51782805104
7801,23423.57420030939,18435.29306695966,75923.99696474719,54157.9217220855,77488.17110009586,49348.80088928995,13772.05977947053,17876.24198924561,25738.98250842981,128923.1139286885,93653.12472806175,49909.84302782625,49329.53705875113,31350.33278523596,151092.4283156501,81318.95743511656,45076.46296576523,36547.98838703516,122177.8558161033,40704.77145366907,7377.274096357075,24343.05798767008,54316.82065917396,27413.06396737843,40821.86998018769,2167.752290361337,43226.66908983306,30580.05761300915,18030.90221041251,24160.40856254907,72241.6318700456
7802,22616.36580237505,18111.29590122394,74342.18814284164,53630.75782609216,77527.96859524549,48858.22089860609,13646.6020167055,17177.25717103292,24948.71549221704,127248.1046436608,90794.41239964514,49110.06562858482,47005.85502309457,30302.47685622533,149044.6695905133,79173.29760020517,44871.78286019196,34938.36739866486,117546.7543279205,38501.12246989897,6711.251533329897,23110.17156280166,50921.74960733738,27071.41684058838,40514.62732532383,2112.498371496765,41589.56838694911,30580.93982143473,18452.20924384768,23731.75113109238,71721.33329282209
7803,22133.93797816115,17866.35448652904,72791.37631143568,53031.41654115639,77206.17222147183,48681.68667059495,13177.51788629096,16829.11911652345,24425.83776397024,125452.9228865636,88272.62322570306,47779.17375323115,43761.96624659553,29930.82789201104,146133.4074253397,76706.5270130163,44686.96272039608,34162.29688336135,114468.0808848008,36275.33999997696,5466.074759196189,22271.63934250242,48674.29731286733,26365.7254501274,39909.22027932873,2019.546823109183,41105.3010026971,30651.76998876219,18509.14262645741,23823.83835789981,71349.34128988879
7804,22133.94310021705,17752.07193677962,70075.69962844721,52372.11951145233,76945.95584816307,48681.68667908075,13303.149284196,16485.38625542583,23985.30083821906,124378.9634384376,88750.46635744124,47566.28653831711,42799.86500955305,29931.02801533645,144846.723406194,76353.85484473752,42712.32794801859,33740.54662635673,106984.6670470287,34414.55321090876,5146.737155136556,21460.80320038655,46975.19934598605,26721.29267751968,39903.01915760297,1964.50260746666,41095.5800689367,30503.1013467817,18258.63574350529,23707.51847813425,71211.74456577438
7805,22444.87526385246,17799.51976902413,71194.74139191254,52372.17160418782,77684.10095011341,48866.32370351213,14668.36922861233,18448.76594678568,24173.04225195559,125704.4226857538,92912.82719979066,49702.13506979531,42370.04293990371,33127.01097534901,146877.9570874916,75646.39899070261,42016.44879032826,33204.36809785196,105692.4396753387,34029.85733900253,5033.824969758185,20599.3606894311,46976.62286615791,28531.22723515678,42520.98064043994,1961.783725100894,42311.7278265056,30888.58272292337,18486.36927394427,24296.32764076728,71237.97428845552
7806,23777.96158845689,18329.26869637737,78342.0291275234,53722.83278334064,80440.30944030442,49394.33954121837,16492.06742289601,24114.12382671293,24531.49945771343,130512.540166135,97147.99910676116,55042.69652489282,44070.30262540308,36393.03410355366,149204.7173736199,75647.43608709064,41071.88891170549,34647.37326898607,104706.8060851586,35514.10912800836,5196.389784276351,20236.09390269231,49770.51122903849,33566.19627932542,48199.22432437035,1961.81075931914,43858.415096361,32241.51276194235,19067.08978027897,24227.76284575071,71213.13831742034
7807,25686.38693432656,19183.37395134084,83007.89322316975,57490.18290887528,82201.03258270142,49044.27858552638,17283.80650520489,24822.8993039362,25710.28004015409,138203.8595934008,111026.6998732752,53908.15904936392,44689.91190350541,39155.31751865042,148413.3052200502,76353.24187190528,42529.86424518783,38748.31603017933,107559.0083144986,38491.69483968431,5147.431363640739,20000.37297379553,52105.38775560236,36982.48125258314,50924.61783932686,2138.045267711754,46007.70173786511,33069.24430302357,19886.93049198236,24430.4728580575,71442.5106245093
7808,28093.48164136002,20296.61281720925,84517.59377327665,56755.87839820163,80846.78364339157,49424.70860166588,17743.46285056703,23804.46342963129,27974.47317400045,141814.0956224771,124898.5897485251,53398.07942990697,47823.37438579231,41790.18785472493,153124.7812950205,76354.9765036158,43934.23666992155,44990.9798449845,120109.895047351,39240.07323777185,5484.496492290766,21270.2748518591,58465.35128450271,40992.56752177428,55771.24135557835,2429.770007690619,49381.13002899339,32175.74565063873,19818.61043444293,23554.22476912172,72018.33138636118
7809,29860.1831830261,21681.05165003478,90920.7877054155,56802.52469266354,81603.98385692487,50869.0218306868,19086.54289918403,24163.11551736225,31930.84837603935,144821.0320959856,131045.1879192072,54011.91994170004,54728.40325584095,43497.65828089066,156917.9167026322,81280.68247890171,47237.89092102097,49088.22735242794,145077.0117695947,47112.75696788135,7000.375480684479,24068.01686734461,68100.59564672779,42732.85275914755,58212.20539600826,2721.959300749553,52037.99890287258,33549.04874813656,19203.72989801162,23015.22773422879,72205.05602182062
7810,30506.82894941263,22365.04267349412,91909.66456301186,54423.16807103863,81448.39784809986,52309.48187479772,20010.20827424237,24530.02227986035,33771.64019895819,148548.9096636318,129454.6897216452,51859.92800151884,59123.34530611589,44920.98783069324,160643.5509180023,83740.27201250386,49856.68511272369,50374.16901399455,151440.2314346885,50760.72508355345,7964.935433014682,25974.47337116518,73773.41815212487,43744.52376950266,60086.24733071945,2775.720562496448,53798.51102924155,33909.24362487614,18714.10280703702,23290.88212067806,72340.32193073952
7811,31160.41471565999,22904.67091962811,97020.07706391433,54429.07467972929,82375.1509414436,53032.85312122125,20720.21482877948,26060.12510265461,34578.64227701513,149635.617517531,123190.5729516336,54804.27187402496,62320.86413288637,42916.19808071539,163851.1134741487,88338.50396674994,51637.12605156869,51969.43339044571,157143.2095904726,51823.7828380003,8415.930823825267,27847.28250940515,80645.28783423227,42181.00254951151,56388.1927131494,2846.694546737068,53969.39210462035,34643.26826425886,18418.04921640483,23285.81630714248,72637.11524981033
7812,31170.22713225828,22530.29593099906,92226.96074452913,55290.11631411383,80789.10490464914,53028.41486819321,18645.51838891039,23897.70695813731,34826.04741047978,141593.060763554,131217.8739726335,48841.39650720746,60047.32394703962,39916.27772541599,162306.9349977249,90483.2590352635,51712.00598604681,51369.64341026997,148104.872075529,50100.60783373895,8415.93931349423,28976.86633707751,76620.0559582738,39764.22926955358,50912.00176309482,2740.451953135224,55208.69589594877,33452.18503004644,18418.04921640483,23681.5382761296,72711.46449890919
7813,30189.89127959114,22198.39992181543,91269.95506917639,52355.8780014771,78896.15739762514,52671.2504732154,18620.77398133979,23114.62372416439,35071.42206941218,133431.2689202853,134332.796030251,50364.33636341633,59655.99992550792,40293.40196233115,163079.0445014072,91425.21833787355,53377.05891994481,49520.04958571789,142515.2780356765,48907.1242817362,8890.430724030595,30019.83100941433,77321.09409317645,39579.38652383833,51523.65373872055,2577.121842623561,55643.98116812039,33391.8384378461,18714.10280703702,23957.64505175843,72777.5603623221
7814,29551.7849874713,22437.70611646059,94869.2989505797,51689.70920833069,78366.9663263021,52664.70032292717,19102.75212202851,23464.25651883599,35295.63806702495,141481.605951315,132278.9562572491,52534.73794122291,60928.9933422167,41358.71958352294,166157.3482839281,90543.02266269742,53384.54836888718,48808.86768381709,152223.4274264546,50761.64650943433,8924.630819598251,30294.18723128127,78366.75670871866,40976.36659698813,52142.02300001576,2529.263360754012,57030.75094223772,33355.53462914819,18805.19621974337,24228.25913666836,72690.81086749179
7815,29548.7109709931,22409.242277171,99795.6551080391,53051.65744375033,78874.96883821931,52867.88186729038,19102.73329276476,23814.62409805884,35202.94407612167,147251.6656379169,131088.8192520577,55361.11885500766,60928.97601255756,42091.88483101426,167712.4600857628,89804.7548008447,53392.87118984092,48289.16887514263,153220.9149757281,50764.06423617103,8754.150720927622,29934.81832545215,79558.33915820337,42014.90732546482,53987.6935171944,2519.627078120085,57676.03691200411,33689.79635623754,18645.78274684383,24632.94731502621,72689.75824955464
7816,30203.98122196657,22517.47153748555,101915.8132432836,55107.9109294066,80695.53683027587,53209.31314999353,19554.53457722846,25728.4941058128,35199.00682558042,148939.1421138848,124540.0655654241,57916.98496453809,61168.8333979446,43581.04255844706,167714.737364394,88711.71882201407,53322.14570874499,48950.71093957788,153331.7022423206,51627.51128797333,8303.972806816268,29731.844382468,79539.06059127467,44426.77984067623,57006.79081699719,2528.042379264758,58921.23547030407,34479.46968574318,18474.98259901457,25637.90782120757,72716.95070189082
7817,30836.48342329965,22636.79856220591,102696.2984326084,60570.07012876892,83985.63079864962,53395.44742529858,20241.24849419875,28353.3274492936,34948.85242557389,151107.6834312406,114642.8301978508,59075.39854019486,62784.85784300788,45658.49379776885,166939.3849921284,87186.39828511419,52709.90325439495,52369.37779890471,153220.9065139299,52620.74162607669,8303.199821336304,29575.07014426207,79558.34038332134,46084.46843171926,57623.60005711082,2630.26621269685,56856.49957731096,35991.01146328331,18531.91598162433,25709.3315930133,73063.81794664572
7818,31160.42315900125,22437.49648342092,103204.5613316795,65566.9102594762,86646.67310664467,53208.88168886185,20128.43241361395,28702.02318479861,33596.05707145872,151712.951490641,113797.4609420956,58752.41662453829,60469.07571232467,46715.53615431629,163852.8160585839,87187.69914995012,49059.07075900427,53295.57939337552,141564.6793738159,52601.92319292736,8078.334251798672,28737.20917920418,76227.56965978105,45379.44492847913,55210.82891845347,2762.143693255901,55735.46839376797,34875.6160545837,18771.03618964678,26037.9286464875,73044.61339209253
7819,31160.45059118424,22062.79398260308,101198.9771724522,65001.41067774298,87902.13543364037,52669.63460327506,18876.847287677,27655.89781316448,33204.3057685998,145353.1842987447,118316.5373306553,59500.74605881853,59997.80018655281,45680.41108034543,163079.336852647,86226.22332586296,46440.29875630117,53723.88301577949,141657.4498867627,50392.52715880542,7165.702702661925,27682.71564560333,72694.77611243422,46030.2372256919,53968.80127788585,2847.212762398691,55924.66198440316,34637.00297253129,18702.71612945357,25308.78846531137,73166.47255993012
7820,31126.58145967625,22053.31159149394,97595.75796365344,64252.70767303547,86010.44479639811,51920.1897200735,19557.5732339088,26551.40877549387,32391.64058243187,147042.7230168229,118316.5345033347,62663.91454690389,61191.62816005835,42437.88261720262,164623.5689129295,89061.20569698264,49891.90018383435,52688.77038094796,143518.9867876416,52664.9696484758,8415.086039264392,26930.67461436756,72710.98940508437,46030.71804514045,55193.33048690994,3038.660769089371,56971.3883897577,33753.67639512354,18702.71612945357,25635.55500211941,73165.64742702429
7821,30834.24115067493,21987.61480567911,95398.286805593,63290.21589088352,85675.95665493383,52663.21686545249,19506.80995972096,24878.55575926578,31839.34514364305,142726.8252328815,115822.5836743181,60172.34641299771,62509.46092636987,40895.9926016859,164556.3306604455,90483.25825203615,54368.94838146719,50464.87932874395,143519.0791349682,53735.58623313296,8861.122104634826,28498.02065031417,73871.69145223073,43377.24975798181,52941.54073269024,3048.580738895564,55728.29991447458,33421.72057045789,18326.95580369847,25036.4703299921,73076.84005237393
7822,29200.95780345059,21255.06080310894,92809.5093072542,60676.24857615077,84064.71119305662,53758.60506368096,17615.66310086713,22200.95865207606,31217.44521929178,141770.694799881,111158.0052822937,58118.51767827523,63014.42828482861,37715.39217312891,162313.3943383279,89762.19115383553,52235.88445966935,46730.22324575786,139622.7497829115,53735.58293376075,9203.432732871348,28653.40229518917,69268.95298937806,38652.40207804305,48489.57136635659,2859.610328109118,52894.03170724714,33425.91616602342,18053.67556557943,24762.77266392735,73196.30106640706
7823,26635.89594041865,20166.80503589467,85406.60076089061,56355.11679391083,80898.0971869949,52558.28511816989,15734.28901857224,20723.33047857353,29562.62658591245,145255.7902281675,109483.7696988728,56408.66437784163,59783.39053295457,34565.75841917934,156936.598367411,86812.39451251928,50326.99126371163,42692.54944026886,135720.1763728535,50392.94657801645,9103.10905961905,27159.71413368685,62394.0358087749,35548.02712132584,46154.13685038938,2562.747590383153,49873.95359013308,31633.7184144191,17623.02435544484,24501.91502687797,73453.29590212594
7824,24074.82983954149,19180.08084549465,76277.29956969564,54228.81290019101,77926.62248500805,50187.1836954286,14621.25127325703,18444.05674390329,25388.25729100608,127455.1177582674,100239.4921506408,52586.70184025662,52404.49690511548,32122.95085929285,153754.6668060125,82406.20497907432,46813.95923027385,37892.14686211817,125280.9741329355,45046.53798879824,8383.811408828176,25622.05685296768,59751.34876272458,28593.32406735818,41866.10218953584,2226.414847794649,43846.66941046608,30733.68057807114,18362.19970977949,24006.97167552447,74076.72130737985
7825,23015.78585961639,18480.49872027499,73479.27116540425,53946.07371275824,77723.14266788095,48991.37161263679,13933.98031471658,17602.91582430539,25397.86895283184,127228.8183064443,94091.0962324618,50129.85986062921,49754.13719878355,31234.30540984058,151694.373687116,81459.27454918495,45279.81188983198,36205.99407538207,121529.8584644067,40607.05498669727,7439.051668695947,24213.62793392848,55195.14390397243,26948.20521504046,40371.00998471621,2123.984406907685,42487.31822533994,30336.96930960151,18058.50757204941,23882.26082824441,73456.97512515768
7826,22258.04175211283,18140.69785344438,71800.88904066524,53375.93549698579,77764.31721560034,48383.18399427945,13805.29973894869,16929.89283760751,24642.03657342704,125610.6730865062,91178.06128882089,49229.26025599592,47541.95097694141,30201.71718846019,149528.3518185448,79255.95785594855,45064.52273508997,34648.78213423285,117050.1882764437,38427.10212282158,6759.483392627691,23026.56763294891,51878.09686721874,26627.20709169194,40070.10577514461,2068.391891776143,40877.11516063572,30337.86467528307,18474.67827853244,23465.59043768598,72875.85921800975
7827,21805.17624423494,17883.80886231061,70155.39634861532,52727.73600261757,77431.38620830812,48164.32889677949,13324.16557351342,16594.68539515074,24141.94241617301,123876.4350705548,88608.35187414281,47730.59237929651,44453.71173144933,29835.4833081039,146448.9570453703,76722.90171876174,44870.12293465755,33897.98037261568,114072.1836533949,36225.25377700684,5488.981940015849,22219.20347536577,49682.29452323395,25964.16738130556,39477.18833428682,1974.870735875832,40400.80431128771,30409.75120368799,18530.9175629089,23555.10252342984,72460.38533493697
7828,21805.18105242038,17763.95192041337,67273.9209527404,52014.69318038246,77162.1659611571,48164.32890729959,13453.02424483552,16263.71952754624,23720.6011910236,122838.9349426893,89095.27520899368,47490.86799878158,43537.77440958533,29835.6805155472,145087.9638340122,76360.752759749,42793.13821805044,33489.9622483893,106833.4682076635,34384.47626671963,5163.14957768833,21438.50593868232,48022.2444712185,26298.24428044282,39471.11514229413,1919.489209028649,40391.24309290616,30258.8653176609,18283.4647121767,23442.03543028061,72306.70502779288
7829,22097.05984782314,17813.71412894782,68461.28295668603,52014.74951970972,77925.85198234588,48393.22929924784,14853.31454673057,18154.17498447569,23900.16206924088,124119.3968269539,93336.73121744843,49895.96764879705,43128.5762293992,32985.09664125188,147236.5062964913,75634.28658484052,42061.19001408559,32971.24162210022,105583.4950753965,34003.91707881833,5047.940959505901,20609.08306103116,48023.63527668184,27998.78718224873,42035.06782988878,1916.753665339334,41587.40948811995,30650.09576283921,18508.4218496826,24014.37904491235,72336.0007240669
7830,23348.45702090451,18369.30276907823,76044.93011410015,53475.51639059767,80777.42938884659,49047.82732788301,16723.86068508972,23609.10902840945,24243.00006853031,128764.2858955242,97652.38188110388,55909.77541523647,44747.25339438943,36203.53242003711,149697.6427579363,75635.35154944813,41067.67138508985,34367.26273506125,104630.0904865636,35472.20851814732,5213.812052895516,20259.31882281432,50753.31573803788,32729.4448918023,47596.16880470289,1916.780865223396,43108.68461656684,32023.20339973318,19082.06255399259,23947.73160613815,72308.26169407563
7831,25139.93746652889,19265.06895685374,80995.6566406856,57549.98031934447,82599.07617276405,48613.84562670225,17535.93830168382,24291.55902753646,25370.41714926851,136194.4965083814,111794.8123394998,54632.2149304413,45337.13233949056,38925.56818809973,148860.5245903307,76360.12331548585,42601.216994229,38334.67934048533,107389.0292248787,38417.77586912265,5163.857905157402,20032.35959026924,53034.53316924168,35939.25109021205,50265.33719134141,2094.095339487729,45222.6583818833,32863.27972857335,19891.90825111093,24144.77300516613,72564.44516668835
7832,27399.52970457442,20432.60858872868,82597.52810702106,56755.81541781937,81197.96820438754,49085.47681807029,18007.40249706687,23310.95009866497,27535.9516441644,139682.1704129477,125930.3024828268,54057.83322867013,48320.24380810244,41522.04734002275,153844.1000899067,76361.90455915847,44078.3813303378,44374.08284431075,119529.5174592926,39158.10685839958,5507.778338360635,21255.05948799061,59248.3348409293,39706.96949302827,55011.97440190352,2387.607770004544,48540.6610944628,31956.45543776694,19824.42111143199,23293.02844960763,73207.57320706043
7833,29057.97092785792,21884.5765848061,89391.65271178419,56806.26431103651,81981.36867238303,50876.0378674433,19384.98416399094,23656.28106005456,31319.93404685428,142587.0258813665,132193.7012437765,54749.05621490738,54893.952901407,43204.63919411367,157856.2984717199,81419.97109176405,47553.27171739716,48337.92451296002,143680.2402938973,46946.13461156636,7054.487606269905,23948.81003303367,68662.14629645924,41342.07264913152,57402.58112122009,2681.587600384825,51153.87749324705,33350.23997692297,19217.03683597184,22769.10400888239,73416.12395209778
7834,29664.99139540435,22601.93083124851,90440.9029235503,54232.94290331111,81820.39915606676,52661.82200092485,20332.37705271949,24009.56009945852,33080.51627407854,146188.3475698615,130572.9796408225,52325.77807233988,59078.01513549225,44607.23022555106,161797.0973000824,83945.65321048578,50307.8041444531,49581.99608352294,149835.3905331912,50554.87565864595,8038.664990576903,25784.40395764952,74204.59851447046,42292.59870454212,59237.96139196449,2735.678311389059,52885.46432619782,33715.8067998607,18733.3789898099,23037.04995460095,73567.20099671908
7835,30278.52659200226,23167.88067647704,95863.31862434615,54239.33101783439,82779.21928588956,53558.60834342787,21060.6225611934,25482.83154244226,33852.35451144489,147238.1633141529,124189.8291360642,55641.29427722211,62122.10937219107,42631.65111695555,165189.9045464333,88667.44604051352,52180.52950639445,51125.31886214476,155351.8883452689,51606.50221684073,8498.832824613752,27587.60118204412,80918.54193950168,40823.5760256504,55616.19799408765,2807.087224529012,53053.53781782246,34460.77868232083,18440.93471000367,23032.12580223718,73898.68627535962
7836,30287.73772121844,22775.24469348324,90777.570814089,55170.56463391648,81138.29369543123,53553.1060999812,18932.63042629473,23400.7303577067,34088.97935705684,139468.6393575659,132369.6687599584,48926.72194381156,59957.65907444899,39675.4408802237,163556.5459344773,90869.83365502307,52259.29064322206,50545.05796466662,146609.0933066032,49901.85673420499,8498.841486947462,28675.19862120116,76985.81615481694,38552.87146941927,50252.98138596605,2700.19357582871,54272.47979211962,33251.93163339331,18440.93471000367,23416.78174255314,73981.72615520404
7837,29367.47510051977,22427.15969909103,89762.13759830326,51997.12766501021,79179.84738705795,53110.31803917832,18907.25037373324,22646.73255513759,34323.66220285664,131583.9281649973,135543.7820522825,50641.64791406643,59585.11171408533,40047.07025622326,164373.2466763069,91837.10471170279,54010.6471697174,48755.68667125148,141202.2720898719,48721.20686376802,8982.983207915311,29679.39652044187,77670.74334265057,38379.20053869416,50852.01492296016,2535.862577654432,54700.61330769178,33190.68503214931,18733.3789898099,23685.16742677222,74055.54791699105
7838,28768.47082349283,22678.13859945794,93581.23023938421,51276.65289423313,78632.34551697921,53102.19760952502,19401.60977632778,22983.37921982355,34538.1083425784,139360.9682698439,133450.9142362655,53085.65646534843,60797.02386631887,41096.86574548506,167629.330134381,90931.20321408872,54018.52481433636,48067.66075833745,150592.97698311,50555.78717631621,9017.878872531599,29943.55498040689,78692.3750043657,39691.74774507528,51457.62716737928,2487.710818789573,56064.59839204814,33153.83978846797,18823.36184533653,23948.21401870191,73958.65833552818
7839,28765.58517725984,22648.28637145476,98808.35250616843,52749.62694048006,79157.92567195803,53354.08823267939,19401.59046336979,23320.73337754852,34449.45334589552,144935.1430425391,132238.1616800254,56268.33896664438,60797.00736817816,41819.34846274163,169274.2534983979,90173.09706993974,54027.27902658965,47564.8832743732,151557.8479212111,50558.17890492751,8843.931512203482,29597.54373970256,79856.57303520599,40667.51952455501,53265.2213256426,2478.015484971691,56699.28228430841,33493.08669477553,18665.89184750957,24341.58543596097,73957.48267783047
7840,29380.70163636525,22761.79476091184,101057.9514883818,54973.5058942519,81041.48802641084,53777.37145377136,19864.99781366946,25163.51804927254,34445.68765482672,146565.3322108934,125564.9654521883,59146.40480086519,61025.3558233533,43286.80852719588,169276.6622955163,89050.68969702779,53952.88767819152,48204.88561638673,151665.0125809852,51412.34119994115,8384.597780886374,29402.11429462977,79837.7375197403,42933.61951612493,56222.0343600156,2486.482355120183,57924.02217429059,34294.53721189314,18497.17399438015,25318.44307536638,73987.85363654276
7841,29974.44523129024,22886.94223355786,101886.0872101236,60880.93947204168,84445.42414331494,54008.12803525088,20569.35233327833,27690.85931675653,34206.4333376193,148660.2547873135,115479.6580973387,60450.85127463137,62563.83955592602,45333.99041625688,168456.5314014025,87484.38167988282,53308.91126375206,51512.24113337999,151557.8397361032,52394.8912049479,8383.809074258095,29251.1673212211,79856.57423216887,44491.11813120353,56826.11876663906,2589.332616670071,55893.20998488431,35828.62212269135,18553.41327875662,25387.8695420727,74375.26594635769
7842,30278.53451795064,22677.91874108842,102425.3808040494,66285.12124221674,87198.54247606319,53776.83655768289,20453.63818466308,28026.60372671167,32912.58390398257,149244.9748995268,114618.2247317582,60087.15334340712,60359.1741827489,46375.63121500831,165191.7054593412,87485.71750076268,49468.847571017,52408.28572601519,140282.7568304633,52376.27512882161,8154.370139421936,28444.44946846605,76602.3498021238,43828.70594122554,54463.12332684077,2722.018243031844,54790.59739410719,34696.59170746572,18789.61827418636,25707.27765811106,74353.81658510807
7843,30278.56026913838,22284.93927075146,100297.3508197104,65673.5222214949,88497.44566829794,53108.31479381723,19169.90180136931,27019.33374926355,32537.90254527699,143101.112311138,119223.1747653798,60929.81930682086,59910.5115822699,45355.58835468206,164373.5559115555,86498.40548658138,46714.33848306842,52822.6438389274,140372.493862189,50190.63701336299,7223.177289567893,27429.15123326092,73150.74534708576,44440.16463563269,53246.71883503393,2807.608615818573,54976.68252553894,34454.41995003577,18722.13113188603,24998.52726264947,74489.91978423679
7844,30246.76657758105,22274.9943543779,96474.14625300479,64863.78506291528,86540.29971927173,52179.20413447481,19868.11452867035,25955.86786053519,31760.64796078932,144733.2937115612,119223.1718843332,64491.7457784369,61047.05683833911,42160.30491367198,166006.9712019713,89409.56776947723,50344.84449516211,51821.23433505027,142173.1608050185,52438.6436377549,8497.970858639086,26705.06340580102,73166.58603304495,44440.61639456327,54445.98588960999,3000.229816767978,56006.21116897523,33557.91944052717,18722.13113188603,25316.15605086514,74488.9982021335
7845,29972.34036113138,22206.09305792006,94142.51409857319,63822.83109861215,86194.2377902353,53100.35852010926,19816.04722564831,24345.14827986201,31232.4179232575,140563.9142154289,116681.8298120893,61686.08350485776,62301.65684108985,40640.88089305317,165935.8497737007,90869.8328507492,55053.94858472548,49669.75288238039,142173.2501327015,53497.74774509012,8953.078503386683,28214.15152587546,74300.61334123884,41947.52257420684,52240.65077292483,3010.210576194414,54783.54669325102,33221.01282687081,18350.95185447704,24733.82427263242,74389.81019674492
7846,28439.14170337459,21437.80706224375,91395.68539337968,60995.7735701351,84527.24083707765,54458.34611052983,17876.3197723958,21767.00301075235,30637.61630566411,139640.2429834982,111928.6128765309,59373.3432996081,62782.39465965582,37506.62316876251,163563.3783180149,90129.38967864943,52810.32296489206,46056.69670920038,138404.3259393035,53497.74448119654,9302.35112029808,28363.75766834855,69803.65296955548,37508.24262879073,47880.52595950296,2820.082153868256,51995.84564014425,33225.27099554632,18081.00328789713,24467.78032927515,74523.23492357986
7847,26031.26225481038,20296.46913666928,83540.8111486354,56322.38378914163,81251.05727297846,52970.2712954327,15946.61614299235,20344.25719332166,29054.90378003611,143007.0246238854,110222.5626699705,57447.94104666625,59706.38981593456,34402.88092142782,157876.0590489578,87100.32790673393,50802.48736455671,42150.48903062214,134629.3618608908,50191.05192250557,9199.987042163808,26925.58957532909,63086.73208228547,34591.494741463,45593.27168048794,2521.400239930697,49025.38754232742,31406.34440763753,17655.60232340773,24214.21735443033,74810.26970251012
7848,24414.50511669681,19483.33775664674,80123.68928110748,55896.03243789859,78639.20271444338,49970.77669088246,15017.02799915556,17854.22865417835,25555.69618613784,153421.3353592396,134582.2459341463,57134.64742899917,50181.51774215359,31490.46456898498,154612.8320138225,76600.52710384874,46881.56994926104,39634.22883931251,142711.1885182181,42355.5139789769,7640.115104711595,23747.48345675711,58187.19898704497,29064.51050407359,43613.93598635658,2346.567576738312,43047.39649034468,32278.49080439774,19167.56758537963,24029.56631373832,75110.7740897705
7849,22983.46896923139,18495.21469692591,78045.97581452901,54673.26514271183,77765.44239742974,48173.96130423336,14393.28139265889,16801.88064723526,25062.95365653214,152493.1419661286,126558.3999769678,56603.62542429851,46948.47778845014,29945.12708053916,151628.441200016,76267.7580068951,44023.07989967834,36171.56121553745,136234.837585436,40098.50713376317,6784.993314431735,22327.50885250076,54567.81176272572,27313.42717395336,41584.01423113431,2162.187858913509,41643.28368419647,30606.18230056662,18985.62375914439,24398.45601923171,74409.51559087851
7850,22415.04305402656,18208.55420140946,74017.66280546796,52853.70279021235,77594.66358267514,47776.30298845082,13626.21294544988,16409.32330933025,23904.71076595925,147362.3572822814,120564.2537108471,55565.2587913084,45554.87214473922,29717.08816475133,149626.9108785496,76580.23665421849,42649.14185056742,35678.04717445826,129309.033524986,37241.72856863922,6129.527155572097,21360.82234639054,52164.74485961945,26757.29537502691,40584.07633154713,2069.136850465235,40390.23406615895,30493.35416893853,18699.65499875079,24269.22812898722,73420.69354010926
7851,22211.09055824382,17966.51902978499,71401.7437810626,52888.15174208594,77552.08327637486,47907.81902937117,13803.43448783465,16029.6675423377,23141.22150296152,144131.1356933562,115787.6668903626,54709.5942231527,43803.47257787798,29499.88246637688,147928.4990964843,76053.74939067621,41325.0626974054,34500.33488823077,122061.8277283012,35574.97168638287,5593.718482340421,20671.96671917192,49710.75295991299,25917.97214435302,39776.05132894739,1978.722132657528,40403.02868612027,30390.86292121392,18755.30474836497,24398.42275049264,73136.84397964102
7852,21631.7821027139,17684.68399853615,70068.24709390764,52549.71432602012,78482.1650302044,47900.94914334513,13968.6768286345,16388.97728303354,23126.9570140123,142794.2260266731,111792.7575488151,54705.6212222722,43324.49723330893,30603.37935943359,145554.0602220026,75885.78603301522,41190.74446320668,34079.79203508535,118461.0322795292,34744.80221214089,5213.13076410186,20183.26591935848,48506.56692378282,25926.11463382524,39209.77588608796,1891.842850667411,39778.75261069609,29998.05290657651,18720.95146260148,24521.44313909359,73133.67242465552
7853,22182.48185065342,17822.6649068661,69974.36385314667,52549.8751386661,79682.21368092437,48599.65977570167,14496.70426305399,17827.76660496521,24127.37911181641,142678.2140080266,109098.3871821924,54706.96016265691,43169.4187014128,32964.70549255316,148319.2620000762,75703.76502732259,41847.44797756325,32744.48262190988,114024.6823307516,34051.39984178635,5000.536837048981,19680.1517922542,48475.29139105605,26758.39904814675,40389.51538035614,1876.572377195381,40419.81553749258,30998.48259442188,19208.68310789039,24706.03432409615,72935.72355671327
7854,23355.53896299618,18242.06420909167,73042.16671634924,52668.04511528711,81499.63546069861,50270.06723198276,16675.26188230656,22299.73321087145,25720.91333958885,144464.0989388262,111790.2547397643,57095.35786413335,44761.33279977184,35032.54722232018,153665.2867630764,76952.92450612893,41791.77634102057,34059.0584752643,111278.7151792861,35694.19402463179,5270.411647280423,21065.01675917772,52645.58536444651,32002.65056206378,43577.11696214221,1892.573863386054,42995.34345906845,32589.09019456573,19519.68619558113,24767.43619498992,73099.17403064537
7855,24754.38083721113,19522.11278684385,88779.62729870516,53979.60003390711,82966.89911525194,49548.86864216129,17815.4661335864,23620.75377863595,26384.79071287039,139602.3882328459,104012.0861151008,61499.31329733867,48844.68683280977,36472.89406974892,156390.2455180786,78225.93569438586,45425.41172184554,42437.44662012004,108070.8583204897,39192.75751983606,5666.420822333731,22727.00130178248,53357.17561057152,36594.51072756444,48729.91970741075,2088.246463601865,47180.65588945897,33814.95121037009,19789.84759250956,24423.12916746632,73025.40655699853
7856,26432.07142722147,20092.23544028543,86060.18926188994,55897.20267322806,82620.08829057199,47984.67870068707,18287.36042200072,22778.0358246094,27553.45142971776,121190.9988662156,98392.2491952011,58229.67651608945,53207.64760647443,38795.93061629425,156591.6316105543,84722.7940536339,47863.94330432014,41311.66647061465,105017.8782970358,40774.79948484621,6053.513806393742,24145.00515686314,58980.54090793217,41930.32827715742,53883.67256515046,2345.890829404459,48368.1888281673,33539.61884626968,18980.57166306489,23913.4027395069,73504.32058628032
7857,27686.5866393469,21011.1691921901,86841.81734569295,59242.32857742222,83448.95103206395,49194.07771404964,18337.95047560941,22864.28424088039,29695.52762685407,120257.2625686093,102467.8320631713,54676.70287542836,56563.52888763198,40803.30382512596,156591.6315962148,86274.82165708276,49115.97017047893,41774.39886623267,108213.7996545599,43614.82539551687,7047.72335980472,25663.09589929819,66530.38551667354,43572.49682052781,56964.16186145392,2621.033999865129,49175.58472597001,34237.5613662407,18329.32384901596,23374.34204725505,73622.12461885723
7858,28450.02533540324,21654.43228996778,87722.37616717898,57243.80208618857,84026.73653349663,50411.24738176803,18482.29483213457,24009.86970952938,31974.18831092841,123527.8679526325,109645.5093454852,53583.42553296272,58480.34103797875,42126.87889387767,155488.6135433837,85490.33234273475,50336.74212485187,41771.46197251298,116475.6839795217,45535.86301834014,7967.422948911075,27451.26012214506,72443.50125344218,41887.0743477894,58194.55063687682,2783.394547601129,49427.76611772343,33505.35731557076,17810.19196680068,23106.61695773485,74186.29049333314
7859,28821.76030506348,21852.59230862041,92173.9184814849,55896.03209786961,85767.38536183382,50091.64941570054,19001.57648836464,25332.02186842803,32552.90466112018,124096.6477489977,108843.6737160938,53728.58772656583,60374.20361860118,40452.89059954263,153829.2598882147,86165.15488407915,51158.0253108548,45080.47730780334,123850.904820248,47430.67005490828,7902.960660350706,28476.51472909497,80671.73624710523,40169.07974573796,56311.91700156174,2829.583214664265,49795.53852009972,33815.09376329899,17825.41617720386,23167.52569634077,74024.53264878706
7860,28460.13774280951,21325.40642737534,83981.91017597321,55896.53853431578,84348.35139100126,49261.83368988297,18057.81417713883,23629.97473740375,32166.86990295104,120858.132864684,104018.2567622753,48760.77715955016,56536.80626854219,39027.64261686341,146052.2538238703,89307.47373772773,50185.87512334067,42830.3238463567,127443.6751003485,47460.77614419716,7615.129690424781,28503.6210592754,75230.37373441251,38248.76836474048,51133.72697749749,2781.297801838596,49257.08227958215,33373.47278987834,18379.47803454644,23414.75016270813,74060.09008056775
7861,28087.22073116669,20602.50032617183,71888.35806737149,53141.05880546009,83393.98558853766,48875.18972910041,18196.18328519987,22486.64712292147,32132.92828097735,124265.1714944414,99934.47319937858,47548.94348256336,54008.29645143,38095.22194924111,147166.2361802864,87928.77879040998,51171.78457048452,39634.17957082538,129124.012834282,45844.12557471402,7687.296349277463,27282.28891438367,72603.16921339469,37807.06389128833,50520.29832192494,2560.829032921458,48951.76646476583,33158.43018548574,18663.83443539212,23168.95231776861,73345.61124677357
7862,27536.18356833529,20403.24060023837,75310.48878845679,51970.45566645587,83721.96528116173,48490.99032190064,17410.25745743142,22654.92151455066,31711.50554652683,124561.3765311535,95170.56921757625,48227.65013115769,54567.13744274485,35381.0262928653,151624.724814645,85673.13964132084,51213.16051679356,38992.39478046995,132831.7935108689,46161.30173329407,7903.454182241358,27063.15529139216,73937.77808347187,37990.30753244961,50486.36622740747,2534.713677751125,49559.27227341061,32977.32843789412,18769.17034955486,23168.82369868791,72990.0677123494
7863,27173.59361070009,20356.41387352092,79448.64467835592,51336.41346821085,84180.52156808278,48613.17389572029,18056.56583821423,23245.52748127068,31131.87646162988,125799.7780881223,94285.33497372795,50310.00082972816,54522.28697610951,35020.47957111511,156633.8736749056,85530.01953656084,52530.70087929355,38350.43021998622,131035.6453427397,47430.01085900913,7969.285958906215,26225.08819170089,75129.47295832357,38525.47616101383,52361.86819590335,2479.987713580869,50808.23311702076,32453.08961430331,18698.97682317714,23538.0978253832,73218.82016730611
7864,28088.11294137575,20959.61897424259,84080.80207293032,52551.1083780531,84550.090237174,49816.1463362428,19172.04615134386,24864.82651189371,31214.19985837339,128937.1592763822,99992.13712967208,53582.33491188223,55919.59481148325,38018.00597658553,157693.095041597,83890.77344092635,53086.03313545728,40060.3967005466,132832.2827817063,47755.77492606468,8031.930128523129,27344.99492673758,76341.40478174332,41304.13184091679,56044.61338533444,2535.334548183327,51963.03386653373,34664.23546441257,18675.28287679733,24207.72571756542,72368.93569391545
7865,29154.75384844166,21709.14484913719,91918.21228496773,56499.39288604647,86717.8195847221,51778.02418036287,20241.31849817314,28194.7101761101,32538.54522213201,133700.3618726485,105625.7805475008,56088.31364258284,59415.84410144801,43018.47561844948,162646.148455228,85292.34322733022,55259.04678606625,44786.45832143392,133654.8357979683,50907.51354579924,8500.490077196324,28718.72246106058,78760.3655674642,43852.28290361211,58802.96712531956,2622.893069821783,53462.25491907933,35240.80474205637,18978.9124050079,25075.24950662368,72333.44508081992
7866,29942.07670669341,22648.39322614035,104717.1272715482,62732.16387764001,88085.4715672439,53237.66318814393,21248.41112188284,27421.10025622075,33627.07277402694,136575.96237843,109643.6782819395,57876.67525057348,61980.75237670961,45410.83689918599,168729.3832874835,91479.65392254559,54696.47230085202,47416.89814503188,139119.6816134964,51867.87362868429,8693.102612971614,29488.88068555439,76489.7297636049,45821.81827108756,57313.54545481784,2709.470631937062,54535.96161195348,35641.0099190282,18403.08588764025,24955.36117864087,72727.12187269931
7867,30290.84536685463,23082.08454177389,104208.2761156701,67473.64850986759,87711.97495717867,53924.28933473602,20793.92958507138,27387.6219753114,33543.73251810072,136050.3588907646,108095.7246885049,63419.44294128207,60842.29489336225,46122.78362209762,162762.1985494047,90126.90087033315,56948.25828342683,52468.6951714057,142713.3120466642,52823.82320435518,9227.541620623686,30173.54776816842,72742.85576568547,44448.45850661591,56643.9760376546,2737.389836082981,57346.029614429,35605.9375544441,19078.24339010538,25308.84714756899,73758.77267155047
7868,30290.84536898287,22683.46023236748,100313.3798325977,64717.94584297087,87822.4365838466,53000.57221871428,20262.08142487994,26280.58511072772,32884.72855426005,135525.9223303616,107922.7991479276,65095.80631001928,58953.03582226689,46565.70942235289,159248.7187092336,88448.79432411431,55629.3515826333,53322.49586688013,141814.1219774154,52822.45703028588,9216.703583660783,30269.57664178107,73921.16078431743,42451.31872912098,54510.74828065499,2972.530064358281,56038.94907386971,35049.50656291303,18678.42532161207,24836.37080132766,75400.56636702004
7869,29921.98818813038,22677.75606932792,100362.2201203518,64109.72264571914,86413.42497487516,52273.25137635463,19146.4288693881,24575.79010073288,32131.56989113827,136494.9581776482,105104.6052618328,62379.94940572944,58305.50861448647,45274.10228087204,158246.181793648,86295.15204936767,54220.34963067465,51640.53668184779,143609.2977243069,52090.53782891743,8956.789658834836,29231.3963503732,75607.67273974224,40207.34738170707,52357.390727347,3001.53592845338,53689.83693399742,34061.80345255897,18465.87865407059,24583.29481220148,75581.6569994614
7870,28609.52344497202,22126.03761310592,97537.61094620381,62478.51677711582,85225.16336038726,54699.59151920244,17806.40810560818,21918.5096502082,30650.72476268457,136513.0455502117,99191.51060805746,59404.30780353985,56536.36328545585,41221.29238906989,155441.2846733494,83146.21292431836,50470.44610745247,48026.31684390529,146335.5387948852,50573.66049014111,8693.612535197793,27949.36491563587,68288.56129847007,35763.91584230356,48681.84752556882,2923.475686302878,50047.67210162515,34422.90914025093,18312.80121063008,24638.8452143917,75056.82427542178
7871,26444.66294590927,20859.2122878244,91490.26072685987,58684.99337128292,82878.15559086326,52698.69686391743,15991.99826036447,20219.13983121949,28756.2176094918,126777.9548656292,88022.44265836585,56145.6094432604,53510.80339296583,35384.48379722912,151503.3496905855,80000.26846439815,48361.86785398173,43501.34423379636,148813.7021414073,46250.81640212885,8166.855473569785,25496.6685114151,61824.57762864756,32708.23298096505,45915.56575413564,2598.534025907527,47792.48159813392,34483.40828409458,19020.5852061634,24588.20908356603,75239.74499005383
7872,24399.97125347089,19292.72362589989,83029.23485938144,57364.55724458248,78659.95107920552,49532.78137606307,15264.40996503447,18104.9732739527,25646.87077439764,157671.5990528412,131450.940523991,59512.12931735494,49894.45477498738,31508.87085789949,155028.9857467385,75782.648938918,47820.81694470338,40886.97356147715,138436.130543113,41970.97804505785,7672.396941290642,24192.70835319699,58285.83534218528,29257.6510004161,43647.09637542341,2330.78227664955,43053.54621614099,32047.98870833081,19090.27439646504,23977.33734896363,74277.66540937418
7873,22976.53886898789,18372.84265940539,80762.19927597478,56137.9500015797,77738.90374263868,47720.58891159926,14679.73289957924,17032.59149135696,25068.06503774656,156704.654358561,123930.8904223454,58895.61658961434,46646.06163179439,29777.53983701752,152110.5980704876,75452.07599105322,44743.21394091292,36922.93344774048,132025.9292154958,39716.17288709657,6808.201106715376,22590.03339601047,54386.44139038341,27388.63304047483,41652.33753672292,2135.842971462858,41580.7918892841,30182.06625732302,18903.75248225395,24390.84915145232,73768.28014427997
7874,22411.13326598124,18105.97960922417,76366.8247069874,54312.67354099997,77558.88255214867,47319.52745105799,13960.71122628075,16632.56095486505,23707.52157088667,151359.6636870468,118313.1005895916,57690.08039783192,45245.837977843,29522.0546424735,150153.333828557,75762.4923985145,43263.95888190602,36357.96167797026,125170.8654853344,36862.18108044579,6145.779530478653,21498.96863319772,51797.46597355438,26795.046029275,40669.72086284286,2037.462850548127,40266.48563222933,30056.17528479745,18610.58814853136,24245.98943584888,73050.01236819183
7875,22208.26446500269,17880.6599535302,73512.542051062,54347.2306755,77513.99784298477,47452.16900126001,14126.83216426703,16245.67759926971,22810.68003855887,147993.541287724,113836.4228970485,56696.65998912024,43486.12129464326,29278.70652834321,148492.4843208289,75239.47975005726,41838.38457227271,35009.72406111325,117997.6828240505,35197.05010259832,5604.28517400274,20721.48172635367,49153.62584857687,25899.19477802827,39875.69271290056,1941.870002939845,40279.90573054765,29941.81796393047,18667.63816247349,24390.81185841851,72843.82765337636
7876,21632.0341456871,17618.28910975043,72057.53659012457,54007.7304390416,78494.41467523691,47445.24032301043,14281.72424047478,16611.82759688382,22793.92409090236,146600.8167558264,110092.343242442,56692.04736367631,43004.87137279362,30515.01795978175,146170.5588152149,75072.62488647905,41693.77039000738,34528.28924826329,114433.6659871372,34367.69045024623,5219.658885056665,20169.90247199916,47856.28034363069,25907.88566029552,39319.22646395434,1850.01506864406,39625.11126730483,29503.52979902935,18632.42047604448,24528.71319281654,72841.52387612498
7877,22179.80776882874,17746.74073332474,71955.0986693456,54007.89175669953,79759.40873822429,48149.93049441337,14776.67768410189,18078.00746100955,23969.08153011298,146479.9613320154,107567.1451943332,56693.60186383186,42849.05639776035,33160.54828261174,148874.6050661759,74891.80514998322,42400.81245533791,32999.63543184334,110042.6290241028,33674.96448686084,5004.80903758058,19602.05540649542,47822.58524122919,26796.22403425475,40478.53015509482,1833.870041828597,40297.51322467819,30619.7856877777,19132.42447168981,24735.63312714176,72697.7363331131
7878,23346.63188121348,18137.17533727719,75302.441007753,54126.43283135812,81675.18753600812,49834.63323424345,16818.77725223247,22635.10785832107,25840.94502304664,148340.4054714027,110089.9975780862,59466.51441516123,44448.53024148389,35477.27104368357,154102.3965179838,76132.72065278237,42340.87339909561,34504.55359940491,107324.709247579,35316.15614066725,5277.547598929228,21165.10336166343,52315.50575214059,32393.67339452428,43610.91514144482,1850.787947099116,42998.94851807686,32394.54819424869,19451.25304884989,24804.46236778293,72816.46468096945
7879,24738.04105564634,19328.82076167938,92473.90555594864,55442.10652422508,83221.85800702077,49107.26265428996,17887.56266719803,23981.27697914266,26620.77629191598,143275.722392248,102800.1993854643,64579.47499483411,48551.27546953323,37090.97497336111,156767.0897652958,77397.33045284897,46253.03925195181,44096.07964326355,104149.6175163735,38811.30682271783,5677.758988025804,23040.92635010253,53082.14676895598,37294.79315920763,48674.4594843544,2057.666887907493,47388.86431694705,33762.33505054012,19728.21227271431,24418.50684384015,72762.8809252242
7880,26406.81729249601,19859.56940913673,89506.67119206766,57365.73115488966,82856.27813329092,47529.68643472301,18329.89896992331,23122.51602192892,27993.55717943425,124095.672852444,97533.2170148825,60783.4502107666,52934.95524588659,39693.60725643708,156964.0219793111,83851.31202547015,48878.49254823233,42807.29360984622,101127.8207047659,40391.80552186041,6068.959572808589,24641.37699261388,59140.55259024107,42989.9754841256,53738.93748160049,2330.066771405237,48634.45104339072,33455.12568188176,18898.57326484915,23847.1222514734,73110.75799216672
7881,27654.66667975902,20715.03944349189,90359.52155256018,60721.3620087672,83729.9980832194,48749.43543889465,18377.32022043925,23210.40636787579,30509.77186915991,123122.9538420222,101352.9049206709,56658.47337100445,56306.77307034451,41942.58363403935,156964.0219652886,85393.09683883308,50226.49151876543,43337.02674552482,104291.0988441978,43229.06101610218,7073.719087206552,26354.79215394462,67274.47598107331,44742.74329820737,56766.06561376381,2620.96763137635,49481.31733274354,34233.87351133033,18230.93869094972,23242.85502692253,73196.32934489641
7882,28414.04886969093,21313.87728486477,91320.31726077641,58716.5593949503,84339.05274825652,49977.02159838692,18512.62329689553,24377.80059381654,33186.42711318579,126530.10427709,108079.9150183853,55389.18624050137,58232.68785492453,43425.46138218775,155885.3983891898,84613.78485467787,51540.83978255245,43333.66460806911,112468.5960827142,45148.22468623691,8003.177981835097,28373.02967080119,73645.0482109062,42943.80842317751,57975.14122394365,2792.626709385467,49745.82687516162,33416.8974726784,17698.74436261005,22942.74504095566,73606.1322691833
7883,28783.80863795144,21498.35190843067,96177.48596565607,57364.55690348573,86173.90372056619,49654.68852506792,18999.37877058796,25725.12284811636,33866.22299695673,127122.6301562774,107328.4245064178,55557.71850310235,60135.54408594525,41549.99541812162,154262.7431942389,85284.1538246935,52425.07710937969,47121.80454850048,119768.4862392818,47041.183357787,7938.031657774253,29530.19817112049,82509.84431581285,41110.10770141009,56125.11913594035,2841.460641723637,50131.57821545751,33762.49410774154,17714.35164605305,23011.02149842568,73488.63342581045
7884,28424.10754515674,21007.57471910062,87239.01844985304,57365.06493033224,84678.07307469727,48817.77126779503,18114.73078554485,23990.67347928843,33412.76278366064,123748.9099725572,102805.9825941849,49790.12616896581,56279.92354981188,39953.20762043233,146657.7343089041,88405.73457269906,51378.40831385049,44545.84302045939,123324.5598767909,47071.26007889154,7647.146396634627,29560.79212430186,76647.52156432932,39060.46426181572,51036.62728033087,2790.409881163126,49566.79897936407,33269.74382437353,18282.3548608985,23288.1510392735,73514.46189254893
7885,28053.17201565444,20334.59420668574,74043.4968339048,54600.93196188739,83672.0579658013,48427.81842268543,18244.43288445514,22825.58009077048,33372.89286310536,127298.189627748,98978.6088931998,48383.19598687624,53739.40624411183,38908.56278496042,147747.0797007626,87036.13848606305,52439.89106291166,40886.91715922308,124987.7346004431,45456.18653561817,7720.07884518711,28182.31786345403,73817.06856649344,38589.01120206229,50433.8246208355,2557.314673430405,49246.55748212845,33029.80434996426,18573.86626472784,23012.62068861531,72995.47354412753
7886,27505.06277046374,20149.09582419997,77777.45353224836,53426.65269007783,84017.7875857637,48040.33105155529,17507.73499807137,22997.05795823445,32877.86375236388,127606.7609780651,94513.81771777457,49171.16952386082,54300.90108188614,35867.69231377756,152106.9638771319,84795.3856948341,52484.43861579336,40152.20596838072,128657.6439154654,45773.05329207718,7938.530416625944,27934.98951772634,75254.92680974315,38784.59621534199,50400.48030828736,2529.703669076633,49883.7618465888,32827.73528437393,18681.85265124809,23012.47651135286,72737.21123740135
7887,27144.399422511,20105.50306092329,82292.67991114581,52790.61936157932,84501.16047248176,48163.56026775769,18113.56063867506,23598.90741794186,32196.99571416814,128896.8647687047,93684.16496758987,51588.76370625598,54255.83762756033,35463.75095565309,157005.3298132085,84653.21012816539,53902.97291429026,39417.28897782636,126879.841648195,47040.52480492673,8005.06076098525,26989.09291570892,76538.81479944663,39355.80819662163,52243.49426635381,2471.843501174878,51193.77944520879,32242.80194917466,18609.89290863901,23426.41923588069,72903.37411470436
7888,28054.05948513421,20667.0494043545,87346.92141766762,54009.12886892071,84890.72982201283,49376.82770072309,19159.17074582553,25249.03339295973,32293.69784851386,132165.2290087841,99032.65225933361,55387.92003727191,55659.7810542904,38822.05326211136,158041.1253158193,83024.7824313916,54500.87327078119,41374.84784820286,128658.1281888786,47365.97109244375,8068.369673304793,28253.09191487962,77844.50532918215,42321.60501559704,55862.44583352648,2530.36009730037,52405.03383520928,34709.94642324728,18585.6027729118,24177.04749297079,72286.02882981786
7889,29115.03283121013,21364.81126653134,95898.47971396301,57969.81247078364,87175.77447679962,51355.49522089784,20161.46720949364,28642.30876964975,33849.35551513392,137127.2913466811,104312.5742547174,58297.34331775353,59172.63347277199,44424.36879167574,162884.6364187489,84417.10239190243,56840.45578546169,46785.21346243551,129472.2796287255,50514.63522316789,8541.901701718734,29803.56944501136,80450.60422739007,45041.37284097748,58573.01853857908,2622.933171891972,53977.54587440116,35353.26884686248,18896.87225638208,25149.50977742386,72260.24889932347
7890,29898.17227563592,22239.19295038779,109863.6371672462,64222.15670043435,88617.44239341708,52827.62576385308,21105.47869386771,27853.97147110288,35128.00704952419,140122.9457787979,108078.1989224287,60373.61828069096,61749.72208707588,47104.66958646322,168833.3337153841,90563.57919698137,56234.75805850831,49796.52442567056,134881.3073768359,51474.05848454672,8736.558127266608,30672.81970890178,78004.30517963358,47143.55547913803,57109.39707920909,2714.469106552348,55103.74184012529,35799.80835976369,18306.55673705217,25015.11936786982,72546.21071983586
7891,30245.08776511919,22642.93252782259,109308.4192820135,68978.53137235313,88223.73252674214,53520.12803092155,20679.46446232104,27819.85585694966,35030.11044972651,139575.3987832416,106627.4372004598,66808.73169968642,60605.85825128075,47902.30470229279,162998.1199354204,89219.75379883983,58659.1510714828,55579.78988306077,138438.2323817881,52429.07554111643,9276.668284085688,31445.57915405408,73967.56169237146,45677.70058742251,56451.42614531767,2743.987267886899,58051.18295118605,35760.67544120382,18998.70261723699,25411.36414778428,73295.58875445179
7892,30245.08776723612,22271.83814701888,105058.6184266797,66214.17476575823,88340.17222428191,52588.50577891461,20180.92961126184,26691.74409315205,34256.00378787197,139029.0674331891,106465.3691926819,68754.97751247004,58707.62739111729,48398.5401095514,159562.3446278181,87552.72211563027,57239.14570022957,56557.21554839424,137548.2266616682,52427.71069973603,9265.715240314868,31553.96353673562,75237.02394613603,43546.05439535077,54355.15080254208,2992.594182260103,56680.20441354277,35139.82284304039,18588.82428822386,24881.73552801504,74488.16683816571
7893,29878.19049674827,22266.52792684106,105111.909061805,65604.04151959761,86854.90634030313,51854.96055241828,19135.15805047323,24954.4945333898,33371.29721470022,140038.5597200932,103824.1221731497,65601.88718213477,58057.02518022435,46951.47788038904,158581.9799363388,85413.29305828491,55722.13897133516,54631.71925375787,139325.066440035,51696.50547811417,9003.043263368541,30382.20627495318,77054.00956028575,41150.9526444693,52239.09435785744,3023.261237507534,54216.25347376059,34037.76696978628,18370.92950108351,24598.04664520874,74619.70877306983
7894,28572.69949135845,21752.91243963067,102029.9203227344,63967.71305290284,85602.33721595873,54302.06522202746,17879.07200582696,22246.62686262927,31631.80528140434,140057.4022253981,98282.29493849534,62147.18868620641,56279.47846306983,42410.88041227765,155839.1162500008,82285.13573014417,51684.79262875192,50494.18311858361,142023.4616183394,50181.10783777451,8737.073460484451,28935.22287917925,69168.66955165257,36408.25810328801,48627.22002333666,2940.730417160018,50396.03761039471,34440.6801932181,18214.0003083548,24660.31660448538,74238.47694958762
7895,26419.34190656797,20573.57703890746,95431.53303155923,60162.27656109291,83128.31177336353,52284.04698630019,16178.31113145758,20514.90577440273,29406.40044518665,129915.8796120536,87814.50293219174,58363.86333020328,53239.55067070648,35871.5659560109,151988.2730995635,79159.95330348513,49414.58470287291,45314.02293893686,144476.3129444646,45862.4806402617,8204.72676593576,26166.95146584305,62204.61258165196,33146.77645390565,45908.85661858652,2597.179064272776,48030.59976426137,34508.18371335569,18939.59363255022,24603.55536279995,74371.34823294643
7896,23856.51716187929,18682.35121976319,84725.85456137735,56654.95432880281,77997.69755489958,49594.33359530128,15151.67954144677,18764.23510449737,25554.52096241486,132591.4426461173,98110.61156873958,55607.53029648336,51547.07175023013,32394.12194359821,153887.8249859759,80390.44724311041,50511.14310768425,39859.36449948693,122739.5381901379,44798.34782825801,8447.401945572039,27289.95226563732,60258.00609204135,29334.70576771501,42155.06774105498,2178.014040245107,44028.74381337961,30023.88798143301,18355.01521361119,23957.51895913339,73676.18327655797
7897,22823.31997302515,18015.40664523941,81695.11297338881,56356.40205778364,77797.8796281344,48124.36666441318,14552.10099383537,17878.34857414041,25566.76929764369,132247.5624022915,92267.25133243835,52568.5583305207,48912.13086416604,31289.00576067571,152073.1397631915,79549.7192596215,48356.67747795775,37779.6398957281,118843.6043389498,40338.94893942588,7472.182461327274,25510.01569075917,55110.89294821175,27334.53060438568,40665.95658826726,2061.888233335752,42536.39944626178,29576.11494998187,17990.51142580336,23817.59441354936,73085.83489912904
7898,22084.06919913493,17691.45848192693,79877.13911072839,55754.37705849304,77838.31318501946,47376.7444421375,14439.83942979581,17169.52323388554,24603.5967966145,129788.6604107262,89498.73857185013,51454.56851199257,46712.81433003904,30004.88288079596,150165.3297331173,77593.51430303499,48054.338144494,35858.95274759366,114190.9888854016,38149.21662729113,6770.704407654444,24009.83913393244,51363.64783284353,26944.25334697506,40366.25613303827,1998.862773112506,40768.66091053958,29577.12556056283,18490.01661557074,23350.09366017638,72532.28436066049
7899,21642.25622579502,17446.55411299708,78094.7901085245,55069.92495663116,77511.37371469632,47107.71408142214,14020.09562928581,16816.48398537316,23966.31668885866,127153.3460651853,87056.51819235539,49600.80270151549,43642.54132730128,29549.43578638312,147453.0301390712,75344.55164320122,47781.33458256969,34932.90327659441,111098.0133428795,35937.4906082803,5459.241060184801,22989.51288679163,48883.06509867062,26138.11368165703,39775.71063288953,1892.837458782327,40245.74981824837,29658.26479532304,18557.5173165505,23450.52548463396,72136.51857819664
7900,21642.26091663297,17332.28884772563,74973.66120802802,54317.00295864035,77246.99844451742,47107.71409435412,14132.51256475842,16467.91194793276,23429.39303664176,125576.7810577777,87519.28417080878,49304.27745569841,42731.93259268854,29549.68103282764,146254.2811618946,75023.01929570982,44864.54030379576,34429.64797351136,103579.835009764,34088.45521833126,5122.903624494721,22002.8872355603,47007.71802648373,26544.29242999177,39769.66173644002,1830.0511968341,40235.25317061925,29487.95798541016,18260.51423286876,23323.66513547858,71990.12813228866
7901,21927.01618328166,17379.72950380009,76259.77660265236,54317.06244892276,77996.94091845916,47389.09275867212,15354.13267690111,18458.93269905045,23658.21109851908,127522.5460228419,91550.31205412139,52279.24714131575,42325.11497736655,33466.28323837402,148146.6955088752,74378.02952346743,43836.63561262837,33789.85064467101,102281.6045446438,33706.18881054038,5003.980596309058,20954.68374015133,47009.28920980481,28611.8534889245,42323.35744163422,1826.949899841657,41548.44743679951,29929.54474222013,18530.51703678785,23965.8299667015,72018.0341803727
7902,23147.87203617934,17909.39831014023,84474.15884171573,55859.52732863386,80797.20039098262,48193.76555715379,16986.00628212275,24204.04921985491,24095.09650091928,134580.829074684,95651.85362973949,59717.98083377297,43934.37527255651,37468.71802833972,150314.439470585,74378.9750475723,42441.39691407694,35511.72275426307,101291.3921545872,35181.06712630977,5175.199494908506,20512.66060943398,50092.99036387196,34363.50118509603,47862.2114712913,1826.980736460702,43218.55770235489,31479.38871678768,19219.02419118639,23891.05208820728,71991.61095774297
7903,24895.63000977847,18763.3743873465,89836.63934829966,60161.86854336925,82586.06421443255,47660.28813329562,17694.46676900157,24922.80305501222,25531.7869086692,145871.6325505324,109092.6464617211,58137.71212690935,44520.82251840086,40853.83160725245,149577.1143033331,75022.46044641163,44595.01750801318,40405.19029324791,104156.8444023374,38139.84853524926,5123.634788958786,20225.83531526941,52670.06593182561,38266.06094733736,50520.70196465271,2028.002876191379,45539.35373756939,32427.59350528839,20191.03428781217,24112.13091832957,72235.64230754293
7904,27100.07514384208,19876.4448832171,91571.73912934157,59323.28745715048,81210.17105034381,48240.04666297009,18105.77444031491,23890.02932899934,28291.37135139494,151171.433955376,122526.8433031972,57427.23505759885,47486.57933908947,44082.80344431049,153966.5969127562,75024.04191570843,46669.45958258438,47854.27566542612,116766.0367765503,38883.50071037577,5478.643468141863,21771.05228620369,59689.75474060621,42846.94381857465,55248.35045730056,2360.759110925395,49181.97582991721,31404.04944702579,20110.03344852422,23156.48052793043,72848.26341922345
7905,28718.04082067584,21260.67432884781,98930.93389736123,59376.55786433079,81979.47318336072,50441.11618567445,19307.58342817695,24253.73063050836,33113.37672449018,155585.5958046926,128479.500833858,58282.23806341803,54022.04500499796,46175.26842948045,157500.5004372485,79514.82385922188,51549.38976180019,52743.33382702483,141849.1392282808,46706.46619807545,7075.219772627474,25175.34557634069,70324.47248891254,44834.94165697489,57629.39365730366,2694.045238783216,52050.8582905035,32977.2317029651,19381.02587290857,22568.64161184785,73046.9215109973
7906,29310.24648213503,21944.56190319962,100067.4506847278,56659.31531541383,81821.40052791577,52636.31362488573,20134.09362067453,24625.80281862046,35356.92229526672,161058.0941707211,126939.1868568717,55284.78262995567,58181.76590027459,47919.52543076129,160971.5159613043,81757.23952945771,55417.69190176913,54277.78923017065,148241.9194823268,50331.3963549909,8091.127754687454,27495.12239921134,76585.74245915402,45990.61415167102,59457.43156825089,2755.368097566955,53951.85626998419,33389.85160442707,18800.51984385328,22869.2747605551,73190.8321807478
7907,29908.80787562206,22484.10853413907,105940.8509499142,56666.06070545255,82762.9654122712,53738.69943158703,20769.41856617,26177.44689690735,36340.49138509522,162653.3737492213,120872.7187344225,59385.88513588889,61208.15071368192,45462.70258324855,163959.8660738388,85949.46235717455,58047.63644481248,56181.34528955624,153971.3910489841,51387.74059662012,8566.13173581882,29773.95709795365,84170.43795051766,44204.54096155035,55850.15687900376,2836.324672459063,54136.37336257396,34230.71080018886,18449.51619749992,22863.74990207716,73506.59337783235
7908,29917.79420007381,22109.79016724497,100432.1193834554,57649.37650774738,81151.57046366777,53731.93573014201,18912.94781367276,23984.58556841645,36642.0272157422,150846.9563183448,128646.7382077391,51080.34605202903,59056.29239356461,41786.37050418678,162521.2204221893,87904.84243533303,58158.24391893185,55465.64332317605,144891.0655791766,49675.44793382112,8566.140677432497,31148.43502476313,79727.66480818525,41443.76361696306,50508.39558814515,2715.138908722028,55474.57147435696,32866.26983094915,18449.51619749992,23295.33070542172,73585.69424159605
7909,29019.99130355896,21777.94435513231,99332.23216566067,54298.45503624725,79228.36900543334,53187.63297878271,18890.80613161269,23190.47784918432,36941.08831671759,138865.5026048968,131663.3766358275,53201.61066347796,58685.91237704374,42248.52741695743,163240.562128494,88763.62975412753,60617.74526033786,53258.60755900972,139275.5048588516,48489.50157073454,9065.891481121038,32417.5147384157,80501.4223191745,41232.61031230109,51105.03271725073,2528.836188573958,55944.59176589712,32797.14001668674,18800.51984385328,23596.45723711209,73656.0142508838
7910,28435.60619126213,22017.21435630209,103468.9603268019,53537.68543447908,78690.72016082636,53177.65083925864,19322.08769374237,23545.03288126793,37214.36137349575,150683.3414284254,129674.3406760922,56224.7084180374,59890.77406906577,43554.0491913134,166108.487319005,87959.32912623699,60628.80815770594,52409.98670426447,149028.7538420891,50332.31196180462,9101.91220745376,32751.35146819254,81655.55254755194,42828.43685042751,51708.22223594537,2474.246343954843,57442.02339338569,32755.55232364898,18908.52096605017,23891.59335113864,73563.72064933025
7911,28432.79097146726,21988.7548219795,109130.824522014,55093.04021445211,79206.84180079824,53487.29053228906,19322.07084502331,23900.33304242446,37101.38651662201,159153.7489549132,128521.7554883601,60161.50328649089,59890.75766690517,44452.52601715457,167557.3190866384,87286.24794759596,60641.10205472468,51789.85387179415,150030.8752592752,50334.71441990764,8922.356657170481,32314.07128008855,82970.73901794247,44014.80370510396,53508.58519155888,2463.254704622744,58138.80207859878,33138.46460197611,18719.51900141901,24332.95284797624,73562.60075922975
7912,29032.89503552183,22096.96771333597,111567.5235852665,57441.29663461337,81056.50694161495,54007.61671594191,19726.34968525716,25841.14709746888,37096.58782026597,161630.9526961499,122179.6314602888,63721.50488973536,60117.77767455662,46277.45390714773,167559.4407306392,86289.72353830888,60536.63125257439,52579.24177757539,150142.1771925022,51192.70855739241,8448.213670839787,32067.09252781292,82949.46066628153,46769.98270896327,56453.56962261878,2472.853629702794,59483.36534966387,34043.07194774725,18517.01689847971,25428.97909008124,73591.53106442743
7913,29612.14785675027,22216.27669063498,112464.5356987005,63679.122125157,84399.18469375843,54291.2771244132,20340.83201514856,28502.93364751528,36791.70120073776,164814.35628185,112594.6787746689,65335.03001578975,61647.31107329318,48823.32170670908,166837.0777810922,84899.08391029439,59632.2689304622,56658.58067033558,150030.8667581675,52179.66636272149,8447.399535733713,31876.3295896161,82970.74037014318,48663.62707539382,57055.23741556714,2589.455389003034,57253.86706791301,35774.61300949084,18584.51759945947,25506.87501507302,73960.56638090996
7914,29908.81560813149,22017.00475496806,113048.6825646651,69385.54985855879,87102.75699471762,54006.9591882477,20239.88242561233,28856.5384282268,35142.92267667871,165702.8855873253,111775.9830462799,64885.15663108126,59455.47163429338,50118.7023382107,163961.4522996099,84900.26991293956,54239.51099655011,57763.77469547244,138320.4901532614,52160.966773343,8210.563322046975,30856.8201260463,79294.4655194457,47858.25036451731,54701.69503734669,2739.881622582734,56043.37951549541,34496.87594727966,18868.02054483304,25865.2482958844,73940.13447511716
7915,29908.84073084153,21642.35892541924,110743.6634432969,68739.74522762847,88378.28469375693,53185.17046441476,19119.94452245137,27795.68538367297,34665.45863678446,156366.7915406664,116152.4712026557,65927.4858735478,59009.41918819506,48850.18082277848,163240.8344997557,84023.68931888886,50371.24163264083,58274.84982992603,138413.6916353001,49965.52370511802,7249.348134532744,29573.71209068754,75395.21181848441,48601.67658702508,53490.15671936772,2836.915775881947,56247.67043070193,34223.53361855132,18787.01970239877,25070.03617776959,74069.78158723075
7916,29877.82298902621,21632.87796845886,106602.4813659702,67884.72095661188,86456.36019317078,52043.04958771275,19729.06872267658,26675.64701154271,33674.98738617874,158847.0226389919,116152.4684645443,70333.38368131108,60139.35244100008,44876.53819414505,164679.5300732161,86608.35184366824,55469.70917573747,57039.69723875273,140283.876379573,52223.61507254889,8565.24197943153,28658.62834730699,75413.10693194745,48602.22584642451,54684.6261576961,3055.291213831909,57377.9238108658,33211.64214294816,18787.01970239877,25426.41306738912,74068.90372058965
7917,29610.09435758286,21567.19111884734,104076.9263975185,66785.54834848894,86116.52610953175,53175.39011563572,19683.64495271209,24979.24305894141,33001.85315664374,152511.3146813189,113737.2080601382,66862.94111069913,61386.65364128857,42986.98812111872,164616.8870426094,87904.84172126201,62082.89595403364,54386.0297023074,140283.9691559027,53287.47040822043,9035.022627074806,30565.77545521138,76694.20974545542,45571.06227286182,52488.11338925024,3066.606441335836,56035.63900382912,32831.37138256669,18341.51507530303,24773.04159870385,73974.42072138566
7918,28114.31460416671,20834.74791021333,101101.642808852,63800.37868349796,84479.52898713005,54844.71331382104,17991.41722981656,22263.94992078378,32243.88541505954,151107.7218493771,109219.8088546587,64002.21473652085,61864.59470362448,39089.23684731375,162527.2383161133,87247.44253403734,58932.08106391196,49929.6353131189,136369.5392515377,53287.46712968472,9395.55604827825,30754.84388544212,71614.02468926556,40173.67868724565,48145.43106752948,2851.057076636791,52975.20104685908,32836.17763146311,18017.51170871233,24474.54248101242,74101.51641516392
7919,25765.20132415726,19746.65673446883,92593.4754130334,58865.61479334963,81262.3047104263,53015.47877073685,16307.93433990171,20765.51924594978,30227.00280555853,156223.8177218049,107598.3996170601,61620.60309099733,58806.48492739728,35229.43450739954,157517.9053526843,84558.10347069804,56112.39570708202,45111.66372689246,132448.8362821527,49965.94047557718,9289.891677494072,28937.32370037354,64025.96557938621,36627.42628505171,45867.32685083764,2512.440177550065,49714.12586736076,30783.13216240726,17506.92798385045,24190.04690740427,74374.93563236593
7920,23948.28188695422,18876.40922060817,88015.59689381767,57129.25434221898,78396.92813866374,50256.76822548835,14804.05023636973,18945.48119529682,26654.65252367978,134938.3649672904,97750.70678671422,55975.3276687139,51993.12651446759,33318.73789717177,152925.1984927556,79755.97421808948,51436.60169706414,42021.07645828313,126288.3315302655,45200.19313105116,8502.486101788507,28031.29381949855,60869.29484720946,30009.69595387509,42419.34169322882,2213.524631477254,45203.26354251937,30190.44852655986,18370.06626080342,24236.11055371398,75395.56083616805
7921,22986.8090278146,18226.69078336517,85228.61182702577,56835.64271616725,78211.22903857232,48729.36617268332,14186.54882394839,18076.0221006239,26667.49729970147,134600.4115551642,91349.82420879649,52949.24187538494,49233.92171077051,32168.76547789523,151158.3432168298,78865.5222102081,49406.72384294993,39727.9907039832,121944.2372565773,40575.57469408609,7513.532832310575,26188.79748890852,55700.56831362237,27987.90910959476,40909.03854494481,2100.927203555732,43595.35041924904,29775.79871249835,17991.15377276001,24100.50379984516,74511.167636554
7922,22298.87688585658,17911.10969543834,83556.8539882405,56243.58043386696,78248.80562265866,47952.53256300697,14070.93148801932,17380.34086211259,25657.42247607579,132183.8891376841,88317.16416742136,51839.97571514469,46930.88532088091,30832.52054940418,149300.8176389619,76793.61944780532,49121.86809544667,37610.25822637831,116756.4181299077,38304.71337955397,6802.176029196652,24635.8939527925,51937.58803430264,27593.41494772289,40605.07296102776,2039.816715684184,41690.71630615369,29776.73456495046,18510.40421836891,23647.42918501245,73681.90079923953
7923,21887.73447541967,17672.53082407008,81917.85577320278,55570.45510845503,77944.96719131156,47672.99054298668,13638.64052180215,17033.84819643012,24989.10959156782,129593.9948617222,85641.9284731663,49994.0704399157,43715.81812046641,30358.58703444163,146660.0065564323,74411.64411758177,48864.65169951157,36589.20435901175,113307.6487574937,36011.04349712914,5472.243653732488,23579.70611279015,49446.58901434744,26778.56502863892,40006.12322755092,1937.012885890628,41127.31041531195,29851.87166844545,18580.57319715167,23744.76188416804,73089.00924565329
7924,21887.73884062063,17561.21685223616,79047.75306576966,54829.99297307894,77699.27227017286,47672.990556424,13754.41787359529,16691.73990409714,24426.04008664118,128044.6022075686,86148.847535033,49698.80255203107,42762.26504148824,30358.84223534406,145492.8531965865,74071.09505766534,46116.52890293577,36034.31956119291,104924.6328509239,34093.50183554462,5131.169657522169,22558.40334969353,47563.36711872677,27189.13249536151,39999.98824740906,1876.134328468021,41116.00089597779,29694.16300333241,18271.8296911617,23621.81619174629,72869.70362917423
7925,22152.7264570537,17607.43219021755,80230.4287558367,54830.05147887588,78396.22496498784,47965.36335778702,15012.55518970771,18645.84016459464,24666.00059552836,129956.8315983105,90564.4808531884,52661.1574543012,42336.26189114741,34434.41780219976,147335.3888778273,73387.958003784,45148.06556801333,35328.88474652971,103477.0632193868,33697.07255855639,5010.571864470993,21473.35845468937,47564.94489964853,29279.0333327154,42590.02637592208,1873.127261616443,42530.89034141617,30103.08416146889,18552.50560629271,24244.16510020533,72911.5093156082
7926,23288.83075558044,18123.42047808599,87784.14456054977,56346.99060619764,80998.62241995281,48801.47664605999,16693.20947617588,24284.42212492338,25124.16042183415,136893.4639985463,95057.35566362407,60068.34863580024,44021.41496625864,38599.30986471703,149445.9972673783,73388.95944997616,43833.5103036751,37227.4055401462,102372.9438637492,35226.59472542701,5184.201998304364,21015.79945630853,50661.59491127454,35092.82697351772,48207.70552849332,1873.157161292346,44330.33574588496,31538.28117142761,19268.22919445573,24171.6947175325,72871.92503063499
7927,24915.25974134266,18955.33968624737,92715.33141991211,60578.13376774824,82661.08788328007,48247.15498398432,17422.84757452878,24989.84774930524,26630.81142013616,147989.6686477524,109780.5514264253,58494.78075263379,44635.51908768573,42121.82388815072,148728.1058967566,74070.50315577869,45862.59198846875,42622.89909852147,105568.017285538,38294.99820218225,5131.911118802372,20718.89306117206,53249.49195082365,39037.5534809622,50904.02981180172,2068.071422741765,46830.85672728687,32416.34418913521,20278.66249154388,24385.95149697646,73237.50521092727
7928,26966.67276175094,20039.66130867707,94310.88057472037,59753.43008868911,81382.41320914288,48849.56606531459,17846.45023507681,23976.22526149147,29524.77565425603,153198.1271169913,124496.5218669798,57787.31632387095,47741.14111872302,45481.85843711338,153001.894215341,74072.17815951156,47817.07386495591,50836.1940312416,119627.681150711,39066.20249350322,5491.919301209674,22318.42005505212,60298.65733530041,43667.93230680493,55698.95891367522,2390.717156305079,50755.56740027453,31468.51499078681,20194.45971896699,23459.79056692253,74155.26490304299
7929,28472.31960446104,21388.13826846503,101078.1899366828,59805.81894113108,82097.3576393668,51136.63663588464,19084.18422409611,24333.18226840518,34581.59177135515,157536.2101718869,131017.1299314305,58638.69385487193,54584.81960697495,47659.25576278075,156442.6540829292,78828.5629558929,52414.8089430835,56226.82584953297,147596.1646745448,47179.00678126496,7110.979811997986,25842.36466288695,70978.03163053555,45677.41025144907,58113.88746647867,2713.876682662619,53846.61921052498,32925.32387406438,19436.63474288017,22890.09118448047,74452.87199765087
7930,29023.41447450545,22054.36209429794,102123.2989380909,57133.54316027318,81950.45415407707,53417.60568662247,19935.40082162297,24698.35493639753,36934.38827901785,162914.3891422136,129329.852662683,55653.94855122002,58940.71310613836,49474.31147782641,159822.1834991044,81203.60408129933,56059.41609698937,57918.70265822326,154724.3247397061,50938.23964073504,8141.194585777857,28243.67510520963,77265.59347827465,46845.5696651397,59967.94074310453,2773.33630111964,55894.8325223229,33307.42094870241,18833.18152469438,23181.44739529671,74668.46269383193
7931,29580.42386300837,22579.97307797527,107524.3132955143,57140.17692303393,82825.4895151834,54563.06434202328,20589.7171789257,26221.22610480582,37965.85291683776,164482.1738187959,122684.5751948921,59737.66112546833,62109.82234845722,46917.76714579384,162731.7691927289,85643.77177850765,58537.27701610274,60017.54655053436,161112.8738205348,52033.72115683232,8622.887935576644,30602.60442309358,84882.13808102682,45040.19814322906,56309.32982631961,2851.833082746333,56093.6388174247,34086.07907387939,18468.30283371582,23176.09302290513,75141.50042219799
7932,29588.78635872265,22215.32277019906,102458.6380582946,58107.22015016681,81327.95324958507,54556.03636659431,18677.75198878864,24069.02809741014,38282.07223438693,152879.241904589,131200.3236332672,51467.34007311718,59856.48230384916,43092.21417647411,161331.0421531905,87714.80087586421,58641.48831523717,59228.41996114619,150988.012520698,50257.98850423389,8622.89700311295,32025.39137649772,80420.70916314673,42249.59089162065,50891.54829949248,2734.329440268773,57535.46843321706,32822.57021011497,18468.30283371582,23594.35610554988,75260.00039386029
7933,28753.30874886452,21892.04801741256,101447.2125829925,54811.75199425428,79540.64224165764,53990.4664055943,18654.94843786117,23289.64591360141,38595.69631366472,141104.2904864906,134504.7833238186,53579.60987240877,59468.63515092707,43573.12985871374,162031.4240558039,88624.38032056182,60958.76236974046,56794.96205960806,144726.4777769105,49028.10314239352,9129.685679115193,33339.0756665075,81197.71578139193,42036.15609784926,51496.67635375784,2553.687361976645,58041.88760269491,32758.55415149457,18833.18152469438,23886.19047453684,75365.34588203077
7934,28209.49152711829,22125.13804794494,105251.2319214176,54063.57212255739,79040.9828355922,53980.09424001696,19099.12205752671,23637.62625492452,38882.27658286045,152718.4469437975,132325.9709441833,56589.8887658566,60730.31816856159,44931.64225449099,164823.7588862157,87772.51012816827,60969.18552528305,55859.2802922716,155601.6709080817,50939.18917053877,9166.213676813375,33684.64581676532,82356.69235096284,43649.22537282567,52108.45004666921,2500.756181058818,59655.28194926181,32720.04283443406,18945.45189140094,24172.21927817198,75227.08204206325
7935,28206.87173928449,22097.41357896948,110457.7236344681,55593.18783935084,79520.63611611648,54301.83229604166,19099.10470515836,23986.33790802057,38763.80034053733,161042.8656246408,131063.4161556065,60509.99041737131,60730.30099287445,45866.58790549396,166234.4035646599,87059.62022946298,60980.76849460723,55175.52737549535,156719.0692203274,50941.68063907841,8984.129488203187,33231.99646206765,83677.40145841114,44848.41079580755,53934.43451722178,2490.098512876573,60406.01992680577,33074.62985477262,18748.97874884682,24599.95930337987,75225.40434931936
7936,28765.31670649133,22202.83150025905,112698.4438359081,57902.58372355055,81239.60676945432,54842.48886751941,19515.46842572672,25891.16248024585,38758.76796848536,163477.3743581727,124116.1821059102,64054.89652261524,60968.02727317173,47765.58890927149,166236.4692881525,86004.15737039414,60882.33899786309,56045.89942287706,156843.1745335208,51831.46323218909,8503.309258391124,32976.33710250162,83656.03375621622,47633.3592172089,56921.32992093337,2499.405783186169,61854.70762667507,33912.32047340388,18538.47181249855,25662.16436701981,75268.74446196774
7937,29304.35791972663,22319.05891291192,113523.3110482036,64037.18145765479,84346.09606457216,55137.23256623436,20148.319130822,28503.59019498187,38439.03469317201,166605.9114674672,113616.7170422288,65661.57980756152,62569.69352820221,50414.79249334842,165533.1457736853,84531.26973809939,60030.27386188605,60543.74201465263,156719.059741313,52854.98756289249,8502.483658012998,32778.8693844936,83677.40281628995,49547.46421060464,57531.56023195473,2612.464702110015,59452.55459516049,35515.7738501404,18608.64079128131,25737.65657950941,75821.59145332573
7938,29580.43105872865,22124.93386028616,114060.4761429476,69649.17536422129,86858.63811446643,54841.80564864639,20044.35191189747,28850.63790591789,36709.96780732633,167479.1268264505,112719.9085258028,65213.61402389819,60274.48685354522,51762.75212122434,162733.3136100952,84532.52588569699,54949.36667468877,61762.31906576714,143661.6049961322,52835.59515867854,8262.312135970804,31723.52703570354,79985.69081490557,48733.38548960425,55144.52387352584,2758.320368854424,58148.32558208984,34332.55512535838,18903.35050347714,26084.97117739719,75790.98268191349
7939,29580.45443742545,21759.96454770442,111940.8451274291,69014.05794524487,88044.038992595,53987.90767490338,18890.9363339367,27809.45678836881,36209.25333990913,158303.9418728235,117513.962915703,66251.5234708846,59807.39855623857,50442.74181050016,162031.6892481328,83604.10080009076,51304.79040147866,62325.82593974187,143765.5277114269,50558.81150605504,7287.560382420467,30395.32136800382,76070.06364640103,49484.84435376563,53915.74378381603,2852.406226019339,58368.43700594297,34079.43281154903,18819.14772762956,25314.29771532099,75985.20532855172
7940,29551.58994066827,21750.72846906289,108132.7300924433,68173.1831943347,86257.91471445697,52801.16140533103,19518.26874180473,26710.18784628559,35170.5504360234,160741.4257864541,117513.9599163449,70638.73892145812,60990.61950646403,46307.81057195336,163432.4648936848,86341.6306314811,56108.42533204177,60963.95773561178,145850.8451599912,52900.56456078287,8621.985648960688,29448.07500925267,76088.03390374579,49485.39954785472,55127.21208143717,3064.146521211389,59586.21842598875,33142.39421668426,18819.14772762956,25659.67752665755,75983.89020799367
7941,29302.4469740359,21686.73820824176,105810.3004896251,67092.20043817985,85942.09278329305,53977.74518451783,19471.48714459398,25045.24115809747,34464.63748953935,154514.9147816064,114868.2564822737,67183.01209109687,62296.74348127314,44341.56439584919,163371.4729553928,87714.80011956027,62339.18677987623,58038.04763507588,145850.9486086476,54003.8354549681,9098.382106301846,31422.25296469462,77374.51623265479,46421.48457268324,52899.44006910653,3075.1179456277,58139.98563685789,32790.25331267715,18356.03246700928,25026.46779516201,75842.34645997992
7942,27910.50393385477,20973.21286436632,103074.3130455131,64156.43138043174,84420.76335402968,55712.29283054073,17728.67460870621,22380.29905459489,33669.76000697362,153135.5130994586,109919.8465430371,64334.41607360791,62797.22426323534,40285.60491272769,161336.9014325277,87018.51970813089,59370.57624386917,53124.46702400797,141486.2306278429,54003.83205496349,9463.992834364084,31617.96661755579,72272.99882635106,40965.78282865725,48494.95570928297,2866.117855973421,54842.54406613614,32794.70402781909,18019.22136688965,24737.17976343117,76032.74686010843
7943,25724.46559950882,19913.22538521581,95250.44064019545,59303.33130176871,81430.86318517115,53811.58572110887,15994.8683101805,20909.65452696416,31554.66396354575,158163.432230887,108143.736612976,61962.90319146697,59594.89390758051,36269.13469597452,156459.6002542424,84170.12234792112,56713.9467843749,47812.21462817162,137114.5179733932,50559.24371774938,9356.840417249223,29736.56571876727,64653.07648081671,37381.21354457566,46184.43109589353,2537.789529112466,51328.92771013835,30893.52896319983,17488.45445578176,24461.46315441153,76442.35262101586
7944,23705.35245617637,18871.99275438597,87422.49827301718,57424.71738229535,78513.05800149486,50657.06447410924,14699.66506249491,19131.51006232946,27538.1950460406,135608.8550297517,101461.7847823625,55917.01605714666,52266.34583482383,33775.28950091947,151729.3065247427,80263.09656663447,51411.38823791235,42893.94357096095,127920.1143211096,45950.85260489441,8423.912926148278,28125.27964474288,61870.50954027344,30584.90068168548,42415.39860191684,2221.702829929216,46108.15196814389,30197.73835076924,18423.98055133094,24400.45614661829,75258.12536778375
7945,22712.38528559394,18236.72390962559,84653.90221926938,57137.33872659166,78345.08404005662,49048.39545441144,14060.31928926028,18278.14460015676,27550.71261379386,135282.6045952906,94410.6431509547,53089.89231575138,49503.00924480686,32622.44232117478,149854.7288386112,79325.72976596098,49376.08274375644,40590.25117764626,123707.0328577271,41024.51288233414,7474.960566018716,26251.37033634999,56620.0993866996,28566.88549175823,40933.61094826715,2110.096741166538,44506.48035176319,29775.04932235432,18109.59455898298,24295.6646741647,74402.41703765701
7946,22001.91901911601,17928.16127439205,82993.1749299729,56557.8451109325,78379.07390690685,48230.229628949,13940.61194357333,17595.34037708927,26566.36847114631,132949.7638536379,91069.89830657667,52053.55927322658,47196.52416048287,31282.85697857308,147883.9528236569,77144.66571477124,49090.46532753606,38462.72315537951,118675.6722976364,38605.49508644725,6792.376526870417,24671.9911305135,52797.65110319027,28173.12726089069,40635.38443003831,2049.524287073929,42609.23954043703,29776.0033190771,18540.41980695204,23945.54674371419,73600.04707269398
7947,21577.3090968315,17694.88834367223,81364.99111071885,55899.00930889629,78104.23711488456,47935.81429378265,13493.02851056593,17255.26126859388,25915.08021216368,130449.5549419256,88122.88817977527,50329.02038557467,43976.64254011018,30807.73870012361,145082.1356086023,74637.19245982626,48832.5611670602,37436.94641632558,115330.913782057,36162.18063656479,5516.236889680434,23597.79619621049,50267.28574879832,27359.79744876221,40047.74325268188,1947.625570869863,42048.02064695128,29852.59717779158,18598.63943476259,24020.76155840009,73026.3856724402
7948,21577.31360502039,17586.04996963335,78513.82584100426,55174.26616460965,77881.9939850656,47935.81430793488,13612.90153274249,16919.48537897631,25366.35435927243,128953.8161553615,88681.30462584684,50053.16605991387,43021.6615578601,30807.99453899044,143843.8227289501,74278.70106451171,46077.09023310765,36879.49500592624,107200.7198456294,34119.53392183882,5188.958560489544,22559.08109937161,48354.30248339472,27769.59899964282,40041.72410491025,1887.283005245839,42036.75502827436,29691.83086325667,18342.47307293889,23925.75404754143,72814.19312850542
7949,21850.98124028192,17631.23748885203,79688.69803081185,55174.32342840918,78512.42194635044,48243.74309910755,14915.54596241447,18837.41536803303,25600.20210586012,130799.8270170194,93545.51757455668,52820.74915128208,42595.02048677254,34893.75844021679,145798.6949366613,73559.57191555089,45106.03734809728,36170.79721149287,105796.8072237226,33697.24064055894,5073.238673742268,21455.53712209743,48355.90519867048,29855.60111561909,42582.86064804267,1884.302413449492,43446.15223529896,30108.6801687899,18575.35158418111,24406.68037780662,72854.64286753985
7950,23024.30013334368,18135.75031279932,87192.57310256986,56659.0600277602,80866.4183283031,49124.34263826116,16655.65407019784,24371.6275351792,26046.69075291075,137496.251000543,98494.81889901117,59740.92507373459,44282.69700356998,39069.06211509516,148037.9838275645,73560.62612442997,43787.96712704621,38078.09958891274,104725.986818472,35326.55253080351,5239.845863764275,20990.17713631656,51501.49290919353,35658.54909276729,48094.47440578602,1884.332049880308,45238.61265362205,31571.70272216178,19169.19179164794,24350.67816631715,72816.34247987457
7951,24704.00494538674,18949.16782415277,92091.2231318788,60800.38184872181,82370.20003479363,48540.52773301672,17411.10340972838,25063.99577615502,27514.96127159289,148208.2055415547,114713.7289206709,58270.81767261448,44897.72071857143,42600.38190107875,147276.3237398537,74278.07797739077,45822.47432302412,43498.5499341734,107824.7005570334,38595.14606742004,5189.670031348188,20688.20874249648,54130.28760447471,39595.91669145945,50739.89035276439,2077.530231810337,47729.427253064,32466.78959126344,20007.55443429087,24516.2472309879,73170.06524226349
7952,26822.61470457803,20009.37437662903,93676.24457537304,59993.18549267522,81213.57595691846,49174.99070357445,17849.69118475931,24069.13537607231,30335.20456076054,153236.3004726648,130924.6796070556,57609.86830787492,48007.99328029976,45968.81603800639,151810.6782659032,74279.84123119476,47782.18224011853,51749.8353582258,121460.3413787637,39416.66559088512,5535.116701989869,22315.0062959535,61290.85399706194,44217.65752042121,55444.28810983356,2397.335302349457,51638.90320450452,31500.58391754344,19937.69088254643,23800.54712888811,74058.05783870208
7953,28377.58099519186,21327.86151094153,100398.9020511044,60044.46220194965,81860.27832700932,51583.74717079398,19131.21051143633,24419.48513150882,35263.20316926457,157424.1601912126,138107.7095135813,58405.26863528458,54861.91987232316,48151.65653400584,155461.2158956694,79286.8232581806,52392.21108802171,57165.40147548553,148585.3281008256,48058.7688408965,7088.689899352567,25899.03112859331,72138.99906125937,46223.38677303146,57813.62125864939,2717.64964210774,54717.95634337746,32985.63735438757,19308.91889785053,23360.30624531268,74346.01218985717
7954,28946.72770446057,21979.26866814744,101437.115241233,57428.91515465041,81727.39690560749,53986.07748066411,20012.539238446,24777.89847666034,37556.0644573484,162616.0983777244,136249.02348887,55616.76728856965,59224.33612802361,49971.24961910461,159046.7899489081,81786.9969693802,56046.56346658962,58865.10403885316,155498.5111826137,52063.26313904976,8077.234829827226,28341.2818487174,78525.92596715668,47389.36697898299,59632.6688171706,2776.585761500575,56758.21901573355,33375.14251214213,18808.23009813702,23585.45466505485,74554.61030515301
7955,29521.98267003968,22493.19018130466,106802.4927649132,57435.40809176628,82518.90938968063,55192.48141923677,20690.00230004355,26272.58139667411,38561.25352932398,164129.5922899734,128928.6591430144,59431.9799296467,62398.19097030514,47408.31430546444,162133.7685438573,86461.10152745526,58531.04987654964,60973.65610691488,161694.3890836464,53230.21651728831,8539.444779738784,30740.42888268077,86262.83811709883,45587.36338746463,56043.13482715046,2854.391435569075,56956.25359572052,34168.89723055041,18505.48803243666,23581.31702035079,75012.30528155457
7956,29530.61909032911,22136.64961467783,101770.2417354958,58381.92232336478,81164.31424729152,55185.0795132861,18710.40057234455,24160.22043740513,38869.41746504528,152928.4579258621,138309.5136744776,51705.42404428214,60141.47664932662,43573.19802118107,160647.6413615933,88641.24588325218,58635.53982369181,60180.87942251618,151874.8817769038,51338.63077407969,8539.453480513876,32187.47312997658,81730.90330923635,42801.96202886032,50727.64449943375,2737.922327931654,58392.4863982583,32880.89150642631,18505.48803243666,23904.53399187217,75126.9617634401
7957,28667.77430957456,21820.56441996745,100765.4898216992,55156.41241663708,79547.60361069815,54589.41783202704,18686.79033663181,23395.26456821003,39175.05227368473,141561.2609156384,141949.6700138142,53678.81426044006,59753.04871256478,44055.31592129014,161390.7244563429,89598.74787829298,60959.0099798079,57736.16559238014,145802.187608833,50028.50471831668,9025.743707789366,33523.55460730053,82520.1892989901,42588.9253988574,51321.34734690931,2558.870672877894,58896.93977823576,32815.63430696883,18808.23009813702,24130.05191311294,75228.89042120012
7958,28106.14363757141,22048.47058044184,104544.4095777594,54424.11537293998,79095.63712424059,54578.49380491781,19146.67677673231,23736.80381556464,39454.33218719508,152773.2311285133,139549.5143337093,56491.17038948601,61016.62104433261,45417.22439654325,164353.3035858394,88701.99563362918,60969.46100556762,56796.15584092007,156349.3976151067,52064.27461847311,9060.794231101556,33875.0164314136,83697.48167634608,44198.98548432898,51921.57035909976,2506.405512839374,60504.0713412082,32776.37633400164,18901.38150317665,24351.0835257866,75095.11110260386
7959,28103.43803513228,22021.36269744502,109716.5479513659,55921.25945523131,79529.5070870289,54917.35025874693,19146.65881051693,24079.06083815781,39338.87401276496,160809.3837868838,138158.6979074904,60153.52935898785,61016.6038429256,46354.50727298948,165849.9530699834,87951.54606681685,60981.07494630609,56109.24023371682,157433.0964991416,52066.92863644276,8886.074933580925,33414.64979451814,85039.06252079668,45395.93382038276,53713.07906865589,2495.841677740232,61251.89514621926,33137.83807360152,18738.36654367888,24681.62389925671,75093.48782501993
7960,28680.1756036889,22124.43614778278,111942.4834905185,58181.63004618294,81084.40051459504,55486.77300846427,19577.75156515502,25948.62722879579,39333.9698355326,163159.5879970372,130505.7015222817,63465.36150639281,61254.68610774115,48258.25549758998,165852.1447374153,86840.47457202745,60882.38226137227,56983.63817594245,157553.4589410178,53014.76279673742,8424.702787939445,33154.63166275062,85017.35713556616,48175.68690535857,56643.5799664336,2505.067004246221,62694.95941150823,33991.7698051349,18563.70766024723,25502.45346335178,75135.42222189001
7961,29236.87382272398,22238.07868881762,112761.9080852317,64185.99872128051,83894.37273745079,55797.19884297407,20232.98961846517,28512.69907281647,39022.38145672866,166179.7870970088,118939.6066413286,64966.4070054293,62858.75078666271,50914.08169766008,165105.9406853255,85289.98565694226,60028.03880956412,61502.28548146529,157433.087306003,54105.06432886986,8423.910581217917,32953.79728998213,85039.06390013466,50086.22112547965,57242.28873677655,2617.130520915728,60302.13092276835,35626.31087313318,18621.92728805777,25560.79082399104,75670.33788609569
7962,29521.99010146529,22048.27093387084,113295.5288710908,69678.85772817135,86167.09048994906,55486.05343824197,20125.34451735726,28853.32295271312,37337.36088051163,167022.7639098606,117951.6922734899,64547.8945147659,60560.10714222119,52265.41102465743,162135.4071219416,85291.30798655048,54933.54591067422,62726.4990452433,144769.4301475756,54084.40671732913,8193.453450722602,31880.46226178938,81289.01017796798,49273.66107276048,54900.32115976951,2761.702033690968,59002.96459265793,34420.15195006115,18866.44972594759,25829.18164582643,75640.7218955116
7963,29522.01424596212,21691.41845703389,111189.8835503136,69057.22297707581,87239.34383578387,54586.72296148872,18931.12639944145,27831.41403137733,36849.40163074848,158165.3061361655,123232.7696999806,65517.56247509351,60092.31940098983,50942.10088395882,161391.0058170345,84313.9674398878,51279.22449537327,63292.61241310232,144870.2186751369,51659.08019569814,7258.128187517485,30529.61182977494,77311.50266049094,50023.71808632412,53694.74122831583,2854.959532728856,59222.22160034353,34162.12211074633,18796.58617148944,25233.63603642418,75828.6450237086
7964,29492.20425454865,21682.38778671209,107406.8951218123,68234.1988387567,85623.7066546019,53336.83465958617,19580.65094354054,26752.49248744215,35837.15868054717,160518.382499003,123232.7663959209,69616.32298818808,61277.31217189672,46796.83293066669,162877.1845687451,87195.72811546164,56095.70374621997,61924.44490490139,146892.6453846648,54153.61488027273,8538.578988563253,29566.21573528365,77329.75690958154,50024.27224469562,54883.33622544778,3064.83560730766,60435.27590484238,33206.91624830765,18796.58617148944,25500.53173264231,75827.37255845545
7965,29234.90028148707,21619.82065495537,105099.7893141479,67176.16385737668,85338.03019811641,54576.01976555141,19532.21442851367,25118.36385647639,35149.22818486722,154507.4891402718,120318.2886811295,66387.80666937493,62585.39200919343,44825.67143078347,162812.4740471116,88641.24508710123,62343.12547253166,58985.00104437951,146892.7457134305,55328.86583445437,8995.706293263802,31574.05172697972,78636.5700749144,46966.07301957283,52697.62598127033,3075.710436243478,58994.65702095712,32847.94805024679,18412.33662739704,25011.21259298095,75690.41971405815
7966,27797.36231140088,20922.16395487088,102381.8543918803,64302.71713247302,83961.91296997674,56402.85576869963,17727.74919823843,22502.74966168258,34374.59943877348,153175.8547138991,114867.1748843857,63726.50293223664,63086.6222388391,40759.57265059088,160653.8578720526,87908.28010318702,59366.57724245069,54048.69272863962,142659.662529854,55328.86221262527,9346.528899337512,31773.10212929916,73454.4311835188,41520.54891682012,48376.30111844723,2868.550441668645,55710.01527379783,32852.48505567955,18132.88241227816,24787.66237926814,75874.64456847872
7967,25539.71740857682,19885.75035977907,94609.60525983763,59552.64168295497,81257.40134110744,54401.01962028859,15932.60880459408,21059.32667064985,32313.38342508059,158029.6621980279,112910.6317799994,61510.91460129578,59879.49653608372,36733.06185407504,155479.1952486147,84909.81067759843,56702.84428734408,48711.8685768573,138419.7956238217,51659.54060592815,9243.710553665398,29859.62496327986,65714.08791086487,37942.66666623195,46109.40069553267,2543.112808968154,52210.03787650743,30914.45008337547,17692.50188294868,24574.59961790282,76270.96496287953
7968,23333.84549182247,18892.20950070631,86236.82442181594,57258.22202350385,78420.66529824243,51197.80220106637,14718.18481247887,19292.36990207066,27878.62645709116,135504.7132724337,102402.1036587562,55577.83332794507,52537.44728702269,34188.69408146445,152332.9936780748,79522.18269424124,51434.04584885367,43281.09520630654,126075.3432090212,46281.83250601603,8276.291687964542,27966.65168566458,62147.49345149841,31536.51082426771,42386.72052042292,2250.016585987003,46795.04579203911,30140.39987360949,18388.55668570515,24212.13413516768,75289.40836167838
7969,22440.14443274407,18245.30419621727,83451.41228140128,56969.45680647503,78249.3552087947,49947.628733471,14068.61998135404,18453.30378319619,27890.87445166964,135195.7758265236,95340.78881276018,52725.76170991908,49811.95383117649,33077.96736461466,150348.5329403791,78606.97507279723,49401.07212142149,40953.89819918717,122195.8733916645,41223.38296161261,7350.174301799563,26230.01461498822,56783.51453369017,29483.91063750234,40927.98144250205,2133.116554344017,45194.87084443067,29728.82773737158,18032.0979579729,24109.00958975079,74416.18524191847
7970,21800.70289469366,17931.08950247609,81780.5979539509,56387.16721616812,78284.02014781597,49311.79302422202,13946.99927931646,17781.94090902779,26927.72873836546,132986.7309201724,91995.22402347624,51680.28357462214,47537.05542537159,31787.32515663551,148262.2349686267,76477.47097571102,49115.78192545808,38804.66297127648,117562.9196729291,38739.49428226102,6684.01552214529,24766.33199959881,52878.38495191844,29083.40412880345,40634.39371072334,2069.670895790598,43299.40289406219,29729.75664359521,18520.57843580542,23764.46101557168,73597.39222642584
7971,21418.54087717369,17693.54362324557,80142.5247612807,55725.15262466864,78003.72482691194,49082.98881653771,13492.26184419617,17447.56030619791,26290.46635462503,130619.1994969516,89043.96202258409,49940.52654041931,44361.26919772584,31329.56581540664,145296.1822418658,74029.273928574,48858.17323528929,37768.42021420237,114483.0149000647,36230.65738470762,5438.584081293462,23770.82664846564,50293.28664182334,28256.13536858319,40055.8930415526,1962.93869792669,42738.70842692188,29804.33605288824,18586.58931085557,23838.47938167998,73011.9890230456
7972,21418.54493468265,17582.71161553979,77274.04189038988,54996.91269732389,77777.06773004738,49082.98882753608,13614.05087083287,17117.41081573726,25753.55763531285,129202.8344238045,89603.18413823837,49662.23794575794,43419.36641723094,31329.81230693611,143985.2825609231,73679.25720408754,46105.85913231394,37205.28111730702,106996.6080361667,34133.23294275041,5119.181165495527,22808.20207802223,48338.92467664236,28672.96014972102,40049.96751906042,1899.733832411982,42727.45333530894,29647.79795736125,18296.14146125034,23744.98316353274,72795.45328454569
7973,21664.85424149013,17628.72685164081,78456.05009866421,54996.97023741311,78420.01661041754,49322.29498680132,14937.51626999342,19003.20317964837,25982.36933330899,130950.8838376388,94474.41505435198,52454.24349890868,42998.5680782066,35266.29860240313,146054.7444840619,72977.12813630025,45135.91874309874,36489.35246687449,105703.8638321366,33699.61500801644,5006.245887030066,21785.49763257626,48340.56205937992,30794.71243098121,42551.57776575812,1896.611858699165,44135.53354279012,30053.68395778798,18560.18496145088,24218.25935697092,72836.73095600172
7974,22720.87740965885,18142.48102782328,86005.5027162591,56488.87048063904,80820.76567473132,50006.65091455663,16705.43759909317,24444.68180744801,26419.24258506537,137291.9516299871,99430.8571096367,59435.48632573766,44663.13232953025,39289.05324337452,148425.2948844167,72978.15742387492,43819.35858149074,38416.11508382994,104717.8360332237,35372.62021128222,5168.843949717212,21354.22734703096,51554.19026552617,36697.11205668161,47977.46071938107,1896.642900909661,45926.31901132569,31478.22842707198,19233.49589126993,24163.14797751445,72797.64662921935
7975,24232.66351290074,18970.79821541856,90933.90649867766,60650.17359303607,82354.41396428154,49552.94048961141,17472.96175143545,25125.44844090001,27855.89303562436,147435.4595829231,115673.1673777618,57952.40600180556,45269.73346400024,42691.35261223028,147618.9881889331,73678.64884663193,45851.5349253227,43891.87037882381,107571.1790140942,38728.86773323448,5119.875515980992,21074.37948858246,54239.84698800834,40701.9587539609,50581.72834821963,2099.005279444519,48414.80608970131,32349.77414997884,20184.05249445344,24326.08332072028,73158.60945174732
7976,26139.47759664584,20050.42497235423,92528.55515301993,59839.08262885875,81174.81819514194,50046.01194324833,17918.55974542861,24147.25833159564,30615.40072886943,152196.7308081293,131907.5068270776,57285.62410735767,48337.41169889691,45936.71752752041,152419.1352270142,73680.37041743941,47808.99768476272,52227.34381245934,120127.0855323965,39572.41797402674,5457.009582047696,22582.00684555527,61555.29969473823,45402.90755556532,55212.9512021945,2433.980040051957,52320.62886372854,31408.98007574092,20104.83944623941,23621.76792218862,74064.77763789897
7977,27538.99518587051,21393.06333424185,99292.04516211791,59890.6067409954,81834.36471007633,51917.97154981946,19220.56238604151,24491.73748217467,35437.27199249431,156162.355213856,139100.9002333673,58088.0434233421,55097.47565234221,48039.80569057193,156283.6582347007,78568.98830772415,52413.74501011625,57698.16504558857,145104.1879689498,48446.27680424711,6973.19860186431,25903.48583000251,72638.0950801751,47443.01124708264,57545.43038318797,2769.488226644439,55396.80480690552,32854.97600736331,19391.92199077489,23188.52998851269,74358.62588970544
7978,28051.24476663571,22056.40256275005,100336.5643220034,57262.44004951618,81698.84413300957,53784.9370828313,20115.97793376484,24844.14510563695,37680.75516584799,161078.775096372,137239.5325419459,55274.93502226874,59400.14981789359,49792.91806220648,160079.409663619,81010.05837099098,56063.91074579559,59415.20970395586,151469.9526333072,52558.15976377869,7937.955828447137,28166.83076214919,79163.17412557024,48628.9741677023,59336.18343182878,2831.2199323096,57435.16097271074,33234.23702214264,18824.2284647283,23410.09695282394,74571.4936281646
7979,28568.99196635087,22579.73777066164,105734.5304399338,57268.96431413429,82506.0768331529,54722.49115811863,20804.26930538611,26313.78250278545,38664.29690068218,162511.9530917455,129908.606553558,59123.81490362114,62530.5395915082,47323.62223841091,163347.3392165548,85573.66795467124,58545.55078072596,61545.27536566868,157175.2117216961,53756.40737091345,8389.04345798113,30390.22954592351,87067.43921102735,46796.08761314872,55802.48311392508,2912.716254431884,57633.01050092513,34007.11567084873,18480.97191323684,23406.02512599288,75038.55678639344
7980,28576.76501080589,22216.66631560951,100671.7141825824,58220.04534288777,81124.57809953253,54716.73878375459,18793.02638210597,24236.81713411079,38965.82434502353,151905.2244065861,139302.9955523682,51329.07623581021,60304.73035214096,43628.62589021941,161774.0989789037,87702.27409779499,58649.92101798552,60744.40996688508,148133.2592816785,51814.09490774442,8389.05194938642,31731.27133034056,82437.47658806764,43962.94969752484,50569.67297392096,2790.722530619945,59067.9012276196,32752.98501751166,18480.97191323684,23724.10065712858,75155.56007745398
7981,27800.17811324682,21894.79126882405,99660.85953840073,54978.9728075452,79475.75800030696,54253.82166379087,18769.03876943127,23484.67918064637,39264.8771285205,141141.2454488384,142948.4038201882,53319.88058030501,59921.62182908347,44093.12911469822,162560.7397446002,88637.14092130489,60970.7292688451,58274.7526787565,142541.4296577253,50468.83515646584,8863.640404111868,32969.47886395637,83243.83519345736,43746.26201909978,51154.14102651429,2603.177707809943,59571.88322531549,32689.44410875816,18824.2284647283,23946.03124524603,75259.57502903097
7982,27294.69319768237,22126.87207264849,103462.7319538202,54243.14253429484,79014.8150150998,54245.33208098423,19236.27585819646,23820.49545564716,39538.14258503648,151758.234961533,140544.7852542055,56157.05426958785,61167.88988548413,45405.27885661184,165696.977846812,87761.58773521616,60981.16832128965,57325.15199135162,152253.4618679482,52559.19836808056,8897.847494369977,33295.19453757439,84446.5929414279,45383.91551578214,51745.02782543795,2548.223906125352,61177.51301751386,32651.21863633681,18929.84586542391,24163.54688889567,75123.05749165155
7983,27292.2580720942,22099.26764430491,108666.2852126085,55747.51012480943,79457.30206188689,54508.67360289664,19236.25760481599,24157.01747854882,39425.17087021611,159367.9366354065,139151.9621920832,59851.73162629387,61167.87291964571,46308.31713471674,167281.3571773403,87028.87865851051,60992.76895640857,56631.2277721867,153251.3483670004,52561.9235589414,8727.332528676337,32868.55181577644,85817.19279090245,46601.37730219276,53508.67038017812,2537.158984210675,61924.6380247659,33003.17378618606,18745.01541343741,24488.82932799047,75121.40098853457
7984,27811.33966018641,22204.22913002145,110905.7407901542,58018.78668382691,81043.07720154143,54951.19919692813,19674.24078088189,25995.25664442366,39420.37230732131,161593.4235906997,131487.9242509765,63192.78894648681,61402.69471336133,48142.50995087777,167283.6773148307,85944.07269005716,60894.18933966987,57514.54721191924,153362.1799434749,53535.17582052533,8277.062543033986,32627.58117506661,85795.01790829826,49428.77014336787,56393.58858484909,2546.821906479733,63366.35383060782,33834.64676826579,18546.98278828699,25296.60188505177,75164.1937060657
7985,28312.38521604995,22319.95330446729,111730.1424616,64052.12558765085,83908.85823522888,55192.44592773989,20339.95190819827,28516.36384414568,39115.49416729068,164453.3511111835,119905.1420913778,64707.08038073959,62984.79216792002,50701.3027965878,166493.7326490873,84430.23704852257,60040.82467440621,62079.29835497889,153251.3399018181,54654.71600635954,8276.289399461062,32441.45881831559,85817.19420007616,51372.04733801752,56982.98469531212,2664.201063745483,60975.76130062497,35426.19874596292,18612.99366333711,25354.01126823806,75710.05811881123
7986,28568.99865486297,22126.66876907575,112267.0043896151,69571.48686154136,86226.71439660215,54950.63998456748,20230.58624903575,28851.28008996279,37466.76149901101,165251.5940436538,118915.8023848658,64284.8747379752,60717.62781563624,52003.25991035817,163349.0738439846,84431.5281185014,54952.16832882483,63316.00259117252,141590.4507995141,54633.50441893934,8051.377839845713,31446.75038132427,81986.02510699922,50545.56152943963,54677.44542631535,2815.630207132432,59677.80896572825,34251.76228975125,18890.23933977845,25618.13277400376,75679.83594288732
7987,28569.0203856543,21763.27969043623,110148.5696573395,68946.85281078622,87320.26374801823,54251.72735128513,19017.28020625766,27846.49469557226,36989.3107383325,156864.1710923806,124204.4992206274,65263.0995068686,60256.24629879274,50728.29827296425,162561.0375979513,83477.29172309102,51302.03352093896,63887.892023631,141683.2584164587,52143.13783252826,7138.559636985328,30194.85578500172,77922.48228936846,51308.47311395597,53490.61777713284,2913.311298812445,59896.86109051955,34000.51873943204,18811.02628848753,25032.06056023807,75871.60551495042
7988,28542.19047456902,21754.08360191016,106342.6038569001,68119.85769752791,85672.53842408396,53280.37950199913,19677.18650182072,26785.65200557776,35998.86703468379,159092.3777850928,124204.4959118006,69398.0294207299,61425.01091979467,46734.48196745636,164134.3324279205,86290.92810488764,56112.99472740615,62505.76507840033,143545.539847668,54704.56853956988,8388.198500642775,29302.03276312703,77941.13138618537,51309.03676956298,54660.72468541162,3133.142672094768,61108.78186647358,33070.43517699582,18811.02628848753,25294.71072347929,75870.3070046531
7989,28310.6089681076,21690.37040433417,104021.4849933554,67056.71784716505,85381.18815232386,54243.40938692111,19627.97579609489,25178.90550726612,35325.75152633801,153400.4618648835,121285.8132598863,66141.02314739415,62715.17696368395,44835.33888968005,164065.8287374908,87702.27332046488,62353.2590367443,59536.33002072784,143545.6322319293,55911.33623902733,8834.325790442772,31162.78578858061,79276.21151579938,48198.42574344922,52509.01223299599,3144.533339582562,59669.509156969,32720.907987536,18375.35451254124,24813.17522579159,75730.55098518459
7990,27016.78048677133,20979.93446257598,101287.0416934407,64169.40714865179,83977.73988317158,55663.13082919324,17794.6686849142,22607.11962163763,34567.80486533012,152139.4926979026,115826.8347295578,63456.23480774656,63209.54298326576,40917.79922973076,161780.6798856451,86986.63549432467,59380.12091690683,54549.65646485459,139647.7445248491,55911.33252007146,9176.706428918867,31347.25485869666,73981.98059868146,42659.57556722796,48254.90373758163,2927.546881321719,56387.93671607748,32725.32566789329,18058.50231045446,24593.18104470788,75918.54658654866
7991,24984.83048837072,19924.53648762515,93467.5849469742,59396.41325763112,81219.51399454557,54107.40842230131,15970.83545498053,21187.88322097945,32550.97834930844,156735.725311548,113867.4687726616,61221.09507778654,60046.33798445581,37038.40116557018,156302.6914923102,84059.049335956,56719.43969230624,49158.38060285464,135743.6102624278,52143.61058959524,9076.36223721397,29573.9484529284,66074.21017376482,39020.37512293073,46023.26398507317,2586.672382606842,52891.22984366904,30838.26179815882,17559.18781482289,24383.50749115799,76322.97893696395
7992,23315.10605359846,18844.66263909316,84851.99414698532,56792.60133761614,77661.49372046173,51267.24904825615,14868.95063987858,19251.27288817747,27799.5600596424,132922.0695550755,103351.3692533655,55485.26206738377,52525.01764585666,34219.82121846385,152674.5388828678,78607.82444486827,50844.21527856001,43608.37857210955,123605.191477186,45785.23563733107,8275.201998781256,27539.55343576736,62554.9439371567,32138.23387042252,42409.42695795919,2323.624122222339,47067.21784624469,30080.64754497418,18528.62099057658,24038.41887788336,75451.46957524106
7993,22436.92491329478,18220.40717114849,81928.43449487926,56509.70179124214,77468.92368174372,50141.19394583537,14202.17059887935,18408.07628024531,27811.11982310756,132630.0019882489,96299.59906966885,52506.19192093336,49730.16354793872,33153.17484018416,150726.9865086953,77727.17951392985,48819.72542978246,41357.42231086994,120060.2564244881,40925.27462767177,7350.008529227981,25927.68637574758,57579.7655528231,30114.48232040835,40951.85319812697,2206.263504514785,45455.87884644949,29672.1625836491,18188.7791106172,23903.51202731584,74456.39581739456
7994,21808.58784986809,17917.19395073533,80174.75313368309,55939.24021470224,77507.89061399509,49568.48458728664,14077.32662210411,17733.40847343437,26902.09454905825,130541.584480596,92958.55642488803,51414.16019145492,47397.37162060065,31913.75310312524,148679.4909392761,75678.09584747987,48535.62578900002,39278.5976654521,115826.8119570013,38538.85127244844,6684.514325330245,24569.16315065543,53957.69384431035,29719.60480212875,40658.4999997886,2142.567870099289,43547.186652602,29673.08452220967,18654.48835265534,23452.77585367145,73523.34740813026
7995,21433.06241782651,17687.96517031205,78455.43676257893,55290.67308617063,77192.81004300833,49362.39627058784,13610.53742554564,17397.38180792835,26300.64078664297,128303.3347918018,90011.28359595177,49596.9343511523,44140.76532297475,31474.16041480828,145768.6028979075,73322.35462659968,48279.0921352856,38276.30301009443,113012.4937892325,36128.45864232051,5440.32535634443,23645.18063832769,51559.97278111528,28903.96303878445,40080.46146761291,2035.415147430674,42982.58034925818,29747.10451636956,18717.42203369472,23549.60619232124,72856.25631507357
7996,21433.06640487321,17581.01367933881,75444.6863381029,54577.22585309648,76938.0243146273,49362.39628049427,13735.55418797327,17065.6070833806,25793.90168271453,126964.3119374071,90569.74982033623,49306.25397720461,43174.89221098484,31474.39712406651,144482.0842294218,72985.55623578609,45538.26381717501,37731.6127787872,106171.655386043,34113.33505175383,5121.241084450771,22751.71656200284,49747.27001823697,29314.92948142196,40074.54067874218,1971.961254778336,42971.24673346245,29591.74060256883,18440.51383770813,23427.29505602265,72609.50491083166
7997,21675.09833011523,17625.41780239281,76685.31836380184,54577.28222437728,77660.76452908742,49577.94390541682,15094.09496916859,18960.68267843284,26009.85614692859,128616.9071334567,95434.39637431761,52222.58340580131,42743.38504310059,35254.65988943494,146513.0568786206,72309.9429761022,44572.37112245454,37039.13849605052,104990.3872079701,33696.73185399577,5008.41847289058,21802.4890949719,49748.78871756962,31406.86121544028,42574.15250658943,1968.826980490694,44389.15079235622,29994.58207940499,18692.24856186565,24046.43185267183,72656.54251980176
7998,22712.7827108027,18121.18410920122,84609.19962648697,56038.87758681933,80359.45169782183,50194.35635080571,16908.87095428345,24428.94819158537,26422.18090933684,134611.7137381937,100384.1388889849,59514.69064430079,44450.31052079001,39117.76735179002,148839.5181547797,72310.93339277244,43261.30514726995,38902.77890263847,104089.3866404022,35304.08999515286,5170.854323904136,21402.2037509737,52729.4815635879,37226.30450904052,47995.7009773371,1968.858145007485,46192.430158797,31408.44113643538,19334.17211257411,23974.33550933432,72612.00431754379
7999,24198.31529527707,18920.49975858721,89782.03643526921,60115.65239693933,82083.42902718237,49785.69071177745,17696.73655482782,25113.06604977049,27778.10405937838,144201.3239525556,116604.494695391,57965.57094832633,45072.34894940501,42385.04295123324,148048.207704907,72984.97085286652,45285.0009400386,44199.14428493126,106696.6799115092,38528.64169864862,5121.934742235755,21142.46177467546,55220.47220284509,41174.86437152407,50597.88817916753,2172.01783120972,48698.27883857159,32273.44945349219,20240.41712188788,24187.48645132563,73023.33634040017
8000,26072.01584581365,19962.32597593256,91455.77455017024,59321.03707520918,80757.44289485812,50229.80958057236,18154.14409056131,24130.06058271071,30382.5513433597,148702.600570707,132816.8904570118,57269.09824287651,48218.09603146227,45501.61220321605,152759.0783121269,72986.62740878818,47234.29493846713,52261.54126225593,118169.864452342,39339.09186602751,5458.732475383264,22541.77249798201,62005.67451922719,45809.74284670168,55225.41136687181,2508.312392201727,52631.35163882037,31339.71221233023,20164.89670640069,23266.10568947124,74055.95236009837
8001,27447.22955949973,21257.95507815892,98554.71197889782,59371.51458112474,81498.84054590578,51915.91932545399,19490.65329255368,24476.23550830683,34933.47524438614,152451.6775649702,140000.5606726002,58107.24810351676,55150.19575892526,47521.2371373167,156551.7262671597,77690.62731383828,51819.82602063149,57553.13422630747,140993.1393096488,47864.7492915931,6973.408909168324,25624.61729956936,72285.14893262547,47821.17353569718,57556.02723987407,2845.142480876882,55728.98935329706,32774.86182572271,19485.21294648191,22699.34668033028,74390.80456172375
8002,27950.58346781931,21898.06907571767,99651.0359402195,56796.73368311729,81346.50157476297,53597.53081296662,20409.79975340567,24830.37793645237,37050.89411290456,157099.6307723042,138141.7089610519,55168.87614840908,59562.36798329895,49204.77543125879,160276.8817044714,80039.51070041844,55454.75911323584,59213.92719430976,146809.9708248582,51815.28604879289,7937.203671120626,27725.35049431165,78337.2667205871,48990.46812815531,59345.34974006975,2907.117409430621,57781.56666076196,33151.27802913811,18943.98328895659,22989.19912258048,74633.37612864588
8003,28459.33952401527,22403.08095742546,105316.7238708637,56803.12542073682,82253.91358314062,54442.00366224511,21116.33269207219,26307.24994962352,37979.16932889384,158454.5484602678,130820.6920638783,59189.14095499407,62772.42253987856,46833.47616619513,163484.032059504,84430.77619306013,57926.0429233726,61274.21028311409,152023.2535359817,52966.51561023731,8387.841284964948,29789.00750208133,85668.60217133816,47183.34220577917,55814.47232926608,2988.934827020168,57980.796539582,33918.35936708172,18616.72814637847,22983.8723855596,75165.61385975208
8004,28466.9775825963,22052.72157793339,100002.8081593396,57734.88719719904,80700.96789570372,54436.82238886858,19051.78643804875,24220.06025829357,38263.75354490567,148427.0122063303,140202.3828227066,51047.31410959077,60489.96904123401,43285.1195697743,161940.0520241323,86478.99581665595,58029.97760929369,60499.58184457307,143761.0074924536,51100.41755850911,8387.84976789901,31033.7011199425,81374.23593407604,44390.02313413711,50585.84243534083,2866.460447999133,59425.69816850876,32673.63586342635,18616.72814637847,23399.97669879203,75298.94393528652
8005,27703.87681157718,21742.11621335152,98941.81836576697,54559.65037523033,78847.52568823876,54019.86410392297,19027.16308931385,23464.21973894456,38546.0021545588,138250.8125090141,143842.8636525608,53126.7660253925,60097.11085134624,43731.18850335923,162712.0623046843,87378.55752258615,60341.10080848962,58110.83240959934,138651.3729867334,49807.94446340601,8861.964761955644,32182.94869193306,82122.14676016779,44176.38093147671,51169.84358387697,2678.176698683685,59933.19633256623,32610.57157075588,18943.98328895659,23690.30483130876,75417.47326232308
8006,27207.1700939926,21966.07126486687,102932.2514635851,53838.76697849483,78329.3786906257,54012.21737466131,19506.78321385742,23801.68914403611,38803.91246144843,148288.0492863796,141442.4940179753,56090.27486037982,61375.09498191327,44991.26422562349,165789.9704970256,86536.06948268173,60351.49629733423,57192.34136373932,147525.9164258692,51816.28389929376,8896.137726411342,32485.26307534804,83237.72428964423,45791.01773394126,51760.25835110855,2623.006379048709,61550.02823414609,32572.6328250322,19044.67717920628,23974.85736257379,75261.90589831489
8007,27204.77725653974,21939.43333932602,108393.8842805922,55312.5764397427,78826.7793283041,54249.4141094465,19506.76447671341,24139.86777122915,38697.28877761131,155482.214582903,140051.5536117126,59949.47073209742,61375.07758431397,45858.46449565955,167344.882452776,85831.03106392888,60363.04852140915,56521.15063034771,148437.7530931575,51818.90215637257,8725.79287048101,32089.27282426148,84508.97811990042,46991.36848574268,53522.49201470291,2611.897861347381,62302.36576055645,32921.94798297383,18868.46287053596,24400.38970529389,75260.01824469672
8008,27714.84452826432,22040.71985054715,110744.4096747343,57537.71669329287,80609.35256159065,54648.00535780298,19956.35538142495,25987.15607708149,38692.75985235084,157586.1763027961,132397.875023728,63439.3003903915,61615.87531987218,47619.86547282648,167347.1594387561,84787.19264433316,60264.88029095384,57375.53185267573,148539.0274318911,52753.96496610122,8275.972084827452,31865.61490243632,84488.41055274583,49779.02322811322,56405.10559381134,2621.598855525209,63754.14008563641,33747.18414213731,18679.66182741785,25457.11243999742,75308.7823111519
8009,28207.18897960252,22152.39222078417,111609.6990259213,63448.50074330601,83830.78316380359,54865.30089255425,20639.70963876211,28520.67398612362,38405.0132206992,160289.9342423586,120830.7491188938,65021.02098124061,63238.23531662591,50077.10997792421,166571.9067063589,83330.52679851366,59415.07683367364,61790.73827268966,148437.7453579454,53829.57550726415,8275.199712560847,31692.86464790936,84508.9794269321,51694.98828557374,56994.03086342331,2739.440486610237,61346.86894197961,35326.79799549263,18742.59550845723,25532.215016667,75930.81732164806
8010,28459.34609637537,21965.87507948075,112173.1875843016,68855.74756037019,86436.29024267763,54647.50166455692,20527.44549636079,28857.23893143823,36848.92503496104,161044.5882155478,119842.7466864737,64580.01514601788,60913.37426548589,51327.39757703513,163485.7344251417,83331.76911141152,54347.65615010237,62986.92713647964,137782.3990166913,53809.19624146139,8050.51253003764,30769.62179482114,80955.5072842056,50880.11846973786,54690.33338138821,2891.466260744273,60039.86109248161,34161.17090815003,19006.91696999596,25877.73702954906,75896.37790578017
8011,28459.36744979209,21615.20919722883,109949.6852813429,68243.80166388518,87665.55141241505,54017.97771667812,19281.98358989142,27847.50725810322,36398.30286785206,153115.1699926913,125124.2948783351,65601.79881621391,60440.25112505511,50103.03411089949,162712.3546183543,82413.56932281143,50712.75385622555,63540.08103569453,137867.2036394757,51416.54916581612,7138.604976209096,29607.67051754989,77186.50470237761,51632.30757682439,53504.45383303377,2989.532215875283,60260.44149351322,33911.8119188039,18931.39655157534,25111.04122260397,76114.90724197768
8012,28433.00346412618,21606.33508767021,105954.9557797318,67433.60525310705,85813.33984420139,53143.06617018866,19959.37917186777,26781.44233469422,35463.51351386011,155221.7029356616,125124.2915739808,69920.85103993546,61638.75944783306,46267.7165362345,164256.3882306988,85120.9491119171,55503.63826064804,62203.23362154029,139568.8966630806,53877.47187659796,8386.997170576016,28778.99304446873,77203.80204541209,51632.86331043282,54673.62599789853,3210.22972465531,61480.81756168958,32988.70485061493,18931.39655157534,25454.63843489395,76113.42753594164
8013,28205.44357779547,21544.85265478389,103518.7168624304,66392.06089920456,85485.83237926329,54010.48556742316,19908.86425047857,25166.78627040147,34828.22126161955,149840.600529967,122209.554057056,66518.81509722961,62961.75871867112,44443.9429157618,164189.1586189448,86478.99506868162,61717.86108973534,59331.07951728343,139568.9810808547,55036.88721040673,8832.679393238592,30506.05885413307,78442.1107531806,48565.97092380135,52523.63244743067,3221.665271367149,60031.50337786761,32641.79944109512,18516.03425612878,24824.69687086684,75954.16978803359
8014,26934.08358604505,20859.29092234877,100648.6539418989,63563.39997094349,83908.21317189035,55289.25576653937,18026.96958472145,22582.340198382,34112.8646320668,148648.4880123072,116757.9543375734,63714.47710598463,63468.70577911475,40681.87486908428,161946.510534651,85790.38320705424,58757.1302837219,54507.7731839511,136007.2163514353,55036.88363737904,9174.71846469075,30677.27460366026,73531.6247829489,43104.96750886534,48272.92235935028,3003.823886572324,56727.03616160204,32646.18398472922,18213.95258537971,24536.90193326781,76168.39852897594
8015,24937.42021801057,19840.84517434064,92441.37721122615,58887.35962055415,80807.68553876458,53887.98690294667,16154.79988346923,21156.11729178425,32209.36628170082,152993.7381391766,114801.2368231822,61379.80991159017,60225.0008879822,36956.43472951718,156570.405531174,82973.35693908588,56107.55244739613,49293.11962410484,132439.7437201556,51417.00337236545,9074.47437872513,29031.37274480682,66197.03807238197,39516.91485864861,46043.06535895302,2661.60634250777,53205.93357042326,30773.27485416353,17737.91436921388,24262.60837258,76629.265871601
8016,23626.4477246499,19165.95212611903,85627.93393064305,57724.54879989331,77987.42608502627,51570.09117630807,15282.0500077251,18593.70161122377,28208.29248370243,161338.7101666055,143188.9972386442,61131.83270758551,49982.58906586804,33481.09608500615,153635.0827829433,72492.23742076627,49159.51119481583,45675.9272257679,135486.0910373235,42925.91083439821,7586.941790296062,25076.00160556494,60139.12461846266,32127.99497272851,44073.09122838185,2558.426306110463,47014.17966452418,31787.61484975182,19275.27469859649,24117.25433470106,75441.55621025704
8017,22497.89930301427,18246.0471828898,83399.0943198977,56588.98827087734,77058.17750447907,49777.05160791454,14672.21213625174,17551.81755143707,27588.21770934423,160313.3763193028,134240.8182905155,60494.97132602902,46547.45143416488,31631.27714129954,150682.5041826367,72182.95519065067,45658.98152502597,41304.56037050154,129084.5032983884,40395.39284166868,6736.066004476867,23520.23786199624,56257.77023519247,30086.29557151722,42040.57092316514,2350.755382201761,45446.56449568306,30090.66496965622,19079.56760577227,24690.88802935317,74657.82848315185
8018,22049.62539284272,17979.17717691237,79077.77487739458,54899.19562127399,76876.5533586944,49380.2289291926,13922.24831400716,17163.16357935078,26130.66704977601,154645.62729349,127556.1568804193,59249.64513880049,45066.73135058493,31358.30718523457,148702.3092404439,72473.37907253277,43976.44605282156,40681.53467003586,122238.6509324791,37192.42091643039,6083.854484039447,22461.10918948655,53680.77206406776,29437.86614424105,41039.35297984382,2245.949988620176,44047.60311598107,29976.1743215497,18771.96654068955,24489.9350858876,73552.71922660034
8019,21888.78370648006,17753.85164825244,76271.58238074649,54931.18770199744,76831.26898445762,49511.46860300704,14095.51804735957,16787.28289232913,25169.88042383339,151076.2409049963,122229.3156300924,58223.43584012601,43205.85160693003,31098.30494071632,147022.001735463,71984.05131798325,42354.96818149912,39194.75828476952,115075.1071018382,35323.6812229732,5550.706304368411,21706.37976956052,51049.16300261205,28459.24581931801,40230.29360566764,2144.113907062052,44061.88760953673,29872.17287077746,18831.82595410713,24690.83629554375,73235.48846046049
8020,21431.9275716533,17491.47396576597,74841.0914661243,54616.88736640682,77820.41570205278,49504.61315332284,14257.07569968356,17143.01986231167,25151.92977164671,149599.4164175457,117774.1997342374,58218.67097010685,42696.93546164635,32419.22640438363,144672.8732714238,71827.94282620729,42190.48100265613,38663.8534191576,111515.8793461908,34392.90921577306,5172.008348696631,21170.94555579095,49757.81934139725,28468.73966555238,39663.29326045911,2046.259864479362,43364.91750777968,29473.57482160638,18794.87399027934,24882.13640226891,73231.94392505146
8021,21866.22221363911,17619.92893743705,74740.37946268437,54617.03671002598,79096.67359973406,50201.85551888881,14773.32881165563,18567.50268550475,26410.87631936065,149471.263114263,114769.4426237764,58220.27677818204,42532.16295390936,35245.81014157557,147408.5992888403,71658.7688762107,42994.68535403955,36978.12208583472,107130.7427573183,33615.47817780138,4960.470031233915,20619.71969901866,49724.28012093958,29439.15298691101,40844.54296665953,2029.060394972242,44080.62921116102,30488.7457873367,19319.50043324784,25169.18080030003,73010.71592339364
8022,22791.3223622046,18010.37371808327,78031.32436411208,54726.77890029703,81029.51098800424,51868.75278986397,16903.3074401072,22995.00261124374,28416.20428954603,151444.0505533111,117771.4086059706,61084.71223736081,44223.58777513606,37721.08355784219,152697.6379224269,72819.76258900415,42926.50942475409,38637.67880292504,104416.4751348891,35457.35129699796,5229.004810535161,22137.01634560657,54196.41526149194,35553.75929467075,44036.22507127924,2047.083220152435,46956.06530145062,32102.7909053037,19654.0295646327,25264.66240776921,73193.38845945772
8023,23894.48163044466,19202.05020277181,94913.47682773416,55944.79479186064,82589.95341338497,51149.06972290677,18018.08662512084,24302.88770545537,29251.6377821016,146073.5355511217,109097.2085884663,66366.43148190614,48562.19271145535,39445.22530927374,155393.5498886197,74002.9245558766,47376.2882377443,49214.78645989685,101245.6498740801,39379.88165710539,5623.04764963158,23957.93292116061,54959.50960584164,40907.70104552122,49195.62403904293,2267.4735654129,51628.73777013781,33346.71491754034,19944.62750730669,24729.25545725845,73110.9458016548
8024,25217.5474877974,19732.81268421419,91996.2356811949,57725.63557499357,82221.11832179634,49588.16676182023,18479.4582869618,23468.54925714414,30722.29839441041,125735.2947991565,102829.9763052276,62445.11489001039,53197.88263607019,42225.97517320424,155592.7892993205,80041.23418404695,50362.5334256253,47793.57063251708,98227.91354567494,41153.64041472771,6008.218570009346,25511.53745701822,60989.88773144971,47129.07001671059,54355.97433553885,2557.664070731581,52954.5533599297,33067.32554579687,19074.1333403902,23936.61676396368,73646.18095993222
8025,26206.88739026566,20588.30501643052,92834.71685873678,60832.18982807556,83102.61810039956,50795.02435055629,18528.92024842035,23553.94006845533,33417.92001177005,124703.8379524513,107375.0591763534,58183.9888323419,56763.5404199238,44628.86581460098,155592.789285134,81483.71956742484,51895.77549270982,48377.73673704702,101386.9410890045,44337.82954645795,6997.491495390726,27174.79997555089,69086.18156490613,49043.77874245533,57440.40703775113,2867.563863891211,53855.96673007597,33775.55221143014,18373.62143496912,23098.36247837834,73777.83895315614
8026,26808.95291948089,21187.15846653604,93779.32467520883,58976.19661614457,83717.09594588255,52009.63626443661,18670.04591423667,24688.13448991464,36285.42164725327,128316.7298630151,115379.5923013449,56872.80753931868,58800.17270559018,46213.2279710236,154501.528890056,80754.59956540394,53390.74254601621,48374.02912163061,109553.4499678641,46491.66451579946,7912.624426738864,29133.96252473534,75427.2819394337,47078.63751006074,58672.37086242766,3050.43411313791,54137.51346427079,33032.55917327757,17815.2194624319,22682.04255953668,74408.35172300058
8027,27102.11177086273,21371.63789844045,98554.65775103144,57724.548484115,85568.28490636521,51690.70989982782,19177.74826745534,25997.13992336486,37013.68719914254,128945.0355385388,114485.3866128171,57046.9023872714,60812.42084144084,44209.40985261482,152859.8631705642,81381.79308316103,54396.49247343766,52551.4211014265,116843.5310329509,48616.09019441644,7848.482217923714,30257.26004050667,84251.06728758424,45075.51836092694,56787.32722406195,3102.457422839617,54548.11124111738,33346.85957097901,17831.59531876187,22776.75733265938,74227.57087250412
8028,26816.92779938697,20880.84791698306,89766.7893097937,57725.01880192686,84059.13499709574,50862.63794434398,18255.03062368758,24312.01697627903,36527.89512481572,125367.5925718838,109104.0900833801,51088.94457570341,56735.14736701764,42503.34193052539,145165.7563619624,84302.32684572313,53205.98961498556,49710.76547710544,120394.8262627205,48649.84463375179,7562.080438080563,30286.95849116167,78415.86510261359,42836.50521444657,51602.50847865721,3048.072502355317,53946.95429226223,32898.73133616046,18427.56956855649,23161.19821550002,74267.3099205659
8029,26522.83676217876,20207.84986330385,76793.59141323653,55166.0576398896,83044.16206917298,50476.80647511525,18390.3142812798,23180.05795817499,36485.18246592771,129131.1962045813,104549.8618116454,49635.57717678067,54048.58012712218,41387.20424062439,146267.864186265,83020.94028711853,54413.34217231107,45675.8650278745,122055.7661263048,46837.28329273993,7633.888762063412,28948.83296118243,75598.50648597181,42321.49388206312,50988.29455881252,2799.753687931587,53606.08588019627,32680.52009050603,18733.43630603797,22778.97576843658,73468.80712400927
8030,26088.27602695387,20022.34664579518,80464.63683263391,54078.9409619837,83392.97015519463,50093.41442249753,17621.91357344396,23346.6591254239,35954.85761821672,129458.400698964,99237.16444078751,50449.5586127083,54642.35432938807,38138.22427370484,150678.8274121996,80924.50431168497,54464.01148553526,44865.65825506416,125720.7440690152,47192.89585007608,7848.973289290746,28708.74405774349,77029.7128385332,42535.14929525758,50954.31902703259,2770.339390087937,54284.33289612022,32496.74981836029,18846.74042829008,22778.77576220881,73071.4510469543
8031,25802.32914495871,19978.75274627138,84903.78877115177,53490.11813617562,83880.64711926044,50215.34124040785,18253.81012109127,23931.39244394648,35225.44346694261,130826.4076707187,98249.95276358945,52946.94804485504,54594.70025522108,37706.63818913009,155634.5810829769,80791.48563423046,56077.4819017608,44055.22453549887,123945.3306904403,48615.35111509684,7914.478186181809,27790.53439084574,78307.66124232567,43159.13642921747,52832.22186916675,2708.700335233595,55678.7293827551,31964.78636377287,18771.23706405554,23353.00724246204,73327.10519143351
8032,26523.54037992101,20540.3137264308,89872.87428284957,54618.18199578585,84273.68529515457,51415.78576106967,19344.41667949836,25534.59009045032,35329.04049499097,134292.1327535399,104614.1685256417,56871.49954371419,56079.35395486612,41294.77422449976,156682.5116441528,79267.9376461293,56757.54620339326,46213.93325631712,125721.2276916951,48980.59229051325,7976.811303704565,29017.53541560071,79607.3113221648,46398.94777357012,56519.68142626598,2771.038690085815,56968.0012731609,34208.51332959337,18745.75077271233,24394.29713511659,72377.27281480643
8033,27364.71823154498,21238.0937757989,98280.35231446449,58284.87807299638,86579.07657923613,53373.54092556776,20389.84564892903,28831.36329456281,36995.61706036719,139553.8302400332,110896.7977911722,59876.95141286025,59794.15416697471,47280.49808101008,161582.7678195864,80570.58453602933,59418.6360182504,52180.24344550319,126534.2851307034,52514.26845216601,8443.044674275365,30522.62958069046,82201.35375717464,49369.99912755903,59281.56619895098,2869.657775195902,58641.79959842766,34793.57832467231,19072.34856660975,25743.32062074214,72337.6084434242
8034,27985.61936711123,22112.49825044941,112010.2188988258,64073.13292108552,88033.58148028792,54830.11265573471,21374.48142189004,28065.44570959307,38365.43686598487,142730.3778773917,115377.5503024879,62021.7560241675,62519.39513658455,50144.23189345223,167601.1582070864,86321.19439659655,58729.70282527093,55500.9830338767,131936.0445984885,53591.00797309103,8634.70081565703,31366.43639166241,79766.37189867023,51666.40564989339,57790.23788516918,2967.171984059843,59840.53440895415,35199.68050349886,18452.96325402751,25556.89095490352,72777.58231582827
8035,28260.66645214682,22516.24835137269,111464.3555589388,68476.45873662525,87636.36591901311,55515.29592981003,20930.13423002356,28032.30031757602,38260.56020670856,142149.7671445817,113651.2751681731,68669.26715911838,61309.77255253302,50996.45514228847,161697.5808739101,85063.91875227162,61487.2578649223,61878.51055889759,135488.190051692,54662.8025077453,9166.48613065826,32116.57672540717,75748.30339313184,50065.11817228548,57119.81133664067,2998.617996604936,62977.82167452649,35164.0913495005,19179.19351278376,26106.571413166,73930.55705628048
8036,28260.66645382519,22145.14429797887,107286.1571426998,65917.29053630622,87753.84242577055,54593.51990800178,20410.14558947628,26936.27119489402,37431.25948751401,141570.4454642776,113458.4289084061,70679.75087081801,59302.41569208904,51526.65164764386,158221.5530893767,83504.25308698814,59872.11421994573,62956.37204221588,134599.3802601874,54661.27077642998,9155.70190866513,32221.78863515153,77011.89279803616,47736.52591302009,54983.85278523393,3263.461597789062,61518.53772432974,34599.46137710188,18749.13092993877,25371.85762719128,75765.42856708448
8037,27969.77709369456,22139.83393938997,107338.5499147048,65352.44532139926,86255.3513497668,53867.72745377521,19319.37062948683,25248.42769217566,36483.47304727118,142640.8961492824,110315.5840260543,67422.58946344677,58614.41148835186,49980.55613387943,157229.7027495081,81502.6150391576,58146.63921318701,60833.02050166413,136373.8324431852,53840.65531741408,8897.078555190237,31084.32937931793,78820.47258376419,45120.13703103814,52827.73866889891,3296.131539290564,58895.88247352067,33597.20451430081,18520.50602270923,24978.31746462155,75967.81577520758
8038,26934.73684193914,21626.20506477106,104308.487823139,63837.57572488931,84991.62902559951,56288.96889840743,18009.23057934129,22617.56971979565,34619.95477207722,142660.876463122,103721.3112319874,63853.86499438102,56734.67669301063,45129.21164172119,154454.7045236918,78575.92826442713,53554.47750746229,56270.3299625116,139068.6017032103,52139.95803921259,8635.208205925703,29679.70001601716,70971.61212380948,39939.25765352682,49147.49031888432,3208.210574885275,54829.604597807,33963.63107496638,18355.84893017355,25064.69987641902,75381.26180321015
8039,25227.47745257591,20446.83892462278,97821.27294691268,60314.60331426051,82495.57421984038,54292.27891246299,16235.27970493333,20935.0974630846,32235.87784558135,131906.9559336855,91265.58623040808,59945.66698858757,53519.98872364027,38142.36301823021,150558.7460903266,75652.02479114536,50972.29579287989,50557.88007185363,141518.1570560359,47293.25818640659,8111.066693168942,26992.45749193939,64039.77261747669,36376.44270293379,46377.66736589411,2842.221649276604,52311.80771822612,34025.02167045536,19117.17373563441,24985.95929251043,75585.69431439615
8040,23630.52335960342,19294.72617618572,86442.76956162465,57778.14859524767,78515.71551502538,50981.23761831415,15558.93125010151,18593.75996097068,28723.07299834882,162836.0546018434,137119.4637791716,62101.84584080412,49724.84370088523,33130.80161082887,154159.7812875159,71281.4863503987,49444.07500446032,45351.62754856319,129338.8942373793,42770.24008621051,7622.15180990158,25384.0469468222,59679.50739164163,32142.81853917206,43661.15956189855,2619.839787617213,46588.47655868671,31662.08483509992,19397.99312173888,24201.63187339829,75253.21269521114
8041,22499.72440066059,18313.67286769397,84278.0902034354,56628.68115760845,77651.82019794831,49054.26190733675,14971.46897611155,17538.84021099686,28048.06959327723,161850.4910888938,129009.2895866812,61542.79516615051,46257.37808654258,31254.17380910864,151029.1583557968,70949.60496842607,46050.72005552774,41100.44253267828,123240.237961634,40150.74604467922,6754.284757711467,23722.93367272202,55695.02261525335,30058.89223185422,41607.87642096308,2404.301179115622,45065.59730516805,29891.13770039844,19181.72262913448,24798.36445388755,74374.49299670341
8042,22050.5565482005,18029.06334990805,80081.16595988248,54918.19406559556,77482.96952408549,48627.79744055018,14249.02212091447,17145.32353588473,26461.40343790729,156402.5809715291,122950.6525424326,60449.62094441898,44762.72298833206,30977.24778327858,148929.5550820145,71261.25002879984,44419.69829312621,40494.54565647812,116718.3402392538,36835.15378354558,6089.049127458458,22592.0854291126,53049.55173893104,29397.05183500732,40596.4307206927,2295.525197043299,43706.55887279766,29771.65456916831,18841.80120415667,24589.31960587902,73135.43861703793
8043,21889.39411333585,17788.75987398206,77355.75362275692,54950.57794484658,77440.86996142926,48768.84043157777,14415.93440421188,16764.73996072758,25415.50660275592,152971.6428459883,118122.6746168315,59548.79225959964,42884.33055828812,30713.47740605729,147147.9228481136,70736.16725454295,42847.86474841383,39048.6451635005,109893.7846257142,34900.70696030682,5545.254431707226,21786.24902691106,50348.0189214249,28398.19145488812,39779.10654993389,2189.831020404773,43720.4357217306,29663.11802757081,18907.95018547363,24798.31063687873,72779.75779378909
8044,21431.62692165429,17508.94129558183,75966.4413815211,54632.42845640527,78360.45083044651,48761.4728947637,14571.56433513996,17124.92778767949,25395.96581211206,151552.100973172,114084.7842066633,59544.60955379276,42370.62501762246,32053.54257894381,144657.1388810714,70568.65196609935,42688.41362672229,38532.33644719341,106502.9841596416,33937.20789257054,5158.994199677159,21214.55754510554,49022.36332517894,28407.88165507809,39206.31411743852,2088.26974366196,43043.35544757558,29247.1386982123,18867.11559279532,24997.31395101148,72775.78364182507
8045,21866.78762864484,17645.93498811243,75868.62851337329,54632.57962899618,79546.9505940944,49510.79774335797,15068.87557358565,18567.23324342522,26766.43473239593,151428.9184408568,111361.4252178426,59546.01916680081,42204.30184049733,34921.09112641176,147557.8327369897,70387.11653065696,43467.99588230816,36892.9508677387,102325.3579412161,33132.44144652307,4943.231641779384,20626.00507915636,48987.93294337682,29398.36529245936,40399.63066180521,2070.418666319229,43738.64248373352,30306.57724385222,19446.86575727196,25295.91695489533,72527.7416290252
8046,22793.73260048719,18062.33360261676,79064.83898213657,54743.66580276544,81343.85317038331,51302.20860259597,17120.70302995053,23050.12850494395,28949.40243909125,153325.1860066315,114082.2544699908,62060.4824744076,43911.64461265329,37432.23792033367,153165.8072821328,71632.94367604269,43401.90727605071,38506.88144878935,99739.53299517932,35039.07703451496,5217.128832423171,22246.04643235916,53578.89594904517,35639.43532268616,43623.91680537823,2089.124292448739,46532.02063786164,31991.00446852757,19816.54464315736,25395.24338314653,72732.55504861506
8047,23899.09177529876,19333.22378160793,95461.01517338137,55976.59841190842,82794.55100525219,50528.76678119169,18194.57978582103,24374.37740156559,29858.84187366509,148162.9808908731,106220.4008425358,66696.88969347524,48291.08003674295,39181.36712881698,156024.2862477337,72902.55890261545,47715.44847726617,48793.19304685361,96718.75531240072,39099.52826843156,5619.04037215984,24190.2675309583,54362.26626202527,41104.10855314558,48836.0206602223,2317.86420196784,51071.346425524,33289.17107385639,20137.67638807771,24838.27684828504,72640.11990193946
8048,25224.7960742237,19899.26736282238,92627.75087642191,57779.24867979433,82451.65577240771,48851.26777546631,18639.02323267487,23529.60000141398,31459.77931228371,128613.6135746064,100540.1003236806,63254.67330272489,52970.39630751114,42002.41754677036,156235.5400541444,79382.08584933633,50610.26464593777,47411.05065758777,93843.8221945061,40935.65451217102,6011.902828500353,25849.0753852251,60552.87589584762,47454.14933725928,54049.08556192157,2619.048674688051,52359.3264705105,32997.59863959727,19175.71737283966,24013.72045061339,73240.22840983851
8049,26216.10890609172,20811.62639414132,93442.09520541919,60923.84807888743,83271.160420229,50148.27499220426,18686.67038237424,23616.05919279168,34394.18955721825,127622.1645592747,104659.5322234912,59514.16482425273,56569.61039544724,44440.13254448947,156235.5400391024,80929.97317002687,52096.56387692391,47979.15630339362,96853.36044315068,44231.80355424083,7020.930693520217,27624.96678214779,68864.29411203059,49408.45851816181,57165.02671662855,2940.689128418207,53235.01570057514,33736.70826147476,18401.60105097117,23141.71162754928,73387.8440525046
8050,26819.37506694039,21450.28711974338,94359.51117023037,59045.12501034006,83842.42256070796,51453.61576525152,18822.61799802248,24764.44425950679,37515.70561953958,131094.9207280574,111914.4338464427,58363.18156842046,58625.40936968133,46047.45637520896,155078.4752222833,80147.57660684842,53545.7599493379,47975.55062132103,104633.4194935124,46461.36994532827,7954.338051829944,29716.79526833238,75373.88210965312,47402.67377367274,58409.57544018045,3130.487480142691,53508.5277773421,32961.31624344688,17784.52648341648,22708.62748030417,74094.77832554522
8051,27113.11853207856,21647.02935746114,98997.3796323108,57778.14827560211,85563.41897379249,51110.86629723948,19311.69221411092,26089.82751266107,38308.48376122481,131698.8558760138,111103.9712998267,58516.00578577809,60656.59471555871,44014.59753602893,153337.8149238159,80820.59895074363,54520.71711740814,52038.09370634974,111578.5244348812,48660.49297974324,7888.914977612624,30916.15758920207,84432.12181622739,45358.12564425889,56505.27548674346,3184.481710879018,53907.40809460951,33289.32203505784,17802.62298908826,22807.15619558517,73892.08587388102
8052,26827.36585025337,21123.61534753836,90462.48222402734,57778.62435327147,84160.40629593897,50220.93917388623,18422.83005809421,24383.62089464361,37779.65833905407,128260.173668391,106226.6378794544,53285.98174824862,56540.95013632697,42283.80409534732,145179.7434632955,83954.5351644556,53366.663546227,49275.53612991248,114961.7677525245,48695.43426566504,7596.793997609442,30947.86708931553,78441.87408894468,43072.80470249207,51267.49218321549,3128.036398920907,53323.40669954978,32821.65270507974,18461.21764052683,23207.07761268775,73936.64150605285
8053,26532.68834033535,20405.88144249729,77862.7358981848,55188.32427257542,83216.81555203264,49806.28693595453,18553.15001498833,23237.49919987136,37733.16202702637,131877.7957993182,102098.9170537712,52010.18445794725,53829.09968847803,41151.49056458689,146348.309823436,82579.5181072133,54537.05093384558,45351.56706067436,116544.109780124,46819.14109314779,7670.03627279972,29519.12953873981,75549.65621622937,42547.14178488345,50647.00387453388,2870.30994054976,52992.26584098125,32593.92613237181,18799.22250806543,22809.46396257711,73041.35592104575
8054,26097.26100946591,20208.04736560467,81428.10516209835,54087.89396504239,83541.09226160293,49394.25633373089,17812.94274306186,23406.18482285282,37155.85894552383,132192.3087862688,97283.75842100232,52724.71494148616,54428.46188288884,37855.42412851936,151025.2598713184,80329.89623762186,54586.16891912429,44563.63527494693,120035.6561967788,47187.25741467257,7889.415855257552,29262.78286263601,77018.8907566854,42765.2160694684,50612.68127198523,2839.781271885203,53651.157340529,32402.14236744323,18924.43175817463,22809.25590256683,72595.83817278432
8055,25810.74389573457,20161.5556713566,85739.46992914945,53491.8599822554,83994.4713189642,49525.29081884285,18421.654337031,23998.23412083662,36361.83045706133,133507.2539237663,96388.99997759733,54916.97731968553,54380.35933758409,37417.58319932787,156279.8519367335,80187.15792871454,56150.24017071403,43775.4827819039,118344.2576899001,48659.72791350798,7956.228829273649,28282.39604465289,78330.79517383147,43402.10865175327,52509.76748370585,2775.807000173967,55005.76115075191,31846.98209623097,18840.99507971476,23406.61034008377,72882.47896012604
8056,26533.39336122344,20760.44500395581,90565.51339337717,54633.73894076694,84359.86745375035,50815.40592531752,19472.24538557031,25621.49041746785,36474.6045120296,136838.5515265207,102157.2013879671,58362.0333816308,55878.98507100869,41057.7209886167,157390.9740742867,78552.28478516644,56809.48313712921,45874.84219772293,120036.116933804,49037.81140687733,8019.806686182817,29592.48422351712,79664.97789625205,46708.92653456089,56234.89560274125,2840.507065104736,56258.24036444513,34188.54909698905,18812.83088441702,24489.83053874726,71817.52184459133
8057,27376.24867931745,21504.60822546111,98730.97045979218,58345.34007234678,86503.12252676369,52919.40112794892,20479.31645872775,28959.51169875585,38288.81289940634,141896.1599069604,107851.4569483059,61000.28393935577,59628.74516235412,47130.19410322262,162586.7220731775,79950.11565918988,59389.09912231294,51677.12082502052,120810.6994366401,52695.73586216484,8495.35034096009,31199.49679643282,82327.94591487804,49741.4258698187,59024.99389912983,2942.862368275017,57884.27256596255,34799.1264562867,19173.74506872379,25893.17604167513,71773.04994030997
8058,27998.38800825045,22437.13653627167,112065.603711361,64204.48214238821,87855.3333334182,54484.77558750015,21427.82490218998,28184.01121993841,39779.97666120169,144949.4965901904,111912.5830825581,62883.03974725385,62379.63329728873,50035.43113057539,168968.0292320077,86120.92070995945,58721.2588008734,54906.5634335131,125956.8406162588,53810.33483654403,8690.833692616294,32100.44252182069,79828.26482731437,52085.32721070645,57518.43119644564,3044.070936581418,59048.79840732122,35222.93714063548,18489.27949963781,25699.2392896803,72266.35098752206
8059,28273.98358878187,22867.72490872263,111535.4538079992,68661.73432133226,87486.05360521738,55221.14055678756,20999.7812794739,28150.45112432992,39665.80962030357,144391.4064081588,110347.9751187905,68718.36858392923,61158.62698947124,50900.00538930466,162708.4585040686,84771.77634365311,61394.38656251206,61108.75381250153,129340.8939236564,54919.81495300202,9233.238308448417,32901.37908495399,75703.43333555188,50450.92152973996,56841.15602935581,3076.708292159768,62096.55514254099,35185.79608476864,19291.81646208967,26271.05409303213,73559.07240246962
8060,28273.9835904636,22471.95264762501,107477.5306526283,66071.2246668115,87595.26808902601,54230.50987785766,20498.87157295333,27040.70886730716,38763.04622396323,143834.5552792601,110173.1890792906,70483.21460530172,59132.37895065444,51437.88586982945,159022.8217212161,83098.14641601036,59828.69331093985,62156.98168693901,128494.1437682325,54918.22936417585,9222.238734706478,33013.71548602536,77000.59722482426,48074.16877895751,54683.3779879341,3351.585584538319,60678.91559878089,34596.54483845041,18816.56620263105,25506.75510307896,75616.34010528446
8061,27982.51414236801,22466.2892963176,107528.4152257178,65499.46194236688,86202.16461774694,53450.50231128824,19448.11830166409,25331.74765501342,37731.3011814291,144863.485651868,107324.6743587417,67624.00797889859,58437.89995890612,49869.38326847144,157971.161515285,80950.24932772701,58156.04668149546,60092.00737763924,130184.6265645597,54068.76008102644,8958.450892640103,31799.23245386578,78857.23228349807,45403.66712817523,52505.23848613384,3385.493238043814,58131.10453521401,33550.58352855451,18563.91914424069,25097.36799955667,75843.25772010529
8062,26945.40982614139,21918.51823530678,104585.5776917729,63966.04013968513,85027.31881137408,56052.6052076556,18186.04867774203,22667.97330471964,35702.70522302894,144882.690975431,101347.9609578697,64491.30456829467,56540.47503282026,44947.72973006421,155028.8272857007,77809.7105032508,53704.48188405862,55654.75873336291,132751.8758360773,52308.26424598527,8691.35121503745,30299.48772063424,70799.82192450474,40115.63558766997,48787.39523893695,3294.241357571778,54180.86831713521,33932.98849837761,18381.96114772861,25187.22882883042,75185.61028515264
8063,25234.74584121522,20660.75670001817,98285.10633124784,60399.92282031299,82706.80942023444,53906.76683738808,16477.18593999767,20964.45054159099,33107.43750712665,134545.8902125834,90058.72545619347,61060.60395573946,53295.53372631837,37859.62285459848,150897.9374894897,74672.15835515378,51201.35809229621,50099.36103209203,135085.5150416193,47291.14861116557,8156.743041684941,27430.27686138599,63683.79842909804,36479.13366224394,45989.2776712286,2914.38681526058,51734.92322250966,33997.05609427658,19223.28012259505,25105.31754596289,75414.8211046525
8064,23262.82017593569,19068.87109240677,86716.2551795912,56730.72193288928,78944.1429104634,50912.11459416537,15521.54129493647,19499.50821372965,28758.1047056706,135923.7848407501,100242.7893135924,57527.15086380841,52218.85891212527,33793.73819871905,154227.7176077064,76886.49222653694,50451.5422087798,42762.61920700683,115078.5093095316,45713.27335975759,8335.220027567175,28486.45564291109,62246.48041457668,32229.86741207891,41651.01176872592,2466.837935417768,46664.82148131614,29839.0446460006,18641.18685164114,24418.95757039221,73842.16878446935
8065,22408.35223267505,18395.86526193205,83989.8617141681,56446.96581010351,78767.88118307729,49499.99348706775,14894.8818093965,18626.57986475803,28771.45204519937,135606.9201046113,94183.79654693694,55065.30309428013,49329.85361361002,32725.26722504242,152282.5227228456,75964.55721159134,48555.34017808598,40700.33093180866,111167.2070597185,40638.04111015279,7352.21075395739,26723.66927973271,56854.54164064465,30113.77218872738,40006.2467629068,2340.681983362003,45226.76797390566,29382.91288479562,18285.23301519268,24268.75270580062,73214.0342711064
8066,21796.98192008218,18068.97302679158,82354.44941801221,55874.77696345461,78803.54809593297,48781.7915343389,14777.54976967094,17928.12276808152,27721.85712835203,133341.1914251145,91313.11972530479,54162.86852734853,46918.47613117397,31483.72534466096,150237.5056228039,73819.39982263066,48289.24335567091,38795.74674851699,106496.2383045816,38145.91149232924,6645.129483397928,25237.94736466108,52929.05648646575,29700.87643073053,39675.21920994944,2272.212819187132,43523.33902178684,29383.94236078413,18773.02160497094,23766.90446277969,72625.05289773995
8067,21431.59666090011,17821.84294358155,80751.08452145662,55224.24607318887,78515.15096999562,48523.34799875083,14338.84755936997,17580.24755182567,27027.39589633625,130912.9094876226,88780.77617372815,52661.14713048632,43552.16342954549,31043.38069317047,147330.1411772754,71353.20687541655,48048.96571959965,37877.46123953976,103391.0618154084,35628.75088418421,5323.190521564781,24227.45226060046,50330.48329551734,28848.01697801425,39022.94515292546,2157.029770497742,43019.4512148556,29466.59624892483,18838.93898163586,23874.71505834298,72203.95553103545
8068,21431.60054028608,17706.53922467308,77943.38046883092,54508.63863138064,78281.94245585342,48523.34801117396,14456.34198813144,17236.77420313626,26442.29578654307,129460.2006913275,89260.61920970655,52420.93431404704,42553.752621514,31043.61780734134,146045.179824552,71000.61729185129,45481.81813635906,37378.42520895009,95843.22631510993,33524.36769809356,4984.166513444675,23250.33303730921,48365.93417632302,29277.73579711378,39016.26397725541,2088.820464892794,43009.33643084751,29293.11026452108,18548.90252492478,23738.53422254041,72048.19514442798
8069,21667.09696792906,17754.41102595799,79100.34370897677,54508.6951733451,78943.47547262059,48793.65392256627,15733.138554737,19198.67157654037,26691.64496789185,131253.1048005717,93440.40067097031,54830.9343295067,42107.70912489869,34830.34705511823,148073.6940051746,70293.32710169448,44577.13210384213,36743.99191552943,94539.87468416453,33089.31112452271,4864.293560288084,22212.22929045561,48367.58009395345,31465.12226256345,41836.89245992505,2085.451299286097,44274.75724255928,29742.94026981584,18812.57203158439,24427.87919140716,72077.88736109759
8070,22676.76114520018,18288.89351296533,86489.8348314889,55974.71602224381,81413.61706475158,49566.66140944681,17438.71837907921,24859.75220854254,27167.73071277562,137756.8834763472,97693.29793108127,60856.99516652701,43872.13638172363,38700.06271325176,150397.3391272393,70294.36395522716,43349.14572197926,38451.42791767343,93545.756175751,34767.86695212126,5036.880109121095,21774.46518243321,51597.95940663025,37550.10643765465,47954.71198150055,2085.484799359311,45884.10959987249,31321.71570303343,19484.92927786787,24347.60734870229,72049.77288035599
8071,24122.18044862946,19150.63060627048,91313.81318370209,60063.83468085465,82991.59474014906,49054.1772748989,18179.17763333626,25567.99257245017,28733.33079733611,148160.6723778748,111630.0848574062,59576.83166557307,44515.12963045447,41972.92728401751,149606.9865493874,71000.00446255796,45244.60401438388,43303.86881896966,96422.5118526832,38135.24968699777,4984.903518252636,21490.40353422394,54297.61517286514,41678.83887225643,50891.08924494253,2303.869843105923,48120.47605252319,32287.62094918045,20434.13950430043,24584.92893944949,72309.42382378624
8072,25945.28616364143,20273.81679304652,92874.67364229023,59266.81338587441,81777.90330751841,49611.1212711007,18609.06268297767,24550.32559974384,31740.52400582254,153044.1171348362,125560.0323870236,59001.27966707721,47766.84856441348,45094.82771044339,154312.1547029779,71001.73868807245,47070.37520334366,50690.50135494505,109081.4440587696,38981.59862230893,5342.747910706696,23020.73188578401,61651.19983505113,46525.20660058231,56112.90951400973,2665.367263124956,51630.58108691837,31244.97004978805,20355.03865414606,23559.06648702803,72961.25667126042
8073,27283.36549551005,21670.62624799933,99494.85551652941,59317.44372993142,82456.51370570692,51725.57477742702,19865.15332373058,24908.70691130661,36995.19263808023,157111.4988898811,131732.3557527108,59693.91101293726,54932.47229317862,47117.90739621573,158100.2117021345,75926.2912181656,51365.33047568543,55538.56984690023,134263.4925224083,47884.89875770378,6952.07723471053,26392.22381016558,72791.76453113889,48628.41876269593,58742.83846550361,3027.440344775978,54395.09481156376,32847.51942792389,19643.13098124914,22928.03878260846,73172.63017303149
8074,27773.12752641098,22360.7290579017,100517.2428935,56734.86679049848,82317.07596980267,53834.3872772321,20728.99419009816,25275.33666549879,39440.04444218192,162154.0733962839,130135.2008850443,57265.69546643679,59493.27886396646,48804.32553514147,161820.8578824716,78385.30479336964,54769.92522620719,57060.16043682865,140681.4905545327,52010.42394474543,7976.100014846562,28689.64890198577,79350.85569218588,49851.06820391519,60761.95757532161,3094.059848558476,56226.93528498755,33267.84184384098,19076.2415413165,23250.75958334313,73325.75206167829
8075,28268.14583300868,22905.17914012107,105800.8342647611,56741.27788131857,83147.64135324571,54893.39223380427,21393.01461758169,26804.28428693376,40511.86606909616,163624.0265319604,123844.8670725372,60587.96700099506,62811.47162021464,46428.96994755885,165024.1260196072,82982.45998652406,57084.60879057859,58947.75715773975,146433.5633270399,53212.64704598608,8454.89819925252,30946.52635906906,87296.32193035842,47961.483223828,56777.62157451754,3182.008893241194,56404.73972344183,34124.39764097159,18733.47118143002,23244.82881103934,73661.72402916875
8076,28275.57764394915,22527.45893218119,100845.2914348855,57675.86088944902,81726.21104546485,54886.89469608977,19452.69335139478,24643.49873098686,40840.45775413305,152745.1307211445,131905.7645445163,53859.71379650964,60452.12833424086,42874.54356527019,163482.0149539632,85126.71282095481,57181.95734612815,58238.05560824875,137317.4184447892,51263.89046250068,8454.907212289387,32307.76078734376,82642.22552708736,45040.70515462427,50877.49650716057,3050.355940234946,57694.25475138154,32734.4861933291,18733.47118143002,23708.11804922211,73745.88786270577
8077,27533.08259778154,22192.59727365445,99855.85527339198,54491.00993766475,80029.73257314999,54364.01123000972,19429.55160433925,23861.00671141,41166.35265984842,141704.9496184645,135033.7234031629,55578.13391053664,60046.03579688934,43321.37554023377,164253.0907251232,86068.45154636532,59346.62935282901,56049.52354436067,131679.7058658984,49914.16746658026,8958.649890175095,33564.61254520269,83452.78729414816,44817.31446985726,51536.49893910676,2847.961677870817,58147.17590262285,32664.06590957706,19076.2415413165,24031.36848200857,73820.70880996753
8078,27049.78826600911,22434.04178343239,103577.1717562836,53767.94381663285,79555.46624674123,54354.42190550198,19880.31269798366,24210.37553932482,41464.14564189389,152594.3695481677,132971.2877487967,58027.12210374314,61367.07181353756,44583.606736336,167327.2731456899,85186.4624536295,59356.36610061714,55208.01749319087,141471.4287616791,52011.46599488371,8994.958340323261,33895.23266003402,84661.81444289375,46505.62706194342,52202.73866900774,2788.656739513094,59590.13159801376,32621.70188508837,19181.70934459484,24348.18837846354,73722.507817613
8079,27047.46004145149,22405.32360614549,108670.4695831644,55246.21574675415,80010.74317446986,54651.87672365853,19880.29508826486,24560.47859704119,41341.03390917776,160399.335067583,131776.1696946266,61216.28928743005,61367.05382985943,45452.29043110704,168880.3028987514,84448.36747085654,59367.18628366878,54593.08382978293,142477.5032750929,52014.20022726494,8813.968548888506,33462.16579497983,86039.55857372779,47760.74975337042,54191.2900149719,2776.715718292228,60261.56176804531,33011.7621156796,18997.14068808962,24821.97475512815,73721.31624726199
8080,27543.75415731503,22514.51994658718,110862.474480442,57478.09338351538,81642.35440217117,55151.72714278856,20302.83383826669,26472.90366580046,41335.80464100681,162681.9276966222,125200.007682127,64100.21915076062,61615.96340063681,47216.70444444106,168882.5771284666,83355.58744662441,59275.23877499081,55375.85353868258,142589.2442641516,52990.68150312478,8336.038236676732,33217.5667555247,86017.2681040684,50675.60503026563,57444.10786259982,2787.143732223111,61557.21039345255,33933.25607097285,18799.38855809493,25998.52653592584,73752.09828016255
8081,28022.80401548581,22634.91321525952,111669.4083259947,63406.77438054522,84590.96949505045,55424.22500762714,20945.07025959494,29095.75530517531,41003.56151142239,165615.2405440942,115261.3496767348,65407.32342060754,63292.97639040701,49678.15228918783,168108.2628304112,81830.62409175074,58479.28564025002,59420.99141602193,142477.4947404505,54113.93605098539,8335.217598479714,33028.64187426808,86039.55999024677,52678.99546926111,58108.66680376232,2913.816746149986,59408.82032043645,35697.1203919933,18865.30593475982,26082.14550940034,74144.75425720113
8082,28268.1522278978,22433.83027722141,112194.8949608582,68830.3935111591,86975.82220368693,55151.09548998337,20839.56111805499,29444.18778138714,39206.84331607288,166433.9662748857,114412.4423193579,65042.88445864301,60889.79695429304,50930.57861866405,165025.8263245512,81831.92465196496,53732.97713375396,60516.91953830283,130720.9238872361,54092.65408867742,8096.48960120125,32018.95568382886,82188.42084540962,51826.9431879761,55509.1132807344,3077.235758826665,58242.3697954864,34395.53138236832,19142.15891798139,26466.84863559479,74123.01457654324
8083,28268.17300471619,22055.77963061492,110121.3466599804,68216.59473641064,88100.98008717143,54361.64561997967,19669.03940238079,28398.85221644662,38686.53794116357,157831.3232624538,118950.4322789873,65887.26734516546,60400.73555370932,49704.12076774445,164253.3826849509,80870.67397523193,50328.41123030688,61023.70983910716,130814.4930237532,51594.02507167451,7127.596486855006,30748.2107712637,78103.6967229537,52613.45464317508,54170.9352509142,3182.651052095131,58439.22869321669,34117.0864804709,19063.05806475451,25613.21192714976,74260.95994709045
8084,28242.52091589964,22046.21250981278,106396.023524713,67403.94517523587,86405.62803411498,53264.46923937,20305.67568542282,27295.19704903537,37607.19484446138,160116.7054169814,118950.4294398338,69456.45120480514,61639.61843399984,45862.242534425,165795.5472627134,83704.99248277475,54815.70700112572,59798.91271825107,132692.0551378047,54163.95398277506,8454.00133573196,29841.94412852794,78122.44302859114,52614.03573487783,55490.2602247451,3419.888252105942,59528.36393131615,33086.3056864169,19063.05806475451,25995.77198639773,74260.0258912744
8085,28021.10574411127,21979.92869184241,104124.0856630879,66359.24718486823,86105.85641914248,54352.25014539082,20258.20027718711,25623.60700811161,36873.66241395602,154278.7357565978,116446.0407442725,66645.07242361568,63007.18603126021,44035.34918372037,165728.3990316162,85126.71203791077,60636.14712574008,57167.49342514166,132692.1482801118,55374.72544393237,8927.53446407524,31730.71531388269,79464.48229225648,49407.20121517676,53064.15030701906,3432.180810809964,58234.91088037533,32698.9362838751,18628.00337815168,25294.39702339714,74159.4953655795
8086,26784.07581094827,21240.82896941897,101447.5810854393,63522.02150541129,84661.84213478073,55955.88249465805,18489.54034352077,22948.03144076345,36047.68462923839,152985.4103029704,111761.9398154854,64327.62003432707,63531.21078975457,40266.84577835134,163488.4656465306,84405.81379091289,57863.03182951355,52748.46126969562,128762.277015226,55374.72171263793,9290.947728694044,31917.96201425522,74142.65508197679,43697.01251094989,48267.53596376854,3198.013780738444,55285.81036764802,32703.83225263587,18311.59996831666,24973.96704189245,74294.72601042278
8087,24841.32759743243,20142.84911721455,93793.8068136181,58831.82282244011,81823.89101807999,54198.63159748267,16730.02021740531,21471.51885116106,33849.83353553714,157699.5815814422,110080.6970980904,62398.29479438288,60178.23410868806,36535.03293545076,158118.8683551188,81456.70789905914,55381.35236999139,47970.88336608533,124826.1079397866,51594.49939723447,9184.439339506727,30117.95417000962,66193.66523268695,39945.23721313517,45751.30600456826,2830.149492658184,52143.37173006747,30612.46189341736,17812.99270613767,24668.56945112411,74585.64583591507
8088,23261.8613826357,19117.57681458754,87829.00372636084,56984.37222901137,78933.74953484876,51438.2062978905,15390.12610225872,19613.09592295163,29517.98619489194,139034.9978157153,101202.1133514274,58332.57601727809,52927.30209896375,34030.78479436937,154102.1086404836,77224.33012527223,50101.35807191199,42750.42135850991,120502.4566337112,46205.67067999096,8335.149753116366,28887.19975070694,62908.74810544505,33214.52845983231,42238.39842986733,2455.557817452589,46795.32760018671,30143.72184560283,18512.98923146037,24628.65409504601,75000.9236265566
8089,22407.83964337546,18485.14528193579,85167.26746726545,56710.16615682797,78745.17632610697,49954.12603970334,14773.66381809245,18709.10857767853,29531.25420589998,138746.1451273495,95018.3783612624,56049.70283609291,49912.51939091537,32980.46215650361,152202.8291300461,76293.32708313018,48185.89373022381,40749.33667905974,115993.976967923,41202.93781565635,7315.199790599627,27115.47049792686,57598.77419543442,31202.91832574597,40519.94124263404,2327.797384206948,45323.84694881173,29680.31754726629,18258.98374976112,24513.78250578941,73723.32000681727
8090,21796.78858896114,18177.96078527846,83570.63944476799,56157.23480632051,78783.33449182368,49199.32580757089,14658.24104243176,17985.80021295928,28487.89744699543,136680.715480127,92088.600196635,55212.87462269876,47396.15878044452,31760.00827900055,150206.0836590232,74127.07021836209,47917.09379935038,38901.27582561685,110609.844955862,38746.40811847089,6581.54698104364,25622.21128432441,53732.96179904793,30810.40985923554,40174.08230501123,2258.457413033161,43580.82227614269,29681.3634371575,18607.06533514377,24129.98597963699,72525.35250373704
8091,21431.5941343208,17945.72972543962,82005.2988085584,55528.5980794635,78474.79348160898,48927.71245437159,14226.67753326713,17625.54751455635,27797.56367289785,134467.1029011377,89504.1208895822,53820.32730724645,43883.28833746933,31327.14302826555,147367.3461300784,71636.62013332976,47674.37533552133,38010.24275062212,107030.5702882522,36265.20499714452,5209.930628310874,24606.58978131524,51173.89048431073,29999.66150580459,39492.58370954432,2141.80943913015,43065.22174073684,29765.33515387695,18654.10338698548,24212.43586889144,71668.85519540726
8092,21431.59801168095,17837.37745809255,79264.18026625624,54837.07500705561,78225.29588238616,48927.71246742779,14342.26005551797,17269.8533032049,27215.94104459642,133142.8190873692,89993.84290867689,53597.57779234411,42841.41013768587,31327.37611497314,146112.7156619821,71280.56252665972,45081.14973194512,37526.01687041113,98330.33167196166,34190.88279740106,4858.166373733105,23624.51348011368,49239.20520592995,30408.1623718191,39485.60318995117,2072.732631468943,43054.871841457,29589.08311946153,18447.13595932047,24108.28938150924,71352.04401960316
8093,21666.97146285781,17882.36315552115,80393.70578991676,54837.1296460527,78933.03547798845,49211.79268176093,15598.28018451531,19301.55544733988,27463.80824508653,134777.2236545931,94259.67749021042,55832.3725144413,42375.94743281497,35049.78650364531,148093.347756932,70566.31552655844,44167.27356914231,36910.41198196502,96827.98438448989,33762.04098063159,4733.788692503457,22581.14327136933,49240.82610335521,32487.54364564132,42432.60733425722,2069.320616018431,44349.70699931847,30046.08518707392,18635.2881666873,24635.47704840052,71412.43694928322
8094,22676.10839250247,18384.62266521236,87607.95300203076,56253.81033216029,81575.71085047163,50024.1912394655,17276.10627444669,25164.05866187004,27937.06442398903,140706.043560295,98600.13317480139,61420.34299876591,44217.19181759295,38853.77375081914,150362.144371715,70567.36257844126,42926.81285426987,38567.1755227962,95682.08391597451,35416.61873990582,4912.860903456971,22141.15831788809,52422.09922030557,38272.07342355053,48824.53012556926,2069.354542153491,45996.46829354551,31650.03252002984,19115.07629854222,24574.08786390816,71355.2530792707
8095,24120.77289654986,19194.40719602006,92317.52931814932,60205.30626839327,83263.90668280187,49485.59183542436,18004.51654149632,25897.49838477328,29493.35952769843,150190.0979552953,112823.8499352959,60233.24647718863,44888.17879316611,42071.04762538726,149590.4476801298,71279.94366966095,44841.5259025044,43275.60802580699,98998.06249408313,38735.89861638274,4858.931074582266,21855.65558072264,55080.71651655927,42196.94406014767,51892.46906817667,2290.517058457931,48284.81844707023,32631.33810082945,19792.42424681682,24755.58337251341,71883.37401218861
8096,25942.92658396429,20249.8785298345,93841.37352138046,59435.10939441076,81965.44165997709,50070.91669568206,18427.40636562871,24843.62258143532,32482.67979692249,154641.8276230511,127040.5864899439,59699.53670113876,48281.46644776856,45139.92153195188,154184.5526393949,71281.69495278136,46685.84394031086,50443.02364768361,113589.7597847892,39570.15750841775,5230.22296822845,23393.7475262089,62322.51660710197,46804.01576856,57348.24818560142,2656.612088032107,51876.51487268313,31572.06323874452,19735.97858592228,23971.03854043532,73209.17921422947
8097,27280.30716948974,21562.47688250419,100304.5558756317,59484.03573172064,82691.451453309,52293.11894860582,19663.05750214857,25214.7551844912,37706.11785408993,158349.6373619064,133339.9853235363,60341.81423896351,55759.05692535071,47128.63853458727,157883.1944047323,76254.68471060673,51024.42893291639,55147.21350360673,142616.6020459901,48346.27454066652,6900.029579174394,26782.34355390242,73293.7294415296,48803.37896013718,60096.00868185354,3023.290100638848,54705.28893102906,33200.16356695438,19227.96762252383,23488.44994073378,73639.10552019505
8098,27769.81344617641,22210.97464878056,101302.6970414748,56988.37758795697,82542.27430822437,54509.39273946465,20512.8416766884,25594.42971170848,40136.43893642864,162946.4291040515,131709.9483156932,58090.12824202424,60518.42541506278,48786.41229902203,161516.0165506769,78737.88480830396,54463.60879717209,56623.64706263896,150014.4996705682,52412.86685030131,7962.53430243161,29091.42384081231,79753.11342172677,49965.6584167754,62205.59256397099,3090.756887002597,56579.71001422116,33627.18757797398,18823.44037624665,23735.25587053737,73950.55008347672
8099,28264.57325372753,22722.60082549211,106460.9865215103,56994.57290813165,83430.85279743094,55622.36268338215,21166.05695373296,27177.77764970463,41201.8903032665,164286.4327920168,125290.1094424261,61170.8729902308,63981.08093481875,46451.40291824865,164643.6731092297,83380.25699359139,56801.80576040539,58455.22459940824,156644.7986029051,53597.91626736142,8459.325333145525,31359.750788523,87577.79767658883,48169.37427359751,58042.74205784396,3179.824488404691,56761.64746617679,34497.40024877522,18578.84250579276,23730.72021690254,74633.90530861577
8100,28272.00118376902,22367.65268209718,101622.9658172119,57897.70174028797,81910.13881081571,55615.53404283534,19257.30920895201,24940.11083463774,41528.52903788695,154369.2727454334,133516.9642464014,54931.75902597188,61519.01991175343,42957.34965342409,163137.9628214885,85545.60040675428,56900.14321804524,57766.58522985547,146136.8012130412,51676.9975536316,8459.334684884989,32727.89097093123,82994.4499213209,45392.81360723882,51878.26732029591,3046.497142052364,58081.13690345603,33085.32813732384,18578.84250579276,24085.02812310939,74805.09160086772
8101,27529.89386924482,22052.97922409907,100656.9944192799,54820.03962183076,80095.16517002656,55066.00537603648,19234.54403172476,24129.77756466434,41852.48702121262,144305.0856401858,136709.3213570516,56525.25121540708,61095.24749426977,43396.59203827946,163890.8377259811,86496.60194595925,59086.80475155756,55643.00336392496,139638.3229824976,50346.55526895293,8982.007602853364,33991.11893338935,83792.69003790997,45180.45314236994,52566.79574932713,2841.528781664238,58544.58607778478,33013.78507683938,18823.44037624665,24332.23909755438,74957.27478937316
8102,27046.85191424774,22279.86748339026,104290.0588099125,54121.308898312,79587.77241780912,55055.92739680388,19677.9701982686,24491.57701778094,42148.51010172135,154231.8394335218,134604.4243862125,58796.19970235659,62473.79690078943,44637.38381657613,166892.4555732061,85605.93772867536,59096.64040877674,54826.47112305841,150925.0456004612,52413.89401481648,9019.68049502423,34323.41633552489,84983.33831592291,46785.40299635953,53262.88573678319,2781.469589095663,60021.08286710276,32970.74560291406,18898.70125963188,24574.53221577559,74757.53740729176
8103,27044.5249054913,22252.88067279501,109262.5676117837,55549.82834521546,80074.8494049749,55368.53997734666,19677.95287510072,24854.13682476837,42026.13007075129,161346.816317219,133384.7013045774,61753.51669168034,62473.77813416346,45491.3126290953,168408.826818085,84860.58294421477,59107.57050718944,54229.78716401998,152084.7275161737,52416.58918885379,8831.889254447313,33888.15245485654,86340.13884651651,47978.55229216362,55340.5322945373,2769.37669914705,60708.12024009311,33367.0249301607,18766.99471315959,24936.86797769362,74755.11379489473
8104,27540.55985607939,22355.49376441828,111402.5884815496,57706.59026584589,81820.42497143206,55893.86187456141,20093.61594090501,26834.60642800456,42020.93188219041,163427.6190767074,126673.1496154118,64427.78689754213,62733.52437631571,47225.75748200076,168411.0473657196,83757.05448455187,59014.68896222286,54989.32621142414,152213.529113399,53379.12148883508,8335.99870985871,33642.31252640187,86318.18722256532,50749.4826121662,58739.08965029347,2779.937339021672,62033.88584856505,34303.21112917909,18625.88055763448,25836.65490050993,74817.72337265231
8105,28019.35955394306,22468.62874182806,112190.3856585302,63435.73652518766,84974.99413204513,56180.24574034489,20725.40168803314,29550.77974660158,41690.66340500236,166101.6159125039,116529.8750432005,65639.86561320449,64483.54877583129,49645.39681423958,167655.0103781761,82217.0917978908,58210.65024558197,58914.41443985306,152084.7176784627,54486.33041351692,8335.147232745761,33452.42919981612,86340.14024150242,52653.95291442038,59433.42354281944,2908.221410253403,59835.55706054812,36095.19839593748,18672.91860947618,25900.60385716417,75616.3718896571
8106,28264.57964527722,22279.66872850417,112703.4102264898,68676.81919936392,87526.42338621854,55893.19803386561,20621.60942461898,29911.60953240101,39904.62381689579,166847.9631749201,115663.4904259239,65301.921105528,61975.74312657988,50876.55026483972,164645.3332793065,82218.40515023815,53416.12700824645,59977.81813644058,138533.1542231848,54465.35246275149,8087.448031514709,32437.62071417307,82547.54369315681,51843.9718772298,56717.39941813289,3073.71882452458,58641.99272555968,34772.85693009773,18870.47842808835,26194.81176859297,75572.15413994002
8107,28264.60041124593,21924.41006798902,110679.0367208206,68083.67833782984,88730.17099255504,55063.51921877524,19470.13480856178,28829.08068179902,39387.41082272792,159005.8265223116,120294.9082834945,66084.9179545424,61465.3896653345,49670.92420952774,163891.1227942399,81247.69974281601,49976.97628410437,60469.56815937853,138641.009490405,52002.41620991023,7082.144702044323,31160.42911487248,78524.91297919284,52591.64825605902,55319.26555402082,3180.474814386575,58843.42755226709,34489.97251957501,18814.0327650013,25541.97934792888,75852.73019648212
8108,28238.9617179754,21915.41973150456,107042.0606967273,67298.37918007575,86916.40244885146,53910.43270372498,20096.4115446253,27686.1572035314,38314.48268917345,161089.1722026261,120294.9053858885,69394.62467676266,62758.20926892481,45894.30155922407,165396.885330972,84109.89622103251,54509.85564003808,59281.11997613697,140805.2376864897,54535.63384218068,8458.394766223379,30249.56484039587,78543.37431527575,52592.20065556605,56697.70166833185,3420.729253130511,59957.87942859527,33442.75701906799,18814.0327650013,25834.54831439611,75850.83035963796
8109,28017.66216940751,21853.13204439872,104824.0024958869,66288.84137788089,86595.69246737464,55053.6449677046,20049.70867124983,25955.09159515721,37585.3099321804,155767.3012631544,117738.9564679523,66787.63114078113,64185.31608192608,44098.43860132934,165331.3221010471,85545.59961600833,60389.4219157637,56727.79467434577,140805.3450497591,55729.10950635382,8949.722884350453,32147.918055965,79865.01274164756,49543.70796630442,54162.89212995775,3433.178151499008,58634.36043009253,33049.21142226997,18503.58162240752,25298.16051574705,75646.35478826003
8110,26781.27821449232,21158.59130036835,102210.9719952229,63547.10491128521,85050.81706470401,56738.99553641699,18309.82893148675,23184.31841880885,36764.24126029816,154588.3106983959,112958.4195162976,64638.65589801291,64732.15508610171,40393.94448305367,163144.2612486111,84817.61071207294,57588.13630414123,52439.90842167777,136275.4612526815,55729.10582836073,9326.792923847534,32336.11468799383,74624.08460337025,44115.4676214417,49151.36989828174,3196.03292984067,55616.70891637909,33054.18545205968,18277.79897225183,25053.10652684337,75921.4091877173
8111,24839.54450600437,20126.80665704577,94738.70918480822,59014.7588036812,82014.64150768024,54892.19829496814,16578.94027343499,21655.27116343051,34579.45286539342,158885.7313069407,111242.5634625108,62849.59123586433,61233.20126841092,36725.517725807,157901.4106765423,81839.49781647282,55081.2470406194,47804.11716845188,131738.3180956752,52002.88375975828,9216.282036030165,30526.97512377952,66795.93030111221,40548.94134860907,46522.40257296702,2823.490056873738,52401.22518819755,30929.47041069678,17921.99727877339,24819.54880085305,76513.12993255098
8112,23230.29275717522,19034.31367666026,88050.84527230555,57061.7405533625,79271.07767465188,52110.59154032212,15359.88733098343,19916.81273616901,29740.02720490925,138790.3917689491,103911.0098107874,59467.67923040254,53287.53871461767,34050.14728447361,153455.8183936462,78175.29982358089,50378.13214892423,42173.76225415909,123569.0664676628,45988.48065203297,8433.936071248416,28941.3589463178,63378.87733667976,32874.7732931052,42651.01054808385,2467.101197902094,46898.83987915508,30419.79105600441,18701.3119561384,24487.14948848426,74768.89290421002
8113,22390.99105918293,18398.28210510919,85259.796772077,56774.70872571808,79073.74047419817,50471.62545590071,14731.75212324547,19015.43818723883,29752.59623985556,138492.7193733407,97118.3041313637,57283.83777830427,50267.77981339205,33007.14703331236,151661.8014210854,77256.25614719848,48403.85414911836,40234.67460579608,119614.4746578511,41047.39976836851,7362.013725318851,27217.49947814158,58448.05997013935,30798.06589564001,40797.78342989404,2338.96495684193,45376.73307931635,29988.7831720421,18437.24382716902,24377.90201564146,73242.35317875928
8114,21790.47216844119,18089.34899839663,83585.60150483847,56195.91448227075,79113.67205115553,49638.05060430229,14614.1437779671,18294.22040206147,28764.20487085847,136364.224760645,93900.00308677345,56483.31142591759,47747.26570407446,31795.20162256424,149775.7202807302,75117.82632165845,48126.80081102021,38443.86984319153,114891.8084962589,38621.14350882475,6590.977037620398,25764.58615644142,54858.28434733379,30392.85555087301,40424.80051997189,2269.421021871493,43573.73981258376,29989.75594417754,18799.11496619242,24012.89617878196,71810.96635815519
8115,21431.57225783413,17855.79599174476,81944.2136249874,55537.87380797997,78790.79151267823,49338.09036191386,14174.4084665881,17935.0089427177,28110.2387770732,134083.0226604864,91061.00573399356,55151.17323420514,44228.59692548981,31365.35411765569,147094.3122628023,72659.36775773266,47876.6297622278,37580.44249913738,111752.2644958707,36170.51789203898,5149.468853327963,24776.4054051791,52481.94248675837,29555.87075221694,39689.85542648321,2152.429927496615,43040.40009098536,30067.85723082042,18848.01647121943,24091.30931901541,70787.58387417806
8116,21431.57606836352,17746.82694241083,79069.92629832287,54814.00533289096,78529.69844394868,49338.09037633269,14292.17958331279,17580.34279502165,27559.25678465282,132718.3037183155,91598.95529776605,54938.08666063294,43184.99900402448,31365.58557938544,145909.2163663388,72307.88395260453,45203.7800796482,37111.21876614029,104120.890967345,34121.75893455336,4779.780163844845,23820.86350867239,50685.40262967083,29977.59102293357,39682.32745994133,2083.149930135261,43029.69410442906,29903.92690762291,18632.84984955646,23992.26184674146,70409.04327061409
8117,21662.89258895486,17792.06871540221,80254.32633345397,54814.0625275807,79270.33043180274,49651.81858205377,15571.98288177059,19606.1727065863,27794.06601891616,134402.6125113938,96284.88683195229,57075.93531174055,42718.76800751851,35062.04496276043,147780.0771718243,71602.81193983443,44261.84367107034,36514.68637162621,102803.1140849044,33698.20201868007,4649.064716279166,22805.68378505786,50686.90778756973,32124.262686754,42860.45027744294,2079.727878227948,44369.07793975819,30328.98013832246,18828.45586966451,24493.63838984035,70481.20352819985
8118,22654.63588964778,18297.18727572433,87819.05548077084,56297.00724606979,82035.82486865061,50549.00300032581,17281.57918087356,25451.73151692834,28242.39044731482,140512.460525776,101052.7881127965,62421.49794629479,44563.05154590467,38839.51248671878,149923.1317416448,71603.84554162536,42983.29504675204,38120.12054004269,101797.99285922,35332.38932361695,4837.261698004087,22377.58664396048,53641.02338184677,38095.98433255779,49753.65933859293,2079.761904156864,46072.49589589112,31820.79613667608,19327.25122413116,24435.2548216398,70412.87760310042
8119,24074.39994896367,19111.58140561187,92757.4320268688,60433.33103888472,83802.48006634606,49954.19274566259,18023.7821447264,26183.05137760587,29716.69790254599,150286.0970732205,116677.2483743038,61285.8980308776,45235.14605098601,42034.35694522478,149194.2042958609,72307.27304524387,44956.79868490333,42682.67773889536,104706.5879286419,38610.76352227086,4780.583830650366,22099.7978137086,56109.80318331396,42147.86682559222,53062.20126074829,2301.574970868781,48439.57651352437,32733.49902574953,20031.43289834363,24607.86430476575,71043.90084965773
8120,25865.14673390442,20173.06088048607,94355.30749761728,59627.10886216581,82443.66852465853,50600.60495217151,18454.67953188921,25132.22159350619,32548.53689534776,154873.7539937733,132294.0410232807,60775.34074634069,48634.03465813144,45081.83601492563,153533.6931522166,72309.0018319443,46857.74585861976,49628.03454752563,117505.6268230524,39434.74129107175,5170.795206000372,23596.33254608469,62834.505461821,46904.02694598153,58945.84962067258,2668.74687040557,52154.84490476934,31748.27765753925,19972.75109367885,23861.73081091346,72628.03404860523
8121,27179.47603571553,21493.13103822053,101132.4836189915,59678.32368722856,83203.41982270397,53054.72702890869,19713.7281440509,25502.28151129379,37496.79744777459,158694.7764452843,139213.8010553575,61389.7560903088,56123.96762879506,47056.68855876113,157027.3474911239,77218.11016216881,51329.54557567424,54186.48054376476,142966.3854778844,48102.7044377736,6925.68817666852,26893.37318420585,73022.32327275592,48968.09108038387,61909.10311559583,3036.503467821792,55080.94265902293,33262.55812463666,19444.6148357401,23402.76976335312,73141.72982633533
8122,27660.54511196277,22145.32029845976,102179.1163927771,57065.93325956105,83047.30962879506,55502.30192047611,20579.6032717222,25880.8586645031,39799.08605727879,163431.9247049683,137423.2389341707,59235.74891297094,60891.19192083175,48702.90505485348,160458.8300887636,79669.41186976603,54874.3242466211,55617.17166211096,149455.4167089635,52119.18144497954,8042.333695929888,29140.06517121387,79020.47754742455,50167.98280126085,64184.13102288436,3104.168708001742,57019.85301698239,33659.72905302756,19024.06189205192,23637.49206752031,73513.85815375982
8123,28146.7771684625,22659.85884440493,107588.0054469807,57072.41836055988,83977.18504754332,56731.42681516974,21245.18740279181,27459.63024894344,40808.40806155126,164812.8435054037,130371.1779961156,62182.85002218562,64359.56289156422,46384.17433077893,163413.1445640947,84252.14963449507,57284.31472425953,57392.00378942714,155271.1523445017,53289.62671551915,8564.439119381856,31347.10492042761,86286.44338180112,48313.56951069486,59694.80914495883,3193.498302102023,57208.05000924879,34469.10549425947,18769.77406499971,23633.17847962183,74330.3624917656
8124,28154.07706963573,22302.89020225641,102514.9444385261,58017.7902745663,82385.79546038057,56723.88550451812,19300.29686855763,25228.43096652691,41117.83904316292,154592.8770394538,139408.2087614438,56214.39070880415,61893.43799642206,42914.48006598838,161990.884282171,86389.67774233563,57385.67159890859,56724.69964713418,146054.1116798153,51392.38075158814,8564.44894764684,32678.27976191993,82030.36772275453,45447.15718872834,53046.88574140119,3059.778772838474,58572.93635207735,33155.75079525574,18769.77406499971,23970.13946024212,74534.90376852597
8125,27424.76082329265,21986.42550420958,101502.0443015387,54796.17313203277,80486.47042072892,56117.00535613531,19277.10062493639,24420.4398043445,41424.73049894161,144221.3942520898,142914.9473766581,57738.75672508743,61468.96610119269,43350.66024644767,162702.0330885747,87328.46302151725,59639.47380481672,54666.90998495709,140354.0019550759,50078.33438574862,9113.755091058081,33907.37697309448,82771.60982605869,45227.92457459025,53789.41198284905,2854.207497215894,59052.33045010126,33089.20928232142,19024.06189205192,24205.24697805303,74716.73926054403
8126,26950.04464875862,22214.60529707721,105311.6099127293,54064.75987409167,79955.49645087811,56105.87559002553,19728.92321715737,24781.19354781383,41705.15869888542,154451.2473962452,140602.7613545919,59911.19077979283,62849.79093808838,44582.80177110514,165537.2942144229,86449.23999041789,59649.61146242736,53875.67531157501,150254.0978040866,52120.19595106812,9153.347636219913,34230.6961382677,83877.24034443086,46884.81185004371,54540.09279761566,2793.971640297273,60579.62596762033,33049.17868128903,19102.30430055102,24435.67741802663,74478.08382493485
8127,26947.75774865905,22187.46486737399,110525.6927079019,55560.09710132879,80465.21047491202,56451.11393832012,19728.90556596939,25142.70544750174,41589.22580698042,161783.4700099605,139262.9206406666,62740.21846363755,62849.77214048627,45430.77736814746,166969.6245981638,85713.45979388512,59660.87716566305,53297.47764366538,151271.3073615933,52122.85791069595,8955.987339595626,33807.19251283056,85137.15908086178,48116.57238201281,56780.67869725198,2781.843179065538,61290.30079449945,33417.75427479924,18965.38008510776,24780.2732103046,74475.18798107059
8128,27435.2429696474,22290.66207143054,112769.6798867998,57817.73972369355,82291.91214565061,57031.26098103502,20152.43935367076,27117.45089567793,41584.30146574797,163927.8071311059,131890.4191752498,65298.47801909832,63109.94711916884,47153.13043565969,166971.7220778256,84624.106906028,59565.1437255647,54033.48487034385,151384.2850789693,53073.52828953095,8434.82828727498,33567.9948545782,85116.7749037573,50977.17215525045,60445.76776737948,2792.43488310369,62661.67923957924,34288.49206053418,18818.67557002672,25636.00653871778,74549.99679200687
8129,27905.79000720085,22404.44105581739,113595.7497582166,63814.86191930013,85593.09077514315,57347.53325846426,20796.18817936726,29825.77365336761,41271.43196112404,166683.4506685226,120748.2407176998,66457.97639346508,64862.86010480166,49555.90110846226,166257.586438451,83103.92608493804,58736.41728325601,57836.96714205497,151271.2987324909,54167.09234748226,8433.93342245028,33383.24192471032,85137.16037623942,52943.27259286848,61194.5547655468,2921.096302433134,60387.71716376446,35955.2021940081,18867.57707505373,25696.82455255931,75504.25887223559
8130,28146.78344984653,22214.40541080333,114133.6980414439,69301.09177127147,88263.09840525074,57030.5278586989,20690.43057405095,30185.56053215105,39579.48325948814,167452.586586267,119796.5350382519,66134.69202074759,62350.91507750213,50778.47149959762,163414.7127236411,83105.2225663834,53794.67989821695,58867.42477058628,139384.6083572288,54146.37292185704,8173.61250610521,32395.85222415853,81615.37265340178,52107.07994140116,58265.52656576337,3087.080527996247,59153.08836410381,34725.30510605907,19072.96339707893,25976.62803592674,75451.42546563716
8131,28146.80385789,21857.12448395398,112010.9765969004,68680.20725116922,89522.7905124824,56114.25973142315,19517.15239347209,29106.16051674431,39089.51771797434,159371.0014112183,124884.0522806532,66883.72222962337,61839.71922804574,49581.25053799674,162702.3023576801,82146.98652854085,50249.93126212067,59343.93953548031,139479.2130994063,51713.78905887339,7117.08312437193,31153.16865516811,77879.97626167967,52878.95170746274,56757.74411352574,3194.150541020329,59361.45353640094,34462.19703472052,19014.28159013477,25355.75830992276,75786.67067761402
8132,28121.60707681636,21848.08297108223,108197.3093176101,67858.17639421934,87624.72657713473,54840.83150532463,20155.28789310083,27966.54043237913,38073.1128327721,161517.9590976711,124884.0490976927,70049.85287316631,63134.67275660307,45830.95683699475,164124.611992833,84972.41615100138,54921.99108251233,58192.31151268395,141377.5557189254,54215.78817743677,8563.461134662119,30266.91473046931,77897.11937351219,52879.52198304604,58244.28402078187,3435.111689136332,60514.24802096799,33488.19196280761,19014.28159013477,25634.0030911225,75784.40066493586
8133,27904.12187902877,21785.44071896033,105871.4936047567,66801.41832123858,87289.11151111078,56103.35495553612,20107.70068489176,26240.47812622432,37382.35384418183,156033.5923755416,122076.391790451,67555.9515052976,64564.13514872022,44047.61384446314,164062.6824313257,86389.67696174742,60982.08737035831,55718.0926024095,141377.6498921138,55394.55585288189,9079.82527835441,32113.97694918401,79124.38674157883,49732.37770710835,55510.68215344393,3447.59720598811,59145.19348025462,33122.15898571299,18691.53165650063,25123.8768549893,75540.08382223906
8134,26689.04841540758,21086.94638696575,103131.5170819104,63931.43946679506,85672.43759943983,57964.59689797271,18334.87572893646,23477.713320856,36604.54013691806,154818.6030057116,116825.0702907673,65500.19945854838,65111.87676405726,40368.9458271406,161996.8336356474,85671.03956922173,58094.78927044961,51563.05241069781,137404.283548852,55394.55222021518,9476.10922969661,32297.08875675436,74257.68496131411,44128.47529660699,50106.13150641511,3209.754420731936,56023.71996018141,33126.78528301347,18456.80443100334,24890.82071664363,75868.73150368288
8135,24780.78270779878,20049.28843616263,95296.23744477249,59187.09673060437,82495.15494880792,55925.05892363485,16571.21210389077,21953.08547366726,34534.84923380247,159247.2392587425,114940.237713018,63788.74496257159,61607.14758150574,36726.09372509567,157044.5541743028,82731.1825544079,55510.92685484402,47070.88591128228,133424.5496920498,51714.25084679593,9359.967169327632,30536.82975435345,66988.49685687492,40446.53346874411,47270.98753174786,2836.115711445809,52697.60782757356,31150.60824432833,18086.90734511194,24668.69798383851,76575.7467386164
8136,23198.83385466434,19035.08806612088,88879.93667916497,57215.71770352397,79387.70118633177,52645.27478157843,15343.4771503892,20348.88696341037,29614.53734740897,138668.0489760751,106233.1322892502,59490.36132698246,53514.52264563942,34019.40055844861,153303.1181138109,78305.11184185377,50055.91965766593,41934.67681919751,125047.3344238968,45980.23815752488,8375.81982040397,28540.21453835839,63498.51820954261,32755.4556083695,43392.3731088514,2470.761774275639,47027.18483469263,30693.00000318693,18915.93515118947,24487.60811681304,74912.923634523
8137,22374.11077506526,18396.48994957549,86159.66048899016,56943.06987056376,79201.06328327063,50933.84646987708,14683.7370683556,19498.46874343933,29627.32954290327,138379.5904071506,99221.94149397351,57378.22054409147,50496.04712703807,32985.00132339077,151438.9080273063,77384.50862037619,48165.2264530653,39965.80865290786,121187.203636796,41060.13849286443,7318.822853622431,26870.42816339056,58607.92564080915,30754.64603812435,41574.05763600038,2344.927218512838,45487.67110083674,30260.70238684076,18646.80628892805,24368.79652642282,73925.29697308979
8138,21784.02286017756,18086.3102212264,84527.91760713086,56393.28067993325,79238.82983601444,50063.41747533727,14560.2112121292,18818.02270043764,28621.38949491248,136316.9788953013,95900.12486814638,56603.97736126781,47976.60422377301,31783.05012116047,149479.0316495496,75242.45004700705,47899.90269232559,38147.50070168732,116577.3450409404,38644.1847997307,6558.522032140995,25463.0890424407,55047.4348176352,30364.24499425959,41208.10108940998,2276.632487134754,43664.05866018638,30261.67806986432,19015.61250689427,23971.83609474859,72999.23146474849
8139,21431.35701873851,17851.81477032027,82928.1502193428,55768.21632620816,78933.45534756462,49750.19534335554,14098.35044261909,18479.11811275998,27955.81237192101,134106.3866370088,92969.81211104884,55315.57641052151,44459.43086204733,31356.74731847768,146692.7102548755,72779.81967156305,47660.32310830245,37270.81283610917,113512.7934927157,36203.96522849918,5137.085316903402,24505.90501153525,52690.47876345983,29557.84964104569,40487.00111085382,2161.742880048852,43124.61962325507,30340.01306396907,19065.45118474668,24057.11394746409,72337.13285757262
8140,21431.36076307923,17742.40600387069,80126.74588050522,55080.62299308908,78686.51831420527,49750.19535841179,14222.04726020226,18144.50188206472,27395.04781115815,132783.9097165736,93525.06464337476,55109.48597208975,43416.27646454627,31356.97687147725,145461.2460282528,72427.73942596272,45100.63357508118,36794.38276264378,106063.7061223731,34163.90587771614,4772.544149419647,23580.33603740896,50908.59478330526,29964.15721940083,40479.61495839153,2093.707345222134,43113.79120218789,30175.59220160883,18846.16100266071,23949.3953211309,72092.22813201467
8141,21658.65933006722,17787.83033862662,81281.11321412398,55080.67732158749,79386.99445775684,50077.7941650948,15566.2443736741,20055.80797496653,27634.0260335431,134416.0842522246,98361.71760469816,57177.14400619944,42950.24361391208,35022.95370545054,147405.3065568741,71721.47096124203,44198.57582686171,36188.6888205928,104777.4062059524,33742.14750362382,4643.648775502797,22596.99992334128,50910.08766237336,32032.3740584165,43597.8673501052,2090.346762938841,44468.49233722797,30601.91734620346,19045.51571407033,24494.66509186192,72138.9137132016
8142,22633.17611119109,18294.98717750364,88654.02435589803,56489.30739308205,82002.5483494403,51014.6450425125,17361.85969457972,25570.90680278145,28090.3103670217,140336.814694739,103282.9768422805,62347.19920278551,44793.74334089977,38769.27065301418,149632.2107646343,71722.50631697424,42974.15697805331,37818.77925510061,103796.2937233932,35369.39558968422,4829.225314322101,22182.33110226656,53840.10406707504,37785.84603735216,50361.22008246143,2090.380177666905,46191.39071613353,32098.19740072727,19553.87023141711,24431.17030877851,72094.70883325627
8143,24028.27895693069,19112.66758950508,93467.17903069775,60418.34804264419,83673.41841738443,50393.53694296309,18141.40689751589,26260.88383273531,29590.79383823333,149807.9287558923,119409.9926643379,61248.88371285107,45465.55220913451,41937.76908849205,148874.7631386954,72427.12748194,44864.10860506544,42451.40823052641,106635.4128827533,38633.84888951886,4773.336626019239,21913.25580208352,56288.74396861046,41689.64359663637,53607.43470482657,2308.208861270731,48585.54145534351,33013.63142887416,20271.54719435016,24618.89096421315,72502.96246196562
8144,25787.92058138035,20178.43039708582,95024.5373487582,59652.52798996621,82388.27939538154,51068.52842799996,18593.98505911679,25269.45935159457,32472.91153136093,154253.5843475519,135529.0942476617,60755.08922899048,48862.99630540245,44960.11737176785,153384.039817803,72428.85920225602,46684.57558286881,49503.43186420757,119128.728617397,39454.3278169875,5158.114722786067,23362.84804084733,62958.58723098369,46271.97941250938,59380.24514163619,2668.78532648092,52343.29795041226,32025.46191991957,20211.74078232113,23807.43688897269,73527.85042030553
8145,27079.42006480795,21503.8273650087,101629.8653601079,59701.17629208438,83106.83823167378,53631.1525374439,19916.38320594756,25618.59911479406,37509.02739974399,157956.3350374116,142671.4260565287,61349.33186706389,56349.7460915319,46918.6844559283,157014.3876667731,77346.29790459939,50967.05319655905,54131.88649714922,143981.3210145724,48085.48435449159,6888.572674396292,26556.46888807021,73063.29449835667,48260.60779547408,62287.67598317376,3029.935986761183,55302.85879052898,33544.27366504997,19673.48305779829,23308.29589679365,73860.19660003047
8146,27552.13300106392,22158.64837051982,102649.9587816849,57219.70030109397,82959.19207488923,56186.93999653372,20825.82518710621,25975.77461873532,39852.1926549033,162546.8547763301,140823.2711010646,59266.04582927755,61114.94433678064,48551.32556258353,160580.1312288607,79801.75927909047,54361.7569544045,55584.55017693865,150315.3525501154,52084.90627077781,7989.670091864455,28732.68785365935,79012.51681611467,49416.64684137862,64519.84623601961,3096.385769962086,57263.94268103544,33942.63307334417,19244.87042780298,23563.56706721506,74100.95277002171
8147,28029.91923692584,22675.2632069961,107921.6952306366,57225.86041493344,83838.6511827729,57470.40715512238,21524.89845003225,27465.29539805411,40879.43495715671,163885.0301222852,133544.3829716415,62116.38665328526,64581.84126697406,46251.71606141853,163650.0368807326,84392.27359066569,56669.71592455517,57386.64018505719,155992.1711084003,53250.3815015363,8504.505752324872,30870.49837144389,86219.20809521314,47630.00715228088,60115.09554296158,3184.11075468988,57454.29190902341,34754.4314633288,18985.70930204127,23558.87584438703,74629.20725298466
8148,28037.09233926883,22316.85410792276,102977.2712725889,58123.85700928565,82333.54411315528,57462.53242685359,19482.14997041306,25360.22983523636,41194.35982017739,153981.4013521442,142872.0868217334,56343.88594600779,62116.76446273691,42810.63434606121,162172.1289212483,86533.42891619125,56766.78166411029,56709.08758236637,146995.2925057994,51361.19177752752,8504.515443741711,32159.9176391151,81997.85280200244,44868.35415626442,53592.40770380214,3052.793202196762,58834.78720026021,33437.14672928445,18985.70930204127,23925.33622067927,74761.53949100255
8149,27320.44427085132,21999.11239640208,101990.0551330466,55063.68441536829,80537.19734317416,56828.82079753795,19457.78659851314,24597.91587073514,41506.70006862292,143930.9461315543,146491.6185165787,57818.20342814534,61692.47296596739,43243.21760240487,162911.1022967408,87473.80724042079,58925.16488858191,54619.6943761332,141431.3379697768,50052.72522210444,9046.173083052001,33350.46119247196,82733.0479740343,44657.13387890962,54320.94601439047,2850.914561684642,59319.66368718961,33370.40609993648,19244.87042780298,24181.02632844046,74879.181748795
8150,26853.97388680021,22228.21295127493,105703.0220077468,54368.92439027753,80035.01190583553,56817.19896045174,19932.34282523695,24938.27555443507,41792.10721174244,153844.1555584463,144105.0618011917,59919.31134542383,63072.7109591246,44465.19837294601,165857.2964908434,86593.09223674072,58934.8733492733,53816.30791662903,151094.9560168274,52085.91646898819,9085.214344111759,33663.63865660902,83829.65894032324,46253.46657440204,55057.48528001262,2791.760709241074,60864.42547731253,33330.25571278318,19324.61231283145,24431.62990154993,74724.77864537494
8151,26851.72671001344,22200.96300321269,110784.8918785663,55789.32594608035,80517.09007653949,57177.70104110645,19932.3242859224,25279.35053441518,41674.11595594572,160949.4245501013,142722.1255569398,62655.455373295,63072.69216951131,45306.18120871404,167345.6685572265,85856.06347887618,58945.6620976435,53229.23028600663,152087.8680842934,52088.56712518688,8890.602079811899,33253.41926427511,85079.29946674181,47440.20971579131,57255.86235402179,2779.850109097393,61583.22763784556,33699.93421855215,19185.06401345089,24806.39348240859,74722.90511888886
8152,27330.74434297457,22304.57663355897,112971.9785212076,57933.83156985763,82244.75099683797,57783.49763646585,20377.16834560878,27142.46006077919,41669.10418407978,163027.3881986721,135112.4900373158,65129.72122950801,63332.75657511249,47014.33103279184,167347.8481033519,84764.86204453888,58853.98171389569,53976.5411154009,152198.1471689814,53035.20069023787,8376.699613270841,33021.72462904089,85059.08158040434,50196.26259542229,60851.90738281429,2790.251556505129,62970.28927552954,34573.277568505,19035.54797989368,25737.04235741728,74771.30423681487
8153,27793.11800769562,22418.81474434127,113777.1018296888,63630.42063473214,85366.94516814592,58113.75299375702,21053.30765103552,29697.67644827885,41350.67974780047,165697.7365514127,123611.9271206062,66251.1505355791,65084.9245813807,49397.28745413429,166605.7710313866,83242.10159572925,58060.34097378723,57838.43728710874,152087.8596613096,54124.12116765794,8375.817208487528,32842.76692934216,85079.3007515519,52090.50757979076,61586.58850811919,2916.601856866524,60670.32198916358,36244.97510502565,19085.38665774609,25803.18471074461,75388.68395954053
8154,28029.9254092026,22228.0122584104,114301.4094174245,68841.71964828635,87892.18939019257,57782.73210120931,20942.22880949389,30037.12392589741,39628.69085604336,166443.0654748002,122629.6101449466,65938.48035183855,62574.04711831609,50609.77601872171,163651.6663964442,83243.40027720202,53327.82139258692,58884.72068911916,140485.099710095,54103.48972254079,8119.120984165499,31886.34913589563,81586.24319423028,51284.87542300903,58712.73821540097,3079.604541466578,59421.57387668362,35011.39771756901,19294.70910565539,26107.48371181576,75354.50228702926
8155,28029.94546275965,21869.2896144901,112232.5135872403,68251.94944644593,89083.5830699239,56825.95378283256,19709.91666782797,29018.74434015432,39130.0260803237,158611.6288732596,127880.7656850407,66662.9181310847,62063.06852457198,49422.42784167534,162911.3821013299,82283.53818789833,49933.14639800999,59368.55377018631,140577.4446841022,51681.23529475091,7077.302650917472,30682.64539426061,77881.31955244316,52028.53744223381,57233.35981882593,3184.751277572848,59632.32192960779,34747.50233116571,19234.9026913033,25432.25967548657,75571.39615749067
8156,28005.18634820914,21860.21161687349,108515.5490499876,67471.11293220568,87288.4290292521,55496.22454695643,20380.16021043996,27943.54903456314,38095.57514209277,160692.1319730176,127880.7623997014,69725.09723285193,63357.47170427292,45703.06063036387,164389.3413450489,85113.76234300458,54407.40572459451,58199.23903838191,142430.4427032376,54172.61022142383,8503.541385002707,29824.19100424614,77898.32281358638,52029.08687584496,58691.89584381926,3421.384089479934,60798.29986327992,33770.58268174736,19234.9026913033,25734.8635171305,75569.92752552172
8157,27791.47885480637,21797.31658774209,106248.7087905327,66467.31206131961,86971.01045832678,56814.56688327241,20330.17863281011,26315.06414368019,37392.55187425747,155377.5223570027,124982.7977302688,67313.07653303309,64786.32658193077,43934.42382968553,164324.988713507,86533.42813427842,60210.93636809171,55687.0210615496,142430.5346269662,55346.37251781613,9012.71570692076,31613.31557238203,79115.5783361383,48996.9618909173,56009.79038399301,3433.645331526008,59413.5887063169,33403.45440082727,18905.96741701282,25180.07805768117,75411.86165690282
8158,26597.51114182077,21096.00365803704,103578.2095512231,63741.15614429979,85441.98993855543,58758.09834831569,18468.15327988471,23708.48341564819,36600.92824969388,154200.1404430252,119562.5692235121,65324.81967799502,65333.8354097855,40286.0916467224,162178.3110504751,85813.57127041585,57445.87749710675,51468.1677415248,138552.0777627205,55346.3689005747,9403.481825514615,31790.6836276216,74288.57830926348,43597.86638649687,50707.05227443075,3200.074867959463,56256.41776763555,33408.09454169223,18666.74176192746,24926.61891829317,75624.48711761025
8159,24722.3918910946,20054.15850027978,95941.6082386618,59234.56613837984,82436.9743105686,56628.38799905984,16615.75021389912,22270.04553046121,34494.49042383677,158491.6975194731,117617.1116336471,63669.55627252128,61830.5957198335,36673.2800260264,157032.2675825308,82868.72554863899,54971.4077865145,46907.0105262548,134667.4054820075,51681.69512179202,9288.956919870163,30085.63947936908,67078.69104685218,40050.4891992889,47925.31758778678,2833.147754991247,52892.26795302526,31426.00406240004,18289.75578384558,24685.0503541912,76081.9053455267
8160,23166.53319931896,18938.8629829545,87367.63893401295,56922.29584899708,79387.5657838045,52875.97574681338,15689.68598381133,20236.62421413852,29543.18350811282,136896.733712961,106775.2220692324,58767.17939187137,53627.01692453404,34084.39160555481,152601.9018528755,78251.90466220235,49573.33154068234,42005.69128378816,125479.7791865558,46194.93603478813,8303.930698970751,27808.32337947937,62035.91538610429,32730.19426074967,44080.27971635094,2532.613684943893,47360.81756040139,30856.90148666651,18859.22869489042,24534.95597763714,74478.76629861379
8161,22356.51764789873,18292.64220779749,84622.6710010127,56667.25876094413,79200.54166230437,51262.13252584125,15020.95205220741,19398.74790641242,29555.5532411936,136640.2441533012,99471.49026261807,56740.6893462435,50642.51245373651,33062.62325543974,150743.5186102919,77346.54814435847,47753.03404976044,40048.92191724941,121736.4991463494,41313.21647711378,7285.639213070059,26162.22941264841,57204.83341040837,30798.15158431779,42321.91889883739,2408.431737312967,45828.84818680445,30450.04062942214,18591.99238187254,24411.33054779856,73760.54003968893
8162,21776.95294359029,17978.76000348396,82976.11691147478,56152.98130383401,79238.38636712132,50441.3351120254,14895.74224043671,18728.33703711505,28582.83437565772,134806.2257693236,96011.07127614031,55997.84298126791,48151.42429934328,31875.34888863979,148789.7680945506,75239.96558440321,47497.58902315265,38241.78756523884,117266.1864492503,38916.108857746,6553.179350299364,24774.85886572721,53687.66799564134,30421.16844264987,41968.02890447451,2341.033933076677,44014.17232718113,30450.9589024275,18958.20510643579,23998.28663656506,73087.08255666586
8163,21430.57629537132,17741.46548580656,81361.828555168,55568.29082275106,78932.37995312839,50145.97280505579,14427.58519395856,18394.43059211386,27939.23794533765,132840.6269069611,92958.49160568553,54761.68878046163,44673.83451670221,31454.25160184388,146012.1557289703,72818.12041871905,47266.92964668042,37370.48699329024,114294.4025187713,36494.92465055118,5183.793296827145,23831.25620969843,51359.39228041796,29642.48852245399,41270.70549347426,2227.653192118898,43477.37680186181,30524.68459891195,19007.69331220846,24087.01965632382,72605.58825903197
8164,21430.57997293814,17630.75075610062,78534.99607938793,54925.1102056915,78684.9319215528,50145.97281925353,14552.96829770194,18064.74925968697,27396.99264108976,131664.7161886649,93536.91197669932,54563.95564384312,43642.42016734323,31454.47835180816,144784.5406124318,72471.8712011173,44802.54440240908,36896.98460800267,107070.8078767619,34470.77914328302,4832.601024024979,22918.82002801949,49599.19094319316,30034.83149842429,41263.56288193305,2160.511180358475,43466.60144528364,30369.93839981383,18789.94520727,23974.93663952111,72427.48755387761
8165,21653.82505802211,17676.71730071834,79699.84151866044,54925.1610250283,79386.85759276357,50454.89204756664,15915.49006198803,19947.86753543308,27628.07860474174,133116.001652286,98575.37364500412,56547.76678835907,43181.63222399733,35075.69052430124,146722.52471364,71777.29970390236,43934.07274780373,36295.01268748712,105823.4457876467,34052.31076992711,4708.425585536103,21949.43635774914,49600.66565634026,32031.96468716836,44278.99827066141,2157.19473321418,44814.66389098876,30771.17821061976,18987.89803036074,24542.29887718856,72461.43845013324
8166,22610.96299602437,18189.92784276979,87139.67602154214,56242.8055031715,82007.82397100322,51338.32398990687,17735.5839533522,25381.63004672004,28069.29414249622,138380.5550671031,103701.9717752873,61508.16785446954,45004.38451839338,38776.26179000414,148942.4684273338,71778.31791244056,42755.2423839456,37915.08612945035,104872.0327460382,35666.86521970109,4887.206618407003,21540.65122520959,52495.02850548534,37587.6925116793,50819.34543107573,2157.227709100534,46529.11923637407,32179.41587523309,19492.67773247151,24476.23150257117,72429.29158048185
8167,23981.18656419353,19017.36853823059,91996.5193401046,59918.06334485806,83682.15164760487,50752.63127400669,18525.75826606553,26061.43134059781,29520.22412861966,146802.0135943709,120501.8852057826,60454.39084048451,45668.63259939064,41906.07019379647,148187.3883076789,72471.26939189417,44574.82590825442,42519.24735307146,107625.2083940019,38905.85357462848,4833.364481442073,21275.3938037247,54913.87242409484,41357.31836555991,53958.52379832387,2372.195608941931,48911.53748155465,33040.98498725033,20205.30789744353,24671.55795718284,72726.18360242754
8168,25709.44798428562,20095.85287729203,93568.01368274068,59201.7087929551,82394.35322802592,51389.13496212075,18984.50616028555,25084.62832281233,32307.15984949031,150754.9703373626,137293.5541769765,59980.62052449268,49027.84059432408,44891.51306170724,152682.5706250001,72472.97243207323,46327.51188815758,49527.93592590727,119740.3366123938,39719.93221121642,5204.052640644451,22704.41794379773,61502.55449333385,45782.16143192143,59540.98945435418,2728.036557783377,52650.87915631961,32110.96021192495,20145.92205190034,23827.22653702072,73471.5071876246
8169,26977.91577924066,21437.07051293941,100233.2977607291,59247.21482605365,83114.39901132917,53805.639070794,20324.93178540445,25428.61899563673,37176.95792939099,154047.3561295857,144733.898838679,60550.7656589923,56430.33170970649,46826.16439394683,156301.5713246072,77308.97026088722,50450.54106928609,54127.94845860115,143840.6114990907,48283.75988672551,6871.144083867128,25852.72486962245,71484.30383413634,47702.44158281098,62352.55463527092,3084.444160686491,55595.93672004792,33540.40378332273,19611.44942586462,23307.86205830666,73713.1974564813
8170,27442.19868728171,22099.70782239412,101262.6504937372,56926.0212044349,82966.44732352835,56215.69635271275,21246.77165566248,25780.52689862438,39442.74012318475,158129.1221552393,142808.6298614223,58551.96025171683,61141.900638969,48438.86957908152,159856.1696668782,79723.76515606626,53718.85065954274,55571.68544270414,149982.9043717225,52251.98360551738,7931.921134882839,27998.06571289546,77361.13374887443,48818.74810469322,64511.12434950727,3150.021246785926,57547.41035307977,33915.32338551679,19185.85085575819,23573.47594383,73888.28123058163
8171,27911.4644212913,22622.48925790997,106582.2380987999,56931.78342700111,83847.72633679169,57425.9806275882,21955.37497434325,27248.08032298469,40436.05773577422,159318.9914890272,135226.0310846967,61286.71512851624,64569.77981976522,46167.34024468209,162916.4799082247,84238.25299977603,55940.87796269975,57362.70151173689,155487.8788850499,53408.36734075857,8427.904364883212,30105.54308144244,84480.13126370401,47093.51439026189,60251.60990043035,3236.594123316964,57736.82677798884,34679.35486838824,18928.51218481756,23568.59464869136,74272.44080815742
8172,27918.50960359974,22259.80199055717,101592.9339755568,57771.77703347301,82339.50467955042,57418.55491378723,19884.77890286775,25174.06012930267,40740.58220132109,150512.9525775875,144942.9321478498,55748.29869508812,62132.44590807124,42768.2770321932,161443.1913524611,86343.94727115774,56034.32967751879,56689.31250587852,146763.3464910143,51533.91457507711,8427.913701416392,31376.66692641334,80310.14302947234,44426.77812252897,53943.99227714356,3107.001188150082,59110.55697607723,33439.58028749147,18928.51218481756,23949.90274657265,74368.67604760395
8173,27214.6417300395,21938.2675390787,100596.7569492049,54909.26571688426,80539.44064617282,56820.9773173259,19860.08339940899,24422.98872125348,41042.60740922085,141576.3595565491,148713.4883253398,57162.83021014998,61712.92954584578,43195.57808302672,162179.854965469,87268.75138352437,58112.35035183737,54612.75873218631,141367.8194718502,50235.65494427097,8949.736733758858,32550.31799328583,81036.39206664001,44222.81738781138,54648.50875875685,2907.7738565804,59593.05733422132,33376.76673348893,19185.85085575819,24215.95254334451,74454.22837421195
8174,26756.49004894181,22170.10276427436,104343.4261455741,54259.38131556357,80036.21601329821,56810.01815364455,20341.10897282255,24758.32880261609,41318.5889779292,150390.9173289139,146227.3528457285,59178.73479077491,63077.63382651896,44402.6374402568,165116.8404261492,86402.62246897958,58121.69733980681,53814.30912526709,150738.9083148972,52252.98592349815,8987.348368404348,32859.05181815812,82119.65905302914,45764.28487144452,55360.76238282117,2849.396882451279,61130.24904607691,33338.97882923455,19265.03198545582,24476.70971647044,74341.94266173954
8175,26754.28294671667,22142.52754583333,109471.4237678241,55588.03693965084,80519.29177064191,57149.96452185239,20341.0901807724,25094.37363111612,41204.49438480607,156708.7303920816,144786.7137690589,61803.92373689026,63077.61524837102,45233.35116804652,166600.5603818127,85677.80011967242,58132.08439337031,53230.83911795473,151701.7637539529,52255.61590278465,8799.862483376857,32454.6529819232,83354.09347757646,46910.24020333846,57486.65316842656,2837.642706387882,61845.52872913235,33686.90513758028,19126.46500790828,24866.65743638011,74340.58018746499
8176,27224.75811796042,22247.37796550168,111678.3624317828,57594.02563086142,82250.52781953356,57721.21879059647,20791.99853860289,26930.00614013308,41199.64812676763,158556.399480915,136859.5672108933,64177.85409630009,63334.75279228313,46920.64304563551,166602.7331154682,84604.67077598817,58043.81752273436,53973.55768249792,151808.7045596745,53194.86508540854,8304.778275277824,32226.24583540218,83334.12161018027,49571.56882807994,60964.12711123417,2847.907549692992,63225.79309540146,34508.86022267603,18978.00039059024,25835.01302209272,74375.77720953882
8177,27678.88613772351,22362.97968525241,112490.7937841117,62922.66320397458,85379.18289154477,58032.64309385821,21477.35525459357,29447.53836359874,40891.73966141212,160930.8010308025,124879.1448231117,65253.80762365821,65067.20124716371,49274.50156419382,165862.9755070154,83107.12974497586,57279.72621252206,57811.72229653204,151701.7555859426,54275.29124619455,8303.928182698373,32049.82734606231,83354.09474675251,51400.70949385985,61674.58386276655,2972.598468554794,60937.09675869343,36082.19365557996,19027.48859636293,25903.83523744877,74824.75084087632
8178,27911.47048349602,22169.89967582934,113019.8604724729,67797.35636019656,87909.65271817437,57720.4969059135,21364.76214035808,29781.97969203554,39226.61947398054,161593.5273560218,123855.840801185,64953.81672340778,62584.58213431657,50472.184623291,162918.1043306616,83108.40691814717,52723.41136544056,58851.57623130819,140450.2249689433,54254.82074031134,8056.631749591398,31106.9800554367,79903.54204417576,50622.76653938995,58895.4919914356,3133.460409219651,59694.46811460532,34921.20100986527,19235.33906153088,26220.46339370292,74799.89309277144
8179,27911.49017943213,21806.89512098569,110932.1854301058,67245.68032718108,89103.51180391216,56818.27377887489,20115.65061007283,28778.61910176606,38744.42310861116,154630.0256894848,129326.1001136975,65648.87737476737,62079.35428399501,49299.33496645136,162180.1338954906,82164.44172390465,49455.12946751669,59332.43613232148,140539.7745508302,51851.46153628163,7052.963080766368,29920.35552869422,76243.70132434192,51340.8692410917,57464.8926011467,3237.226234096287,59904.18340036403,34672.83345224983,19175.95321368096,25517.8815878842,74957.62361914177
8180,27887.17260142151,21797.7087633929,107181.4822847011,66515.27925017609,87304.64296801387,55564.36527544844,20795.03118977245,27719.28070616605,37744.1349253359,156479.9527896481,129326.0966912779,68586.88014329816,63359.18976817416,45625.38435804704,163653.473575193,84947.79271161054,53762.79980033317,58170.30690182596,142336.6801175407,54323.40205252686,8426.975311097525,29074.08164995955,76260.49768332767,51341.39979092534,58875.33684779825,3470.751304200219,61064.44747946505,33753.39658516576,19175.95321368096,25832.74590264657,74956.55559406095
8181,27677.27621632767,21734.06298457554,104894.0660863343,65576.3154289117,86986.5675481689,56807.53615665766,20744.36824261128,26114.81260386318,37064.32900956595,151754.3456244402,126307.2148281801,66272.67079815191,64771.96378082103,43878.34410073208,163589.3220866139,86343.94650219462,59350.24901903289,55673.52663827112,142336.7692586288,55488.00820868171,8917.504511410341,30837.82053396754,77462.94117706966,48413.48753067065,56281.66747666157,3482.851517122063,59686.52207542698,33407.87044427164,18849.33105511991,25255.48243308628,74841.60622916938
8182,26504.60087919254,21024.37879772998,102199.3269258466,63026.24613583789,85454.38295556621,58640.2480839765,18856.95899021334,23546.67355779736,36298.84876493813,150707.4494625635,120660.8280017673,64365.04098600882,65313.31074039177,40274.56112321519,161449.3541585961,85636.01165207906,56688.14090288901,51480.5983966094,138575.7178934139,55488.0046196572,9293.961420983294,31012.67193413179,72694.67792496289,43199.95642616187,51153.77462384952,3252.348576980345,56544.82279798291,33412.23755530507,18611.787666027,24991.75399589883,74996.23266358985
8183,24662.9211791482,19970.09760272487,94493.40875628708,58810.74374332145,82443.14890985166,56631.97313241627,16979.30319974916,22129.44966038977,34261.97607418286,154523.3859726035,118634.1964505208,62776.90119852121,61849.49781479217,36705.86497201523,156319.3953542396,82739.93741938587,54305.80251261334,46947.46973537096,134808.6392597761,51851.91777636067,9183.630227984308,29331.82046253387,65572.5233167627,39774.50094203653,48463.76106418712,2890.240384594159,53197.15894098917,31546.77496414655,18237.45270248759,24740.39789945641,75328.87838431563
8184,23521.15478354871,19200.79710973385,87116.68012717071,57473.56987401417,79731.64854248632,52345.76861141777,16113.84693035787,19603.73552557305,30305.96567606647,160117.3164751093,148854.8717674895,61241.81409012626,51436.61519887183,33716.63926212122,153317.0639531536,72514.10721534133,48481.4038019785,44066.05809646581,141227.1354294044,43734.07638514163,7506.413627855573,25333.74384956861,60034.8346950796,33102.27830578724,47045.3082502627,2757.165663156268,46986.76693691287,32461.16966518958,19582.31153916111,24400.67390239615,74642.31767908751
8185,22451.60453778429,18313.5773273895,84982.26250455662,56440.25684621021,78859.48463023316,50447.14752957494,15514.95697935774,18576.97043484794,29700.06755610142,159235.4185052465,139309.2527600694,60822.59708520804,47711.00050434443,31992.56182842266,150486.5253033077,72189.47033445645,45498.55862736315,40254.8521428925,134622.8349839812,41093.40019277407,6579.566737860707,23787.8239687895,56216.6197620634,31186.60342258542,44733.77671431903,2533.320431993916,45447.82234248403,30905.98868445857,19386.45780861021,24868.64838645286,73904.2513123784
8186,22026.7654599015,18056.18948491703,80844.01032770363,54902.61555408496,78689.01783710234,50026.95830628309,14778.45664416078,18193.95629122858,28275.8406065368,154360.5415344871,132178.2788061208,60002.85525523523,46105.06994396325,31738.14701505375,148588.1784421862,72494.31262401653,44064.84907829206,39711.66294430503,127560.2018258833,37750.99688558586,5869.122006196098,22735.39677481204,53681.54258855034,30578.19849939997,43595.11805275494,2420.352342326995,44074.44697849175,30801.0629700958,19078.62626684803,24704.709533288,72863.52767125855
8187,21874.33224402847,17838.87000210991,78156.69864838109,54931.727021905,78646.51532719813,50165.92590960355,14948.61580772097,17823.53007721144,27337.02026676618,151290.4833110613,126495.782134632,59327.34814950026,44086.83322071681,31495.8184325674,146977.3236673193,71980.69166393756,42683.167475659,38415.40683065201,120169.8171836852,35800.90744444266,5288.371277981671,21985.44279259866,51092.74290058032,29659.9838123928,42674.99624484038,2310.584827510776,44088.47021874784,30705.75015024969,19138.53053121185,24868.60618163993,72564.77932935928
8188,21441.3596024339,17585.81486629285,76786.80868302025,54645.72674000858,79574.8977741233,50158.66678296438,15107.27314766325,18174.10488333062,27319.48001700632,150020.2545745843,121743.2130116568,59324.21165136098,43534.88285586018,32726.95021167735,144725.2925409588,71816.83299727291,42543.0058904189,37952.53380910192,116497.8829057219,34829.61718410967,4875.860981753343,21453.39645886869,49822.40601195241,29668.89164807392,42030.16176250995,2205.109490040222,43404.24720796231,30340.4523224833,19101.55088033454,25024.67018133052,72561.44130483815
8189,21852.95021934064,17709.70570180353,76690.36321699627,54645.8626365138,80772.75387461921,50896.96563467543,15614.25838979923,19577.91677722953,28549.64350363707,149910.0288775654,118537.838292112,59325.26868209206,43356.17709734457,35361.39681648246,147347.9418505765,71639.26022358538,43228.27849062879,36482.81746947573,111973.8865616604,34018.34311331561,4645.435301621544,20905.65840139917,49789.41238659695,30579.40591131378,43373.56578199174,2186.570451665338,44106.86904971338,31270.81249199239,19626.57041089041,25258.84306085681,72353.10243694962
8190,22729.68804670021,18086.27758116142,79841.8913748748,54745.72348233333,82586.85513190625,52662.01664399325,17705.99925420765,23941.16844639083,30509.12403291066,151606.8393769398,121740.2355290662,61210.79681859739,45190.62969991071,37668.41343221024,152418.3668246451,72857.89272473945,43170.18492740343,37929.71329173948,109173.668928341,35940.39642777469,4937.946416873442,22413.35458001001,54188.7976243181,36316.58628051649,47003.38134575253,2205.996972204306,46929.71544450043,32750.01485320925,19961.35019538459,25336.73764133363,72525.13214870724
8191,23775.17643146391,19235.61258490511,96008.85267271417,55854.06747339781,84051.43802076517,51899.95569048374,18800.76572037644,25230.07458215721,31325.45716469972,146987.6158040443,112486.8881115378,64687.51339561091,49896.10937423924,39275.35658535166,155002.8477309616,74099.7940469189,46961.89718597438,47151.43661273509,105902.4363003862,40033.68189957723,5367.171676339072,24222.74957782119,54939.47842621931,41340.05434449527,52871.02920633778,2443.55226811307,51516.9280335048,33890.01727048516,20252.16587478479,24899.94880943349,72447.4927456314
8192,25029.07514397395,19747.5165340336,93215.19677994859,57474.55879432325,83705.26083718875,50247.14037013642,19253.85475416375,24407.84337079659,32762.49433659048,129494.5297453693,105801.2136347988,62106.28827410489,54923.79570128019,41867.08487609799,155193.8519103262,80437.88208635768,49506.51411231067,45912.33991781987,102789.1403196657,41884.65570640816,5786.732880945314,25766.52391295357,60871.75812481541,47177.40741917784,58739.75898790551,2756.344061598501,52818.49539242999,33633.96902636767,19381.01947148854,24253.30847607063,72951.54415907811
8193,25966.69440385109,20572.6123511316,94018.15675649753,60301.3944400383,84532.60920408557,51525.06267656336,19302.42876548697,24491.99506051622,35396.48645759833,128607.3653339893,110649.7565278742,59301.38197077573,58790.967401354,44106.63893871155,155193.8518967259,81951.98121648522,50813.00888102802,46421.64911312977,106048.2016435658,45207.45856981947,6864.333806400108,27419.26238624914,68836.34650412851,48973.9301650729,62247.60264553593,3090.380187269503,53703.42254860057,34283.0280547801,18679.98269253409,23569.45461521432,73075.53152528488
8194,26537.28519321673,21150.18792735759,94922.7474503352,58612.51752295679,85109.33906187423,52811.19591455811,19441.02091766244,25609.7309804688,38198.4289358005,131714.8430103009,119188.725628332,58438.29070714383,60999.81839492125,45583.3040199009,154147.6969442403,81186.66326349958,52086.88903112293,46418.41660338712,114473.3112297661,47455.05401951405,7861.175090977607,29366.02862693471,75074.29381606026,47130.08787437667,63648.68248939902,3287.49316026008,53979.81999185099,33602.10715351851,18121.1623253713,23229.81783822787,73669.30950851584
8195,26815.11830656159,21328.1126168877,99495.77954369367,57473.56958666893,86846.80763583064,52473.48985939044,19939.6089058226,26899.74119802734,38910.04428764535,132255.2538249397,118234.8168088468,58552.88946103918,63182.22330201189,43715.69551100418,152573.8867606042,81844.99448168755,52943.90114096715,50060.50424117641,121994.2400350523,49671.95993683845,7791.305895322352,30482.21864539942,83754.53933222755,45250.61186543069,61504.87226249566,3343.568269701632,54382.90822531685,33890.14983908911,18137.55045166201,23307.08682974264,73499.06126938656
8196,26544.84316290592,20854.76090405,91080.19810133106,57473.99755638945,85430.36631259524,51596.65763567483,19033.45605715163,25239.07137647174,38435.35878728259,129178.2660732018,112494.2290609118,54631.03566125278,58760.17341681226,42125.59761799766,145197.8031245823,84910.52130113302,51929.45874462185,47583.85929557524,125657.9905957372,49707.18377029694,7479.332510533814,30511.72918354232,78014.26057390108,43149.80248804324,55608.31516174042,3284.947617043941,53792.74601252845,33479.45974394082,18733.97124791482,23620.71646041968,73536.48505038218
8197,26266.12659648043,20205.67515763865,78656.59342445144,55145.44893320963,84477.74418523414,51188.10682930738,19166.31107789802,24123.53842152986,38393.62265998131,132415.3721258063,107635.9301593357,53674.3497235168,55846.4286240518,41085.32942818071,146254.3571457562,83565.51892114576,52958.2589804142,44066.00386880907,127371.5257886039,47815.71823076401,7557.55229639265,29182.07044305262,75242.73298855856,42666.58038716696,54909.78593086757,3017.288662335979,53458.11184300316,33279.4785995335,19040.06716259374,23308.8966455675,72784.50443584108
8198,25854.28379713854,20026.76305865106,82172.11961969796,54156.21780257448,84805.12464219544,50782.13908239197,18411.70483943586,24287.72200894383,37875.4225307607,132696.8033689914,101968.5217069675,54210.15683870823,56490.41268826415,38057.19899273356,150483.0005060923,81365.00311464339,53001.43493682903,43359.61957794589,131152.5589395353,48186.81127043522,7791.840812377094,28943.50066630148,76650.65736957658,42867.04785484304,54871.14645801303,2985.583452110284,54123.95419997349,33111.0611138923,19153.45618038369,23308.73347905178,72410.29902503472
8199,25583.28562634645,19984.7180948407,86423.21246700473,53620.41342981855,85262.84312334166,50911.24545071031,19032.25746524011,24863.97015594571,37162.68483974552,133873.4372763986,100915.3971991948,55854.07519861908,56438.72896027266,37654.94998796195,155233.9162997628,81225.38058110127,54376.2932866833,42653.03742200926,129320.925312831,49671.1886840084,7863.194364769537,28031.10083396918,77907.81690646843,43452.51919271918,57006.83564640149,2919.143681810205,55492.84815956916,32623.53967514969,19077.89624363803,23777.19564089111,72651.0583079132
8200,26266.79343054334,20526.32624061403,91181.78891786779,54646.90479909863,85631.73657158436,52182.37706134915,20103.28525619514,26443.90350985442,37263.91334818376,136854.3355688745,107704.5304181133,58437.42971287468,58048.92576538266,40999.18234576537,156238.5323853278,79626.19440557866,54955.78459568689,44535.12231701222,131153.0578766132,50052.32949358396,7931.092943013861,29250.33819294886,79186.3250900876,46492.35219409362,61200.48578208501,2986.337216608124,56758.54017756346,34679.81814520137,19052.39085614572,24626.68740682376,71756.56484168206
8201,27063.9962449623,21199.3134531312,99233.09471210485,57983.44629448032,87795.50536681338,54255.41286821258,21129.94649447443,29692.83663847311,38892.38728309646,141379.9643127002,114406.629882291,60415.78256562569,62077.85145666677,46578.02640532619,160936.2445807865,80993.51260899937,57223.33255620497,49736.890474836,131991.861596187,53739.8332135429,8438.954321522038,30745.90909944112,81738.1692620405,49280.01449744853,64341.50421831812,3092.637181417796,58401.72591347179,35216.00484317682,19379.23336042814,25727.23044596459,71719.21138657085
8202,27652.43795416061,22042.64944495336,112381.3127590732,63250.51836149095,89160.65857925705,55797.75350745954,22096.90590681285,28938.03342286343,40230.88915292923,144112.1387356243,119186.5472920232,61827.61030605089,65033.54025026902,49247.09780766449,166705.8747609656,87029.61771475623,56636.28395380454,52632.09989296766,137564.6732038739,54863.44522754843,8647.722630067792,31584.37684880917,79342.79816842462,51434.67462706744,62645.45600718617,3197.746217453861,59578.53671084185,35588.17988037291,18759.38396014799,25575.13978689582,72133.55160476321
8203,27913.10614682019,22432.05389298815,111858.5742333502,67257.36239542859,88787.8443665893,56523.28317898321,21660.53571661621,28905.36900965756,40128.41026923408,143612.7507285937,117345.0145254483,66203.36582971559,63721.63133797894,50041.39115015115,161046.3120275047,85709.92326146139,58986.03114056506,58192.3906846578,141229.3009111715,55981.89699074588,9226.988809183804,32329.77078159885,75390.09309314047,49932.22710721265,61882.99764183557,3231.641381084878,62658.44520783092,35555.56396397624,19486.15836246414,26023.57304883562,73219.35200222526
8204,27913.10614841084,22074.13554511695,107857.3799404077,64928.62537599135,88898.1041742191,55547.22920973906,21149.88200679392,27825.24456489126,39318.06969834783,143114.471446093,117139.2925642078,67526.77620513467,61544.53131514149,50535.54752876271,157713.9600992484,84072.82630761535,57609.74701153544,59132.13155710397,140312.3460647623,55980.29858029038,9215.241709569586,32434.31697869393,76633.12721437468,47747.36791508749,59453.8285268344,3517.112144218733,61225.85053055932,35038.10507816897,19055.7735460273,25424.18827048961,74947.32066088072
8205,27637.42388201142,22069.01386898496,107907.5531584923,64414.6396356082,87491.66690147745,54778.6991232158,20078.68883743237,26161.89366618067,38391.95232344599,144035.1747745039,113786.6104128721,65382.7343629426,60798.34911048007,49094.54791380442,156763.1062518455,81971.81477434542,56139.44814726712,57280.87306043252,142142.9880586661,55123.96018951893,8933.526969482742,31304.05482646264,78412.28615311584,45292.47643452603,57001.73702142113,3552.326561672183,58651.16179220874,34119.58012400381,18826.97733669431,25103.13538212002,75137.91643311335
8206,26656.49339252771,21573.6347521542,105005.8558382037,63036.17107360711,86305.57630169591,57342.51318066519,18792.06865994271,23569.21255226795,36571.03932044713,144052.360004718,106752.0600213291,63033.604667492,58759.66294236114,44572.97374002703,154102.8079855739,78899.82946978875,52226.40964249793,53302.86025050756,144923.0898943488,53349.2283654916,8648.275323069955,29908.3130457269,70691.10605563947,40431.38841612906,52816.28800065172,3457.557933349561,54659.25326729888,34455.39417759843,18662.19687130904,25173.60677347896,74585.53613059442
8207,25038.48599074462,20436.17269385336,98793.46366482934,59830.41215941589,83962.85663533147,55228.24991060531,17049.96407453206,21911.15495643707,34241.46910190216,134802.8256136274,93464.70781084015,60461.01491709475,55273.13925071258,38061.05640594925,150367.8825469461,75830.7656466908,50026.10026252217,48322.421922268,147450.2128781301,48291.54256771101,8077.335429007637,27238.07364747639,63872.02938734223,37088.48930458624,49666.24168210595,3063.064211677916,52187.50511461608,34511.65599630034,19424.09211566978,25109.36964014374,74778.05804292434
8208,23344.12594432153,19181.83805888443,85077.87677631424,56935.25183059064,79219.76605751646,51379.71057192217,16128.99458732306,19401.9619748049,29832.70564856374,160652.272771346,144101.7890339247,60671.83816355422,51777.83699730238,33885.67999291533,153012.9670684841,72473.19952595023,48360.01044177834,43562.05934862724,138901.7262126777,43756.09014014505,7491.477063875303,25707.10749614737,60551.94269087519,33101.50747863865,47032.45765125727,2803.311946206678,46832.59501519219,31997.80902085609,19512.92517581487,24214.97024633168,75546.14599395702
8209,22240.52045266013,18279.81962202582,82823.0956723094,55870.07601689226,78333.16485108764,49561.75415955981,15533.96671849406,18352.55330296194,29210.9814090512,159725.825390411,135428.9139487018,60242.05427806652,48019.89202343576,32168.12373980636,150294.100207311,72164.16789135558,45426.85367565792,39702.46904690722,132094.4600793932,41105.87891746704,6561.348274226069,24143.37452615963,56515.09800914529,31188.64229378296,44785.06458160722,2577.408377579682,45343.91630713021,30479.81677639053,19326.15046561124,24669.33186932009,74639.87212568456
8210,21802.15419424398,18018.13860008112,78451.48033653095,54285.02069440551,78159.87624980237,49159.41706334073,14802.21587827331,17961.09242512003,27749.55350899034,154604.6921570017,128949.9159611956,59401.64984635405,46400.025458429,31914.67122946996,148470.647850638,72454.35645766865,44017.02694368507,39152.38390629659,124814.7755910463,37751.40676331618,5848.387907730656,23078.82058504288,53834.86313887106,30581.12971110963,43678.00047934251,2463.401505669942,44015.39891283701,30377.40012995443,19032.58880179995,24510.16181639513,73361.96449761355
8211,21644.86739559637,17797.19427029775,75612.6265288645,54315.02983063892,78116.67017806745,49292.48049973833,14971.27773059839,17582.49708254459,26786.21108796338,151379.5487757857,123786.9628027142,58709.11575262398,44364.27480462735,31673.25923484532,146923.3453024865,71965.42518029,42658.3614735908,37839.67145104089,117197.2670445287,35794.27588256626,5265.580782030534,22320.22514776215,51097.82962038584,29664.26175903654,42783.40945075984,2352.624639048577,44028.96411801906,30284.36650678315,19089.71613649532,24669.29089219855,72995.13052757338
8212,21198.10859497414,17539.91822371817,74165.48611185532,54020.21056988266,79060.42052809613,49285.52978379616,15128.91193151003,17940.80322773242,26768.21268512391,150045.1539519936,119468.9150883218,58705.9001951887,43807.53470413241,32899.73435961698,144760.1624043743,71809.4431752145,42520.53470819379,37370.92212427525,113412.4855887809,34819.47845914406,4851.609815854204,21782.04823189547,49754.75365351977,29673.15652969735,42156.46730260991,2246.179417888361,43367.08958958586,29927.80397397178,19054.45071899923,24820.81516244252,72991.03175741986
8213,21622.80455192745,17665.87553442326,74063.60192009559,54020.35065683271,80278.10524183785,49992.46132719034,15632.62776052362,19375.57383729167,28030.50816517222,149929.3601620036,116556.6037418984,58706.98386968034,43627.27816606328,35524.21638758364,147279.3416767671,71640.40629818871,43194.39199755232,35882.54731593342,108749.4561953537,34005.2750163666,4620.368214594382,21227.99878209449,49719.87082387727,30582.33535212629,43462.59565784813,2227.469906383234,44046.76199587047,30835.91662412169,19555.13237767886,25048.17621144478,72735.21184713904
8214,22527.45833967891,18048.72855995631,77392.8501720946,54123.29076775775,82122.2360763041,51682.5225148716,17710.87954386538,23835.04970028348,30041.17052202607,151711.8856885485,119466.209833214,60640.0390635213,45477.64985042896,37822.50690338099,152149.7257765604,72800.45931735063,43137.26616028375,37347.8118939268,105863.1812872624,35934.26853677163,4913.915091133736,22753.06761168352,54371.16343347035,36311.1010647837,46991.69409983572,2247.075060770356,46777.40697117485,32279.74711082612,19874.39306806781,25123.80492457599,72946.4476375294
8215,23606.23582345088,19217.23424945346,94471.49422812644,55265.81116648806,83611.06281854211,50952.8384245112,18798.58615196931,25152.38049803165,30878.8263569373,146859.3202815453,111058.8843145638,64204.39056090346,50223.96291327705,39423.37192668092,154632.2424840786,73982.66262879274,46865.81585540604,46686.60762641397,102491.4159857908,40042.33416267095,5344.660207056668,24583.31162949263,55164.82797462222,41327.20126585693,52696.53131791973,2486.8147631235,51214.78940542635,33392.48887499262,20151.72765898861,24699.72179755383,72851.11398553061
8216,24900.05956907979,19737.67665752797,91520.29927388631,56936.2712448113,83259.15521919636,49370.24448893787,19248.75333496184,24312.01635704548,32353.39908361387,128482.5643331762,104984.4726339647,61558.1024833106,55295.27868584867,42005.29721908579,154815.7110735813,80016.079724514,49368.04440490822,45431.78024504294,99282.44109623448,41899.99151949675,5765.707048381598,26144.87433146831,61436.78808476069,47155.99276183774,58402.42043673717,2802.48278972689,52473.84422868298,33142.56346206951,19320.96422873418,24071.89151755741,73470.04020257162
8217,25867.53329776687,20576.53491340537,92368.53954477444,59850.27395076306,84100.19902979454,50593.87308639072,19297.01410539197,24398.02387107157,35056.19134250078,127550.5844744294,109389.7193575457,58682.49506440618,59196.00907396922,44236.38035330775,154815.7110605177,81457.39633600367,50652.77550774144,45947.55526605748,102641.6610408473,45234.79245601894,6847.123682928128,27816.65672691623,69857.42621154115,48949.88056845788,61812.93134822084,3139.590497796341,53329.86738919575,33776.10166986529,18652.4247995234,23407.93021049626,73622.28465518124
8218,26456.292106555,21163.74433862636,93324.14166392584,58109.31956812857,84686.47573823814,51825.36376640332,19434.71251360149,25540.40958112748,37931.32083872475,130815.0375664134,117147.9812688249,57797.64852320599,61424.02811777683,45707.4600707098,153810.8295224683,80728.86710250721,51905.43528816711,45944.28171868037,111325.6940628605,47490.50358865877,7847.494712388662,29785.85486795105,76452.55636341858,47108.7426200694,63175.13518674157,3338.51599551647,53597.23698145994,33111.46349590577,18119.50918010105,23078.17309237228,74351.386391868
8219,26742.97162522841,21344.63677759386,98155.05490361532,56935.25153438497,86452.7053565015,51502.00546476171,19930.085240299,26858.868809339,38661.52365479673,131382.7474387119,116281.2871311627,57915.13587973826,63625.37158026368,43846.91563684769,152299.1100643016,81355.55243753995,52748.17124041473,49632.6066992935,119077.7587016745,49715.41437427347,7777.378114825338,30914.90635007884,85629.82992260242,45232.02321699645,61090.80963389097,3395.106735771324,53987.15931706795,33392.61827350967,18135.1376163331,23153.19441423362,74142.33807697154
8220,26464.09072741252,20863.38964966127,89264.90434713036,56935.69270079151,85012.81708736639,50662.42626756742,19029.77593058761,25161.57570154778,38174.4393216457,128150.3244814276,111065.5540901832,53894.42692802082,59164.94786423001,42262.83215787658,145214.0312704425,84273.71984145501,51750.6274845396,47124.52003872241,122854.1049352613,49750.76539497308,7464.300054221668,30944.75692773802,79560.86466430244,43134.29507259106,55357.86532533613,3335.947045114294,53416.27331918254,32991.74892965952,18703.91065459079,23457.70090522088,74188.29084802054
8221,26176.49962587964,20203.47727843558,76140.71123128268,54535.34197676845,84044.42580732916,50271.23311938503,19161.77420460431,24021.44153919918,38131.6130425212,131550.9541763922,106651.4433376703,52913.62654376209,56225.91806730333,41226.49869662508,146228.90160806,82993.37152462723,52762.28990613669,43562.00443253484,124620.3010953221,47852.47009672051,7542.796810841211,29599.77699883763,76630.6403083047,42651.78170801945,54678.71830614103,3065.82686998469,53092.56916182319,32796.54989494203,18995.81714826776,23154.9515845143,73264.93163380136
8222,25751.5434568218,20021.58096021166,79854.48399613079,53515.60735022512,84377.22552997906,49882.51328698915,18412.03422127786,24189.24592012614,37599.87747405047,131846.6020257718,101502.1989014406,53462.93933674817,56875.49052065227,38209.82191461152,150290.7144721111,80898.63418369068,52804.74663495708,42846.65239133994,128517.5342890357,48224.9030899201,7777.914925983748,29358.45826674374,78119.18198275179,42851.95515236347,54641.15096943895,3033.83011893995,53736.663395843,32632.15974343983,19103.94989038312,23154.79316433239,72805.44370632393
8223,25471.91651016763,19978.83469453011,84345.30328187988,52963.28114957096,84842.52081666513,50006.13445205778,19028.58506807686,24778.20225303977,36868.52300319663,133082.6740421372,100545.3602408992,55148.29468220915,56823.3582896618,37809.09438349933,154854.1948232233,80765.72328444487,54156.70251441445,42131.099973118,126629.6102524648,49714.64033658124,7849.52113628708,28435.54517314265,79448.32606699505,43436.5677861536,56717.58081963837,2966.779411039632,55060.84575992681,32156.29630877121,19031.89261963837,23609.62827909515,73101.07273978027
8224,26177.18769241672,20529.47675950917,89372.22404456927,54021.42495508453,85217.52071251119,51223.26086270229,20092.70608537621,26392.97838586961,36972.39561040885,136214.1535446103,106713.7715611966,57796.76582651663,58447.52812117661,41140.67745843853,155819.1763059502,79243.40974910097,54726.54062347119,44037.07847342872,128518.0485596235,50097.15738046461,7917.660138621804,29668.83137392322,80800.04121455342,46471.94229938303,60794.86901792572,3034.590814573638,56285.19702310625,34163.40339706179,19007.56956312009,24434.40926744846,72002.72157469425
8225,26999.77401544814,21213.68926867634,97877.55682249948,57460.85057602583,87417.107277985,53208.22182947202,21112.74665810998,29713.56128278384,38643.40544752144,140968.3961441867,112803.1065133217,59824.9854978223,62511.41617537691,46698.42000081548,160331.5520731058,80545.00117106862,56956.3156381109,49304.88456375805,129382.6306906023,53797.97604598237,8427.319818554512,31181.6352161623,83498.00315616015,49255.51597045912,63848.73307102924,3141.868245818138,57874.71208901135,34686.76836821114,19319.26091486442,25502.93872464851,71956.85515700618
8226,27606.95213014222,22071.09194186739,111767.2255028639,62890.33575991944,88804.85844277004,54685.0347027625,22073.47040611582,28942.11214884771,40016.8691201863,143838.5873963218,117146.0020950609,61272.40009408277,65492.75395637369,49357.39586087658,165873.5559948567,86290.9516075458,56379.04612549051,52236.8494923898,135126.7079078146,54925.6452308904,8636.827360998612,32029.7643334988,80965.47389060755,51407.01588481624,62199.74540366678,3247.943797270338,59013.08522070456,35050.04365709858,18728.145331916,25355.27221493452,72465.62473283222
8227,27875.92018476129,22466.99158084299,111215.0088524543,67020.73307357989,88425.8728804448,55379.73957637812,21639.91425133376,28908.72737682093,39911.71347779028,143313.9726143466,115472.8383497414,65758.45192127828,64169.46051157563,50148.68485435533,160437.2770853371,85034.69466916104,58689.65108687864,57867.72976382457,138903.9582447933,56048.13553220683,9218.144680916359,32783.74717751562,76786.43820468216,49906.77198748036,61458.44310277211,3282.150639130146,61992.39598916568,35018.20767868207,19421.22928795906,25790.66104838269,73798.88224294918
8228,27875.92018640256,22103.10322409703,106988.1803304287,64620.18814399529,88537.95786480595,54445.15416111617,21132.55361160733,27804.78259992278,39080.20673007258,142790.5225645422,115285.9252882898,67115.22048402607,61973.46796826606,50640.97212725184,157236.3947274875,83476.29272093534,57336.29317895847,58819.40091505751,137958.8232190182,56046.53135016444,9206.355985648546,32889.49802354398,78100.64805654854,47725.11730323511,59096.6765643663,3570.246408674766,60606.59353659026,34513.12268521979,19010.79544460094,25208.71171148071,75920.6600547682
8229,27591.45999918191,22097.89611939694,107041.1829025897,64090.35336546216,87108.23924739847,53709.27578483047,20068.26828238287,26104.74928831888,38129.89907662838,143757.7355714586,112239.7746430159,64917.13542837509,61220.81051560059,49205.42297439871,156323.0544289322,81476.27649770526,55890.48663873004,56944.64016300972,139845.7251475799,55187.10086785387,8923.643713479429,31746.21225941848,79981.68105909253,45273.8263838092,56712.62366708936,3605.784635370716,58116.00075076485,33616.56223724197,18792.60534133532,24896.99789717151,76154.693165568
8230,26579.29598031562,21594.25417462945,103975.8538788742,62669.37895337367,85902.51479362747,56164.16383512059,18789.94517656756,23454.89094307448,36261.4236437069,143775.7889201076,105848.3843330598,62508.79302770794,59164.43295996457,44700.95128172808,153767.7115448504,78551.96106709188,52042.63175707885,52916.12534425291,142711.2660522548,53405.9607905981,8637.382011047823,30334.38783872092,71818.38869342279,40419.86806737017,52643.30902595869,3510.144575402501,54254.47821962396,33944.34603556209,18635.46346008046,24965.4193535606,75476.42376311106
8231,24909.77006395222,20437.81946901069,97413.13422420922,59364.76866775544,83521.01510837056,54139.72699198972,17059.07496075737,21760.26766926291,33871.0048178497,134059.0107843923,93775.87799844131,59871.35798638081,55647.6537818752,38213.66473748009,150180.1382027265,75630.42668276078,49878.975258794,47872.45892891115,145316.053469832,48330.01255400666,8064.420458973581,27633.38021425072,64608.85390671046,37081.87194755478,49580.66758875833,3112.023341977901,51863.46371532586,33999.2624764826,19362.04019196464,24903.05080751229,75712.8219870166
8232,23431.49236603474,18868.52320335977,83565.12507969004,55247.91206057696,79011.82497121478,50647.76893088329,16097.28234268865,19772.97377113716,28407.70181447605,134093.1247659537,105840.1225196119,57117.75451054869,54147.02554789951,34394.6611792559,151541.397299405,77688.74346388072,49457.53028126279,41244.8781610324,119691.9225943647,46864.25947409077,8309.517843619873,28424.54608432579,62774.61272588523,32740.33012327235,44936.76356577308,2623.659186376221,46522.92459710503,30119.03609758571,18767.54349456512,24210.68884734626,73801.184440664
8233,22599.69174436886,18210.96343738398,80678.40798605532,54961.54660870542,78820.81589000951,49276.72641297263,15459.1505397732,18901.93759003187,28419.67622960714,133819.4475314535,99631.98301995313,55126.15997431248,51131.34330919507,33413.38353215421,149736.5094409741,76817.2290711767,47699.84767925964,39296.1385049431,116040.6698092319,41775.5974883767,7240.146431514543,26711.44463949089,57736.93052601696,30831.68391803518,43325.43027380578,2497.102187650252,45119.82648483653,29752.35906711537,18515.60370104453,24079.81330924704,72888.25335133124
8234,22004.53986056352,17891.5736610924,78946.82643323608,54384.0960993816,78859.46695938813,48579.41694802055,15339.67049075532,18204.9944756609,27478.04398696189,131862.5293628727,96690.6422965893,54396.10518576801,48614.23188391273,32273.15855162277,147838.99954987,74789.39033114923,47453.18949219077,37496.41982789039,111680.258215555,39276.87336581493,6470.944637522552,25267.59845795865,54069.35425778118,30459.26593184881,43001.13123123646,2428.415361685693,43457.80352478312,29753.18664640387,18860.85452855802,23642.54612067697,72032.22745983023
8235,21648.84753982488,17650.11542652328,77249.17680455247,53727.58313846852,78546.94040660508,48328.49153235372,14892.93691556474,17857.8733170622,26855.01592457627,129765.2133493024,94095.96317504156,53181.23716429285,45100.31329420184,31868.74853565247,145141.3434802351,72458.07346625182,47230.4643744361,36628.69468564077,108781.5345730739,36753.05201761908,5032.866918131956,24285.58460822383,51641.51031185505,29690.01559752337,42362.11538407842,2312.866148916144,42966.1639390117,29819.63078565916,18907.51004555448,23736.48295651455,71420.20428720993
8236,21648.85131629847,17537.45802745124,74276.3677124781,53005.39520319466,78294.21995119964,48328.49154441545,15012.58232649073,17515.1444844996,26330.09995965191,128510.5034350693,94587.61791371179,52986.9089289423,44058.12422578495,31868.96629995435,143949.0664687473,72124.7670055869,44850.84945429726,36157.1353433689,101735.5295261606,34643.1003551568,4664.058004488963,23336.00592520176,49806.03432752461,30077.60741491542,42355.57001088016,2244.440007605514,42956.29501947942,29680.16817638736,18702.22577120503,23617.8267451267,71193.82204519762
8237,21878.10049581252,17584.23112959144,75501.36535291142,53005.45226510067,79011.10169060816,48590.9342594905,16312.75333451786,19472.78923032965,26553.80076561667,130059.0412885435,98870.28788691554,54936.55948107132,43592.52263927231,35346.6768396082,145831.2637970229,71456.15851307148,44012.25162880692,35557.633647655,100518.8334059045,34206.89256432376,4533.653630255988,22327.1615945609,49807.57210647523,32050.55590541632,45118.86602114111,2241.06013150418,44190.95669443709,30041.77932603019,18888.84783919084,24218.46237688021,71236.9767312278
8238,22860.98030652031,18106.44678235447,83325.39024409036,54484.95416527565,81687.9135144621,49341.45496614206,18049.55737792258,25121.59884962705,26980.91572249251,135676.3787792266,103227.8734601789,59811.54402990727,45434.31640220771,38900.60162513531,147987.3042538209,71457.1386610887,42873.97086338261,37171.05902936741,99590.81052739394,35889.89007275591,4721.402745539711,21901.73606279206,52825.71178583724,37539.00549244451,51112.33392353774,2241.093738073305,45761.18982059335,31310.93165627453,19364.73411559921,24148.52043034754,71196.11512756906
8239,24268.05553344151,18948.40626583571,88433.03921158696,58611.67503012592,83397.91641985734,48843.87899005313,18803.57229321161,25828.3040249252,28385.47618200622,144662.1694026651,117507.7250374583,58775.91271852145,46105.50358237698,41906.38177677777,147253.9598559169,72124.18769192521,44630.96405791224,41756.32682481029,102276.3002969576,39266.18334793572,4664.859758748433,21625.68081858646,55347.99706568559,41262.98228081475,53989.02598934662,2460.173022505272,47943.19593641951,32087.40744133563,20036.57356208786,24355.30195487439,71573.49196897668
8240,26042.79790858875,20045.81436050661,90085.6849590655,57807.32458634537,82082.67862631328,49384.62149085547,19241.32729110764,24812.842956915,31083.34565481216,148880.0185461381,131780.5688610581,58310.30057559688,49499.80370340426,44773.51731943776,151619.743941812,72125.8270726533,46323.36086064062,48736.2548595713,114093.5822460796,40114.77183452226,5054.142518886952,23112.87618433827,62218.44276455301,45634.24179304157,59104.70684007541,2822.819633935605,51367.97931356436,31249.23705259428,19980.58694299694,23461.45407024367,72520.86623173044
8241,27345.38067821187,21410.56583325923,97095.16191890389,57858.42051059172,82818.066566603,51437.56556537405,20520.41330784322,25170.44743770758,35797.51235772715,152393.0310824712,138104.8286789721,58870.62799352856,56979.62529431,46631.50216213564,155134.5681571301,76781.05584477686,50304.56541394177,53317.39098846784,137601.3601460354,49041.63128019888,6804.859239424872,26389.3411080251,72627.05955695659,47531.26791347718,61681.17950337866,3186.043737012102,54065.29479480481,32537.5008770748,19476.70735595576,22911.63106287317,72828.07660963938
8242,27822.15030425207,22084.83018823299,98177.67005826361,55252.09503294964,82666.96244311909,53485.03273019588,21400.06859465695,25536.28248172623,37990.88358150041,156748.3211740425,136468.3586248073,56906.24137504136,61740.4138524895,48180.2989607049,158586.8439001269,79105.58597749026,53460.45115976271,54755.20351864913,143592.6468564626,53178.07315279292,7918.847393779568,28622.01225094283,78755.2108907714,48634.05629018472,63659.25772767601,3252.875022559374,55852.60792118929,32875.39134736663,19075.46990935133,23192.82207866884,73050.62405708757
8243,28304.03676753205,22616.78467129762,103771.9592614301,55258.56507807738,83567.01904148042,54513.23124294441,22076.24530998688,27061.91594162434,38952.45626641632,158017.9250874319,130023.1834428236,59593.9046489517,65204.1025361889,45998.78593935233,161559.0601099324,83451.32277170925,55606.04480663256,56538.87005498251,148962.2834607178,54383.47749544284,8439.710323883435,30815.27861225829,86178.65086587072,46929.71465096283,59755.90787419211,3341.103655093022,56026.09038944427,33563.96285857714,18832.86122009991,23187.65451622862,73538.92592196068
8244,28311.2714274267,22247.73346803823,98525.00926075551,56201.74220781525,82026.66140903808,54506.92271853842,20100.40238987187,24905.81412518457,39247.24859089253,148621.7828842927,138282.5060605858,54150.85797225379,62741.30689985896,42734.42102618462,160128.1816100994,85478.30642729036,55696.28195417795,55868.24433785365,140452.2407012815,52429.5642441696,8439.72012875936,32138.14604222404,81830.33394495521,44295.2717787294,53975.70953937373,3209.032180585685,57284.260611985,32446.63526689192,18832.86122009991,23591.32472030362,73661.24968955951
8245,27588.47328636445,21920.55717350334,97477.390009658,52987.60440174063,80188.24305760722,53999.24992736987,20076.83698455698,24125.01824281858,39539.6215302139,139086.3379831607,141487.4620147405,55541.03170777709,62317.40804000203,43144.78896302544,160843.6396385615,86368.54146561399,57702.82253563139,53800.21181649732,135189.3608621087,51076.26970260072,8987.71904723365,33359.57287380523,82587.64087239235,44093.78094879851,54621.3169996039,3005.994511837097,57726.1724108425,32390.02552662114,19075.46990935133,23872.97721169771,73769.99450048036
8246,27117.99978436054,22156.46032345634,101417.5358610275,52257.88919965293,79674.29611860153,53989.93955621825,20535.85020626479,24473.6297755093,39806.78314563959,148491.5699063732,139374.2579320686,57522.22305732644,63696.36876885298,44304.01489309204,163696.0810924566,85534.7883527956,57711.84800438954,53005.03869134527,144330.0647021593,53179.11796033375,9027.217371052839,33680.87431352582,83717.23354800645,45616.58171247858,55274.01465150111,2946.501044538268,59134.05355146564,32355.96976462541,19150.11873698058,24149.0266894681,73627.26911759425
8247,27115.73332293308,22128.40125311708,106810.3414433091,53749.7548380119,80167.66486602632,54278.74141662543,20535.83227416314,24822.97394647797,39696.33484304907,155232.7472451717,138149.72113452,60102.20709077933,63696.34999662753,45101.80904293898,165137.0907141134,84837.05978164761,57721.8777623966,52423.96298521873,145269.248670703,53181.85942785568,8830.32674749595,33260.01363084112,85004.45830608979,46748.65986078847,57222.14643640775,2934.522063104499,59789.16297488889,32669.53294794759,19019.48328808571,24561.8431928394,73625.53728851085
8248,27598.86175081665,22235.09144332777,109131.245629206,56002.15609617058,81935.78870158186,54764.05119195434,20966.10648298321,26731.2536243055,39691.64346408353,157204.2308688101,131411.6818731709,62435.259129898,63956.17374012237,46722.23680763516,165139.2009034998,83804.04389252466,57636.64710992142,53163.63376338466,145373.5603734188,54160.92460238368,8310.407936373193,33022.30872419533,84983.63234590413,49377.76057500395,60408.84707269594,2944.983227435309,61053.31770286265,33410.30720631246,18879.51673709635,25586.98873544329,73670.27591412344
8249,28065.20337659471,22352.72158260517,109985.6306455036,61985.35531685449,85131.1066419612,55028.62209657131,21620.10039019588,29348.41994529652,39393.57528731133,159737.7439312058,121228.3762127922,63492.6850822009,65706.72030018775,48982.81646685155,164420.7379432861,82362.48077736625,56898.83913677421,56986.04825835268,145269.2407035006,55287.15143041188,8309.515201125281,32838.70877481609,85004.45962954192,51184.75088281299,61059.89809979168,3072.058931759366,58957.14948635906,34828.24953437093,18926.17225409281,25659.84708246512,74240.96235345265
8250,28304.04299277753,22156.25367149542,110542.0181481057,67458.8482863417,87715.49368639823,54763.43791392303,21512.65968233373,29696.09715592916,37781.66982118129,160444.880347039,120358.572352671,63197.8599291496,63198.16638869685,50133.03766334098,161560.6377717765,82363.71020994768,52499.25314827309,58021.63509545819,134294.3251051321,55265.8131532156,8049.813789946031,31857.48103911214,81406.34475239294,50416.2285897743,58513.18344992614,3235.997449459901,57819.05238414535,33781.92293856158,19122.12542634777,25995.04414007071,74209.36588816921
8251,28304.06321842859,21786.87961342194,108346.5363144913,66839.40521754247,88934.7905622569,53996.95313291248,20320.70910947795,28653.02747039082,37314.88372192322,153014.746032554,125008.2683999204,63880.95185875808,62687.66065160661,49006.66576942003,160843.9105393088,81455.0303288405,49343.39414221948,58500.52176148642,134381.6731412824,52760.57243320414,6995.798710248137,30622.55263757463,77589.99169909919,51125.63527798725,57202.20540601118,3341.74785535417,58011.12614660642,33558.08553353711,19066.13880508217,25251.25888476121,74409.85577484626
8252,28279.09162810397,21777.53206629702,104402.1482024033,66019.28279511057,87097.59287461282,52931.69360247814,20969.00035611717,27551.76459651173,36346.56323521191,154988.6389795853,125008.2654908789,66768.36316081548,63980.86599804433,45478.3067160428,162274.838691428,84134.33996865996,53502.88853086589,57343.1613920459,136134.4024013431,55337.30171626768,8438.734666547132,29741.8295235853,77607.50635091221,51126.15940301774,58494.71360367855,3579.739226591648,59073.78729843951,32729.45733270517,19066.13880508217,25584.58865903637,74408.49821754689
8253,28063.55015695524,21712.7695191407,101996.6106510536,64964.97810154573,86772.74015929864,53987.83097258746,20920.65581087266,25883.79791020218,35688.48288773414,149946.3631769217,122442.229355471,64494.00375922657,65408.39862161046,43800.49828432063,162212.5338663611,85478.305687071,58898.13976329536,54856.62680328278,136134.4893509282,56551.27703892574,8953.869979844416,31577.36485230197,78861.37209263332,48233.70330307113,56117.91712115784,3592.070863037593,57811.77477614399,32418.05726303261,18758.21239247064,24973.47113004284,74262.38708946628
8254,26859.33614806244,20990.63277306426,99162.71612574876,62101.66221682601,85207.90900852272,55544.81367250707,19119.61684432393,23214.02194613012,34947.46623329471,148829.3132401863,117642.8257060021,62619.222721332,65955.40078794258,40339.52625436435,160134.167013816,84796.8333622881,56327.60327476364,50680.90447269646,132465.9021427136,56551.27329775784,9349.210864611572,31759.33392107234,73889.19504611086,43083.30653394598,51418.79940363421,3357.159421734167,54934.35933855778,32421.99305404557,18534.26590958286,24694.2761361485,74458.93139212996
8255,24968.12515005097,19917.85250583781,91058.86710267329,57368.3339910597,82132.51400731952,53838.68118673467,17327.88500868977,21740.70985938636,32975.68891126014,152900.9602595866,115920.1979154863,61058.43019221809,62455.40297586553,36912.25062767665,155151.8791045895,82009.0140597419,54027.21294760283,46166.37775361944,128791.4358444012,52761.04801389229,9233.34519619519,30010.06009918305,66462.46296519406,39699.33231291112,48953.71467167528,2988.125702125566,51868.30533042246,30740.77385785075,18181.35775740614,24428.17906842244,74881.75444602207
8256,23391.97575196618,18830.40502512878,84075.16313461885,55768.17261737944,79666.27681121211,50201.58970431273,16109.94275195504,19788.63434299629,28189.45838214587,134239.2947230633,105754.2136012942,58273.56162788935,54424.43562026734,34208.45442371956,151018.0884397058,76954.95836464613,50334.30647614798,40993.78747725529,123255.1401431401,47114.56141604349,8337.83694564938,28470.37053601814,62428.91729163106,32180.26950247533,45016.53134151294,2627.814466595184,46420.27390682701,29775.59997199511,18584.75261603995,24460.63803728954,73863.33636192788
8257,22561.44865033888,18191.74703857804,81299.52712091437,55472.94360544361,79469.72113314214,48691.98888009524,15471.8445489499,18914.71997383441,28201.22840630405,133961.1058928537,99145.73892622463,56412.33684176201,51483.38261442663,33253.25746846526,149210.2513048169,76013.68432444449,48465.53028307503,39132.10594057268,119254.4829325463,42111.04691970433,7278.458669469116,26750.54084872617,57393.3712733744,30313.77901399875,43355.59247732891,2502.745577682513,44966.34835194881,29397.75132929206,18364.79897004953,24327.18814451354,73092.57695099337
8258,21967.20796788434,17881.53823018389,79634.57694991585,54877.61989514476,79509.49456748304,47924.20893944795,15352.37079098182,18215.47393176491,27275.668859325,131971.9277387855,96014.72428292147,55730.07142932626,49028.56226619814,32143.33772971908,147309.6407882503,73823.52891257472,48203.28216882761,37412.78801022612,114476.8043904219,39654.13341185312,6516.444965596379,25301.02393052549,53727.35020625536,29949.58651617116,43021.30975251577,2434.86639997756,43244.11835727728,29398.60412258127,18666.2169288072,23881.31980061501,72369.86083409537
8259,21612.06022632273,17647.02079480341,78002.25300018884,54200.78659871627,79187.89274567697,47647.92486411159,14905.66073790373,17867.20577147496,26663.27524633982,129840.037267659,93252.72589908652,54594.7286513146,45601.60278820336,31749.67624454192,144607.5766145326,71305.60372076729,47966.47980349439,36583.8276762002,111300.6891433398,37172.5426248604,5091.805894329338,24315.15320045406,51300.53576465021,29197.3263915152,42362.62153409111,2320.675862897007,42734.66905270438,29467.07262686959,18706.94908519081,23977.10439758632,71853.14864681309
8260,21612.0639970144,17537.60177103662,75143.83781429323,53456.24556148757,78927.83369423849,47647.92487739228,15025.29984907305,17523.34445090103,26147.31905803793,128564.6433390027,93776.08525490617,54413.12113949534,44585.20482260114,31749.8882210388,143413.3513631555,70945.61802060917,45436.46232117501,36133.33480599325,103580.420907847,35097.89633093423,4726.443451727825,23361.84502690433,49465.83809659514,29576.35758052682,42355.87465882963,2253.054304607432,42724.4426300604,29323.36098626428,18527.72759748261,23856.11418874448,71662.02113944889
8261,21840.96218686055,17583.03036442581,76321.69745803431,53456.30438956894,79665.53252769861,47936.89019671069,16325.40239846977,19487.45789441406,26367.20152090462,130138.7089889285,98334.92547767384,56235.14759412062,44131.12550086014,35135.16712609176,145298.6242954049,70223.49131526519,44544.86127212714,35560.61528718381,102247.2937887321,34668.98751148886,4597.257689309397,22349.03843864096,49467.37522346517,31505.73012828851,45204.23989745961,2249.714170494643,44003.83011205716,29695.98940507624,18690.6562230171,24468.56447410012,71698.45530274152
8262,22822.33716924546,18090.23475039368,83844.6533126147,54981.59971165218,82420.0746666553,48763.25893623021,18062.11499296089,25154.933025814,26787.02606395924,135848.6488320432,102973.5122727906,60791.01572349845,45927.34030529095,38594.63463191444,147458.1878294579,70224.54991841836,43334.63594871915,37101.9624007211,101230.4643225206,36323.8237836531,4783.252313676681,21921.94203902375,52484.23508916903,36872.95791653037,51382.21922672416,2249.747381903757,45630.94517213208,31003.80921792657,19106.12422078804,24397.24675192768,71663.95711779218
8263,24227.25810768624,18907.99182176727,88755.7595830575,59236.05050347282,84179.73330932664,48215.39766001008,18816.09020668135,25863.97338584865,28167.6121184046,144982.5710839569,118174.2076691149,59823.1768230747,46581.91758415123,41520.52625646436,146723.6451103626,70944.99233626535,45202.67916060867,41482.38765088087,104172.9404102699,39643.62226774983,4727.237713698655,21644.80258195954,55005.45081773968,40514.68430653823,54347.47146610296,2466.25064101642,47891.99479151396,31803.94202444777,19692.66727423102,24608.09572093245,71982.56468344778
8264,25999.2832812359,19973.85454700104,90344.81140414237,58406.80387048845,82826.30312316971,48810.78789352709,19253.82215521893,24845.15690278075,30819.43172904593,149269.951878953,133367.4434130389,59388.04364442526,49892.2187974388,44311.45821006516,151096.5631044201,70946.76293986553,47002.0431928675,48150.49393644006,117121.070003455,40478.01150523158,5112.88267737907,23137.83893922534,61872.98316892418,44789.39707407296,59620.64070060886,2824.633102801444,51440.84146760434,30940.23495413155,19643.78868770984,23696.66562410582,72782.40339770206
8265,27299.87174451227,21299.37577386164,97084.5631899546,58459.48131160646,83583.0455478547,51071.20361840809,20532.8408235239,25203.9430255854,35453.13244608636,152840.8767670942,140099.5264868072,59911.6920375225,57186.93688502368,46120.06097391657,154617.1307171819,75974.61564210767,51234.87810884367,52526.97209838761,142878.4104821641,49255.49972681505,6847.239179234722,26427.17224877163,72277.18628557157,46644.52412720049,62276.43115707195,3183.586265845735,54235.86761257108,32267.74853440407,19203.881395729,23136.02746020591,73041.77159391841
8266,27775.91141717576,21954.25817031036,98125.41633879977,55772.48506077118,83427.55360337162,53325.58893410463,21412.44979335638,25570.98690808539,37609.06507486876,157267.9642375256,138357.5277913763,58075.8941392339,61829.90998063106,47627.69338628288,158075.0476503102,78485.21086337657,54590.23028854172,53900.55170009848,149443.0297482977,53322.72740491437,7950.817260045865,28668.6122552156,78402.73903462598,47722.95553595463,64315.40535037509,3249.631721349157,56087.92642891301,32615.93357184234,18853.58485045015,23422.74957384531,73229.6615031398
8267,28257.06009299639,22470.92144058596,103504.4368938885,55779.15536620695,84353.74639942053,54457.69775059103,22088.59090557596,27101.66155926606,38554.22470124051,158558.4976943564,131496.732062017,60587.6230133349,65207.88259450543,45504.16127282006,161052.1206091125,83178.79855876272,56871.43528124596,55604.53460408171,155326.5104775845,54507.96197528496,8466.812794219819,30870.49271693725,85823.0311700364,46056.257197628,60291.889232091,3336.822924936099,56267.69332597722,33325.48390986361,18641.7776364959,23417.48036415511,73641.91962659027
8268,28264.28367633725,22112.47873985594,98459.38990397305,56751.52563738741,82768.65925589582,54450.75168326016,20112.85202062205,24938.43527815829,38843.98522338303,149007.4591772184,140288.6614888139,55500.87809493199,62806.03387979752,42326.55763015414,159618.9039827004,85368.03044166006,56967.37582982476,54963.86846291602,146002.1043267337,52586.74313528711,8466.822507470453,32198.55573694476,81476.55811188927,43480.000503241,54333.74506362425,3206.304401741208,57571.44095627032,32174.11450602784,18641.7776364959,23829.09086244263,73745.19379060919
8269,27542.59216815375,21794.70723933733,97452.08311647798,53437.90410060073,80876.8561889336,53891.77320230926,20089.28785610961,24155.05939115873,39131.36765679144,139314.8215436231,143700.2907311834,56800.05107743524,62392.62526533744,42726.01868479261,160335.5311051371,86329.52360604961,59100.73896648062,52988.22335802071,140235.5963865528,51256.09298097035,9009.700447754089,33424.77974845431,82233.54391046824,43282.95994300026,54999.22782069816,3005.654134324633,58029.36107728191,32115.78002705147,18853.58485045015,24116.28352902126,73837.00366255568
8270,27072.83897990872,22023.8292729009,101240.6118740845,52685.6028132109,80347.98505646792,53881.52191995978,20548.27690913783,24504.82285022352,39393.96909772018,148875.09962575,141450.8155600216,58651.55366932895,63737.4607869558,43854.43436013383,163192.6335901254,85429.03341609603,59110.33488620321,52228.57384766363,150251.0143484381,53323.75472991476,9048.82966490532,33747.34310643127,83362.65759296477,44772.12704660212,55672.01904396775,2946.86021595163,59488.24292644463,32080.6866822903,18918.75630104368,24397.7629692922,73716.50504735444
8271,27070.57598852439,21996.57677009491,106425.9019124097,54223.64455489201,80855.68043972782,54199.51025424615,20548.25897798035,24855.32136844242,39285.40603426441,155727.4059256921,140147.3138562126,61062.65198452636,63737.44247928758,44631.02449759831,164635.9978931178,84675.45573955205,59120.99857085507,51673.45715461008,151280.0729584384,53326.45032504874,8853.778958463563,33324.82948444038,84649.33651553321,45879.20131224369,57680.12488416484,2935.022088362407,60167.08378841151,32403.80324911734,18804.70626203038,24818.69967687839,73715.04291775913
8272,27552.96472745116,22100.2001144514,108657.4975394761,56545.76195272538,82675.14775100081,54733.86570075249,20978.51053133213,26769.9066256437,39280.79473232145,157731.3896477547,132974.7685516654,63242.98247023815,63990.8363521522,46208.3840467729,164638.1115306586,83559.75294945751,59030.38095076595,52380.08383336233,151394.366706414,54289.13301204278,8338.718720602386,33086.19098670454,84628.5193863994,48450.233839312,60964.92943808095,2945.360245973273,61477.03271375757,33167.14680438041,18682.50979287953,25864.01008955875,73752.81435212713
8273,28018.59236553816,22214.44893531274,109479.005759327,62714.15266673661,85963.25259113376,55025.17428561128,21632.47000343825,29395.72091902731,38987.81427331856,160306.667918291,122134.7870131056,64231.18933469348,65698.06205261465,48408.88134126554,163918.4745662623,82002.8011091089,58245.94013437197,56031.73553993775,151280.0642288195,55396.51492815848,8337.834327848548,32901.8699446088,84649.33783842405,50217.3136747683,61636.02334451293,3070.941741327932,59304.93048466212,34628.28982553125,18723.24194926313,25938.30157854983,74234.62721724404
8274,28257.06630871082,22023.62856122095,110013.9834310922,68357.06074331763,88622.68608355832,54733.19044450811,21525.03495271171,29744.54696872877,37403.42237865143,161025.4615464077,121208.8933887429,63955.66343198145,63251.58744497381,49528.53161354155,161053.7008489344,82004.1289506027,53568.28016020011,57021.05850478148,139254.9107245062,55375.53369977698,8080.559792376347,31916.78841604784,81052.7487079443,49465.76551136174,59010.9070144308,3232.952601771868,58125.60564175008,33550.08461713978,18894.31700683378,26280.09204639401,74207.95130133533
8275,28257.08650339559,21664.87228624843,107902.9838952351,67718.44472327427,89877.38938190803,53889.24429254852,20333.14714029536,28698.0306402424,36944.60383888723,153472.8407483267,126158.4275570245,64594.04017356139,62753.71521782126,48432.09676991169,160335.8024485499,81022.71454127107,50212.95641034526,57478.55135741701,139350.6174781108,52912.21263530324,7036.394345686466,30677.0098068781,77238.0139431594,50159.50373921037,57659.56996077146,3337.459550422717,58324.63730548191,33319.42751934947,18845.43841841399,25521.67634846458,74377.21869594936
8276,28232.15314557504,21655.79343754919,104110.3761194055,66872.93793864427,87986.842424848,52716.32905167046,20981.40425209341,27593.12883411281,35992.81158876913,155479.2735117116,126158.4244603919,67292.4415727187,64014.91754958412,44997.51550253598,161769.0688083821,83916.48730135045,54635.34989587231,56372.89497877099,141271.0731039261,55445.82606003939,8465.84625427366,29792.82763407683,77255.5211680496,50160.01628804285,58991.86856620838,3572.652520160604,59425.79351923265,32465.5533604249,18845.43841841399,25861.56280304664,74376.07255241605
8277,28016.94167704415,21592.89251186775,101797.4038248335,65786.00049236271,87652.55650855265,53879.20024171461,20933.06225236123,25919.65064104903,35345.96399721227,150353.8753042236,123426.9161208822,65166.96170531604,65407.12295491174,43364.30036692713,161706.6621741346,85368.02964219054,60371.60571778298,53997.44399446018,141271.1683740991,56639.48819404835,8976.167695470649,31635.57206694045,78508.85521983184,47331.44502948655,56541.90140562515,3584.839156097735,58118.06440129155,32144.66581120354,18576.6061859024,25238.42443890191,74252.71545753093
8278,26814.57136798892,20891.51383250299,99072.55776325693,62834.05948837139,86042.28517503828,55593.5324643746,19132.11811692336,23241.05286513929,34617.59573630805,149218.4106911229,118318.0203760791,63414.90380758473,65940.58843242297,39995.3150904367,159624.8991668642,84632.00942978321,57638.59954948002,50008.26814899806,137251.5179332975,56639.48451548061,9367.814171397733,31818.25582310897,73538.7865780785,42294.8035843226,51698.11937535298,3352.689901197104,55136.41415165672,32148.72151463904,18381.09183412187,24953.73760941551,74418.65171790555
8279,24926.25588969747,19849.57099942601,91280.54542936021,57954.22567417215,82877.58564358052,53714.97729697451,17340.4806223465,21762.87247402002,32679.47462885845,153357.1792058748,116484.3080168739,61956.28073530055,62527.2052339108,36659.13062409452,154634.4699515897,81621.04144092635,55192.81401728313,45695.42368385699,133225.4258064295,52912.68025820176,9253.031252492348,30062.11169098039,66115.20373283708,38985.57022327307,49157.14597448805,2987.995433507523,51959.29187055177,30416.28032367146,18072.98872072995,24682.40634559201,74775.62811158455
8280,23309.74493830061,18752.49446808032,84626.0291410484,56165.26010479153,79975.50132363172,50493.97428084615,16029.62023887203,19732.94883686704,28211.53557358207,135430.2344183059,105571.6438772405,58353.832185223,54524.81082155707,33887.3955769608,149298.3522136881,76905.25921829694,49887.29538540879,40964.5584290877,125682.8603270466,47073.65336264109,8373.265271855702,28232.10465582564,62400.50860187375,31474.60213496277,44962.33661768542,2573.971841627016,46677.68862751751,30023.07484534616,18627.89975931867,24819.36383363733,73809.38759316411
8281,22522.61288296984,18159.51341172916,81852.19692788486,55882.35591179414,79790.46722790692,49041.96818368284,15389.92410231858,18886.81385193713,28223.52277168252,135163.4138622775,98859.54645788288,56506.42778032075,51628.46479681748,32925.74393532281,147628.0201503944,76000.78049067092,47962.56574764104,39123.77101386525,121771.2125992056,42283.17844142989,7312.338796258425,26583.69719179997,57211.67144290334,29634.58703168624,43332.06791940345,2450.723050360918,45205.83452504013,29665.44293505244,18355.09613634652,24681.3201483371,72836.15717622553
8282,21959.42127992027,17871.490791227,80188.3287568333,55311.88496542627,79827.90924703045,48303.48080528773,15270.15115666261,18209.79495838558,27280.88531450376,133255.5241001042,95679.43662307234,55829.22847713022,49210.96020138132,31808.32398022306,145871.9710990789,73896.24037203858,47692.46560412915,37423.74942231636,117099.8312661163,39930.87536495078,6549.211468292558,25194.37676963894,53434.05005494083,29275.56045178129,43003.95791223168,2383.831702104727,43462.36748536813,29666.25009977035,18728.93813749953,24220.10352185555,71923.5905597194
8283,21622.83001009447,17653.74608358508,78557.0656042746,54663.30718418345,79525.15888710372,48037.73759986426,14822.32244664924,17872.59730498033,26657.19215502957,131210.7540046661,92874.12932661778,54702.31609942827,45836.09397444751,31412.00235106805,143375.4273898384,71476.74331116582,47448.57308637355,36604.09271920871,113994.3805024988,37554.94571820043,5122.4903972062,24249.44793045072,50933.35898651015,28533.97082166783,42357.43274048653,2271.302952616661,42946.63609429105,29731.05520746748,18779.45732658997,24319.18534564623,71271.14310292318
8284,21622.83358376747,17552.1527274156,75700.50801455992,53949.84823274267,79280.34382050045,48037.73761263824,14942.261159586,17539.66640972474,26131.71582998494,129987.4794506776,93405.69510454922,54522.05710019342,44835.14628619463,31412.21575998349,142272.0355578674,71130.82980018354,44842.80378647519,36158.65584411241,106445.8783159775,35568.63368718528,4756.59400565242,23335.72936842822,49042.8097986038,28907.62561214226,42350.81045005351,2204.665474702076,42936.28356828193,29595.0328356695,18557.17289506303,24194.03024835584,71029.80825700164
8285,21839.77184175097,17594.33225990988,76877.6022035179,53949.90460494944,79974.80066808083,48315.67824355738,16245.61944214437,19441.34597647833,26355.65544181372,131497.2204119587,98036.0192260803,56330.55423778362,44387.96942952828,34820.37048507883,144013.9136098356,70436.93172614937,43924.50711160948,35592.36410092018,105142.4115624149,35157.98694187401,4627.219448233604,22364.9832811592,49044.39371839949,30809.63081905134,45146.57903006944,2201.373948762678,44231.44734590252,29947.72382933328,18759.24965142474,24827.56312496589,71075.81332087635
8286,22769.86997511868,18065.26130003904,84395.66912029323,55411.52397408659,82567.8787150866,49110.51912403283,17986.68113416538,24928.66733668983,26783.22635393697,136973.8217646453,102747.3403686767,60852.59311943797,46156.87995173236,38303.21513598324,146009.2195718799,70437.94894748137,42678.04616193855,37116.41228702669,104148.2052453689,36742.36361677193,4813.48588935935,21955.62362293862,52153.09226227475,36100.72673090423,51210.47851265589,2201.40667685409,45878.62657618622,31185.56894806566,19274.54538344383,24753.79040779761,71032.25279803923
8287,24101.38378566779,18824.5322435383,89303.58381370522,59488.36574520863,84224.39074734152,48583.56000960359,18742.54446210231,25615.16921321577,28189.28621472759,145734.4834063759,118186.3869503347,59891.94083218848,46801.50699372946,41248.87829846073,145330.5465698235,71130.22857444582,44602.02087216961,41447.67491972454,107025.215020761,39920.81176420436,4757.389428375688,21689.99339630844,54751.05836381713,39690.79675857667,54120.97570951976,2414.759215785161,48167.55749636039,31942.89077417514,20002.02170822986,24971.89750490881,71434.55547454741
8288,25780.82063272679,19814.1642814118,90891.60295884828,58693.73737192654,82950.29511662172,49156.23474281084,19181.37258449281,24628.7381623409,30890.0357265558,149846.659034578,133617.8569101417,59460.03870142616,50061.48827960071,44058.6698080721,149370.8580529027,71131.92996343884,46455.26006413874,48040.94336653742,119685.2653667035,40719.67438758827,5143.597982344258,23121.02595352279,61827.65083761481,43904.87451734037,59296.77292224974,2767.926223263852,51760.16546844082,31125.39621529129,19941.39868273421,24029.09292978112,72444.50404515707
8289,27013.45334059669,21044.88399974607,97626.97478710923,58744.21570693481,83662.67926966706,51330.41043349537,20463.59418743915,24976.1194405587,35609.23491313948,153271.6569522563,140455.5009427057,59979.79878373238,57245.31927231449,45879.49409709601,152623.6493863162,75963.23904091145,50814.83123416753,52368.30321018966,144869.5381136854,49123.43482987079,6880.489112090097,26273.75765666148,72548.57674026904,45733.68737083508,61903.52272125265,3121.655626722787,54589.65744909834,32381.88138950652,19395.7914367899,23449.15572147918,72772.00574563998
8290,27464.61993736207,21652.92909337939,98667.15151748195,56169.39251816645,83516.30185832785,53498.78578890996,21345.40588512083,25331.49598653038,37804.94761220594,157517.8300985921,138686.1872170687,58157.63246127246,61817.71447965328,47397.31424545766,155818.5552847206,78375.69266688309,54270.64676165109,53726.4667815711,151288.1030355976,53017.48814080789,7985.679986914261,28422.11366196209,78860.60240904259,46796.82168210344,63904.84611468165,3186.739938498351,56464.55424674806,32711.4368410861,18961.32641014124,23745.74777112805,73009.25250785383
8291,27920.62859183744,22132.6405167666,104042.6764124268,56175.7843607702,84388.20364293402,54587.70206254984,22023.24019842064,26813.51461285354,38767.54679854574,158755.625499167,131717.8122782201,60650.71068617048,65144.33849236041,45259.432490549,158569.1904619084,82885.80347989888,56620.15382170267,55411.32545562552,157040.6838779578,54152.25780906151,8502.429608653669,30532.55297744425,86506.78167600575,45153.76476107402,59955.62647384068,3272.662269339799,56646.53787310769,33383.02279947612,18698.62662592909,23740.29717758225,73529.8068334708
8292,27927.47474290318,21799.83370029167,99000.90804349925,57107.56144141411,82896.03018283893,54581.02100358781,20042.5536432929,24719.05146937584,39062.65382075161,149594.8931797901,140647.6016348169,55601.73700017909,62779.00030802472,42060.35638102458,157244.9850683244,84989.45617119942,56718.96694763925,54777.84967215807,147923.7337836433,52312.84059983742,8502.439336099469,31805.46331912114,82027.9941060363,42614.05118800429,54107.50277274669,3144.043151016628,57966.3621872231,32293.25723514371,18698.62662592909,24166.07668860258,73660.21011662406
8293,27243.49162057256,21504.78927272019,97994.25587372754,53932.27246619939,81115.11968856124,54043.36883123655,20018.93046910322,23960.57699209209,39355.33887505219,140298.3482364563,144112.7261846466,56891.26307381388,62371.87592274275,42462.51676988512,157907.1051437068,85913.3636378942,58916.20558566499,52824.37773059407,142285.5232361222,51038.84685047902,9046.110650505976,32980.76388991351,82808.02392330703,42419.80556551688,54760.69701818147,2946.31289898265,58429.92898158647,32238.04393332246,18961.32641014124,24463.1554891998,73776.13754960238
8294,26798.28303937514,21717.52445862091,101780.3225829283,53211.37722895844,80617.24960558217,54033.50865877476,20479.06892829288,24299.22241275111,39622.78569177666,149467.9425430882,141827.9786092004,58729.01747588661,63696.26858388579,43598.55764676697,160546.8948662947,85048.0744803663,58926.0888189597,52073.25395829891,152078.1110165117,53018.47172437776,9085.297051981775,33289.93162369513,83971.50987124571,43887.84945797011,55421.06477489242,2888.374594450898,59906.80049506625,32204.82825247272,19042.1571131569,24754.32439509374,73623.985119351
8295,26796.13828930489,21692.22105955223,106962.2428606184,54685.21089751792,81095.18520666764,54339.3650102046,20479.05095223198,24638.57952701341,39512.21948302921,156040.2271874769,140504.0376315234,61122.21236634161,63696.25055451263,44380.39554570977,161880.4760986826,84323.95488401366,58937.07178737147,51524.36747990917,153084.2743946095,53021.05254649725,8889.96129401802,32884.96442648441,85297.3576305316,44979.22033920718,57392.08981663522,2876.70874430295,60594.0122331521,32510.65651803229,18900.70338229082,25189.75115479061,73622.13890252193
8296,27253.32221358126,21788.43324431013,109192.388242271,56910.38769898358,82808.00007901287,54853.33357323966,20910.37994693694,26492.30527511234,39507.52309590644,157962.3174834444,133219.024796339,63286.352976046,63945.79258415554,45968.41400784277,161882.4289718072,83251.86599502515,58843.74096491345,52223.06350921255,153196.0252535413,53942.74614256917,8374.148335454596,32656.23626591235,85275.90679028493,47513.78384758176,60616.23861566665,2886.896453177114,61920.11431130697,33233.15749600634,18749.14581501952,26271.04465490106,73669.83252558619
8297,27694.62080464246,21894.51096964654,110013.3625891775,62821.26883358959,85903.3647701595,55133.52806875487,21565.97707258104,29034.6520037646,39209.13672435538,160432.3561961938,122209.0692939999,64267.22198657979,65627.06672680027,48183.78103139602,161217.527984675,81755.77690790659,58035.81303112192,55833.73180762513,153084.2658592134,55002.97796586786,8373.262650229159,32479.56982980372,85297.35899369374,49255.79839628114,61274.94039744555,3010.650391046173,59721.22760340934,34616.12228880882,18799.66500410995,26347.89350590753,74278.21294748141
8298,27920.63448278073,21717.3381018752,110547.9925953953,68228.60446465062,88406.90919198854,54852.68407956671,21458.27298164876,29372.38981277938,37595.51051128427,161121.7760962639,121268.6573968144,63993.7419802265,63217.78100825153,49310.99727352476,158570.6505078337,81757.05284279223,53218.09819664342,56811.95135129641,141326.6565700369,54982.89007595539,8115.612127921292,31535.39741764441,81591.2831762705,48514.91062854517,58698.29830990895,3170.303546161654,58527.36035046114,33595.60628111011,19011.84559923167,26701.44954705702,74244.52952773498
8299,27920.65362229308,21384.24013804209,108438.3649332586,67616.64851695792,89588.06504814421,54040.93640517205,20263.40042877659,28359.13941997264,37128.22610690266,153877.7955263153,126295.8016549703,64627.37850450465,62727.47694264039,48207.15333691487,157907.3558485925,80814.00287188674,49762.31195022728,57264.30964625286,141420.2339713415,52624.4522637163,7069.920714188112,30347.10515347675,77660.42097634866,49198.8084704268,57371.91445140872,3273.289630167873,58728.84629986453,33377.29045518723,18951.22257138125,25916.92663921568,74458.26182175215
8300,27897.0230325759,21375.81061017975,104648.2218566633,66806.43879870856,87808.33703387513,52912.77056564064,20913.28091419015,27289.35946661738,36158.87191533055,155802.2347827602,126295.7985097815,67305.74313200885,63969.50772302401,44749.36309172752,159231.6071928464,83594.65525609041,54317.11730520549,56171.06232802528,143297.9619269503,55050.18952901713,8501.461656184129,29499.64188198332,77678.4611528721,49199.31374896895,58679.61141729056,3505.059892832626,59843.58101598507,32569.10269931217,18951.22257138125,26268.51312458589,74456.81459745232
8301,27693.05636463264,21317.40836963551,102336.7526917005,65764.87733744628,87493.64608806984,54031.27555786922,20864.81785581402,25669.07663841936,35500.08905162668,150886.2875876186,123521.4593501353,65196.04585157395,65340.55019772053,43105.11160237044,159173.9472409987,84989.45540298182,60225.12364174465,53822.27162927396,143298.0550774843,56193.02793221411,9012.528892698549,31265.85960683671,78969.94896311402,46410.86458805968,56274.88427179144,3517.069179569795,58519.72611797279,32265.38418812061,18617.79592291345,25623.92424969715,74301.0527926865
8302,26553.50991180656,20666.19241532153,99613.677423836,62936.16994844624,85977.76466966458,55680.20208197604,19059.36377341333,23075.62427199776,34758.28134450568,149797.2240936252,118332.4546810513,63456.99772475028,65865.90646027577,39713.36060905965,157250.5242555335,84282.20693251233,57410.28792635354,49877.86731051952,139367.8366944043,56193.02441027237,9404.747729659775,31440.95675130959,73848.58243057433,41445.66579058039,51520.5453882029,3288.29833728778,55501.30874622131,32269.22289177945,18375.30381386653,25329.4375455024,74510.57889587591
8303,24763.85892916171,19698.76951476038,91826.72887928125,58260.05279412188,82998.57158914025,53873.31809439181,17263.23963768075,21644.43125458248,32784.39910387223,153766.860529231,116469.9891955592,62009.20554568915,62504.41013964159,36354.63207541286,152639.6697891643,81388.94059436834,54891.27258417831,45613.42698664404,135431.3199444964,52624.89997617315,9289.79706439586,29757.74293269949,66199.01227861301,38183.37251762201,49026.49248359325,2928.911181017775,52285.00895162253,30629.47569521696,17993.17036386689,25048.76615029758,74961.32951861061
8304,23156.48338715598,18495.3964192949,84745.70157484562,56110.97966400393,79909.37871861688,51066.82669323614,15898.30415266905,19527.86351749597,28250.01515930366,134314.9692453473,104807.1424157535,58371.74107361622,54274.55100539915,33901.67690470864,144712.0071825723,76091.2838283022,49601.42835358345,40348.81695098495,123136.5128936565,46787.18404663545,8457.8168892321,27852.48912874156,62043.69950237533,30550.30436526574,45025.37265796391,2535.767087998292,46820.39651229569,30020.49321197906,18483.70170503265,24948.10543332843,74681.99507195687
8305,22344.8571313502,17979.80848072483,82091.90200104302,55835.04560170861,79716.13830209986,49625.57584069946,15260.93358608817,18688.83597688845,28261.43007002784,134068.0375875857,98168.94360563344,56291.26797134149,51400.14181590892,32954.59446008897,143054.2491600821,75245.73587171927,47616.05325361222,38495.62459097394,119101.5246301342,42078.99181878987,7414.357942534803,26226.44036454698,56882.56977733945,28687.30992447483,43369.74812891408,2407.319754479433,45314.96952600701,29652.29531155181,18232.18235243346,24813.21579056517,74056.96588970658
8306,21764.13997088302,17729.37722735553,80500.03475606484,55278.62979187217,79755.24088663884,48892.55855807315,15141.59606648845,18017.50397039016,27363.79558290294,132302.3626005729,95023.84602993228,55528.63314627104,49000.94732554025,31854.10362024599,141311.4194158191,73278.31580698577,47337.44264311154,36784.14666622326,114282.8471405186,39767.09263460296,6663.795056085112,24855.96443257805,53125.1201912336,28323.79958085431,43036.53497412993,2337.60697895664,43531.73413140555,29653.12632339914,18576.85702016686,24362.53710977462,73470.89628467111
8307,21417.07455763311,17540.0515419138,78939.3616055851,54646.03152601871,79439.06345229216,48628.78375566658,14695.39540601508,17683.13874158606,26769.87849944273,130410.0103885699,92249.42450505387,54259.54940683214,45651.64223107363,31463.78633574948,138833.6693603423,71016.45963138634,47085.86542295562,35958.96635073999,111079.4765264019,37431.97269749458,5260.564106241489,23923.85243676031,50637.78235213851,27572.94848414895,42379.95429260333,2220.331850596581,43004.23894523396,29719.84605366999,18623.43467773396,24459.35509740217,73051.88071211496
8308,21417.07824251271,17451.71767606965,76206.4164482853,53950.15061783497,79183.39075989064,48628.78376834593,14814.89809026038,17353.00443061473,26269.4892268379,129277.9191508841,92775.137869164,54056.54891687126,44658.27568966684,31463.9965114811,137738.5837174352,70693.08390851771,44397.99208076095,35510.52770596807,103292.957941663,35479.77818227164,4900.691983042647,23022.52738757016,48757.32834839755,27951.26972520242,42373.2290046242,2150.883653477385,42993.65027886813,29579.80499395017,18418.49298487294,24337.05956228382,72896.89036371488
8309,21640.7672472683,17488.3921329948,77332.57398663889,53950.20560115577,79908.64698877034,48904.66564793951,16113.51810614463,19238.71009027268,26482.73761526129,130675.1234889199,97354.48321438697,56093.20620766958,44214.48573668812,34820.51707352912,139467.3491397764,70044.39634887066,43450.76119862044,34940.41976012778,101948.3907877542,35076.1848337074,4773.447501432686,22064.94832414151,48758.90381035354,29877.02844344184,45212.48062216378,2147.453293424513,44318.35664698694,29942.91600174575,18604.80361514135,24956.11738603613,72926.4357899084
8310,22599.80844042607,17897.85771442006,84525.30997293112,55375.81391675708,82616.72886904087,49693.61901311771,17848.25029176413,24679.9385318113,26889.89563077443,135743.4970469728,102013.9338225803,61185.7459005257,45969.99858528384,38250.59599544559,141447.6347001092,70045.34729375466,42165.02605743278,36474.73840628156,100922.8355486542,36633.34776001867,4956.647175427723,21661.14114606967,51851.00247705242,35234.20309484565,51370.69290682764,2147.487401962459,46003.10791435067,31217.33240770092,19079.89572536527,24884.0302388199,72898.46029973323
8311,23972.75667864203,18558.03216077389,89220.84341573488,59352.21136538512,84346.70773496035,49170.56317030349,18601.3657321364,25360.67386523069,28228.82801925094,143851.1358829112,117283.0001433669,60103.89763873866,46609.7432419938,41151.6318260435,140774.070659443,70692.52185528367,44149.62244318674,40835.18913173745,103890.562063269,39757.20188940591,4901.474309599766,21399.11387964982,54435.09591851369,38869.10831475052,54326.45753381015,2369.838992137547,48344.24918044551,31997.02878907877,19750.61399606839,25097.15399272053,73156.82759748577
8312,25704.4547219493,19418.50204743409,90740.14386605476,58577.16086955566,83016.1055591915,49738.99600889393,19038.59852598536,24382.52873078382,30800.6395725055,147656.7884907688,132544.5732591219,59617.50669830263,49845.03353038977,43918.85448399207,144783.9672073344,70694.11239129353,46061.25453624977,47472.88917906124,116949.8041309781,40542.34299887688,5281.324167435251,22810.73617083863,61473.90069297863,43135.81429105322,59582.75475144935,2737.902321047053,52018.80427610515,31155.38191270093,19694.72080829052,24175.89075595642,73805.43795554328
8313,26975.44484704561,20488.59397657279,97184.05449713627,58626.39553055225,83760.08417521573,51897.06722766177,20316.15870315846,24726.99204302982,35294.53689138326,150826.4858567879,139306.9364438528,60202.83975694678,56974.45440925641,45712.09295435354,148012.2719540083,75210.64041268673,50558.18952269617,51829.41081483394,142928.1774482257,48801.75782721439,6989.618408798357,25920.704793042,72137.57882757527,44987.46658088524,62230.04774853209,3106.551767380531,54912.83676071059,32448.98908182652,19191.68210309211,23609.20403875649,74015.76648255573
8314,27440.65097503569,21017.27986464004,98179.21943560736,56115.01026389548,83607.21487928907,54049.38107518355,21194.76463690256,25079.38346362675,37385.4228703885,154756.1477605602,137557.102444963,58150.78877574913,61512.21843665265,47206.91785181301,151183.1270196394,77465.9120641773,54122.89282633383,53196.72696080249,149549.1300315166,52628.92566232636,8076.612967487488,28039.92088718527,78415.8994428171,46063.87802347618,64262.49804596726,3174.381286969344,56830.49981640161,32788.28102377406,18791.11424758081,23899.0195093921,74168.13137703208
8315,27910.84983727277,21434.38159368121,103322.1280828828,56121.24462570016,84517.78578439317,55130.2315694002,21870.1347315909,26548.95329033887,38302.06608285225,155901.6774558112,130665.4476703868,60958.39396224935,64813.6467019317,45101.42539375642,153913.0557758027,81682.16930210804,56546.429474132,54892.93978615935,155483.0989875343,53744.20417235682,8584.854611379795,30121.73458661291,86021.24952196793,44400.30151025625,60251.85555809255,3263.927757753636,57016.63447589218,33479.7085298726,18548.91042736345,23893.69345181373,74502.44238786204
8316,27917.90902882587,21145.01116841966,98498.53324352097,57030.06478948659,82959.43395839613,55123.59999812534,19896.64882207354,24472.08341559799,38583.08423941646,147423.7893515123,139496.9221526594,55272.44132517458,62466.22351587861,41950.81586828222,152598.8188268274,83648.75975930736,56648.35605952622,54255.19505123459,146078.676813255,51936.38136758893,8584.864178668951,31377.37940331334,81566.37785201623,41828.87029786863,54312.77505028868,3129.883580780823,58366.56388552932,32357.74658745086,18548.91042736345,24309.74468959786,74586.19013763791
8317,27212.64152402552,20888.47456144232,97535.44215011249,53933.00787912597,81099.53951923491,54589.93030260317,19873.11152825958,23719.98004364996,38861.79605656886,138820.2121441027,142923.8964986009,56724.654118302,62062.18267810432,42346.88345421437,153255.9545490817,84512.4705870742,58914.82652635525,52288.55879130296,140262.6844311719,50684.27013275198,9119.584265431573,32536.73841035576,82342.24245385105,41632.19880631526,54976.12853067861,2923.81321393283,58840.70460437323,32300.90204639874,18791.11424758081,24600.03578982413,74660.64118990031
8318,26753.5788148362,21073.44454452203,101157.6735783812,53229.87389870067,80579.58874027502,54580.14316603784,20331.57718668845,24055.78087861617,39116.47454863964,147306.3016600042,140664.303455,58794.25977256669,63376.54443017606,43465.71310549264,155875.8722806961,83703.55882756675,58925.02116611429,51532.37324552566,150364.048232966,52629.8923515577,9158.12548591131,32841.71264907745,83499.5156013011,43118.57661137087,55646.76709311711,2863.431114852931,60351.26344844029,32266.70503098117,18865.63850012238,24884.55202549534,74562.92567731225
8319,26751.36732381977,21051.44362691277,106115.3555027429,54667.39558052669,81078.720936751,54883.73398987331,20331.55927597823,24392.28742903463,39011.18694169539,153388.6858911066,139354.9387551762,61489.38033462693,63376.52653735685,44235.70601827529,157199.4144883898,83026.61881082975,58936.35019206199,50979.78785741756,151401.9375584581,52632.42884467036,8966.005816032757,32442.2383534712,84818.28357795512,44223.57726107488,57648.44780373859,2851.273207831359,61054.15043572216,32581.56878342947,18735.22105763187,25310.03009019155,74561.73999777033
8320,27222.77802823971,21135.09864670362,108248.9953225059,56837.74896994925,82867.499691564,55393.89550441415,20761.32020468895,26230.44207703939,39006.71476735714,155167.5028991206,132150.1321928095,63926.5491083306,63624.1785433819,45799.66571230361,157201.3526605417,82024.38123279538,58840.07864964262,51683.1923531065,151517.2121014645,53538.29114368102,8458.685413709492,32216.61262017922,84796.94728124117,46789.7940913199,60922.74230660703,2861.890626680747,62410.50080473467,33325.41555853471,18595.48808493056,26366.61803649931,74592.36985243123
8321,27677.80907510112,21227.33160279657,109034.4434695078,62602.99912738233,86100.14478784366,55672.01455386326,21414.53395344145,28751.43336224128,38722.57382265716,157453.4240558475,121261.3937033587,65031.16463693661,65292.7187676477,47981.46952311255,156541.4569608765,80625.7689361865,58006.69406884442,55318.19270666085,151401.9287539272,54580.31209406048,8457.814310769103,32042.3424555638,84818.28493383824,48553.56408115567,61591.68898293786,2990.864413510184,60161.45765277492,34749.23910005396,18642.06574249766,26441.71103359282,74983.08464203925
8322,27910.85591153212,21073.28251018833,109545.9383162076,67877.1100235991,88714.72219828304,55393.25082164617,21307.22141309933,29086.33420940498,37185.98462057252,158091.4543536337,120331.3355193228,64723.18236964414,62901.68090464698,49091.60823445695,153914.5048306936,80626.96173829699,53037.17997011139,56303.00440721566,139273.5831589896,54560.56924001878,8204.405852400645,31110.97662673594,81131.99887811345,47803.42361215395,58974.971967391,3157.251619841325,58940.35837560514,33698.57264504307,18837.69190514791,26787.18897402685,74961.45243661996
8323,27910.8756466333,20783.65893676189,107527.6010267017,67280.23131069083,89948.26269102839,54587.51589391303,20116.69273471882,28081.59501266003,36741.00909634079,151387.4426479498,125303.1321050741,65436.75853189709,62415.0903868708,48004.4877339581,153256.2033666939,79745.35562474301,49472.50687014549,56758.411114839,139370.1112060598,52242.64069220921,7175.931131256431,29938.80214329062,77222.12675773607,48495.86242704497,57627.95864781798,3264.58158019435,59146.4402046936,33473.80682739319,18781.79871519897,26020.59096160674,75098.71584169334
8324,27886.50971346521,20776.32959150355,103901.4696285635,66489.98335961232,88089.60317523894,53467.70656170428,20764.21062568127,27020.80109769234,35817.93337304154,153168.4335240994,125303.1289945132,68453.02586936798,63647.71406452177,44599.08363896192,154570.4859204283,82344.83626438369,54170.82758986877,55657.7964751539,141307.0469400836,54626.71273665634,8583.902595676967,29102.83370988712,77240.07060304229,48496.37401584302,58955.99443453193,3506.127739977597,60286.60193769152,32641.74171715222,18781.79871519897,26364.14434696317,75097.78640360256
8325,27676.19595239957,20725.54973861016,101690.0251670976,65474.08365840495,87760.95558624546,54577.92660607282,20715.92375131957,25414.12847376785,35190.60182210002,148618.9227651291,122559.3346545622,66077.1690000005,65008.37230590139,42979.74285828452,154513.2600251395,83648.75904114265,60264.98670753138,53293.17743104511,141307.1430278038,55749.92139051882,9086.555411466681,30845.09477790153,78524.66210644638,45673.10083946999,56513.86618171325,3518.643569488025,58932.55000683525,32329.05005032142,18474.38617482188,25734.2831340159,74997.75287427161
8326,26501.18876706099,20159.327448956,99084.78612235766,62715.06933407926,86177.84434647292,56214.63926401691,18917.03326929244,22842.46083274509,34484.20916216925,147611.0384477341,117427.4597028249,64118.72241309347,65529.74953636568,39639.37750850541,152604.3163157616,82987.59092216275,57361.4595678293,49322.19203215443,137252.9985464549,55749.91792907106,9472.316596529014,31017.81693646832,73430.64272713351,40645.89332326337,51685.5823022644,3280.223343406085,55845.282756862,32333.00216585381,18250.81341719715,25446.52490559018,75132.31497452786
8327,24655.84691316742,19318.1680667405,91634.80388093226,58154.16131610057,83066.52310856752,54421.1391591426,17127.4388155735,21423.28968520516,32604.56311243666,151284.7767846386,115585.4995229821,62488.27664917329,62193.71308494175,36331.53432212913,148028.1717573637,80282.8336234603,54763.07367577189,45029.01392664584,133192.3571006556,52243.08071461707,9359.258526193926,29357.43392476927,65821.9198696854,37342.85835310016,49152.73899246437,2905.677504460359,52555.61940053199,30644.80976012035,17898.49420345922,25172.26633193139,75421.79656924921
8328,23165.43117385525,17849.52330258651,83786.28908951029,55991.77860281344,80118.62255414191,50997.15309630988,15692.62057240428,19304.78062579615,27757.76342019075,132166.3979744868,104711.958010175,57959.80460852594,53820.63559745614,33651.09488635323,134985.8432619876,73861.03259717008,49626.76604304356,40179.15380278732,123272.324314285,46492.46567307573,8414.542722546159,26872.83408529639,60695.46249620308,29976.14279861546,44583.33980791018,2543.648419734541,47209.76091292666,29974.94873801972,18493.65398635995,24808.43526649682,75238.2545940032
8329,22355.75312684767,17334.15594607477,81124.5938916993,55707.43751410146,79928.34792835715,49532.99375558258,15051.47476668041,18462.61377717011,27768.20891129586,131925.0782022729,98121.54321098184,55939.88956345261,50967.34353662645,32745.99841633867,133239.0443910057,73066.86692537999,47689.07992360065,38358.25230875181,119289.6976206485,41868.50959537752,7389.795284304941,25320.43675063855,55868.06564433867,28226.05440311115,42995.64381395029,2412.178676859498,45714.46367902534,29592.91423917943,18239.84269837579,24675.58742164439,74607.72763462242
8330,21776.42990635367,17083.83183377145,79527.99049959009,55134.06909474303,79966.8503792134,48788.32526197308,14931.43039348742,17788.76991277792,26946.80668771038,130199.530779428,94999.0851164446,55199.45338315675,48585.7749635837,31694.29443841797,131402.6044593085,71219.00310495676,47417.16157794167,36676.595953246,114533.5515441753,39597.97352411809,6652.691637283016,24012.03614737917,52353.58310478569,27884.57446088115,42676.10204484578,2340.825536066263,43943.2273605399,29593.77647982301,18587.65816644569,24231.73057513285,74016.5029421718
8331,21430.19758085419,16894.58714682923,77962.67401111376,54482.19712890518,79655.52553275411,48520.35779460798,14482.58682120205,17453.15362200852,26403.32844575671,128350.1850580726,92244.63482054748,53967.30991735193,45261.0758670597,31321.28066502328,128791.7704649832,69094.59547650412,47171.62727690648,35865.79395463256,111371.750695155,37304.63215171468,5274.62369731817,23122.14390689228,50027.08338598873,27179.22839954891,42046.46017890317,2220.790884129555,43419.28159633969,29663.00348705801,18634.66025648857,24327.08304798241,73593.8016949343
8332,21430.20125688868,16806.29107253237,75221.59775468714,53765.11445559949,79403.77682124267,48520.35780748889,14602.79733733497,17121.78407948701,25945.43509710379,127243.8222608519,92766.56392120694,53770.21833112529,44275.00719025011,31321.48152326305,127637.8660116753,68790.87065972316,44548.31701877608,35425.169108627,103686.2768496857,35387.36512932611,4921.204870914242,22261.64412679113,48268.22472105323,27534.62163059869,42040.01082242445,2149.708547359552,43408.76417924024,29517.69979030946,18427.8510607381,24206.63867625207,73437.44804636028
8333,21653.35332375692,16842.94983916186,76351.10585371786,53765.17111412574,80117.90205464579,48800.62479240232,15909.10926962218,19014.54530122296,26140.57321060031,128609.2730728182,97312.94558241368,55747.59294791013,43834.47758363047,34529.20111462469,129459.4862041096,68181.60256608255,43623.83875154184,34864.99498275479,102359.1579861803,34990.99263077454,4796.242162057446,21347.43834248486,48269.69830929693,29343.67049920471,44762.77092890754,2146.19746977028,44724.55683210275,29894.45623494319,18615.85942090959,24816.32594385702,73467.25335508902
8334,22610.09245672757,17252.24024045968,83565.24177521994,55234.2141788455,82784.42117963155,49602.11846506223,17654.1165278496,24476.13265978204,26513.15303467147,133562.4603782065,101938.8558816852,60691.89986155675,45577.09338513055,37807.21808319489,131546.1360855048,68182.49572391802,42368.98714370446,36372.57896345472,101346.9112572461,36520.29573239796,4976.156663923802,20961.9214989818,51161.8533537378,34376.1756880724,50668.31823311814,2146.232380893701,46397.97170565389,31216.76424484202,19095.280742414,24745.3299655665,73439.03179158724
8335,23979.74510190674,17912.13224685063,88274.7454390418,59331.76259417744,84487.84889553758,49070.74872007267,18411.69278119122,25159.41503461215,27738.37561346062,141485.8411824959,117098.0102741332,59641.54185496653,46212.13809505669,40579.64545166391,130836.3938373556,68790.3427613577,44305.91325375174,40657.05121360127,104276.1259326315,39588.2597381991,4921.973168639609,20711.76268520269,53578.85219097331,37790.78890689286,53502.81094267085,2373.81597945773,48723.3598455292,32025.76102608822,19772.11084078396,24955.22770725044,73699.67169654148
8336,25707.28641748422,18772.23400189925,89798.56613468459,58533.09823227277,83177.66836691895,49648.21672207486,18851.51536886578,24177.61006933111,30091.77419471656,145205.0047307329,132249.7254001856,59169.30869929632,49423.66000645049,43224.19184113861,135061.6683753667,68791.83664362537,46171.62768336431,47179.09295839863,117165.8997462768,40359.35357407039,5295.011485063312,22059.44593470878,60162.50844830644,41798.91284578464,58543.44780753875,2750.539963427082,52373.18950874221,31152.48569712962,19715.70833404703,24047.90945034989,74353.98725252322
8337,26975.22568742841,19841.86811761235,96261.64878462892,58583.83295126201,83910.22864238996,51840.59019221181,20136.6427219351,24523.36222656239,34204.02400601145,148302.6660564935,138963.4107966259,59737.60398282644,56500.7038965,44937.93262330507,138463.3705599865,73033.90414830459,50560.54567845777,51459.70458110652,142807.1547570668,48470.99590843571,6972.672262365433,25028.54938737764,70136.64376339759,43538.34647692761,61082.12515409772,3127.863856362336,55247.74855973908,32494.70564455351,19208.08575807872,23489.80055818943,74566.16583613864
8338,27439.31514544263,20370.32781997454,97259.7745526435,55995.93200508568,83759.7055344362,54027.11477846217,21020.45276720592,24877.0721559791,36117.33996819067,152143.0206067828,137226.1726975147,57745.28375256421,61005.13079599253,46366.48907651215,141804.5373488353,75152.12738121649,54039.6243228364,52803.19598908859,149342.1880145107,52229.69035316844,8040.174623550293,27051.77617402418,76008.99086329593,44549.52242744024,63031.18615104507,3197.28942757024,57152.50799931762,32846.74792087299,18803.86778327189,23775.22914922225,74719.87093721039
8339,27908.38535326058,20787.25110194386,102417.9844583068,56002.35631243009,84656.30129500203,55125.14524571333,21699.82317780336,26352.14052966076,36956.13658725098,153262.5164528312,130384.1263960308,60471.16564483043,64282.30479514408,44354.3371226294,144681.0949672774,79112.17096683731,56404.94729000142,54469.85323123057,155199.1525507137,53325.0149693304,8539.302379591503,29039.29469709038,83122.5580443968,42986.76631444627,59185.09611101752,3288.942957206571,57337.39019154906,33564.15874931669,18559.45691417264,23769.98371112669,75057.12255862627
8340,27915.42760009437,20498.00447694846,97580.03838775321,56938.86597225539,83121.8665433236,55118.40826650622,19714.64802243059,24267.49983222858,37213.28907189877,144977.3008400245,139152.0289237368,54950.7187500141,61952.12718345873,41343.40013810287,143296.268238932,80959.25559334291,56504.42558492093,53843.22085042862,145916.7704610036,51549.53664538503,8539.311775318156,30238.06542872229,78955.75065518022,40571.17567922849,53489.68983707397,3151.744675251387,58678.23616453692,32400.03432629969,18559.45691417264,24179.73726340516,75141.60695634839
8341,27211.85300301853,20241.57762306766,96614.0818913826,53747.44942016504,81290.5171559179,54576.2559630494,19690.97131378077,23512.582387998,37468.33108469156,136569.2525940618,142554.3347437307,56360.66078016046,61551.05467127514,41721.90929108199,143988.6997772766,81770.48041439011,58716.45512219348,51910.85215454615,140176.2515305594,50319.82743342116,9064.44315765043,31344.91158984321,79681.4457134156,40386.42338606123,54125.82662105775,2940.825402725628,59149.18647419965,32341.05361041989,18803.86778327189,24465.63428451736,75216.71288250157
8342,26753.89221728547,20426.46847113173,100247.0902365337,53022.89269149798,80778.54641151434,54566.31326126644,20152.15253139948,23849.63965639792,37701.38082006471,144862.4832293152,140311.0070187462,58370.02470505187,62855.76033599287,42791.13908588233,146749.3375021815,81010.72463010055,58726.4048853159,51167.8427294124,150146.53111795,52230.63974697614,9102.2932494804,31636.07210467897,80763.88638946517,41782.71984889913,54768.94958782703,2879.022492359069,60649.58103451446,32305.57149704625,18879.07112777864,24745.84385405996,75118.13786106878
8343,26751.68603468064,20404.4769660927,105219.5223299791,54504.21209315995,81270.01809023123,54874.72962035864,20152.1345146015,24187.40528075722,37605.03483993535,150806.6363220018,139011.0675709995,60986.69615619422,62855.74257462496,43526.99674141694,148143.9692896502,80374.92092557019,58737.46178651597,50624.88584026234,151170.9518752824,52233.13085867611,8913.618706828829,31254.69188692718,81997.37919394906,42820.75236887314,56688.50344178227,2866.578505658556,61347.73841936304,32632.26759099456,18747.4652743441,25164.88154123127,75116.94175225084
8344,27221.96517580367,20488.09619606948,107359.5101867048,56740.69076674105,83031.34325356076,55393.00008346352,20584.44098018711,26032.43757382896,37600.94246826469,152545.0270940682,131858.1236547135,63352.92423576136,63101.57518093012,45021.62311354729,148146.0115641442,79433.58735216821,58643.50269966841,51316.03389631393,151284.7305140516,53122.78601300371,8415.39567247397,31039.28580888984,81977.42256098796,45231.44463752695,59828.45708104881,2877.445755977309,62694.96214622439,33404.06756489856,18606.45900421551,26205.47612424469,75147.84102811519
8345,27675.90397671743,20580.28969248201,108147.2952107293,62681.59379562043,86214.37476982345,55675.53979774605,21241.52380956921,28562.86140775329,37340.93240054127,154778.9973263192,121047.7660052831,64425.38680344039,64757.85731100396,47106.70339208696,147450.6718055651,78119.96597154425,57830.1361300999,54887.69635156351,151170.9431850067,54146.16374981304,8414.540190320644,30872.9091632341,81997.38046215696,46888.32204089699,60469.95757802014,3009.454339788016,60461.05240853535,34881.39731743137,18653.46109425838,26279.4324534559,75541.99255779204
8346,27908.39141293942,20426.30650612058,108660.3118645135,68116.3937682778,88788.82450100961,55392.34515354979,21133.5756413458,28899.01532095358,35934.83915720736,155402.527446041,120124.4026961221,64126.36923160084,62384.38544186719,48167.62753292872,144682.6218532361,78121.08628941864,52979.99043741426,55855.348245441,139199.9857096859,54126.77412306899,8165.675901635753,29983.72929230942,78549.45982296907,46183.64353995592,57960.60171259657,3179.75669356043,59248.16969280013,33791.24761227932,18850.86987331476,26619.68096246318,75520.17007478634
8347,27908.41110066893,20136.80684126374,106635.9695878499,67501.32964156017,90003.4330175813,54573.80317765829,19935.9952873732,27890.51678894946,35527.6535039291,148850.8742785254,125060.4106004592,64819.17474029239,61901.36970899166,47128.70116165892,143988.9619592829,77293.05364387333,49500.94127121105,56302.81973960371,139295.2611236002,51850.31656194291,7155.643988905286,28864.6481282486,74892.4108103189,46834.11737283705,56668.85493440399,3289.612164311239,59452.8648336472,33558.03526532502,18794.46736438698,25864.68679291882,75658.64085326041
8348,27884.10365492043,20129.48063169175,102999.0496695809,66687.00479564257,88173.29960034716,53436.19462693221,20587.34852156599,26825.75380421698,34682.97065970778,150591.389514373,125060.4075122892,67747.64508112922,63124.9377960586,43874.26513777908,145373.8367418919,79734.56896232817,54086.40768681723,55221.38270964105,141207.0614695687,54191.73421995471,8538.36743561912,28066.5446540785,74909.19435713059,46834.59795699723,57942.40280797354,3536.841987221459,60585.35461965466,32694.70177802237,18794.46736438698,26203.03987845901,75657.70323980178
8349,27674.29472611806,20078.72250375278,100781.0256856237,65640.15315050459,87849.69598709737,54564.06146937934,20538.77563698079,25213.06964907651,34108.91569829567,146145.2730868938,122336.3639364342,65440.94424941513,64475.59982839079,42326.71282840178,145313.5371517675,80959.25491881967,60034.18427177706,52897.96586250006,141207.1563103698,55294.84709857378,9032.006583508539,29729.89048836132,76110.72063332231,44182.42814096092,55600.47251175981,3549.652318448479,59240.41386516506,32370.25939502505,18484.25356966589,25582.71275043002,75556.78981227493
8350,26502.10800071413,19512.74245886192,98168.03549488456,62797.07850352243,86290.881821031,56226.78945458586,18729.23006336677,22631.77984852302,33462.51395024112,145160.2944247964,117241.4299645898,63539.50379265523,64993.14670996227,39134.43225787728,143302.0610068349,80338.26468486793,57200.40024975124,48996.17271805267,137205.6219869009,55294.84369905615,9410.85022409135,29894.78924447474,71346.0945872563,39459.8925588524,50970.28804747112,3305.621983520587,56173.9202914183,32374.36002806783,18258.64353614561,25299.31026153758,75692.53552516625
8351,24661.1956625116,18671.94294671714,90695.88795536035,58097.21093168507,83227.31212423125,54404.78190709661,16929.03557979703,21207.29872586608,31742.49821226599,148750.5416481413,115412.7288400838,61956.5167667151,61681.6187770953,35973.23208110337,138480.1243673416,77797.87016267696,54664.42794100774,44777.80089914738,133197.6750093282,51850.74871173382,9299.819533027669,28309.6128225674,64229.372720999,36357.03672382714,48541.3646377621,2922.26295385352,52906.39249897873,30622.72662950163,17903.11386220088,25029.20308580121,75984.56340946315
8352,23515.21054534368,17639.29088763707,84490.77109669236,57239.56819773361,79929.84555864931,50925.44189538561,15881.71753492837,18631.58305245847,27729.15249394883,154741.5422630846,141411.2899678297,61400.56710556334,51121.38646878256,32669.64773789479,128660.9462150747,67576.01048769189,48247.18704110063,41830.76813163331,139545.9592038946,43111.37578935399,7611.43856533767,24257.11711834943,58317.4358686373,29557.76849122466,46577.98488515972,2775.435043691369,46856.15143413166,31894.36912036555,19260.59832198517,24598.22539512819,75931.18726297884
8353,22443.66531591363,16937.06104248552,82377.34671050697,56081.06958575656,79025.8794488991,49004.38349957115,15300.46011899438,17633.73936236535,27213.35990358205,153871.8894874754,132938.7252144027,60928.88609447092,47470.07075551256,31140.89347857112,125259.3977181589,67291.2701059505,44954.6574372101,38212.81460909335,132520.8861268052,40682.23482525793,6709.731921555696,22832.8883434026,54645.49866304203,27870.95997269805,44501.74746256208,2551.366229947954,45317.81650069387,30128.35686844285,19089.89129613702,25153.86706861941,75049.55956682349
8354,22018.03380492704,16733.33990330428,78279.79664622535,54357.14348135875,78849.19683034183,48579.22861060713,14585.64384773087,17261.51376774849,26000.93543256955,149064.7004097711,126609.3673662768,60006.55553378261,45896.16685767969,30915.3016797513,122978.0938001132,67558.64856789132,43372.09754644889,37697.168564672,125008.2790819978,37607.57962312136,6018.557638621624,21863.30569436914,52207.54156639305,27335.24140367471,43478.9945007518,2438.28530474313,43944.98520657157,30009.20668630825,18821.58388729337,24959.21701434056,73806.40471322124
8355,21865.31626227556,16561.33266248643,75618.91623735511,54389.78179535909,78805.14452779519,48719.83848988111,14750.79318033084,16901.52153228884,25201.73081551738,146037.270087305,121565.6587316772,59246.51032832799,43918.17931336572,30700.42684559888,121042.2782836932,67108.14945070955,41846.96723846809,36466.64089714781,117147.038878242,35813.70494858766,5453.55947585594,21172.38629121355,49717.92009173677,26526.72615431717,42652.53321253903,2328.408151208444,43959.00289144726,29900.97259027758,18873.79672376274,25153.81695744094,73449.54681496303
8356,21431.53601640892,16361.04083809758,74262.49993507653,54069.13265934055,79767.3790998945,48712.49357713904,14904.77932633276,17242.22152428467,25186.79904636143,144784.6785358042,117347.3414482988,59242.9813049432,43377.23635350823,31792.08196172989,118335.940713176,66964.42832090276,41692.25382167444,36027.23848772518,113241.1586339783,34920.22131503125,5052.238309703439,20682.22136900472,48496.25044588779,26534.56976767779,42073.33735785243,2222.827462160514,43275.05093920435,29486.15241987337,18841.56508742672,25339.11693620924,73445.55951110924
8357,21843.89435466479,16459.09979030723,74167.00306620121,54069.28501966933,81008.91329317313,49459.51741526219,15396.83789446954,18606.49155358163,26234.02000717336,144675.9833277056,114502.2933849692,59244.17062054387,43202.09447824176,34128.06837935669,121487.6619650845,66808.67848980278,42448.67267375816,34632.04613316354,108428.9298172924,34173.93554013361,4828.062807885679,20177.59993791969,48464.52082285311,27336.30456565455,43279.99435367734,2204.269906500141,43977.39443361924,30542.63875709799,19299.17456119721,25617.15818653192,73196.69663860752
8358,22722.26752141268,16757.15447505645,77287.53411506556,54181.24397901644,82889.1631329152,51245.42724893986,17426.99366452232,22846.84135285852,27902.0983600581,146349.233534522,117344.6986742647,61365.66809663858,44999.96306160274,36173.71981512685,127580.9532367674,67877.54621251879,42384.54773078667,36005.57511603041,105450.304954843,35942.01996291291,5112.639709259521,21566.61388887082,52695.36340755117,32388.06194053865,46540.32578044752,2223.715830765429,46799.12254296782,32222.37219349458,19590.97018420799,25709.64501332821,73402.18785902901
8359,23769.70600834176,17666.84715523268,93295.4839630077,55423.86353445766,84407.14992169249,50474.36049588301,18489.52798508286,24099.44223139879,28597.03133108629,141794.1480953834,109131.550305361,65277.48744339281,49611.60255792154,37598.61010244179,130686.8063021081,68966.82311660498,46569.92247535056,44759.69829370954,101970.6558302385,39707.40681573263,5530.222453850004,23233.57765146172,53417.28525175951,36811.37447502428,51810.69734204451,2461.508403233223,51384.51788359106,33516.92135598782,19844.44648798214,25191.0311021265,73309.44681140508
8360,25025.94356136885,18072.01646962637,90529.30529777048,57240.67692546145,84048.34988705968,48802.01271767217,18929.27715857864,23300.37121363134,29820.36096509416,124543.9543487491,103197.434363747,62373.22816744439,54539.0230220622,39896.71782431394,130916.3421112226,74525.98695202955,49378.72617452456,43583.43169811062,98659.00579918531,41410.10565879324,5938.403276109343,24655.82977297002,59122.29634239108,41951.33688637301,57082.04069433403,2774.612621496078,52685.56961976491,33226.16141113422,19085.15121611409,24423.25352190032,73911.5412929113
8361,25965.31172001484,18725.07551926221,91324.36769680133,60409.98291863947,84905.86631731405,50095.03711281758,18976.42105247123,23382.1525610456,32062.64159666094,123669.1082564076,107500.9366918221,59217.29454439905,58329.07270571142,41882.54963516333,130916.3420948787,75854.0097051179,50820.86361428778,44066.91567134109,102125.70816264,44466.7305393665,6986.774829509695,26178.46863698607,66781.75734977568,43533.22841612875,60232.81591039473,3108.982391349532,53570.14620739065,33963.21144621024,18474.12428694166,23611.29108246192,74059.64544851542
8362,26536.96680655501,19182.22358508285,92220.0612160161,58516.49903564117,85503.62579646423,51396.36947376857,19110.93277053847,24468.40465998228,34447.89601694858,126733.4384609191,115080.0123468326,58246.18947204082,60493.87314869105,43191.92123781811,129659.1443504273,75182.7460905444,52227.00032620643,44063.84707044349,111087.5976185567,46534.27906854603,7956.577305843919,27971.99010763437,72780.72577430372,41909.6706245437,61491.27782564099,3306.292246029449,53846.43415434095,33189.98011871999,17987.05384619284,23208.02903811284,74768.91921981305
8363,26815.31814943146,19323.05005183184,96748.11488391807,57239.56787557662,87304.44865274956,51054.67251337902,19594.84131689114,25722.07852109626,35053.68420736912,127266.345646308,114233.3355377464,58375.12998607802,62632.75491273461,41535.89674209681,127767.8464997974,75760.17118737314,53172.98899721371,47521.25765361715,119087.6992040831,48573.59649522819,7888.6032762624,29000.31632451749,81128.42673500828,40254.73628779559,59565.68911926541,3362.423364784392,54249.36270228421,33517.07189652411,18001.33781357217,23299.7730823224,74565.55598635843
8364,26544.53887378296,18948.39463203278,88415.30557060473,57240.047693709,85836.358842261,50167.47815890858,18715.36744630754,24108.18560855382,34649.59108383249,124232.0820123519,109138.0660346055,53962.46555706531,58298.89283772971,40125.94329153714,118903.7717391147,78448.95773075068,52053.22534007407,45170.19439065777,122984.8743307651,48605.99867199402,7585.092009424645,29027.50386386525,75608.06093241161,38404.91135943665,54269.35103055575,3303.744160256922,53659.43428535877,33050.7057637321,18521.18096384519,23672.15597665282,74610.25906904698
8365,26265.30242996081,18434.64663828526,76113.89425809495,54629.39605641385,84849.00072478528,49754.09922606366,18844.31094573338,23024.07442262173,34614.06170273145,127424.2406971336,104825.9044028549,52886.05266084422,55443.25611236122,39203.52855833693,120173.4663757983,77269.25045264732,53188.83749375303,41830.71665366434,124807.5821329815,46866.05174569708,7661.190123736184,27802.51267084787,72942.71195769741,37979.41997608873,53641.92609286204,3035.817860653438,53324.93268291884,32823.61376894007,18787.97559202065,23301.92193686018,73712.01066395096
8366,25852.69143888527,18293.0386420841,79594.84321231519,53520.31985111249,85188.31863731271,49343.33387846473,18111.92184572644,23183.63336964652,34172.92518460775,127701.7642544416,99795.58787131452,53488.91475584274,56074.39736704014,36518.45930883885,125255.1618570195,75339.16872852684,53236.49605675251,41160.15054820383,128829.5121483848,47207.41783471685,7889.123683966569,27582.72253482189,74296.69805015682,38155.93752357484,53607.21978741793,3004.080982419008,53990.51126293926,32632.36442448076,18886.80598925802,23301.72820382787,73265.01853817626
8367,25581.18778747057,18259.76027181611,83804.12409354847,52919.60292852791,85662.7271618453,49473.96598572567,18714.20414337338,23743.65004980806,33566.1815625579,128862.0605454193,98860.84853397153,55338.56556928573,56023.74435442102,36161.78166354651,130964.4887647492,75216.70521362324,54754.09470939964,40489.39661069024,126881.1816348982,48572.88702473393,7958.541807870589,26742.14462931659,75505.69517521792,38671.46239094273,55525.51410744721,2937.574850306115,55358.86292799682,32078.75115080907,18820.94759565559,23857.94891337444,73552.60792236488
8368,26265.9705078391,18688.4403034248,88515.89718248352,54070.45343995973,86045.07177692898,50760.11943475027,19753.69870347474,25279.0806387581,33652.35597516268,131801.568926716,104886.7930821686,58245.22072639678,57601.82941635501,39127.14120090355,132171.767929094,73814.05225302116,55393.74986358902,42276.04780680594,128830.0428736997,48923.49599235549,8024.598672027073,27865.40654718126,76735.22306965235,41348.12545448231,59292.2865756555,3004.835499796915,56624.05353544473,34413.79319187695,18798.71698085102,24866.57874795022,72484.1264829848
8369,27064.66030858645,19221.10618333355,96488.01371014639,57811.21600386378,88287.7392764006,52857.6537346084,20750.13295221316,28436.49945949059,35038.6530464952,136264.3591053317,110835.4876246613,60471.15971011046,61550.40727272638,44073.95011531532,137817.1583774016,75013.33283427461,57896.71879130408,47214.05316765235,129722.2883849445,52315.60683400244,8518.684571288863,29243.24969835813,79189.30481262892,43802.74474364658,62113.57623619825,3111.241639843714,58266.58831468582,35022.66912958131,19083.59443337579,26173.29011117743,72439.50740527232
8370,27654.1996114721,19888.60223643458,109506.9113995844,63716.39237794167,89702.67082920668,54418.22127626631,21688.6231178776,27702.95715973615,36178.10095680005,138958.5971595524,115078.0788844329,62059.67431777046,64447.15152045248,46440.63863812163,144750.7068269934,80307.62616089676,57248.72173172648,49962.45701683276,135650.1544946674,53349.21026438902,8721.790146609805,30015.71527717776,76885.70158594841,45699.98685557334,60590.17120722707,3216.455661585521,59442.93291227223,35445.29883229228,18543.33080246126,25992.70781191448,72934.44096201763
8371,27915.35401671363,20196.81383257623,108989.3143107316,68208.66444538125,89316.26248468552,55152.32503199851,21265.10055130128,27671.21282122825,36090.86211723729,138466.1431781834,113443.558839349,66983.04518651178,63161.40567216064,47144.94536283419,137949.4299356663,79150.11657237163,59842.42395935389,55240.80562910879,139548.2626526533,54378.06681340518,9285.344027909448,30702.4335870651,73084.42662282943,44377.03727923682,59905.3245734271,3250.384680609082,62521.62128731981,35408.26127288414,19176.79076430617,26525.14754228911,74231.44045430912
8372,27915.35401830723,19913.52332102074,105027.4740865049,65597.80158767474,89430.54275696541,54164.73636024279,20769.48152260877,26621.51277643591,35401.0305294436,137974.7825266527,113260.9627566373,68472.07720726579,61027.72299841997,47583.11806541036,133944.8364306909,77714.21190770406,58323.25150053563,56132.89565026168,138572.886856587,54376.59644595683,9273.915562343394,30798.75015823113,74279.83948398526,42453.20399762166,57723.42406981798,3536.1405795473,61089.5941399605,34820.65202127645,18801.66534914314,25813.47805463179,76295.51639147972
8373,27639.15753425367,19909.46954098941,105077.1538218622,65021.54661866955,87972.82178022419,53387.12402396841,19729.82645317667,25005.01430596601,34612.63976861426,138882.701846605,110285.1665717309,66059.71365310403,60296.42171467611,46305.37133780225,132802.1650611986,75871.40580263163,56700.30352510334,54375.50775762239,140520.162558448,53588.85629433832,8999.842189999197,29757.45953220608,75990.83795223293,40291.5992818212,55520.9344788229,3571.390170099159,58515.92537808823,33777.60536442375,18602.24550500382,25432.28127948617,76523.18495781695
8374,26656.3973595248,19517.37954544827,102203.9963792637,63476.07697611013,86743.48209965203,55981.23643927455,18481.08698375116,22485.36252454998,33062.52201168257,138899.6484590998,104041.3929979831,63416.59599103906,58298.39254354011,42296.0527063407,129605.1998583115,73176.95449463763,52381.00622205863,50599.20554942427,143477.3900072621,51956.29195854801,8722.327848097932,28471.58719740072,68565.46013343394,36011.26719069159,51761.52832226859,3476.526884345533,54525.59826872515,34158.9447328728,18458.62208213272,25515.9543068882,75863.36113237591
8375,25035.37196176606,18617.0842398637,96052.70668944335,59881.94126651163,84315.33854396659,53841.9874628708,16790.27349136996,20874.00825787702,31079.39148549127,129778.544282439,92247.71550913178,60522.05278225382,54881.39970241119,36521.87971024782,125116.8209370242,70485.06563039168,49952.25670701807,45871.30718524553,146165.5208369486,47303.75947825913,8166.874405643131,26011.54264123105,62007.62570939136,33067.74543375281,48932.12974051374,3081.639131833712,52054.82931206652,34222.83379940208,19122.6935338576,25439.68342143896,76093.33049242632
8376,23514.46766615914,17496.53377032943,84210.44182169839,57374.40639180825,79827.42364149335,50724.71383860523,16035.12078489561,18467.74413465994,27068.64278322671,160443.3616789679,137149.9808712625,62585.44252758852,50827.49920769074,32375.1410344216,128545.3275543051,66333.64284482613,49093.53731316057,41845.31841723851,137812.7882776572,42554.15533518432,7700.72906222894,24944.62212807603,58314.31980624811,29202.63461468694,46164.8522035939,2822.060265239207,46778.99982146219,31813.51247411921,19616.86776305371,24757.8353580289,75809.43330267415
8377,22443.33804772157,16750.60611398222,82065.40258911645,56177.44496841017,78950.5076717161,48806.8651011582,15455.37288550648,17433.29814872807,26517.17701996483,159407.1890871546,129384.7758720839,62052.06531779753,47202.36438080928,30736.02176528994,124755.1355490358,66004.3342223038,45546.77362723771,38095.38701939773,130148.4989351978,40142.55170842438,6769.201475423467,23282.94490405249,54437.18035454232,27506.12021821295,44167.99389531816,2595.294864105092,45193.50333997057,30017.20624540285,19424.3602003751,25313.17745447152,74757.13398698036
8378,22017.87162275265,16534.20797461654,77906.55701943074,54396.2835389359,78779.11207610273,48382.42055080227,14742.41298107535,17047.41880105529,25220.89902219673,153679.5266157818,123583.8451463581,61009.09328925305,45639.74578459682,30494.14386885993,122213.1815302692,66313.56339610546,43842.01569743275,37560.93092975991,121952.3145715954,37090.09417462789,6055.168905869439,22151.71273612544,51862.98065783151,26967.31913034533,43184.34302433577,2480.853050734077,43778.58443044,29896.01217436052,19121.78797132667,25118.63234676447,73273.32057293762
8379,21865.21331333537,16351.49720135064,75205.87233558571,54430.00546348481,78736.37798774267,48522.79550245689,14907.13342340553,16674.22154918596,24366.4199304524,150072.4084512171,118961.2270084498,60149.63365134752,43675.94092708454,30263.75662449891,120056.1896482883,65792.55108721065,42199.12180021319,36285.51533704629,113375.7746764231,35309.17049214082,5471.485311276907,21345.60275151116,49234.22937513121,26154.1516929992,42389.47916537925,2369.653565270206,43793.03186289835,29785.92144274318,19180.66876922773,25313.12737031076,72847.37964143712
8380,21431.60131406584,16138.74177350404,73829.16531776212,54098.71059416675,79669.818803548,48515.46286141915,15060.7196697611,17027.41889124082,24350.45545242728,148579.9725379381,115095.0897276741,60145.6430292916,43138.87666939557,31434.22135104573,117040.6398089624,65626.33438484285,42032.46212074955,35830.08414338517,109114.4956832322,34422.13742037467,5056.891784637231,20773.7171797707,47944.28804017182,26162.04043842616,41832.42723964006,2262.802250694202,43088.11163374693,29363.98549349765,19144.32091698577,25498.3274436483,72842.62044757893
8381,21843.79971445485,16242.90266172408,73732.23990530569,54098.86801294488,80874.20152251016,49261.23859000124,15551.5003693851,18441.73224466968,25470.10415860062,148450.4645335344,112487.5697986781,60146.98790818587,42964.99060707381,33938.84910675568,120552.4605878373,65446.20622028826,42847.28817812134,34383.99712656657,103864.39883321,33681.23950298589,4825.30242498325,20184.96489956245,47910.78524141265,26968.38840974771,42992.95108971947,2244.021361541943,43811.98724431043,30438.59467927434,19660.37047040345,25776.21878660957,72545.58096982981
8382,22721.83219418964,16559.50446096878,76899.45117156059,54214.5440732844,82698.18706118985,51044.16456829289,17576.38385621269,22837.62397837377,27253.54990643511,150444.1061939482,115092.6675942662,62545.97870443897,44749.96800358087,36132.1817930575,127341.9401100753,66682.3756574209,42778.21180024323,35807.630522244,100614.7468313101,35436.55912807766,5119.29075924405,21805.55625872283,52378.06389587715,32049.21354185605,46128.63288912235,2263.701310494997,46720.22256540549,32147.14207530591,19989.43053050937,25868.65574866044,72790.85260951801
8383,23768.86442020024,17525.80478785622,93146.86493355341,55498.41930321226,84170.74985157757,50274.3860951036,18636.15879152943,24136.17200112051,27996.54573158136,145016.8197897884,107565.2207550537,66969.46669592275,49328.54084141298,37659.93886198616,130802.6520383245,67942.1487694617,47286.76204636926,44881.09184783295,96818.48202259542,39174.76153157349,5550.683661849765,23750.43742268694,53140.32956288345,36497.97776876046,51197.5065766546,2504.355630841958,51446.19479731689,33463.89778944915,20275.27761380251,25350.32145079997,72680.15810504979
8384,25024.61472721861,17956.18666238943,90339.30683019741,57375.55192992592,83822.6864928604,48604.83243551585,19074.7659432036,23307.78994588408,29304.48311365822,124463.5846768298,102126.533873742,63685.32832128822,54220.63041513208,40123.95335384268,131058.4134332942,74371.44613088177,50312.44872488677,43661.91669492189,93205.50266132272,40865.16763228856,5972.363704867671,25409.80844418437,59164.15903856235,41667.5154681581,56267.31490118807,2821.227945489299,52787.13356500929,33168.15018099786,19419.01477743434,24582.9578217809,73398.81022275766
8385,25963.61854125087,18649.88376130163,91146.26261693852,60650.08068081016,84654.5427360598,49895.69647646364,19121.78740513081,23392.57114698471,31701.8440355259,123421.2243597432,106070.7442473988,60116.59642290843,57983.50445362582,42253.14787059771,131058.4134150831,75907.33415920877,51865.94142406195,44163.03748607491,96987.64267412279,43899.72501557241,7055.406654533091,27186.302758339,67251.66075435474,43258.50918464403,59297.62906430933,3159.62173497384,53698.82908514961,33917.84349000025,18729.9552364954,23771.43315604226,73575.58541059856
8386,26535.05190487037,19135.47888047184,92055.35487102796,58693.73205825364,85234.41495438601,51194.85460246669,19255.94979834071,24518.66848528657,34252.06707871133,127072.3079407233,113017.0560051975,59018.47014322481,60132.78271257585,43657.0466406425,129657.5746957814,75131.00276949629,53380.65358378952,44159.85694691604,106764.9806593013,45952.34674694519,8057.282116677315,29278.84142277146,73585.87505214637,41625.60945910941,60507.97721802094,3359.306142619439,53983.58733788541,33131.34823873733,18180.6823349526,23368.38853248579,74422.16533025271
8387,26813.2952860158,19285.06858677525,96651.14397442593,57374.40605895541,86981.35027019437,50853.72854117655,19738.60164166149,25818.32884910174,34899.75270476442,127707.2553990278,112241.0667762047,59164.27616464355,62256.32813628073,41881.46914377801,127550.1868400623,75798.80781380921,54399.68717475812,47743.38902390296,115493.0170295574,47976.94119205655,7987.060072536741,30478.61092856919,82400.07826795094,39961.15264811071,58656.00799484931,3416.112779151848,54398.86867952987,33464.05091234094,18196.79046952945,23460.08311242493,74179.43362804464
8388,26542.62103518601,18887.09940167439,88193.68365007374,57374.90180732216,85557.19134874939,49968.01648978944,18861.4117511563,24145.23609752289,34467.71175078031,124091.9954906824,107571.1924973508,54174.43221175725,57953.54098317226,40369.72724327568,117673.3482994655,78908.44961256348,53193.4604877555,45306.56226724188,119744.7988204883,48009.10943925109,7673.511181758013,30510.33119409546,76571.21278286548,38100.68384714769,53562.16053753636,3356.72739155329,53790.85451497015,32989.68478702977,18783.02139550933,23832.26523461433,74232.79064430858
8389,26263.4928963914,18341.38229839963,75708.25476321981,54677.57505399918,84599.37878059565,49555.32822056708,18990.02038630271,23021.35820389543,34429.72509173746,127895.3839586519,103619.0457702819,52957.22377285955,55118.37991823546,39380.72083227256,119088.1117418959,77544.091749601,54416.75941973825,41845.26506142531,121733.3560681706,46281.72417020023,7752.125987664009,29081.10858542968,73756.91365850107,37672.74419098802,52958.72343250355,3085.576695528557,53446.09791990498,32758.69728153966,19083.88765072422,23462.2308083968,73160.65306727066
8390,25851.04194117694,18190.96243023875,79241.27544861773,53531.67688922796,84928.54299717135,49145.24916987502,18259.53328949339,23186.76999524915,33958.07875324167,128226.0473127288,99008.70165194778,53638.94064200873,55744.99572543692,36501.80898691667,124750.4157200991,75311.90905026424,54468.09795906996,41150.2376439839,126121.244281562,46620.62574507836,7987.597690991869,28824.67487932581,75186.56580182648,37850.27741853069,52925.34402530217,3053.457875406556,54132.08149463944,32564.16726720021,19195.33941315871,23462.03717981665,72627.12909777155
8391,25579.64359553837,18155.61323949662,83513.52322347165,52911.01582387798,85388.75539548349,49275.66302013917,18860.2514693019,23767.32886694372,33309.37161613438,129608.5154066776,98152.00208263154,55730.52704629715,55694.70590813499,36119.38179320548,131112.0610768434,75170.27725516906,56102.87864096694,40455.01554263922,123995.6338250953,47976.23684362955,8059.311588063377,27843.95521885714,76463.12642585627,38368.76861040229,54770.29774252976,2986.151365970895,55542.38344074667,32001.05737330576,19121.07042058888,24017.9580001244,72970.39203461238
8392,26264.16071514809,18610.96883782172,88295.78001810993,54100.07522545211,85759.65879032193,50559.66759477842,19897.04647806204,25359.08118765861,33401.50601106035,133110.876467932,103674.8509592372,59017.3746849883,57261.47568841101,39298.81885965438,132457.2777747608,73548.07772200879,56791.92504155557,42306.8412710694,126121.8232979408,48324.31456756077,8127.553062919925,29154.48817420931,77761.3651591387,41060.83316422107,58393.05823064166,3054.221473129079,56846.36166611403,34376.15446457353,19096.0007935386,25026.04402676899,71695.06652885253
8393,27062.54073498126,19176.78103472529,96387.151931073,57965.03322953937,87935.21705956997,52653.69738455436,20890.8930024238,28632.31852677304,34883.68196090563,138428.1950527615,109126.8992992945,61534.46800945456,61181.74121126434,44602.75162901381,138747.6816197152,74935.07254801507,59488.16178588837,47424.9781487217,127095.254846289,51691.93584973346,8637.979207151846,30762.04632979626,80352.59061062706,43529.57630619159,61106.48379430319,3161.908172709131,58539.25250321843,34995.47499206316,19417.25918214424,26332.05086988509,71641.80977983196
8394,27651.85137834973,19885.81351169616,109600.8001180422,64066.26481070661,89307.80842269115,54211.65756733189,21826.94592360166,27871.86887416122,36101.93620357822,141638.3217905833,113015.2839642242,63330.76141372717,64057.71504689736,47140.29796002508,146473.4218011698,81058.04123955325,58790.12935611799,50273.63991946571,133562.5015994145,52718.07711456505,8847.801822688874,31663.29792732468,77920.25300484488,45437.73512868312,59641.32188369467,3268.388407270178,59751.6609195878,35425.35443745981,18807.99993066053,26151.5659324919,72232.55601585456
8395,27912.90449188786,20213.20425869491,109075.4602622531,68707.68286036445,88932.96290081703,54944.53480008729,21404.52323859907,27838.96010911955,36008.66376395016,141051.5734554602,111517.2271662271,68898.11255778467,62781.18833182272,47895.45054050982,138895.0658487257,79719.35550125915,61584.10541093488,55744.53529349679,137815.3013188137,53739.50576843748,9429.993371017821,32464.50640936951,73906.54789468343,44107.17331481201,58982.65844004705,3302.725749805384,62924.73427321616,35387.68153989701,19522.35736676116,26683.71859526416,73780.63768813552
8396,27912.90449348083,19912.28536610014,105054.354624532,66010.13787399254,89043.82346816767,53958.59616783624,20910.19132488049,26750.75560519907,35271.12214317144,140466.1277993418,111349.8757141499,70581.91098477638,60662.80471958678,48365.25614570752,134432.9280016032,78058.69962834343,59947.62940074995,56669.16750869257,136751.175403446,53738.0460164002,9418.18694702943,32576.88094878201,75168.76511288664,42172.27031732962,56884.17678229343,3591.920617964802,61448.80471185282,34789.99250486054,19099.32569004461,25972.43280784902,76244.29179711643
8397,27636.81513537189,19907.97933060618,105104.77752213,65414.75091296415,87629.72310511669,53182.28304763319,19873.23622362985,25074.96172020035,34428.20481401753,141547.8941563266,108622.5235977527,67854.0086286049,59936.74705686307,46995.26533814705,133159.7008542534,75927.45313521933,58199.36480303644,54847.67256804812,138875.6350702466,52955.99300479389,9135.049511026287,31361.98559819501,76975.3808831517,39998.22775140467,54765.89320316077,3627.594424630548,58796.23362490861,33729.0535422308,18874.43847199211,25591.4415568933,76516.03402754599
8398,26654.43613534319,19491.49066457967,102188.6403392508,63817.97080114377,86437.16999217698,55772.06128203252,18627.73971134803,22462.88560336009,32770.87803589492,141568.0856809027,102900.0318635945,64865.16936946977,57953.0442762225,42696.50287528747,129597.4667823028,72811.25990943763,53546.5511107795,50933.61614636248,142101.9426930229,51335.21507082338,8848.357306862272,29861.73169985081,69135.0438421975,35693.26667577888,51150.21739643815,3531.589493433588,54683.57294589937,34116.93436358636,18712.47328665131,25675.06947155491,75728.47691810175
8399,25034.03947070362,18535.1724847818,95945.33312566408,60104.50774614274,84081.68582310712,53636.38651159366,16941.31723553034,20792.42461871576,30650.59052169026,130700.486082534,92090.98807811196,61592.01793022549,54560.55216534786,36505.47631658945,124596.2686751742,69698.030207185,50930.26466282469,46033.25067423029,145034.6684089013,46716.27184401148,8274.534092404709,26991.54674011859,62210.73192192092,32732.8079265292,48428.99293342276,3131.94940918771,52137.05631794589,34181.91937602246,19461.35152397542,25598.83970794343,76002.96534588927
8400,23140.27572501541,17387.36093636255,83197.48926901589,56206.8549677663,79412.98363867149,50341.33060904509,15992.08960581088,18890.17711815124,26270.62282964184,133060.7656039421,101044.8963440143,59734.52356754566,52838.566974234,32792.6088322127,132381.8375006074,72655.85129007572,51690.41547527163,41260.13958214732,115040.6318606655,45321.85502837173,8496.914998019038,28512.64127896219,61616.72154077481,29302.86280401409,43984.9913179235,2688.040355829482,47281.90085327236,30181.2085919985,18690.3609420065,24968.19203559853,75094.29315652768
8401,22342.98782884019,16820.38080324149,80374.10315467973,55904.45697977798,79229.29974417377,48868.11352532611,15385.42607092241,18034.6373881176,26282.76022420293,132711.3044802217,95350.41676780151,57008.09699933755,49877.12228180904,31676.75913762237,130008.2578292517,71678.13069512631,49560.92770668538,39158.71003111891,110951.0769868113,40688.88186570865,7465.753696994145,26660.74298936619,56296.58698668382,27380.3641799248,42561.45344415966,2552.491444285051,45738.22762661489,29771.71294128276,18443.67355368807,24836.88105325085,73910.99406891147
8402,21772.52973950442,16544.98734511138,78680.51034544651,55294.67716506503,79266.4685473802,48118.83828186263,15271.83795549755,17350.09346577315,25328.31176594562,130212.4966291756,92652.44184684503,56008.67631630194,47405.28152386269,30380.16413207202,127512.872377639,69403.17147935259,49262.09355324599,37217.97772258383,106067.2347731082,38413.91806712522,6724.036540854815,25099.91523915845,52423.37735172195,27005.2432884443,42274.95035269857,2478.9243986798,43909.68810889276,29772.63716093961,18781.72664075277,24398.15900546831,72801.4528688968
8403,21431.59565662356,16336.79026697048,77020.10503617597,54601.40848628093,78965.92736898772,47849.21308478048,14847.13420520601,17009.14787848464,24696.80389412031,127534.4134037361,90272.44583269446,54345.56246940624,43954.56134401271,29920.2934786004,123965.2272553756,66787.75109014811,48992.25506620917,36282.2635801658,102820.5438158743,36116.10449523267,5337.343315923483,24038.3378444474,49859.40924968485,26230.40995093892,41710.40963049073,2355.16537959432,43368.79160344936,29846.84029825007,18827.40949012592,24492.40838447072,72008.17671670557
8404,21431.5992764053,16239.65155741433,74112.51567466818,53838.78793569066,78722.89872775672,47849.21309774109,14960.87952802793,16672.51647413436,24164.74348800126,125932.2621054299,90723.42118014915,54079.5335894445,42931.11621920659,29920.54110701678,122397.2824859134,66413.82658155702,46109.27672836492,35773.75607696125,94928.72531507486,34195.09864848023,4981.712451925575,23011.82353951382,47921.0219477436,26620.81480103626,41704.62709829077,2281.877540366054,43357.93392591082,29691.09197700669,18626.40495330999,24373.35738452622,71714.75051668267
8405,21651.33654429598,16279.98160960142,75310.63839189603,53838.84819228038,79412.28809583231,48131.21390099507,16196.93505148813,18595.33310756509,24391.48900466294,127909.605158415,94651.74410127684,56748.54024081433,42473.88855461181,33875.18356219559,124872.530626681,65663.73880496593,45093.28908070343,35127.28153361824,93565.9750916849,33797.95319178695,4855.967605307053,21921.24183694423,47922.64594675877,28608.08239834127,44145.87035109064,2278.257523051299,44716.29522291996,30094.93017990451,18809.13635080254,24975.99142893238,71770.68562635579
8406,22593.43511462744,16730.2614406402,82963.0139172582,55401.18189878708,81986.4443481965,48937.66586165987,17848.09187452477,24143.64575121745,24824.41726861411,135082.4380591758,98648.78412428405,63422.23167334295,44282.55735060869,37916.49225626427,127707.9055642271,65664.83839770996,43714.22612336092,36867.12387988297,92526.55089697697,35330.23855703324,5037.008186522038,21461.34798943824,51110.00643521248,34136.36561316259,49440.81994145919,2278.293517377267,46443.84856738208,31512.28746204494,19275.10141738963,24905.81677414277,71717.72270407956
8407,23942.12856136406,17456.24001282116,87958.60742502921,59758.94250979918,83630.86874563008,48403.00889891351,18564.92396435008,24837.77805938487,26248.09469213351,146556.4815415287,111747.1243214777,62004.48691111516,44941.67311778897,41334.48396750147,126743.4958659531,66413.17667043369,45842.87865310442,41811.66186093834,95534.41105405052,38404.1853385451,4982.485558402838,21162.92652927324,53773.71100017043,37887.36998062348,51982.24332496983,2512.938450850965,48844.46787685977,32379.43601634826,19932.93445006631,25113.28629450788,72206.8611257445
8408,25643.23406390655,18402.47884889302,89574.99618222198,58909.55947756824,82366.0702418926,48984.04929676263,18981.09189897643,23840.38288013672,28982.68388978602,151942.2941541641,124839.0365847944,61367.07939977042,48274.92618699564,44594.81740022115,132484.8699393641,66415.01583260273,47893.27062199406,49338.48925959307,108770.2579906209,39176.78286920007,5357.858710206758,22770.61564916445,61029.36828746557,42290.35486841144,56501.70896091507,2901.351213080683,52612.37716286991,31443.38848616067,19878.11503209615,24216.46443226451,73434.80386298554
8409,26891.77061093021,19579.23419758776,96430.69394380914,58963.51607249102,83073.2560991654,51189.98546795398,20197.10219777994,24191.62528268297,33761.01340930755,156428.0940448043,130640.0287129117,62134.14896706888,55620.2219434178,46707.60558550324,137107.1600538981,71637.54925581436,52716.62518602759,54278.57184500415,135099.9462761593,47304.24355627121,7046.019914854806,26312.54237299705,72021.57455625442,44201.14907238268,58777.90249282638,3290.382497911693,55579.93421097078,32882.08900258645,19384.7402554593,23664.81207412539,73832.99575735029
8410,27348.75830991096,20160.61784288197,97489.45320222869,56211.27212919782,82927.94680967489,53390.03657225216,21033.37894083465,24550.95181995653,35984.23781487302,161989.4063414211,129138.9597854114,59444.96913180094,60295.3869281195,48468.8037945631,141647.193654997,74245.35585472001,56540.08005047373,55829.0415192475,141810.4364035623,51070.26775643321,8120.203740574619,28726.10631182042,78493.31857865017,45311.94117783656,60525.44242363542,3361.962166395002,57546.3166020014,33259.43654962346,18991.86775042443,23946.93865826574,74121.45147388113
8411,27810.6505404485,20619.29496886877,102961.010664728,56218.10440807792,83793.48629194511,54494.85979592863,21676.21127493428,26049.44300404862,36958.89811754286,163610.5759321745,123227.0568004774,63124.29061168138,63696.78059516606,45988.11889787678,145555.9085047947,79120.68137947099,59139.53425350128,57752.46395123781,147824.6525748373,52167.72834338767,8622.45552193105,31097.07286222227,86332.97538010127,43595.22990500274,57077.01472795941,3456.459469802814,57737.180119811,34028.41583007025,18754.31693283237,23941.75390250296,74754.36578465125
8412,27817.58502284335,20301.08100387353,97829.17221502785,57214.0865158545,82312.20128151082,54488.08113968233,19797.80332719532,23931.70001474914,37257.7027536416,151612.5505248192,130803.0051120099,55672.9410516493,61278.27874768028,42276.08020816631,143674.1826659737,81394.68130681441,59248.85939659083,57029.29259520243,138293.0509872203,50388.78769440479,8622.464976465271,32527.12006596615,81740.85738113223,40941.66698526756,51970.4788619782,3315.0042773144,59121.40526424774,32780.61258307422,18754.31693283237,24346.76718314664,74912.91619911819
8413,27124.77692167518,20018.97362956641,96804.53642609598,53820.00109346069,80544.28616262756,53942.57491422371,19775.40000546134,23164.7951342158,37554.05507520984,139436.6481469265,133742.7838049015,57576.04258059734,60862.00377927123,42742.72584953597,144615.0702807544,82393.4039195462,61679.84643629139,54799.22320687422,132398.4068298958,49156.68045091549,9150.883140012103,33847.50787317508,82540.6249315379,40738.71379140388,52540.84296715976,3097.540721142522,59607.59180136551,32717.39225427614,18991.86775042443,24629.35677828997,75053.86619747983
8414,26673.82411057044,20222.38084254504,100658.2403826582,53049.4318523958,80050.0490576373,53932.57070380927,20211.77785462913,23507.20458061371,37824.85293067855,151446.2803062902,131804.4257042489,60288.2275328234,62216.16367022599,44060.92758769497,148366.2712304822,81458.04634389373,61690.78107563093,53941.74576079437,142636.3750395328,51071.21900163491,9188.970134405852,34194.84141168631,83733.55151704965,42272.56661593676,53117.47092626927,3033.820225100881,61156.52726360632,32679.35963903116,19064.96030984733,24906.32471766998,74868.87215212165
8415,26671.65168821801,20198.18694221933,105932.7345240832,54624.82149678329,80524.49714344868,54242.89502198575,20211.76080681528,23850.33363105121,37712.90135622049,160054.1552445144,130681.2067778147,63820.13971995563,62216.14523562217,44968.13092722077,150261.3203484735,80675.28980033351,61702.93244299015,53315.14094140582,143688.3001189583,51073.71497120234,8999.114683579084,33739.88226097646,85092.94828775909,43412.86106994053,54838.55457340964,3020.990133433851,61877.27149996933,33029.53908613283,18937.04833032494,25320.51472883856,74866.62743529883
8416,27134.73435228034,20290.18043296858,108202.7209614847,57003.3263204562,82224.81353688744,54764.37166663418,20620.81685338991,25724.66344169764,37708.14612459395,162571.5618668507,124500.6712148524,67014.01023362276,62471.2960059067,46810.7835461635,150264.0954253886,79516.38649573975,61599.67282618128,54112.76725665685,143805.1335614355,51965.10502438738,8497.77328653428,33482.91831329358,85070.95465933825,46061.04305977311,57653.85608223958,3032.194566636308,63268.08073195564,33856.81707672169,18799.99978220552,26349.07109776515,74924.61557425826
8417,27581.72672524931,20391.60688190524,109038.361834167,63321.50260269919,85297.5912275794,55048.65925906469,21242.56028277631,28295.26821826677,37406.02104975944,165806.6293483043,115159.9297407688,68461.59113315647,64190.35869514268,49381.37824969518,149319.2560720627,77899.14877894554,60705.79525545736,58234.6799764526,143688.2911953605,52990.47842980792,8496.9124499444,33284.44294964802,85092.94968541437,47881.1479964415,58229.02932507136,3168.299037967556,60961.89934229128,35440.33927215574,18845.68263157866,26422.17185638369,75664.31296310152
8418,27810.6565073987,20222.20265713532,109582.5428876206,69101.43607730021,87782.86718522529,54763.71268512124,21140.41781107252,28636.75996496558,35772.17652179129,166709.5787183981,114362.0932364437,68057.98532101446,61726.92154267986,50689.34034850068,145557.9832631039,77900.52803505996,55375.55842050264,59351.40830665792,131395.929582327,52971.05099173764,8246.490527310087,32223.71536055335,81293.09599714287,47107.04798414236,55979.12561128011,3343.88543665129,59709.77733409957,34271.82814490435,19037.55059979757,26758.48416923829,75623.35908500642
8419,27810.67589385546,19903.71031095718,107435.2271922336,68447.31269595645,88955.4040996659,53940.10695514278,20007.24603584156,27612.24734823437,35299.03716589881,157221.9679140969,118627.0745852222,68993.11541477991,61225.59733611892,49408.49823664874,144615.426538072,76881.11281781015,51552.13595212594,59867.81725253256,131493.7630132016,50690.15415590769,7230.13685581875,30888.73207542677,77262.76797248695,47821.60334713574,54820.93760232554,3457.14944068624,59921.09479084897,34021.85218184106,18982.73117969806,26012.22421914464,75883.22481063812
8420,27786.74041437217,19895.65039946704,103577.3740448718,67581.27467067532,87188.66283218705,52795.46080571343,20623.5680206205,26530.5768479125,34317.53721954578,159742.4510249174,118627.071916874,72945.88529039477,62495.54416946602,45396.26134962234,146497.2176738346,79886.93376239647,56591.49426063437,58619.77404987504,133456.8926319491,53036.1377660189,8621.514726173022,29936.65207262126,77281.26463436785,47822.13127611865,55962.80836283304,3712.050170420334,61090.22298990378,33096.46112621418,18982.73117969806,26346.66303591278,75881.46520760511
8421,27580.14210031165,19839.80896951968,101224.6109926937,66467.94338026621,86876.26819885065,53930.30498164034,20577.60749557439,24892.28466273646,33650.49997866381,153303.9199891652,116273.3489752894,69832.36304210397,63897.4023815366,43488.35890055708,146415.2815770762,81394.68047638908,63128.01086199016,55938.41163794216,133456.9900190983,54141.40180316655,9118.243546347596,31920.90393697658,78605.43201810947,44908.68254102686,53863.01943154003,3725.257973344208,59701.77058922009,32748.69738982768,18681.22437340948,25733.51221928593,75692.08271579535
8422,26425.89283830463,19217.14741142625,98452.88858529826,63444.32109323528,85371.44822803004,55603.319116951,18865.38337365092,22270.00621196745,32899.39761476661,151877.5480556117,111871.0467941925,67265.85026137074,64434.56662299363,39552.75046800086,143682.0539763823,80630.16122988396,60013.72503769273,51435.50829989825,129348.0198709336,54141.39839701958,9499.458357656471,32117.61628476621,73354.47535495301,39720.90563664954,49711.56791153676,3473.656003492196,56536.06953514968,32753.09278187028,18461.94669514081,25453.38829813709,75946.83435777099
8423,24613.15118056442,18292.14389053855,90526.82792113427,58445.99143228684,82413.99443905242,53770.04006667171,17162.00741900967,20822.90556070796,30900.78314532608,157076.6737534142,110290.9488000918,65129.17728832738,60997.51685327807,35655.4595507851,137129.9254089808,77502.60720448203,57226.72978662742,46567.25418153456,125232.4648975107,50690.58714842539,9387.732728903084,30226.61490328992,65511.34186616429,36312.37147979946,47533.78042618284,3078.402327127372,53162.83038497232,30875.5496266351,18116.39592223506,25186.40588209194,76494.87805979821
8424,23066.17810784118,17532.53026801722,84666.70370804775,57096.09404702533,79701.13942935703,50375.83433480363,15823.52901732311,19079.97079455658,27711.09537975092,137674.6674906589,100098.5125252549,60756.01715824719,52890.408888668,33581.42019207159,136332.6438262518,73899.5616566507,53276.54603780735,42131.93326715449,121547.7952878014,45788.49353293767,8594.320316040956,28890.87189234765,63246.01186137852,30693.05221166311,43539.7036689876,2720.412864480674,47615.70286390632,30225.38799152237,18705.19334061007,25194.5179073513,75966.5937067364
8425,22303.45975334804,16956.22532042444,81970.92863324875,56807.95271031193,79512.94221146587,48959.82124622598,15233.48572724891,18239.41247764105,27724.02405455132,137313.1287718552,94101.60058744939,57899.90268687868,50056.57300122875,32372.70419014281,134153.9693836098,72858.81166147381,51112.64292288991,39941.85180028031,117024.3555432883,41224.86766599825,7577.65883588978,27067.3703624652,57831.85969218596,28752.94857028336,42079.43131445358,2585.989836742493,46082.08018504408,29829.84523250619,18413.00825553725,25071.84342803059,75005.613450118
8426,21757.73611036693,16676.30261558214,80353.8826122289,56226.92116284338,79551.0242946824,48239.63983955019,15123.00948879997,17566.85564945266,26707.35168154178,134727.9605580477,91260.33690481748,56852.94257099371,47691.24398940516,30968.20039466962,131863.4911773887,70437.19570587808,50808.97921323621,37919.24682691508,111622.357854827,38983.95599371941,6846.371440731885,25530.47613540289,53890.2025529429,28374.39256072386,41785.53499342146,2513.033846913168,44265.44592259281,29830.73796089623,18813.41003803791,24661.97672978482,74104.53341187781
8427,21431.58456092914,16464.68143311411,78768.52408685132,55566.33686089328,79243.09847576474,47980.48400142021,14709.94098588603,17231.88038302087,26034.6735488796,131957.3211007403,88753.93990783651,55110.71940568239,44389.21552060305,30470.05712289802,128607.1590421271,67653.17052372369,50534.77977840629,36944.05819848873,108031.2064050702,36720.53656824067,5479.177399243837,24485.17682592163,51280.92391153888,27592.46379327484,41206.42626379626,2390.302783521898,43728.07108616998,29902.41274818191,18867.51838675182,24750.02719813646,73460.29838433488
8428,21431.58802376107,16365.94513593236,75992.35157232924,54839.67030363865,78994.09834283209,47980.48401387753,14820.57012485467,16901.14375358295,25467.92621853012,130299.7984511464,89228.86644126434,54832.03633285708,43409.8706991654,30470.32536012638,127167.9652211123,67255.1407261283,47605.20868740045,36414.09855364144,99302.09857692248,34828.28473232837,5128.547289075635,23474.40295350726,49308.2813573255,27986.44372220449,41200.49451300377,2317.623680951429,43717.28410079944,29751.97129516748,18629.44165291501,24638.80634539669,73222.00124716337
8429,21641.79772114944,16406.93847459512,77136.32169432324,54839.72771941194,79700.42679623471,48251.5349219956,16022.76248657444,18790.28981705111,25709.45408784498,132345.479717207,93365.821593351,57627.99959482257,42972.34499828942,34754.09192891741,129439.9596810275,66456.69804843272,46572.80133201479,35740.35152486821,97794.7661868534,34437.08383055991,5004.570621450977,22400.54408432971,49309.93405571148,29991.90944978274,43704.73419531778,2314.033731888987,45066.8013789431,30142.0493746078,18845.87504777067,25201.80432391096,73267.42724014366
8430,22543.04791544017,16864.62381358654,84442.82614283854,56328.4046963322,82337.83301215079,49026.67291369455,17628.68397066709,24241.44558895903,26170.60649649127,139766.2102108456,97575.14339511612,64619.13843573431,44703.07816230829,39131.73751231138,132042.5093178854,66457.86852714505,45171.45088845629,37553.59169557619,96645.06338085588,35946.43363312844,5183.065474858027,21947.70218733025,52553.6216968992,35570.81715939639,49136.32027951703,2314.069427242221,46783.10696892103,31511.11253537559,19397.78020818352,25136.24515221099,73224.415018489
8431,23833.26347163443,17602.54216125623,89212.6294629357,60480.71726920046,84022.66279799308,48512.77630910392,18325.8776214921,24923.4229001085,27687.09855224079,151636.8038149148,111369.1331079087,63133.9558236946,45333.79259698624,42834.19071533826,131157.2916075965,67254.44891805747,47334.50526596361,42706.72232956083,99972.0450696042,38974.3689466236,5129.309524406523,21653.85668176559,55264.39934769487,39356.17083453332,51743.32524686255,2546.765374716651,49168.09632596375,32348.71442698677,20176.94043168159,25330.06911826985,73621.65386612513
8432,25460.61087768772,18564.34327381169,90755.96089064954,59671.37867565756,82726.7867482875,49071.25531225924,18730.64415722175,23943.4931741851,30599.96541763431,157208.753481185,125156.3535008915,62466.22875613336,48523.4156190189,46365.86456967276,136427.2158112546,67256.40664302357,49418.03428816949,50551.08008216202,114612.1606645679,39735.40207844599,5499.404313400909,23236.89371256089,62648.27887959877,43799.4754521291,56379.41596637937,2931.951938859261,52911.47350782584,31444.56117892766,20112.01041473814,24492.2324573358,74618.8901008997
8433,26655.01222911768,19760.45207894023,97301.7957136656,59722.79146940318,83451.34897098325,51191.53651554845,19913.34045625352,24288.58494765773,35689.81135913603,161849.5854226768,131265.4348451357,63269.78551326521,55552.20220134085,48654.48901489805,140669.9490384316,72815.6141130266,54319.34065838306,55699.56736304284,143735.3200609348,47741.20926139355,7163.827199854682,26724.50900759375,73834.73982514252,45727.76749176994,58714.34680979345,3317.751888088057,55859.70938520758,32834.24033832889,19527.64024459251,23976.86302980699,74942.26950077814
8434,27092.18543526101,20351.39742545214,98312.70130839391,57100.30295994771,83302.46926603894,53306.16116500049,20726.70643674753,24641.6192940368,38057.97572944261,167603.1001518114,129684.6445287742,60452.68948978079,60025.91408501582,50562.26249745531,144837.1802019011,75591.53467689044,58204.58762386058,57315.44589527773,151157.7654575039,51450.86283631311,8222.906237368308,29101.06368105454,80420.85274786357,46848.73152347522,60506.98211401435,3388.737008163095,57813.28905357429,33198.73038749582,19062.3084451484,24240.43376237768,75176.53001140968
8435,27534.05051777238,20817.6181651432,103536.9560261033,57106.81312882291,84189.27604343003,54368.08487100398,21351.92764020746,26113.87029933335,39096.17762942034,169280.2983779388,123458.761880324,64307.02521480648,63280.7415230027,47875.12323048733,148424.9330166047,80781.15126324535,60846.05245403936,59320.01074933652,157810.065108786,52531.89640735438,8718.095534071817,31435.6741487282,88399.0522549914,45116.29970277611,56969.56753347297,3482.449406827453,58002.90989717349,33941.50796201364,18780.9450308272,24235.59001509749,75690.53206139579
8436,27540.6843285035,20494.17070780397,98637.06574529788,58055.83933692199,82671.59416593146,54361.56942526702,19524.9808371675,24033.21124837941,39414.4624103538,156867.6137056991,131437.0668793282,56501.23739062878,60966.4530452289,43854.1510639096,146697.7240913796,83201.74608925222,60957.14443642123,58566.33133931193,147267.1999852633,50779.58330809569,8718.104855659763,32843.79320066599,83725.78217647642,42438.4371448004,51731.25720119327,3342.169156348664,59378.12262840432,32736.22156113602,18780.9450308272,24613.96501795436,75819.29394381071
8437,26877.91563799981,20207.42366664985,97658.7413119077,54821.76917318215,80860.23935035944,53837.24482729256,19503.19128018196,23279.73569021913,39730.13500158604,144270.904523528,134532.976470707,58494.86372947584,60568.11538674155,44359.63317022589,147561.3512215154,84264.85201107997,63427.41945050335,56242.18317320713,140747.1584444403,49565.91849938371,9239.09259225958,34143.93435853095,84539.68324868681,42233.62543491885,52316.33958654135,3126.511875812299,59861.14370216869,32675.15536120207,19062.3084451484,24877.96830866064,75933.76218519907
8438,26446.51565351509,20414.17620764345,101338.2660566829,54087.52866904483,80353.85827436985,53827.62907341331,19927.61405661568,23616.1491820261,40018.58713951286,156695.5970843874,132491.6726644553,61336.05915406863,61863.92445794733,45787.54191313959,151004.52430604,83269.19599505898,63438.53080811547,55348.53177194876,152071.3327692825,51451.79984308087,9276.64402098017,34485.94193120007,85753.69127704955,43781.52430617376,52907.84746494625,3063.320649049193,61399.9943552504,32638.41864485277,19148.8818035951,25136.71968759722,75783.52491463778
8439,26444.43742504847,20389.58440337242,106374.3642957543,55588.64605741773,80839.96409234381,54125.90371406074,19927.59747584629,23953.26967683846,39899.33704079691,165600.965566167,131308.7998665899,65035.97377010812,61863.90681769157,46770.24702011252,152743.9624764727,82435.97853687801,63450.87855768553,54695.49270084351,153234.862752202,51454.25845246221,9089.458249500503,34037.95906301861,87137.11135789513,44932.26085013663,54673.34377950128,3050.597125500459,62116.0459699688,32976.66630246594,18997.37842568288,25523.6678548527,75781.70193634687
8440,26887.44132517328,20483.09086112658,108541.7521804673,57855.01549932956,82582.05920446484,54627.13178314181,20325.44696187154,25794.77797350115,39894.27179858285,168205.3753364374,124800.0176322333,68381.76708804711,62108.06312808612,48766.25393512078,152746.5096794271,81202.3657696959,63345.95012853279,55526.76806273587,153364.0917400726,52332.3059958909,8595.166535610524,33784.93536600635,87114.72905725737,47604.69320308266,57561.29431372377,3061.708493478288,63497.79992107134,33775.75615433362,18835.05337954113,26484.5746636678,75828.79523443291
8441,27315.05259184041,20586.18541581089,109339.6238653288,63875.31931043377,85730.33855779323,54900.38068600253,20930.15701540163,28320.36871884612,39572.45010761534,171552.2487741351,114963.1917547861,69898.2050526142,63753.05131711959,51550.7857297663,151879.2553056493,79480.87176144046,62437.62631086253,59822.56977128226,153234.8528818473,53342.33140116635,8594.317803796434,33589.50339693714,87137.11278024988,49441.46550090228,58151.30993680951,3196.682466464078,61206.63361742445,35305.32243190124,18889.16172825504,26552.86748534312,76429.51790378142
8442,27534.05622600209,20413.99509171499,109859.2090940827,69382.75594572753,88276.68058848463,54626.49838942284,20830.81285410883,28655.88058085443,37832.08940085604,172486.4046394077,114122.9823566891,69475.4009271596,61395.76379898459,52967.60264194284,148426.837407242,79482.33993220609,57021.24578003484,60986.40893891898,139638.322503978,53323.19475698711,8347.417224542094,32545.04086226704,83270.1079367069,48660.27677398441,55843.34732185925,3370.810425676606,59962.66392532623,34176.62640202566,19116.41679386231,26867.06007708952,76396.25846101396
8443,27534.07477188299,20090.26467480868,107808.9474950914,68759.47142346686,89478.02807611153,53834.87269734695,19728.6856220849,27649.30827269943,37328.10439510964,162670.8960695952,118614.4757798716,70455.01234400806,60916.0416784168,51580.16277074392,147561.6782249534,78397.20744352111,53136.03173419024,61524.60336049008,139746.5356575389,51076.43885438427,7345.355154341773,31230.52803158298,79168.55580576147,49381.37557964287,54655.27220141484,3483.133646738676,60172.60553635758,33935.16795931705,19051.48677439679,26169.88266527752,76607.30048269505
8444,27511.17710892703,20082.07220632947,104125.4610941043,67934.26304192578,87667.8759548156,52734.67236211168,20328.12275771377,26586.57897645512,36282.61695057078,165278.4886537167,118614.4729698083,74595.80358165858,62131.26643702338,47234.00848814724,149288.9470852965,81596.80060923797,58256.8327558397,60223.90960815324,141917.9452155439,53387.30729903667,8717.167967446769,30293.04709570231,79187.37934133683,49381.908343063,55826.60900583097,3735.917143655933,61334.12177541957,33041.30808395132,19051.48677439679,26482.32498333927,76605.87147476971
8445,27313.53667452782,20025.31238269654,101879.0379213173,66873.42011649032,87347.80542800762,53825.45132766102,20283.42137407657,24976.97503470335,35572.09316198256,158617.4379569723,116135.7444015932,71334.1804541683,63472.71850622082,45167.32134248201,149213.7391274211,83201.74520529291,64898.98813378475,57429.42995430357,141918.0529350674,54476.02751662273,9206.91196487033,32246.87270840014,80534.94746018185,46441.78010104551,53672.63489440357,3749.015241151276,59954.70931076208,32705.39382567853,18694.37167238053,25909.50193510693,76452.07026129546
8446,26209.33441331671,19392.41024796078,99232.59146393098,63992.34748337766,85806.0103092258,55433.50348722129,18618.10559993852,22400.61547630445,34772.02374380703,157141.7697169569,111499.637071623,68645.58638767846,63986.73631272715,40904.17289801055,146704.9490533324,82387.94072349832,61734.37132059944,52736.5649743903,137373.1380358795,54476.02416145967,9582.766270046082,32440.56869546182,75191.19569617731,41206.4968416798,49414.05491730728,3499.5031042625,56809.61950342431,32709.63945195669,18434.65159704047,25647.80214764188,76658.95903594406
8447,24475.1912751285,18452.19369629101,91664.77186203365,59229.66569630348,82775.88849778935,53671.40938792027,16961.39558737023,20978.85510080183,32643.11243613159,162520.5804518132,109835.6204750393,66407.27831437415,60697.78919537964,36682.53093435873,140690.8450285242,79058.76687396831,58902.33453034158,47662.93635074946,132820.9396886877,51076.86536578083,9472.611687066352,30578.56367525953,67209.45806156445,37766.74950110388,47180.06949442277,3107.532447351749,53458.34283903592,30896.07049586235,18025.36929579807,25398.37953050382,77104.0360100785
8448,23069.78247670116,17658.47116518001,85510.49464887485,57900.40000023215,79625.77716593738,51061.09827686773,15495.33502981272,19328.48218212263,29020.99495961769,139864.9285569793,101515.3669078539,61339.58635783325,53334.73621636042,34960.53556747908,139606.6328608471,74735.54304459051,53273.2320555804,43949.12774229132,124111.4828530979,46425.12231858775,8628.41557904321,29205.29658929537,64051.78352785986,31589.35334867192,43479.662757075,2711.579023667083,47782.85299995458,30437.05366998153,18918.63027412747,25487.37530780486,76112.49198066167
8449,22305.3650450758,17059.01848679059,82774.73787149157,57634.66623814585,79430.59437890447,49478.39328871266,14895.44528855965,18470.10533900255,29035.2008130538,139495.2248002989,94659.29450592941,58549.9593344926,50431.64797349681,33663.75566505759,137441.0323572582,73686.71160925498,51091.67663143022,41624.61253526287,119833.1515626257,41443.69530132676,7643.245001727607,27292.6028270143,58689.68391593719,29522.53987559674,41987.7929006981,2588.538613388225,46257.83508506241,30057.09244042118,18627.72621086212,25362.03096158115,75287.73343290736
8450,21758.42571539085,16767.85247154017,81133.7090435672,57098.81914046541,79470.09000599987,48673.43271743201,14783.12545845124,17783.29135431955,27918.09492660665,136851.6728082534,91410.97108162181,57527.37138820723,48008.51582418456,32156.9233802712,135164.2990097842,71246.29176749785,50785.53574723546,39477.85402900992,114723.8681307782,38997.62757512384,6934.60909947605,25680.53508085926,54785.92252243001,29119.26004858975,41687.53722518212,2521.76036064433,44451.39349207535,30057.95000175688,19026.37251903732,24943.24399289004,74514.38407569517
8451,21431.54761120839,16547.73136176263,79524.83767631957,56489.60578102674,79150.73449049749,48383.76926655966,14363.16380224517,17441.21513433976,27178.96527025847,134018.4608658019,88545.48973764262,55825.70541110314,44625.79346264288,31622.48668684682,131927.5076957852,68440.64858581084,50509.09949635692,38442.80541059782,111327.3078836883,36526.99150498637,5609.763642603853,24584.10744633441,52201.7299188156,28286.26284314179,41095.89768985151,2409.421867398701,43917.03372819583,30126.80131981228,19080.24364149222,25033.21077694602,73961.47121190907
8452,21431.55108175433,16445.02924537949,76707.49106502808,55819.44911331609,78892.49188488428,48383.76928048347,14475.6390844276,17103.46740385169,26556.23095026571,132323.5045071436,89088.4576405476,55553.50979755395,43622.51573247267,31622.77446714119,130496.9502877807,68039.52808054742,47555.6300642187,37880.31526025772,103071.198093706,34461.50351501737,5269.99423577309,23523.89397836527,50248.05267741896,28705.97393891292,41089.83758731287,2342.897055769055,43906.30726583678,29982.28617407589,18843.2107031928,24919.56933212143,73756.95337771432
8453,21642.22905486689,16487.66911297074,77868.42768901636,55819.50206409919,79625.03808105346,48686.72807922822,15697.89324262302,19032.66041939767,26821.61851435775,134415.3857074079,93818.10255452653,58284.38587063693,43174.29792148595,36218.64511352026,132755.3108074814,67234.88548284266,46514.80071721714,37165.2116270085,101645.5424657299,34034.48806763731,5149.857722683911,22397.50986133168,50249.68948648848,30842.41835205864,43648.26422847139,2339.611094926219,45248.25274824997,30356.99799298851,19058.69519301247,25494.820304719,73795.94010584183
8454,22545.48692812136,16963.73773508469,85283.29670048117,57192.41071414034,82360.34044911603,49553.11467965351,17330.61382392808,24599.37219736984,27328.32655907725,142003.7069524688,98630.4818816208,65112.7780902208,44947.32617702735,40915.23455505224,135342.2428859428,67236.06505034067,45102.01858283911,39089.75389384086,100558.1377986051,35682.0192422414,5322.823730752523,21922.51828194638,53462.1917765017,36785.6893059096,49197.37945082948,2339.643767683118,46954.92858724296,31672.12994788741,19608.18064556805,25427.83431414291,73759.02499002827
8455,23838.5766458384,17731.29513987697,90123.84214573263,61021.81490144696,84107.70832714156,48978.7225881944,18039.44201642241,25295.80636456973,28994.62756931644,154142.387600481,114400.6971462654,63662.16902301609,45593.45380496574,44887.43885753497,134462.3372508159,68038.83090057604,47282.71834589799,44559.1990737035,103704.8426660822,38987.16283134092,5270.732861004447,21614.30002363538,56146.90756119075,40818.26767402405,51860.79502130966,2552.63558410944,49326.53637998606,32476.7363712491,20383.92481092766,25625.87663266474,74099.95409115347
8456,25469.54922853466,18731.72773273865,91690.06310110356,60275.41526397424,82763.73150397181,49602.94528161715,18450.96316490665,24295.10365579836,32195.24638040452,159840.17490932,130163.1732699638,63009.98596433354,48861.02379215982,48676.42127267656,139700.6373317947,68040.80382730733,49383.24401566262,52885.06692889259,117551.6645944697,39817.86874686181,5629.364031805646,23274.76753882152,63459.79725014264,45551.76832458377,56597.201880209,2905.205479933534,53048.91043145311,31608.20023447854,20319.27946548838,24769.80543441271,74955.82922812551
8457,26666.6113000207,19975.87916658352,98332.98080892923,60322.82989478437,83515.1882767617,51972.82424940835,19653.39591643904,24647.51083700045,37787.90042836411,164585.816008477,137147.4852691681,63794.83673518124,56061.57756423252,51131.78893557072,143917.9104743693,73643.17863116153,54324.53340318185,58349.5837327726,145096.7477966988,48556.60968639081,7242.231724699004,26932.97122591979,74538.70970409995,47605.99877008671,58982.65616289704,3258.336820875571,55980.60451260117,32943.13606648254,19737.47133895764,24243.21959263874,75233.36867014895
8458,27104.75837940704,20590.56028675776,99358.87939294906,57904.28160319101,83360.7824036606,54336.38077848338,20480.33508478591,25008.02896127505,40390.00748701532,170469.2688693904,135340.2196341815,61043.31984983317,60644.61655707679,53178.55782636483,148060.1346311999,76440.65426206881,58241.47475479306,60064.64971442843,152116.9983550231,52605.88302333423,8268.505983319501,29425.76940851375,81061.50264441503,48800.17392348914,60814.08066774416,3323.311092357823,57923.22314591362,33293.26783880581,19274.17968534316,24512.52663466339,75434.42208119878
8459,27547.60778706651,21075.5071404953,104660.6163161659,57910.28550282837,84280.50598039803,55523.31327232077,21115.98977704137,26511.48939319868,41530.76972721716,172184.3451603851,128222.3725411524,64807.93054850977,63978.98440443576,50295.64058951916,151626.3578126921,81670.56830322318,60904.48766339019,62192.26074498297,158408.8345149276,53785.88550258269,8748.356882402817,31874.57178443686,88962.9984177396,46954.59549570017,57200.12319889789,3409.088151347569,58111.7800755361,34006.78533867252,18994.04984757317,24507.57746887545,75875.56286569424
8460,27554.25637567215,20739.06816763876,99688.05455852492,58785.50981973189,82706.49026433752,55516.03083365469,19258.55547790555,24386.7236133289,41880.49675018604,159491.3307883707,137343.7065352325,57183.85354771797,61608.14010106616,45981.71086120128,149909.5136412725,84109.95908630411,61016.48589245788,61392.31824223805,148437.2482229009,51873.14767747225,8748.365915256294,33351.56562461425,84334.65793314776,44101.83943884761,51848.46584620509,3280.686493809033,59479.27684043185,32848.97852155658,18994.04984757317,24894.18736217277,75986.07238180058
8461,26890.01126189975,20440.80371136777,98695.22035505321,55802.94008064463,80827.9009569582,54929.98317398222,19236.40230385548,23617.27554772042,42227.35353435506,146610.1358727399,140883.1582611274,59131.07028746806,61200.06799704279,46524.02107754539,150767.9582584807,85181.3200424141,63506.91248270705,58925.50692164886,142270.5035960676,50548.37153580505,9253.216152292987,34715.3000893139,85140.73402540774,43883.65130064805,52446.20829574732,3083.290551139908,59959.58780669088,32790.31788908994,19274.17968534316,25163.9363764561,76084.31442151085
8462,26457.6502649467,20655.86062694711,102429.3170355112,55125.79846095887,80302.72385381132,54919.23546144172,19667.90771001766,23960.82048121169,42544.30085169235,159315.4293211066,138549.4026824009,61906.12556431007,62527.54362690811,48055.96353329818,154190.4693137573,84177.93274169545,63518.11448260313,57977.00052888344,152981.0628361905,52606.90581331841,9289.604432397964,35074.03614748396,86343.07037915771,45532.64477390004,53050.51527373112,3025.450204900268,61489.80436297842,32755.02833417862,19360.37348177323,25428.31917723811,75955.3737151505
8463,26455.5674068938,20630.28107397212,107540.1068851185,56510.18008247614,80806.87311493361,55252.62274818425,19667.89085255378,24305.08740507007,42413.27045215404,168421.9178134879,137197.0630735254,65519.90992079316,62527.5255555655,49110.26597547312,155919.4693442907,83338.2453367851,63530.5629604786,57283.87596957898,154081.5454367081,52609.58950903626,9108.216705849632,34604.14126473347,87713.19002980908,46758.53690785376,54854.21355306317,3013.804078607992,62201.83839552363,33079.95147574304,19209.53433739285,25823.68881985385,75953.80914926328
8464,26899.55816906506,20727.54329041075,109739.6398321556,58600.30323157367,82613.63191333866,55812.8549745225,20072.37952185014,26185.63280740369,42407.70483234981,171085.1459158332,129755.7861780306,68787.8165638216,62777.64847809228,51251.69675685321,155922.0012618149,82095.05354697235,63424.77856459325,58166.1774954235,154203.7719841301,53568.02253637134,8629.235587116857,34338.74151647231,87691.02291632337,49605.508108332,57804.65381534499,3023.974562770978,63575.83967918203,33847.56295572562,19047.92097002811,26805.50864415443,75994.22683721351
8465,27328.12200822557,20834.77871705599,110549.3449480413,64152.4326097277,85878.77018385364,56118.27051414861,20687.18078075383,28764.76214010455,42054.0915003558,174507.6055825175,118509.6663216192,70268.95339064814,64462.8363509678,54239.10228733998,155059.9511675772,80360.19211053973,62509.044982224,62725.6683403678,154081.5361011914,54670.51603357239,8628.413144615008,34133.75045830027,87713.19143848908,51562.2415792331,58407.43624845757,3147.519265583989,61297.52852271764,35316.87536322394,19101.79209248301,26875.28777940786,76509.79534443606
8466,27547.61350801221,20655.6722363583,111076.636273004,69231.57839714404,88519.62821490526,55812.14701821436,20586.178796297,29107.38633065074,40141.8066368388,175462.8585464571,117549.0825201773,69855.9917163975,62047.94221073922,55759.14479045034,151628.2507753314,80361.67168167447,57048.47965245906,63960.94743140919,141221.7513703227,54649.62742457732,8389.160265507808,33038.20052743261,83883.36462112486,50730.0327469977,56049.53373513641,3306.902489597205,60060.53842588357,34232.64180936477,19328.05080779807,27196.31840630645,76481.25052311731
8467,27547.63209520704,20318.93893864639,108995.9667404142,68656.76416590721,89765.56773227704,54927.33179884467,19465.65962224848,28079.47625843022,39588.03471232609,165425.6752428406,122684.0593918531,70812.79877305018,61556.49679774448,54270.61966302756,150768.283299614,79268.11312206769,53131.57148902661,64532.17783365781,141324.1008536958,52197.18042722463,7418.136884098168,31659.39143378197,79821.24549289526,51498.2271337128,54835.75094057822,3409.714451475032,60269.3021083179,34000.69508631646,19263.40545984776,26483.96774160912,76662.37673264975
8468,27524.68342404435,20310.41741337926,105257.8496474476,67895.72886901688,87888.22576119417,53697.61678237132,20075.09997050607,26994.21875750052,38439.26721405758,168092.1580401226,122684.0561791999,74857.19659056031,62801.41882191129,49607.81589646797,152485.1870464888,82492.5511792763,58294.14608294488,63151.64361485127,143377.8497662823,54719.6094867408,8747.458046983806,30676.05585169887,79839.8880558764,51498.79469236854,56032.43323395137,3641.092852153541,61424.3013773179,33142.04683765848,19263.40545984776,26803.21000215853,76661.15029069831
8469,27326.60271396469,20251.3777878411,102978.1092205573,66917.38336408515,87556.27474635177,54916.80135324537,20029.65262466745,25350.49372095036,37658.5532615942,161280.673300195,119850.2072408378,71671.500741318,64175.65285843875,47390.55530687138,152410.4304016864,84109.95819548085,64990.48567084613,60185.63045536071,143377.9516488834,55908.00232705013,9222.032313933405,32725.44818877739,81174.5004312386,48366.64415485947,53831.85124095719,3653.081834374935,60052.62844262389,32819.36517634423,18907.8560511431,26217.92012866465,76529.1508405595
8470,26219.94066559841,19593.05465282301,100292.4126654334,64260.35997975099,85957.25074541444,56714.15209433628,18336.54660065568,22719.51935548829,36779.44777949623,159771.678374969,114549.8980405328,69045.49441774105,64702.23206413844,42816.80496766166,149916.695247178,83289.83450902543,61800.05310176838,55204.70340979772,139079.3088628675,55907.99866472101,9586.244600958864,32928.61835351846,75882.1243833277,42789.44005862514,49481.12373517787,3424.697782855547,56925.18492849106,32823.44355559436,18649.27466185288,25950.52475068279,76706.71253774392
8471,24481.9344461918,18615.07358131098,92612.35287133208,59868.05249851713,82814.65582912043,54744.62572268128,16652.18994837345,21267.61987601434,34440.22875804485,165271.9648774181,112647.4825336015,66859.291886139,61332.91073184371,38287.5851633843,143938.6810703709,79934.80957194619,58944.91361858704,49819.64031107168,134773.777291932,52197.64598585194,9479.502035978478,30975.53779443246,67977.12449866267,39125.0398710037,47198.79913892104,3065.918254860486,53592.71141894186,31081.31612501275,18241.78676963435,25695.67374131484,77088.69857366693
8472,23070.42750016938,17825.76601514334,86757.154080318,57919.54467111181,79241.01861740224,51755.65002784562,15367.32155820802,19370.15903580487,29861.59763032725,139324.6792870925,104150.370507406,60842.15233250627,53622.08096987916,35814.99486928743,142988.5534421015,75829.57925521952,52763.16998886996,44464.89872020691,124711.3715682778,47111.91578434111,8596.558958153042,29006.38876828362,64432.66330387293,32417.92605657367,42906.9282828239,2628.921326633917,48007.59662200727,30690.99211911638,18817.94762023129,25587.04310309865,75491.79488026709
8473,22305.93089417679,17222.47411167058,84020.26455652894,57673.83615953715,79039.24547341594,50223.3105814303,14758.14093496511,18499.67587926571,29875.51212941941,138974.0144385333,96931.8005630056,58297.01975121184,50636.34499483649,34578.69104808766,140696.4288731948,74777.12471942835,50592.78589350002,42105.94603495688,120471.1223118207,41871.48981763364,7631.295509494773,27162.0893728396,59203.56746480762,30318.09773908095,41356.85694482074,2517.263074340697,46505.96440497552,30331.64946126534,18532.10832781703,25458.68363779549,74320.49418463172
8474,21758.93491537116,16929.44330890735,82378.55625683189,57178.36960019229,79080.07467241387,49443.96582330185,14644.08153470758,17803.17525703433,28781.31747840453,136466.5994009566,93511.73022742722,57364.05563896534,48144.22893592267,33142.13075893604,138286.6785827117,72328.27465147541,50288.21269831855,39927.38349959616,115407.3173369303,39298.24388141852,6936.978859565756,25607.66616705527,55396.63660994174,29908.37600480041,41044.88756310777,2456.662309310087,44727.22405856635,30332.46048709025,18923.8140240981,25029.82287943955,73222.2034878719
8475,21432.02295486104,16707.91242231759,80769.01873268245,56615.06553749475,78749.93610132446,49163.52017153581,14217.6156596097,17456.27448713162,28057.34697015236,133779.291471882,90494.74378193956,55811.5307011973,44665.20418589522,32632.61782999863,134860.7794462155,69512.9396101169,50013.19202469792,38877.00073144518,112040.9903546534,36699.15222126372,5638.90426813384,24550.44474281076,52876.54340599279,29062.0726769102,40430.16672655123,2354.715966700925,44201.05854333465,30397.57559279513,18976.7472260315,25121.95378637221,72436.9709810469
8476,21432.02642576641,16604.55254502096,77950.50559252601,55995.41075199719,78482.97392070435,49163.52018501652,14331.83291952849,17113.76325455857,27447.38459307935,132171.6215359306,91066.41974376053,55563.19143622275,43633.36424121143,32632.89218949245,133346.6424774234,69110.43346762292,47074.84674558544,38306.17734144993,103858.3693696529,34526.27347405936,5306.000508178194,23528.14253396938,50971.32599616531,29488.48814959181,40423.87020463252,2294.345197586389,44190.49656809757,30260.90255215692,18743.84113801796,25005.57873210427,72146.52005802895
8477,21642.72621980367,16647.46550180691,79111.92290500212,55995.45971249814,79240.25457727881,49456.83809418446,15573.01692160097,19070.16508343566,27707.3292022685,134155.7755809994,96046.13270801546,58054.72224336183,43172.38616167573,37014.43174855602,135736.9465173774,68303.01129937479,46039.34728693356,37580.47951388366,102445.4037047564,34077.05624556606,5188.291567610549,22442.03581524124,50972.9222051347,31659.05967717018,43082.10730882246,2291.363212692295,45511.86371415778,30615.28065829173,18955.57394575162,25594.66718708706,72201.88799801662
8478,22546.07764779357,17126.58312955768,86529.86206008965,57264.90826988579,82067.91457203185,50295.65415505049,17231.02450683371,24715.38824954489,28203.6449400019,141353.3154277969,101112.9544588866,64284.645946606,44995.89058333792,41491.99302347255,138475.0187358255,68304.19494159013,44633.79974010858,39533.53369674912,101367.6781809024,35810.24738104568,5357.762488985296,21984.02905013494,54105.74023789634,37697.26719323561,48847.70704977019,2291.392862974872,47192.36818484971,31859.04706215627,19495.49260892661,25526.0698694402,72149.46210810058
8479,23839.30129699349,17899.05639467993,91372.41174435144,60805.73498190681,83874.2824173203,49739.54062407735,17950.83078185663,25421.64473472959,29835.7710208904,152866.8814498578,117716.9800952165,62961.17425351834,45660.41275483817,45278.95127951542,137543.7050788278,69109.73387930158,46803.33255606436,45084.00820207968,104486.3737817608,39287.23504502179,5306.724208169349,21686.83210273138,56723.86320367937,41794.26112141817,51615.02895747268,2484.681343735148,49527.60807480089,32619.99156965083,20257.73071874154,25728.87603404766,72633.64077396301
8480,25470.44280731601,18905.89630882515,92939.28119712256,60115.58276894208,82484.92614683074,50343.89902544576,18368.72542560835,24406.8283872588,32970.74687726911,158271.2455864759,134312.8574030348,62366.15121361618,49021.00686895703,48891.23230696745,143088.0500746009,69111.71362134328,48893.10183494914,53533.22302100196,118209.9431829661,40161.13178892851,5658.108596512711,23287.9243919435,63855.36090264344,46603.37371740212,56536.21459958448,2804.635887853626,53192.90062313204,31798.586490538,20194.21087790183,24852.21231063599,73849.13244245428
8481,26667.62886424265,20158.01597363217,99584.94942035257,60159.42431271783,83261.75589662889,52638.36265117154,19589.78103402081,24764.20582344966,38448.69862606593,162772.4968918309,141666.4472900987,63082.21441906458,56426.55249450108,51232.09247793252,147551.7151725105,74733.44136030362,53809.08782300609,59078.69613691463,145509.8436903011,49354.22540992428,7238.385420972739,26815.31752804088,74659.46735481464,48690.41800868234,59014.73127173684,3125.099939218429,56079.63804420974,33061.08211538897,19622.53229307333,24312.95961099131,74243.28675876104
8482,27105.82132461633,20776.63385021759,100611.2727800482,57923.13376298354,83102.13650119366,54926.70503363662,20429.52754628026,25129.80859724706,40997.43788121358,168352.9652241039,139763.6270412055,60571.85184575715,61140.06557134126,53183.40911699866,151935.946587333,77540.58063676149,57705.9712658577,60819.17066277494,152467.6060020626,53614.03230214332,8243.921977742923,29218.977890084,81020.46619703069,49903.66866522541,60917.60411318857,3184.063604743362,57992.46719638022,33392.21400958332,19167.30675595253,24588.74474975593,74528.81759789414
8483,27548.71660030568,21264.68657067668,105915.2048996711,57928.68521881654,84052.91459232429,56075.86643399291,21075.0270355474,26654.47342599012,42114.80370700697,169979.7189613376,132269.4417289038,64006.5165034064,64569.35920730219,50434.93839389476,155710.5244741393,82788.5609784746,60355.34739382638,62978.30205435229,158703.4376353446,54855.38655898698,8714.076633551875,31580.21565356729,88725.96994761642,48028.60935517617,57162.65734938332,3261.905644378479,58178.13266135656,34067.01252816384,18892.0541049119,24583.67653333152,75155.31429703058
8484,27555.36587753742,20926.09285735411,100940.5842413609,58737.95409948852,82425.7521537638,56068.81574032753,19188.82544520725,24499.74052773929,42457.3580185458,157940.3661495402,141873.0432608863,57050.64512179937,62131.01957184792,46322.19127501383,153893.3745890272,85236.37843295418,60466.77210134803,62166.50847727007,148820.6098481118,52843.19990414287,8714.085483880433,33004.39494469706,84212.43276603485,45130.28397210965,51602.21879117756,3145.382100285833,59524.65926855331,32972.03402358873,18892.0541049119,24979.58620680012,75312.25704523506
8485,26891.0519647236,20625.91815124474,99947.33895259652,55980.14581233206,80483.73218073611,55501.41754981426,19166.32917056445,23719.44037599096,42797.10095832476,145722.5236669274,145599.6345729951,58827.19973849692,61711.33010343817,46839.21054057303,154801.9733794725,86311.44031586479,62944.44569255132,59663.15157467196,142708.7562904115,51449.54477905292,9208.734321430791,34319.3648046877,84998.51460804945,44908.61054240695,52223.28063151355,2966.246758342038,59997.60480846145,32916.5566065739,19167.30675595253,25255.82394932797,75451.7778416749
8486,26458.64618607543,20842.35240974771,103682.9817444007,55354.0324491222,79940.82244539287,55491.01185576024,19604.5175811705,24067.83057374083,43107.54785820372,157773.5232103898,143142.4875519918,61359.03770138184,63076.59750577239,48299.70997333625,158424.4428350129,85304.58689765178,62955.59032914484,58700.5931472521,153323.9793226516,53615.10826996796,9244.387311434402,34665.27312950914,86171.02770545108,46583.94469113544,52851.16309855579,2913.757076630835,61504.35594726312,32883.18203709244,19251.99987953947,25526.56639576564,75268.65959516894
8487,26456.56311229094,20816.60903122834,108795.8877283375,56634.08939410272,80461.99433253211,55813.78994405353,19604.50046262411,24416.95294461352,42979.20482104437,166411.0481215788,141718.6463958641,64656.09506084312,63076.57891995853,49304.84441097454,160254.4587788856,84461.99886284335,62967.97506074199,57997.20001158228,154414.6663713571,53617.93149886964,9066.664847422726,34212.18081265783,87507.16233232616,47829.41896861706,54725.22804681362,2903.188304104522,62205.47114889559,33190.47324525643,19103.78691264553,25931.44653158512,75266.43763928005
8488,26900.59986070767,20914.49416846532,110996.3313970663,58566.70436910838,82329.75843571498,56356.19421142864,20015.25371061587,26324.02104757915,42973.75334908168,168937.1259942329,133883.9307457345,67637.58885919329,63333.82256723886,51346.40832857649,160257.1386223533,83214.512570989,62862.73236654952,58892.57275308896,154535.8049629336,54626.19626043158,8597.362396500997,33956.27126512767,87485.54506124175,50721.86708922821,57790.77217957084,2912.417942432622,63558.40252998713,33916.43033759738,18944.9873068453,26936.88372494972,75323.8377912895
8489,27329.20808827356,21022.41638983955,111806.3717732236,63700.43459166599,85705.14426971765,56651.89068197732,20639.57679586675,28939.52571857157,42627.39243460653,172183.3367211511,122043.2006560364,68988.91273287623,65066.98588706521,54194.49447327806,159344.7237067879,81473.65820085011,61951.68808100515,63519.61203402512,154414.6571189371,55786.01161672183,8596.556572916805,33758.61030543108,87507.16370606465,52709.85700970734,58417.07062552833,3024.533836429739,61315.02860004113,35306.01060170721,18997.92050877872,27008.34137549632,76056.03481161942
8490,27548.72232184395,20842.16281260185,112333.8814243759,68396.82447339906,88435.17100950962,56355.50878402086,20537.01052808618,29286.98218746845,40754.32749576543,173089.3963158476,121031.8284079517,68612.14472655598,62583.34236430126,55643.6489145771,155712.5280321206,81475.14288303963,56519.08526365194,64773.1916707746,141669.3391570714,55764.03694789566,8362.13822496156,32702.23519979565,83772.33352303495,51864.35464833781,55967.18058446195,3169.172920433451,60097.00737982053,34280.6129119854,19220.23995788595,27337.09429380587,76015.49619682305
8491,27548.74091096396,20503.27288940543,110252.3503857653,67865.32727831062,89723.17973947304,55498.850547915,19399.13714592657,28244.57475129789,40211.91313286995,163569.1052732916,126438.3042352292,69485.09325821417,62077.9060404296,54224.54201791077,154802.3174109623,80377.8067168676,52622.23483902881,65352.88479870357,141770.777613167,53184.08006357954,7410.736102883141,31372.72975151102,79810.97290526806,52644.82001087638,54706.045162787,3262.474007060989,60302.56973304167,34061.25276296058,19156.72011457895,26607.60825647222,76272.72694126437
8492,27525.78986289767,20494.6967875975,106512.6855167915,67161.64232466897,87782.44921911668,54308.26806937751,20018.01629262683,27144.0110738887,39086.70623250804,166098.2702314473,126438.3008527151,73175.02333522287,63358.26962662607,49779.19080346184,156619.5303521941,83613.38332561206,57758.37287419515,63951.89809287927,143806.2458152063,55837.65758200199,8713.195960705661,30424.55641852974,79829.15305028015,52645.39663559493,55949.41295101924,3472.448175544422,61439.85743047906,33249.19900634723,19156.72011457895,26934.52978983888,76270.98518021825
8493,27327.68863665209,20435.27903978307,104232.0011581172,66257.02329570086,87439.28986099707,55488.65520683697,19971.86507422978,25477.1033867034,38322.00429948447,159637.5615650358,123454.6192965389,70268.53503690856,64771.62659607904,47665.3334446338,156540.4060899136,85236.37753905363,64420.42178566785,60941.94372221663,143806.3467909356,57087.83843929991,9178.180608144527,32400.66630231689,81130.66113924854,49463.21378310674,53662.98088746767,3483.328087262708,60089.21869381049,32944.02764465161,18807.36098132499,26335.16095133576,76083.52298514062
8494,26220.91196600771,19772.73964085622,101545.192584138,63800.22873614496,85786.27473152045,57228.80985361546,18252.53681772495,22809.02247471547,37460.92879369806,158206.2764688759,117874.0696105975,67872.68276099498,65313.1969331268,43304.88259941333,153900.9757764635,84413.42080392884,61246.32681259423,55887.22470225144,139545.9668344391,57087.83458655558,9535.033336304397,32596.57148034042,75969.5594116033,43796.92059977275,49142.52089067639,3276.071268250927,57009.73359930205,32947.8847109138,18553.28161056424,26061.33346109515,76335.69150160719
8495,24482.72573298945,18788.49503996789,93861.95284355851,59738.9181780915,82537.56993446604,55321.95862573107,16542.09344015146,21336.64580006501,35169.68588478727,163423.3106443789,115871.0686801756,65878.08805498811,61847.95472492301,38986.88558185793,147573.6992796104,81046.8062138613,58405.80795354508,50422.38239080038,135278.7594110753,53184.56982796053,9430.44769523466,30713.32944473093,68260.6384671278,40073.9860530261,46771.15724554645,2950.481529369834,53728.36258360642,31300.29371341969,18152.88826620289,25800.3520903354,76878.17816127003
8496,23080.20710677479,18098.46394110094,86965.5945350707,56986.34940940976,79503.85785339757,51883.88668733445,15427.33452035453,19574.72899456991,29930.40353888322,136395.8172965717,107353.3945726362,60081.06805045596,53551.56736457306,36001.53489678654,145423.0607500996,76603.58821365683,52630.27566744892,44869.01464213323,122973.7461297714,47706.07346504883,8571.506739142518,28265.53888531097,64144.42653925104,32774.24180139094,43644.32226145543,2542.430551327576,47852.32555594289,30538.07425884559,18810.80901765464,25605.93322210072,75081.62448529381
8497,22315.80742175003,17497.84992263369,84250.18910326896,56737.04733283933,79306.69722185779,50389.2103074445,14787.17867626014,18722.87562838415,29942.79647936091,136078.0433800047,99660.60465995705,57574.76655443505,50616.77694710998,34839.08920470563,143248.0159928261,75623.1570230487,50420.37674465525,42563.52965124416,119038.1756446415,42517.13624469949,7595.08883796423,26580.93505034327,59112.90387548853,30662.10233389828,42096.83610052363,2434.553768518788,46334.39720439723,30157.13916709883,18487.82778008753,25470.29938228233,74147.23272004371
8498,21768.88078972664,17206.11982155128,82621.3679193363,56234.33441775021,79346.59306974258,49629.02090914209,14667.3196576655,18041.2812803015,28968.25265344601,133805.8136420546,96015.85469135731,56656.03667472558,48167.18381829967,33488.35058293358,140961.353737749,73341.89079624793,50110.25837557059,40434.34611212832,114338.2251944919,39969.17321643286,6892.748759699398,25161.10739107293,55449.81192514908,30249.97842907504,41785.38701492402,2376.005336737091,44536.35346823549,30157.99892641284,18930.431697409,25017.13427080539,73271.08384834298
8499,21442.01027429733,16985.57226365534,81024.4649761318,55662.79185428308,79024.00143100573,49355.46827528007,14219.16912261168,17701.80476504195,28323.44874373287,131370.5642318198,92800.6689865292,55127.19860839636,44747.52160307259,33009.2765081418,137710.4466723717,70719.21951431494,49830.23057234598,39407.7711741049,111213.7821928053,37395.6184061642,5579.673795656574,24195.42943764965,53024.9364857406,29398.71328257887,41171.69139712548,2277.511555633305,44004.47785707242,30227.02671430235,18990.2430372862,25114.48641109136,72644.67357562832
8500,21442.01374476266,16882.67117896642,78228.07665871477,55034.07442080331,78763.14197722303,49355.46828842944,14339.19402761312,17366.62384369734,27780.18610936933,129913.6871761538,93409.9008851312,54882.64825534172,43733.28792423227,33009.53447710231,136273.6505573438,70344.25835153567,46838.38867626908,38849.88598789021,103619.1150655053,35244.08883999835,5242.923045338538,23261.64708877264,51191.70472408001,29827.62880005116,41165.40537641641,2219.185330620706,43993.80126031407,30082.14116804912,18727.07314238415,24991.51616162708,72412.96966587349
8501,21652.68682680695,16925.39365422448,79380.3770535513,55034.12409736713,79503.11127914944,49641.57679503847,15643.48894804815,19281.15541277069,28011.70562349795,131711.7356676538,98716.75334406928,57336.16577942252,43280.1755051201,37129.31611797189,138541.859860153,69592.09105991616,45784.03652583183,38140.63672662431,102307.6766025892,34799.28530460642,5123.853876337324,22269.58498211396,51193.24062279986,32010.92624023822,43819.20912748028,2216.304334992054,45329.50825371515,30457.8133946109,18966.3185018929,25613.98937739868,72457.13880824325
8502,22555.92373016193,17402.38458028435,86740.08671644346,56322.13874296456,82266.13126947585,50459.77576275529,17385.80182659869,24805.56139443133,28453.7489450074,138234.175644635,104116.4371532812,63471.03954289288,45072.56550464748,41339.38303340376,141140.0736328942,69593.19370112958,44352.89905284266,40049.42325428294,101307.3899434284,36515.44732082518,5295.283180523137,21851.23644562083,54207.6900454943,38084.53535453993,49575.19311985707,2216.332981124589,47028.25003084941,31776.31610731731,19576.39417254324,25541.50451956828,72415.31665274894
8503,23848.98342770173,18171.42900016286,91544.62325404154,59914.75116988391,84031.20573941772,49917.33083566865,18142.20834379676,25496.70281374034,29907.40108429471,148667.8161521367,121811.255089361,62167.76005611663,45725.74894665727,44900.10430218973,140256.3307008962,70343.60663862326,46561.93119750958,45474.09147436466,104201.9948632105,39958.27254513353,5243.655108307896,21579.77340736709,56726.89134611694,42205.54967828462,52337.89974504351,2403.075465716423,49388.83259987832,32582.98478258719,20437.67746900501,25755.80409443468,72801.56465889925
8504,25479.91814598279,19173.79976513918,93099.19306257679,59214.5052616769,82673.61000436786,50506.83483207533,18581.35182309737,24503.60522746395,32699.56549708202,153565.2729839353,139497.3893969852,61581.81528214525,49029.00130572024,48296.58374918553,145517.4751775787,70345.45089961597,48689.74760021299,53731.79756216532,116939.4712282536,40823.58299317876,5599.100046630133,23042.22913294329,63588.93660274419,47042.85777293987,57250.87793503748,2712.194282782572,53093.90193224685,31712.22253842623,20365.90386282512,24829.45817397643,73771.20926852035
8505,26676.95242665507,20420.36153590492,99692.6939819443,59258.98800195036,83432.68150934203,52744.90329263194,19864.49487437886,24853.334190892,37578.50001800837,157644.3252831107,147334.0693129383,62286.95351197683,56308.18624357184,50497.59839853078,149753.1399844282,75582.4630772869,53695.2358742247,59151.57775362795,142277.7653202902,49926.35173052852,7197.638334146096,26264.18974258588,73984.82685774432,49142.13826234757,59725.26098810093,3021.805351889413,56011.9670384839,33050.57988669825,19719.9413876909,24259.6450003824,74085.64137700213
8506,27115.08933408443,21036.23349873564,100710.9608873049,56989.9909928897,83276.71099617926,54977.00096274869,20746.94027213148,25211.11245599293,39848.53314480819,162701.3684555624,145306.2443380366,59814.89153796552,60941.27273418151,52332.34126842421,153913.4285144848,78197.49946073623,57663.06743960591,60852.60292530085,148735.5847409338,54144.30475094364,8214.79473397076,28459.72018295819,80105.48534705158,50362.50212462076,61624.96025739574,3078.772126926693,57945.55474978244,33401.60906661687,19205.56386418952,24551.05940637995,74313.42034597661
8507,27557.92846061836,21522.11985651941,105973.2580908806,56995.62364052687,84205.75440204593,56097.91735357315,21425.26170037153,26703.14691629591,40843.71436398631,164175.5393298169,137319.7326579855,63197.15352033281,64312.05239641927,49748.0671627419,157495.2041103611,83086.34115387933,60360.67910371794,62962.79574424313,154523.3470732571,55373.46233238777,8690.382432740762,30616.50134411918,87519.84873797155,48476.4494699097,57876.27591651268,3153.977932414841,58133.23510852412,34116.95535231341,18894.54489571302,24545.7039645117,74813.20093930395
8508,27564.57689487135,21185.02908898914,101037.6873126978,57816.72833552675,82615.78872244047,56091.03995750524,19443.15175608511,24594.52889328479,41148.81016119307,153265.4286881109,147554.2374919979,56347.40786150978,61915.3181049522,45881.02001059287,155770.8727261036,85366.64543275489,60474.13245128437,62169.40216777765,145350.6397636984,53381.04601090106,8690.391385342506,31917.3627451723,83176.84847142431,45561.13140308784,52325.11094328012,3041.400628005824,59494.37460059943,32956.18101064311,18894.54489571302,24964.0505905821,74938.40022594699
8509,26900.34720211406,20886.18679483476,100052.2388213431,55018.58622654885,80718.163117861,55537.58773428114,19419.51160547383,23830.92846528253,41451.40201178622,142193.5699784284,151525.6451635003,58096.85758617888,61502.78979015991,46367.15198532778,156633.0610479913,86368.13686634642,62996.91549780375,59722.78600550101,139677.9471892012,52001.08396261491,9190.756317271254,33118.4710221036,83933.22944538176,45338.15831720788,52945.13698946252,2868.331965552627,59972.45267832118,32897.37002764766,19205.56386418952,25255.94325025718,75049.7013493565
8510,26467.99624278917,21101.66034749668,103758.5574871009,54383.31575660709,80187.66424088144,55527.43779971197,19879.98073591109,24171.86253215094,41727.90136157813,153114.2349358907,148907.0772251503,60590.06729977014,62844.76166012336,47740.39960034745,160070.4977844313,85430.18614067044,63008.26303783382,58782.04479388362,149530.4242328883,54145.37014706391,9226.821308355751,33434.42758099033,85061.44097653407,47023.31483561928,53571.97228705035,2817.619923429741,61495.55550361337,32861.99002360515,19301.26200855061,25542.02918498294,74903.62085760929
8511,26465.91343309154,21076.03123838308,108831.3280759013,55682.09394083411,80696.9221945372,55842.28238956222,19879.96274693198,24513.51310241706,41613.59271060207,160941.5952537328,147389.6976101461,63836.82145836171,62844.74339143887,48685.48621818298,161807.0380398964,84645.2595124257,63020.87325050269,58094.59466946139,150542.7410797958,54148.16563690051,9047.045107833785,33020.56795687095,86347.09185459506,48276.09124371959,55442.91170836254,2807.409077791724,62204.27940430409,33187.74596161419,19133.79025522175,25969.85464653096,74901.84831765178
8512,26909.89388763978,21173.4818842242,111014.4986564104,57642.97402346683,82521.98941049806,56371.35501031453,20311.60170941719,26379.76676953623,41608.73736028712,163230.7373289791,139040.2846396755,66772.82660878169,63097.59769513555,50605.08489646025,161809.5809991946,83483.1433080706,62913.71446832026,58969.67301660346,150655.1753818341,55146.52389679645,8572.31946191425,32786.81729456572,86326.29135815409,51185.49759009771,58503.34318971527,2816.326140963279,63571.89317667917,33957.32487336639,18954.35623559021,27032.27187388657,74947.63863397411
8513,27338.4477773264,21280.92506171151,111818.1803608698,62851.78668052143,85820.21428609113,56659.78361611717,20967.66996959728,28939.29528140028,41300.25121440171,166172.4667350867,126421.6843221093,68103.53333546131,64801.18808137265,53283.02329057675,160943.7714766756,81861.42202249746,61986.08336858227,63491.83646700007,150542.7324921989,56294.94372167726,8571.504326342825,32606.27154827811,86347.09317642899,53185.14295969408,59128.59710801607,2924.645066772537,61304.17352285165,35430.4032119188,19014.16757546739,27107.77916511082,75531.74045247918
8514,27557.93418143122,21101.4715919324,112341.5491558528,67616.86275540853,88487.83290720104,56370.6864298907,20859.88847881848,29279.31560276931,39632.00702220784,166993.541636757,125343.8705324035,67732.51367824058,62359.92292198509,54645.60367620821,157497.1053282714,81862.80510240949,56454.5725453847,64717.00264158309,138713.2163103543,56273.18496051904,8334.377071989298,31641.36663180202,82753.37768725633,52334.68347573052,56682.79294313251,3064.385737347924,60072.93399429937,34343.3907059528,19265.37520406672,27455.16313524893,75499.40123507625
8515,27557.95276819455,20764.08592934118,110276.3577626386,67077.59224508822,89746.39789563928,55535.08382621109,19664.15724962855,28259.21742307644,39148.90598716166,158366.2150487574,131105.521805103,68592.14363501534,61863.11084873557,53311.27576235346,156633.3875066395,80840.56369690447,52486.77459937433,65283.55652548186,138807.366009988,53718.57692121577,7371.980676986826,30426.98138484949,78941.69086011396,53119.72465338117,55423.76081715509,3154.527046666576,60280.72716790453,34110.84949029505,19193.60159509894,26684.33573967074,75704.60412641807
8516,27535.00462980477,20755.54789503309,106566.048592296,66363.61567557507,87850.03226698127,54373.76443764887,20314.50476140477,27182.20764263438,38146.7411195054,160658.1546534815,131105.5182003764,72225.7764524916,63121.62761480178,49131.49464349537,158357.7787261625,83854.71786597754,57716.42309129198,63914.32439000528,140696.5777272393,56346.08224996209,8689.491582959474,29560.90918588868,78959.18409689414,53120.30465881104,56665.0549421832,3357.390133843146,61430.35703081241,33250.00047746486,19193.60159509894,27029.78453680543,75703.21465641729
8517,27336.92851833724,20696.39389001882,104303.267196869,65445.76630608597,87514.71749501022,55525.13907439393,20266.00687581598,25550.97455813097,37465.65979014405,154803.4340986268,127925.8253311808,69363.63244326763,64510.86850049195,47143.92141246009,158282.6960652195,85366.64460002723,64499.76376563137,60972.59322760678,140696.6714474612,57583.97970788136,9159.849529449084,31365.91020512061,80211.5167464111,49919.46488561281,54382.43614296405,3367.901581490833,60065.06078328146,32926.49176474703,18798.84675135195,26396.448328668,75553.66882926217
8518,26230.29216207133,20036.79536318342,101637.5495884015,62953.04034604872,85899.49011423223,57222.52280616439,18459.25533230981,22939.99502445568,36698.74339457188,153506.3977044752,121978.6645137512,67004.3336831562,65043.1980329206,43043.96862283086,155778.0856512243,84600.00582923154,61267.88002818414,56032.44376782387,136742.4167331438,57583.9758929914,9520.825998975552,31544.85220065762,75245.41914333629,44219.95061237223,49869.51527630781,3167.663816784821,56952.15625173344,32930.58059711455,18511.75231826871,26107.10251485179,75754.8333859978
8519,24492.32629195679,19056.91961565328,94014.62190204023,58832.33183159163,82725.05036065988,55362.53969540499,16661.84044029081,21499.1296646009,34658.04923793435,158234.095361157,119844.0775427417,65040.17050660465,61637.08318826162,38983.93342322718,149774.0011616693,81463.78109114624,58375.64561669034,50691.46681419294,132781.8251326041,53719.06187351581,9415.031780528094,29824.67771966111,67827.76767183184,40475.18875466732,47502.10654265391,2853.100649041428,53635.17487628701,31183.98799509794,18059.33188025543,25831.33083448832,76187.59592890057
8520,23526.10472298306,18526.73490806622,87974.37576888215,57109.53301514158,80365.9023869797,51606.12687845317,15677.71918426097,19298.32326639364,30160.18932753665,164601.0675430184,153250.4091431865,64243.32013346878,51054.20456035955,35283.70197688263,148100.0487670881,70535.870281592,51378.28182748715,47131.43673744846,138719.1284550333,44690.83953212197,7822.567413011767,25559.29513730907,61070.5130848042,33063.28291075559,46235.03992671047,2664.884136098059,47605.63135620431,32163.85299623384,19744.24504638067,25326.8372206345,75381.024695506
8521,22515.46132714444,17628.82417784247,85977.93564488534,56080.63925624935,79461.19192447438,49761.208912423,15078.11410230042,18283.24941129102,29556.34006523494,163576.4233465995,143074.5740261927,63683.88829514691,47427.57349598385,33295.67616491226,144805.394516934,70181.6546981791,47795.46304053245,42580.2662308316,132234.3421734882,42049.49127761545,6960.466830573288,23952.68776176103,57188.85692456266,31029.48708412889,44146.95039588909,2469.376119217051,46057.9702014067,30470.60153563846,19525.77889588678,25865.21168939284,74511.19770688895
8522,22114.02080571332,17368.33482651794,82107.19704080261,54549.57414208463,79284.36382015998,49352.90487819677,14340.73431639443,17904.59644886125,28136.92917005915,157912.4865114558,135472.8024572085,62589.96874152466,45864.30994485402,33002.31160596677,142595.7809670182,70514.27214186304,46073.37516578707,41931.61415318505,125299.5173584001,38706.2373160675,6299.651302604268,22858.94589771355,54611.65839072272,30383.56777677455,43118.35909465887,2370.708986274667,44676.81605881984,30356.36041431555,19182.40646310126,25676.61060965796,73284.68265137405
8523,21969.98304447807,17148.39665631216,79593.60419681446,54578.56110609866,79240.27524362873,49487.94173758585,14511.09666600886,17538.38808388081,27201.28347167497,154345.5009317174,129415.1388172716,61688.52586700566,43899.69454687923,32722.88362463317,140720.7987862642,69953.85353652302,44413.78021073161,40383.68348101864,118042.8721861954,36755.6515697413,5759.469805045371,22079.55130286662,51979.84472053163,29408.73576599968,42287.17998924272,2274.837258169317,44690.91872650995,30252.58562963294,19249.22701329922,25865.16313547693,72932.60134499072
8524,21560.85692577609,16892.29222051164,78312.26953047235,54293.78398903278,80203.30214847924,49480.88793770853,14669.94345774556,17884.97107853438,27183.80253465098,152869.6697727476,124348.7979398578,61684.34030940807,43362.40862138544,34142.49605442823,138099.5083395336,69775.06518366658,44245.42632998675,39830.94136483558,114437.3867560205,35784.11411234119,5375.776046691952,21526.61866092851,50688.40065679222,29418.19286082899,41704.67782099209,2182.714348283572,44002.82028628999,29854.85630546964,19207.97785275959,26044.70470406285,72928.66741174545
8525,21949.7786621912,17017.67593353873,78222.05869445416,54293.91930433635,81445.85865817807,50198.30376588376,15177.53408797081,19272.79850259738,28409.8061967112,152741.602666794,120931.7995651148,61685.75088349772,43188.45078936175,37180.26439837943,141152.1862088382,69581.31318771797,45068.53561072031,38075.87230284269,109995.2585287891,34972.63356920913,5161.447104992082,20957.37829217457,50654.85882864571,30384.84963797809,42918.22296416844,2166.522220317596,44709.42176819337,30867.81475559196,19793.6138549538,26314.10550241344,72683.13560289831
8526,22778.22903056974,17398.78548260953,81169.85916219432,54393.35306570079,83327.65675192355,51913.4297324033,17271.77268781586,23586.3681132184,30362.66069998108,154713.0631871955,124345.6238793926,64201.92856531307,44974.1649171173,39840.47471786167,147053.9947539399,70910.97918618836,44998.75702767604,39803.69013075622,107245.7147967993,36895.17605355032,5433.524408752358,22524.26143454081,55127.34167962709,36475.78583691567,46197.1658466878,2183.489481517443,47548.25672494753,32478.34214094437,20167.04585737672,26403.7181945838,72885.8762951723
8527,23766.1358032266,18561.96990773172,96291.72185492326,55496.95689573816,84846.89349646374,51172.92392121998,18367.84640816893,24860.59815075678,31176.23338354005,149346.160452784,114481.3565618055,68841.49691102475,49554.62751427625,41693.43352607531,150062.2458523313,72266.03410224686,49553.13954485982,50815.85680711907,104033.6797531476,40989.50328208066,5832.76548101261,24404.68705355669,55890.49535488988,41809.00206963925,51497.62308800885,2390.971966453733,52161.45122103387,33719.55508146487,20491.43785033555,25901.22080777048,72794.3765991808
8528,24950.97443784648,19080.0422703112,93678.65932308066,57110.51770604037,84487.79801514174,49566.85902064542,18821.47647290081,24047.72925499792,32608.4111829967,129021.5994264497,107354.2838105979,65396.93359917088,54448.73624816304,44681.94357725339,150284.5684591521,79181.6055754947,52609.58424633706,49336.18333855274,100976.723269565,42840.94816878859,6223.017595751463,26009.06465671907,61921.3423449888,48006.28764556839,56799.05766744608,2664.166543454288,53470.39063903069,33440.77462523074,19519.71267201287,25157.30279981825,73388.41196353616
8529,25836.95311585488,19915.08044504328,94429.71267747646,59925.26355268047,85346.02055009449,50808.63487832704,18870.10848616464,24130.92275355833,35233.49640239132,127990.8363490256,112522.9347906191,61653.87482249258,58213.16337460838,47264.36313495706,150284.5684433217,80833.65911069707,54178.86918350191,49944.37744211984,104176.8072661351,46164.59669817212,7225.34105985239,27726.68395514638,70018.26566877015,49913.58438734887,59967.81894253983,2955.916071275083,54360.33001007031,34147.45774538784,18737.73723543566,24370.57302802532,73534.53372472018
8530,26376.11788654463,20499.61577408898,95275.82692327251,58243.60961745879,85944.27224229381,52058.38941870221,19008.86613041209,25235.93160076371,38025.96405119664,131601.2981885386,121625.6594612583,60502.10682026834,60363.32872627913,48967.09889360692,149066.8783542941,79998.61059595602,55708.97935245399,49940.51732456595,112449.4525699946,48412.76416946088,8152.546471350004,29749.87353931608,76359.85906657681,47956.05036701013,61233.46473119697,3128.075943749457,54638.29296452147,33406.08402432474,18114.39789904295,23979.8428159937,74234.3137693845
8531,26638.64898525576,20679.68444600098,99553.23948901237,57109.5327290253,87746.57795002672,51730.23548931929,19508.04947955005,26511.25314849391,38735.17306026057,132229.1812587171,120608.7721482215,60655.03523397508,62487.75062173895,46813.56805457888,147235.0148640238,80716.9244729675,56738.37206580306,54289.73435496,119834.2795238919,50630.23429777677,8087.558095255617,30909.88133692244,85184.33046783003,45960.68544535355,59296.88388803873,3177.052343141016,55043.66428402802,33719.6994196384,18132.67812712167,24068.73580840139,74033.67258068016
8532,26383.25959137108,20200.62887196532,91681.6757049206,57109.95886840665,86277.27927044088,50878.20475069663,18600.81459910369,24869.49250329265,38262.09271923573,128654.1445197611,114489.1821716873,55421.4453387561,58183.1875370374,44980.03343886549,138649.4951777852,84061.7612267514,55519.88331994387,51332.23650018949,123431.7293327353,50665.46709583489,7797.378088574046,30940.55035724249,79348.67459338199,43730.33969006141,53970.31189084939,3125.852648200613,54450.15940083173,33272.54785845162,18797.95907461934,24429.54647555342,74077.77730648048
8533,26119.89369688953,19543.72167925369,80061.18372677585,54791.36897241121,85289.1081327345,50481.20993698063,18733.82826124728,23766.66153709065,38220.49772355613,132415.2167110369,109310.1310768257,54144.77820320257,55346.85628823429,43780.50494188193,139879.2894420563,82594.21138638751,56755.61786097492,47131.37198122294,125114.2556810556,48773.52017112497,7870.133711617133,29558.69379016353,76531.09692589693,43217.32200594716,53339.30532603401,2892.077413572351,54113.6298681136,33054.8121935645,19139.39549236696,24070.81788481036,73191.55207938977
8534,25730.73366730986,19362.65369965642,83349.45190765627,53806.36858141103,85628.70544978869,50086.72512003855,17978.32095192371,23928.97565209743,37704.04989933678,132742.2011240586,103268.5518029063,54859.79585735506,55973.73072473102,40288.78157144859,144801.2917684599,80193.19956023646,56807.47828910056,46287.83967410637,128826.8656856806,49144.70765538684,8088.055644861092,29310.75858493279,77962.41455536732,43430.15034269118,53304.40090120156,2864.385857474264,54783.24354675571,32871.44243976407,19265.87591301138,24070.63017225509,72750.54300447795
8535,25474.66106793459,19320.10209642523,87325.73669901075,53272.85573459505,86103.5046165018,50212.17967267012,18599.61457596063,24498.66236365074,36993.72234631678,134109.2879591968,102145.8984327657,57053.55293148747,55923.42015081891,39824.95008180969,150331.2020958078,80040.85557195828,58458.87755285701,45444.07108543033,127028.3780618321,50629.46284865988,8154.424685681764,28362.54107489273,79240.46232019745,44051.7219747167,55233.64571833611,2806.35688957556,56159.89090233492,32340.63837358109,19181.59215458637,24609.56568285673,73034.28296534566
8536,26120.52380421217,19868.23658952846,91776.69927491683,54294.95700980455,86486.16406558706,51447.35691160627,19671.92127488778,26060.60584502162,37094.60854835331,137572.6819570029,109383.2604277626,60500.95785063892,57490.83659937132,43681.16913473073,151500.5423046971,78295.96243903878,59154.92854686898,47691.57210464323,128827.3555937859,51010.70066002172,8217.580104859466,29629.64149700069,80540.21344838875,47278.99176148992,59021.92063826862,2865.044200747443,57432.75178197841,34579.47524591036,19153.14202597955,25586.85118405327,71980.10329646486
8537,26873.81965237562,20549.33325965206,99307.5356810074,57617.22879822764,88730.67824461208,53461.75622534088,20699.80844330019,29272.54507594005,38717.57576325638,142830.8403675827,116527.8425687586,63141.00718136597,61412.72017190907,50114.1087316325,156968.5253868609,79787.86136874593,61878.57424675424,53903.28936960763,129650.9799728631,54699.14286370869,8689.964049754968,31183.92337079005,83134.45757131263,50238.54194838394,61859.31550432561,2957.887346015906,59085.24449860331,35163.26512036726,19517.72034433743,26852.954987207,71936.08145122252
8538,27429.85218062042,21402.83140217557,111605.7990526707,62861.77467306295,90146.77489441478,54960.47125715935,21667.92249617323,28526.33640870572,40051.55145992083,146005.251423874,121623.3373079133,65025.04666200176,64289.88103646399,53191.80277142821,163684.1858834871,86373.93527922974,61173.44587487797,57360.61806682118,135122.9436670961,55823.04084124719,8884.148528696247,32055.30647870041,80699.28639192232,52526.05890538124,60327.21418605947,3049.690325623641,60268.72073564877,35568.48221930143,18826.30582808466,26677.98449080419,72424.3902544812
8539,27676.16373864203,21796.92815164546,111116.8524866121,66851.48225289918,89760.04836969562,55665.47908556858,21231.0312389046,28494.04392804283,39949.41911079848,145425.0312162634,119660.223781107,70864.35405633847,63012.82744798332,54107.69879574557,157096.6402886495,84933.99925154756,63995.82446729179,64000.46691456641,138721.2547493431,56941.77725467414,9422.949182605316,32829.96201227511,76680.90547983084,50930.97013410745,59638.45813596051,3079.29460260085,63366.07379070816,35532.97063012845,19636.99044208154,27193.87804354147,73704.02923081716
8540,27676.16374014504,21434.69690805405,107374.3117833759,64532.70476637854,89874.42274377262,54717.03312081302,20719.76776049744,27426.21829388031,39141.81872416735,144846.0991941275,119440.9197468791,72630.40335894086,60893.56949447752,54677.50825826023,153217.8918235697,83147.74116827233,62342.71264116073,65122.66314186008,137820.8934986808,56940.17843741713,9412.02269460746,32938.61233330843,77944.5931293545,48611.39203362918,57444.10235116789,3328.626797385591,61925.364917491,34969.5712412166,19156.91526652321,26504.32450458234,75740.4772286912
8541,27415.66502772856,21429.51351601617,107421.2415991124,64020.91723809807,88415.50143594226,53970.24115815071,19647.29548568637,25781.80709954362,38218.83303530009,145915.8298821645,115866.8884823627,69769.24731053479,60167.21215884518,53015.89818577594,152111.1290984636,80855.29976732693,60576.67582565019,62911.97361922342,139618.4074347277,56083.6221052668,9149.987568706865,31763.9799783882,79753.31353293799,46005.13139317914,55229.03994710717,3359.383320033823,59336.09317862176,33969.49874836604,18901.70324191702,26134.97385810918,75965.09842006658
8542,26488.76054156768,20928.16510902305,104707.1218802059,62648.34410477924,87185.14948027676,56461.53689977289,18359.13896262661,23218.64748579738,36404.07748920272,145935.7967570239,108367.9065042549,66634.40800639278,58182.69062507692,47802.09166380073,149014.6290771247,77503.41607523646,55876.56333296215,58161.60987713809,142348.1993929094,54308.43860523724,8884.662612483124,30313.44617830511,71903.84282070957,40844.30759610717,51448.17338908838,3276.611726063833,55321.57454041082,34335.12670021397,18717.8979406442,26216.04664984911,75314.1064269566
8543,24959.86697017552,19776.99669766058,98896.32418554537,59456.29556714073,84755.00651850106,54407.07625506895,16614.95414039916,21579.46932227647,34082.38476299049,135189.109433453,94203.30333600969,63201.36832425163,54788.79829762068,40293.22953700417,144667.2982356773,74154.72005010639,53233.68067489521,52214.19472675605,144829.5905095655,49249.46560717627,8353.606598246284,27538.38236998792,64971.46436087626,37295.28457476501,48602.62331240612,2932.058103922595,52835.82644122735,34396.38349789419,19567.75829636429,26142.14596997845,75540.99761560591
8544,23742.35214158833,18703.27250182161,87440.1124220225,56761.05955886716,80952.44122769836,51433.61454947322,15956.49247955354,19296.93298510409,29656.1807751277,170253.9588509221,149860.1980609962,65487.33571688382,50860.58307907442,34990.46249832775,149049.390612996,70812.03457690896,51411.7839811554,46831.8517918752,132521.990487232,44094.34361073603,7809.889041628948,25890.67184755404,60356.19174346451,32995.59041471798,45647.94893751051,2682.327447339754,46848.09764155062,32254.20862704012,19825.13278439366,24943.56662533009,75458.81601114094
8545,22736.38971308697,17804.27487083022,85395.41423547358,55667.35918431994,80115.80439484584,49428.9799066389,15381.44590376398,18276.77239880507,29013.82751851755,169085.5930415745,140288.8277228204,64869.13159267592,47186.02080562251,32973.77794670653,145675.8718948154,70464.94391194139,47775.47421449782,42354.05174719098,126485.9916811384,41403.57057076761,6921.58512803782,24208.90101504073,56221.32915463627,30968.11916704405,43594.84917075757,2476.224562763588,45247.30575313629,30450.9830910616,19567.22091024114,25459.14763025808,74618.58839928947
8546,22336.80853192998,17543.47020299774,81431.11192094783,54039.85734134924,79952.28146537377,48985.32852110868,14674.26757306136,17896.22193322621,27503.90895455574,162627.2046882165,133138.6164550047,63660.28802447728,45602.09645090375,32676.18433878838,143413.3666045445,70790.87087595502,46027.67581040884,41715.85673822636,120031.0998023629,37997.75779687359,6240.684277702804,23063.98957416892,53476.01597859887,30324.2085016601,42583.4938004688,2372.210512410535,43818.73701168467,30329.32218479793,19161.84997533055,25278.53146091319,73433.8104727805
8547,22193.43790616356,17323.26580257775,78856.7603698801,54070.67009837602,79911.5102699883,49132.05567720735,14837.6522553074,17528.17842737876,26508.60251152156,158559.8962426425,127440.790044167,62664.1421768666,43611.5158004059,32392.72821369529,141493.5027879596,70241.72488832359,44343.30333649609,40192.88061089438,113276.659533402,36010.67278095177,5684.084098900199,22248.13181291292,50672.52503648443,29352.4079662856,41766.24262312654,2271.143354004235,43833.32381963894,30218.80738762506,19240.73548365526,25459.10113199675,73093.71015500306
8548,21786.20672489088,17066.85135811101,77544.45321018081,53767.95581237163,80802.07560886457,49124.39122173668,14989.99303161415,17876.49821637709,26490.00691568828,156877.0577778009,122675.3998585317,62659.51689673118,43067.12885923904,33832.80531894155,138809.4662498555,70066.5327985699,44172.43595603124,39649.04937694152,109920.6960818605,35020.95595991865,5288.728064918899,21669.33079176179,49296.83808115443,29361.83565199617,41193.50134545822,2174.028167804182,43121.60317063244,29795.24615621378,19192.03847371602,25631.04134783084,73089.91008972675
8549,22173.32710392078,17192.38684530601,77452.06179277922,53768.09965073879,81951.13775194624,49903.91456584082,15476.79386535542,19271.28031178515,27794.18577969565,156731.0273523895,119461.3779612044,62661.0756616422,42890.87192122163,36914.36515270398,141935.2163743769,69876.67805399693,45007.8341423576,37922.27418519914,105785.9907096283,34194.29103067531,5067.884648748936,21073.45910373782,49261.10826773501,30325.48637660686,42386.71131735986,2156.958564549772,43852.46206507846,30873.99469808926,19883.4155065224,25889.0363724878,72852.7334924483
8550,22997.94036305692,17573.95771892446,80471.11665861198,53873.7964159364,83691.34267105312,51767.52096602562,17485.25705547637,23606.46605309065,29871.56258244208,158979.0145801181,122672.4143435505,65441.59567066479,44700.18686077426,39612.92420714912,147978.2971004013,71179.59830145544,44937.01377489969,39622.2374662471,103226.7324761189,36152.80804040054,5348.231673971856,22713.64724608939,54025.33808518189,36397.48133946642,45610.70950705855,2174.84530665086,46788.75335676846,32589.12335750235,20324.27349479968,25974.85508151771,73048.57511374049
8551,23981.27147692638,18738.55015266266,95958.50586373603,55046.91260196822,85096.2666450565,50962.90871244541,18536.43800551278,24887.08150352363,30737.01211662071,152859.3237851116,113394.1040598358,70568.58360625892,49341.18693927964,41492.5946726002,151058.5570059547,72507.39677760036,49559.39258139431,50456.87448188876,100236.9902013755,40323.74812925167,5759.607578569857,24682.04662412231,54838.27345377332,41714.11264921275,50822.34788041867,2393.571573361592,51560.31740754303,33910.95116749965,20707.23692723507,25493.63221026154,72960.18906449829
8552,25160.62232923704,19257.24963019871,93282.28023794509,56762.10627218961,84764.1907836224,49217.80492050838,18971.48837991309,24070.13916468486,32260.51165691821,129683.9402947593,106690.3935589644,66762.1444663789,54299.97844480814,44524.18612190963,151286.201371232,79283.86402998264,52661.46957163952,49001.05516814706,97391.59408744366,42209.83716640957,6161.72130853534,26361.48336666548,61262.5219108432,47892.12627001006,56034.9472148051,2681.57096729259,52914.19231501858,33614.06434985221,19560.05938354782,24781.20987900086,73534.00997610424
8553,26042.49744582074,20093.29859988244,94051.48809611025,59754.1436522588,85557.83760576395,50567.08274682834,19018.12853281121,24153.74956193923,35052.98346209976,128508.5973401907,111552.0164242896,62625.85079414806,58114.15795589006,47143.83300801525,151286.2013550229,80902.68710538403,54254.18371181834,49599.44443529713,100370.2124017691,45595.67765220605,7194.51014313587,28159.45969954004,69887.6200529803,49793.49181227097,59150.61009168933,2989.130832186509,53834.68303220467,34366.64545063221,18636.8923394409,24027.78832971513,73675.15935413678
8554,26579.1649828756,20678.54149581252,94918.05466286938,57966.56789634116,86111.07471504237,51925.02997960766,19151.20296895212,25264.29582196156,38023.51071148507,132625.4802386497,120114.0212039893,61353.0813871697,60292.74087284105,48871.11485681524,150039.3632966484,80084.43528972668,55807.13821001441,49595.64654758218,108070.3392848148,47885.91272846179,8149.897730749514,30277.30210651943,76642.8853860435,47842.04521639363,60395.0476673434,3170.620301985745,54122.18836978176,33577.12064782806,17901.00434892802,23653.60068326228,74351.12655617131
8555,26840.48012400645,20858.82813680669,99298.86108484255,56761.05925472933,87777.76853769823,51568.46738596627,19629.94086535945,26546.00825235482,38777.94189991275,133341.4332631519,119157.5390132536,61522.07601633787,62445.24009633061,46686.53941098459,148163.6503069499,80788.30054270403,56851.89961154186,53874.74885428011,114944.0903602802,50144.87605449335,8082.934049250439,31491.57966380812,86042.99069082583,45852.88536351604,58490.91778272945,3222.25080467198,54541.47596257972,33911.10488021536,17922.58521110304,23738.73016286467,74157.31299435925
8556,26586.27360967753,20379.19267676052,91237.02541986162,56761.51223522125,86419.0251112112,50642.67536331181,18759.864331432,24896.02042737841,38274.69594654815,129264.9443633399,113401.4648129769,55738.66035064637,58083.78594398752,44826.57315093529,139372.6181780154,84065.85711402471,55615.21900038084,50964.92949967872,118292.5743053803,50180.76812702702,7783.934093987637,31523.68350238185,79826.66596745572,43629.47540661455,53253.60225406027,3168.276522773048,53927.59623844906,33434.91151357788,18707.98768933221,24084.264985101,74199.91687871268
8557,26324.12753927524,19721.49031264932,79335.64225844164,54296.88202850106,85505.20748089712,50211.31225055888,18887.43004635021,23787.66296214194,38230.44867723519,133553.5629590764,108530.0596202501,54327.87026975395,55209.96844867006,43609.75263757448,140631.850150486,82627.82650832056,56869.40288400583,46831.78807959965,119858.6593834013,48253.41917961922,7858.901105959872,30077.17821141886,76825.29335549386,43118.05307479916,52633.16935981914,2921.832663498054,53579.51374990358,33203.03425248899,19111.07304697745,23740.72408922926,73343.8490446888
8558,25936.76997077625,19540.20315433039,82703.39464205554,53249.83971994837,85819.2522892203,49782.67642789634,18162.86665574324,23950.7904645375,37681.0699457088,133926.411807193,102847.3621322025,55118.00560421124,55845.12794343344,40067.69370791264,145671.6709384411,80275.110167316,56922.03758101672,46001.85454997083,123314.3337236922,48631.55230679071,8083.446721751478,29817.64361519052,78349.97804535546,43330.21957046676,52598.84982254631,2892.640461146107,54272.11506112653,33007.75491550098,19260.39046873023,23740.54432396639,72917.84708491155
8559,25681.88341533953,19497.60004333937,86775.7944122064,52682.7226630652,86258.32587965924,49918.99172588636,18758.71345859912,24523.33198626375,36925.44889021046,135485.2529367941,101791.3965978286,57542.2324319284,55794.15244204624,39597.17577294516,151333.9512819087,80125.83052330419,58598.09200311405,45171.68854793167,121640.3126104267,50144.09017005652,8151.83303293518,28825.0647340436,79711.39484050065,43949.85827549434,54495.76660968723,2831.466817918065,55696.02229895233,32442.47594246182,19160.88863722514,24256.66261759242,73191.93164750458
8560,26324.75472814828,20046.39804093284,91334.34590491655,53769.20271784304,86612.1926721988,51261.09968342316,19787.10083216516,26093.10266818147,37032.76802508558,139434.4395378402,108598.8449427675,61351.81171012447,57382.2845807727,43508.98483742907,152531.2821042326,78416.0352851411,59304.53494039945,47382.95708854721,123314.7897271148,50532.46168558043,8216.908045251443,30151.44513301305,81095.93074293136,47167.0920880065,58220.56204575752,2893.33448101193,57012.58010289852,34826.72182266611,19127.30162169767,25192.57223078521,72173.62469998805
8561,27074.56155805358,20728.31916327501,99047.21811062183,57300.73342054458,88687.8216295916,53449.88786976357,20772.88800154819,29321.13754712076,38759.2225244926,145430.1329976064,115319.024740963,64269.21696411143,61356.00155410332,50034.65961914966,158130.1528438594,79877.92520705619,62068.84428684732,53494.53383703058,124081.4141851834,54289.92184791587,8703.649981768172,31778.44246952875,83859.4014181645,50117.43883934578,61010.41116462941,2991.20893321202,58721.80238856271,35448.42795064797,19557.70732597031,26405.07228242899,72131.10087584677
8562,27628.01872676615,21582.85044612645,111642.7557936648,62875.61589802514,89997.36613604425,55078.34839095653,21701.35023081768,28571.18948409017,40178.25817873011,149049.8024945387,120111.8369911564,66351.1881665254,64271.18828798352,53156.72070472556,165006.5667769013,86331.52262106762,61353.18844772499,56896.12614660519,129174.6840157366,55434.85015204082,8903.736649282397,32690.59233086537,81265.38026034333,52397.84221030315,59503.98300973281,3087.986851640589,59945.90700249629,35879.96327627311,18741.4526645508,26237.50961071433,72602.79299965686
8563,27873.18945077782,21977.42424085833,111141.9903838123,67116.6219656475,89639.73828909184,55844.38956043989,21282.35307912032,28538.73517956788,40069.613437137,148388.197759125,118265.3362995751,72803.95625445804,62977.25657722781,54085.81999106806,158261.3344448549,84920.55038618285,64217.70475487634,63428.93247058347,132523.969628773,56574.52030910716,9458.914014038504,33501.489318791,76984.87415285883,50807.71375251735,58826.76832859236,3119.195428036247,63149.59123965912,35842.14526405806,19698.5125462298,26731.56148685475,73838.88709099835
8564,27873.18945227385,21614.75452448394,107308.9847769761,64651.79235269534,89745.50672888887,54813.83553429173,20792.02982898543,27465.55846485264,39210.51701891058,147728.0618963893,118059.059359735,74755.54157305254,60829.98954470271,54663.84364322681,154289.7399901563,83170.22223869088,62539.91220208939,64533.03751551952,131685.9189671012,56572.8915748561,9447.655418176228,33615.22273221734,78330.99410018942,48495.34893994221,56669.18299356192,3382.03930207605,61659.42327190776,35242.15395226359,19131.7561494954,26071.20196537123,75806.03671995386
8565,27613.89728409368,21609.56485806647,107357.0489828484,64107.76902032369,88396.35984383544,54002.39292984666,19763.48366115973,25812.90680832699,38228.67784138385,148947.8382494695,114697.3326375935,71593.80077111152,60094.03233946684,52978.28033523521,153156.4845750983,80923.89246802681,60747.50870574166,62357.98702491426,133359.0337778069,55700.30740053076,9177.655800292365,32385.63642289435,80257.70013021614,45897.19309594041,54491.23801658993,3414.462566034535,58981.26262696715,34177.12829074507,18830.46365441718,25717.48872573963,76023.014267984
8566,26691.2859142213,21107.60958008933,104577.3234100049,62648.74204399084,87258.58394077855,56709.36301803301,18528.08719780012,23236.90270656337,36298.2057720076,148970.6057759794,107643.8050551831,68129.6243446088,58083.28246461211,47689.31325809822,149985.8633233097,77639.43070501687,55977.22419574061,57684.20498452485,135899.9071828966,53891.90674956516,8904.266358517143,30867.2409059296,71896.1963158039,40752.4181259624,50773.72680176234,3327.205457347449,54828.92679297985,34566.50321513336,18613.47090921035,25795.12909292493,75394.17490698077
8567,25169.47367428527,19955.04770522552,98626.0667878484,59255.63692403474,85011.29356979193,54477.04534508248,16855.34035201538,21589.51030458189,33828.4720542818,136716.5354591858,94320.60739544913,64335.91947354626,54644.53490930335,40072.2057939067,145534.4699890741,74358.09249019838,53294.88367194661,51832.66947571081,138209.5706270433,48738.27048449272,8357.069029815239,27962.34862034593,64511.60809834044,37214.43164821517,47975.85912775408,2963.979966406595,52257.84372258102,34631.73854751004,19616.78001048836,25724.3571878596,75613.34520645846
8568,23327.84098853783,18577.65116904399,85704.66709048067,55577.37379939119,80519.93602303833,51444.16853251954,16058.10683424459,19736.40541726134,28860.85248573428,137880.6133498223,106229.7989755958,60969.7492084686,52890.8314784249,35508.05119714137,148678.5755309869,76962.43854448097,53143.33291034681,44613.4464725368,115065.2295836917,46984.85262420712,8499.29214052228,28827.16360192562,62378.7554415301,31931.87968943347,43381.2552183721,2539.129714542321,47171.79222929108,30645.34755684507,18844.8331933082,24614.53949808514,73156.5464044679
8569,22608.66702851425,17918.55600521177,82794.3000668766,55294.88733400012,80342.4594151921,49949.6484292069,15446.2794937739,18871.81443239095,28874.32286366667,137501.5205451175,99319.29070513294,58130.85397541404,49896.98684395693,34365.89986979578,146504.5047738767,75983.23352923567,50876.54881433314,42302.90222933662,111324.990320319,41645.27520622916,7504.413989056666,26939.86471577421,56962.47800208505,29887.47135668801,41906.89808295132,2422.314046476366,45584.22534730169,30229.56961766092,18480.59010969222,24492.23079919577,72644.597162675
8570,22094.09932329357,17598.42045583116,81048.53223215589,54725.25872743778,80378.37216153723,49189.53851285709,15331.72453773514,18180.02831980034,27815.05257423178,134790.832539006,96045.1762307125,57090.20588095587,47398.1026981999,33038.74289354841,144218.8665020542,73704.82036593389,50558.44766514841,40169.04632116015,106858.3089901342,39023.34218414117,6788.795402055005,25349.20042768107,53019.2736055058,29488.56325515797,41610.16704052471,2358.914174931111,43703.69212912164,30230.50801625828,18979.73803816031,24083.58620695365,72164.55895253005
8571,21786.56810945133,17356.39841782551,79336.97431473853,54077.63861614389,80087.98726412927,48916.0144804167,14903.40578922728,17835.47566987325,27114.18966185384,131885.6679520096,93156.94352755901,55358.48641085025,43909.62961547783,32568.03265379455,140969.4152154614,71085.42912541657,50271.21164532688,39140.21862432536,103888.9391274334,36375.07442423291,5450.895317074732,24267.33008639,50408.97071836516,28664.596095007,41025.47262714599,2252.259002794825,43147.41547432399,30305.84954298277,19047.19046058638,24171.37413383398,71821.35144996639
8572,21786.57137458656,17243.47796444572,76339.80996908045,53365.23313618696,79853.17136492865,48916.0144935647,15018.11929078279,17495.2828451472,26523.69598405419,130147.6662459256,93704.22248899011,55081.48349135682,42874.98740067952,32568.28611904687,139533.2625077223,70710.93690746924,47202.3565235546,38581.10919161641,96671.21242450635,34161.08373639841,5107.77792484259,23221.19309538805,48435.5538234225,29079.75734333364,41019.48366277281,2189.099750514481,43136.24906359801,30147.71180470693,18750.39980254052,24060.48491006636,71694.40187128761
8573,21984.77997887091,17290.36028148088,77574.8436149376,53365.28942515626,80519.26398489335,49202.09308596707,16264.69588571819,19438.44207956133,26775.34371524846,132292.673152099,98471.41985482143,57860.59016084042,42412.75739723607,36616.14323748981,141800.4560906371,69959.71031317799,46120.86421566769,37870.30352422401,95424.86360442342,33703.36709575355,4986.457622736778,22109.76400444941,48437.2071705585,31193.04178703518,43547.87751543995,2185.980029845276,44533.23475439566,30557.74550218629,19020.20949224477,24621.80418862156,71718.60195500811
8574,22834.57684999886,17813.79530445988,85462.96818570165,54824.75061221086,83006.4309789567,50020.206506514,17929.90704419704,25045.45356546338,27255.81811226032,140073.7084589136,103322.0085287619,64809.58010086077,44241.21409078009,40752.70940004865,144397.506365188,69960.81157537425,44652.88772610047,39783.27877255952,94474.223423703,35469.35106477455,5161.127985754101,21641.07889845725,51682.16808826963,37071.88514668211,49031.85293620802,2186.011049653453,46309.91030280603,31996.84720894685,19708.22420539225,24556.44049573863,71695.6877753335
8575,24051.13264069948,18657.72075796099,90612.46245236369,58895.57264450767,84595.28483418516,49477.81829500654,18652.84067356458,25746.9295050147,28835.85020663537,152520.664728959,119217.4362057968,63333.35151135517,44907.54097107382,44251.26640891103,143514.1591794186,70710.28600962095,46918.78273218683,45219.85111057654,97225.16258584689,39012.12505511475,5108.52382826452,21336.95286057647,54394.00982720358,41060.74864385857,51664.00327703251,2388.227388757267,48778.79014484579,32877.29914596886,20679.53909084273,24749.68653381852,71907.31140178925
8576,25585.5730687435,19757.69129352833,92278.64778648136,58102.11759497441,83373.2280574268,50067.26065555136,19072.5509511543,24738.9822992231,31870.76431417336,158363.1538367644,135105.0632946261,62669.6501057975,48277.26178405892,47588.44898450624,148772.9476790289,70712.12796409032,49101.37141583014,53495.67825263463,109330.4493280926,39902.55635765641,5470.688842608369,22975.3743129286,61780.78782576042,45742.93612672886,56344.81053299064,2722.960407180185,52653.83824020113,31926.89121758283,20598.59618581791,23914.34806368107,72438.57552585956
8577,26711.78478858111,21125.62945225887,99345.55110084101,58152.52139523001,84056.51576432561,52305.09511382932,20298.91170026158,25093.94070043461,37173.87151642147,163229.3158973183,142144.8293595885,63468.36229684536,55702.91938461945,49751.03758574797,153006.7157257315,75942.59047731949,54235.7063373428,58927.35183553894,133411.146850346,49269.5878569807,7099.449247975516,26585.00795116541,72971.6399025348,47774.89783729237,58702.26251036518,3058.226466629105,55705.77644099533,33387.66359642785,19870.11001858598,23400.51532130909,72610.85152990752
8578,27123.99931577349,21801.46821019776,100436.927875698,55581.50011097203,83916.1169565921,54536.95940594621,21142.30667321752,25457.06876315964,39641.2604457954,169262.1857453817,140323.2143903546,60668.25027322089,60429.23341658639,51553.74890246792,157165.1412496619,78554.3563679318,58305.67415138965,60632.10980771379,139548.45015723,53609.9924025544,8135.836104041776,29044.70919879173,79560.33813675717,48956.12762226223,60512.18833946079,3119.913622199339,57728.07203271647,33770.80023094163,19290.01918509305,23663.30016086617,72735.65065036171
8579,27540.63785516858,22334.66480358495,106077.0492624807,55587.88251557811,84752.40699546761,55657.7585988411,21790.61067489621,26971.41336130336,40722.96233548666,171020.8183524021,133148.8529891445,64499.34858039916,63867.84032552126,49014.59191635006,160745.3129015257,83437.08383572797,61072.72523882116,62746.93332168911,145048.952817319,54874.83369592694,8620.415309360624,31460.99877301653,87541.66940478691,47130.55605247131,56940.65429543854,3201.351130639947,57924.36266898712,34551.57682756887,18939.26658721994,23658.4708562637,73009.4782945386
8580,27546.8929346556,21964.75186812156,100787.1127147895,56518.28376292166,83321.17950748226,55650.8819218425,19896.2140730049,24831.26553117418,41054.58304336926,158005.4504220008,142342.6085839734,56740.62109715687,61422.87864919248,45215.05696360021,159021.7536848499,85714.53625416377,61189.0989974806,61951.79868930647,136331.507618391,52824.57547432046,8620.424431221121,32918.38253428051,82866.56488173305,44308.72508905988,51651.8188313106,3079.4454463843,59347.94763410508,33284.63037371392,18939.26658721994,24035.71765240217,73078.07444687387
8581,26921.96240699578,21636.81161902723,99730.9106614571,53347.68332147857,81613.00809094388,55097.48756507054,19873.62005842196,24056.24711568089,41383.48211248767,144797.1228887243,145910.1628615267,58722.22805534475,61002.04938845277,45692.70188412519,159883.5559128131,86714.77517341904,63776.82119081685,59499.81357059663,130940.3635450365,51404.55170494447,9130.249310440126,34264.0106672255,83680.78544251411,44092.90220341865,52242.54451817891,2892.035969577918,59847.95866718405,33220.44014855214,19290.01918509305,24298.93376032942,73139.05585516452
8582,26515.19150215482,21873.26560132964,103703.3368404207,52627.85253591167,81135.47289328682,55087.33869173245,20313.71227353379,24402.27911173848,41684.02020887106,157825.0817366088,143557.8777217866,61546.29418711567,62371.02458293016,47041.97488410604,163319.4533411853,85777.99749495165,63788.4608287223,58557.0079572729,140303.8399760936,53611.0887282225,9166.996149697648,34617.98377905252,84895.27001735501,45724.01988349795,52839.75767398241,2837.121826559079,61440.93741406372,33181.82405492401,19397.94306160357,24556.91361619521,73059.01898008502
8583,26513.23192194102,21845.14101324025,109140.3239168431,54099.50998713078,81593.88780821,55402.1503628616,20313.69508061216,24749.03832494734,41559.77360796458,167162.8398773098,142194.8008019767,65223.90237526019,62371.00594664099,47970.56186444502,165055.2159618516,84994.05253446946,63801.39564181727,57868.04926365834,141265.9132592639,53613.96537401139,8983.821083123212,34154.32770074463,86279.23314565331,46936.62282341067,54622.28274941882,2826.064889897951,62182.17568928617,33537.37578937128,19209.07627692416,24942.70801399267,73058.04781304236
8584,26930.94426265212,21952.08032436408,111480.2425124247,56321.40116115818,83236.74488393779,55931.16766618238,20726.2329351005,26643.1977661401,41554.49613537004,169893.7036909544,134694.4416291818,68549.52422841072,62628.94821601735,49856.64754853438,165057.757782395,83833.38972967169,63691.4784774195,58745.04791918132,141372.7671938136,54641.3070035625,8500.120228708502,33892.45167063681,86256.8420590716,49752.73164076025,57538.08846446435,2835.720838698516,63612.53195752793,34377.34548736015,19006.71900964598,25900.74967180864,73083.13613102044
8585,27334.1427515676,22069.98512926588,112341.6272260071,62223.55447097856,86205.68324786355,56219.5661151993,21353.26852728674,29240.99847306813,41219.19032320516,173403.0806193434,123359.0297895208,70056.81973494178,64366.81845943186,52487.83360068838,164192.3359753994,82213.696648326,62739.9691562622,63277.1349934481,141265.9050978888,55823.06664005297,8499.289682105958,33690.18228314331,86279.23456856642,51688.25328554618,58133.79497168215,2953.01528661529,61240.77533516355,35985.16133087203,19074.17143207205,25968.8388636996,73403.16301292847
8586,27540.64323750942,21873.05846683769,112902.5730296293,67622.9057970147,88606.97350649437,55930.4991556623,21250.25663812959,29586.10306054512,39405.90962579333,174382.5933204155,122390.8191413262,69636.56465472662,61876.42985953175,53826.62560333077,160747.2132680576,82215.07799849041,57066.07129983867,64504.98972372534,130023.5144312208,55800.67619962366,8257.679277187472,32609.17799221921,82410.71177168508,50865.06595230559,55803.57133971985,3104.335147703307,59953.04979967605,34798.72345893569,19357.47160751912,26282.09462243589,73385.44449437413
8587,27540.66072458649,21502.82192269629,110689.1043306832,67011.85344460094,89739.88651837505,55094.98391879777,20107.43951848278,28550.7515260501,38880.80797350044,164090.5043136087,127566.5667210034,70610.27008895043,61369.62087208701,52515.59283138657,159883.8822252706,81194.11505825484,52996.13797056137,65072.7868770697,130112.9912693398,53171.90525497728,7277.08772383535,31248.67537649519,78307.54961825401,51624.93278394177,54604.03686534287,3201.945745593145,60170.37597345962,34544.91248295498,19276.52869935023,25586.99599551717,73497.87427869275
8588,27519.07031333398,21493.45254910847,106712.4011355451,66202.84005703383,88032.84928491763,53933.78595251904,20729.00751974764,27457.63740130717,37791.51527963194,166824.7054788756,127566.5634828422,74726.0968961327,62653.46166870939,48408.7837258602,161607.5012504176,84204.49957820102,58360.4032348906,63700.55004155248,131908.4371566353,55875.68977254094,8619.507617088117,30278.39556203854,78326.38054281643,51625.4941900194,55786.6715774292,3421.618472545492,61372.74780809871,33605.32451571891,19276.52869935023,25898.50669938745,73497.11299403691
8589,27332.71337957155,21428.53878181794,104287.1558010001,65162.81653330239,87731.01150003445,55085.0402067587,20682.65578738125,25802.01276558034,37051.22100276445,159840.2353251243,124710.2143403949,71484.13777948155,64070.65703191429,46455.91021143422,161532.4522120121,85714.53542247754,65318.3543881482,60752.36342173788,131908.5262253116,57149.52467001404,9098.758195929464,32300.57807307618,79674.47763579203,48527.2975013898,53611.92171598426,3433.00091969801,59944.81538659967,33252.22555267732,18831.34271070943,25327.39164667968,73415.17747654559
8590,26291.55118885711,20704.7158510487,101430.0441037695,62338.28592639271,86277.04437585747,56782.24646779131,18955.85753668575,23151.99169845164,36217.62919220895,158292.9177549003,119367.8217258659,68811.75298696329,64613.69816525972,42427.53576553088,159028.9633799725,84948.85544775233,62003.27849003921,55801.37309217243,128150.5300731021,57149.52074437392,9466.559321135894,32501.05074317975,74328.6282364966,43010.55267835626,49312.26641093287,3216.171054669258,56689.09904396196,33256.68837674441,18507.57108117791,25066.47217360167,73525.39467464859
8591,24656.4121095473,19629.43064874564,93259.80289342329,57669.07338244204,83419.53273737131,54922.45782842268,17237.98276720346,21689.58132362331,33999.51787441333,163932.8902983674,117450.3014133886,66586.93945686486,61139.04505497767,38438.38201504812,153027.5675611926,81816.55302623837,59036.59485654989,50448.6756762079,124386.5115485977,53172.40428594257,9358.76494706947,30573.90127659136,66343.75745212598,39385.87615302828,47056.73350405478,2875.542555819615,53219.9433526065,31350.3408430195,17997.35254132046,24817.79326381811,73762.50341635093
8592,23161.92202334271,18686.89921003045,85305.1684463363,55579.81074554085,80228.62535385492,51713.78764484676,16125.16997891624,19909.75985328164,29280.64265154005,139001.965643631,105417.3622905948,61258.76667779603,53216.35122263421,35697.45477352524,150005.0131671838,76977.93115756454,53045.97520827685,44998.28346244041,120184.4200742284,47345.28759050196,8456.02679231261,29232.54503608782,63003.41069609914,31422.59238082643,42853.35074794122,2540.43964519683,47023.75014045557,30944.58646981891,18976.76743784034,24567.41461486758,74646.45433955143
8593,22413.63675131638,18018.2199043311,82481.06938323798,55296.88458426551,80040.58815218914,50300.14989745566,15513.90826683616,19049.42007857617,29293.8758040355,138625.6918816242,98160.89493246272,58329.20658974822,50280.67830986266,34578.59755614871,147906.9785244866,75999.93589391252,50678.27525330047,42737.14530248316,115973.1927692146,42155.32927914201,7458.227627084529,27281.60623803039,57275.24001165907,29374.87985036672,41308.98336335356,2418.940102708624,45404.63479990297,30540.10143351821,18623.66626879742,24439.58187460568,74229.63397076797
8594,21878.23995348959,17693.42914779628,80787.04891556631,54726.36933928123,80078.6378558026,49581.17658452619,15399.45921573353,18361.03549133713,28253.2602144524,135935.1613280843,94722.8692648039,57255.32366242798,47830.34858520183,33278.50786933203,145701.2783377403,73724.3375793008,50346.01243306668,40648.91737262307,110944.0464884747,39606.8648568455,6740.507946860329,25637.30458708547,53104.96844049768,28975.32702869137,40998.1619667538,2352.998131789013,43486.73123532457,30541.01434436545,19107.5456476939,24012.4809529716,73838.79502141809
8595,21558.26023954252,17447.88777954139,79126.22432821544,54077.74119421439,79770.97385333358,49322.45547651346,14971.53644371831,18018.17701328246,27564.74012656235,133051.6003772285,91690.04367327625,55468.29884226291,44409.65807308393,32817.39773757254,142565.4736051978,71108.18244631703,50045.98883911466,39642.08897183381,107600.7599862058,37032.80361653723,5398.679717960835,24518.95346698471,50344.35275143875,28150.02816275369,40385.70318029086,2242.066483379969,42919.40013539288,30614.30952744297,19172.93475262067,24104.23379930982,73559.36130785912
8596,21558.26363684653,17333.32530888656,76217.9007553203,53364.22684075081,79522.1854348025,49322.45548894991,15086.1438937639,17679.65692308618,26984.64557203987,131326.5229497335,92264.72092768196,55182.44937245082,43395.11941285279,32817.6460334158,141179.5490104322,70734.15289201034,46840.51014071221,39094.93490732677,99474.14411188236,34880.85066743075,5054.554915300219,23437.5406294078,48257.297770934,28565.86039975997,40379.42982831725,2176.374779664107,42908.01182343544,30460.46695240755,18885.22269155242,23988.33629186803,73456.00111922699
8597,21764.49549119512,17380.88935870052,77416.32601710767,53364.283217335,80227.9133266548,49593.05171314528,16331.56804083288,19613.2616069279,27231.86156098612,133455.5789700511,97270.57733086249,58050.31144941346,42941.87074224481,36782.94734108433,143367.4495942099,69983.85439505857,45710.87044842996,38399.32831005657,98070.84934566151,34435.95960257524,4932.878410506077,22288.63403559125,48259.04632512107,30682.56035958738,43027.88515005758,2173.12996978308,44332.7587038116,30859.363765776,19146.77911125954,24575.00741331001,73475.70441595546
8598,22648.69113540098,17911.93584022715,85070.6338859174,54826.01608518085,82863.07706634272,50366.88942223259,17995.2397278869,25192.70331169555,27703.87437293122,141178.752269213,102363.9998408418,65221.22897518135,44734.79971578423,40835.1484770675,145873.6704368454,69984.95429670849,44177.5405321106,40271.39864404602,97000.50020369701,36152.45932910598,5108.06161475276,21804.14481978069,51690.86646520824,36570.90517766624,48772.26863370879,2173.162233370356,46144.74071745206,32259.37817549114,19813.74798577969,24506.69158581178,73457.04808043894
8599,23914.4916668187,18768.13311988548,90067.48885849107,58903.17443412464,84546.47431186547,49853.85487165854,18717.50501218675,25890.73008083351,29256.08068500047,153533.14940663,119055.1964312524,63697.85456308736,45388.17957090738,44262.35261897925,145021.2175020861,70733.50279830903,46544.31181541314,45591.72142472223,100097.8502121574,39595.96204048701,5055.303008733219,21489.76362072689,54558.86806288747,40566.21552473992,51529.40734863791,2383.486696616863,48662.68265210525,33115.91624580386,20755.3510991636,24708.66553220171,73629.3484391887
8600,25511.04443003265,19884.09872602995,91684.28577890241,58108.48435579404,83251.70009138082,50411.39703447756,19136.82727173098,24887.73897044647,32237.54723310357,159332.1920916733,135738.2019145156,63012.95674598435,48692.42522226548,47531.47354981556,150096.0847366119,70735.34247714945,48824.06802910904,53690.58757333124,113727.4900491544,40461.44276631403,5418.531358310249,23183.43281240515,62371.00945646699,45255.97041620015,56432.48400894771,2731.641265840564,52614.73650744062,32191.32225178858,20676.8841750802,23835.59921187048,74061.89465674126
8601,26682.84386936484,21271.92856975247,98541.71471045153,58158.96661058191,83975.64624911461,52528.12149714772,20362.05426232352,25240.95203451043,37447.26196118659,164162.1679770868,143130.3980685424,63837.17714323145,55973.79902052727,49649.95628216836,154181.780660756,75959.34305415422,54186.98044051934,59006.11634837253,140840.5391854929,49566.00276744956,7052.073888556536,26914.78366694301,74206.2803628724,47291.21620809515,58901.88023400128,3080.350249055641,55727.32345756163,33612.41873863833,19970.68183699438,23298.55934397762,74202.15885029358
8602,27111.74435347474,21957.59494423423,99600.741321997,55583.94347980885,83826.89313035828,54639.19889476681,21204.66952487814,25602.29458970829,39871.19795852397,170150.1756766631,141217.5880340287,60947.63887110333,60608.27868629093,51415.90140631053,158194.7690971943,78567.88225791517,58438.14076364881,60674.42169059655,147750.6798062279,53784.78580636936,8091.503630091079,29457.42629278064,81174.38502439478,48474.355111069,60797.75088285891,3144.510830450861,57789.80652698957,33985.14903746932,19408.33553401454,23573.21279418112,74303.7681724002
8603,27545.24792857314,22498.54494270541,105073.6804375757,55590.3358187565,84712.94589302647,55699.34123932938,21852.3741758498,27109.19312692668,40933.85010776408,171895.7305878048,133684.0583303104,64901.08969359855,63980.07194637201,48928.53037941476,161649.7275560425,83444.57739617686,61328.37929437192,62744.02419359883,153943.8309290198,55014.18526427175,8577.505585045812,31955.19339913951,89615.31669812682,46645.83303021259,57056.62157434973,3229.213680511407,57989.99789152243,34744.71903930543,19068.31218717614,23568.1653752608,74526.71398481948
8604,27551.75620628573,22123.25296905981,99940.54611911322,56522.18525441813,83196.55443696985,55692.83672315706,19959.72892508355,24979.5684440071,41259.63067755173,158977.1486619768,143338.0786659304,56894.57430539581,61582.61695377569,45206.48672129606,159986.4482292315,85719.21615286775,61449.93394248466,61965.89182722018,144128.6451436643,53021.37687051501,8577.514733688555,33461.72029022816,84670.9989494419,43819.44138913714,51516.64432120026,3102.420031089221,59441.87263251861,33512.18399094727,19068.31218717614,23962.45042729144,74582.56380581613
8605,26901.52922939107,21790.54402184157,98915.65159376057,53346.64970940168,81386.73974065969,55169.39167200514,19937.15579844606,24208.3608086672,41582.73753907479,145867.0420361598,147084.2345419144,58939.46718742675,61169.96459118084,45674.39010141528,160818.1097211616,86718.21933434863,64152.85996505042,59566.33720459016,138058.6235412226,51641.14327012041,9088.836485149099,34852.72314175496,85532.10593649678,43603.2696879124,52135.42077781317,2907.496130323836,59951.81998861943,33449.73723004974,19408.33553401454,24237.55462399169,74632.21383167346
8606,26478.29271903222,22030.4363672754,102770.3286703121,52625.69849269007,80880.78921932577,55159.79204841195,20376.84115261055,24552.69135887955,41877.9828900296,158798.1212498015,144614.1875257636,61853.72458210435,62512.3399938369,46996.14475694616,164133.8398140776,85782.59899093502,64165.01779260587,58643.6914876852,148601.1917673958,53785.85141214072,9125.691215029257,35218.63226319815,86816.5259124096,45237.02360030593,52760.99276258628,2850.380134127555,61576.45473976459,33412.16998426557,19512.95810250695,24507.1860746338,74567.0491687274
8607,26476.25381732718,22001.90280934827,108046.1547032733,54099.64660843165,81366.48172184828,55457.56633772466,20376.82397558362,24897.74555050275,41755.92438320129,168066.441145887,143182.8712190457,65648.78332256869,62512.32171965899,47905.79325976641,165808.8957421086,84999.62254945569,64178.52845576804,57969.46471304071,149684.413720383,53788.64745208024,8941.978336975473,34739.34165440085,88280.18376755013,46451.58636389878,54628.16152555215,2838.879855373087,62332.42305582921,33758.06461373264,19329.86860688325,24910.40477858506,74566.2584610325
8608,26910.87465994989,22110.39716378788,110316.7143474397,56324.99620091164,83107.09560333718,55957.95360407165,20788.98044286145,26782.59137402971,41750.73985163248,170776.9974738754,135307.0233969275,69080.61445726226,62765.25205697477,49753.41233589906,165811.3486648288,83840.39367693516,64063.71784559416,58827.71061422616,149804.7231912853,54787.20217121268,8456.85731180863,34468.63513771314,88256.5033030273,49272.24661071007,57682.42506721801,2848.922971857219,63791.20366069025,34575.21997904425,19133.70129210291,25911.71614495347,74586.68494299224
8609,27330.39414720834,22230.01646522829,111152.5662323964,62236.33633147083,86252.69810636969,56230.7441359057,21415.43634677718,29367.61864592896,41421.33907555415,174260.2776700584,123404.1296029845,70636.04796020145,64469.35471506423,52330.93550137553,164976.1941852959,82222.70163342668,63069.84790410934,63262.88862825121,149684.4045312904,55935.84798479015,8456.024326678249,34259.545205739,88280.18527240082,51210.89646921542,58306.41885978799,2970.920491490022,61372.31499849082,36139.36609777268,19199.09039702969,25982.88056793136,74847.24538931774
8610,27545.25352878482,22030.22622076566,111696.884700002,67644.09185681086,88796.87508890204,55957.32127286137,21312.51969110373,29711.02634764618,39639.99187754725,175232.5064340747,122387.4476615924,70202.37133294779,62027.35546405731,53642.42291889983,161651.561459012,82224.08127701218,57143.35154178719,64464.48829191685,137026.3205919196,55914.08494189286,8213.70454110155,33142.08933931233,84188.89579823121,50386.37869055384,55865.54392552662,3128.30771698783,60058.999513907,34985.15294581855,19473.7246389413,26310.28444358127,74832.81927275141
8611,27545.27172371808,21654.60593273088,109549.026774114,67032.08838907888,89997.20112099187,55167.0235212727,20170.75909470358,28680.76565615641,39124.13773631261,165016.9523496005,127822.3074281869,71207.17367450794,61530.39399876904,52358.12858417625,160818.4246211428,81204.3796778895,52892.22723866838,65020.1443085979,137127.0647628992,53358.97420093919,7230.233920178719,31735.71043592248,79849.45539408608,51147.47362824298,54609.04923071341,3229.832137315757,60280.64443851999,34738.23570428685,19395.25771181002,25583.79186342825,74924.35769167327
8612,27522.807358133,21645.10031568295,105690.199459028,66221.81575584729,88188.58809635723,54068.66875596245,20791.75246243224,27593.02639416343,38054.02846376499,167730.8212117082,127822.3040279147,75454.44627662691,62789.28920246916,48335.07761177614,162481.7616646789,84211.04504054715,58495.30635289442,63677.24984448265,139148.6014114489,55986.99657623233,8576.595227741796,30732.71268665999,79869.37068669162,51148.035941672,55847.84167343185,3458.312924728441,61506.91005579777,33824.1677915425,19395.25771181002,25909.37186925161,74923.73786664948
8613,27328.9069159231,21579.24261375445,103336.8422977066,65180.17341451232,87868.78971213513,55157.61795579623,20745.44358178894,25945.54249596894,37326.77143307978,160798.2895789315,124822.9581760054,72108.9497874856,64178.94783470663,46422.0328392266,162409.3373969953,85719.21532220904,65763.02128934012,60792.10393638901,139148.7016960602,57225.13763046285,9057.252911095786,32823.0833992616,81295.09718133601,48044.83190971819,53569.82322392405,3470.15176573602,60050.60146486504,33480.65931400307,18963.68961868371,25312.46255000127,74857.02736133136
8614,26245.59971014388,20844.89431117876,100564.4199874358,62351.24636871072,86328.30551727608,56762.97263144507,19020.24173918248,23308.5516323642,36507.85992195296,159262.4783054351,119213.1106648816,69351.21792865825,64711.43743932043,42475.81685612302,159993.4057719338,84954.48130114506,62300.36021433982,55946.98002382786,134917.4814735203,57225.13381482224,9426.133919448715,33030.31602835128,75641.4100955406,42519.1708563297,49065.99761847092,3244.627828451344,56730.18685137355,33485.00092375348,18649.82191320644,25039.75871508094,74946.76433017365
8615,24544.27213326368,19753.97299668433,92636.35787008416,57674.76610120557,83300.76009171811,55003.8344191499,17303.95512811814,21853.33195690645,34328.81153387803,164860.5103973295,117199.5940013504,67055.35126713561,61304.29837148268,38568.02166463544,154201.9032225531,81826.0486594894,59201.60161717371,50708.73867806663,130679.4805140104,53359.45924866926,9318.023055518988,31038.18288419951,67196.73508443919,38888.6360845359,46703.36011866829,2890.341391932312,53192.09137812945,31630.43150409268,18155.21056437169,24779.84828539246,75139.81423647306
8616,23084.7420923308,18740.71027512421,85090.6286867164,55531.28051524837,79573.70861332746,51848.67641016884,16122.99057690638,20182.41184806879,29532.32300509276,139266.4809645299,106367.6064812804,61632.31766552685,53226.27353757131,35412.93560652657,149926.37324988,76895.42618874877,52910.54378065286,44931.88436778868,123934.168015422,47387.51105961425,8455.639861590997,29503.8362603863,65093.39043533026,31246.53090799977,43363.3521753829,2588.459951752676,47030.72246156827,31132.13141923852,19260.84084972663,24442.05628627844,75440.47483146192
8617,22325.03194263427,18083.6740316096,82328.67358125075,55253.16267011218,79391.0673433318,50359.35253164771,15502.46423004815,19340.4820986497,29545.7838804899,138915.8634452613,98803.05887598716,58847.2614974993,50351.00901345773,34285.23226552962,147810.6054021246,75918.66969320449,50594.302265814,42694.61049767218,119772.8854894228,42204.33632135489,7477.793071377485,27546.89364141909,59358.64630974142,29126.26377269808,41838.19251175927,2464.202023107989,45419.5141831061,30779.35355303247,18930.0005469975,24310.92202492673,74774.79132724211
8618,21781.4606649014,17764.53854052587,80671.92982867284,54692.34330354274,79428.02516938621,49601.88540476785,15386.28052317009,18666.82794470042,28487.26084204642,136408.7868338928,95219.06854740401,57826.34908041853,47951.10059755491,32974.86356016743,145586.2619895171,73645.95374287722,50269.26068423798,40628.42194490736,114803.3844335617,39659.202888185,6774.425189304869,25897.53181501208,55183.58908601177,28712.55398481829,41531.23688616389,2396.762981368269,43510.97683363839,30780.14976231546,19383.37429433571,23872.79041821651,74150.60148222999
8619,21456.59547582148,17523.27254522648,79047.65148509231,54054.73856177021,79129.18991952558,49329.31237483012,14951.87190701048,18331.30614156908,27786.89234597695,133721.841611199,92057.48145090169,56127.47131439344,44600.79885423876,32510.10771100553,142423.9525142913,71033.1123371315,49975.7576572678,39632.21971690219,111499.7490100507,37088.50609351225,5459.42867259871,24775.73908011225,52419.80541440367,27858.01310751238,40926.39541769787,2283.312868140181,42946.41633449136,30844.07528728855,19444.64101664026,23966.91295448405,73704.33151183014
8620,21456.59892499578,17410.70483941413,76203.32521996072,53353.35034950838,78887.54075479548,49329.3123879324,15068.21641361719,18000.02989107855,27196.81522567971,132114.3886627156,92656.55717660714,55855.72169837581,43607.13671789724,32510.35796997301,141026.3136777617,70659.55654369101,46839.94527505846,39090.8403739111,103469.5140728231,34939.36587030131,5122.185121550423,23690.99830164207,50330.35540521613,28288.57912340003,40920.20008912422,2216.129775383548,42935.08363814548,30709.89911145518,19175.06743907141,23848.02217580131,73539.25999009458
8621,21665.97954331947,17457.44070270423,77375.37927909891,53353.40576797526,79573.01701852091,49614.39632748871,16332.51692679653,19892.25823481609,27448.28543465092,134098.2749061959,97874.94199090432,58582.12318066086,43163.21470685468,36507.01050370961,143232.7070399281,69910.20840497082,45734.85662285201,38402.57528179366,102082.8622569617,34495.05630357721,5002.941706839652,22538.55606158273,50332.10596598075,30480.27805250166,43535.71584524478,2212.811299063348,44352.87266829064,31057.80312279637,19420.1343282896,24449.84518302979,73570.72716538925
8622,22563.67515531725,17979.24058850897,84861.25503087649,54790.29655791666,82132.56187347218,50429.6652889824,18021.40418071286,25352.3079669137,27928.42088609513,141294.8432998902,103184.6106146364,65399.32695369037,44919.2499413816,40591.24992985794,145760.1111972806,69911.30691344122,44234.85135374743,40254.88758867809,101025.2073600456,36209.3124665428,5174.621880507442,22052.57587819935,53767.86433852758,36577.25886078606,49208.65485514864,2212.844295126076,46156.00574206263,32278.8472945017,20045.05489979397,24379.76497072067,73540.93204084
8623,23848.80202759311,18820.52973794026,89748.1548153446,58798.16380206206,83767.65220722405,49889.16288086093,18754.61653390272,26035.39797403251,29507.33836358643,152806.8553341053,120584.4478861386,63951.09473618877,45559.18496617042,44045.55089077485,144900.4530799247,70658.90727342438,46550.18438021131,45519.05912343181,104085.8230745581,39648.31432243263,5122.918255820045,21737.22720214502,56639.15715093406,40714.13115033986,51931.5022792723,2427.943723577446,48661.65113259773,33025.89019016154,20927.29570326402,24586.95527437735,73816.10454962516
8624,25469.73108243753,19917.06412072008,91329.37431546087,58016.97944236852,82510.03293884509,50476.55583772075,19180.29428326784,25053.86942093636,32540.11152315452,158210.4900428325,137975.7462892219,63299.98029147283,48795.43797616167,47340.51877279951,150018.2145829636,70660.74462205374,48780.39348030276,53532.44898732071,117553.8166026758,40512.66381532511,5478.883351929613,23436.10849300215,64460.26347494718,45570.05356184702,56773.59802966623,2784.002394531858,52594.40485875998,32219.49127044196,20853.77563821201,23691.34037327199,74506.90304077808
8625,26659.42164665062,21280.72903360867,98035.9063544192,58066.60375372927,83213.20467553133,52706.60967741369,20424.0915202276,25399.52423693124,37839.47770466967,162711.1338135795,145681.7851859769,64083.54506986137,55926.98034856687,49475.75105982925,154138.4440091549,75878.12826996845,54026.75095969761,58791.87711287893,144345.3074023475,49605.3236344917,7079.760938867101,27178.94221020309,76309.11610945893,47677.4122367716,59212.28169622255,3140.62806625655,55691.79127457678,33458.92250104756,20192.09503275373,23140.43044011823,74730.91215087265
8626,27094.87061667469,21954.45656660383,99071.62921372027,55535.34301390157,83068.72018903198,54930.71410832804,21279.47794530032,25753.13458472242,40305.12604069163,168290.8489491499,143687.7649758888,61336.53659566258,60466.09467316507,51255.65843816473,158185.3514025976,78483.36339313343,58185.51863039537,60442.57498514171,151173.4943736437,53818.59248207835,8098.405844407464,29729.40956687201,83285.2171154401,48902.47214882333,61084.57288155963,3206.245275848781,57744.20206485207,33784.00498294729,19665.20122036351,23422.17733255237,74893.18744897952
8627,27534.99295803811,22485.98752904783,104424.1369673231,55541.62671536456,83929.34670561088,56047.61644862151,21936.99958123402,27227.7876754442,41386.06485525694,169917.3831231717,135834.3920787032,65094.97891029714,63768.50534064086,48748.62128117472,161669.5121851689,83353.88151333247,61012.94212152536,62490.3346857617,157293.1952782858,55046.38504439659,8574.689517767061,32234.86330409596,91735.83529655046,47009.16182496511,57389.97302489287,3292.871122195872,57943.41578096808,34446.47568132596,19346.61426323759,23416.99955453954,75249.24334446165
8628,27541.60060464045,22117.23014941366,99403.95664745667,56457.63941588449,82456.4697488638,56040.76368080916,20015.6683083165,25143.73387674468,41717.45162482826,157879.6552647472,145898.2830613347,57483.39410024471,61420.38363458083,44997.14968729355,159992.1743329307,85625.63912115355,61131.8549599907,61720.41481017847,147594.4167180763,53056.18136547632,8574.698483470045,33746.02638246985,86785.84362794718,44082.62540008997,51918.89798910927,3163.198895289908,59388.20019094402,33371.50121907988,19346.61426323759,23821.46776005661,75338.43837266913
8629,26881.44591174419,21790.31433939715,98401.61480192811,53336.07194063841,80698.58965033742,55489.29339415828,19992.75305036281,24389.02896798452,42046.11867558652,145663.4618262866,149803.4855603126,59427.42028946372,61016.22256684102,45468.75249489886,160830.8652720755,86623.3769250535,63776.03690198324,59346.18533928716,141596.3850286908,51677.75180953881,9075.795648968022,35141.30990749291,87647.93879018293,43858.79429739796,52529.97855312801,2963.849666013593,59895.6571837541,33317.03731291812,19665.20122036351,24103.67704036407,75417.73201010287
8630,26451.74739346245,22026.02967281385,102171.4701765562,52627.37325425223,80207.15792856766,55479.17980694788,20439.1025291455,24725.99134306113,42346.44476055721,157712.834844415,147228.5703407126,62197.92858706783,62330.97543202168,46800.95746070805,164174.6208896702,85688.94167597071,63787.9304972232,58433.27732227086,152013.9193390563,53819.65669504183,9111.91341752644,35508.34507801393,88933.8327199262,45550.43542186818,53147.77012745836,2905.436973796945,61512.35791838429,33284.27245978988,19763.22797662193,24380.2722306471,75313.66070162084
8631,26449.67736164774,21997.99294197027,107331.2022970363,54076.27169455454,80678.91295737168,55792.8969245769,20439.08509177365,25063.66187467034,42222.28580809762,166349.1939474863,145736.4861341644,65805.79169125155,62330.957533878,47717.79800106632,165863.8348824211,84906.95698392091,63801.14752619829,57766.16640788365,153084.2943766085,53822.44908039687,8931.874132682282,35027.57949984192,90399.17021579368,46808.03260560414,54991.71640013486,2893.675605913557,62264.63441073269,33585.94979854018,19591.68115245576,24793.90481645813,75312.39790088334
8632,26890.93402906284,22104.59818977136,109551.7985514006,56263.8015806046,82369.57803359545,56320.07491317677,20857.48843999515,26908.17472709421,42217.01205844016,168874.9308750064,137526.2616761588,69068.34380899144,62578.68323342462,49580.0250776633,165866.3085379647,83749.19643728125,63688.83215402882,58615.35429160551,153203.1769879512,54819.69863125515,8456.45377370046,34756.03991066272,90375.46257642767,49728.6345613011,58007.99322798872,2903.94672978694,63716.29095930816,34298.64446030051,19407.88098554213,25821.07693326306,75345.02004007848
8633,27316.85877244667,22222.1346766947,110369.2576169252,62074.67877756403,85424.91405734941,56607.47064355019,21493.43927061688,29437.88615885587,41881.94278420431,172120.7034603439,125118.0191662379,70547.05376581775,64247.71996327826,52177.92715137061,165024.0950874598,82133.55342753218,62716.56249883908,63003.72297062546,153084.2852964975,55966.84309889198,8455.637445260403,34546.30652513336,90399.17172237133,51735.97471315498,58624.2262385255,3028.713941077738,61309.21510769904,35662.83863481432,19469.14770784667,25894.07931139098,75761.14843485261
8634,27534.99864375424,22025.82318538082,110901.5984226168,67390.5297648015,87896.08311893397,56319.40872696859,21388.96275079923,29773.94543305873,40069.94124642949,173026.6407640322,124058.1730227168,70134.76873688465,61855.97060190157,53499.78370236594,161671.3615888252,82134.9313236057,56918.86972822411,64192.6408251234,140576.3250999956,55945.1085015396,8218.163179106621,33425.41179896214,86303.18723262649,50882.24259863031,56213.70913564107,3189.67430549549,60002.31329039438,34656.1738231386,19726.46794266805,26229.93900828144,75738.1091868999
8635,27535.01711648914,21656.7432079765,108801.0038500903,66788.9272657811,89061.96449223459,55486.79845269235,20229.89697280388,28765.73082840526,39545.21002152816,163507.6346766796,129723.7749476567,71090.00804753338,61369.23528994692,52205.33523334041,160831.1828336841,81116.52131951158,52760.13729469559,64742.43238979154,140675.8744541218,53393.33743683212,7254.358414127833,32014.70490379949,81958.76704388924,51670.30467239441,54972.84181015182,3293.503619733648,60222.87579664158,34440.82114064213,19652.9478747603,25484.68339003624,75884.30073616716
8636,27512.20976322496,21647.4031029901,105027.0895624238,65992.42517593763,87305.25158211024,54329.63779955979,20860.30247389205,27701.26761142035,38456.68575763793,166036.4582730368,129723.7714030225,75127.77904464839,62602.22575800232,48150.47644339183,162508.5788904861,84119.37831897913,58241.4418105063,63413.71097502141,142673.4358589079,56017.92483619227,8573.797364317055,31008.62052831097,81978.70519056298,51670.88690972774,56196.22705131345,3527.171572695382,61443.15286070618,33643.6027051359,19652.9478747603,25818.67211222943,75883.3108438185
8637,27315.34883399864,21582.69211715162,102725.5177402353,64968.48549475436,86994.63015975634,55476.88931346561,20813.29170916594,26089.03748286008,37716.91371351673,159576.6216095064,126597.0854604366,71947.30301679324,63963.28888888368,46222.30638918297,162435.5424716189,85625.63829154703,65351.20376257679,60559.01520014081,142673.5349541529,57254.44756907105,9044.843632181717,33105.42414972855,83406.06779727932,48457.73006997834,53946.54094239098,3539.279189160673,59993.95625380751,33344.00648561107,19248.58750697916,25206.34648646663,75776.77074579491
8638,26215.50160963567,20861.13030711319,100014.1022469138,62187.63592439564,85498.35183150631,57168.19463999058,19061.94171319983,23508.47440500487,36883.90995146319,158145.5296941244,120749.0665192675,69325.59945299615,64484.82126496841,42244.89007606651,159999.1906828276,84861.87291332972,61963.79848055397,55765.02723469305,138492.4966248406,57254.44375841764,9406.348354333075,33313.29451670782,77745.89274501441,42736.28364718104,49498.73065192287,3308.635215258406,56689.75711543221,33347.79308755232,18954.5072382039,24926.59956179934,75920.0852869037
8639,24488.19803112964,19789.20414409881,92260.49617565719,57590.63220809856,82557.68510920405,55314.87220995132,17319.64207316296,22084.39432324031,34667.36337677221,163361.8597256913,118650.0640841139,67142.97905455157,61147.79211302977,38306.19832440096,154158.7366527547,81737.40287019356,58932.38679676584,50582.07083876148,134304.7579774919,53393.82185057696,9300.399316726161,31315.03078012649,69291.52693081638,38977.11167079227,47165.47792305511,2946.305466131699,53168.94017688422,31730.30174947352,18491.07810590932,24659.97645613037,76228.39588719836
8640,22982.70942006229,18767.62036662884,84975.77695009277,55515.91517811431,78911.70388828438,51983.87357384319,16171.35952682066,20177.60213937805,29767.2345828422,139167.4683326413,106088.3435899271,61141.40585329995,53236.88031390226,35514.0891333532,148771.2608005204,77828.96906980565,52433.14618542156,44968.6760799847,122316.1776427239,47654.06497511768,8372.941994602188,29517.68375744815,66392.98525697802,31662.62895126495,43375.6755121245,2606.362832269758,47004.66453906882,31138.17319260737,19172.67312398044,24337.60555617322,74379.97442007677
8641,22169.35058525877,18108.5121173018,82325.27000694185,55239.24788112095,78728.10776891457,50422.18588030813,15550.56893678978,19311.96336167641,29780.80083100106,138851.8013866367,98763.16264342993,58567.89753294996,50303.18373039312,34388.57086189473,146682.3233605011,76829.31544471046,50244.05075429552,42794.01132849051,118220.6426689615,42406.56033214736,7395.026169635876,27588.01090275357,60458.85503661112,29590.27297994582,41845.83983659331,2480.888959927208,45409.26513311343,30838.67434368281,18859.343440526,24213.04701200155,73808.06939933627
8642,21587.39376756179,17788.37021203771,80735.37782855716,54681.35351740506,78765.25881064843,49627.91466276725,15434.33575457282,18619.33887748323,28713.99159328332,136594.6374578022,95292.58131626673,57624.53178332245,47854.50359629685,33080.74116359065,144486.1872206192,74503.3224782747,49936.85176982195,40785.64414749599,113329.6588798851,39829.83850007138,6691.608630675933,25961.63273860136,56138.63905129004,29185.91169214805,41537.94311073514,2412.789983818009,43519.4539930597,30839.35030378859,19288.72115408814,23796.88548011124,73271.81259862737
8643,21239.58747359057,17546.34336899281,79176.64104143472,54047.07425938062,78464.8612487685,49342.09775444905,14999.74215108505,18274.36866618561,28008.14055907994,134175.5347435422,92231.03702196076,56054.69771092036,44436.11593294918,32616.88583836256,141363.9795234303,71829.23083417732,49659.46008538573,39817.3201977374,110078.2203310689,37227.23603210125,5376.519276870566,24855.4720529742,53278.76390270843,28350.68066850189,40931.2472489382,2298.22968831257,42960.43285531784,30893.62134225319,19346.74516914198,23886.28824923032,72888.41112471448
8644,21239.59116633629,17433.42067372128,76447.08671254692,53349.34419918097,78221.94874112734,49342.09776818793,15116.13620150518,17933.76356373608,27413.44426997073,132728.3173764453,92811.15606151521,55803.58970602557,43422.26027198317,32617.13561242129,139984.0643799286,71446.91814438047,46695.78271634399,39291.09111594493,102174.8617324964,35051.42219807242,5039.251916851977,23785.84700913984,51116.66770941197,28771.51728819743,40925.03292600553,2230.389165811766,42949.21135325645,30779.70940484237,19091.43950344599,23773.35923925603,72746.5941329107
8645,21463.7576801287,17480.30392154511,77571.84700113612,53349.39932860796,78911.0086778171,49641.03347079126,16380.97510081506,19879.27770162646,27666.88300696388,134514.4440737265,97864.41436693356,58322.89864486272,42969.31673366942,36606.04412041118,142162.4780969766,70680.0037836906,45651.35600002953,38622.08681767646,100810.1187781766,34601.59817475892,4920.000083706196,22649.46391558772,51118.4791338292,30913.69092633728,43548.56763457527,2227.038216067842,44353.08930417078,31075.07048305715,19323.53556366137,24345.00387931207,72773.62835476763
8646,22424.84613902903,18003.74933665967,84755.6587931479,54778.79588794427,81483.93484468684,50495.91501969255,18070.58154567057,25493.08429243078,28150.77699543073,140993.6376157104,103006.0679679448,64622.27990432156,44761.0386865013,40682.36981000007,144657.8318173552,70681.12804340075,44233.69093348729,40422.56298483015,99769.17464774885,36337.13047468347,5091.692377778199,22170.25580866357,54673.692259631,36872.89973295258,49238.89940078773,2227.07153501825,46138.53037545178,32111.70389729237,19915.38052099702,24278.43783371505,72748.03063270406
8647,23800.72521057565,18847.6915452255,89445.36637875732,58765.7597471058,83127.57343799679,49929.15048226532,18804.10612792112,26195.4103466301,29742.05435965197,151358.0988348497,119855.3183268392,63284.05279625606,45413.97867868149,44129.97762074888,143809.0751690932,71446.2536539178,46421.92774614108,45539.41901008374,102781.4331574071,39818.81479312996,5039.985102879959,21859.30147916618,57644.81443639838,40916.29211927184,51970.09484727339,2444.275849630948,48619.59084480964,32745.92307253027,20750.92633993605,24475.23859595637,72984.4380821096
8648,25536.1199106124,19947.68391930651,90962.78179778796,57988.64972331699,81863.37933047315,50545.08390361628,19229.96514668696,25186.24161542935,32798.56829938362,156223.0835320982,136696.3000146231,62682.3958314117,48715.99987330857,47418.56108083604,148861.9374782207,71448.13407368078,48529.7133635686,53328.55770684632,116036.6346911138,40693.89198156087,5395.975329677348,23534.50905987977,65737.8456820187,45662.48642573487,56827.03605806494,2803.818783535325,52513.75713129166,32061.31224128002,20681.2975234942,23624.53423334163,73577.92000393265
8649,26809.82321900133,21315.64923670648,97398.69731956675,58038.01521470645,82570.22725213533,52883.49241743627,20474.29203872047,25541.63018868141,38139.41832453055,160275.0900522814,144158.4950122431,63406.44244126677,55992.47176576,49549.65608205814,152929.9175824514,76787.82364927387,53488.0810962169,58440.80306511048,142404.8245181052,49899.4034735484,6996.965936557837,27225.18683127506,77998.66028077125,47722.22562603607,59273.19652468061,3163.934266676954,55580.75257431724,33113.55577027373,20054.63815658532,23101.24963528136,73770.3717230193
8650,27276.02242275905,21991.50141256291,98392.62753382887,55519.95648844761,82424.98740009611,55215.66245042116,21330.04271911277,25905.19832421267,40624.36794423799,165298.6029677116,142227.5720262278,60868.09178048663,60623.83144573102,51326.11466206848,156925.5054629562,79454.13070428482,57418.56038722151,60045.3068883234,149125.1273030305,54164.96443883774,8015.68275714661,29740.11372654911,85217.30698816433,48919.6031553553,61151.22799812379,3230.193582840133,57613.02549604452,33389.54198840466,19555.63162658132,23368.86835204349,73909.78641054142
8651,27747.22501875618,22524.7085918892,103529.1552551226,55526.20741671148,83290.11327594239,56386.83325139495,21987.84435218767,27421.37814784652,41713.76843048678,166762.9994883328,134622.705150653,64341.04958985023,63993.35477524257,48823.93521040255,160365.4830169592,84438.82352911819,60090.77734155836,62035.76094044033,155148.1379799872,55407.99549542388,8492.000055534163,32210.65426184889,93961.73701522498,47069.07550726739,57445.30080745036,3317.667118771995,57810.28456465671,33951.96165986666,19253.90674721949,23363.95021330024,74215.6827606833
8652,27754.29927956921,22154.78831227573,98711.54516169865,56437.44257222743,81809.53611189572,56379.64751878599,20065.69490503177,25278.63668489735,42047.74932102647,155925.2273261442,144368.1421972801,57307.62704541621,61597.51377732419,45079.73257282062,158709.4157679844,86763.8356875791,60203.16266481543,61287.38693166571,145602.5984623174,53393.09081383915,8492.009021870108,33700.75946119993,88839.64359519692,44208.6693186339,51957.45191341143,3186.725965779676,59240.89302181362,33039.3374708027,19253.90674721949,23748.1363925919,74292.31239643904
8653,27047.52623985312,21826.84155234557,97749.64899773602,53332.15590737595,80042.46580837331,55801.3821915234,20042.76988890987,24502.67902905336,42378.98920258627,144926.7795515837,148149.7715068385,59103.98850855927,61185.13921711517,45550.42158963384,159537.4711263467,87784.96246494177,62702.19679886365,58979.59922124248,139699.3346478243,51997.55316364244,8993.141564197367,35076.59987509031,89731.71215885409,43989.89607326887,52570.40599930588,2985.425976164316,59743.37094207969,32993.09909032039,19555.63162658132,24016.19431082395,74360.43550460333
8654,26587.48356925557,22063.30022914053,101367.3862395011,52627.15350147423,79548.46487937012,55790.77720162718,20489.30943988366,24849.13037929253,42681.66626311156,155775.0360501139,145656.3349010245,61664.05398850707,62526.61091698541,46880.04523783589,162838.8240168721,86828.62218113146,62713.43751570291,58092.23853085971,149952.2736977212,54166.04186006102,9029.261882624796,35438.52045385841,91062.31416333184,45643.31159212332,53190.0916709081,2926.441678209901,61344.20891325654,32965.28261786808,19648.47005120841,24278.91965713253,74271.02529170392
8655,26585.26735736809,22035.17508267326,106318.9170529701,54068.4950842124,80022.68624556897,56119.73732166429,20489.29199508632,25196.30982799324,42556.53538487951,163550.4977793328,144211.4650461865,64997.87031289251,62526.5926551099,47795.10928231667,164506.6168030254,86028.30620090247,62725.92901866449,57443.79642002443,151005.7369927386,54168.86890253119,8849.209887233686,34964.45428723798,92578.59864383106,46872.49115626286,55039.69132856031,2914.565217782222,62089.10421019007,33221.39850369174,19486.00280743488,24671.81066959202,74269.94038862697
8656,27057.68438246823,22142.1165169409,108449.9096163467,56244.61571526805,81722.19012635243,56672.53002778576,20907.87351499826,27092.76479009525,42551.22035190654,165824.4619097754,136261.0385429326,68012.60485109234,62779.35271677112,49653.72805563841,164509.0590897274,84843.40542704504,62619.77900516799,58269.22015682863,151122.7412791538,55178.49561059893,8373.755964172824,34696.69857016407,92554.06673514709,49727.09697548379,58065.21580877469,2924.936851204414,63526.51737781543,33826.4569591086,19311.93076227334,25647.47532171394,74297.96686828992
8657,27513.68678434618,22260.02366269238,109234.3832396243,62025.18576986397,84793.49946046688,56973.88984734662,21544.09515711087,29693.71375672691,42213.52812977428,168746.6864511407,124245.4328047139,69378.9946643263,64482.30815306519,52246.59636161726,163677.5258895635,83189.888507605,61700.88041606879,62534.78228147323,151005.7280560921,56339.87762530282,8372.93957810101,34489.8877945917,92578.60020278953,51689.07774710541,58683.33813815713,3050.924989851104,61143.05930161184,34984.62084668611,19369.95477732719,25716.81700135552,74655.47297552464
8658,27747.23110598226,22063.09309053619,109745.2434628104,67313.311467581,87277.58780492787,56671.83147267777,21439.57414730952,30039.23657446434,40387.34210542522,169562.3172916178,123219.123607941,68998.02606322744,62041.95288445082,53565.89164638346,160367.3089680168,83191.29870432365,56221.44199226135,63690.42879624891,138695.3914915486,56317.87327347617,8135.448546562885,33384.61260404759,88340.20615931456,50854.63721082345,56265.43059154061,3213.460454891035,59848.98055906717,34129.98969991895,19613.65564163519,26035.83504026772,74635.67939269631
8659,27747.25088321197,21692.84919581987,107729.4103711687,66714.8466794373,88449.56441124855,55798.76602492619,20280.01479604363,29002.63030341221,39858.50324437711,160992.1933946058,128705.4476337119,69880.70711724034,61545.32597942019,52273.95133692074,159537.784660903,82149.01512896977,52290.99600414234,64224.83468741964,138793.3679829052,53734.43142826717,7171.575738180598,31993.5637428589,83844.73878232665,51624.89163638331,55020.75887066377,3318.305805704712,60067.3789474982,33947.16110805135,19544.02682248873,25327.95020614775,74761.27613722403
8660,27722.83293607341,21683.47963621508,104107.7779983173,65922.4988164707,86683.66739819424,54585.3808254391,20910.68874721533,27908.19143996196,38761.45792932604,163268.9365057655,128705.4442012413,73611.77630573111,62803.37368017866,48226.94935478905,161193.9093763399,85222.26511384716,57471.41376079709,62933.29695310296,140759.3682591241,56391.59335305472,8491.107839099244,31001.49903432024,83865.37014026071,51625.46071704037,56247.89490860526,3554.260349774921,61275.68288258458,33270.34425912779,19544.02682248873,25645.19109024114,74760.42569643549
8661,27512.07021811074,21618.5645801444,101899.0773272604,64903.89958297498,86371.4220456587,55788.37541680723,20863.65796355904,26250.5603622817,38015.89489308427,157453.035134038,125677.6966758923,70672.8835055346,64192.09677800834,46302.51537681343,161121.7991445777,86763.83483852488,64190.89759094259,60158.48857546385,140759.4657886811,57643.46293291357,8962.187362237622,33069.08394491423,85342.35941727874,48484.91080577065,53991.31145032039,3566.486447049425,59840.70552015109,33015.99518713294,19161.06832259243,25063.57048462779,74668.89448590743
8662,26334.5547443118,20894.727278793,99297.07066299801,62137.55377873688,84867.3211676346,57561.85850704493,19111.56217769752,23597.32774989588,37176.37031389408,156164.5986197333,120014.7278960236,68250.31981996929,64724.22790440653,42332.80581680449,158716.3431423688,85982.16526935382,60989.43808046298,55498.65824051977,136644.4871499193,57643.45907496503,9323.717606167424,33274.05766287999,79485.39089442202,42892.75052490121,49529.86454568209,3333.585473617429,56568.92656209251,33019.20990957267,18882.55304871123,24797.85144740678,74792.01952218307
8663,24485.27363818619,19819.42072807213,91856.33178724509,57564.52614063818,81911.28062659125,55618.48616682641,17368.52060174301,22133.14508836328,34942.47244315046,160860.9497143741,117982.1446607908,66233.4873337717,61319.38256234854,38401.74578445299,152949.9528916265,82784.45138736723,58124.43051353644,50460.74458438925,132522.9140569999,53734.92185421336,9217.761088691796,31303.63949546501,70737.08293623256,39218.52364906156,47189.45825918776,2967.710095010142,53082.65521696359,31646.00359391027,18443.65215868177,24544.59813631676,75056.89671853585
8664,23163.09902205166,18959.90089790781,85406.99254924552,55384.72286366246,78552.2934962419,52285.4611183841,16411.28514168166,20242.63996131412,29947.84594322586,136736.1897434902,107243.8241323066,60144.88328777962,53309.12692177542,34785.05330037195,148425.45995185,77928.2440530501,52523.66400397565,44759.76438203456,121784.9041394578,47560.63615157489,8295.151698109203,28840.5060172453,66101.48968394377,31526.70473850502,43742.6972140267,2624.78901937435,46797.86783323159,30752.8653557819,19026.0356789834,24489.09323503774,72387.12171832452
8665,22274.06729231044,18286.33695407568,82862.37239954688,55120.50466500144,78366.89604200285,50810.28943376528,15800.1835575996,19371.08314202666,29959.75924313462,136433.7028043116,100151.3625819873,57665.6842185588,50354.42708306899,33655.4305277172,146189.6058552561,76932.17757499703,50310.07686572836,42677.87809483519,117724.0714980996,42507.02546795245,7316.546647057369,26976.70780200265,60556.45633521734,29493.2801116909,42065.18968569449,2502.169696704016,45234.8740150326,30438.37707955259,18713.61189760916,24358.35521508959,72023.27103202944
8666,21637.96665119948,17959.17363224533,81335.99583848173,54587.71367226012,78404.411587448,50060.02008421838,15685.7644879224,18673.72344886832,29022.93291904741,134270.7819895134,96791.04086434685,56756.88922072753,47888.21607886084,32342.83148119614,143839.0136876956,74614.5311783932,49999.44092393958,40755.19456814408,112874.5300471595,40025.51285095141,6612.633345881008,25405.8504868458,56519.51396578868,29096.51516777302,41727.57232989799,2435.619982654725,43383.44852343371,30439.08687035558,19141.74818980446,23921.54748728791,71682.100037035
8667,21257.80131959794,17711.83860786806,79839.53002206956,53981.97484868205,78101.06670508723,49790.03716005129,15257.95381587262,18326.39480803989,28403.0846778187,131952.6838013548,93826.76116251272,55244.58357152673,44445.35510465329,31877.28458437333,140497.2186025769,71950.03521793139,49718.94576772397,39828.18255344901,109650.6416235492,37519.0758809574,5296.617129185922,24337.45160947766,53847.1588803456,28276.97482042619,41062.31337963918,2323.665951289213,42835.78216523431,30496.07408548912,19199.60444521497,24015.38561850757,71438.1768603699
8668,21257.8053559076,17596.43926936349,77219.02040109565,53315.6402957332,77855.77088579617,49790.03717302912,15372.53124299812,17983.46111864102,27880.84778786974,130565.8919397428,94388.44994709015,55002.67771597291,43424.24093259907,31877.53526929952,139020.2529130145,71569.09441515607,46722.11063082425,39324.40416252388,101814.2498507893,35423.65781363811,4959.112066231773,23304.34113024417,51826.8298599551,28689.90559013825,41055.49920105141,2257.368810989436,42824.78859316236,30376.46104201029,18945.03692194802,23896.85408574983,71347.95172171084
8669,21502.82776788528,17644.35076999504,78298.84692308256,53315.69294452137,78551.59146478695,50072.41212278861,16617.62913492723,19942.27599336337,28103.40686587941,132277.4426880359,99281.1673416208,57429.66360401364,42968.05462924323,35880.99039119877,141351.8762254357,70804.9320422663,45665.99881714865,38683.94182289859,100461.0706516201,34990.45467335836,4839.776185490025,22206.75156917335,51828.52251050858,30791.83628688663,43932.27825311429,2254.094095861648,44200.15112031021,30686.6044588766,19176.46194359011,24496.8585964952,71365.15111639944
8670,22553.33352068362,18179.27649508707,85195.66803303409,54680.77146368296,81149.76163809963,50879.93404913972,18280.86500142951,25594.46203494408,28528.3419062181,138486.111183948,104259.4717325411,63498.19659907842,44772.60408224327,39972.18148465852,144022.7301874902,70806.05226769419,44232.47284426487,40407.60366100536,99428.94666055357,36661.85949706257,5011.589486712884,21743.90253637377,55150.62273620642,36639.09520929345,50171.88589804334,2254.126656800869,45949.32649718061,31775.1196792026,19766.59575255293,24426.99014182592,71348.86563471514
8671,24057.22097914749,19041.72821367563,89698.02349728721,58488.33535158118,82809.52662624106,50344.56772659017,19002.94107889413,26301.58962403601,29925.73374631476,148417.826208573,120573.4250935575,62209.01040353086,45430.21867688964,43432.36191261154,143114.2797989472,71568.43230914428,46445.19175777429,45306.1575117677,102415.6816679688,40014.89646717231,4959.845769002532,21443.563479974,57926.93045806455,40606.52829897671,53166.71795491479,2466.389540233467,48379.99192284678,32441.0804863587,20599.72583262186,24633.55438959242,71499.27000186006
8672,25954.07251126374,20165.84584143672,91154.81871931319,57746.19266656467,81532.92900531455,50926.37902378405,19422.15349148961,25285.52159179635,32609.8337872986,153079.6837417952,136879.3724773359,61629.40186858366,48755.88007828096,46732.93806538817,148522.5139934971,71570.30598122778,48576.55938413678,52762.9855266339,115558.5690808943,40857.63977648468,5316.086894439893,23061.58328654335,65489.30716412795,45263.56044981106,58492.4895891401,2817.752817728407,52195.06030640643,31722.20600326503,20530.29832774728,23740.64572026669,71876.84809040258
8673,27346.27802619818,21563.81364893157,97333.62174444602,57793.33687678643,82246.71209430425,53135.24193596476,20647.05951785151,25643.3398209393,37299.94024650348,156962.5072852001,144104.4951723476,62326.9149354857,56084.4465182574,48871.80467032711,152876.5984225755,76890.83466830314,53590.40157832766,57657.12541686573,141703.335669131,49723.00996466323,6918.205864785587,26626.26971856086,76946.1885111691,47284.60532466468,61174.7728329478,3169.675618878405,55199.7592551456,32827.11259904969,19905.45076499882,23191.40044227551,71999.2874597539
8674,27855.85125118292,22254.48875045273,98287.84480624228,55388.58232861587,82100.04723605694,55338.21197319942,21489.45404632051,26009.39353290354,39482.11690514645,161776.2740255729,142234.9171871798,59881.58513188655,60748.96355670098,50654.74157819017,157153.1992243906,79547.57397381992,57564.85526454244,59193.17574600764,148366.6959098969,53830.95953926852,7937.640667626598,29055.34273343701,83691.51347687136,48459.48888203038,63234.08677465729,3234.427525525134,57190.75285944048,33116.91147578891,19407.88696792898,23472.29599515159,72087.9842326357
8675,28370.89337165003,22799.39033672982,103219.170103414,55394.55198612075,82973.6612074674,56444.50102868778,22136.98902258977,27535.93889869994,40438.78189913792,163179.5277614258,134871.6552685642,63227.27230155017,64142.61036196016,48143.43726483786,160835.1131768917,84514.37977691538,60266.96911331313,61098.71037775046,154338.6723459242,55028.06091507269,8414.29367006828,31441.54463764794,91862.57719051161,46643.7253045852,59170.43414762113,3319.911025215509,57384.00522224923,33707.479331494,19107.03443871556,23467.13386255444,72282.59801096929
8676,28378.62580419784,22421.35689124597,98594.02179025975,56264.78462280574,81478.55750941069,56437.71337881268,20244.83957499426,25378.54833105264,40732.06965756515,152794.2638928225,144307.4819121793,56451.59783113445,61729.61678590042,44385.58039827114,159062.5733813384,86831.0488850659,60380.61180908254,60382.26450465959,144874.0141996605,53087.60644801881,8414.302642723616,32880.78103687378,87076.33594291187,43837.0547966433,53152.85462496842,3191.948803361403,58785.55530836099,32749.17979513698,19107.03443871556,23870.37990806692,72331.35041661208
8677,27606.09634838263,22086.2175371094,97670.55303004326,53299.22541928005,79694.14977323996,55891.48339921701,20222.27236168242,24597.28574918825,41022.95037893633,142255.0330827884,147968.9696858606,58182.12950736507,61314.2899067047,44857.98590754976,159948.8665415508,87848.5114613422,62907.60525967159,58172.93472874987,139020.7699856522,51743.63355837512,8915.788378660853,34209.65339035544,87909.91217921561,43622.39143235166,53824.97589266796,2995.228419114438,59277.82694907091,32700.62725937357,19407.88696792898,24151.73645164351,72374.69089931328
8678,27103.25244518106,22327.86227309622,101143.7629778605,52625.94575173939,79195.30200378133,55881.46591564754,20661.84253451928,24946.10565493919,41288.74845039286,152650.3435364065,145554.7490155371,60648.37836494314,62665.36562377655,46192.45838139331,163482.406246079,86895.60289941453,62918.97173820253,57323.43181027093,149186.8337185739,53831.99715005216,8951.934154356726,34559.21882427159,89153.26751769273,45244.7458352273,54504.4785320291,2937.586022906166,60846.1488649169,32671.4186179924,19500.45697712516,24427.4958689921,72317.80738518863
8679,27100.8300424192,22299.12028026775,105897.4819267452,54002.4318084036,79674.17614524347,56192.20195874786,20661.82536199211,25295.65863688272,41178.86385571623,160101.1572783572,144155.7823599005,63860.02305364017,62665.34723115856,47110.8594498571,165267.496245307,86098.15876502212,62931.60299671227,56702.65440646052,150231.3707967057,53834.71973402347,8771.755259974097,34101.33619763639,90570.13025886874,46450.83399338622,56532.61619396139,2925.979753758856,61575.91392560744,32940.35268480716,19338.45946035765,24839.87860327943,72317.11716091221
8680,27617.19957947038,22408.40717555072,107943.3421081866,56080.63432621138,81390.35453751062,56714.3704761217,21073.87385949418,27205.07893697607,41174.19642068998,162280.1768378179,136457.9391673809,66764.27908496963,62919.91688148289,48976.2561699896,165270.1103000041,84917.50987721754,62824.26537165511,57492.86280874447,150347.3836811022,54807.0409925091,8295.966241358112,33842.72105134914,90547.2068907071,49251.81309783791,59850.18825342508,2936.11543094384,62984.13050561225,33575.69332583223,19164.89069412609,25863.94696888254,72334.94783819253
8681,28115.62731734036,22528.90028450432,108696.4762940288,61601.09816005568,84491.79771441339,56999.03524907107,21700.16565509465,29823.80959793973,40877.6495293171,165080.3900634905,124824.066594873,68080.59593010094,64635.06431057526,51578.58005863956,164380.0946985686,83269.92642130701,61895.08610004283,61576.44180104337,150231.3619357811,55925.51023772203,8295.149279904894,33642.97032496722,90570.13171560728,51176.93603693014,60527.97664439675,3059.237320281707,60649.08498338347,34791.82142082532,19222.74694953659,25936.72875961801,72562.39616921717
8682,28370.9000252166,22327.6505914864,109186.9278361226,66651.27597770182,87000.25844195312,56713.71062030051,21597.27595978485,30171.69462316703,39273.97093355395,165861.9659603596,123830.3630167612,67713.58837322691,62177.23777217545,52902.68650392791,160837.0675485612,83271.33155768976,56354.34345022662,62682.7845742493,138025.3334516734,55904.31894108808,8057.490866870501,32575.42671389529,86609.64627909807,50358.17132682692,57876.67351613611,3218.075078780902,59381.29143443908,33894.41738363533,19465.74322333951,26271.57360717522,72549.80332873644
8683,28370.92164247086,21949.28643330826,107251.6265471841,66079.7400932522,88183.73377893379,55889.01216575434,20455.81446250201,29128.00147109918,38809.56722508025,157649.6694915694,129142.3877284482,68563.92253776932,61677.05535916123,51606.03479112314,159949.2021272456,82232.78810226404,52379.92343949179,63194.3909245442,138122.4797675355,53416.3346137268,7092.938729791719,31231.86509489269,82408.94363223777,51113.95572850429,56511.85622531942,3320.535181923406,59595.25373738842,33702.43851991573,19396.31571576816,25528.56988808394,72629.7090124348
8684,28344.23190990459,21939.71137864036,103774.677077358,65323.04522059804,86400.51084485276,54742.84734917242,21076.64515289819,28026.08034729527,37846.18886883817,159831.3520012749,129142.3844050266,72158.262290301,62944.10981851153,47544.27434180516,161721.8034309238,85295.0100677194,57618.29996425556,61957.95450526303,140071.8217083895,55975.31508251209,8413.400824807415,30273.66721763011,82428.22220610199,51114.51411839421,57857.44515023447,3551.121724242664,60779.01472789389,32991.74809521055,19396.31571576816,25861.54941436837,72629.16795499813
8685,28113.86034977938,21873.37259252183,101654.2131990244,64350.27952853207,86085.20192842926,55879.19718741615,21030.34840347171,26357.11667927328,37191.46724296251,154258.2813115356,126210.827756193,69327.06868693377,64342.77522114065,45612.82240440136,161644.6216283464,86831.04803905843,64412.96170927565,59301.52872421165,140071.918411558,57180.92840040626,8884.81236046406,32270.66948506247,83808.3663034909,48032.96267660707,55383.03838869222,3563.069675945379,59373.18447725769,32724.66926836565,19014.46442951938,25251.07402029095,72570.93504470658
8686,26826.79174773811,21133.65994609561,99156.15575961942,61708.40998626054,84566.34371584005,57554.43100573921,19305.59850004577,23685.74492924557,36454.23260185074,153023.6407434601,120727.7702556021,66993.28270812453,64878.71604139359,41628.63624454415,159069.9879635557,86052.18340512957,61175.68411266964,54840.50232079477,135991.8068554783,57180.92468500799,9246.597407586996,32468.64586680345,78335.43521239095,42545.85689478848,50490.9373026153,3335.46723506806,56167.86155506646,32728.04488240308,18736.7544019308,24972.17239198581,72649.26820724997
8687,24805.45809989777,20034.76955613072,92012.67170996875,57341.15321939159,81581.30028018425,55718.71963986917,17589.76149270052,22211.55221028102,34492.51887024479,157523.9056140958,118759.7617450949,65050.35942980566,61449.49434220696,37683.24055810815,152898.0428312196,82865.94416756512,58278.62270047372,50017.52289392622,131905.1567214434,53416.80691855926,9140.566212931675,30565.49329108299,70160.74784092138,38940.65416068542,47924.61646976691,2977.915576949956,52752.40299299086,31286.11183768341,18299.12246677627,24706.35492713507,72817.78526197364
8688,23923.52939796768,19382.1094653719,86082.91971266252,56681.68311706033,79306.17212377767,52419.77704292326,16679.7954376698,19635.86045960402,30062.51148629026,165085.9089182556,148021.2708758338,64937.07451490095,51113.97327119637,34052.75573559889,149312.0367049274,72112.46439586971,51367.98286273262,46318.82693179244,139794.7736116415,44883.82004536227,7510.39400644445,25831.77942080412,63983.51229654941,31713.05777697388,46893.99643178999,2789.606473267364,46368.95034186854,32507.29727290742,19979.42330452943,24680.84744212874,73101.49454473553
8689,22662.75683124439,18398.06957918851,84157.64762409095,55595.8092350213,78433.99620429167,50482.68829274089,16111.69070898261,18580.30579842716,29489.61373793948,164061.8798527969,138933.1592599424,64368.56735563138,47450.19804704589,32204.46163370752,145945.9592032775,71748.84235973375,47783.87843068846,42188.39619899358,132482.097229177,42255.41304140523,6617.125365620902,24096.58065671616,59716.92170784414,29736.70537356095,44538.08692393084,2578.037770004964,44811.99651354146,30986.76901915817,19739.10824783854,25210.58503098422,72074.91675376419
8690,22161.96179446342,18112.59363709181,80424.8910505166,53979.95375450721,78263.52706431477,50053.98568052903,15413.04929346648,18186.55228241255,28142.95761596108,158401.3432837321,132143.9623337791,63256.90181338274,45870.92346251274,31931.71669209859,143688.444486106,72090.29270181464,46061.17260846891,41599.70973415786,124661.9274594893,38928.53930805818,5932.418962994013,22915.29669175293,56884.14864506394,29109.02969501561,43377.567707441,2471.26528208215,43422.54946103624,30884.18127200193,19361.39497068147,25025.00958669405,70627.37243430658
8691,21982.27540984412,17871.55861580103,78000.90142698839,54010.54601621593,78221.02396927105,50195.76888498523,15574.46162854837,17805.73965023418,27255.2703282178,154836.4990944126,126733.8193176709,62340.83538181546,43886.18636289734,31671.92877249888,141772.8154533067,71514.99177236696,44400.98213066125,40194.87983133121,116478.8516474576,36987.5104305842,5372.707947885288,22073.52006462033,53991.34439530149,28161.73126800768,42439.78092757363,2367.517837254255,43436.73680584465,30790.99222370713,19434.8982766748,25210.5372559952,70211.8428468377
8692,21471.89262902016,17590.8881979373,76765.2430971563,53709.99794606608,79149.41919739943,50188.36268230307,15724.96337751179,18166.14425887642,27238.68541193928,153361.5539302507,122209.0337989671,62336.58192447409,43343.39752467073,32991.7613748539,139094.6992905508,71331.45556462393,44232.56783844899,39693.23678792612,112413.0664376052,36020.73300800078,4975.142270516885,21476.33119849327,52571.83095548999,28170.92125249408,41782.56658102675,2267.827170363856,42744.50679319277,30433.83400544566,19389.5237674837,25387.19852646996,70207.19998273536
8693,21957.07054429036,17728.29893437619,76678.24804902796,53710.14075512948,80347.29178898947,50941.62009295711,16205.88764907635,19609.31777675869,28401.84777929373,153233.5637076114,119157.2879457818,62338.01538144542,43167.65800672639,35816.0151039705,142213.5547198179,71132.55834335147,45055.97248059154,38100.41771395376,107403.8271558731,35213.22830296839,4753.064561324463,20861.52934997445,52534.9628655846,29110.27535076793,43151.7619621753,2250.304883700259,43455.35094595879,31343.46377936207,20033.72951171159,25652.27745876612,69917.42108964734
8694,22990.55822317315,18145.96517297612,79520.96689393696,53815.0811569206,82161.41802132534,52742.43252801602,18190.1050737872,24094.91110173077,30254.60477946867,155203.8406889783,122206.1990227104,64895.01147662185,44971.66151922943,38289.24810410767,148243.3057814919,72497.53459054577,44986.16885846555,39668.50483499564,104303.2587425862,37126.35131604543,5034.978445017058,22553.82438949946,57450.97099520617,35029.17647063666,46851.26459299195,2268.665979614555,46311.23121419826,32789.70637820456,20444.50863071729,25740.452538076,70156.69751442876
8695,24222.96696652854,19420.72426737106,94103.77347029335,54979.80255288492,83626.02107335253,51964.93157529104,19228.59637790751,25419.95700728141,31026.47615139684,149840.159900335,113396.3508519682,69609.84470522347,49599.03747248405,40011.96861188345,151316.7713328878,73888.57397652045,49542.18565297876,49662.63526992936,100681.154361104,41200.61844291918,5448.653527998805,24584.75755944259,58289.80476981076,40211.75900004745,52831.562576631,2493.19283527976,50952.12486797633,33904.30712646965,20801.34322500905,25246.01647257946,70048.70873388414
8696,25701.04721983394,19988.49103031022,91583.86000142503,56682.72234012848,83279.83912389439,50278.62881915268,19658.39491131257,24574.6711716441,32385.24478418301,129527.8004428812,107031.1108581144,66109.40234709725,54543.27194387754,42790.42624949372,151543.913566369,80987.79348549247,52599.72711746729,48319.75243128646,97233.92687986283,43042.9922000944,5853.014670088821,26317.54808219749,64918.71623122076,46234.00571836164,58812.96325252837,2788.829931478774,52268.92359461035,33653.96417968253,19732.43533795817,24514.03277961634,70749.79472003918
8697,26806.30117640672,20903.62751633639,92308.14020540711,59653.34877558785,84107.19888104068,51582.44291194894,19704.47203362521,24661.18239912142,34875.77595695879,128497.6561698028,111647.2702661586,62305.62221457614,58346.25454513219,45191.33614129339,151543.9135501954,82683.71850518817,54169.57517088037,48871.72112005086,100842.5544656659,46350.35655783052,6891.575757601941,28172.64406218953,73818.59180612603,48087.43193267921,62388.15229779535,3104.546239501232,53164.20645831982,34288.56079787692,18872.25415681369,23739.92413112935,70922.24896297728
8698,27478.90652328599,21544.23248886072,93124.09262070537,57878.56486704176,84683.93667877003,52894.63429672864,19835.94002182291,25810.25862982723,37525.11003454778,132105.9505185265,119776.9792152889,61135.16978368425,60518.44201152779,46774.39227710525,150299.8257335554,81826.49466913633,55700.23439875568,48868.21785684557,110171.3396110147,48587.50916257393,7852.303002849834,30357.76789480578,80789.06564294164,46185.18736357915,63816.13079348099,3290.84878378714,53443.83839501621,33622.81225686146,18186.57434955653,23355.46221395861,71748.13579083882
8699,27806.41275202066,21741.57366037044,97249.02625890431,56681.68281509891,86421.42917275964,52550.08603136399,20308.89869021834,27136.4395746313,38197.96710297258,132733.4566477949,118868.7898337383,61290.5790616204,62664.62235578298,44772.22594503348,148428.2501409403,82563.88389415879,56729.99649547744,52815.3650049987,118498.9617268027,50794.11482556703,7784.965061586683,31610.62165819172,90488.63847387055,44246.18040576535,61631.16259466069,3343.848519936276,53851.64369906693,33904.4367411643,18206.68279215564,23442.92913929925,71511.33721942929
8700,27487.81576423283,21216.56624406292,89658.06379288116,56682.13255407378,85004.96834912918,51655.48844546321,19449.32554596426,25429.20606362365,37749.13545063428,129160.5661326596,113403.3399605035,55972.08783481045,58315.97169334326,43067.56436798992,139656.6090333882,85997.54522332693,55511.07051174327,50131.27746888679,122555.6854355079,50829.17500100091,7484.293996698379,31643.74539891706,84074.27475771542,42078.82951625905,55621.40035638241,3288.442847888748,53254.57521469058,33502.89769140403,18938.49881148781,23797.95149630528,71563.39002139561
8701,27159.26813196201,20496.64737307679,78451.81293062016,54235.13917943041,84052.33310685291,51238.66005434254,19575.35131311868,24282.3945670877,37709.67249049636,132919.380416306,108777.8921350071,54674.71010825215,55450.59058002142,41952.34673214444,140913.063425963,84491.02352842387,56747.24847906492,46318.76816205313,124453.0140684114,48946.49764501875,7559.679999018588,30151.28629295514,80977.28474552179,41580.30172909464,54909.46040187987,3035.463333113819,52916.02504646637,33307.37255056446,19314.08245179936,23444.97781396849,70517.45887895516
8702,26673.7929471644,20298.21103855392,81622.86267676167,53195.58947943329,84379.71807091814,50824.46705764226,18859.53470665983,24451.18171475087,37219.69624293402,133246.1685287614,103382.1141820076,55401.32705699288,56083.88549983009,38706.04496274654,145941.7675132592,82026.25108504429,56799.1275165897,45553.21746243478,128639.6000743968,49315.86650115135,7785.480599412408,29883.50658010306,82550.54267338688,41787.11884875411,54870.07910854205,3005.49695777814,53589.65930886951,33142.70776330449,19453.21224096229,23444.79311279448,69996.97592332614
8703,26354.3436639541,20251.57781167387,85457.4029832751,52632.53069801591,84837.4428535546,50956.18923013793,19448.18856623773,25043.58734195503,36545.77796378351,134612.4346522412,102379.4643732705,57630.67211193949,56033.05964218434,38274.81464299456,151591.5581515815,81869.86149123509,58451.11936218752,44787.45232465959,126611.5057934027,50793.34715615482,7854.249121432141,28859.39460567194,83955.33133581196,42391.13453841382,57046.77035697109,2942.700998380443,54974.57251411545,32666.04933505637,19360.49922277511,23975.08274297167,70331.84842791583
8704,27160.05418768626,20852.29031688258,89749.70001320698,53711.23592871318,85206.34138041784,52253.07504190815,20464.16145337812,26667.82060731599,36641.49303970502,138073.749449401,108843.2044849098,61134.0021750225,57616.52965834949,41859.99290788393,152786.2479338956,80078.6314507081,59147.42012449531,46827.17974604647,128640.1525273651,51172.71709794387,7919.68783774751,30227.91258951795,85383.97563151267,45527.25189889159,61320.93234596516,3006.209382950416,56255.07607482407,34676.50956446335,19329.20378293899,24936.69012792304,69087.69591261259
8705,28099.7869795905,21598.71896194545,97012.08116953146,57217.49508609009,87370.1399646296,54368.11230690194,21438.04839746912,30007.85090123986,38181.27179097974,143328.7511973622,115224.0822408632,63816.87941319575,61578.58138349233,47840.78261553489,158372.7688355699,81610.14884275051,61872.0431670619,52464.64550509983,129568.9261651397,54843.08782824077,8409.150173116937,31906.59776642597,88235.4846531109,48403.21124953619,64522.25367047029,3106.679451465343,57917.49090862418,35200.74888686874,19730.24375662079,26182.48244320547,69035.74092704101
8706,28793.43476940776,22534.08612791893,108871.9425912521,62752.48384408492,88735.31197137594,55941.70207149817,22355.30241664358,29231.88368176088,39446.871868159,146501.2565399157,119774.9052834153,65731.4825153378,64485.21029179193,50702.15579637041,165234.0149603667,88371.1207412709,61166.66176959797,55602.35627282348,135739.47642466,55961.47928262594,8610.355124263438,32847.72558328133,85558.82345310737,50626.11857219899,62793.64385301344,3206.023906291737,59108.07313154169,35564.63107576407,18969.68053758415,26010.31891342474,69612.04745594981
8707,29100.70720249262,22965.98532172518,108400.4257322588,66963.14137842733,88362.49262610987,56681.93158757829,21941.36331465185,29198.30338776225,39349.97451893827,145921.3846594755,118021.6344568776,71665.51742621152,63195.07704847746,51553.67654096963,158503.6610797308,86892.94616395114,63990.05313362933,61628.37434927046,139797.1713625473,57074.73446191412,9168.635373223316,33684.38383900122,81141.94945046629,49076.08218924864,62016.5474196122,3238.060129619096,62224.02372693281,35532.74191108321,19861.44211497565,26517.93623666708,71122.28911407129
8708,29100.70720436765,22569.00822843778,104791.2971289633,64515.95002449798,88472.75395170572,55686.10193969579,21456.95914859893,28087.89322420772,38583.76932179253,145342.8001911656,117825.7724447711,73460.21626774373,61054.11353556091,52083.43599501014,154540.827060879,85059.25269669366,62336.34811112742,62646.82746560741,138781.8641237966,57073.14347804097,9157.3138531111,33801.7304326022,82530.9539397731,46822.01927213279,59540.74186591786,3507.87458517814,60774.66435734037,35026.81310551507,19333.35438710857,25839.44486994716,73525.72372169296
8709,28775.73636734069,22563.32763643761,104836.5540155953,63975.81970947745,87066.29731629649,54902.00078385279,20440.8293841314,26377.90346105099,37708.09312920025,146411.8886811911,114633.7793869861,70552.64543268792,60320.3168071562,50538.61495791696,153410.0713500268,82705.93384521149,60569.67757767168,60640.50844686283,140808.8604096554,56220.78383221748,8885.805208378273,32533.08157567784,84519.04075966499,44289.37100270583,57041.57384596465,3541.157709406786,58169.8457677449,34128.75483327119,19052.61848352454,25476.01953635702,73790.82371222565
8710,27619.42767038962,22013.88901993639,102219.1857925046,62527.23349367208,85880.19038739862,57517.75988172626,19220.3463794732,23712.52589859114,35986.35654513403,146431.8435692137,107936.3845845891,67366.95154563566,58315.46969198246,45691.26952359462,150246.4437690138,79265.0384411591,55867.87851446318,56329.29919558219,143887.1554088981,54454.29782007348,8610.887794041104,30966.44837364023,75891.15707173217,39274.31178122477,52775.77042110898,3451.586554819035,54131.22262127819,34457.08623831234,18850.43072447994,25555.79171670789,73022.51699034584
8711,25712.14060930779,20752.29853620002,96615.52832269331,59158.40934903482,83537.4384684035,55360.65985027515,17567.79259862132,22007.97785777007,33783.66687033117,135691.6078706224,95285.87550029399,63878.21975802697,54886.81692801324,38710.18029562409,145804.8691980429,75827.41535488435,53224.04749441818,50931.70174628073,146685.3370954819,49420.11119275304,8060.632181526927,27969.27098995323,68271.31145093203,35825.52892595111,49565.24789236097,3078.728376398898,51630.54926181372,34512.09442449999,19785.28602861966,25483.07658952187,73290.29605248418
8712,24452.23026232384,19522.82564395715,86850.00626228932,56798.29290733955,79766.13370521225,51675.18061783208,16747.66342974842,19662.70262565177,29497.09372858235,167952.5136268396,144714.6147010125,66495.94377392562,50465.91495835293,33495.00101323921,150984.6833004303,72143.10859059363,51356.82634882367,46149.77938514516,137624.0341022577,44161.65613472962,7484.464966676058,25392.00934870675,63912.53199400657,31563.71051378058,46516.01394395312,2793.499143701014,46086.66099120796,32707.37020656339,19824.52011674743,24591.24124918029,73228.20441291816
8713,23115.01207118868,18528.33072469098,84759.24712331127,55681.8769829075,78833.00211688536,49627.92748466721,16161.17577122514,18620.56446963948,28880.52520603882,166831.3546836012,136329.3381990715,65858.58333789642,46796.16759557698,31578.60538135945,147687.0286470767,71779.68709193003,47778.33735535001,41826.88872534395,130008.7002340709,41672.69057024532,6574.501787535774,23617.70940318962,59629.48279519285,29668.24605617334,44185.51378623061,2575.497535677352,44525.65906621607,30951.54984334383,19576.76040958701,25106.69138691307,72643.98699660934
8714,22583.85185174153,18239.82171405625,80705.64090001037,54020.5728297593,78650.61902673868,49174.84408001472,15439.92747448893,18231.81571204758,27431.21635835601,160633.912235917,130065.1883010376,64612.28129372088,45214.31871372219,31295.81098506621,145475.4028278718,72120.94912422291,46058.33060312214,41210.77205736982,121864.8688121198,38522.31311834301,5876.998722458252,22409.80624070897,56785.78215302672,29066.25982257822,43037.51119612806,2465.478550350444,43132.59943646113,30833.08729256281,19187.3460623228,24926.12106241363,71820.2008113405
8715,22393.27037134277,17996.22579136596,78073.29688574724,54052.02555065151,78605.1454247957,49324.69065236504,15606.56284588904,17855.84335468802,26475.86256082389,156730.9400655737,125073.4422681449,63585.26784149723,43226.34639241081,31026.4510202064,143598.7131227138,71545.96547311034,44400.74124864119,39740.48325254495,113343.1113709264,36684.25910751853,5306.827117375808,21549.06091598304,53881.81875024112,28157.73232715789,42109.8387914367,2358.576586817696,43146.82366851836,30725.47782971885,19263.12640592256,25106.64490045414,71583.72616312
8716,21851.94106503204,17712.57336175117,76731.42735931181,53743.02405690297,79598.42544372704,49316.86325073228,15761.93458264114,18211.66708232895,26458.01341172913,155116.0953142231,120898.5840258711,63580.49923765191,42682.67278096868,32394.91366442382,140975.035497346,71362.5304855454,44232.59082153949,39215.46584705495,109109.0512006161,35768.77086322898,4901.831227940265,20938.4149228195,52456.82945851373,28166.54618491414,41459.71274322656,2255.854750591744,42452.79385040371,30313.05164101209,19216.34625296613,25278.54147361409,71581.08394536116
8717,22366.53723515855,17851.4440327065,76636.95463880661,53743.17088271318,80880.01638086546,50112.95924473146,16258.42076857503,19636.4973105,27709.84116700044,154975.9651288608,118082.8469537311,63582.10630406327,42506.64679873573,35323.22875467966,144030.4934047823,71163.74295604641,45054.7053845913,37548.42840155287,103892.489225099,35004.10564929562,4675.60304860262,20309.75905416219,52419.81914790437,29067.45449626134,42814.1408488372,2237.799685688413,43165.48620559659,31363.44085679622,19880.50866017754,25536.47101276065,71416.17303679719
8718,23462.68935727196,18273.54780925934,79724.0198073191,53851.0629110728,82820.93042674121,52016.18587777523,18306.84418886394,24065.07702146978,29703.82988404198,157133.1242689942,120895.9684789084,66448.78637936834,44313.59092806114,37887.58954186917,149937.6766580928,72527.96641914258,44985.0111281268,39189.58149376637,100663.5943016267,36815.73424905304,4962.785696828338,22040.18847733337,57354.79105185883,34744.10744612425,46473.74298374585,2256.719064465477,46028.79179318623,33033.48033086833,20304.01318641862,25622.26793888228,71552.34338443067
8719,24769.8239143094,19561.85071289574,95560.29370462942,55048.54406932618,84387.89340023388,51194.46758461239,19378.9393547636,25373.28108463278,30534.53936536459,151260.6945814924,112767.4357348103,71734.64446116796,48948.5097377888,39673.78474352721,152948.6673356737,73918.2386472039,49533.88972872831,49649.39450235665,96891.57804824051,40673.85461018154,5384.19206489936,24116.88694402055,58196.86067432709,39714.57777628928,52389.54125511638,2488.072827213663,50681.75182027587,34320.55848008265,20671.90205615414,25141.16721387826,71490.88781144345
8720,26337.52601605688,20135.64977226226,92823.78069654897,56799.36136031692,84017.51707462022,49412.26292277451,19822.64545817166,24538.73915662665,31996.88403473563,129021.6935295054,106894.4557797284,67810.25506467103,53900.80356104041,42554.61635719236,153171.1924090996,81013.542938189,52586.64075348611,48243.93922277062,93301.67651065963,42418.48732178794,5796.110421327717,25888.72438059945,64851.34352978534,45490.34660668305,58306.43032580381,2792.698990578175,52001.9742377326,34031.47654906731,19569.88078156607,24428.92571300392,71889.87037958791
8721,27509.79588896058,21060.50922010226,93610.31651382135,59853.54169648819,84902.7003353076,50790.22636729419,19870.21355998813,24624.15079317522,34677.26309010353,127893.8393468992,111153.6214512637,63545.78992242494,57709.98521597477,45043.9892467523,153171.1923932551,82708.53265561184,54154.02922864856,48821.62722761108,97059.65818994452,45550.39040347008,6854.081456842325,27785.62332056548,73785.55086890703,47267.91598548898,61843.05964288389,3118.014889228957,52899.58484649699,34764.27297156622,18683.052296993,23675.69540071887,71988.01274456686
8722,28223.18395675407,21707.92036611077,94496.40424104853,58028.83898404618,85519.74587075469,52177.04352967213,20005.93563494254,25758.62182364769,37528.55025722119,131844.3829548551,118654.6139896432,62233.58116737077,59885.71345762986,46685.37405698672,151952.3933680656,81851.78157831583,55682.29027783533,48817.96072773034,106774.5436505903,47668.85827671799,7832.763992441543,30019.98700119943,80782.91369560001,45443.52628445236,63255.6368655311,3309.982101803186,53179.94382923013,33995.50406364469,17976.13101377779,23301.60273233405,72458.0184986171
8723,28570.54818273202,21907.35820921449,98975.89716723571,56798.29259688498,87378.67030835903,51812.9004227918,20494.19846395739,27067.94649927922,38252.69778573896,132531.4084822516,117816.6600337178,62407.81243875099,62035.39218422212,44609.43667821518,150118.8616210796,82588.76413334394,56710.43898245145,52949.02759301352,115446.8298865703,49758.39977516843,7764.16755425014,31301.07272470443,90519.90316731573,43583.87880192733,61094.23435198689,3364.593334595074,53588.80943144844,34320.70815182973,17996.86238999039,23386.71060397161,72323.25827801696
8724,28232.6334001967,21376.77279756018,90732.45238678795,56798.75498553033,85863.21418462649,50867.42608121367,19606.81095379173,25382.41258191648,37769.65265325305,128619.6267864246,112773.884336021,56445.18587888189,57679.65300160823,42841.96579967016,141525.5232021967,86020.53179904936,55493.42276560983,50139.87336902173,119671.4535177842,49791.59994896509,7457.877166815269,31334.94287985936,84080.79568695303,41505.23302441915,55149.28960879536,3307.503011623197,52990.18856260421,33857.03347925559,18751.34912561874,23732.15772093444,72352.88112174481
8725,27884.16462626968,20649.20507440988,78562.96655513297,54282.9357770402,84844.00003658491,50426.89219775919,19736.91470642692,24250.17749997279,37727.18151578138,132734.9672510974,108506.1485729317,54990.67959868643,54809.6011723781,41685.65728592086,142756.437425761,84514.84095052752,56727.6639362869,46149.71787699428,121647.3089011674,48008.80181267207,7534.672078445361,29808.85251764855,80971.85886381971,41027.10893072615,54445.02818842998,3046.83146537101,52650.75816030896,33631.25206219809,19138.56786263502,23388.70402422844,71757.64986401875
8726,27369.25316198924,20448.66043262085,82006.58435661379,53214.14698074278,85194.26567071583,49989.14358652503,18997.93545796289,24416.81929816079,37199.85542327953,133092.7514460795,103527.6566715049,55805.29888311286,55443.9283948857,38319.74353644143,147682.9221622773,82051.4278286046,56779.46169170793,45348.49587786829,126007.1695781569,48358.57502592365,7764.69272710119,29535.03862395679,82551.18572150037,41225.4614608024,54406.07163681837,3015.953939966338,53326.1438790246,33441.10644282969,19282.00771320017,23388.52430459443,71461.44707233104
8727,27030.43440599103,20401.53174622066,86170.72314884591,52635.25121728147,85683.98046780612,50128.35694488235,19605.63718328091,25001.69522231004,36474.56579020443,134588.6088732289,102602.5474479145,58304.64530841693,55393.01968852541,37872.6242710274,153217.8685144644,81895.12448362177,58428.86525928438,44547.04944870939,123895.1364102505,49757.67283191755,7834.746482558418,28487.84918488892,83961.393434195,41804.75605907847,56559.28646992405,2951.248622426494,54714.65787346876,32890.68814408737,19186.42256530174,23904.5115946481,71652.02040359228
8728,27884.9983436597,21008.62658328743,90831.96521214137,53744.29685990916,86078.66101402685,51498.99808935943,20654.48527345439,26605.28385902725,36577.57702234136,138378.2318156806,108566.4099491197,62232.2721468006,56979.07084077761,41589.90062835258,154388.273627844,80104.88230606537,59124.07508402839,46681.81920732941,126007.7448960817,50116.91655630726,7901.408200675256,29887.20552056117,85395.54880459505,44812.51873409804,60787.35005057239,3016.688026959159,55998.49075717907,35212.25435078672,19154.15763310807,24840.18365086167,70943.98290816124
8729,28881.71084939457,21762.98573633847,98718.58542725739,57349.17549565894,88393.68572933301,53734.31986649085,21659.8855890374,29902.8610850652,38234.72982569993,144131.6741789813,114453.8183096416,65240.07913472251,60947.58091030469,47791.05620159468,159861.2363384269,81635.55506660526,61844.4292907914,52581.96610514395,126974.958672502,53592.56790818957,8400.018229514462,31603.71839480456,88258.05768058088,47570.77111927808,63954.1439477027,3120.21296309934,57665.22788739015,35817.61638546787,19567.62130786581,26052.37594004049,70914.41573098092
8730,29617.41724661976,22708.29080706774,111597.863011795,63039.84518869383,89854.26850229611,55397.40142410275,22606.82043187848,29136.75670698191,39596.80389906422,147605.0938867343,118652.7004466608,67386.56444824378,63858.94777050128,50757.85843253823,166583.0127087421,88392.79829062097,61140.15305808515,55865.88041055572,133400.8960337335,54651.62680332553,8604.983554206965,32566.05370112825,85571.07111137045,49702.69952201936,62244.17782260962,3222.578060424376,58858.90563686605,36237.80703664454,18783.49682136767,25884.85579987113,71242.38728294914
8731,29943.32082193573,23144.77875832482,111085.8168506447,67368.93459900585,89455.39311484895,56179.72861273232,22179.48694486569,29103.60323141762,39492.52027145456,146970.2207502016,117035.0199774203,74039.28467619262,62566.71154485219,51640.75398132302,159989.4679129625,86915.43892625325,63959.12083986167,62172.68445682879,137626.531091421,55705.82191145018,9173.697653166484,33421.56531643332,81137.15877200692,48216.10286708739,61475.4626599237,3255.588369097998,61982.95773724934,36200.98322585726,19702.88402212736,26378.78227344103,72101.85403478172
8732,29943.32082392445,22743.58394103896,107166.4650583037,64852.9118427269,89573.36051521571,55127.26502967039,21679.40826081075,28007.306807532,38667.90888534027,146336.7571377463,116854.3050833748,76051.34383416269,60422.25815329698,52190.03274741944,156107.1871168938,85082.75674053685,62308.00677952154,63238.59301428207,136569.2022561926,55704.31533196378,9162.16454211434,33541.55621254388,82531.52142325888,46054.29400282542,59026.35957929724,3533.606735108151,60529.83001773966,35616.76514443359,19158.43681764089,25718.59036751663,73469.62992968329
8733,29598.64572047553,22737.84299500422,107215.612007397,64297.58944762057,88068.60776431927,54298.57117252697,20630.39821701917,26319.05167104364,37725.48176314013,147507.2494236942,113909.1669168275,72791.63006451086,59687.26529917035,50588.29183157063,154999.4164758823,82730.73574388002,60544.10419829578,61138.78834310302,138680.0919850755,54897.17480775395,8885.581599162972,32244.31946692854,84527.27739845174,43625.30169860418,56554.1460051993,3567.901857638149,57918.2388718532,34579.73804686039,18869.00407789014,25364.96690904291,73620.49626723178
8734,28372.22545647077,22182.56681135446,104373.2675071152,62808.25929060353,86799.60478251222,57063.09138783548,19370.42240001878,23687.55208112987,35872.5008692498,147529.0970468941,107729.7195646889,69220.10908750918,57679.15018195989,45562.34298119996,151900.0965080883,79291.73799288101,55849.67173511551,56626.6956800259,141885.7916411163,53224.40386788411,8605.52617919364,30642.38356047828,75866.1111701093,38815.49829982919,52334.35083850231,3475.607225059875,53869.11526185823,34958.87665571839,18660.55280287598,25442.5875691851,73183.25890252649
8735,26349.29204158541,20907.57242963633,98287.94682114237,59344.68126014038,84293.1198287474,54783.31468812439,17664.39471080158,22004.66950059623,33501.90485569475,135770.1424311162,96057.54595530621,65308.84855704253,54244.90854084824,38324.03123819564,147548.8066031474,75856.01075497705,53209.9829690046,50977.59390144663,144799.7846380276,48457.28936022815,8044.986691272571,27577.66741461589,68216.87157171722,35507.86687089592,49158.4549754995,3091.412014676846,51361.94012481883,35022.39701005178,19624.36871845117,25371.83362777749,73335.64987883631
8736,24436.60117262119,19340.43408663823,86456.76987399235,56088.7259221127,79321.22446888534,51482.19023809653,16817.80477032768,20190.58888447448,28565.52509531042,133201.5695482024,105399.1274886223,61232.22136659954,52104.52710870341,33290.0367802925,150742.6325811655,78462.50142841088,52934.80388089733,44224.65263372393,113875.7835833648,46274.2250204657,8164.961264661662,27411.26475544328,65377.46553383508,31704.61678541686,44048.90370567826,2618.242583045628,46308.08937393857,31179.68716210239,18775.08059617532,24580.62933639189,74046.74822894092
8737,23376.32664303534,18638.10211129233,83705.1474559834,55800.95305908757,79121.43260783415,50013.45861935482,16192.88219309546,19335.65564947983,28579.07630370437,132863.9071594681,99146.23837325208,58189.64018298418,49154.4535204394,32059.75234745096,148637.5338277532,77491.83804982225,50697.82978129546,41911.98412056686,110031.5147581396,41555.01594639511,7171.375775165496,25514.8995858264,59809.24711477813,29485.72193583857,42443.32421063892,2486.357716887094,44715.14803299667,30734.54093712543,18379.83773141722,24458.77475528858,73140.63126632728
8738,22617.70207941088,18296.96558789925,82054.60170979495,55220.6645318318,79161.86089026992,49266.46467435033,16075.87536187508,18651.59700266183,27513.44974818448,130449.4656931637,96183.69582814217,57074.32734082729,46692.10392699108,30630.18646706201,146424.4070189642,75233.29955739313,50383.91191279119,39776.1663862919,105440.5988886667,39237.70707701112,6456.687003469046,23916.59399966429,55755.4253531313,29052.76775649828,42120.18318475316,2414.779274443111,42828.24856423231,30735.54561908129,18921.46684137115,24051.64741226264,72290.99476058356
8739,22164.31036723208,18039.06684222885,80436.39991700044,54560.92498175579,78834.96406832618,48997.66039795389,15638.38909983833,18310.89311286553,26808.38123200122,127861.8016648916,93570.31369684568,55218.35991600094,43254.63352982155,30123.15428447532,143278.0439899278,72636.75735041838,50100.4532728865,38746.39280505192,102388.6401261543,36897.12311973976,5120.525274644469,22829.52652544472,53071.89653135378,28158.47650430734,41483.44915442136,2294.365606181013,42270.08872197251,30816.2088603086,18994.65996396908,24139.10939291541,71683.53973500298
8740,22164.31518100437,17918.73877819322,77602.71449619843,53835.18768203008,78570.62328519407,48997.66041087506,15755.55787000191,17974.50034766847,26214.34423294068,126313.7432464324,94065.51238948452,54921.48250367375,42235.11814280414,30123.42730815158,141887.4529685068,72265.5318400621,47071.95601330727,38186.76933787943,94970.16237667586,34940.36060352307,4777.853700629714,21778.36405884182,51043.12004681242,28609.07100683484,41476.9271536367,2223.058822839562,42258.8845091125,30646.901134752,18672.61022522057,24028.63188776844,71458.84721229375
8741,22456.53312318428,17968.69658723044,78770.38381054049,53835.24502438033,79320.46793114615,49278.80261376347,17028.81554728236,19895.9538898153,26467.50200359803,128224.3259501954,98379.05277652643,57899.98539500211,41779.64610221707,34483.63377112615,144082.7202428259,71520.85821937233,46004.68618116211,37475.31016942172,93689.1480946962,34535.82287426164,4656.691032039553,20661.59583944598,51044.81977473049,30902.72041762849,44230.355904173,2219.536658820623,43660.59947609855,31085.89737612171,18965.38271561224,24587.86705398843,71501.67979131869
8742,23709.38434954008,18526.46908174637,86228.25432272186,55322.01828868983,82120.3621173118,50082.79919153506,18729.66802633613,25440.33331566956,26950.85953926194,135154.9849759467,102768.0487715184,65347.55365693119,43581.37012516971,38939.39443380706,146597.3795645736,71521.94987522314,44556.01473875995,39390.04417042351,92712.06717729697,36096.62945479872,4831.134442906859,20190.65924480086,54380.81047187081,37283.31231958016,50202.42215281088,2219.571680177925,45443.28968122372,32626.64937797002,19711.95257088734,24522.74604879471,71461.12317907558
8743,25502.94639488689,19425.7562610906,91096.87183750157,59469.02090517982,83908.9925882611,49549.77008466122,19468.07495415442,26133.9735510711,28540.37278732811,146241.6342988936,117150.8326154669,63765.40815298727,44237.95507552885,42707.91452598717,145742.0564093765,72264.88662001646,46792.11144066746,44831.6147885297,95539.51989260362,39227.79318815012,4778.59863488673,19885.07223383896,57168.72658014279,41612.61803008362,53068.84204088137,2447.873887059259,47920.52752916577,33569.29163746088,20765.9335390267,24715.27458710737,71835.68327599036
8744,27765.16415228257,20597.88514544692,92672.17587329235,58660.7172897488,82533.27890575519,50129.04140422327,19896.76849400251,25137.28542867475,31593.498225633,151445.6075840941,131526.5581923279,63054.08728965406,47558.40940230372,46302.60786828419,150834.0107897866,72266.71250705818,48945.99736389262,53115.05056695893,107981.4983776007,40014.77147385544,5140.293082116393,21531.36440207605,64762.72333693807,46694.42166201708,58166.25566600879,2825.787398700717,51808.6939927385,32551.75207694603,20678.10179395618,23883.03763027297,72775.98632783655
8745,29425.53239117955,22055.56039766101,99353.61825770115,58712.06433707312,83302.48068536661,52328.26122006727,21149.37763591985,25488.27883428122,36928.42729694581,155779.9549653752,137896.4046463875,63910.10573489685,54875.5013150572,48632.07072232789,154933.4633067768,77451.54952854739,54012.81173686407,58551.71792613115,132731.9670657975,48293.51276523199,6766.937211605667,25158.33814579958,76267.50856175502,48899.80759294555,60733.52818396097,3204.302713555178,54870.96405215987,34115.70544895375,19887.61606444002,23371.11268832318,73080.90368443321
8746,30033.25818243733,22775.73435117431,100385.4663977587,56092.92945269846,83144.42865007675,54521.61388712521,22010.82419978026,25847.35064374428,39410.62206079522,161153.5025994596,136248.1385612133,60909.0903906538,59532.71499776567,50573.88667680585,158959.9635289774,80040.53290178816,58029.25626823659,60258.04322001152,139039.9709426214,52129.63591004167,7801.977472742195,27629.85540673205,83041.03729538753,50181.85318239895,62704.54302759904,3273.947500001874,56900.10580877079,34525.90476553807,19258.15520941556,23632.92183873765,73301.79003552295
8747,30647.50627249611,23343.90877761674,105717.9500062846,56099.43129640247,84085.87070981163,55623.07328483834,22673.00416585913,27344.7795423139,40498.81481981792,162719.93720234,129756.5051589204,65015.06354749329,62921.04828189206,47838.79786872144,162426.5548791863,84880.66818176417,60759.91845425816,62374.81106206802,144693.4624468467,53247.52409513389,8285.927056122942,30057.75245149336,91246.2661212934,48200.4724137607,58815.13137207059,3365.890430935673,57097.06095623738,35361.83116226071,18877.55097054172,23628.11046477409,73786.4472104263
8748,30656.7281045274,22949.72945886794,100716.5505688877,57047.24389457257,82474.68596336892,55616.31526738695,20738.06087639593,25228.53782825832,40832.42545367093,151126.9969747961,138075.3627650961,56699.66043770212,60511.83279267972,43746.07513357456,160757.6752686262,87138.25430993548,60874.76180632357,61578.94539819089,135733.5536137348,51435.47110925229,8285.93616613125,31522.13725238839,86440.01248910274,45137.80333204853,53055.57314168484,3228.258937504987,58525.46524521965,34005.39452137466,18877.55097054172,24003.95658801337,73907.85795220868
8749,29735.39619031763,22600.27624546146,99717.95856165096,53817.30944344889,80551.73538162032,55072.46993026326,20714.98327118081,24462.17660921619,41163.29811727152,139362.1853753153,141303.4207367438,58823.44435691943,60097.1562015888,44260.57710549231,161592.1369759278,88129.76811311679,63428.45341446476,59124.70597150246,130192.4623534914,50180.43002018186,8795.098621282059,32874.22956871315,87277.07410095767,44903.56035734525,53698.87524756038,3016.673675230966,59027.16898731361,33936.67024882846,19258.15520941556,24266.19540554938,74015.79109078068
8750,29135.69590394275,22852.24166954873,103473.7106160382,53084.00788236553,80014.15667186702,55062.49617940282,21164.49499302694,24804.34332038712,41465.63962504894,150966.3404801161,139174.9842208084,61850.13247621532,61446.11650424467,45713.96557319014,164919.0311764336,87201.16197629087,63439.93998196326,58181.03356082333,139816.3708804508,52130.60486125939,8831.797714751277,33229.9031110308,88525.6281964405,46673.89095197931,54349.24222723534,2954.675618616154,60625.54051416653,33895.32652497519,19375.26420625456,24523.21741261075,73874.13101157008
8751,29132.80690475082,22822.27210127916,108614.13977998,54583.20564939224,80530.21098515143,55371.87566135928,21164.47743211692,25147.22912546791,41340.64746895849,159283.5907156282,137941.6206964897,65791.60285655037,61446.09814042449,46714.2061534864,166599.7270401878,86424.05539276445,63452.70469207731,57491.44145183106,140805.2028961703,52133.14728959167,8648.86065063169,32764.01970271847,89948.41516930946,47989.98733784297,56290.41756512065,2942.192339311081,61369.2881354389,34275.9924946122,19170.32346093341,24907.57940127134,73872.41210887623
8752,29748.63809465537,22936.22665859531,110826.4286121786,56846.67686949091,82379.6348420983,55891.76457990001,21585.84503401971,27020.2302173048,41335.33832831811,161716.0030093442,131155.0121870413,69355.83247531252,61700.2692044214,48745.8299852717,166602.1882219315,85273.51708672357,63344.23302497324,58369.24640305764,140915.0288245445,53041.12924412317,8165.788276898936,32500.88566184237,89925.39595322948,51046.44589877909,59465.73903583036,2953.093903598478,62804.48665073084,35175.29307051208,18950.74409313964,25862.06396330783,73916.81680494288
8753,30343.07158631093,23061.86604888909,111640.8295001767,62859.28194644155,85721.87655087037,56175.18660943871,22226.30137254144,29589.01268336111,40998.02047731551,164841.8460269436,120898.3030512736,70971.27389524308,63412.73118254211,51580.0492015625,165764.221766091,83667.95263991409,62405.23680089437,62905.50019105089,140805.1945077979,54085.58845190971,8164.958809439595,32297.64460440467,89948.41663213896,53147.16078047563,60114.46527052076,3085.519312113957,60424.70081790796,36896.67625549262,19023.93721573757,25929.90034805295,74483.24363502018
8754,30647.51420765399,22852.02094698106,112171.178777782,68359.67569953982,88425.09617805462,55891.10760477059,22121.08467005129,29930.26234539341,39173.85899271049,165714.3094299281,120022.229456317,70520.8662209854,60958.75292712583,53022.14791495417,162428.3949569319,83669.32194051683,56805.95517062057,64134.48378736159,129250.1123546041,54065.7994009465,7923.662332997078,31211.4473409202,85971.3714875787,52253.71591199739,57576.84450520526,3256.359405374845,59132.61588936992,35626.43488362358,19331.34833201349,26241.99302507122,74451.8830060675
8755,30647.53998876318,22457.49679074214,110078.4426918575,67737.18823038302,89700.45748791752,55070.00948531181,20953.80728234031,28906.47600915814,38645.60641108741,156547.0255459454,124705.4415209338,71564.43337980792,60459.35366273444,51609.95044895235,161592.4529361814,82657.26489265291,52789.5446705157,64702.80296249277,129342.0778667387,51742.44705964338,6944.344878796409,29844.40908716868,81753.10472880398,53078.43598972212,56270.54774074954,3366.561751100309,59350.67778686604,35354.69608469345,19243.51658353132,25549.47521744357,74650.87643423887
8756,30615.70935472078,22447.51278384784,106318.6469091389,66913.03512115874,87778.78369724155,53928.84840965163,21588.67900444526,27825.57230875127,37549.77729844491,158982.4104577295,124705.4385909232,75975.5638268722,61724.42426193886,47186.24302051263,163261.3904577999,85641.38973217853,58083.26562117942,63329.30451881036,131187.4615884431,54132.0976688202,8285.020543230317,28869.46820291368,81772.4639108564,53079.04531078302,57558.44061163499,3614.572216412485,60557.1200629739,34348.74074836752,19243.51658353132,25859.8293187789,74649.52900976065
8757,30340.96427041108,22378.3406568014,104025.6854449721,65853.54879630658,87438.99394404968,55060.23735561812,21541.33518351157,26188.44151450524,36805.04080559922,152761.2613172301,122120.9059106216,72500.9996050147,63120.89973774258,45082.67773403641,163188.722336638,87138.25348550416,64949.71423598333,60378.40739289649,131187.5531344409,55257.93455373598,8763.648423707857,30901.36495688258,83158.37871077344,49716.42319402177,55190.13126480966,3627.422996998003,59124.35359997819,33970.7008005298,18760.44197370272,25290.83474896143,74504.50845659133
8758,28805.98412187211,21607.03475643338,101324.4135665134,62976.16046434805,85802.21036354375,56728.15770916818,19777.57743389132,23568.02200589335,35966.446937111,151383.0474856612,117286.9071189255,69636.87570554003,63656.00142150377,40743.45730694144,160764.6562374677,86379.2525616799,61678.23419722458,55422.86521800508,127325.0335371715,55257.93108418868,9130.971658706158,31102.800665786,77662.56402560264,43728.83427736527,50507.79329683999,3382.622122235692,55857.61553974021,33975.47885414684,18409.11498318571,25030.88403914013,74699.58575062771
8759,26395.30685254246,20461.21056952437,93599.81433466497,58219.56917072524,82585.40576514114,54900.46039498505,18022.93415907267,22121.94720923194,33735.02560214361,156406.6369017297,115551.8622537542,67252.43555258398,60232.1489439873,36446.48400583224,154953.6536215087,83274.27331433992,58750.56479037672,50065.24663494222,123456.3240636832,51742.8881116734,9023.31734368884,29166.39347988637,69453.6963905137,39794.79823152461,48051.51096288817,2998.052614357669,52376.71556530941,31934.4773286765,17855.4730709111,24783.12844484419,75119.25284904556
